0.828
0.938
0.912
1.409
1.414
1.433
0.557
0.633
0.685
1.635
1.652
1.675
2.812
2.832
2.812
1.233
1.259
1.262
1.645
1.649
1.616
2.381
2.423
2.403
2.877
2.921
2.920
2.449
2.551
2.555
1.475
1.494
1.491
0.789
0.884
0.872
1.879
1.774
1.792
1.308
1.342
1.281
0.790
0.868
0.835
0.889
0.932
0.902
0.473
0.613
0.535
1.677
1.691
1.698
1.801
1.802
1.813
2.397
2.472
2.421
2.138
2.100
2.132
2.247
2.329
2.293
1.654
1.638
1.673
1.259
1.344
1.267
1.324
1.199
1.351
1.655
1.647
1.651
1.467
1.514
1.528
0.858
0.859
0.854
1.639
1.609
1.638
0.825
0.840
0.844
2.221
2.166
2.260
2.302
2.346
2.352
1.231
1.251
1.262
2.630
2.593
2.637
0.696
0.756
0.735
2.543
2.605
2.586
1.206
1.227
1.214
1.604
1.551
1.614
1.830
1.861
1.870
1.376
1.369
1.369
1.754
1.843
1.869
1.097
1.083
1.091
1.217
1.272
1.265
1.906
1.853
1.924
1.470
1.462
1.482
2.709
2.714
2.678
1.206
1.291
1.201
0.697
0.738
0.739
1.473
1.546
1.537
1.095
1.165
1.132
1.641
1.669
1.650
2.506
2.445
2.476
1.634
1.611
1.647
2.450
2.495
2.503
1.791
1.720
1.793
1.988
1.971
2.020
2.471
2.438
2.466
1.638
1.650
1.703
1.502
1.499
1.510
2.743
2.746
2.879
1.031
1.059
1.070
2.326
2.375
2.380
2.000
2.041
2.105
1.515
1.498
1.473
1.863
1.953
2.030
1.881
1.903
1.895
2.030
2.014
2.033
2.135
2.223
2.225
1.176
1.433
1.423
1.966
1.970
2.001
1.262
1.310
1.312
0.871
0.855
0.862
2.465
2.435
2.485
2.710
2.730
2.717
1.790
1.863
1.894
1.450
1.495
1.501
1.788
1.849
1.838
1.595
1.631
1.637
1.694
1.726
1.763
1.415
1.446
1.480
3.176
3.231
3.202
2.306
2.404
2.332
1.660
1.631
1.694
1.233
1.285
1.317
3.411
3.379
3.491
0.630
0.696
0.687
0.850
0.981
0.951
1.294
1.323
1.315
0.888
0.971
0.977
2.289
2.253
2.273
0.865
0.848
0.864
1.796
1.856
1.852
1.141
1.163
1.163
1.974
1.978
2.032
1.714
1.740
1.734
1.583
1.545
1.608
1.695
1.741
1.829
1.761
1.724
1.744
0.791
0.805
0.797
0.321
0.376
0.373
0.660
0.943
0.881
2.454
2.544
2.654
1.646
1.739
1.705
1.989
2.020
2.031
0.653
0.699
0.695
0.768
0.720
0.760
2.406
2.455
2.452
1.621
1.909
1.739
2.794
2.798
2.813
1.351
1.399
1.411
1.146
1.246
1.164
1.046
1.051
1.046
1.090
1.133
1.126
1.405
1.414
1.391
3.076
3.096
3.109
1.075
1.124
1.103
3.648
3.614
3.721
0.636
0.652
0.662
1.910
1.880
1.903
0.853
0.908
0.903
2.282
2.346
2.323
0.936
0.971
0.972
0.577
0.677
0.662
0.819
0.831
0.841
4.324
4.336
4.300
0.748
0.816
0.753
1.949
1.969
1.958
1.230
1.262
1.251
1.545
1.598
1.602
1.986
1.939
1.937
2.471
2.453
2.471
2.254
2.262
2.278
2.280
2.264
2.272
1.906
1.842
1.923
0.950
1.018
0.996
0.505
0.550
0.590
1.224
1.076
1.279
1.454
1.481
1.491
1.165
1.200
1.193
1.103
1.117
1.132
0.966
0.947
0.977
0.944
0.969
0.959
2.651
2.750
2.694
1.278
1.250
1.271
1.175
1.173
1.172
1.127
1.175
1.212
1.127
1.264
1.191
2.032
2.067
2.062
1.607
1.610
1.644
0.918
0.910
0.918
1.216
1.198
1.240
1.425
1.408
1.347
1.790
1.774
1.817
1.421
1.474
1.440
0.363
0.427
0.411
1.655
1.682
1.730
0.659
0.640
0.670
2.056
2.020
2.034
2.156
2.133
2.139
1.123
1.226
1.273
1.212
1.249
1.233
1.764
1.773
1.774
3.058
3.032
3.078
2.017
2.001
2.022
1.850
1.909
1.981
1.184
1.214
1.205
1.607
1.668
1.650
0.692
0.774
0.750
0.956
0.958
0.963
1.432
1.446
1.440
0.660
0.728
0.719
1.497
1.495
1.525
0.913
0.980
0.946
1.748
1.718
1.714
0.722
0.686
0.710
1.372
1.352
1.396
2.008
2.001
2.021
3.783
3.757
3.765
2.197
2.199
2.169
1.716
1.772
1.746
0.538
0.551
0.565
1.443
1.465
1.479
1.486
1.721
1.730
1.886
1.893
1.889
1.877
1.954
1.925
1.341
1.347
1.306
2.028
2.137
1.970
2.028
2.137
1.970
2.028
2.115
1.970
1.755
1.712
1.770
1.656
1.636
1.660
2.084
2.109
2.113
1.072
1.145
1.145
1.271
1.295
1.298
1.430
1.448
1.501
2.035
2.069
2.077
1.821
1.791
1.809
1.307
1.391
1.353
1.315
1.422
1.360
1.325
1.334
1.376
1.693
1.701
1.710
1.550
1.599
1.593
1.569
1.550
1.602
1.421
1.465
1.474
1.559
1.578
1.596
1.934
1.933
1.949
1.858
2.014
1.966
0.815
0.845
0.833
1.397
1.441
1.419
1.752
1.715
1.722
1.973
2.013
2.015
2.198
2.149
2.256
0.866
0.905
0.921
1.384
1.439
1.395
2.426
2.452
2.423
2.588
2.596
2.643
2.562
2.644
2.744
1.224
1.163
1.217
1.143
1.154
1.171
2.722
2.746
2.751
2.840
2.862
2.883
1.353
1.387
1.403
0.906
0.926
0.907
1.555
1.515
1.467
1.065
1.101
1.104
1.864
1.927
1.895
1.124
1.158
1.181
1.830
1.917
1.872
1.536
1.590
1.560
1.412
1.510
1.473
1.876
1.886
1.878
0.932
0.996
1.012
1.317
1.379
1.392
1.434
1.589
1.529
1.724
1.755
1.731
1.756
1.876
1.933
1.308
1.323
1.331
0.945
0.961
0.979
2.058
2.090
1.980
1.161
1.166
1.114
1.678
1.794
1.685
2.088
2.082
2.087
1.264
1.279
1.325
1.351
1.409
1.379
1.865
1.871
1.931
2.160
2.185
2.205
1.338
1.387
1.382
2.180
2.255
2.323
1.639
1.630
1.719
1.223
1.328
1.381
1.414
1.502
1.473
2.723
2.728
2.732
2.075
2.061
2.123
2.640
2.683
2.681
1.112
1.109
1.146
2.293
2.327
2.335
3.297
3.438
3.421
1.953
2.036
1.974
1.813
1.759
1.834
1.215
1.255
1.267
0.888
0.887
0.891
2.519
2.504
2.491
0.769
0.805
0.783
2.231
2.294
2.287
1.312
1.291
1.328
1.484
1.514
1.560
1.633
1.652
1.639
0.807
0.874
0.874
2.051
2.062
2.062
1.686
1.675
1.676
1.686
1.670
1.746
1.857
1.913
1.909
2.129
2.158
2.170
0.784
0.864
0.903
2.010
2.051
2.113
2.869
2.894
2.903
2.223
2.290
2.291
0.589
0.593
0.575
2.776
2.742
2.784
3.239
3.258
3.277
2.044
2.072
2.042
0.818
0.827
0.833
1.822
1.776
1.852
0.925
0.956
0.850
1.385
1.396
1.423
0.889
0.925
0.938
1.509
1.545
1.536
1.415
1.430
1.417
1.642
1.679
1.671
2.010
2.018
1.998
2.010
2.018
1.998
1.017
1.102
1.157
1.528
1.541
1.557
1.027
1.061
1.046
0.677
0.690
0.732
2.044
1.978
2.020
1.303
1.287
1.329
1.809
1.809
1.811
1.424
1.527
1.502
1.664
1.672
1.685
2.982
3.040
3.003
0.798
0.844
0.859
0.967
0.999
0.994
1.860
1.843
1.859
2.829
2.722
2.872
1.724
1.751
1.747
2.453
2.473
2.541
2.963
2.954
2.959
3.522
3.503
3.505
0.854
0.912
0.938
1.427
1.391
1.481
0.983
1.109
1.013
2.978
2.984
3.049
0.994
1.017
1.047
2.336
2.377
2.296
2.097
2.012
2.103
4.003
4.026
4.012
0.461
0.502
0.510
1.347
1.373
1.380
1.324
1.319
1.333
0.941
0.960
0.976
1.631
1.671
1.666
1.453
1.495
1.451
3.366
3.301
3.332
2.264
2.267
2.263
0.994
1.000
1.058
1.815
1.824
1.821
1.922
1.964
2.008
2.048
2.069
2.050
2.999
2.979
2.966
2.001
2.048
1.939
1.688
1.683
1.663
0.760
0.750
0.745
0.779
0.856
0.882
1.939
1.931
1.959
0.689
0.766
0.760
1.295
1.337
1.371
1.714
1.738
1.763
2.719
2.776
2.767
2.581
2.643
2.624
1.168
1.440
1.471
2.573
2.603
2.650
2.660
2.680
2.680
1.425
1.452
1.454
1.450
1.495
1.487
2.344
2.401
2.418
2.067
2.124
2.112
0.398
0.430
0.445
1.980
1.972
2.042
1.354
1.341
1.345
0.741
0.796
0.805
1.208
1.278
1.292
1.596
1.609
1.602
2.279
2.344
2.380
2.026
1.982
1.998
0.611
0.654
0.701
2.053
1.998
2.025
2.141
2.101
2.170
1.669
1.646
1.666
1.938
1.996
1.975
1.533
1.607
1.557
1.768
1.775
1.724
2.024
2.033
2.092
1.943
1.976
1.957
1.650
1.696
1.692
4.236
4.259
4.326
2.258
2.294
2.280
1.729
1.730
1.744
1.072
1.074
1.121
0.891
0.921
0.924
0.424
0.475
0.440
0.414
0.435
0.428
1.359
1.359
1.365
1.611
1.655
1.636
1.229
1.687
1.677
1.697
1.716
1.724
0.797
0.824
0.828
2.684
2.647
2.671
2.778
2.813
2.774
2.265
2.275
2.287
1.586
1.610
1.622
2.843
2.823
2.821
1.037
1.120
1.115
1.790
1.763
1.778
1.343
1.485
1.336
0.997
1.007
1.005
1.249
1.264
1.268
1.151
1.250
1.241
1.549
1.600
1.604
2.964
2.997
3.023
1.458
1.492
1.741
2.049
2.086
2.065
2.365
2.380
2.413
2.246
2.568
2.617
1.041
1.068
1.068
1.385
1.386
1.386
2.798
2.722
2.830
1.872
2.056
2.068
1.329
1.390
1.393
0.627
0.635
0.617
2.818
2.792
2.877
0.902
0.965
1.085
1.639
1.616
1.675
1.641
1.627
1.645
1.433
1.442
1.464
1.900
1.927
1.934
1.889
1.913
1.936
0.570
0.624
0.629
0.851
0.984
0.974
1.428
1.482
1.464
2.702
2.717
2.697
1.610
1.693
1.628
1.130
1.152
1.159
1.650
1.761
1.738
0.942
0.973
1.038
0.947
0.983
1.020
1.972
1.970
1.989
2.118
2.087
2.138
2.482
2.521
2.525
1.057
1.065
1.047
1.207
1.293
1.255
0.725
0.777
0.792
2.532
2.427
2.493
1.726
1.650
1.721
2.731
2.773
2.781
2.166
2.326
2.398
1.937
1.904
1.933
2.443
2.447
2.459
1.821
1.835
1.814
1.928
1.920
1.918
2.062
2.107
2.080
2.476
2.501
2.496
2.848
2.873
2.869
1.367
1.426
1.411
1.357
1.414
1.394
0.754
0.865
0.858
1.949
1.961
1.910
1.866
1.833
1.865
1.651
1.684
1.672
1.397
1.422
1.385
1.189
1.260
1.297
1.293
1.332
1.322
1.125
1.125
1.168
1.888
1.924
1.966
1.236
1.276
1.251
1.236
1.276
1.251
3.023
2.968
2.966
0.670
0.731
0.709
1.656
1.666
1.665
1.413
1.442
1.449
1.997
1.968
1.998
2.582
2.624
2.611
0.670
0.731
0.709
1.927
1.873
1.926
3.605
3.561
3.584
0.672
0.751
0.716
3.372
3.437
3.415
0.912
0.968
0.948
1.730
1.735
1.753
1.539
1.595
1.575
1.421
1.438
1.418
1.070
1.089
1.107
1.037
1.143
1.116
1.230
1.280
1.287
1.627
1.679
1.652
1.448
1.519
1.551
1.187
1.194
1.233
1.123
1.107
1.105
1.501
1.514
1.568
1.796
1.818
1.760
1.500
1.584
1.594
1.827
1.804
1.846
3.080
3.164
3.162
1.683
1.660
1.682
3.161
3.373
3.141
2.457
2.520
2.480
1.300
1.325
1.333
1.268
1.348
1.330
0.983
1.029
1.028
0.766
0.920
0.924
2.630
2.611
2.621
2.962
2.996
2.974
2.617
2.670
2.658
2.171
2.197
2.198
2.362
2.383
2.334
2.246
2.214
2.236
1.240
1.262
1.229
1.992
2.051
2.185
0.962
1.021
0.969
1.255
1.194
1.245
0.439
0.418
0.503
1.471
1.543
1.496
1.323
1.401
1.405
1.825
1.848
1.850
1.107
1.110
1.139
1.874
1.810
1.888
1.171
1.228
1.211
0.679
0.723
0.712
1.505
1.598
1.617
1.219
1.247
1.245
1.770
1.813
1.791
1.621
1.675
1.723
1.976
1.916
1.924
1.833
1.830
1.795
2.313
2.336
2.327
1.388
1.447
1.475
2.093
2.019
2.071
0.795
0.852
0.856
0.795
0.852
0.856
2.861
2.889
2.916
2.366
2.417
2.439
1.790
1.885
1.864
0.575
0.673
0.678
1.821
2.004
1.955
2.116
2.090
2.162
1.300
1.350
1.337
0.889
0.932
0.956
1.561
1.563
1.585
0.975
1.073
1.051
0.573
0.657
0.627
2.070
2.140
2.080
3.354
3.394
3.384
0.923
0.933
0.934
1.882
1.912
1.919
1.590
1.585
1.637
0.431
0.597
0.574
1.906
1.921
1.919
1.418
1.501
1.476
2.690
2.790
2.832
2.583
2.607
2.567
3.218
3.250
3.214
1.975
1.938
1.973
2.276
2.382
2.328
2.276
2.389
2.328
1.276
1.289
1.285
2.693
2.678
2.686
2.441
2.580
2.561
2.058
2.110
2.071
0.879
0.880
0.948
1.800
1.833
1.825
1.079
1.152
1.164
2.436
2.570
2.503
1.301
1.326
1.311
2.407
2.454
2.460
2.768
2.691
2.628
3.229
3.298
3.264
2.715
2.740
2.745
3.336
3.285
3.309
0.983
1.020
1.000
1.937
1.972
1.948
1.472
1.498
1.507
1.688
1.812
1.733
1.233
1.270
1.246
2.113
2.156
2.138
1.651
1.685
1.692
0.921
0.951
0.945
1.895
1.967
1.949
1.895
1.998
1.974
1.454
1.443
1.472
1.318
1.326
1.179
1.474
1.503
1.521
1.113
1.128
1.124
0.446
0.483
0.502
1.582
1.715
1.724
1.247
1.245
1.256
1.066
0.994
1.065
1.574
1.597
1.618
1.491
1.485
1.465
2.038
1.996
2.080
1.787
1.873
1.897
1.332
1.391
1.405
0.716
0.708
0.738
1.083
1.099
1.107
1.426
1.534
1.560
2.124
2.252
2.156
2.257
2.301
2.269
1.036
1.037
1.045
1.291
1.312
1.354
1.240
1.286
1.291
2.408
2.394
2.534
1.217
1.224
1.207
1.364
1.395
1.378
1.223
1.322
1.290
2.297
2.337
2.330
1.618
1.689
1.634
3.213
3.230
3.210
2.852
2.820
2.848
2.866
2.927
2.908
1.361
1.350
1.407
1.193
1.227
1.206
0.680
0.700
0.701
1.656
1.656
1.632
2.052
2.130
2.123
2.214
2.257
2.191
1.180
1.178
1.201
1.478
1.629
1.693
1.021
1.057
1.067
1.709
1.773
1.782
0.591
0.617
0.608
0.698
0.753
0.761
1.494
1.558
1.549
0.925
0.931
0.948
2.508
2.510
2.507
2.027
2.023
2.037
2.642
2.746
2.800
2.196
2.252
2.215
2.310
2.315
2.334
1.383
1.458
1.446
1.358
1.369
1.376
2.434
2.353
2.410
1.044
1.060
1.054
0.698
0.739
0.760
1.712
1.781
1.755
1.796
1.738
1.755
1.159
1.234
1.259
0.616
0.656
0.680
1.353
1.378
1.399
2.326
2.365
2.367
1.729
1.785
1.799
0.872
0.940
0.947
1.487
1.458
1.505
0.676
0.690
0.699
0.708
0.819
0.741
0.708
0.827
0.741
1.195
1.212
1.224
3.422
3.438
3.461
0.932
0.976
0.974
1.106
1.197
1.159
2.662
2.708
2.654
3.043
3.060
3.040
2.417
2.372
2.430
2.085
2.122
2.143
1.981
1.964
2.013
2.135
2.181
2.252
1.206
1.146
1.203
2.085
2.096
2.054
1.157
1.131
1.170
1.159
1.108
1.150
1.998
1.904
2.003
1.107
1.162
1.148
0.952
0.955
0.975
1.723
1.693
1.791
1.322
1.346
1.348
1.480
1.499
1.527
2.135
2.094
2.145
3.591
3.631
3.705
0.646
0.680
0.681
0.950
1.007
1.027
0.272
0.291
0.311
0.910
0.971
0.861
1.782
1.754
1.817
1.474
1.480
1.464
2.852
3.225
3.177
0.410
0.522
0.513
1.740
1.793
1.798
1.050
1.097
1.123
1.115
1.138
1.069
2.475
2.555
2.536
2.677
2.603
2.666
1.731
1.711
1.731
1.194
1.218
1.218
2.471
2.475
2.474
0.791
0.761
0.763
1.732
1.737
1.732
1.462
1.500
1.490
1.958
1.848
1.839
2.888
2.860
2.841
2.437
2.497
2.483
0.686
0.695
0.683
2.806
2.806
2.814
1.429
1.424
1.429
1.415
1.665
1.766
2.521
2.667
2.560
1.327
1.377
1.380
1.146
1.138
1.155
1.097
1.149
1.139
2.274
2.254
2.334
2.314
2.416
2.411
2.262
2.281
2.279
1.247
1.257
1.286
1.592
1.627
1.700
1.495
1.526
1.507
1.800
1.864
1.842
1.713
1.733
1.734
0.658
0.714
0.701
1.461
1.436
1.452
2.279
2.549
2.604
0.853
0.844
0.836
3.129
3.083
3.111
1.030
1.046
1.052
1.152
1.147
1.174
1.448
1.468
1.463
2.039
2.044
2.068
1.163
1.136
1.153
2.166
2.214
2.198
4.033
3.979
4.037
0.981
1.049
1.081
2.444
2.513
2.523
0.981
1.024
0.941
0.642
0.807
0.709
0.654
0.713
0.700
3.831
3.826
3.915
1.286
1.287
1.241
1.301
1.383
1.282
1.898
1.960
1.942
0.783
0.846
0.844
1.578
1.596
1.574
2.205
2.187
2.215
0.846
0.982
1.018
1.249
1.255
1.257
0.743
0.767
0.763
2.768
2.780
2.781
2.557
2.555
2.545
1.093
1.144
1.170
3.198
3.229
3.276
1.268
1.309
1.261
1.268
1.388
1.261
1.914
2.014
1.912
1.638
1.543
1.609
1.215
1.267
1.193
1.215
1.256
1.190
1.250
1.281
1.253
1.367
1.370
1.365
1.250
1.271
1.270
1.971
1.957
1.973
1.737
1.684
1.747
1.630
1.720
1.657
1.251
1.266
1.265
3.969
3.955
4.025
0.482
0.573
0.565
1.400
1.424
1.400
0.865
1.030
0.925
0.838
0.845
0.813
0.838
0.845
0.813
1.587
1.575
1.609
1.990
1.959
1.964
1.457
1.473
1.479
2.649
2.604
2.648
2.819
2.703
2.721
1.068
1.090
1.067
2.386
2.587
2.360
1.070
0.982
1.017
1.776
1.840
1.791
0.581
0.633
0.654
2.702
2.685
2.707
2.726
2.698
2.770
1.167
1.209
1.170
1.088
1.160
1.120
1.221
1.309
1.279
2.800
2.872
2.824
1.752
1.775
1.850
1.389
1.358
1.368
0.360
0.426
0.398
1.629
1.597
1.647
1.984
2.032
2.018
3.167
3.092
3.179
0.752
0.814
0.780
0.697
0.922
0.918
1.219
1.314
1.416
1.637
1.646
1.662
0.874
0.906
0.874
0.909
0.912
0.905
1.168
1.195
1.162
1.599
1.647
1.664
2.206
2.219
2.223
2.729
2.750
2.700
2.221
2.223
2.201
1.084
1.092
1.109
0.960
0.974
0.963
0.936
0.985
0.994
1.348
1.346
1.383
1.410
1.410
1.425
1.548
1.568
1.535
1.132
1.008
1.105
1.458
1.470
1.487
0.536
0.650
0.673
0.701
0.754
0.685
1.657
1.755
1.722
1.832
1.801
1.838
1.725
1.908
2.103
1.861
2.049
2.238
1.725
1.908
2.103
1.861
2.049
2.238
1.861
2.049
2.238
1.725
1.908
2.103
1.674
1.847
2.005
1.212
1.215
1.231
1.694
1.719
1.696
1.423
1.411
1.430
1.034
1.077
1.037
1.546
1.616
1.607
1.995
2.048
2.077
0.637
0.697
0.741
1.286
1.293
1.286
1.035
1.028
1.039
2.321
2.309
2.314
2.487
2.557
2.865
1.187
1.225
1.190
1.437
1.484
1.451
0.914
0.997
0.893
1.772
1.777
1.734
1.438
1.452
1.454
2.849
2.825
2.823
1.063
1.056
1.077
1.559
1.521
1.540
1.580
1.476
1.642
0.802
0.972
0.835
0.986
1.048
1.047
1.913
1.837
1.916
1.702
1.736
1.728
0.796
0.788
0.856
1.585
1.592
1.660
1.375
1.378
1.357
2.159
2.175
2.201
1.864
1.945
1.937
1.864
1.945
1.937
1.791
1.693
1.789
0.481
0.515
0.533
1.265
1.310
1.300
2.747
2.751
2.762
2.017
2.151
2.103
1.354
1.312
1.393
1.762
1.848
1.806
0.628
0.708
0.682
1.745
1.729
1.727
2.275
2.255
2.270
0.775
0.812
0.786
1.853
1.848
1.849
1.226
1.278
1.279
2.001
2.025
2.051
1.095
1.085
1.103
1.315
1.317
1.328
2.770
2.733
2.737
1.576
1.541
1.526
1.996
2.013
2.015
1.701
1.709
1.699
0.796
0.770
0.776
1.633
1.618
1.591
0.868
0.977
0.952
0.704
0.734
0.709
3.462
3.478
3.527
2.146
2.133
2.155
1.475
1.485
1.494
1.198
1.231
1.223
0.522
0.556
0.526
1.124
1.109
1.117
0.854
1.095
1.326
1.854
1.981
1.997
3.289
3.404
3.341
1.498
1.522
1.548
2.029
2.038
2.023
1.946
1.940
1.886
1.467
1.486
1.497
1.883
1.858
1.812
2.025
2.101
2.121
1.034
1.022
1.030
1.509
1.518
1.532
1.813
1.805
1.814
1.887
1.894
1.874
1.094
1.076
1.128
1.328
1.381
1.339
1.077
1.099
1.091
0.786
0.795
0.729
3.065
3.060
3.098
0.957
0.970
0.985
0.948
0.984
0.981
1.294
1.257
1.349
1.055
1.076
1.059
1.811
1.838
1.829
1.963
1.942
2.072
1.297
1.373
1.456
0.735
0.808
0.798
1.997
1.968
2.001
0.714
0.753
0.779
2.459
2.470
2.517
2.638
2.657
2.668
0.829
0.904
0.896
0.741
0.766
0.769
1.486
1.614
1.635
1.763
1.797
1.746
2.182
2.176
2.201
1.961
1.956
1.929
2.245
2.283
2.262
1.630
1.680
1.676
3.804
3.731
3.796
1.096
1.106
1.111
0.976
1.187
1.419
1.263
1.327
1.338
0.777
0.728
0.806
2.278
2.290
2.247
1.119
1.118
1.121
0.683
0.687
0.697
1.485
1.486
1.492
3.261
3.250
3.281
1.186
1.276
1.262
1.382
1.415
1.426
1.338
1.460
1.495
0.775
0.797
0.814
0.956
1.006
0.974
2.199
2.131
2.240
0.770
0.790
0.782
1.739
1.709
1.745
1.456
1.458
1.464
0.847
0.865
0.829
0.847
0.861
0.875
0.704
0.780
0.795
2.192
2.224
2.191
1.108
1.160
1.184
1.366
1.364
1.379
1.029
1.043
1.072
1.770
1.744
1.805
2.051
2.071
2.070
0.982
1.014
1.012
0.837
0.794
0.832
1.796
1.771
1.806
1.625
1.641
1.646
2.014
2.001
1.960
0.982
1.014
1.012
1.774
1.784
1.767
0.964
0.994
0.993
0.964
0.994
0.993
0.964
0.994
0.993
0.916
0.927
0.946
0.964
0.994
0.993
1.086
1.113
1.112
0.846
0.873
0.877
1.852
1.868
1.902
0.982
1.014
1.012
1.132
1.145
1.139
0.785
0.843
0.811
2.506
2.451
2.454
1.340
1.357
1.352
2.867
2.814
2.835
0.964
0.994
0.993
1.125
1.066
1.118
1.853
1.860
1.858
1.699
1.708
1.711
1.462
1.516
1.494
2.275
2.305
2.281
0.876
0.964
0.916
2.351
2.329
2.339
4.169
4.160
4.181
1.347
1.294
1.347
0.697
0.806
0.769
0.568
0.637
0.623
0.736
0.777
0.778
0.989
1.018
1.033
1.524
1.525
1.589
0.585
0.604
0.648
1.057
1.138
1.157
2.238
2.266
2.248
1.887
1.881
1.893
1.943
1.986
1.940
0.544
0.604
0.584
1.066
1.179
1.124
1.365
1.421
1.395
1.862
1.889
1.880
2.029
2.046
2.043
1.104
1.209
1.212
1.567
1.610
1.606
1.935
1.983
1.937
1.440
1.433
1.392
2.213
2.219
2.248
1.216
1.169
1.180
2.519
2.559
2.540
1.538
1.530
1.537
1.981
1.969
2.044
1.335
1.346
1.351
1.509
1.517
1.522
1.036
1.101
1.098
1.869
1.874
1.868
0.745
0.815
0.781
1.334
1.505
1.537
1.312
1.326
1.329
1.830
1.877
1.856
1.531
1.538
1.527
1.314
1.344
1.362
0.919
0.914
0.921
1.705
1.716
1.708
2.184
2.146
2.142
0.522
0.564
0.553
1.622
1.611
1.614
0.695
0.749
0.733
0.438
0.508
0.495
1.425
1.508
1.492
1.755
1.741
1.772
1.367
1.481
1.469
2.359
2.479
2.505
1.956
1.924
1.946
1.063
1.113
1.085
1.880
1.837
1.849
0.568
0.637
0.623
2.058
1.957
1.984
1.554
1.563
1.554
0.491
0.492
0.516
0.548
0.573
0.599
1.046
1.063
1.060
0.811
0.826
0.822
0.840
0.863
0.855
1.103
1.120
1.119
1.347
1.331
1.352
1.184
1.212
1.181
0.619
0.657
0.675
0.627
0.609
0.642
0.799
0.819
0.810
1.340
1.388
1.301
0.808
0.857
0.880
1.633
1.640
1.676
0.546
0.631
0.579
2.213
2.222
2.226
1.701
1.647
1.666
0.945
0.971
0.959
0.178
0.362
0.351
1.877
1.901
1.924
0.811
0.838
0.986
0.750
0.772
0.764
1.894
1.951
1.888
2.682
2.698
2.726
0.598
0.594
0.644
1.070
1.156
1.120
0.743
0.809
0.825
0.743
0.809
0.825
1.918
1.929
1.949
1.303
1.264
1.296
2.592
2.575
2.582
0.991
0.990
0.959
2.084
2.076
2.117
0.890
0.860
0.882
1.418
1.383
1.411
1.000
1.052
1.039
0.687
0.656
0.722
2.042
2.030
2.059
1.615
1.652
1.640
3.377
3.529
3.380
1.127
1.143
1.136
2.106
2.079
2.095
1.809
1.848
1.814
0.764
0.847
0.869
0.938
0.946
0.952
1.060
1.045
1.064
2.453
2.516
2.467
1.229
1.222
1.263
1.906
1.886
1.903
1.616
1.626
1.610
1.023
1.040
1.034
1.129
1.145
1.139
1.456
1.513
1.543
1.490
1.492
1.553
1.129
1.145
1.139
1.023
1.040
1.034
1.173
1.179
1.166
1.127
1.143
1.136
2.343
2.339
2.354
1.787
1.826
1.832
0.715
0.806
0.771
1.642
1.668
1.649
1.129
1.145
1.139
1.396
1.436
1.421
1.372
1.368
1.394
0.595
0.649
0.645
1.129
1.145
1.139
0.977
1.009
1.000
1.711
1.824
1.735
1.872
1.829
1.823
1.175
1.182
1.184
2.258
2.246
2.174
1.824
1.756
1.834
1.503
1.480
1.509
1.805
1.806
1.812
1.892
1.838
1.938
1.133
1.193
1.199
1.465
1.537
1.493
3.561
3.587
3.569
1.479
1.572
1.597
3.045
3.045
3.060
1.394
1.400
1.379
0.885
0.885
0.889
1.211
1.162
1.276
3.412
3.405
3.417
1.082
1.048
1.094
1.957
1.881
1.998
1.526
1.556
1.558
2.054
2.018
2.026
2.652
2.610
2.749
1.199
1.230
1.247
1.609
1.642
1.633
1.060
1.129
1.136
0.915
0.944
0.941
0.612
0.667
0.668
2.864
2.912
2.916
1.180
1.167
1.125
1.416
1.404
1.388
3.117
3.136
3.126
1.958
1.957
1.967
0.317
0.338
0.335
1.456
1.497
1.472
2.441
2.390
2.455
0.951
1.024
1.003
0.951
0.979
1.003
1.593
1.639
1.615
0.792
0.890
0.839
1.562
1.568
1.581
1.392
1.433
1.418
1.349
1.323
1.344
1.670
1.691
1.680
0.582
0.608
0.622
1.129
1.145
1.139
1.129
1.145
1.139
1.026
1.043
1.036
0.729
0.750
0.789
1.700
1.702
1.726
1.314
1.382
1.444
1.594
1.636
1.643
0.586
0.681
0.674
1.559
1.562
1.545
0.840
0.900
0.886
0.558
0.651
0.630
1.866
1.895
1.919
2.108
2.109
2.122
1.247
1.263
1.260
1.272
1.290
1.291
1.437
1.572
1.491
1.314
1.292
1.327
1.375
1.391
1.399
1.651
1.715
1.689
1.495
1.547
1.497
1.495
1.635
1.564
0.972
0.987
0.971
0.972
0.981
0.980
1.277
1.424
1.308
2.084
2.081
2.076
1.071
1.069
1.100
1.025
1.041
1.034
1.577
1.480
1.565
1.034
0.911
0.991
1.769
1.717
1.764
2.170
2.131
2.143
1.306
1.317
1.314
3.239
3.226
3.261
1.256
1.356
1.389
1.088
1.063
1.079
0.675
0.661
0.677
0.470
0.501
0.515
1.271
1.230
1.280
0.400
0.418
0.428
1.066
1.146
1.086
0.835
0.831
0.832
0.732
0.796
0.754
2.260
2.252
2.266
1.833
1.887
1.838
1.165
1.129
1.169
0.731
0.676
0.753
1.035
1.078
1.093
1.151
1.329
1.324
0.831
0.838
0.881
1.317
1.379
1.344
2.020
2.032
2.030
2.273
2.298
2.222
2.138
2.126
2.087
0.697
0.712
0.705
1.058
1.135
1.104
1.432
1.424
1.423
1.963
1.977
1.964
1.232
1.293
1.258
1.678
1.678
1.685
1.265
1.333
1.273
1.100
1.163
1.145
0.843
0.919
0.891
0.834
0.852
0.845
0.936
0.976
0.950
0.834
0.852
0.845
0.889
0.908
0.902
0.834
0.852
0.845
1.912
1.915
1.926
1.926
1.926
1.917
1.261
1.303
1.363
0.826
0.843
0.836
0.912
0.886
0.917
0.741
0.776
0.779
0.981
0.977
1.024
2.003
1.970
2.042
1.726
1.726
1.733
0.884
1.044
1.009
1.715
1.754
1.739
2.243
2.245
2.282
2.257
2.321
2.425
1.994
1.946
1.936
1.102
1.120
1.122
0.933
1.016
0.985
3.177
3.216
3.159
2.750
2.757
2.792
1.057
1.399
1.450
1.775
1.839
1.821
1.786
1.754
1.723
1.171
1.299
1.255
1.901
1.937
1.920
1.203
1.187
1.219
1.001
1.046
1.054
2.612
2.641
2.613
1.229
1.261
1.225
1.877
1.861
1.892
0.663
0.715
0.766
0.699
0.717
0.720
1.087
1.173
1.159
1.798
1.783
1.778
1.654
1.695
1.693
1.059
1.081
1.075
1.729
1.798
1.840
2.556
2.559
2.532
0.954
1.043
1.014
0.707
0.724
0.786
1.843
1.839
1.853
2.263
2.294
2.327
1.453
1.683
1.484
1.210
1.171
1.173
1.267
1.292
1.292
0.451
0.478
0.504
1.925
2.020
1.947
1.441
1.445
1.426
2.165
2.295
2.170
2.104
2.088
2.171
1.430
1.413
1.491
0.968
1.069
1.052
1.077
1.170
1.153
2.221
2.283
2.225
0.848
0.869
0.861
0.545
0.573
0.591
1.013
1.009
1.022
2.397
2.395
2.346
2.545
2.464
2.517
1.276
1.257
1.274
0.873
1.031
1.055
0.448
0.485
0.471
1.440
1.475
1.447
1.027
1.068
1.046
0.848
0.869
0.861
2.114
2.145
2.156
1.565
1.563
1.588
1.394
1.413
1.415
0.312
0.413
0.439
1.312
1.322
1.336
1.545
1.573
1.527
0.646
0.625
0.646
1.769
1.818
1.818
1.635
1.623
1.688
0.848
0.867
0.859
1.556
1.570
1.590
1.892
1.934
1.908
1.252
1.325
1.255
1.161
1.207
1.204
1.289
1.261
1.350
0.336
0.351
0.387
0.675
0.785
0.763
1.819
1.811
1.845
1.335
1.322
1.336
1.489
1.490
1.508
1.287
1.239
1.313
0.678
0.748
0.700
1.675
1.766
1.711
2.913
2.887
2.845
1.226
1.207
1.218
0.429
0.475
0.456
1.360
1.363
1.469
1.745
1.738
1.750
0.873
0.900
0.922
1.170
1.160
1.249
1.759
1.778
1.771
1.316
1.299
1.347
1.472
1.535
1.535
0.644
0.698
0.678
1.301
1.301
1.338
1.469
1.482
1.521
1.316
1.346
1.387
1.035
1.177
1.148
2.507
2.512
2.564
2.279
2.229
2.254
2.032
2.032
2.038
1.822
1.836
1.830
1.639
1.538
1.632
1.862
1.798
1.853
0.781
0.782
0.804
2.179
2.241
2.159
1.396
1.525
1.463
0.958
1.057
1.049
1.763
1.777
1.789
1.105
1.103
1.112
1.001
1.092
1.084
1.010
0.957
1.045
2.473
2.513
2.495
1.964
2.014
2.018
1.130
1.158
1.152
0.947
0.985
0.995
1.817
1.804
1.798
2.357
2.368
2.365
1.020
1.018
1.041
1.820
1.875
1.813
1.317
1.290
1.282
2.197
2.153
2.218
1.605
1.653
1.616
0.996
1.030
1.034
0.737
0.757
0.765
1.379
1.262
1.343
1.018
0.975
1.033
1.039
1.029
1.074
1.312
1.283
1.316
0.984
0.944
0.972
1.021
1.212
1.154
2.132
2.083
2.116
1.460
1.495
1.494
1.608
1.603
1.634
1.630
1.647
1.801
1.150
1.188
1.220
1.307
1.290
1.315
0.273
0.628
0.628
1.278
1.318
1.311
0.910
0.991
0.955
1.125
1.217
1.204
1.074
1.085
1.078
1.599
1.906
1.652
2.091
2.074
2.080
3.431
3.539
3.436
1.043
1.085
1.073
0.931
0.980
0.977
1.811
1.855
1.857
0.849
1.020
0.867
1.567
1.577
1.596
2.102
2.186
2.204
1.306
1.310
1.300
0.755
0.757
0.769
0.734
0.719
0.729
1.558
1.582
1.580
0.804
0.837
0.746
2.258
2.277
2.284
1.612
1.675
1.649
0.947
0.977
0.950
0.968
0.983
0.972
1.544
1.566
1.586
2.909
2.918
2.904
1.883
1.892
1.940
2.398
2.411
2.406
1.727
1.782
1.770
1.413
1.378
1.398
1.261
1.313
1.311
1.817
1.818
1.825
1.174
1.188
1.192
1.665
1.671
1.689
1.158
1.154
1.129
1.812
1.805
1.810
2.374
2.347
2.386
1.988
2.000
2.000
1.460
1.485
1.486
1.113
1.104
1.102
1.065
1.076
1.072
1.368
1.394
1.311
1.616
1.619
1.614
1.530
1.728
1.618
2.032
2.031
2.124
1.162
1.282
1.186
0.825
0.878
0.845
0.997
1.003
1.056
1.641
1.675
1.615
3.150
3.149
3.158
1.991
2.047
2.010
2.412
2.516
2.526
1.108
1.135
1.146
1.005
1.282
1.006
0.855
0.888
0.891
1.807
1.830
1.836
0.407
0.455
0.454
0.908
0.959
0.976
1.905
1.932
1.968
0.448
0.506
0.488
