0.929
0.974
1.027
0.923
0.937
0.997
0.934
0.985
1.017
0.946
0.961
1.006
0.817
0.868
0.901
0.797
0.823
0.860
0.921
0.959
1.022
0.928
0.926
0.997
0.902
0.943
1.002
0.915
0.920
0.989
0.905
0.955
0.997
0.912
0.925
0.982
0.780
0.828
0.886
0.761
0.791
0.845
0.873
0.917
0.967
0.875
0.881
0.943
0.910
0.952
1.001
0.920
0.925
0.984
0.882
1.020
0.943
0.886
1.009
0.918
0.901
1.006
0.926
0.897
0.988
0.901
0.886
1.014
0.914
0.898
1.010
0.900
0.879
1.018
0.917
0.913
1.037
0.929
0.848
0.943
0.910
0.843
0.931
0.882
0.768
0.859
0.792
0.753
0.844
0.759
0.858
0.952
0.894
0.834
0.927
0.848
0.948
0.980
1.040
0.937
0.947
1.006
0.952
0.991
1.026
0.951
0.961
1.003
0.828
0.871
0.900
0.806
0.827
0.858
0.931
0.969
1.027
0.936
0.935
1.001
0.915
0.953
1.010
0.924
0.928
0.992
0.920
0.962
1.006
0.927
0.937
0.994
0.796
0.838
0.894
0.771
0.797
0.848
0.892
0.929
0.978
0.881
0.884
0.942
0.922
0.957
1.002
0.931
0.933
0.986
0.903
1.032
0.953
0.897
1.015
0.922
0.912
1.012
0.928
0.905
0.995
0.905
0.907
1.027
0.925
0.910
1.019
0.907
0.896
1.034
0.930
0.923
1.047
0.938
0.860
0.951
0.913
0.850
0.933
0.881
0.775
0.859
0.791
0.756
0.845
0.758
0.875
0.965
0.904
0.845
0.937
0.858
0.933
0.981
1.036
0.927
0.954
1.010
0.936
0.993
1.022
0.947
0.974
1.015
0.819
0.873
0.897
0.796
0.829
0.858
0.920
0.968
1.024
0.933
0.943
1.011
0.902
0.951
1.007
0.917
0.934
0.997
0.910
0.968
1.007
0.913
0.939
0.992
0.786
0.842
0.895
0.769
0.812
0.859
0.879
0.925
0.973
0.872
0.888
0.945
0.914
0.962
1.005
0.923
0.939
0.992
0.887
1.027
0.948
0.897
1.020
0.939
0.904
1.013
0.930
0.898
0.993
0.909
0.890
1.023
0.920
0.902
1.014
0.909
0.879
1.028
0.923
0.915
1.043
0.939
0.855
0.952
0.913
0.844
0.935
0.886
0.770
0.862
0.792
0.752
0.844
0.765
0.863
0.963
0.903
0.840
0.937
0.863
0.941
0.990
1.051
0.938
0.949
1.020
0.950
1.001
1.041
0.953
0.967
1.018
0.831
0.884
0.919
0.806
0.835
0.872
0.933
0.978
1.044
0.934
0.936
1.013
0.916
0.963
1.025
0.926
0.935
1.004
0.921
0.976
1.023
0.923
0.937
1.003
0.796
0.852
0.910
0.782
0.814
0.870
0.891
0.937
0.993
0.881
0.893
0.954
0.924
0.972
1.024
0.932
0.938
1.000
0.902
1.037
0.968
0.898
1.012
0.936
0.913
1.019
0.941
0.905
0.993
0.913
0.902
1.029
0.933
0.906
1.012
0.912
0.899
1.038
0.941
0.922
1.037
0.941
0.866
0.964
0.933
0.851
0.939
0.896
0.781
0.871
0.808
0.769
0.856
0.782
0.871
0.971
0.913
0.844
0.938
0.870
0.930
0.976
1.022
0.927
0.948
1.000
0.933
0.988
1.010
0.940
0.962
1.000
0.819
0.872
0.891
0.794
0.826
0.851
0.916
0.963
1.012
0.927
0.936
0.995
0.900
0.943
0.994
0.913
0.925
0.983
0.904
0.958
0.992
0.913
0.934
0.983
0.773
0.823
0.870
0.750
0.784
0.828
0.870
0.914
0.957
0.870
0.881
0.934
0.909
0.955
0.993
0.921
0.936
0.983
0.885
1.024
0.939
0.886
1.012
0.917
0.901
1.010
0.924
0.893
0.992
0.902
0.890
1.023
0.915
0.902
1.018
0.906
0.885
1.029
0.920
0.914
1.043
0.933
0.851
0.948
0.908
0.843
0.933
0.881
0.767
0.860
0.787
0.744
0.839
0.752
0.858
0.955
0.892
0.833
0.930
0.850
0.942
0.986
1.032
0.926
0.942
0.993
0.946
1.000
1.022
0.940
0.957
0.992
0.823
0.876
0.894
0.792
0.820
0.846
0.934
0.979
1.026
0.933
0.936
0.996
0.912
0.958
1.003
0.917
0.926
0.980
0.923
0.973
1.007
0.914
0.927
0.977
0.789
0.843
0.885
0.763
0.797
0.840
0.887
0.932
0.968
0.868
0.880
0.926
0.922
0.968
1.003
0.921
0.926
0.974
0.897
1.035
0.953
0.889
1.006
0.917
0.905
1.013
0.928
0.895
0.985
0.897
0.896
1.027
0.921
0.894
1.002
0.896
0.891
1.037
0.929
0.906
1.027
0.921
0.856
0.954
0.912
0.839
0.928
0.876
0.769
0.861
0.789
0.747
0.840
0.755
0.869
0.967
0.903
0.828
0.926
0.846
0.962
1.009
1.060
0.965
0.978
1.039
0.970
1.020
1.053
0.988
1.004
1.046
0.838
0.892
0.919
0.833
0.861
0.895
0.957
0.995
1.059
0.966
0.965
1.041
0.931
0.972
1.029
0.953
0.954
1.023
0.941
0.989
1.033
0.953
0.967
1.026
0.812
0.860
0.916
0.810
0.836
0.896
0.909
0.952
1.001
0.914
0.920
0.983
0.942
0.985
1.031
0.962
0.968
1.026
0.925
1.062
0.984
0.942
1.058
0.974
0.927
1.037
0.951
0.937
1.029
0.942
0.923
1.052
0.947
0.942
1.052
0.944
0.915
1.060
0.954
0.949
1.072
0.965
0.874
0.970
0.931
0.883
0.968
0.923
0.786
0.878
0.806
0.779
0.869
0.786
0.887
0.984
0.923
0.868
0.963
0.886
1.006
1.052
1.078
0.997
1.013
1.052
1.021
1.067
1.081
1.034
1.054
1.079
0.888
0.935
0.944
0.866
0.894
0.905
1.007
1.043
1.078
1.013
1.012
1.064
0.990
1.028
1.060
1.004
1.003
1.050
0.985
1.032
1.054
0.989
1.004
1.043
0.881
0.926
0.956
0.852
0.881
0.912
0.952
0.991
1.022
0.937
0.947
0.985
0.989
1.031
1.054
1.004
1.009
1.047
0.974
1.097
1.018
0.986
1.098
1.003
1.008
1.108
1.026
1.029
1.114
1.028
0.984
1.101
1.005
1.018
1.122
1.015
0.978
1.108
1.005
1.032
1.147
1.040
0.949
1.036
0.991
0.957
1.041
0.980
0.879
0.962
0.896
0.873
0.958
0.875
0.944
1.033
0.973
0.925
1.014
0.937
0.934
0.982
1.029
0.939
0.960
1.012
0.941
0.994
1.019
0.957
0.981
1.017
0.824
0.878
0.900
0.810
0.842
0.867
0.934
0.977
1.030
0.944
0.950
1.011
0.911
0.958
1.007
0.930
0.942
0.998
0.916
0.968
1.003
0.928
0.948
0.998
0.787
0.841
0.889
0.773
0.814
0.857
0.899
0.943
0.988
0.888
0.900
0.953
0.914
0.961
0.997
0.934
0.945
0.992
0.885
1.022
0.943
0.904
1.023
0.941
0.904
1.015
0.932
0.913
1.006
0.923
0.895
1.023
0.922
0.919
1.030
0.928
0.887
1.028
0.930
0.927
1.047
0.951
0.857
0.955
0.916
0.857
0.946
0.898
0.772
0.866
0.796
0.768
0.858
0.779
0.863
0.963
0.902
0.848
0.944
0.873
0.946
0.985
1.022
0.948
0.965
1.008
0.949
0.994
1.010
0.964
0.981
1.007
0.829
0.873
0.886
0.819
0.844
0.859
0.933
0.975
1.012
0.948
0.952
1.003
0.917
0.956
0.995
0.937
0.944
0.992
0.922
0.965
0.991
0.933
0.949
0.988
0.802
0.847
0.882
0.792
0.824
0.857
0.892
0.929
0.963
0.894
0.903
0.946
0.925
0.965
0.992
0.940
0.946
0.985
0.902
1.032
0.944
0.900
1.019
0.924
0.913
1.012
0.925
0.919
1.005
0.919
0.905
1.022
0.919
0.917
1.024
0.915
0.900
1.032
0.926
0.934
1.057
0.950
0.863
0.952
0.906
0.866
0.951
0.893
0.780
0.864
0.792
0.774
0.860
0.776
0.870
0.961
0.895
0.858
0.955
0.873
0.940
0.991
1.043
0.936
0.955
1.014
0.943
0.999
1.025
0.947
0.966
1.007
0.825
0.880
0.905
0.807
0.834
0.868
0.934
0.981
1.035
0.942
0.948
1.014
0.914
0.964
1.014
0.922
0.933
0.997
0.920
0.977
1.014
0.923
0.944
0.999
0.805
0.860
0.907
0.783
0.818
0.866
0.887
0.936
0.979
0.881
0.894
0.949
0.919
0.968
1.009
0.932
0.938
0.995
0.898
1.030
0.957
0.904
1.020
0.941
0.908
1.013
0.931
0.912
1.001
0.920
0.900
1.022
0.926
0.907
1.012
0.912
0.892
1.028
0.929
0.927
1.041
0.944
0.870
0.963
0.927
0.871
0.957
0.912
0.779
0.866
0.801
0.767
0.851
0.777
0.872
0.969
0.910
0.845
0.941
0.868
0.944
0.934
0.953
0.947
0.961
0.953
0.956
0.942
0.936
0.960
0.956
0.936
0.950
0.939
0.929
0.962
0.972
0.938
0.942
0.941
0.933
0.975
0.994
0.966
0.904
0.889
0.918
0.903
0.897
0.915
0.815
0.805
0.800
0.805
0.806
0.787
0.911
0.897
0.907
0.894
0.894
0.888
0.965
0.953
0.960
0.960
0.972
0.953
0.971
0.957
0.943
0.966
0.963
0.933
0.971
0.960
0.937
0.970
0.979
0.935
0.965
0.959
0.943
0.985
1.002
0.962
0.924
0.907
0.922
0.914
0.911
0.910
0.829
0.814
0.804
0.807
0.807
0.778
0.928
0.911
0.912
0.900
0.898
0.880
0.819
0.819
0.813
0.844
0.861
0.839
0.837
0.835
0.811
0.854
0.856
0.830
0.825
0.826
0.796
0.844
0.860
0.820
0.822
0.831
0.805
0.860
0.885
0.847
0.789
0.783
0.785
0.811
0.815
0.814
0.729
0.730
0.711
0.737
0.747
0.721
0.805
0.801
0.788
0.803
0.809
0.788
0.949
0.928
0.960
0.951
0.960
0.966
0.950
0.927
0.930
0.945
0.942
0.926
0.953
0.929
0.929
0.951
0.960
0.933
0.941
0.928
0.932
0.965
0.980
0.964
0.907
0.882
0.921
0.889
0.888
0.907
0.815
0.798
0.801
0.791
0.794
0.781
0.915
0.892
0.913
0.883
0.885
0.883
0.933
0.912
0.933
0.917
0.928
0.923
0.950
0.925
0.925
0.934
0.927
0.911
0.943
0.922
0.917
0.936
0.941
0.913
0.931
0.922
0.920
0.948
0.963
0.944
0.904
0.881
0.914
0.880
0.876
0.896
0.808
0.795
0.792
0.782
0.782
0.768
0.904
0.884
0.896
0.871
0.869
0.864
0.943
0.932
0.953
0.941
0.952
0.950
0.942
0.930
0.922
0.939
0.936
0.913
0.939
0.928
0.916
0.942
0.952
0.914
0.933
0.930
0.923
0.956
0.976
0.945
0.896
0.879
0.909
0.888
0.885
0.895
0.805
0.795
0.792
0.787
0.788
0.767
0.901
0.886
0.896
0.875
0.874
0.864
0.788
0.792
0.794
0.804
0.821
0.805
0.830
0.815
0.804
0.839
0.829
0.811
0.797
0.798
0.768
0.822
0.833
0.795
0.793
0.801
0.779
0.833
0.853
0.822
0.765
0.758
0.771
0.777
0.772
0.790
0.695
0.694
0.671
0.688
0.687
0.662
0.769
0.761
0.753
0.758
0.758
0.746
0.899
0.885
0.903
0.909
0.920
0.919
0.905
0.887
0.884
0.914
0.910
0.898
0.896
0.883
0.871
0.902
0.910
0.884
0.894
0.887
0.885
0.922
0.941
0.922
0.851
0.833
0.859
0.863
0.859
0.877
0.777
0.767
0.763
0.780
0.781
0.768
0.856
0.843
0.851
0.844
0.843
0.846
0.938
0.918
0.932
0.925
0.933
0.919
0.952
0.930
0.925
0.945
0.939
0.915
0.943
0.925
0.914
0.944
0.951
0.915
0.940
0.928
0.922
0.957
0.970
0.941
0.903
0.881
0.905
0.890
0.885
0.892
0.812
0.795
0.791
0.793
0.791
0.770
0.906
0.885
0.892
0.878
0.877
0.864
