1.216
1.318
1.128
2.205
2.197
2.064
0.594
0.849
0.812
1.819
1.842
1.781
2.888
2.918
2.834
1.221
1.348
1.289
1.054
1.238
1.089
2.651
2.732
2.587
3.011
3.059
2.984
2.890
2.934
2.714
1.571
1.611
1.489
1.423
1.491
1.173
1.316
1.702
1.441
1.627
1.897
1.566
1.390
1.489
1.251
1.377
1.412
1.217
0.847
1.021
0.712
3.171
3.206
3.001
1.417
1.583
1.540
2.821
2.908
2.571
1.640
1.702
1.631
2.388
2.475
2.284
0.883
1.061
0.990
2.540
2.535
2.179
1.067
1.469
1.313
1.508
1.540
1.497
1.460
1.698
1.536
0.896
0.888
0.854
0.921
1.105
1.027
1.262
1.325
1.229
0.924
1.069
1.065
2.177
2.194
2.105
1.134
1.243
1.187
2.170
2.161
2.114
0.749
0.929
0.708
2.997
3.074
2.874
1.133
1.301
1.255
1.216
1.392
1.212
2.330
2.279
2.102
1.048
1.144
1.018
2.369
2.491
2.270
1.141
1.156
1.125
1.297
1.538
1.317
1.857
2.147
2.075
1.100
1.289
1.156
1.570
1.700
1.599
1.513
1.655
1.298
1.237
1.291
1.151
2.023
2.113
1.893
1.098
1.251
1.180
1.584
1.751
1.661
2.387
2.524
2.442
1.532
1.727
1.632
2.681
2.731
2.671
1.650
1.875
1.714
1.406
1.683
1.509
2.144
2.307
2.203
1.580
1.681
1.504
1.378
1.399
1.333
3.174
3.162
3.220
1.063
1.278
1.139
2.388
2.477
2.380
2.272
2.237
2.131
1.487
1.559
1.273
2.595
2.594
2.595
1.802
1.849
1.681
2.019
2.031
2.026
2.537
2.578
2.414
2.084
2.249
2.138
1.950
2.008
1.957
1.259
1.406
1.354
0.834
0.850
0.810
2.400
2.505
2.481
2.571
2.576
2.502
2.535
2.586
2.538
1.997
2.043
1.958
2.492
2.559
2.349
1.573
1.692
1.647
1.957
1.978
1.909
1.792
1.806
1.724
2.887
3.035
2.974
2.788
2.774
2.536
1.680
1.657
1.525
1.672
1.690
1.550
2.116
2.325
2.319
1.202
1.234
0.828
0.870
1.315
1.064
1.387
1.479
1.330
0.834
1.084
1.032
1.588
1.744
1.566
0.923
0.922
0.874
2.681
2.705
2.621
2.058
2.095
1.992
1.266
1.419
1.332
1.807
1.857
1.730
0.974
0.990
0.737
1.683
1.973
1.888
0.913
1.119
0.983
0.845
0.933
0.853
0.301
0.511
0.396
0.639
1.182
0.992
2.387
2.527
2.584
1.770
1.952
1.845
2.828
2.810
2.631
0.689
0.837
0.747
0.801
0.864
0.881
2.377
2.547
2.468
0.777
1.479
0.979
3.268
3.268
3.209
0.868
1.097
0.986
1.297
1.697
1.132
1.284
1.352
1.026
1.074
1.386
1.142
2.274
2.339
2.110
3.256
3.260
3.215
1.066
1.243
1.130
3.571
3.568
3.746
0.637
0.686
0.683
2.000
1.851
1.743
0.877
0.995
0.928
2.322
2.320
2.171
0.986
1.084
0.979
0.708
1.247
0.613
0.963
1.023
0.930
4.224
4.247
4.234
1.413
1.419
1.236
1.949
2.067
1.920
1.264
1.378
1.310
1.847
1.831
1.710
1.993
1.981
1.957
2.408
2.641
2.524
2.289
2.338
2.319
1.985
1.996
1.963
1.724
1.879
1.837
1.530
1.626
1.457
2.476
2.657
2.571
1.103
1.477
1.491
2.426
2.418
2.377
1.173
1.302
1.247
1.160
1.309
1.203
0.978
0.958
0.852
0.960
1.102
0.973
3.400
3.573
3.423
1.346
1.267
1.291
1.166
1.240
1.035
1.757
1.838
1.568
1.757
1.982
1.542
2.368
2.384
2.209
1.640
1.684
1.527
2.432
2.355
2.226
1.727
1.638
1.639
2.066
2.122
1.962
1.612
1.654
1.621
1.638
1.706
1.538
0.389
0.564
0.468
1.582
1.741
1.712
0.487
0.784
0.625
1.049
1.059
1.065
2.007
2.179
1.999
1.199
1.240
0.809
1.170
1.389
1.177
2.892
2.864
2.787
2.457
2.601
2.554
1.554
1.699
1.615
1.878
1.988
1.972
2.112
2.259
2.161
2.447
2.442
2.154
0.960
1.081
0.796
1.047
1.118
0.968
1.427
1.502
1.353
1.370
1.474
1.154
1.037
1.068
1.040
1.831
1.892
1.719
1.079
1.303
1.152
1.174
1.114
1.057
1.384
1.501
1.335
2.010
1.995
1.947
3.176
3.181
3.180
1.290
1.594
1.310
2.279
2.324
2.178
0.434
0.435
0.436
1.860
1.916
1.825
1.340
1.808
1.619
1.838
1.935
1.864
1.916
2.276
1.948
0.833
0.995
0.889
1.859
2.234
1.908
1.859
2.160
1.908
1.859
2.133
1.908
1.546
1.755
1.695
1.485
1.663
1.532
2.114
2.263
2.183
1.223
1.463
1.249
1.857
1.820
1.730
1.181
1.334
1.279
2.144
2.203
2.182
1.932
1.881
1.876
2.883
2.870
2.686
2.978
2.961
2.779
1.299
1.488
1.377
1.908
1.931
1.826
2.312
2.401
2.270
1.432
1.417
1.410
1.484
1.506
1.345
1.547
1.706
1.619
1.970
1.997
1.909
1.926
2.292
1.803
1.112
1.130
0.963
1.935
2.039
1.878
1.653
1.859
1.714
2.278
2.321
2.221
1.353
1.681
1.462
1.497
1.522
1.363
1.143
1.394
1.369
2.361
2.457
2.373
2.827
2.841
2.843
2.720
2.868
2.929
1.249
1.405
1.310
1.216
1.238
1.246
2.396
2.516
2.502
2.794
2.871
2.890
2.408
2.411
2.410
0.951
1.073
0.944
1.229
1.230
1.152
1.416
1.432
1.374
2.869
2.937
2.640
1.388
1.372
1.299
1.830
2.024
1.927
2.071
2.177
2.049
2.121
2.151
1.806
2.111
2.112
1.806
1.626
1.693
1.443
1.676
1.724
1.359
1.832
1.874
1.699
2.143
2.192
2.011
2.291
2.440
2.180
1.672
1.758
1.651
0.496
0.612
0.525
2.187
2.293
2.147
1.287
1.308
1.178
0.690
1.496
0.858
1.834
1.948
1.865
3.187
3.369
3.173
1.692
1.720
1.516
0.943
1.244
1.152
1.158
1.274
0.987
1.756
1.800
1.661
3.231
3.258
3.201
0.623
0.740
0.755
1.160
1.306
1.396
1.421
1.597
1.496
1.933
2.015
1.976
1.725
1.904
1.889
2.419
2.575
2.493
1.357
1.437
1.263
3.155
3.156
2.998
3.202
3.495
3.519
2.847
2.875
2.695
1.588
1.659
1.705
1.164
1.302
1.280
1.215
1.212
1.108
1.805
1.915
1.768
1.612
1.588
1.482
0.942
1.188
1.068
0.885
1.034
0.920
1.426
1.667
1.562
2.063
1.983
1.991
0.823
0.991
0.932
2.045
2.097
2.056
1.453
1.539
1.466
1.942
1.844
1.782
2.120
2.170
1.998
0.922
0.986
0.815
0.770
1.049
0.982
1.977
2.303
2.183
3.138
3.155
3.094
2.230
2.372
2.277
0.806
0.936
0.583
0.583
1.005
0.759
2.078
2.275
2.072
2.205
2.273
2.211
1.590
1.658
1.421
1.530
1.539
1.559
1.394
1.509
1.286
1.312
1.314
1.231
0.931
1.040
0.983
2.056
2.128
1.992
1.695
1.732
1.671
1.329
1.432
1.354
2.380
2.427
2.239
2.380
2.427
2.239
1.942
1.964
1.882
1.580
1.767
1.646
2.489
2.518
2.318
0.796
1.007
0.728
1.673
1.854
1.798
1.073
1.252
1.079
1.244
1.385
1.230
1.520
1.723
1.536
0.769
0.933
0.784
2.983
3.143
2.981
0.857
1.003
0.835
1.540
1.543
1.418
0.651
0.659
0.680
1.298
1.343
1.535
1.713
1.791
1.749
2.782
2.780
2.800
1.937
2.102
2.042
2.688
2.712
2.606
0.866
1.212
1.026
1.520
1.506
1.204
1.809
1.831
1.694
0.955
1.259
1.145
0.949
1.123
1.061
3.117
3.098
2.927
0.634
1.055
0.816
4.500
4.496
4.336
0.524
0.671
0.509
0.798
0.989
0.895
1.054
1.256
1.198
1.466
1.442
1.298
1.817
1.852
1.697
1.002
1.211
1.126
2.587
2.505
2.481
1.567
1.956
1.595
0.670
0.995
0.833
1.824
1.898
1.848
1.922
2.032
2.022
1.842
1.872
1.800
2.748
2.762
2.700
1.569
1.764
1.523
0.973
1.107
0.954
0.871
0.805
0.775
0.813
1.117
0.857
1.161
1.370
1.226
0.706
0.925
0.845
1.260
1.483
1.402
1.627
1.736
1.728
3.202
3.208
3.123
2.178
2.432
2.183
1.192
1.483
1.525
2.067
2.239
2.186
2.664
2.781
2.633
1.461
1.556
1.401
1.450
1.516
1.521
3.005
3.007
2.902
2.409
2.447
2.282
0.998
1.025
0.862
1.066
1.348
1.072
1.303
1.314
1.239
0.856
1.018
0.955
1.815
1.875
1.784
2.402
2.370
2.284
2.294
2.517
2.309
2.322
2.289
2.223
0.985
1.046
0.780
2.472
2.461
2.184
2.140
2.209
2.054
1.683
1.765
1.628
2.038
2.192
2.077
1.993
2.064
1.979
1.711
1.772
1.582
2.253
2.273
2.279
1.570
1.738
1.656
1.630
1.756
1.739
4.590
4.665
4.597
2.554
2.612
2.460
1.982
2.150
1.691
1.087
1.267
1.175
0.430
0.738
0.717
0.482
0.742
0.446
0.432
0.579
0.455
1.642
1.651
1.594
1.670
1.893
1.678
1.776
2.061
2.054
2.100
2.132
2.076
0.810
0.954
0.854
2.482
2.471
2.306
2.901
3.008
2.784
2.185
2.184
2.149
1.961
2.142
1.999
2.099
2.343
2.109
1.868
1.913
1.679
1.159
1.366
1.301
1.615
2.133
1.370
1.014
1.200
1.016
1.235
1.325
1.256
0.897
0.996
0.920
1.396
1.441
1.402
2.562
2.720
2.595
1.486
1.584
1.859
2.037
2.200
2.020
0.924
2.062
1.060
1.320
2.077
2.057
1.299
1.250
1.157
0.896
1.143
0.903
2.407
2.577
2.494
1.829
2.070
2.066
1.139
1.209
0.798
1.006
1.008
0.880
1.636
1.721
1.736
1.160
1.284
1.020
1.220
1.488
1.325
1.563
1.599
1.577
2.207
2.198
2.072
1.917
1.972
1.894
2.165
2.157
2.065
1.348
1.395
1.188
1.777
1.662
1.615
2.992
3.042
2.825
2.720
2.806
2.666
2.084
2.134
1.881
1.193
1.385
1.243
2.787
2.914
2.715
2.657
2.687
2.520
1.622
1.546
1.268
1.373
1.488
1.435
2.120
2.076
2.077
1.225
1.444
1.256
1.740
1.688
1.394
1.491
1.537
1.341
1.089
1.170
1.162
2.452
2.498
2.200
1.333
1.331
1.329
1.965
2.131
2.077
2.123
2.382
2.481
1.872
1.893
1.905
1.745
1.951
1.790
2.111
2.128
1.974
1.452
1.461
1.334
2.073
2.191
2.085
1.394
1.653
1.525
2.361
2.605
2.425
1.348
1.557
1.402
1.770
1.789
1.645
1.465
1.492
1.198
1.502
1.661
1.501
1.206
1.333
1.261
1.728
1.770
1.678
1.359
1.462
1.326
1.250
1.433
1.370
1.332
1.522
1.341
1.158
1.229
1.194
1.847
2.000
1.961
3.139
3.154
3.059
3.139
3.154
3.059
2.480
2.578
2.553
0.720
0.982
0.710
1.345
1.430
1.366
1.742
1.736
1.710
1.926
2.025
1.987
2.983
2.968
2.875
0.720
0.982
0.710
1.752
1.726
1.763
2.484
2.680
2.410
0.779
0.844
0.663
3.299
3.433
3.381
2.031
2.162
2.001
2.128
2.152
2.123
1.524
1.570
1.486
1.987
2.113
1.971
1.089
1.141
1.164
1.911
1.963
1.806
1.375
1.420
1.369
1.611
1.757
1.653
2.437
2.480
2.346
1.484
1.401
1.260
0.904
1.079
0.950
1.527
1.661
1.576
2.153
2.187
1.997
1.927
2.016
1.809
1.693
1.661
1.643
2.858
3.025
2.912
1.653
1.671
1.575
2.896
3.395
2.709
2.118
2.381
2.166
1.466
1.509
1.389
1.245
1.479
1.369
1.333
1.332
1.198
1.567
1.536
1.253
2.652
2.623
2.587
2.684
2.725
2.600
2.512
2.608
2.544
2.357
2.414
2.309
2.046
2.208
2.010
1.272
1.405
1.340
1.843
1.814
1.486
1.934
2.004
2.159
1.057
1.070
0.748
1.181
1.231
0.934
1.062
1.041
0.992
1.944
2.009
1.795
1.954
2.054
1.897
1.626
1.800
1.699
1.132
1.213
1.170
0.835
1.196
1.092
1.149
1.295
1.181
0.745
0.902
0.698
0.969
1.270
1.108
2.066
2.079
1.922
1.595
1.639
1.449
1.837
1.856
1.768
1.809
1.930
1.677
2.008
2.011
1.872
2.637
2.671
2.538
1.396
1.646
1.469
1.300
1.667
1.434
2.015
2.113
1.875
2.015
2.113
1.875
2.622
2.811
2.763
2.328
2.564
2.461
1.776
1.975
1.876
0.545
0.887
0.717
3.263
3.362
3.106
1.927
1.962
1.706
1.590
1.616
1.492
1.600
1.611
1.469
1.648
1.714
1.565
1.259
1.335
0.943
0.597
0.900
0.651
1.698
1.905
1.762
2.230
2.493
2.326
0.924
1.000
0.929
2.474
2.477
2.453
2.529
2.483
2.427
1.128
1.322
1.167
1.907
1.958
1.906
3.219
3.275
3.056
2.261
2.503
2.502
2.020
2.057
1.976
2.775
2.822
2.793
1.966
1.916
1.785
2.654
2.843
2.556
2.654
2.870
2.556
1.652
1.647
1.577
2.045
2.085
2.040
2.080
2.307
2.267
2.054
2.231
2.035
1.321
1.310
1.217
1.756
2.001
1.870
1.116
1.360
1.255
2.422
2.700
2.469
1.762
1.789
1.646
2.440
2.514
2.318
2.599
2.677
2.664
2.312
2.570
2.431
2.985
3.032
2.939
2.240
2.474
2.294
0.931
1.016
0.983
2.351
2.388
2.305
1.481
1.599
1.565
1.728
1.810
1.627
1.269
1.484
1.246
2.859
2.928
2.780
1.661
1.873
1.744
1.231
1.271
1.178
2.402
2.406
2.232
2.402
2.419
2.184
0.511
0.739
0.587
0.912
0.993
0.842
1.661
1.660
1.592
1.325
1.304
1.240
0.453
0.678
0.545
1.670
1.834
1.775
0.380
0.724
0.599
0.731
1.081
0.847
1.542
1.667
1.693
1.037
1.188
1.117
0.904
1.155
1.016
1.774
2.016
1.904
2.260
2.377
2.255
1.037
0.989
0.942
0.419
0.561
0.348
3.049
3.081
2.791
3.298
3.504
3.160
2.486
2.555
2.432
1.055
1.160
1.042
1.628
1.645
1.561
1.244
1.373
1.161
2.307
2.478
2.227
2.703
2.710
2.529
1.895
1.968
1.879
1.171
1.267
0.888
2.274
2.438
2.248
1.183
1.495
1.159
1.533
1.809
1.494
2.892
2.874
2.722
2.611
2.796
2.659
1.820
1.777
1.518
0.761
0.877
0.806
1.130
1.147
1.071
1.237
1.479
1.256
2.167
2.415
2.124
1.354
1.502
1.285
0.732
0.769
0.740
1.507
1.771
1.749
1.238
1.280
1.174
1.726
1.904
1.842
1.515
1.453
1.336
2.813
2.786
2.656
1.716
1.737
1.590
1.024
1.185
0.925
2.510
2.537
2.480
1.386
1.507
1.446
2.400
2.586
2.780
2.610
2.623
2.511
1.299
1.446
1.357
1.310
1.509
1.412
1.350
1.429
1.382
1.571
1.889
1.730
1.214
1.243
1.152
0.697
0.897
0.803
1.717
1.862
1.770
2.016
2.063
2.044
1.480
1.570
1.523
0.667
0.857
0.720
0.666
0.847
0.792
1.774
1.909
1.735
1.812
2.052
1.938
1.879
1.977
1.753
1.086
1.023
0.896
2.025
2.156
2.019
1.088
1.263
0.918
1.088
1.309
0.918
1.756
1.755
1.682
2.946
3.026
2.897
0.971
1.094
0.980
1.624
1.708
1.419
2.065
2.195
2.001
2.608
2.749
2.596
1.768
1.952
1.770
2.398
2.382
2.288
1.479
1.577
1.477
1.652
1.957
1.756
0.610
0.542
0.511
1.358
1.579
1.488
1.002
1.043
1.046
0.667
0.932
0.780
1.176
1.511
1.388
2.012
2.032
1.832
1.149
1.267
1.004
0.677
1.048
1.014
1.333
1.378
1.118
1.970
1.885
1.792
1.319
1.389
1.352
4.207
4.313
4.266
0.698
0.714
0.713
0.413
0.570
0.522
0.235
0.407
0.303
1.645
1.768
1.560
1.596
1.704
1.628
1.489
1.543
1.477
2.889
3.379
3.228
1.314
1.402
1.146
2.523
2.599
2.583
1.520
1.554
1.429
1.425
1.422
1.331
3.139
3.133
2.888
1.736
1.822
1.696
1.458
1.577
1.509
1.232
1.450
1.297
2.121
2.219
2.166
1.154
1.078
0.971
1.517
1.568
1.404
1.472
1.615
1.515
2.046
1.838
1.734
2.553
2.622
2.505
2.023
2.108
2.055
1.260
1.319
1.199
2.885
2.958
2.875
1.117
1.155
1.104
1.287
1.712
1.637
1.974
2.228
1.952
2.290
2.314
2.188
1.396
1.380
1.335
1.277
1.282
1.155
2.211
2.203
2.176
2.515
2.676
2.463
3.113
3.120
3.050
0.532
0.726
0.681
1.581
1.687
1.633
1.510
1.618
1.535
1.864
2.146
1.884
1.684
1.818
1.797
1.244
1.309
1.101
2.429
2.349
2.360
1.352
1.735
1.730
0.668
0.793
0.551
2.873
2.905
2.886
1.555
1.619
1.562
1.682
1.663
1.585
1.846
1.830
1.721
3.235
3.245
3.151
0.983
1.118
1.049
2.118
2.255
2.179
3.064
3.260
3.222
1.007
1.194
1.144
3.377
3.415
3.323
0.929
1.145
0.924
1.797
2.209
1.786
1.045
1.074
0.985
3.855
3.802
3.851
2.738
2.782
2.596
1.567
1.706
1.379
2.128
2.286
2.200
0.817
1.037
0.926
2.704
2.761
2.512
1.482
1.715
1.550
3.076
3.184
3.002
2.019
1.944
1.844
1.472
1.364
1.186
2.976
2.986
2.951
2.040
2.056
2.007
1.110
1.276
1.227
1.933
2.026
1.856
0.849
1.095
0.927
0.849
1.156
0.927
1.211
1.549
1.262
1.457
1.860
1.647
1.939
2.077
1.805
1.939
2.057
1.800
1.549
1.587
1.522
1.097
1.193
1.134
1.566
1.576
1.475
1.879
1.836
1.868
1.710
1.855
1.813
0.811
1.247
0.954
0.800
0.877
0.771
3.723
3.734
3.815
0.506
0.817
0.593
1.463
1.536
1.394
0.878
1.103
0.980
1.197
1.177
1.059
1.197
1.177
1.059
1.197
1.225
1.137
0.850
0.915
0.767
0.827
0.958
0.891
2.416
2.377
2.403
0.932
0.989
0.933
2.439
2.256
2.161
2.342
2.549
2.329
0.685
1.129
0.688
1.721
1.881
1.626
1.495
1.591
1.333
2.163
2.235
2.179
2.157
2.352
2.321
1.101
1.501
1.182
1.630
1.715
1.551
1.563
1.789
1.701
2.076
2.242
2.091
1.472
1.693
1.773
0.694
0.699
0.635
1.078
1.130
0.967
1.823
1.736
1.711
2.161
2.186
2.038
3.039
3.137
3.152
1.324
1.323
1.156
0.787
1.375
1.199
1.266
1.595
1.513
1.321
1.377
1.337
0.869
0.959
0.864
0.914
0.989
0.912
1.525
1.578
1.465
1.127
1.454
1.321
2.230
2.307
2.235
2.132
2.400
2.119
2.359
2.311
2.124
1.619
1.625
1.533
0.988
1.033
0.979
1.266
1.338
1.184
1.274
1.260
1.207
1.040
1.101
1.060
1.596
1.616
1.530
0.826
1.078
0.911
1.477
1.512
1.363
1.542
1.534
1.161
1.423
1.459
1.259
3.078
3.175
2.843
1.494
1.660
1.531
1.705
1.962
2.266
1.841
2.107
2.449
1.705
1.962
2.266
1.841
2.107
2.449
1.841
2.107
2.449
1.705
1.962
2.266
1.661
1.904
2.183
1.639
1.604
1.530
1.861
1.865
1.789
0.690
0.714
0.712
1.198
1.377
1.084
2.095
2.155
1.975
2.191
2.208
2.278
1.389
1.420
1.333
0.965
0.991
0.950
0.927
0.904
0.806
1.069
1.243
1.054
2.503
2.625
2.873
1.181
1.362
1.181
1.337
1.395
1.217
0.668
0.771
0.635
1.174
1.180
1.001
1.441
1.514
1.398
1.713
1.938
1.736
0.775
1.034
0.830
1.337
1.421
1.377
1.106
1.855
1.479
0.970
1.046
0.817
1.058
1.185
1.043
1.673
1.648
1.444
2.653
2.673
2.601
0.811
0.922
0.891
1.221
1.340
1.345
2.478
2.490
2.373
1.659
1.803
1.760
1.980
2.072
1.912
1.980
2.072
1.912
1.633
1.809
1.663
2.772
2.775
2.591
1.598
1.711
1.628
1.658
1.850
1.742
2.625
2.667
2.377
1.362
1.450
1.170
2.022
2.118
1.969
1.682
1.705
1.438
1.787
1.894
1.814
1.733
1.854
1.768
2.223
2.347
2.047
1.471
1.698
1.611
1.406
1.437
1.246
1.971
2.087
2.037
0.658
0.755
0.678
1.274
1.266
1.233
2.077
2.219
2.067
0.637
0.819
0.626
1.580
1.640
1.602
1.486
1.511
1.481
0.414
0.662
0.485
1.606
1.584
1.498
1.437
1.543
1.325
0.675
0.793
0.723
3.577
3.625
3.599
2.005
2.138
2.042
2.035
2.004
1.880
1.648
1.709
1.623
0.486
0.713
0.577
1.022
1.126
1.001
1.187
1.554
1.614
1.870
2.072
2.043
2.895
3.295
2.857
0.819
0.969
0.949
1.018
1.388
0.979
1.033
0.981
0.940
1.556
1.705
1.478
1.584
1.587
1.546
2.081
2.249
2.144
0.747
0.825
0.767
0.840
0.975
0.930
2.030
2.024
1.704
1.730
1.874
1.746
0.867
0.997
0.938
0.793
0.959
0.805
1.061
1.236
1.126
0.738
0.866
0.715
1.669
1.756
1.715
1.854
1.900
1.811
0.609
0.824
0.729
1.058
1.165
1.118
1.652
1.661
1.478
1.858
1.907
1.835
1.934
2.274
2.001
1.346
1.658
1.554
0.707
1.139
0.798
1.724
1.871
1.639
2.541
2.570
2.342
2.458
2.526
2.295
1.344
1.471
1.395
0.876
1.046
0.959
0.969
1.000
0.925
1.443
1.789
1.507
1.753
1.942
1.766
1.504
1.490
1.530
2.388
2.341
2.249
2.284
2.327
2.295
1.672
1.804
1.747
3.937
3.871
3.966
1.507
1.334
1.291
0.791
1.185
1.312
1.286
1.658
1.429
0.468
0.709
0.600
2.719
2.714
2.619
0.973
1.123
1.051
0.556
0.673
0.544
0.877
0.996
0.747
3.514
3.412
3.385
1.266
1.429
1.340
1.503
1.524
1.426
1.577
1.754
1.785
0.766
0.937
0.797
0.934
1.098
1.033
0.841
0.874
0.879
1.229
1.193
1.082
1.333
1.478
1.449
1.146
1.298
1.216
0.609
0.679
0.616
0.609
0.691
0.692
0.773
1.061
0.850
1.503
1.738
1.455
1.847
1.875
1.714
1.747
1.711
1.580
1.041
1.047
1.080
1.697
1.671
1.530
1.206
1.437
1.113
0.645
0.859
0.760
0.758
0.972
0.834
1.387
1.468
1.457
2.466
2.484
2.266
0.955
1.013
0.882
0.645
0.859
0.760
1.781
1.890
1.773
0.622
0.831
0.735
0.622
0.831
0.735
0.622
0.831
0.735
0.951
1.122
0.989
0.622
0.831
0.735
1.106
1.167
1.149
0.879
0.983
0.954
0.529
0.887
0.693
0.645
0.859
0.760
0.670
0.814
0.741
0.988
1.009
0.802
1.454
1.695
1.456
0.741
0.913
0.831
2.934
2.824
2.836
0.622
0.831
0.735
0.825
1.235
0.960
1.289
1.333
1.294
1.885
1.893
1.807
0.907
1.123
0.966
2.179
2.235
2.019
1.700
1.713
1.362
1.853
1.945
1.874
3.925
4.025
3.876
0.584
0.788
0.693
1.197
1.415
1.277
1.365
1.361
1.055
2.827
2.933
2.481
0.372
0.634
0.524
1.596
1.624
1.401
0.646
0.707
0.627
1.397
1.390
1.009
2.762
2.814
2.689
1.316
1.456
1.402
2.555
2.577
2.451
1.088
1.096
0.800
1.855
1.922
1.631
1.404
1.600
1.501
1.855
1.889
1.894
1.381
1.535
1.446
1.134
1.343
1.273
1.545
1.628
1.609
1.176
1.358
1.258
1.384
1.480
1.399
2.704
2.664
2.682
1.325
1.231
1.100
2.788
2.801
2.712
0.973
1.199
1.059
1.786
1.907
1.903
1.626
1.574
1.518
1.736
1.696
1.651
1.075
1.336
1.216
1.423
1.467
1.406
1.277
1.312
1.168
2.456
2.926
2.795
0.706
0.814
0.659
2.197
2.204
2.047
1.959
1.954
1.874
1.623
1.731
1.700
1.013
1.008
0.943
1.698
1.748
1.672
2.096
2.158
1.928
0.578
0.747
0.554
1.487
1.589
1.530
0.698
0.826
0.785
1.858
1.982
1.778
2.036
2.036
1.863
0.492
0.581
0.596
1.919
1.949
1.775
2.821
2.953
2.845
1.415
1.424
1.290
1.071
1.225
1.134
1.654
1.556
1.500
1.365
1.361
1.055
1.441
1.597
1.477
0.754
0.874
0.788
0.334
0.422
0.408
0.599
0.755
0.613
0.518
0.705
0.608
0.343
0.527
0.442
0.411
0.565
0.489
0.661
0.813
0.732
0.990
1.041
1.029
1.665
1.655
1.521
0.712
0.851
0.630
1.033
1.020
0.987
0.414
0.559
0.483
1.368
1.536
1.293
0.852
1.052
0.957
1.615
1.647
1.445
0.859
0.901
0.591
2.258
2.261
2.173
1.261
1.343
1.274
0.967
1.035
0.991
0.871
0.985
0.595
1.928
1.981
1.957
0.904
0.904
0.979
0.363
0.514
0.444
2.694
2.744
2.613
2.656
2.632
2.546
1.070
1.182
0.979
1.084
1.045
0.871
0.727
0.919
0.858
0.727
0.919
0.858
2.038
2.018
1.990
0.775
1.076
0.816
1.641
1.764
1.680
0.680
0.781
0.669
1.268
1.512
1.339
0.696
0.735
0.709
0.790
1.005
0.881
0.605
0.796
0.692
0.448
0.729
0.554
1.668
1.765
1.722
1.033
1.177
1.057
2.106
2.570
1.888
0.689
0.830
0.757
1.910
2.068
2.023
3.040
3.137
2.921
1.120
1.029
0.911
0.979
1.119
0.961
0.774
0.952
0.906
1.820
2.157
1.945
1.886
1.880
1.552
1.419
1.379
1.373
1.875
1.972
1.753
0.641
0.768
0.699
0.694
0.835
0.760
1.754
1.686
1.513
1.743
1.657
1.500
0.694
0.835
0.760
0.641
0.768
0.699
0.777
0.941
0.801
0.689
0.830
0.757
1.033
1.205
0.986
0.678
1.015
0.846
2.108
2.196
1.977
1.710
1.795
1.672
0.694
0.835
0.760
1.206
1.296
1.241
1.048
1.116
1.027
0.609
0.852
0.721
0.694
0.835
0.760
1.688
1.726
1.632
1.379
1.721
1.487
1.599
1.635
1.532
1.691
1.684
1.568
1.024
1.491
1.216
1.403
1.522
1.513
2.093
2.055
1.971
1.256
1.331
1.168
1.591
1.865
1.813
1.485
1.519
1.383
1.711
1.771
1.450
2.719
2.745
2.660
1.499
1.762
1.687
1.367
1.740
1.499
1.939
1.890
1.752
0.806
0.779
0.686
1.157
1.147
1.287
2.714
2.983
2.745
0.482
0.570
0.530
1.906
2.017
2.033
1.246
1.311
1.181
2.004
1.963
1.922
1.982
2.090
2.179
1.217
1.368
1.251
1.780
1.822
1.625
1.089
1.462
1.152
0.959
1.062
0.947
1.073
1.093
0.907
2.756
2.756
2.565
0.967
1.064
0.884
1.266
1.340
1.300
3.135
3.188
3.099
1.785
1.817
1.797
0.355
0.475
0.370
1.086
1.182
1.180
1.330
1.489
1.391
0.612
0.915
0.675
0.612
0.804
0.675
1.643
1.849
1.559
0.820
1.039
0.897
1.408
1.489
1.413
0.792
0.967
0.804
1.100
1.202
1.134
1.717
1.712
1.550
0.618
0.676
0.618
0.694
0.835
0.760
0.694
0.835
0.760
0.624
0.754
0.683
0.766
0.936
0.833
1.537
1.548
1.507
3.578
3.598
3.514
1.833
1.809
1.734
0.560
0.847
0.747
0.721
0.861
0.731
1.167
1.211
0.989
1.321
1.356
1.137
1.635
1.717
1.629
1.417
1.416
1.240
0.756
0.898
0.821
0.835
1.028
0.936
1.922
2.104
1.690
1.032
1.150
1.023
0.635
0.873
0.726
1.570
1.622
1.435
1.034
1.059
0.998
1.034
1.179
1.144
0.778
0.875
0.813
0.778
0.881
0.829
1.641
1.837
1.552
2.229
2.239
2.169
0.720
0.823
0.796
0.564
0.714
0.636
0.780
1.080
0.834
0.594
0.961
0.705
1.357
1.624
1.506
1.068
1.080
1.066
0.813
0.889
0.840
1.934
1.977
1.805
0.443
1.173
0.735
0.949
1.116
1.034
1.338
1.304
1.192
1.400
1.492
1.387
0.944
1.263
0.922
0.642
0.798
0.685
0.398
0.654
0.503
0.999
0.983
0.931
0.772
0.933
0.751
0.981
0.975
0.821
1.398
1.498
1.198
0.913
1.151
0.804
0.606
0.801
0.760
0.995
1.092
0.968
1.146
1.436
1.441
0.834
0.997
0.914
1.666
1.802
1.566
2.037
2.068
2.009
1.866
1.941
1.798
2.111
2.120
2.077
0.352
0.498
0.422
1.009
1.252
1.024
0.933
1.038
0.963
1.502
1.656
1.570
1.721
1.765
1.636
1.615
1.609
1.570
1.357
1.581
1.407
1.933
2.069
1.921
1.581
1.756
1.635
0.409
0.556
0.480
1.037
1.107
1.032
0.409
0.556
0.480
0.408
0.588
0.503
0.409
0.556
0.480
2.635
2.617
2.531
1.596
1.673
1.566
1.244
1.466
1.387
0.481
0.609
0.537
0.738
0.848
0.764
2.498
2.571
2.364
0.471
0.655
0.532
0.755
1.108
0.927
1.188
1.391
1.265
1.618
1.742
1.527
2.086
2.159
1.827
2.263
2.349
2.315
2.015
2.026
1.831
1.690
1.946
1.782
1.487
1.509
1.436
1.157
1.271
0.977
3.050
3.146
3.004
1.669
1.672
1.491
0.952
1.644
1.474
1.590
1.815
1.680
1.369
1.508
1.283
1.165
1.478
1.299
1.931
1.997
1.938
1.110
1.277
1.214
1.404
1.461
1.192
1.533
1.632
1.524
1.827
1.867
1.617
1.790
1.920
1.843
2.310
2.295
2.073
0.992
0.953
0.780
1.761
1.757
1.526
1.646
1.728
1.543
1.639
1.752
1.711
3.011
3.040
2.946
2.738
2.765
2.532
1.774
1.816
1.693
2.658
2.779
2.512
0.679
0.878
0.810
1.817
1.957
1.834
1.921
1.989
1.972
0.930
1.864
1.197
0.963
1.034
0.674
2.242
2.222
2.108
0.463
0.577
0.517
1.443
1.648
1.522
0.951
1.047
0.968
1.117
1.606
1.244
1.466
1.742
1.608
1.808
1.740
1.818
1.026
1.308
1.165
1.699
1.828
1.549
1.949
2.281
1.927
0.404
0.563
0.475
0.579
0.741
0.575
0.833
0.978
0.841
1.267
1.478
1.271
2.545
2.648
2.609
1.095
1.228
1.171
0.712
0.968
0.927
0.493
0.751
0.459
1.435
1.526
1.423
1.225
1.274
1.117
0.404
0.563
0.475
1.585
1.805
1.665
1.452
1.511
1.486
1.004
1.171
1.083
0.304
0.763
0.509
0.719
0.847
0.698
1.871
1.893
1.772
0.159
0.422
0.311
1.349
1.517
1.420
0.945
1.244
1.158
0.423
0.570
0.496
1.566
1.644
1.589
2.030
2.078
1.971
0.578
0.803
0.621
1.489
1.596
1.495
1.036
1.080
1.069
1.865
1.778
1.666
1.335
1.409
1.191
1.838
1.811
1.803
1.061
1.061
0.955
2.114
2.117
2.022
0.909
1.032
1.024
0.763
1.029
0.769
1.658
2.011
1.855
1.525
1.752
1.382
1.165
1.129
1.068
0.942
1.015
0.739
1.340
1.484
1.532
1.521
1.572
1.506
0.891
1.002
0.914
1.185
1.331
1.356
1.364
1.583
1.370
1.052
1.316
1.183
1.630
1.644
1.582
1.017
1.130
0.993
1.273
1.388
1.326
1.027
1.284
1.161
1.398
1.627
1.519
1.599
1.872
1.417
2.320
2.329
2.268
2.065
2.153
2.074
2.660
2.630
2.607
2.072
2.082
2.017
1.115
1.464
1.137
1.573
1.647
1.213
0.978
1.219
0.793
2.216
2.390
2.215
0.954
1.298
1.040
1.495
1.635
1.585
1.592
1.698
1.635
0.488
0.656
0.515
1.340
1.463
1.120
0.941
1.214
1.130
2.647
2.656
2.460
2.015
2.143
2.080
1.114
1.217
1.188
0.954
1.053
1.042
1.799
1.787
1.741
2.153
2.185
2.072
0.801
0.853
0.817
2.075
2.118
1.956
1.018
1.173
0.989
1.725
2.058
1.819
2.187
2.274
2.157
1.024
1.054
1.039
1.655
1.676
1.598
1.312
1.404
1.134
0.673
0.915
0.686
0.756
0.878
0.819
1.198
1.350
1.246
0.706
0.878
0.747
1.097
1.647
1.151
1.675
1.803
1.676
1.454
1.478
1.395
1.731
1.734
1.625
1.321
1.486
1.598
1.140
1.413
1.334
0.810
1.044
0.858
0.746
1.024
0.807
1.291
1.411
1.343
1.468
1.485
1.363
1.735
1.885
1.815
1.625
1.688
1.578
1.631
1.884
1.560
1.368
1.384
1.312
1.286
1.770
1.222
1.077
1.201
1.138
0.999
1.072
1.024
1.861
1.970
1.836
1.487
1.666
1.449
1.079
1.322
1.147
1.134
1.416
1.210
1.084
1.124
1.060
0.451
0.557
0.500
0.642
0.736
0.667
1.596
1.700
1.637
0.911
0.945
0.723
1.822
2.005
1.919
1.659
1.910
1.720
1.056
1.133
0.965
0.830
0.961
0.838
1.778
1.767
1.741
2.881
2.928
2.894
1.539
1.516
1.529
1.676
1.806
1.717
1.718
1.981
1.907
1.115
1.282
1.160
1.507
1.595
1.551
1.480
1.579
1.496
1.180
1.213
1.182
1.702
1.868
1.859
1.834
1.821
1.668
1.346
1.466
1.383
2.012
2.183
2.142
1.465
1.512
1.496
1.475
1.487
1.395
1.317
1.298
1.221
1.127
1.298
1.132
1.040
1.292
1.104
1.410
1.461
1.426
1.463
1.835
1.521
2.006
2.062
1.791
0.468
1.227
0.562
0.933
0.931
0.818
1.919
1.916
1.902
1.310
1.360
1.080
3.130
3.190
3.083
2.016
2.188
2.086
2.425
2.742
2.573
1.051
1.248
1.139
0.959
1.333
0.977
0.904
1.041
0.958
1.798
1.881
1.877
0.404
0.540
0.472
0.863
1.005
0.957
1.892
1.942
1.976
0.472
0.695
0.566
