0.675
0.725
0.703
0.783
0.797
0.751
0.821
0.822
0.845
0.947
0.967
0.995
0.703
0.742
0.698
0.721
0.672
0.736
0.836
0.745
0.790
0.903
0.778
0.900
1.017
0.923
1.042
0.747
0.695
0.727
0.685
0.709
0.749
0.783
0.791
0.789
0.846
0.815
0.896
0.978
0.961
1.040
0.721
0.728
0.743
0.643
0.671
0.683
0.748
0.724
0.731
0.814
0.755
0.846
0.913
0.899
0.970
0.662
0.671
0.668
0.718
0.969
0.743
0.801
1.010
0.781
0.838
1.026
0.853
0.981
1.119
0.997
0.751
0.960
0.746
0.740
0.923
0.644
0.857
0.995
0.721
0.916
1.031
0.795
1.038
1.102
0.946
0.769
0.915
0.652
0.707
0.859
0.647
0.814
0.924
0.699
0.865
0.964
0.784
0.960
1.022
0.915
0.720
0.855
0.657
0.769
0.995
0.721
0.886
1.063
0.791
0.946
1.095
0.857
1.064
1.159
0.989
0.791
0.983
0.722
0.661
0.747
0.706
0.760
0.801
0.743
0.809
0.847
0.855
0.944
0.967
0.990
0.688
0.764
0.704
0.712
0.671
0.731
0.812
0.728
0.771
0.888
0.775
0.893
1.028
0.911
1.033
0.734
0.698
0.729
0.672
0.728
0.743
0.754
0.795
0.772
0.821
0.832
0.894
0.972
0.961
1.021
0.703
0.751
0.744
0.649
0.666
0.689
0.735
0.698
0.723
0.811
0.749
0.849
0.929
0.883
0.967
0.655
0.670
0.676
0.706
0.977
0.730
0.779
0.999
0.758
0.831
1.038
0.845
0.980
1.117
0.972
0.738
0.966
0.740
0.728
0.938
0.635
0.826
0.987
0.693
0.900
1.043
0.783
1.035
1.105
0.926
0.753
0.926
0.645
0.685
0.879
0.645
0.781
0.921
0.679
0.844
0.977
0.779
0.951
1.023
0.891
0.695
0.870
0.654
0.762
1.022
0.727
0.860
1.067
0.781
0.938
1.117
0.861
1.074
1.176
0.986
0.782
1.007
0.735
0.686
0.729
0.698
0.792
0.775
0.730
0.848
0.832
0.851
0.981
0.955
0.987
0.724
0.735
0.693
0.749
0.677
0.734
0.849
0.723
0.764
0.927
0.786
0.896
1.076
0.918
1.038
0.779
0.694
0.726
0.690
0.721
0.735
0.776
0.776
0.755
0.848
0.828
0.887
1.007
0.958
1.022
0.730
0.734
0.733
0.661
0.658
0.676
0.754
0.687
0.706
0.838
0.744
0.842
0.953
0.883
0.958
0.681
0.653
0.661
0.738
0.977
0.742
0.815
0.992
0.759
0.865
1.031
0.853
1.017
1.122
0.985
0.773
0.958
0.745
0.766
0.938
0.648
0.872
0.989
0.705
0.946
1.049
0.806
1.083
1.122
0.948
0.796
0.921
0.653
0.738
0.882
0.658
0.836
0.922
0.691
0.903
0.983
0.795
1.007
1.042
0.916
0.753
0.865
0.662
0.818
1.037
0.761
0.924
1.081
0.810
1.004
1.137
0.899
1.142
1.201
1.023
0.843
1.015
0.758
0.668
0.743
0.683
0.779
0.792
0.707
0.814
0.829
0.806
0.964
0.959
0.960
0.701
0.754
0.682
0.722
0.678
0.707
0.831
0.728
0.737
0.893
0.765
0.848
1.049
0.910
1.003
0.755
0.693
0.705
0.681
0.730
0.717
0.774
0.790
0.734
0.827
0.821
0.844
0.998
0.958
0.993
0.721
0.745
0.719
0.659
0.666
0.664
0.753
0.700
0.689
0.822
0.739
0.805
0.946
0.877
0.932
0.675
0.666
0.649
0.706
0.967
0.715
0.787
0.991
0.736
0.825
1.019
0.810
0.984
1.110
0.952
0.738
0.949
0.716
0.753
0.936
0.637
0.859
0.992
0.691
0.915
1.037
0.770
1.069
1.119
0.928
0.783
0.925
0.639
0.721
0.880
0.644
0.818
0.925
0.673
0.874
0.975
0.765
0.991
1.039
0.895
0.739
0.871
0.650
0.789
1.014
0.722
0.900
1.068
0.777
0.965
1.117
0.851
1.112
1.188
0.988
0.817
1.005
0.727
0.671
0.786
0.717
0.757
0.826
0.742
0.813
0.863
0.848
0.959
0.993
0.992
0.701
0.781
0.708
0.715
0.700
0.733
0.805
0.749
0.762
0.893
0.789
0.883
1.040
0.930
1.029
0.750
0.713
0.727
0.683
0.758
0.747
0.759
0.821
0.768
0.827
0.848
0.880
0.985
0.982
1.019
0.717
0.768
0.741
0.650
0.697
0.687
0.729
0.724
0.713
0.810
0.763
0.829
0.939
0.899
0.958
0.663
0.683
0.665
0.729
1.017
0.769
0.792
1.025
0.786
0.846
1.051
0.865
1.000
1.145
1.001
0.758
0.985
0.762
0.746
0.972
0.677
0.835
1.006
0.722
0.918
1.059
0.807
1.067
1.142
0.958
0.775
0.942
0.672
0.707
0.902
0.667
0.794
0.933
0.695
0.865
0.984
0.786
0.981
1.053
0.916
0.725
0.883
0.671
0.759
1.022
0.727
0.849
1.058
0.772
0.931
1.100
0.846
1.079
1.180
0.984
0.782
0.997
0.725
0.742
0.702
0.699
0.836
0.782
0.747
0.904
0.807
0.854
1.015
0.942
1.003
0.777
0.714
0.712
0.709
0.703
0.685
0.787
0.751
0.717
0.847
0.787
0.823
0.982
0.913
0.971
0.735
0.707
0.693
0.736
0.693
0.690
0.814
0.747
0.724
0.891
0.799
0.849
1.039
0.928
0.994
0.753
0.683
0.681
0.702
0.700
0.673
0.773
0.750
0.701
0.823
0.766
0.788
0.985
0.917
0.958
0.720
0.694
0.669
0.709
0.721
0.688
0.779
0.770
0.718
0.848
0.797
0.820
0.988
0.947
0.987
0.740
0.716
0.690
0.937
0.759
0.718
0.999
0.810
0.746
1.049
0.843
0.824
1.187
0.980
0.966
0.946
0.770
0.729
0.957
0.747
0.650
1.040
0.809
0.704
1.100
0.855
0.788
1.233
0.995
0.947
0.962
0.751
0.656
0.916
0.727
0.644
0.995
0.785
0.676
1.057
0.831
0.766
1.163
0.932
0.903
0.922
0.719
0.654
0.990
0.783
0.712
1.073
0.849
0.759
1.132
0.890
0.831
1.274
1.028
0.977
0.996
0.783
0.714
0.739
0.654
0.701
0.852
0.744
0.759
0.939
0.776
0.883
1.042
0.911
1.018
0.779
0.681
0.712
0.708
0.645
0.681
0.798
0.706
0.722
0.872
0.746
0.839
1.016
0.882
0.982
0.735
0.665
0.689
0.757
0.632
0.693
0.856
0.697
0.740
0.941
0.757
0.872
1.098
0.894
1.014
0.778
0.635
0.685
0.724
0.643
0.675
0.815
0.704
0.717
0.874
0.728
0.818
1.038
0.883
0.978
0.751
0.653
0.679
0.707
0.657
0.678
0.795
0.718
0.719
0.875
0.749
0.835
1.014
0.903
0.987
0.745
0.669
0.686
0.924
0.696
0.709
0.999
0.751
0.742
1.050
0.786
0.826
1.186
0.934
0.967
0.936
0.715
0.722
0.918
0.699
0.632
1.022
0.775
0.700
1.082
0.819
0.784
1.213
0.962
0.943
0.928
0.719
0.641
0.876
0.686
0.624
0.977
0.752
0.671
1.042
0.796
0.765
1.147
0.902
0.898
0.893
0.692
0.640
0.948
0.722
0.690
1.053
0.797
0.753
1.114
0.845
0.829
1.246
0.978
0.973
0.964
0.738
0.703
0.700
0.664
0.692
0.793
0.758
0.736
0.870
0.778
0.851
1.001
0.919
1.000
0.733
0.676
0.695
0.671
0.656
0.669
0.743
0.724
0.700
0.811
0.757
0.817
0.968
0.893
0.959
0.691
0.666
0.671
0.686
0.651
0.669
0.768
0.725
0.706
0.849
0.770
0.836
1.015
0.908
0.981
0.701
0.644
0.656
0.662
0.658
0.659
0.733
0.727
0.688
0.787
0.735
0.781
0.967
0.895
0.950
0.679
0.658
0.651
0.656
0.687
0.673
0.728
0.759
0.704
0.799
0.775
0.808
0.957
0.932
0.970
0.683
0.689
0.669
0.901
0.721
0.700
0.959
0.784
0.729
1.019
0.809
0.809
1.159
0.957
0.954
0.907
0.733
0.715
0.915
0.714
0.626
1.000
0.790
0.684
1.070
0.829
0.769
1.204
0.983
0.931
0.910
0.715
0.628
0.865
0.699
0.621
0.951
0.767
0.655
1.015
0.810
0.747
1.120
0.920
0.885
0.868
0.692
0.628
0.939
0.750
0.674
1.028
0.832
0.731
1.095
0.869
0.807
1.230
1.012
0.954
0.940
0.749
0.678
0.664
0.646
0.651
0.757
0.727
0.697
0.845
0.753
0.819
0.932
0.877
0.936
0.702
0.664
0.662
0.648
0.628
0.634
0.712
0.679
0.666
0.799
0.720
0.792
0.923
0.840
0.907
0.675
0.639
0.642
0.673
0.623
0.634
0.751
0.673
0.663
0.848
0.728
0.804
0.972
0.848
0.918
0.694
0.617
0.630
0.651
0.637
0.630
0.719
0.684
0.654
0.791
0.704
0.760
0.929
0.845
0.897
0.674
0.638
0.631
0.638
0.671
0.642
0.702
0.719
0.669
0.792
0.746
0.785
0.916
0.878
0.916
0.675
0.671
0.644
0.851
0.711
0.682
0.911
0.762
0.706
0.970
0.790
0.792
1.087
0.924
0.919
0.862
0.728
0.694
0.842
0.693
0.597
0.924
0.755
0.647
0.998
0.799
0.747
1.107
0.928
0.881
0.842
0.702
0.605
0.828
0.683
0.607
0.894
0.735
0.631
0.970
0.785
0.736
1.059
0.873
0.849
0.824
0.682
0.617
0.878
0.714
0.659
0.958
0.778
0.703
1.031
0.821
0.792
1.147
0.944
0.917
0.884
0.720
0.666
0.754
0.938
0.725
0.850
0.990
0.774
0.898
1.022
0.846
1.029
1.106
0.979
0.783
0.931
0.737
0.730
0.945
0.709
0.792
0.963
0.731
0.848
1.010
0.812
0.996
1.092
0.939
0.747
0.933
0.720
0.754
0.934
0.701
0.829
0.959
0.730
0.893
1.012
0.820
1.050
1.110
0.946
0.761
0.907
0.695
0.712
0.931
0.685
0.782
0.954
0.712
0.820
0.977
0.773
0.992
1.089
0.920
0.725
0.910
0.684
0.728
0.966
0.721
0.795
0.976
0.741
0.850
1.010
0.816
1.004
1.121
0.962
0.753
0.944
0.723
0.915
0.779
0.700
0.989
0.825
0.737
1.026
0.867
0.811
1.165
1.007
0.944
0.914
0.788
0.709
0.905
0.716
0.706
0.983
0.765
0.741
1.038
0.809
0.827
1.171
0.953
0.966
0.906
0.732
0.717
0.914
0.766
0.736
0.983
0.823
0.766
1.040
0.860
0.846
1.181
1.007
0.981
0.926
0.786
0.754
0.867
0.744
0.694
0.938
0.772
0.722
0.998
0.812
0.810
1.111
0.962
0.932
0.860
0.737
0.691
0.765
0.915
0.623
0.880
0.990
0.701
0.938
1.031
0.771
1.056
1.102
0.914
0.792
0.916
0.641
0.729
0.915
0.609
0.813
0.960
0.657
0.873
1.007
0.732
1.017
1.082
0.877
0.748
0.909
0.622
0.774
0.922
0.609
0.865
0.976
0.664
0.926
1.029
0.750
1.079
1.117
0.897
0.777
0.904
0.606
0.727
0.921
0.605
0.817
0.972
0.655
0.860
0.996
0.709
1.030
1.099
0.875
0.746
0.912
0.605
0.716
0.932
0.620
0.807
0.979
0.670
0.868
1.014
0.738
1.013
1.110
0.898
0.748
0.923
0.628
0.911
0.777
0.617
1.000
0.845
0.675
1.037
0.886
0.743
1.172
1.017
0.895
0.914
0.791
0.625
0.901
0.731
0.630
0.995
0.797
0.684
1.034
0.826
0.755
1.173
0.964
0.916
0.906
0.745
0.638
0.904
0.770
0.634
0.995
0.847
0.690
1.039
0.880
0.761
1.180
1.020
0.917
0.910
0.789
0.649
0.836
0.706
0.590
0.925
0.757
0.640
0.978
0.795
0.723
1.097
0.934
0.862
0.827
0.704
0.590
0.716
0.845
0.632
0.815
0.897
0.680
0.864
0.937
0.763
0.965
1.003
0.888
0.736
0.843
0.650
0.700
0.854
0.622
0.762
0.876
0.647
0.817
0.924
0.736
0.945
0.993
0.854
0.701
0.843
0.633
0.731
0.848
0.617
0.806
0.878
0.651
0.865
0.931
0.747
0.987
1.005
0.862
0.726
0.825
0.614
0.693
0.861
0.616
0.759
0.884
0.643
0.803
0.913
0.712
0.946
1.003
0.851
0.699
0.844
0.620
0.701
0.884
0.637
0.762
0.904
0.663
0.827
0.946
0.745
0.953
1.031
0.882
0.717
0.869
0.646
0.872
0.735
0.622
0.942
0.787
0.659
0.985
0.835
0.740
1.104
0.930
0.869
0.869
0.734
0.634
0.868
0.704
0.632
0.936
0.749
0.664
0.985
0.784
0.750
1.113
0.900
0.887
0.866
0.702
0.646
0.858
0.724
0.634
0.930
0.781
0.669
0.979
0.822
0.755
1.101
0.934
0.883
0.863
0.729
0.658
0.821
0.695
0.609
0.877
0.722
0.634
0.935
0.763
0.728
1.041
0.873
0.842
0.801
0.677
0.609
0.743
0.940
0.696
0.848
1.000
0.755
0.911
1.039
0.823
1.032
1.105
0.952
0.772
0.936
0.705
0.729
0.958
0.690
0.805
0.990
0.727
0.871
1.041
0.801
1.019
1.108
0.926
0.745
0.946
0.700
0.784
0.965
0.695
0.868
1.002
0.738
0.940
1.062
0.822
1.099
1.147
0.947
0.787
0.941
0.688
0.737
0.959
0.687
0.818
0.989
0.722
0.863
1.019
0.775
1.035
1.117
0.925
0.749
0.939
0.682
0.722
0.961
0.686
0.802
0.990
0.722
0.866
1.028
0.789
1.023
1.123
0.932
0.746
0.943
0.687
0.925
0.787
0.689
1.010
0.846
0.732
1.054
0.896
0.801
1.197
1.020
0.935
0.932
0.797
0.695
0.910
0.734
0.695
0.995
0.794
0.737
1.044
0.835
0.812
1.188
0.968
0.949
0.913
0.748
0.702
0.896
0.759
0.688
0.977
0.822
0.730
1.031
0.865
0.804
1.173
0.998
0.935
0.906
0.771
0.705
0.848
0.714
0.647
0.927
0.758
0.686
0.988
0.799
0.768
1.109
0.937
0.891
0.838
0.707
0.644
