0.334
0.383
0.410
0.401
0.343
0.417
0.385
0.369
0.371
0.351
0.420
0.436
0.396
0.373
0.431
0.387
0.405
0.399
0.335
0.413
0.427
0.385
0.353
0.419
0.375
0.390
0.384
0.384
0.418
0.444
0.447
0.389
0.452
0.432
0.407
0.408
0.334
0.366
0.395
0.393
0.333
0.400
0.386
0.358
0.366
0.351
0.403
0.401
0.421
0.363
0.403
0.418
0.401
0.367
0.347
0.401
0.409
0.413
0.356
0.413
0.414
0.399
0.381
0.343
0.391
0.401
0.410
0.349
0.406
0.407
0.389
0.368
0.360
0.323
0.418
0.428
0.326
0.442
0.401
0.330
0.397
0.377
0.353
0.437
0.430
0.352
0.455
0.408
0.363
0.416
0.352
0.345
0.428
0.411
0.335
0.445
0.389
0.348
0.407
0.400
0.366
0.450
0.460
0.366
0.469
0.433
0.367
0.421
0.357
0.321
0.406
0.417
0.322
0.426
0.398
0.330
0.390
0.368
0.341
0.412
0.434
0.342
0.429
0.411
0.354
0.381
0.365
0.346
0.418
0.432
0.342
0.440
0.415
0.358
0.401
0.361
0.335
0.411
0.427
0.332
0.431
0.404
0.345
0.385
0.317
0.346
0.405
0.375
0.324
0.408
0.363
0.352
0.368
0.334
0.389
0.431
0.376
0.358
0.426
0.372
0.393
0.399
0.318
0.379
0.424
0.361
0.337
0.415
0.357
0.377
0.387
0.366
0.388
0.441
0.424
0.375
0.447
0.409
0.392
0.405
0.318
0.340
0.394
0.372
0.320
0.396
0.371
0.351
0.369
0.334
0.368
0.397
0.393
0.343
0.394
0.398
0.385
0.366
0.331
0.368
0.407
0.388
0.339
0.408
0.396
0.386
0.383
0.327
0.357
0.397
0.386
0.331
0.399
0.387
0.372
0.366
0.316
0.344
0.389
0.376
0.318
0.396
0.373
0.329
0.367
0.329
0.379
0.411
0.371
0.345
0.410
0.373
0.363
0.388
0.317
0.366
0.405
0.362
0.326
0.401
0.363
0.343
0.379
0.354
0.378
0.417
0.410
0.355
0.424
0.400
0.359
0.388
0.316
0.339
0.380
0.371
0.314
0.385
0.371
0.331
0.363
0.329
0.365
0.382
0.388
0.337
0.384
0.389
0.355
0.358
0.331
0.364
0.391
0.387
0.335
0.397
0.394
0.356
0.375
0.324
0.351
0.381
0.382
0.324
0.387
0.385
0.343
0.361
0.363
0.557
0.423
0.396
0.436
0.410
0.439
0.589
0.425
0.385
0.579
0.448
0.408
0.467
0.437
0.441
0.600
0.444
0.368
0.576
0.439
0.390
0.445
0.420
0.429
0.597
0.433
0.422
0.585
0.471
0.452
0.478
0.456
0.491
0.608
0.466
0.363
0.509
0.413
0.395
0.413
0.402
0.430
0.531
0.412
0.385
0.572
0.421
0.426
0.459
0.408
0.481
0.617
0.438
0.381
0.573
0.429
0.417
0.453
0.416
0.474
0.615
0.442
0.366
0.553
0.411
0.403
0.436
0.399
0.453
0.590
0.418
0.360
0.491
0.325
0.399
0.413
0.338
0.413
0.511
0.332
0.372
0.512
0.351
0.400
0.432
0.360
0.420
0.531
0.358
0.357
0.514
0.343
0.385
0.417
0.347
0.403
0.526
0.344
0.414
0.526
0.374
0.447
0.453
0.384
0.458
0.539
0.376
0.360
0.465
0.323
0.391
0.392
0.333
0.408
0.482
0.331
0.377
0.510
0.335
0.418
0.428
0.346
0.437
0.534
0.345
0.376
0.513
0.339
0.412
0.427
0.348
0.440
0.540
0.354
0.372
0.496
0.329
0.409
0.415
0.338
0.431
0.522
0.340
0.329
0.443
0.325
0.377
0.389
0.328
0.379
0.459
0.323
0.342
0.470
0.353
0.384
0.410
0.352
0.389
0.484
0.353
0.330
0.470
0.342
0.369
0.398
0.337
0.373
0.477
0.336
0.379
0.484
0.368
0.417
0.427
0.367
0.419
0.492
0.362
0.330
0.425
0.323
0.371
0.374
0.324
0.377
0.441
0.324
0.348
0.468
0.331
0.398
0.407
0.336
0.401
0.483
0.333
0.348
0.468
0.333
0.393
0.405
0.336
0.405
0.489
0.340
0.339
0.453
0.327
0.385
0.395
0.330
0.394
0.473
0.329
0.378
0.532
0.360
0.416
0.446
0.368
0.437
0.564
0.379
0.390
0.551
0.385
0.418
0.462
0.386
0.440
0.577
0.400
0.375
0.546
0.370
0.402
0.449
0.368
0.426
0.569
0.382
0.434
0.561
0.405
0.466
0.479
0.407
0.483
0.580
0.415
0.383
0.504
0.361
0.413
0.421
0.363
0.436
0.524
0.378
0.403
0.557
0.374
0.445
0.473
0.380
0.471
0.592
0.398
0.398
0.554
0.373
0.437
0.464
0.377
0.470
0.593
0.402
0.383
0.535
0.359
0.422
0.446
0.362
0.448
0.568
0.380
0.332
0.389
0.413
0.375
0.344
0.408
0.363
0.372
0.371
0.352
0.427
0.440
0.381
0.377
0.431
0.373
0.409
0.400
0.333
0.423
0.430
0.362
0.357
0.414
0.356
0.396
0.386
0.378
0.420
0.445
0.419
0.386
0.444
0.401
0.401
0.401
0.330
0.367
0.397
0.370
0.331
0.394
0.360
0.353
0.363
0.347
0.410
0.402
0.393
0.364
0.396
0.389
0.402
0.366
0.344
0.405
0.410
0.385
0.356
0.406
0.386
0.398
0.379
0.336
0.394
0.398
0.380
0.346
0.395
0.378
0.387
0.364
0.355
0.324
0.418
0.405
0.319
0.428
0.380
0.325
0.387
0.371
0.351
0.438
0.411
0.345
0.445
0.386
0.354
0.406
0.347
0.344
0.428
0.387
0.327
0.433
0.365
0.338
0.394
0.389
0.358
0.445
0.433
0.352
0.454
0.402
0.349
0.405
0.351
0.316
0.406
0.395
0.309
0.415
0.373
0.316
0.378
0.359
0.338
0.411
0.409
0.335
0.416
0.382
0.343
0.372
0.357
0.339
0.415
0.409
0.331
0.427
0.390
0.346
0.389
0.350
0.329
0.405
0.402
0.321
0.416
0.380
0.335
0.374
0.307
0.353
0.401
0.347
0.324
0.393
0.339
0.355
0.361
0.329
0.395
0.431
0.356
0.359
0.418
0.352
0.394
0.393
0.311
0.387
0.422
0.335
0.339
0.404
0.335
0.382
0.381
0.352
0.388
0.434
0.392
0.368
0.431
0.376
0.384
0.390
0.310
0.342
0.393
0.347
0.314
0.385
0.343
0.343
0.358
0.321
0.373
0.391
0.361
0.342
0.380
0.365
0.384
0.356
0.319
0.371
0.402
0.357
0.335
0.392
0.365
0.385
0.372
0.313
0.359
0.387
0.354
0.325
0.381
0.356
0.370
0.354
0.315
0.342
0.390
0.359
0.314
0.388
0.360
0.324
0.366
0.330
0.373
0.412
0.363
0.339
0.406
0.364
0.353
0.386
0.318
0.363
0.406
0.350
0.323
0.397
0.351
0.335
0.376
0.347
0.365
0.412
0.391
0.344
0.414
0.381
0.342
0.379
0.312
0.331
0.380
0.355
0.306
0.380
0.352
0.316
0.357
0.325
0.360
0.383
0.370
0.334
0.378
0.368
0.343
0.355
0.329
0.357
0.392
0.372
0.329
0.391
0.377
0.343
0.372
0.319
0.344
0.379
0.364
0.315
0.377
0.368
0.332
0.358
0.363
0.563
0.423
0.386
0.443
0.403
0.435
0.598
0.425
0.385
0.586
0.449
0.399
0.471
0.431
0.435
0.604
0.442
0.369
0.584
0.440
0.381
0.455
0.416
0.424
0.606
0.432
0.419
0.584
0.466
0.438
0.478
0.444
0.480
0.606
0.459
0.360
0.507
0.409
0.383
0.410
0.391
0.419
0.525
0.404
0.381
0.577
0.416
0.412
0.466
0.397
0.471
0.623
0.435
0.378
0.576
0.424
0.404
0.457
0.404
0.469
0.624
0.441
0.362
0.557
0.408
0.390
0.441
0.389
0.445
0.598
0.416
0.359
0.502
0.327
0.386
0.422
0.335
0.401
0.518
0.328
0.371
0.523
0.353
0.391
0.442
0.357
0.404
0.534
0.352
0.354
0.524
0.347
0.372
0.430
0.342
0.388
0.532
0.337
0.404
0.526
0.368
0.430
0.459
0.375
0.432
0.532
0.359
0.355
0.470
0.322
0.378
0.397
0.326
0.388
0.478
0.320
0.374
0.520
0.335
0.404
0.444
0.342
0.415
0.538
0.335
0.374
0.521
0.337
0.400
0.438
0.341
0.423
0.543
0.343
0.368
0.506
0.326
0.393
0.425
0.331
0.413
0.527
0.331
0.322
0.450
0.324
0.361
0.390
0.321
0.362
0.462
0.316
0.338
0.478
0.355
0.373
0.413
0.348
0.374
0.486
0.347
0.327
0.479
0.346
0.356
0.404
0.333
0.357
0.480
0.329
0.362
0.478
0.361
0.396
0.421
0.355
0.390
0.479
0.342
0.321
0.426
0.322
0.354
0.372
0.318
0.355
0.434
0.312
0.340
0.472
0.330
0.381
0.411
0.330
0.380
0.486
0.324
0.339
0.469
0.331
0.377
0.407
0.329
0.384
0.489
0.329
0.328
0.455
0.323
0.366
0.395
0.322
0.374
0.474
0.320
0.377
0.542
0.365
0.402
0.459
0.365
0.425
0.572
0.378
0.390
0.559
0.388
0.407
0.475
0.384
0.428
0.582
0.397
0.372
0.553
0.373
0.388
0.463
0.365
0.411
0.574
0.378
0.423
0.559
0.400
0.445
0.488
0.398
0.459
0.577
0.405
0.375
0.503
0.360
0.396
0.429
0.357
0.416
0.522
0.371
0.396
0.561
0.371
0.427
0.487
0.375
0.449
0.598
0.394
0.392
0.556
0.369
0.418
0.475
0.369
0.449
0.595
0.393
0.375
0.536
0.354
0.402
0.456
0.354
0.429
0.571
0.372
0.342
0.388
0.416
0.411
0.346
0.422
0.391
0.370
0.370
0.356
0.418
0.436
0.408
0.371
0.436
0.390
0.401
0.393
0.337
0.411
0.428
0.388
0.351
0.421
0.374
0.386
0.380
0.394
0.420
0.448
0.465
0.390
0.458
0.447
0.407
0.407
0.336
0.359
0.393
0.401
0.327
0.400
0.388
0.347
0.357
0.357
0.403
0.399
0.429
0.362
0.402
0.424
0.401
0.361
0.348
0.397
0.406
0.421
0.353
0.413
0.419
0.394
0.372
0.344
0.390
0.398
0.417
0.348
0.405
0.413
0.388
0.364
0.369
0.329
0.423
0.439
0.327
0.444
0.408
0.330
0.390
0.379
0.353
0.436
0.439
0.349
0.455
0.406
0.356
0.403
0.356
0.343
0.431
0.416
0.332
0.446
0.387
0.340
0.397
0.409
0.368
0.450
0.479
0.367
0.471
0.445
0.364
0.410
0.361
0.318
0.404
0.429
0.316
0.425
0.400
0.318
0.373
0.371
0.344
0.409
0.448
0.343
0.425
0.418
0.353
0.366
0.367
0.342
0.415
0.446
0.338
0.439
0.420
0.350
0.383
0.364
0.335
0.407
0.440
0.331
0.429
0.415
0.346
0.375
0.317
0.358
0.405
0.381
0.327
0.407
0.365
0.354
0.358
0.332
0.395
0.426
0.381
0.355
0.422
0.368
0.390
0.384
0.315
0.387
0.423
0.361
0.335
0.412
0.352
0.376
0.374
0.366
0.397
0.436
0.435
0.374
0.444
0.419
0.393
0.390
0.316
0.343
0.388
0.379
0.314
0.391
0.369
0.340
0.348
0.332
0.379
0.386
0.401
0.344
0.385
0.408
0.393
0.351
0.324
0.374
0.399
0.393
0.336
0.400
0.397
0.386
0.364
0.320
0.363
0.387
0.389
0.328
0.391
0.391
0.376
0.352
0.324
0.343
0.392
0.390
0.318
0.401
0.384
0.326
0.365
0.335
0.374
0.409
0.387
0.339
0.413
0.380
0.353
0.381
0.321
0.360
0.405
0.373
0.322
0.406
0.369
0.334
0.376
0.361
0.371
0.413
0.431
0.350
0.428
0.421
0.354
0.383
0.321
0.331
0.377
0.386
0.307
0.388
0.380
0.316
0.352
0.334
0.362
0.377
0.402
0.333
0.383
0.402
0.350
0.349
0.334
0.358
0.388
0.402
0.329
0.398
0.405
0.346
0.367
0.325
0.348
0.377
0.396
0.321
0.388
0.398
0.340
0.357
0.371
0.559
0.422
0.406
0.430
0.405
0.454
0.589
0.422
0.390
0.579
0.446
0.414
0.454
0.429
0.449
0.596
0.439
0.370
0.575
0.435
0.391
0.435
0.412
0.433
0.593
0.424
0.431
0.580
0.467
0.468
0.466
0.451
0.513
0.601
0.462
0.366
0.499
0.406
0.405
0.398
0.395
0.443
0.517
0.403
0.394
0.574
0.417
0.440
0.451
0.401
0.502
0.621
0.439
0.385
0.569
0.423
0.428
0.440
0.406
0.494
0.616
0.440
0.371
0.553
0.408
0.416
0.429
0.394
0.472
0.593
0.419
0.370
0.501
0.335
0.411
0.413
0.347
0.424
0.514
0.336
0.376
0.520
0.357
0.409
0.429
0.366
0.422
0.532
0.358
0.361
0.519
0.348
0.391
0.416
0.350
0.406
0.526
0.342
0.420
0.528
0.378
0.463
0.449
0.390
0.470
0.536
0.375
0.361
0.463
0.326
0.399
0.383
0.335
0.409
0.469
0.325
0.383
0.517
0.340
0.430
0.426
0.351
0.442
0.536
0.343
0.378
0.516
0.340
0.422
0.418
0.349
0.447
0.539
0.350
0.376
0.502
0.332
0.420
0.412
0.343
0.440
0.526
0.343
0.340
0.450
0.329
0.389
0.391
0.333
0.391
0.461
0.324
0.351
0.475
0.356
0.397
0.410
0.356
0.397
0.484
0.351
0.336
0.472
0.346
0.374
0.398
0.339
0.377
0.477
0.334
0.386
0.481
0.366
0.434
0.424
0.370
0.432
0.487
0.358
0.334
0.423
0.322
0.379
0.368
0.324
0.381
0.431
0.315
0.356
0.470
0.330
0.410
0.406
0.338
0.411
0.486
0.331
0.353
0.467
0.331
0.405
0.402
0.336
0.413
0.487
0.336
0.345
0.454
0.326
0.395
0.393
0.330
0.405
0.474
0.330
0.410
0.557
0.386
0.443
0.463
0.388
0.463
0.581
0.399
0.412
0.567
0.402
0.440
0.471
0.402
0.458
0.589
0.415
0.395
0.561
0.387
0.419
0.460
0.381
0.444
0.582
0.395
0.458
0.575
0.422
0.493
0.488
0.423
0.510
0.591
0.432
0.401
0.510
0.374
0.433
0.425
0.375
0.453
0.523
0.387
0.428
0.574
0.391
0.471
0.485
0.397
0.497
0.609
0.416
0.419
0.567
0.387
0.460
0.468
0.388
0.494
0.604
0.415
0.405
0.551
0.375
0.446
0.458
0.377
0.474
0.584
0.397
0.314
0.371
0.379
0.374
0.324
0.382
0.363
0.359
0.345
0.329
0.403
0.401
0.369
0.350
0.396
0.360
0.387
0.365
0.312
0.399
0.394
0.357
0.331
0.382
0.351
0.377
0.355
0.367
0.405
0.413
0.424
0.367
0.417
0.420
0.394
0.381
0.313
0.349
0.361
0.368
0.309
0.363
0.367
0.339
0.334
0.330
0.390
0.371
0.394
0.341
0.372
0.400
0.389
0.343
0.328
0.387
0.378
0.389
0.334
0.379
0.399
0.386
0.353
0.323
0.379
0.371
0.386
0.331
0.374
0.389
0.377
0.343
0.339
0.308
0.384
0.402
0.303
0.400
0.380
0.314
0.359
0.351
0.333
0.398
0.400
0.322
0.409
0.377
0.338
0.370
0.328
0.327
0.394
0.380
0.308
0.400
0.361
0.327
0.366
0.381
0.353
0.413
0.437
0.340
0.424
0.420
0.353
0.380
0.335
0.303
0.368
0.393
0.294
0.382
0.378
0.307
0.344
0.342
0.327
0.374
0.410
0.317
0.388
0.395
0.341
0.342
0.342
0.329
0.379
0.410
0.315
0.397
0.399
0.340
0.357
0.337
0.318
0.373
0.405
0.308
0.391
0.389
0.331
0.348
0.293
0.345
0.372
0.348
0.308
0.369
0.340
0.346
0.335
0.309
0.382
0.395
0.346
0.335
0.384
0.341
0.379
0.358
0.295
0.374
0.391
0.333
0.317
0.374
0.330
0.368
0.349
0.344
0.385
0.406
0.401
0.355
0.406
0.394
0.384
0.367
0.295
0.330
0.357
0.348
0.296
0.354
0.349
0.332
0.327
0.308
0.366
0.361
0.367
0.324
0.356
0.381
0.381
0.330
0.306
0.365
0.371
0.363
0.318
0.366
0.376
0.378
0.343
0.303
0.355
0.363
0.363
0.314
0.363
0.368
0.368
0.333
0.304
0.332
0.362
0.361
0.302
0.367
0.362
0.317
0.341
0.313
0.358
0.379
0.356
0.322
0.378
0.358
0.341
0.355
0.302
0.349
0.377
0.346
0.306
0.369
0.349
0.326
0.349
0.342
0.363
0.386
0.399
0.334
0.392
0.398
0.345
0.356
0.302
0.322
0.349
0.358
0.292
0.354
0.364
0.310
0.330
0.315
0.353
0.355
0.379
0.321
0.359
0.389
0.346
0.332
0.319
0.351
0.364
0.378
0.316
0.369
0.392
0.342
0.346
0.311
0.340
0.355
0.372
0.309
0.361
0.382
0.334
0.336
0.343
0.541
0.397
0.371
0.415
0.378
0.424
0.578
0.404
0.360
0.558
0.418
0.376
0.435
0.398
0.415
0.579
0.415
0.346
0.561
0.413
0.363
0.422
0.385
0.407
0.583
0.407
0.405
0.566
0.446
0.432
0.452
0.422
0.483
0.590
0.443
0.341
0.487
0.384
0.371
0.383
0.366
0.415
0.504
0.383
0.364
0.555
0.395
0.403
0.434
0.377
0.466
0.603
0.415
0.363
0.557
0.405
0.399
0.428
0.384
0.465
0.603
0.421
0.347
0.539
0.388
0.384
0.416
0.371
0.441
0.581
0.400
0.344
0.482
0.310
0.376
0.395
0.317
0.397
0.502
0.317
0.352
0.501
0.331
0.374
0.409
0.335
0.394
0.515
0.334
0.337
0.502
0.323
0.361
0.398
0.321
0.384
0.514
0.322
0.396
0.512
0.358
0.426
0.429
0.360
0.446
0.523
0.357
0.341
0.451
0.306
0.369
0.371
0.309
0.391
0.463
0.310
0.357
0.499
0.318
0.395
0.409
0.324
0.420
0.523
0.326
0.358
0.502
0.323
0.392
0.404
0.325
0.426
0.528
0.334
0.355
0.488
0.313
0.391
0.398
0.318
0.417
0.515
0.325
0.319
0.438
0.304
0.364
0.379
0.306
0.372
0.456
0.308
0.328
0.461
0.330
0.368
0.394
0.327
0.374
0.473
0.329
0.316
0.459
0.319
0.353
0.384
0.310
0.362
0.470
0.314
0.368
0.469
0.343
0.409
0.411
0.342
0.418
0.482
0.342
0.319
0.415
0.300
0.359
0.359
0.299
0.371
0.429
0.302
0.336
0.458
0.309
0.386
0.393
0.313
0.395
0.479
0.316
0.336
0.456
0.309
0.384
0.391
0.311
0.399
0.480
0.320
0.329
0.446
0.306
0.376
0.385
0.309
0.389
0.469
0.314
0.368
0.529
0.349
0.400
0.436
0.351
0.427
0.559
0.368
0.373
0.541
0.368
0.395
0.443
0.365
0.420
0.565
0.382
0.363
0.539
0.355
0.386
0.437
0.349
0.415
0.563
0.367
0.424
0.553
0.393
0.452
0.462
0.388
0.478
0.570
0.404
0.367
0.490
0.343
0.396
0.404
0.341
0.423
0.507
0.360
0.388
0.547
0.359
0.429
0.457
0.362
0.460
0.584
0.384
0.385
0.545
0.359
0.423
0.445
0.358
0.461
0.581
0.385
0.371
0.530
0.347
0.411
0.437
0.348
0.442
0.564
0.369
0.344
0.403
0.426
0.396
0.356
0.427
0.378
0.383
0.379
0.358
0.433
0.448
0.393
0.380
0.440
0.379
0.413
0.403
0.336
0.425
0.432
0.376
0.358
0.421
0.365
0.401
0.385
0.385
0.428
0.452
0.430
0.385
0.449
0.413
0.404
0.402
0.336
0.375
0.404
0.383
0.333
0.401
0.371
0.359
0.364
0.357
0.420
0.412
0.412
0.370
0.410
0.406
0.409
0.371
0.350
0.414
0.419
0.401
0.361
0.417
0.399
0.405
0.382
0.348
0.406
0.415
0.401
0.356
0.414
0.394
0.396
0.372
0.365
0.336
0.430
0.424
0.332
0.448
0.393
0.336
0.397
0.378
0.361
0.445
0.423
0.352
0.456
0.395
0.363
0.412
0.350
0.349
0.429
0.402
0.332
0.439
0.376
0.347
0.397
0.397
0.372
0.453
0.447
0.361
0.463
0.416
0.363
0.410
0.357
0.325
0.412
0.409
0.317
0.424
0.384
0.325
0.381
0.366
0.352
0.417
0.430
0.346
0.430
0.401
0.358
0.377
0.364
0.354
0.424
0.424
0.342
0.439
0.401
0.358
0.392
0.364
0.344
0.421
0.424
0.334
0.437
0.396
0.347
0.385
0.322
0.372
0.418
0.372
0.335
0.413
0.359
0.369
0.370
0.338
0.408
0.442
0.371
0.363
0.428
0.364
0.404
0.400
0.319
0.399
0.429
0.354
0.342
0.412
0.348
0.389
0.380
0.363
0.403
0.445
0.409
0.372
0.439
0.396
0.394
0.394
0.317
0.354
0.400
0.365
0.320
0.395
0.358
0.352
0.360
0.333
0.389
0.400
0.387
0.350
0.393
0.391
0.397
0.361
0.329
0.387
0.413
0.378
0.343
0.405
0.384
0.396
0.375
0.328
0.376
0.407
0.379
0.336
0.401
0.379
0.385
0.365
0.325
0.355
0.402
0.378
0.328
0.407
0.370
0.336
0.372
0.336
0.383
0.419
0.374
0.346
0.416
0.371
0.362
0.391
0.321
0.370
0.407
0.361
0.327
0.402
0.358
0.343
0.375
0.357
0.380
0.421
0.402
0.351
0.422
0.391
0.354
0.384
0.320
0.342
0.386
0.368
0.313
0.388
0.363
0.326
0.361
0.335
0.373
0.390
0.388
0.341
0.390
0.384
0.355
0.359
0.335
0.370
0.400
0.384
0.337
0.402
0.386
0.354
0.374
0.330
0.358
0.393
0.382
0.327
0.395
0.382
0.344
0.367
0.369
0.566
0.433
0.396
0.446
0.417
0.440
0.599
0.430
0.388
0.585
0.456
0.402
0.466
0.437
0.436
0.604
0.446
0.367
0.578
0.440
0.384
0.446
0.418
0.423
0.600
0.430
0.422
0.584
0.473
0.442
0.473
0.451
0.483
0.603
0.461
0.364
0.514
0.417
0.390
0.411
0.400
0.426
0.531
0.409
0.390
0.581
0.429
0.425
0.464
0.411
0.479
0.624
0.439
0.382
0.577
0.435
0.412
0.454
0.416
0.470
0.620
0.441
0.371
0.563
0.423
0.403
0.445
0.406
0.453
0.601
0.423
0.367
0.507
0.340
0.397
0.422
0.349
0.410
0.522
0.340
0.375
0.525
0.362
0.393
0.434
0.366
0.409
0.537
0.362
0.357
0.520
0.349
0.377
0.418
0.350
0.394
0.531
0.344
0.411
0.530
0.379
0.432
0.447
0.382
0.443
0.534
0.370
0.360
0.473
0.331
0.382
0.392
0.335
0.397
0.482
0.330
0.379
0.521
0.344
0.412
0.432
0.352
0.428
0.540
0.346
0.377
0.521
0.346
0.404
0.426
0.350
0.429
0.543
0.352
0.376
0.510
0.340
0.403
0.421
0.345
0.423
0.533
0.344
0.344
0.461
0.339
0.387
0.401
0.339
0.386
0.474
0.333
0.356
0.487
0.368
0.391
0.418
0.361
0.391
0.495
0.360
0.340
0.478
0.350
0.374
0.403
0.340
0.375
0.485
0.339
0.384
0.487
0.374
0.417
0.424
0.367
0.414
0.490
0.358
0.337
0.435
0.332
0.372
0.377
0.328
0.373
0.445
0.324
0.361
0.480
0.343
0.405
0.415
0.343
0.402
0.493
0.338
0.357
0.477
0.343
0.397
0.409
0.340
0.403
0.494
0.341
0.352
0.469
0.341
0.392
0.405
0.339
0.398
0.487
0.338
0.385
0.546
0.374
0.415
0.457
0.375
0.430
0.570
0.380
0.393
0.560
0.395
0.411
0.465
0.389
0.430
0.581
0.399
0.372
0.549
0.374
0.395
0.450
0.368
0.415
0.570
0.377
0.428
0.559
0.406
0.452
0.474
0.402
0.465
0.573
0.406
0.379
0.506
0.362
0.404
0.421
0.360
0.421
0.522
0.370
0.402
0.563
0.378
0.440
0.478
0.383
0.458
0.594
0.395
0.392
0.556
0.375
0.426
0.463
0.375
0.452
0.588
0.392
0.386
0.544
0.366
0.418
0.456
0.367
0.439
0.575
0.378
0.333
0.380
0.403
0.409
0.332
0.408
0.381
0.364
0.360
0.347
0.400
0.421
0.402
0.349
0.418
0.378
0.382
0.384
0.336
0.393
0.413
0.401
0.334
0.409
0.380
0.370
0.372
0.383
0.405
0.435
0.465
0.375
0.449
0.440
0.395
0.400
0.336
0.352
0.385
0.408
0.315
0.392
0.391
0.342
0.355
0.354
0.389
0.392
0.440
0.349
0.400
0.425
0.387
0.361
0.348
0.378
0.400
0.432
0.339
0.410
0.424
0.381
0.374
0.350
0.381
0.396
0.433
0.340
0.405
0.421
0.380
0.364
0.325
0.380
0.396
0.390
0.327
0.397
0.361
0.361
0.353
0.347
0.405
0.422
0.401
0.352
0.420
0.374
0.385
0.383
0.331
0.391
0.406
0.388
0.332
0.402
0.364
0.366
0.364
0.376
0.407
0.429
0.448
0.371
0.438
0.418
0.389
0.389
0.326
0.353
0.378
0.390
0.310
0.382
0.370
0.340
0.346
0.347
0.392
0.389
0.420
0.347
0.394
0.399
0.382
0.355
0.340
0.381
0.395
0.412
0.336
0.401
0.397
0.377
0.366
0.340
0.382
0.390
0.410
0.334
0.394
0.394
0.375
0.357
0.333
0.378
0.405
0.420
0.334
0.416
0.389
0.362
0.357
0.349
0.401
0.427
0.418
0.355
0.432
0.391
0.383
0.386
0.337
0.392
0.416
0.410
0.337
0.416
0.386
0.369
0.368
0.379
0.402
0.433
0.469
0.374
0.449
0.442
0.390
0.390
0.333
0.350
0.387
0.417
0.318
0.400
0.394
0.342
0.350
0.353
0.385
0.393
0.448
0.350
0.405
0.429
0.383
0.357
0.345
0.376
0.401
0.439
0.339
0.414
0.428
0.378
0.369
0.348
0.379
0.396
0.437
0.339
0.408
0.423
0.377
0.360
0.320
0.376
0.387
0.385
0.326
0.390
0.361
0.365
0.350
0.336
0.396
0.407
0.388
0.346
0.405
0.364
0.383
0.375
0.323
0.389
0.396
0.377
0.329
0.390
0.357
0.370
0.360
0.371
0.405
0.420
0.441
0.371
0.431
0.418
0.396
0.390
0.322
0.349
0.369
0.385
0.308
0.373
0.368
0.339
0.342
0.335
0.383
0.374
0.409
0.338
0.380
0.394
0.380
0.346
0.330
0.372
0.380
0.403
0.328
0.386
0.393
0.374
0.356
0.331
0.375
0.377
0.402
0.327
0.382
0.388
0.373
0.348
0.345
0.395
0.415
0.409
0.346
0.420
0.377
0.380
0.370
0.365
0.420
0.439
0.414
0.368
0.438
0.385
0.403
0.400
0.348
0.405
0.423
0.402
0.346
0.419
0.379
0.385
0.380
0.390
0.417
0.443
0.456
0.382
0.451
0.425
0.403
0.402
0.343
0.366
0.395
0.407
0.327
0.402
0.383
0.357
0.361
0.367
0.408
0.407
0.436
0.364
0.413
0.415
0.402
0.370
0.358
0.397
0.413
0.428
0.353
0.420
0.412
0.396
0.381
0.361
0.401
0.411
0.428
0.355
0.417
0.411
0.398
0.375
0.397
0.420
0.404
0.510
0.381
0.416
0.529
0.458
0.413
0.410
0.444
0.430
0.493
0.402
0.435
0.505
0.468
0.431
0.391
0.427
0.410
0.491
0.380
0.416
0.511
0.452
0.414
0.466
0.460
0.454
0.594
0.432
0.467
0.613
0.496
0.460
0.407
0.397
0.395
0.526
0.366
0.405
0.546
0.428
0.400
0.438
0.442
0.410
0.572
0.411
0.422
0.600
0.492
0.436
0.428
0.431
0.416
0.567
0.399
0.429
0.600
0.486
0.439
0.417
0.421
0.401
0.552
0.388
0.415
0.575
0.465
0.416
0.400
0.377
0.336
0.503
0.353
0.358
0.488
0.394
0.334
0.402
0.393
0.360
0.484
0.366
0.377
0.467
0.405
0.355
0.391
0.385
0.348
0.487
0.351
0.363
0.476
0.395
0.342
0.456
0.412
0.380
0.568
0.397
0.402
0.553
0.425
0.374
0.403
0.357
0.328
0.502
0.334
0.342
0.496
0.371
0.324
0.423
0.391
0.344
0.543
0.372
0.365
0.530
0.411
0.344
0.420
0.383
0.345
0.540
0.362
0.365
0.537
0.411
0.351
0.421
0.382
0.342
0.536
0.361
0.361
0.530
0.405
0.344
0.397
0.354
0.329
0.498
0.346
0.345
0.483
0.367
0.329
0.399
0.370
0.354
0.494
0.360
0.367
0.474
0.381
0.354
0.388
0.364
0.335
0.481
0.346
0.345
0.471
0.372
0.335
0.447
0.390
0.369
0.554
0.386
0.386
0.541
0.404
0.367
0.395
0.338
0.321
0.496
0.330
0.335
0.491
0.353
0.323
0.418
0.370
0.335
0.531
0.363
0.354
0.519
0.386
0.340
0.414
0.362
0.333
0.526
0.354
0.350
0.524
0.384
0.343
0.411
0.358
0.332
0.522
0.351
0.347
0.516
0.376
0.336
0.418
0.399
0.368
0.534
0.383
0.391
0.521
0.429
0.381
0.420
0.416
0.389
0.507
0.391
0.405
0.497
0.441
0.400
0.406
0.402
0.370
0.507
0.375
0.386
0.502
0.424
0.380
0.473
0.430
0.405
0.600
0.418
0.427
0.594
0.458
0.416
0.426
0.380
0.359
0.540
0.363
0.376
0.544
0.410
0.375
0.449
0.423
0.378
0.583
0.409
0.402
0.579
0.460
0.402
0.439
0.408
0.375
0.577
0.392
0.397
0.583
0.453
0.402
0.433
0.401
0.367
0.566
0.387
0.390
0.564
0.438
0.386
0.333
0.320
0.385
0.402
0.303
0.406
0.364
0.323
0.353
0.340
0.345
0.400
0.396
0.321
0.414
0.362
0.345
0.370
0.332
0.336
0.394
0.393
0.308
0.408
0.361
0.335
0.366
0.383
0.361
0.423
0.456
0.349
0.445
0.419
0.360
0.390
0.340
0.311
0.379
0.408
0.296
0.398
0.381
0.315
0.355
0.351
0.338
0.378
0.431
0.322
0.398
0.403
0.350
0.350
0.347
0.332
0.387
0.425
0.315
0.410
0.401
0.345
0.363
0.341
0.330
0.378
0.416
0.310
0.398
0.392
0.342
0.350
0.323
0.321
0.375
0.387
0.297
0.393
0.347
0.321
0.342
0.338
0.348
0.399
0.393
0.321
0.412
0.356
0.345
0.365
0.325
0.339
0.389
0.382
0.305
0.401
0.346
0.331
0.355
0.371
0.360
0.412
0.439
0.340
0.431
0.398
0.351
0.374
0.330
0.311
0.370
0.393
0.288
0.386
0.362
0.309
0.340
0.342
0.341
0.373
0.414
0.318
0.392
0.380
0.343
0.341
0.336
0.335
0.379
0.408
0.310
0.400
0.378
0.341
0.352
0.332
0.331
0.371
0.400
0.303
0.388
0.371
0.338
0.341
0.333
0.318
0.384
0.417
0.304
0.412
0.375
0.319
0.346
0.342
0.342
0.402
0.413
0.323
0.425
0.373
0.341
0.366
0.332
0.336
0.395
0.407
0.310
0.415
0.370
0.332
0.359
0.379
0.353
0.417
0.464
0.342
0.442
0.427
0.349
0.375
0.341
0.309
0.379
0.423
0.299
0.406
0.391
0.311
0.347
0.351
0.335
0.376
0.446
0.323
0.403
0.414
0.347
0.342
0.345
0.330
0.385
0.440
0.315
0.414
0.413
0.341
0.355
0.342
0.327
0.376
0.429
0.309
0.402
0.401
0.338
0.342
0.323
0.314
0.366
0.389
0.295
0.386
0.352
0.319
0.337
0.331
0.339
0.384
0.388
0.315
0.399
0.354
0.341
0.358
0.318
0.331
0.375
0.376
0.301
0.387
0.346
0.330
0.350
0.376
0.362
0.408
0.445
0.343
0.427
0.412
0.360
0.378
0.330
0.308
0.361
0.396
0.289
0.379
0.369
0.309
0.337
0.336
0.331
0.359
0.412
0.312
0.379
0.384
0.344
0.333
0.332
0.326
0.365
0.409
0.307
0.388
0.385
0.339
0.343
0.326
0.323
0.357
0.397
0.299
0.375
0.373
0.336
0.330
0.343
0.337
0.393
0.405
0.315
0.414
0.362
0.337
0.359
0.354
0.363
0.413
0.407
0.336
0.429
0.367
0.361
0.381
0.339
0.349
0.400
0.394
0.318
0.413
0.358
0.345
0.368
0.385
0.370
0.423
0.446
0.350
0.441
0.405
0.363
0.386
0.345
0.322
0.382
0.409
0.304
0.403
0.372
0.322
0.353
0.357
0.356
0.386
0.427
0.334
0.406
0.394
0.364
0.355
0.352
0.349
0.393
0.423
0.327
0.416
0.392
0.358
0.366
0.351
0.349
0.390
0.415
0.323
0.407
0.384
0.357
0.356
0.398
0.372
0.393
0.504
0.356
0.413
0.509
0.420
0.401
0.402
0.397
0.413
0.484
0.373
0.429
0.482
0.430
0.413
0.390
0.387
0.402
0.481
0.359
0.417
0.486
0.422
0.405
0.462
0.422
0.444
0.580
0.406
0.462
0.588
0.460
0.444
0.413
0.365
0.395
0.525
0.351
0.413
0.533
0.401
0.397
0.431
0.401
0.399
0.557
0.385
0.418
0.576
0.460
0.422
0.427
0.396
0.409
0.557
0.377
0.428
0.576
0.451
0.424
0.412
0.384
0.392
0.537
0.364
0.411
0.551
0.436
0.403
0.387
0.339
0.320
0.485
0.325
0.350
0.461
0.362
0.317
0.388
0.357
0.341
0.467
0.340
0.369
0.444
0.377
0.337
0.377
0.353
0.331
0.463
0.327
0.354
0.445
0.370
0.325
0.443
0.382
0.365
0.546
0.369
0.392
0.525
0.397
0.358
0.396
0.330
0.319
0.492
0.316
0.344
0.477
0.347
0.316
0.410
0.360
0.329
0.521
0.345
0.358
0.502
0.387
0.329
0.409
0.355
0.331
0.519
0.338
0.357
0.509
0.385
0.334
0.404
0.350
0.322
0.510
0.333
0.348
0.497
0.379
0.324
0.375
0.323
0.308
0.469
0.317
0.328
0.450
0.340
0.308
0.377
0.338
0.331
0.468
0.331
0.350
0.445
0.356
0.331
0.364
0.339
0.318
0.449
0.324
0.333
0.435
0.354
0.318
0.422
0.361
0.348
0.516
0.351
0.363
0.502
0.372
0.340
0.382
0.315
0.311
0.473
0.308
0.327
0.464
0.332
0.309
0.397
0.344
0.318
0.502
0.337
0.339
0.485
0.361
0.319
0.395
0.339
0.317
0.499
0.331
0.337
0.490
0.360
0.322
0.388
0.332
0.312
0.491
0.325
0.331
0.481
0.356
0.316
0.403
0.357
0.352
0.512
0.350
0.379
0.493
0.392
0.361
0.404
0.374
0.371
0.491
0.360
0.395
0.472
0.404
0.378
0.392
0.368
0.354
0.484
0.350
0.375
0.472
0.394
0.363
0.458
0.397
0.391
0.573
0.389
0.415
0.559
0.423
0.396
0.417
0.352
0.354
0.525
0.342
0.376
0.519
0.381
0.364
0.431
0.387
0.363
0.555
0.380
0.391
0.544
0.427
0.381
0.425
0.376
0.362
0.554
0.366
0.389
0.549
0.419
0.382
0.413
0.366
0.351
0.535
0.355
0.375
0.526
0.405
0.363
0.290
0.335
0.368
0.356
0.292
0.372
0.331
0.326
0.327
0.309
0.368
0.393
0.358
0.320
0.389
0.339
0.362
0.361
0.295
0.366
0.389
0.343
0.303
0.378
0.327
0.352
0.348
0.349
0.371
0.412
0.423
0.344
0.421
0.397
0.361
0.370
0.308
0.320
0.369
0.376
0.288
0.374
0.361
0.316
0.339
0.318
0.350
0.358
0.393
0.310
0.360
0.386
0.356
0.328
0.309
0.344
0.370
0.384
0.303
0.375
0.378
0.350
0.340
0.313
0.338
0.365
0.387
0.302
0.371
0.377
0.343
0.333
0.282
0.341
0.361
0.341
0.289
0.361
0.315
0.330
0.319
0.308
0.376
0.392
0.355
0.321
0.388
0.334
0.366
0.355
0.290
0.373
0.385
0.333
0.300
0.369
0.314
0.353
0.337
0.339
0.377
0.403
0.407
0.339
0.409
0.376
0.358
0.357
0.297
0.326
0.362
0.361
0.283
0.364
0.342
0.316
0.326
0.308
0.357
0.355
0.375
0.308
0.354
0.363
0.355
0.320
0.300
0.353
0.366
0.367
0.301
0.366
0.356
0.352
0.331
0.302
0.344
0.359
0.371
0.299
0.362
0.358
0.346
0.326
0.288
0.342
0.369
0.364
0.294
0.376
0.337
0.331
0.320
0.309
0.374
0.397
0.368
0.322
0.397
0.347
0.364
0.355
0.295
0.377
0.393
0.350
0.305
0.381
0.331
0.356
0.338
0.342
0.375
0.407
0.423
0.338
0.415
0.399
0.358
0.354
0.303
0.325
0.369
0.382
0.288
0.377
0.363
0.317
0.327
0.312
0.357
0.357
0.399
0.312
0.361
0.392
0.360
0.319
0.304
0.352
0.370
0.391
0.305
0.377
0.384
0.352
0.329
0.307
0.344
0.363
0.391
0.303
0.371
0.381
0.350
0.325
0.279
0.335
0.352
0.339
0.287
0.354
0.314
0.328
0.314
0.301
0.369
0.381
0.348
0.316
0.377
0.328
0.363
0.349
0.285
0.370
0.375
0.326
0.300
0.361
0.310
0.357
0.334
0.340
0.378
0.399
0.407
0.342
0.405
0.380
0.367
0.359
0.296
0.322
0.354
0.357
0.283
0.357
0.340
0.314
0.322
0.302
0.350
0.344
0.369
0.303
0.344
0.362
0.355
0.313
0.295
0.346
0.353
0.362
0.297
0.355
0.354
0.350
0.323
0.296
0.338
0.346
0.363
0.292
0.350
0.351
0.342
0.316
0.300
0.359
0.379
0.359
0.307
0.381
0.329
0.352
0.337
0.324
0.396
0.410
0.368
0.337
0.404
0.344
0.389
0.372
0.306
0.388
0.400
0.349
0.316
0.386
0.327
0.376
0.353
0.352
0.389
0.416
0.416
0.349
0.420
0.383
0.374
0.367
0.313
0.339
0.376
0.378
0.298
0.380
0.354
0.333
0.339
0.326
0.377
0.370
0.393
0.326
0.370
0.378
0.381
0.333
0.317
0.373
0.383
0.384
0.318
0.383
0.370
0.376
0.345
0.321
0.364
0.378
0.387
0.317
0.380
0.370
0.369
0.340
0.363
0.382
0.379
0.464
0.347
0.388
0.482
0.422
0.383
0.380
0.417
0.411
0.454
0.375
0.414
0.468
0.443
0.408
0.358
0.408
0.398
0.439
0.354
0.394
0.459
0.432
0.391
0.440
0.432
0.439
0.559
0.407
0.449
0.579
0.468
0.437
0.386
0.369
0.385
0.495
0.342
0.394
0.520
0.404
0.386
0.405
0.409
0.385
0.526
0.377
0.391
0.563
0.465
0.408
0.395
0.401
0.395
0.522
0.367
0.402
0.560
0.458
0.411
0.388
0.386
0.382
0.511
0.356
0.391
0.540
0.438
0.393
0.352
0.331
0.297
0.444
0.309
0.317
0.437
0.353
0.296
0.362
0.360
0.327
0.433
0.333
0.344
0.427
0.380
0.327
0.343
0.355
0.313
0.418
0.314
0.322
0.416
0.368
0.307
0.418
0.375
0.350
0.523
0.363
0.371
0.515
0.392
0.344
0.375
0.325
0.306
0.464
0.304
0.320
0.468
0.343
0.304
0.383
0.353
0.311
0.491
0.332
0.326
0.489
0.379
0.312
0.378
0.346
0.311
0.487
0.323
0.328
0.494
0.378
0.317
0.383
0.339
0.309
0.489
0.321
0.327
0.488
0.369
0.312
0.343
0.311
0.289
0.433
0.303
0.303
0.426
0.331
0.289
0.352
0.338
0.322
0.437
0.326
0.333
0.427
0.357
0.323
0.334
0.337
0.306
0.411
0.312
0.309
0.409
0.350
0.302
0.403
0.355
0.338
0.501
0.349
0.351
0.494
0.370
0.333
0.361
0.307
0.300
0.452
0.298
0.311
0.453
0.326
0.301
0.373
0.335
0.301
0.474
0.324
0.315
0.473
0.356
0.305
0.368
0.328
0.300
0.470
0.318
0.314
0.476
0.355
0.309
0.367
0.320
0.300
0.469
0.315
0.314
0.470
0.348
0.305
0.365
0.355
0.328
0.470
0.337
0.348
0.467
0.393
0.341
0.376
0.381
0.357
0.455
0.355
0.371
0.454
0.412
0.368
0.356
0.373
0.337
0.440
0.338
0.346
0.444
0.401
0.344
0.431
0.394
0.373
0.548
0.381
0.392
0.548
0.426
0.381
0.390
0.347
0.336
0.496
0.329
0.350
0.506
0.381
0.350
0.402
0.385
0.342
0.524
0.366
0.359
0.531
0.431
0.365
0.391
0.372
0.340
0.520
0.353
0.359
0.533
0.422
0.366
0.388
0.360
0.334
0.512
0.346
0.354
0.518
0.407
0.353
0.304
0.369
0.375
0.355
0.309
0.370
0.337
0.350
0.335
0.321
0.397
0.393
0.361
0.334
0.385
0.346
0.381
0.358
0.308
0.378
0.393
0.352
0.315
0.381
0.337
0.355
0.353
0.334
0.380
0.391
0.395
0.336
0.396
0.376
0.359
0.350
0.304
0.342
0.358
0.360
0.295
0.360
0.349
0.331
0.330
0.327
0.384
0.370
0.390
0.329
0.372
0.382
0.376
0.335
0.320
0.379
0.374
0.380
0.321
0.377
0.377
0.371
0.344
0.317
0.370
0.367
0.377
0.317
0.368
0.369
0.366
0.334
0.298
0.367
0.368
0.342
0.305
0.360
0.322
0.347
0.325
0.321
0.397
0.394
0.360
0.333
0.385
0.343
0.376
0.352
0.305
0.378
0.389
0.342
0.311
0.374
0.324
0.348
0.342
0.326
0.376
0.382
0.382
0.326
0.384
0.359
0.348
0.336
0.298
0.342
0.353
0.349
0.289
0.351
0.334
0.323
0.318
0.321
0.381
0.366
0.376
0.322
0.364
0.363
0.362
0.324
0.314
0.379
0.370
0.367
0.316
0.368
0.358
0.363
0.333
0.311
0.371
0.362
0.363
0.310
0.358
0.353
0.361
0.326
0.304
0.364
0.373
0.368
0.307
0.375
0.347
0.343
0.325
0.321
0.392
0.393
0.374
0.331
0.392
0.354
0.373
0.351
0.309
0.374
0.392
0.363
0.312
0.385
0.341
0.346
0.342
0.329
0.371
0.383
0.401
0.325
0.391
0.381
0.348
0.335
0.303
0.338
0.356
0.372
0.293
0.365
0.355
0.322
0.318
0.324
0.377
0.363
0.400
0.324
0.371
0.389
0.368
0.323
0.316
0.373
0.370
0.392
0.316
0.378
0.384
0.362
0.330
0.317
0.368
0.364
0.385
0.314
0.368
0.378
0.362
0.325
0.296
0.364
0.359
0.345
0.304
0.355
0.326
0.346
0.321
0.314
0.389
0.380
0.352
0.327
0.373
0.338
0.375
0.347
0.300
0.373
0.379
0.338
0.308
0.364
0.323
0.351
0.339
0.331
0.380
0.379
0.386
0.331
0.382
0.366
0.359
0.340
0.299
0.341
0.346
0.349
0.290
0.346
0.338
0.328
0.317
0.318
0.378
0.356
0.374
0.320
0.356
0.365
0.368
0.320
0.310
0.372
0.358
0.365
0.312
0.359
0.359
0.362
0.325
0.306
0.368
0.351
0.360
0.308
0.348
0.353
0.363
0.319
0.316
0.388
0.388
0.357
0.326
0.382
0.337
0.372
0.345
0.335
0.415
0.408
0.369
0.350
0.400
0.352
0.402
0.372
0.320
0.394
0.405
0.353
0.330
0.390
0.336
0.373
0.361
0.342
0.397
0.399
0.388
0.343
0.398
0.363
0.372
0.354
0.314
0.364
0.371
0.361
0.309
0.369
0.343
0.347
0.336
0.340
0.408
0.386
0.388
0.346
0.383
0.375
0.396
0.345
0.330
0.402
0.388
0.377
0.337
0.386
0.367
0.389
0.350
0.331
0.399
0.386
0.376
0.334
0.380
0.367
0.391
0.348
0.385
0.426
0.392
0.472
0.372
0.394
0.494
0.457
0.399
0.396
0.447
0.415
0.462
0.393
0.416
0.478
0.469
0.416
0.383
0.433
0.406
0.455
0.373
0.400
0.476
0.453
0.401
0.427
0.442
0.418
0.531
0.400
0.427
0.556
0.475
0.426
0.387
0.395
0.380
0.483
0.353
0.385
0.506
0.422
0.384
0.420
0.448
0.400
0.525
0.398
0.404
0.560
0.491
0.421
0.411
0.439
0.402
0.520
0.387
0.407
0.556
0.483
0.420
0.401
0.425
0.390
0.507
0.378
0.395
0.534
0.465
0.401
0.375
0.376
0.309
0.452
0.338
0.324
0.445
0.388
0.309
0.379
0.395
0.333
0.443
0.352
0.347
0.434
0.404
0.334
0.369
0.380
0.318
0.435
0.335
0.328
0.433
0.386
0.317
0.410
0.391
0.336
0.499
0.363
0.353
0.487
0.397
0.332
0.375
0.353
0.303
0.453
0.321
0.315
0.451
0.364
0.303
0.402
0.396
0.325
0.493
0.360
0.342
0.485
0.407
0.325
0.399
0.390
0.323
0.486
0.351
0.336
0.487
0.405
0.327
0.395
0.382
0.316
0.482
0.345
0.328
0.479
0.399
0.319
0.361
0.343
0.301
0.441
0.322
0.309
0.428
0.352
0.297
0.365
0.365
0.328
0.440
0.341
0.335
0.430
0.377
0.328
0.352
0.352
0.315
0.423
0.326
0.315
0.415
0.359
0.309
0.391
0.362
0.323
0.479
0.345
0.335
0.466
0.366
0.318
0.360
0.329
0.296
0.443
0.310
0.305
0.441
0.342
0.299
0.385
0.367
0.314
0.478
0.344
0.326
0.466
0.373
0.313
0.381
0.361
0.310
0.474
0.338
0.322
0.467
0.373
0.314
0.375
0.348
0.305
0.467
0.330
0.314
0.461
0.367
0.308
0.381
0.384
0.334
0.467
0.351
0.348
0.464
0.407
0.346
0.387
0.407
0.359
0.456
0.367
0.370
0.451
0.426
0.370
0.375
0.387
0.338
0.446
0.348
0.345
0.448
0.403
0.346
0.416
0.398
0.356
0.518
0.373
0.373
0.512
0.415
0.365
0.386
0.366
0.329
0.477
0.336
0.340
0.482
0.387
0.344
0.410
0.412
0.351
0.517
0.382
0.368
0.516
0.440
0.370
0.400
0.398
0.343
0.509
0.364
0.358
0.513
0.427
0.364
0.393
0.387
0.334
0.497
0.356
0.347
0.499
0.417
0.351
0.382
0.560
0.429
0.425
0.439
0.419
0.447
0.574
0.424
0.400
0.582
0.452
0.431
0.466
0.439
0.451
0.594
0.446
0.396
0.588
0.450
0.431
0.456
0.431
0.459
0.602
0.445
0.446
0.587
0.479
0.498
0.488
0.470
0.516
0.599
0.471
0.386
0.513
0.418
0.440
0.425
0.414
0.455
0.527
0.415
0.451
0.615
0.458
0.511
0.514
0.458
0.566
0.676
0.504
0.433
0.606
0.466
0.484
0.487
0.454
0.531
0.645
0.484
0.417
0.581
0.438
0.467
0.468
0.433
0.509
0.619
0.460
0.380
0.565
0.430
0.421
0.442
0.418
0.435
0.575
0.416
0.409
0.594
0.461
0.441
0.475
0.448
0.455
0.602
0.447
0.395
0.593
0.450
0.426
0.460
0.430
0.444
0.600
0.431
0.442
0.593
0.479
0.489
0.488
0.466
0.502
0.599
0.460
0.385
0.525
0.420
0.434
0.428
0.411
0.444
0.533
0.406
0.445
0.619
0.460
0.501
0.513
0.456
0.545
0.671
0.488
0.431
0.614
0.470
0.475
0.489
0.454
0.513
0.644
0.473
0.417
0.591
0.446
0.464
0.476
0.437
0.498
0.624
0.455
0.389
0.566
0.433
0.442
0.441
0.424
0.465
0.580
0.422
0.408
0.587
0.455
0.449
0.466
0.445
0.468
0.598
0.445
0.400
0.594
0.450
0.444
0.458
0.434
0.468
0.604
0.434
0.444
0.585
0.472
0.505
0.480
0.464
0.523
0.596
0.459
0.390
0.521
0.419
0.455
0.427
0.418
0.467
0.533
0.410
0.466
0.631
0.470
0.537
0.529
0.474
0.591
0.695
0.512
0.436
0.612
0.468
0.499
0.487
0.459
0.543
0.648
0.477
0.426
0.591
0.445
0.486
0.478
0.443
0.527
0.630
0.463
0.365
0.550
0.409
0.403
0.431
0.396
0.422
0.565
0.399
0.388
0.573
0.435
0.418
0.457
0.423
0.436
0.587
0.428
0.376
0.577
0.428
0.406
0.447
0.407
0.429
0.590
0.416
0.432
0.584
0.463
0.476
0.481
0.450
0.492
0.594
0.450
0.371
0.510
0.402
0.418
0.416
0.395
0.434
0.523
0.395
0.418
0.594
0.429
0.469
0.486
0.424
0.514
0.642
0.455
0.406
0.589
0.439
0.450
0.466
0.423
0.490
0.621
0.445
0.389
0.565
0.413
0.435
0.450
0.405
0.468
0.599
0.424
0.397
0.581
0.448
0.435
0.465
0.440
0.448
0.594
0.433
0.418
0.603
0.472
0.446
0.490
0.462
0.458
0.614
0.459
0.408
0.605
0.465
0.439
0.478
0.448
0.455
0.615
0.448
0.450
0.600
0.489
0.491
0.498
0.476
0.501
0.607
0.469
0.396
0.534
0.432
0.443
0.444
0.428
0.451
0.546
0.421
0.465
0.638
0.479
0.520
0.542
0.482
0.568
0.701
0.517
0.443
0.626
0.484
0.486
0.508
0.472
0.523
0.664
0.490
0.430
0.605
0.461
0.473
0.497
0.456
0.507
0.643
0.472
0.419
0.454
0.422
0.536
0.413
0.436
0.538
0.472
0.422
0.436
0.486
0.452
0.520
0.437
0.456
0.525
0.495
0.446
0.422
0.482
0.437
0.521
0.423
0.439
0.532
0.495
0.433
0.487
0.500
0.473
0.612
0.468
0.486
0.615
0.518
0.470
0.427
0.436
0.412
0.546
0.406
0.425
0.551
0.455
0.413
0.489
0.517
0.453
0.614
0.485
0.464
0.650
0.571
0.491
0.471
0.504
0.461
0.601
0.460
0.471
0.629
0.545
0.481
0.456
0.480
0.433
0.583
0.441
0.447
0.601
0.516
0.452
0.416
0.389
0.414
0.531
0.383
0.442
0.518
0.418
0.410
0.428
0.420
0.437
0.522
0.406
0.460
0.508
0.443
0.431
0.412
0.409
0.425
0.514
0.393
0.447
0.502
0.435
0.419
0.471
0.439
0.456
0.591
0.429
0.479
0.578
0.462
0.445
0.418
0.386
0.405
0.537
0.380
0.431
0.527
0.412
0.401
0.462
0.448
0.432
0.587
0.438
0.455
0.606
0.509
0.460
0.454
0.442
0.443
0.581
0.423
0.467
0.589
0.485
0.452
0.442
0.421
0.423
0.567
0.409
0.451
0.568
0.465
0.433
0.408
0.428
0.421
0.521
0.402
0.438
0.528
0.462
0.422
0.418
0.461
0.446
0.505
0.425
0.454
0.515
0.488
0.445
0.410
0.458
0.438
0.505
0.416
0.444
0.519
0.489
0.436
0.468
0.470
0.466
0.592
0.454
0.484
0.597
0.503
0.462
0.415
0.414
0.413
0.532
0.397
0.429
0.543
0.449
0.414
0.475
0.489
0.449
0.595
0.470
0.461
0.648
0.569
0.497
0.458
0.477
0.458
0.582
0.447
0.469
0.621
0.539
0.483
0.444
0.455
0.433
0.566
0.432
0.451
0.598
0.515
0.461
0.414
0.435
0.418
0.519
0.405
0.435
0.529
0.449
0.420
0.421
0.458
0.437
0.505
0.421
0.447
0.514
0.463
0.436
0.417
0.452
0.431
0.506
0.413
0.439
0.519
0.460
0.431
0.461
0.463
0.450
0.575
0.440
0.468
0.579
0.472
0.446
0.415
0.418
0.407
0.526
0.396
0.424
0.536
0.434
0.410
0.473
0.493
0.445
0.587
0.471
0.460
0.626
0.544
0.484
0.462
0.481
0.455
0.576
0.447
0.466
0.605
0.512
0.471
0.445
0.457
0.429
0.558
0.429
0.446
0.587
0.492
0.453
0.353
0.509
0.333
0.395
0.409
0.335
0.404
0.519
0.330
0.359
0.525
0.348
0.391
0.427
0.347
0.401
0.532
0.346
0.347
0.519
0.336
0.380
0.407
0.329
0.392
0.523
0.331
0.403
0.528
0.374
0.450
0.449
0.378
0.452
0.536
0.369
0.351
0.466
0.322
0.390
0.384
0.322
0.401
0.476
0.322
0.369
0.523
0.336
0.417
0.428
0.340
0.429
0.542
0.340
0.365
0.522
0.342
0.414
0.421
0.342
0.434
0.544
0.348
0.363
0.512
0.332
0.409
0.413
0.335
0.425
0.532
0.339
0.347
0.511
0.332
0.385
0.410
0.333
0.390
0.519
0.324
0.359
0.528
0.353
0.391
0.431
0.351
0.394
0.531
0.343
0.343
0.522
0.337
0.372
0.411
0.327
0.375
0.519
0.321
0.394
0.530
0.371
0.435
0.448
0.372
0.433
0.533
0.358
0.344
0.470
0.320
0.378
0.384
0.316
0.385
0.476
0.312
0.360
0.524
0.335
0.402
0.429
0.336
0.409
0.538
0.329
0.357
0.523
0.342
0.399
0.423
0.339
0.413
0.540
0.338
0.355
0.513
0.332
0.395
0.413
0.331
0.409
0.531
0.332
0.362
0.517
0.335
0.411
0.417
0.342
0.420
0.528
0.333
0.368
0.530
0.351
0.408
0.431
0.355
0.416
0.538
0.349
0.355
0.527
0.338
0.393
0.415
0.335
0.401
0.529
0.329
0.404
0.529
0.369
0.459
0.449
0.376
0.458
0.538
0.361
0.355
0.473
0.321
0.404
0.391
0.326
0.410
0.484
0.319
0.372
0.527
0.334
0.428
0.431
0.342
0.438
0.549
0.337
0.367
0.525
0.341
0.425
0.423
0.345
0.443
0.549
0.345
0.369
0.518
0.333
0.421
0.419
0.339
0.437
0.540
0.339
0.345
0.511
0.326
0.381
0.414
0.327
0.390
0.524
0.323
0.353
0.524
0.343
0.383
0.428
0.342
0.390
0.532
0.340
0.339
0.520
0.329
0.367
0.414
0.322
0.377
0.528
0.323
0.396
0.533
0.370
0.436
0.453
0.372
0.439
0.544
0.364
0.341
0.468
0.315
0.377
0.387
0.314
0.386
0.479
0.314
0.356
0.520
0.326
0.398
0.428
0.328
0.409
0.541
0.327
0.352
0.521
0.333
0.394
0.421
0.331
0.413
0.544
0.336
0.348
0.509
0.322
0.389
0.410
0.322
0.405
0.532
0.326
0.364
0.529
0.351
0.396
0.430
0.352
0.401
0.538
0.342
0.376
0.546
0.370
0.400
0.447
0.367
0.404
0.550
0.361
0.360
0.537
0.352
0.385
0.428
0.344
0.391
0.541
0.340
0.404
0.539
0.382
0.436
0.454
0.381
0.436
0.544
0.370
0.357
0.483
0.335
0.389
0.399
0.333
0.394
0.491
0.329
0.375
0.540
0.353
0.414
0.445
0.353
0.421
0.557
0.347
0.370
0.540
0.359
0.408
0.438
0.356
0.423
0.559
0.355
0.373
0.533
0.352
0.406
0.433
0.351
0.420
0.551
0.349
0.395
0.414
0.341
0.486
0.375
0.354
0.481
0.419
0.338
0.397
0.436
0.357
0.465
0.389
0.365
0.461
0.434
0.354
0.384
0.425
0.338
0.461
0.372
0.342
0.462
0.425
0.334
0.448
0.441
0.378
0.543
0.417
0.392
0.536
0.450
0.373
0.393
0.384
0.322
0.477
0.355
0.331
0.480
0.394
0.323
0.413
0.430
0.341
0.514
0.394
0.354
0.514
0.442
0.344
0.409
0.425
0.348
0.512
0.386
0.358
0.519
0.443
0.353
0.407
0.419
0.339
0.509
0.381
0.352
0.509
0.432
0.343
0.392
0.355
0.342
0.485
0.348
0.365
0.469
0.376
0.336
0.393
0.375
0.357
0.468
0.363
0.375
0.455
0.393
0.351
0.377
0.365
0.340
0.455
0.345
0.353
0.446
0.382
0.332
0.435
0.393
0.373
0.526
0.383
0.391
0.512
0.408
0.362
0.386
0.343
0.325
0.474
0.335
0.343
0.465
0.363
0.322
0.401
0.376
0.337
0.499
0.363
0.357
0.490
0.403
0.333
0.403
0.378
0.347
0.504
0.362
0.366
0.501
0.406
0.347
0.397
0.366
0.337
0.497
0.352
0.359
0.488
0.393
0.336
0.375
0.382
0.324
0.459
0.357
0.337
0.466
0.403
0.325
0.381
0.411
0.343
0.444
0.378
0.351
0.450
0.425
0.345
0.367
0.401
0.327
0.434
0.359
0.329
0.444
0.413
0.325
0.427
0.420
0.365
0.515
0.403
0.378
0.518
0.439
0.363
0.376
0.365
0.314
0.455
0.343
0.322
0.468
0.388
0.318
0.394
0.402
0.328
0.485
0.376
0.337
0.500
0.431
0.335
0.390
0.399
0.336
0.484
0.370
0.343
0.507
0.433
0.345
0.387
0.389
0.325
0.477
0.361
0.335
0.492
0.420
0.332
0.370
0.375
0.324
0.454
0.347
0.337
0.459
0.376
0.326
0.371
0.392
0.338
0.437
0.360
0.346
0.443
0.391
0.340
0.362
0.380
0.324
0.429
0.344
0.328
0.437
0.375
0.322
0.410
0.399
0.351
0.497
0.378
0.365
0.496
0.398
0.348
0.366
0.356
0.311
0.446
0.333
0.320
0.455
0.362
0.313
0.386
0.393
0.325
0.474
0.368
0.337
0.482
0.401
0.328
0.387
0.391
0.335
0.477
0.363
0.345
0.491
0.401
0.340
0.379
0.377
0.323
0.470
0.351
0.336
0.481
0.387
0.330
0.316
0.452
0.328
0.358
0.373
0.317
0.361
0.458
0.316
0.335
0.481
0.359
0.370
0.397
0.343
0.373
0.484
0.344
0.322
0.475
0.347
0.355
0.380
0.326
0.361
0.475
0.330
0.363
0.474
0.363
0.408
0.405
0.353
0.409
0.475
0.349
0.326
0.425
0.327
0.365
0.356
0.315
0.374
0.431
0.319
0.343
0.475
0.330
0.392
0.398
0.326
0.398
0.486
0.329
0.337
0.471
0.334
0.383
0.388
0.324
0.399
0.486
0.335
0.323
0.452
0.320
0.371
0.373
0.312
0.383
0.467
0.318
0.311
0.453
0.325
0.346
0.371
0.312
0.349
0.457
0.309
0.337
0.484
0.362
0.369
0.396
0.344
0.370
0.482
0.340
0.320
0.476
0.345
0.346
0.380
0.321
0.347
0.469
0.317
0.355
0.473
0.357
0.393
0.399
0.343
0.392
0.467
0.335
0.320
0.429
0.323
0.354
0.355
0.309
0.360
0.431
0.308
0.336
0.476
0.328
0.376
0.394
0.321
0.379
0.482
0.317
0.329
0.471
0.332
0.368
0.386
0.319
0.380
0.482
0.322
0.317
0.454
0.318
0.357
0.373
0.309
0.368
0.467
0.311
0.331
0.463
0.333
0.377
0.385
0.327
0.386
0.474
0.324
0.344
0.485
0.361
0.387
0.401
0.349
0.391
0.489
0.347
0.331
0.480
0.348
0.369
0.389
0.331
0.375
0.481
0.328
0.367
0.472
0.355
0.417
0.405
0.349
0.419
0.474
0.343
0.332
0.431
0.326
0.378
0.364
0.319
0.386
0.440
0.318
0.349
0.478
0.330
0.402
0.400
0.328
0.410
0.491
0.327
0.343
0.475
0.335
0.397
0.393
0.328
0.412
0.490
0.333
0.329
0.455
0.319
0.381
0.379
0.315
0.395
0.473
0.317
0.310
0.455
0.316
0.346
0.376
0.306
0.353
0.465
0.307
0.328
0.477
0.346
0.359
0.392
0.331
0.364
0.483
0.333
0.313
0.474
0.334
0.340
0.381
0.312
0.348
0.478
0.317
0.363
0.482
0.357
0.400
0.411
0.346
0.406
0.488
0.347
0.318
0.428
0.315
0.351
0.357
0.303
0.362
0.437
0.309
0.331
0.471
0.316
0.372
0.393
0.310
0.381
0.487
0.313
0.326
0.468
0.319
0.366
0.385
0.309
0.381
0.486
0.318
0.314
0.452
0.307
0.353
0.371
0.297
0.366
0.470
0.305
0.349
0.489
0.354
0.381
0.408
0.343
0.382
0.496
0.339
0.366
0.513
0.386
0.392
0.425
0.368
0.392
0.516
0.366
0.350
0.503
0.367
0.374
0.409
0.346
0.376
0.504
0.346
0.388
0.502
0.383
0.417
0.425
0.368
0.417
0.501
0.365
0.350
0.457
0.350
0.378
0.382
0.334
0.384
0.461
0.336
0.371
0.510
0.358
0.406
0.428
0.350
0.408
0.519
0.348
0.362
0.505
0.362
0.397
0.416
0.348
0.407
0.517
0.352
0.352
0.489
0.349
0.386
0.405
0.338
0.395
0.503
0.339
0.366
0.371
0.325
0.450
0.346
0.327
0.450
0.380
0.321
0.379
0.395
0.356
0.454
0.367
0.353
0.449
0.401
0.347
0.362
0.384
0.334
0.435
0.349
0.329
0.437
0.389
0.325
0.418
0.402
0.360
0.505
0.383
0.364
0.507
0.410
0.356
0.375
0.356
0.319
0.453
0.334
0.318
0.462
0.365
0.318
0.394
0.395
0.330
0.487
0.370
0.335
0.491
0.405
0.332
0.386
0.388
0.330
0.478
0.359
0.331
0.490
0.403
0.335
0.377
0.373
0.320
0.472
0.349
0.324
0.477
0.388
0.323
0.361
0.327
0.327
0.442
0.323
0.335
0.436
0.348
0.317
0.378
0.355
0.358
0.453
0.346
0.364
0.441
0.372
0.345
0.355
0.342
0.339
0.425
0.328
0.340
0.417
0.356
0.323
0.405
0.364
0.358
0.488
0.355
0.363
0.481
0.374
0.341
0.371
0.327
0.327
0.449
0.317
0.331
0.448
0.343
0.316
0.383
0.356
0.327
0.473
0.346
0.339
0.468
0.373
0.321
0.379
0.352
0.333
0.470
0.339
0.340
0.471
0.373
0.327
0.367
0.334
0.322
0.460
0.326
0.331
0.457
0.359
0.315
0.339
0.340
0.310
0.413
0.322
0.311
0.424
0.360
0.306
0.357
0.366
0.343
0.423
0.346
0.339
0.429
0.384
0.336
0.339
0.359
0.326
0.402
0.330
0.317
0.413
0.373
0.315
0.389
0.374
0.347
0.469
0.361
0.349
0.477
0.388
0.339
0.353
0.333
0.313
0.425
0.317
0.310
0.443
0.353
0.311
0.368
0.364
0.315
0.451
0.347
0.318
0.469
0.387
0.320
0.360
0.357
0.318
0.444
0.337
0.317
0.469
0.386
0.325
0.352
0.344
0.307
0.434
0.327
0.309
0.453
0.373
0.311
0.344
0.341
0.314
0.420
0.323
0.315
0.427
0.349
0.309
0.353
0.360
0.338
0.422
0.338
0.337
0.429
0.366
0.333
0.343
0.352
0.325
0.406
0.325
0.319
0.413
0.354
0.315
0.380
0.364
0.336
0.460
0.346
0.338
0.464
0.368
0.328
0.352
0.336
0.314
0.428
0.318
0.313
0.441
0.347
0.312
0.366
0.365
0.316
0.451
0.347
0.322
0.458
0.373
0.316
0.364
0.361
0.322
0.448
0.340
0.323
0.464
0.374
0.324
0.351
0.340
0.307
0.437
0.322
0.310
0.450
0.355
0.308
0.382
0.551
0.392
0.426
0.448
0.389
0.437
0.569
0.396
0.388
0.565
0.412
0.425
0.462
0.405
0.438
0.584
0.417
0.389
0.573
0.410
0.424
0.458
0.397
0.445
0.592
0.415
0.435
0.566
0.427
0.489
0.487
0.431
0.501
0.590
0.441
0.388
0.509
0.383
0.434
0.428
0.382
0.453
0.532
0.400
0.421
0.582
0.410
0.472
0.485
0.410
0.499
0.619
0.432
0.411
0.579
0.417
0.462
0.472
0.412
0.495
0.617
0.439
0.398
0.558
0.392
0.448
0.458
0.394
0.469
0.589
0.410
0.380
0.555
0.393
0.419
0.452
0.389
0.423
0.568
0.390
0.394
0.572
0.417
0.428
0.470
0.410
0.436
0.587
0.416
0.388
0.577
0.410
0.419
0.465
0.397
0.430
0.588
0.405
0.430
0.571
0.427
0.477
0.490
0.428
0.485
0.589
0.432
0.385
0.518
0.384
0.427
0.435
0.381
0.441
0.537
0.393
0.419
0.589
0.414
0.465
0.493
0.413
0.485
0.619
0.426
0.407
0.585
0.420
0.449
0.478
0.412
0.476
0.615
0.430
0.395
0.563
0.395
0.437
0.465
0.393
0.456
0.591
0.405
0.400
0.563
0.396
0.449
0.464
0.400
0.463
0.583
0.403
0.407
0.576
0.420
0.449
0.475
0.419
0.463
0.596
0.427
0.408
0.586
0.414
0.446
0.477
0.408
0.469
0.606
0.420
0.449
0.577
0.431
0.508
0.500
0.438
0.523
0.603
0.445
0.405
0.525
0.390
0.458
0.449
0.396
0.477
0.553
0.408
0.440
0.598
0.421
0.496
0.506
0.425
0.529
0.642
0.447
0.427
0.593
0.428
0.484
0.489
0.426
0.524
0.636
0.452
0.413
0.569
0.400
0.464
0.474
0.404
0.491
0.603
0.418
0.371
0.548
0.379
0.412
0.446
0.377
0.425
0.567
0.383
0.381
0.561
0.404
0.415
0.458
0.397
0.429
0.580
0.407
0.377
0.568
0.396
0.409
0.459
0.386
0.427
0.587
0.399
0.428
0.569
0.421
0.474
0.489
0.424
0.492
0.594
0.433
0.377
0.509
0.373
0.418
0.428
0.372
0.440
0.532
0.388
0.409
0.576
0.397
0.455
0.482
0.397
0.482
0.613
0.415
0.399
0.573
0.403
0.444
0.470
0.399
0.477
0.612
0.421
0.386
0.553
0.379
0.430
0.456
0.381
0.454
0.587
0.395
0.396
0.569
0.405
0.431
0.467
0.402
0.435
0.582
0.401
0.408
0.586
0.430
0.438
0.485
0.424
0.446
0.601
0.429
0.400
0.585
0.418
0.429
0.477
0.409
0.442
0.600
0.416
0.440
0.576
0.436
0.482
0.496
0.436
0.488
0.596
0.440
0.395
0.524
0.392
0.435
0.444
0.391
0.444
0.543
0.399
0.430
0.597
0.425
0.474
0.505
0.424
0.491
0.629
0.434
0.417
0.593
0.431
0.459
0.490
0.423
0.481
0.624
0.438
0.409
0.575
0.407
0.449
0.480
0.407
0.464
0.602
0.415
0.425
0.446
0.391
0.524
0.414
0.403
0.520
0.462
0.399
0.429
0.466
0.416
0.509
0.428
0.424
0.507
0.479
0.423
0.424
0.469
0.402
0.509
0.422
0.407
0.515
0.485
0.412
0.484
0.478
0.431
0.594
0.461
0.446
0.595
0.505
0.445
0.435
0.426
0.383
0.534
0.404
0.392
0.542
0.452
0.399
0.468
0.490
0.414
0.577
0.457
0.424
0.587
0.517
0.432
0.456
0.475
0.419
0.570
0.442
0.427
0.588
0.512
0.441
0.446
0.462
0.398
0.557
0.430
0.411
0.560
0.487
0.413
0.417
0.389
0.390
0.516
0.384
0.411
0.503
0.418
0.391
0.423
0.409
0.411
0.506
0.398
0.431
0.495
0.436
0.413
0.415
0.409
0.402
0.498
0.393
0.417
0.494
0.436
0.404
0.466
0.430
0.423
0.570
0.425
0.444
0.563
0.459
0.426
0.426
0.387
0.383
0.524
0.381
0.403
0.522
0.419
0.393
0.450
0.435
0.403
0.559
0.425
0.424
0.556
0.473
0.415
0.444
0.427
0.412
0.556
0.414
0.432
0.559
0.468
0.425
0.429
0.406
0.389
0.539
0.398
0.414
0.529
0.441
0.396
0.397
0.406
0.373
0.487
0.386
0.384
0.492
0.436
0.380
0.405
0.433
0.401
0.482
0.407
0.409
0.485
0.461
0.410
0.400
0.433
0.389
0.475
0.398
0.393
0.490
0.462
0.400
0.452
0.442
0.413
0.557
0.437
0.431
0.566
0.482
0.427
0.407
0.393
0.369
0.501
0.381
0.380
0.518
0.433
0.386
0.439
0.447
0.395
0.538
0.426
0.405
0.564
0.495
0.418
0.430
0.438
0.403
0.534
0.415
0.411
0.566
0.492
0.427
0.419
0.422
0.380
0.517
0.402
0.393
0.535
0.466
0.398
0.388
0.401
0.366
0.480
0.377
0.378
0.484
0.412
0.372
0.394
0.418
0.387
0.470
0.389
0.395
0.477
0.430
0.395
0.394
0.417
0.379
0.467
0.383
0.382
0.479
0.425
0.385
0.436
0.429
0.395
0.538
0.414
0.410
0.541
0.446
0.404
0.399
0.391
0.362
0.493
0.373
0.372
0.507
0.415
0.377
0.428
0.442
0.386
0.525
0.418
0.396
0.542
0.468
0.403
0.423
0.435
0.395
0.524
0.408
0.403
0.542
0.459
0.409
0.408
0.411
0.370
0.508
0.390
0.383
0.519
0.433
0.383
