0.335
0.363
0.435
0.380
0.349
0.444
0.363
0.350
0.405
0.355
0.393
0.456
0.389
0.375
0.461
0.377
0.382
0.430
0.338
0.384
0.450
0.372
0.358
0.450
0.360
0.367
0.419
0.386
0.407
0.474
0.429
0.399
0.487
0.411
0.396
0.448
0.334
0.352
0.421
0.372
0.340
0.429
0.364
0.346
0.402
0.349
0.378
0.429
0.397
0.364
0.439
0.385
0.370
0.402
0.346
0.377
0.435
0.390
0.361
0.446
0.386
0.374
0.416
0.339
0.367
0.425
0.383
0.352
0.435
0.373
0.362
0.401
0.352
0.318
0.442
0.403
0.332
0.467
0.381
0.323
0.429
0.374
0.348
0.462
0.416
0.357
0.482
0.399
0.354
0.449
0.351
0.339
0.455
0.394
0.341
0.472
0.378
0.339
0.441
0.396
0.368
0.479
0.440
0.377
0.500
0.417
0.366
0.460
0.351
0.320
0.433
0.394
0.329
0.453
0.380
0.327
0.424
0.363
0.336
0.442
0.411
0.346
0.462
0.389
0.339
0.421
0.360
0.341
0.446
0.410
0.348
0.470
0.396
0.348
0.436
0.354
0.328
0.437
0.400
0.335
0.458
0.382
0.333
0.421
0.318
0.334
0.428
0.356
0.330
0.435
0.347
0.335
0.405
0.340
0.368
0.450
0.370
0.360
0.454
0.367
0.372
0.432
0.323
0.358
0.446
0.350
0.343
0.444
0.348
0.357
0.422
0.369
0.384
0.470
0.408
0.386
0.482
0.395
0.384
0.448
0.320
0.333
0.420
0.354
0.328
0.427
0.354
0.341
0.407
0.333
0.351
0.427
0.372
0.345
0.433
0.372
0.359
0.407
0.332
0.352
0.433
0.368
0.345
0.441
0.375
0.366
0.423
0.325
0.342
0.423
0.361
0.334
0.430
0.360
0.349
0.404
0.314
0.333
0.412
0.352
0.323
0.420
0.347
0.324
0.395
0.332
0.361
0.431
0.361
0.348
0.435
0.361
0.355
0.416
0.319
0.351
0.427
0.346
0.332
0.427
0.344
0.338
0.406
0.355
0.374
0.446
0.391
0.367
0.455
0.379
0.362
0.423
0.315
0.332
0.405
0.349
0.322
0.411
0.349
0.329
0.393
0.327
0.350
0.410
0.365
0.340
0.417
0.359
0.342
0.390
0.328
0.351
0.417
0.363
0.341
0.425
0.366
0.350
0.405
0.318
0.337
0.406
0.354
0.327
0.412
0.354
0.333
0.390
0.358
0.467
0.429
0.386
0.422
0.432
0.410
0.498
0.437
0.381
0.491
0.453
0.406
0.448
0.458
0.421
0.513
0.455
0.364
0.486
0.446
0.385
0.431
0.444
0.406
0.507
0.447
0.420
0.516
0.485
0.446
0.475
0.487
0.464
0.538
0.486
0.360
0.447
0.426
0.385
0.408
0.428
0.404
0.468
0.428
0.378
0.487
0.433
0.409
0.439
0.435
0.440
0.523
0.447
0.374
0.486
0.438
0.404
0.438
0.442
0.438
0.523
0.453
0.359
0.467
0.423
0.388
0.421
0.425
0.414
0.499
0.429
0.345
0.412
0.344
0.379
0.386
0.364
0.372
0.422
0.345
0.362
0.435
0.369
0.389
0.405
0.386
0.388
0.445
0.372
0.349
0.434
0.364
0.372
0.392
0.374
0.370
0.437
0.359
0.401
0.461
0.397
0.431
0.436
0.416
0.423
0.467
0.395
0.345
0.401
0.344
0.372
0.375
0.360
0.374
0.413
0.348
0.360
0.429
0.355
0.394
0.399
0.373
0.392
0.442
0.357
0.359
0.432
0.359
0.391
0.399
0.375
0.397
0.449
0.366
0.352
0.415
0.346
0.382
0.386
0.361
0.384
0.431
0.350
0.314
0.374
0.353
0.352
0.359
0.363
0.339
0.380
0.342
0.334
0.399
0.379
0.367
0.382
0.387
0.359
0.407
0.372
0.319
0.396
0.372
0.348
0.369
0.375
0.339
0.397
0.359
0.365
0.423
0.402
0.396
0.405
0.408
0.383
0.425
0.388
0.316
0.369
0.354
0.349
0.353
0.362
0.341
0.378
0.347
0.330
0.392
0.358
0.367
0.373
0.369
0.357
0.400
0.350
0.330
0.392
0.360
0.364
0.373
0.370
0.363
0.407
0.358
0.319
0.379
0.352
0.354
0.363
0.361
0.349
0.391
0.346
0.363
0.448
0.372
0.399
0.416
0.387
0.401
0.472
0.387
0.380
0.467
0.395
0.408
0.431
0.406
0.414
0.489
0.409
0.363
0.461
0.383
0.389
0.417
0.390
0.395
0.478
0.391
0.421
0.492
0.422
0.450
0.459
0.432
0.450
0.506
0.430
0.370
0.437
0.375
0.396
0.404
0.384
0.405
0.456
0.390
0.387
0.472
0.387
0.424
0.437
0.401
0.431
0.499
0.407
0.381
0.469
0.386
0.417
0.431
0.398
0.431
0.500
0.411
0.365
0.449
0.370
0.400
0.414
0.382
0.407
0.476
0.387
0.332
0.367
0.439
0.363
0.349
0.440
0.347
0.352
0.406
0.353
0.397
0.461
0.378
0.377
0.460
0.365
0.384
0.431
0.335
0.391
0.454
0.356
0.361
0.448
0.345
0.371
0.420
0.378
0.407
0.474
0.408
0.396
0.480
0.387
0.390
0.441
0.329
0.354
0.425
0.355
0.339
0.426
0.343
0.343
0.398
0.343
0.382
0.432
0.378
0.366
0.437
0.364
0.371
0.404
0.340
0.380
0.437
0.371
0.361
0.441
0.365
0.375
0.415
0.331
0.367
0.425
0.361
0.349
0.428
0.352
0.360
0.398
0.347
0.318
0.443
0.385
0.324
0.456
0.364
0.316
0.421
0.366
0.344
0.461
0.399
0.349
0.473
0.378
0.343
0.439
0.345
0.337
0.454
0.375
0.332
0.462
0.355
0.328
0.429
0.384
0.359
0.473
0.416
0.363
0.486
0.389
0.346
0.444
0.345
0.315
0.432
0.375
0.317
0.443
0.357
0.311
0.412
0.353
0.332
0.440
0.392
0.338
0.454
0.366
0.328
0.412
0.351
0.333
0.442
0.390
0.337
0.459
0.373
0.336
0.425
0.343
0.321
0.432
0.380
0.324
0.446
0.361
0.322
0.411
0.308
0.337
0.426
0.337
0.329
0.426
0.328
0.335
0.399
0.333
0.371
0.450
0.355
0.359
0.448
0.349
0.369
0.426
0.314
0.363
0.443
0.333
0.342
0.437
0.330
0.357
0.417
0.355
0.381
0.463
0.384
0.379
0.469
0.367
0.373
0.435
0.311
0.334
0.418
0.335
0.324
0.418
0.330
0.333
0.397
0.321
0.354
0.422
0.349
0.344
0.425
0.346
0.355
0.399
0.319
0.352
0.428
0.345
0.341
0.430
0.350
0.362
0.413
0.311
0.341
0.416
0.338
0.329
0.417
0.336
0.345
0.394
0.310
0.332
0.414
0.340
0.321
0.415
0.337
0.321
0.393
0.330
0.358
0.433
0.353
0.344
0.433
0.351
0.348
0.414
0.317
0.351
0.430
0.336
0.330
0.425
0.333
0.332
0.404
0.345
0.365
0.440
0.373
0.357
0.445
0.360
0.347
0.413
0.310
0.327
0.405
0.335
0.317
0.407
0.331
0.317
0.386
0.321
0.348
0.412
0.352
0.339
0.415
0.343
0.335
0.388
0.323
0.347
0.418
0.351
0.336
0.422
0.351
0.340
0.401
0.310
0.331
0.404
0.340
0.320
0.406
0.339
0.325
0.387
0.358
0.473
0.430
0.378
0.423
0.428
0.407
0.506
0.439
0.380
0.496
0.453
0.397
0.446
0.451
0.415
0.516
0.453
0.365
0.493
0.448
0.378
0.434
0.441
0.401
0.513
0.448
0.416
0.517
0.481
0.430
0.469
0.474
0.453
0.536
0.479
0.356
0.447
0.422
0.373
0.403
0.418
0.393
0.466
0.422
0.373
0.490
0.431
0.396
0.440
0.429
0.432
0.528
0.448
0.372
0.489
0.436
0.392
0.438
0.433
0.434
0.532
0.455
0.355
0.471
0.420
0.376
0.421
0.418
0.407
0.504
0.430
0.342
0.420
0.347
0.368
0.390
0.361
0.361
0.428
0.343
0.359
0.443
0.370
0.379
0.408
0.382
0.374
0.447
0.366
0.345
0.442
0.367
0.361
0.397
0.371
0.355
0.440
0.354
0.391
0.462
0.391
0.413
0.434
0.405
0.398
0.459
0.379
0.341
0.407
0.344
0.360
0.377
0.354
0.354
0.410
0.338
0.356
0.439
0.355
0.382
0.405
0.370
0.373
0.444
0.349
0.355
0.439
0.357
0.378
0.402
0.368
0.380
0.451
0.357
0.346
0.423
0.344
0.368
0.388
0.355
0.367
0.434
0.344
0.306
0.378
0.354
0.336
0.359
0.359
0.324
0.380
0.339
0.328
0.406
0.382
0.355
0.384
0.386
0.345
0.408
0.370
0.315
0.404
0.376
0.337
0.373
0.375
0.325
0.399
0.356
0.350
0.419
0.395
0.375
0.399
0.399
0.357
0.411
0.372
0.308
0.370
0.355
0.333
0.352
0.359
0.322
0.371
0.340
0.321
0.398
0.360
0.353
0.376
0.369
0.338
0.399
0.347
0.320
0.395
0.360
0.349
0.373
0.367
0.341
0.403
0.352
0.308
0.382
0.352
0.338
0.362
0.357
0.331
0.391
0.341
0.362
0.457
0.377
0.387
0.421
0.386
0.392
0.479
0.388
0.378
0.475
0.398
0.397
0.436
0.405
0.403
0.494
0.407
0.360
0.467
0.386
0.377
0.423
0.389
0.383
0.482
0.390
0.410
0.492
0.417
0.431
0.460
0.424
0.429
0.503
0.420
0.362
0.439
0.375
0.382
0.406
0.381
0.388
0.456
0.384
0.379
0.477
0.386
0.408
0.442
0.399
0.414
0.503
0.405
0.374
0.472
0.382
0.400
0.434
0.392
0.414
0.503
0.405
0.356
0.451
0.366
0.383
0.416
0.376
0.390
0.478
0.381
0.343
0.369
0.442
0.388
0.353
0.452
0.367
0.351
0.407
0.360
0.393
0.458
0.397
0.375
0.466
0.378
0.377
0.426
0.342
0.386
0.454
0.373
0.359
0.455
0.359
0.365
0.418
0.396
0.411
0.479
0.441
0.403
0.494
0.419
0.397
0.449
0.336
0.351
0.422
0.375
0.337
0.431
0.360
0.337
0.394
0.355
0.380
0.432
0.402
0.366
0.441
0.384
0.368
0.397
0.348
0.376
0.435
0.394
0.360
0.447
0.384
0.370
0.410
0.341
0.367
0.426
0.388
0.352
0.437
0.375
0.361
0.397
0.362
0.325
0.449
0.410
0.334
0.470
0.385
0.323
0.425
0.377
0.348
0.462
0.421
0.355
0.483
0.394
0.346
0.438
0.355
0.340
0.458
0.396
0.340
0.474
0.373
0.332
0.433
0.405
0.370
0.482
0.452
0.380
0.504
0.422
0.362
0.453
0.355
0.319
0.433
0.399
0.326
0.453
0.375
0.315
0.409
0.366
0.339
0.441
0.419
0.348
0.463
0.390
0.335
0.410
0.362
0.338
0.445
0.415
0.346
0.469
0.393
0.338
0.424
0.357
0.328
0.436
0.408
0.336
0.458
0.386
0.331
0.414
0.321
0.342
0.430
0.360
0.334
0.438
0.347
0.336
0.399
0.339
0.370
0.447
0.373
0.359
0.453
0.362
0.366
0.419
0.322
0.364
0.446
0.350
0.344
0.444
0.341
0.354
0.414
0.372
0.389
0.467
0.414
0.387
0.482
0.397
0.382
0.437
0.319
0.334
0.415
0.354
0.325
0.424
0.346
0.330
0.390
0.334
0.357
0.420
0.375
0.348
0.430
0.371
0.358
0.393
0.328
0.355
0.427
0.368
0.344
0.437
0.368
0.361
0.407
0.321
0.344
0.416
0.362
0.334
0.426
0.358
0.349
0.392
0.321
0.336
0.417
0.362
0.326
0.426
0.354
0.322
0.393
0.337
0.359
0.432
0.371
0.345
0.439
0.363
0.346
0.409
0.324
0.351
0.431
0.353
0.331
0.432
0.346
0.332
0.405
0.362
0.371
0.445
0.403
0.364
0.458
0.390
0.356
0.419
0.320
0.329
0.405
0.356
0.318
0.414
0.348
0.316
0.383
0.331
0.349
0.408
0.373
0.339
0.418
0.364
0.337
0.383
0.331
0.349
0.416
0.371
0.337
0.428
0.369
0.340
0.398
0.321
0.335
0.404
0.363
0.326
0.415
0.361
0.330
0.387
0.366
0.470
0.430
0.393
0.420
0.430
0.418
0.496
0.434
0.386
0.490
0.449
0.408
0.440
0.451
0.425
0.508
0.447
0.367
0.485
0.444
0.384
0.423
0.438
0.405
0.500
0.439
0.429
0.513
0.482
0.454
0.468
0.482
0.475
0.531
0.480
0.363
0.442
0.420
0.389
0.399
0.421
0.408
0.458
0.418
0.384
0.487
0.431
0.415
0.434
0.430
0.453
0.524
0.447
0.378
0.483
0.433
0.408
0.430
0.434
0.447
0.520
0.450
0.364
0.466
0.419
0.395
0.418
0.421
0.425
0.499
0.427
0.355
0.421
0.355
0.390
0.392
0.374
0.380
0.425
0.349
0.366
0.440
0.375
0.395
0.406
0.391
0.388
0.444
0.370
0.353
0.439
0.371
0.376
0.394
0.380
0.369
0.435
0.358
0.407
0.463
0.402
0.440
0.437
0.420
0.428
0.463
0.394
0.348
0.402
0.349
0.377
0.372
0.363
0.369
0.401
0.341
0.365
0.434
0.361
0.401
0.401
0.379
0.393
0.441
0.356
0.361
0.433
0.360
0.395
0.397
0.377
0.397
0.444
0.362
0.356
0.420
0.351
0.389
0.389
0.367
0.389
0.433
0.352
0.323
0.380
0.360
0.361
0.364
0.370
0.347
0.383
0.343
0.340
0.402
0.382
0.375
0.385
0.392
0.362
0.407
0.369
0.325
0.400
0.379
0.353
0.372
0.380
0.340
0.396
0.358
0.372
0.422
0.402
0.406
0.406
0.411
0.390
0.420
0.383
0.320
0.368
0.355
0.352
0.351
0.364
0.339
0.368
0.338
0.335
0.393
0.359
0.375
0.376
0.373
0.363
0.399
0.348
0.333
0.392
0.361
0.370
0.373
0.373
0.363
0.402
0.353
0.323
0.381
0.354
0.360
0.365
0.364
0.356
0.393
0.345
0.392
0.472
0.398
0.423
0.435
0.408
0.423
0.488
0.406
0.399
0.482
0.410
0.428
0.444
0.420
0.430
0.501
0.422
0.381
0.475
0.400
0.404
0.430
0.404
0.409
0.488
0.405
0.442
0.506
0.439
0.470
0.472
0.447
0.470
0.516
0.445
0.386
0.446
0.389
0.412
0.412
0.397
0.416
0.458
0.398
0.407
0.487
0.405
0.443
0.452
0.419
0.450
0.513
0.424
0.399
0.480
0.400
0.432
0.440
0.410
0.447
0.509
0.423
0.385
0.464
0.387
0.418
0.429
0.397
0.427
0.490
0.403
0.312
0.345
0.403
0.353
0.327
0.411
0.340
0.334
0.376
0.329
0.370
0.420
0.360
0.348
0.424
0.346
0.357
0.392
0.313
0.363
0.417
0.342
0.333
0.414
0.334
0.348
0.387
0.367
0.388
0.441
0.405
0.375
0.452
0.394
0.378
0.416
0.311
0.332
0.387
0.345
0.314
0.394
0.338
0.322
0.365
0.325
0.358
0.396
0.368
0.339
0.406
0.362
0.353
0.371
0.323
0.357
0.400
0.364
0.335
0.410
0.364
0.354
0.382
0.316
0.349
0.393
0.358
0.330
0.402
0.351
0.344
0.369
0.331
0.300
0.409
0.377
0.306
0.428
0.359
0.302
0.391
0.346
0.322
0.423
0.383
0.324
0.438
0.364
0.322
0.402
0.325
0.317
0.421
0.362
0.311
0.431
0.347
0.314
0.400
0.377
0.350
0.445
0.415
0.349
0.459
0.398
0.345
0.421
0.329
0.299
0.397
0.368
0.300
0.412
0.354
0.299
0.380
0.336
0.314
0.403
0.384
0.319
0.422
0.366
0.317
0.380
0.335
0.317
0.407
0.382
0.318
0.427
0.372
0.323
0.393
0.329
0.306
0.399
0.376
0.309
0.419
0.361
0.311
0.381
0.294
0.323
0.395
0.330
0.311
0.400
0.322
0.321
0.369
0.312
0.352
0.412
0.340
0.335
0.414
0.333
0.349
0.388
0.298
0.346
0.413
0.323
0.322
0.408
0.320
0.340
0.385
0.349
0.372
0.435
0.385
0.365
0.445
0.374
0.367
0.409
0.296
0.316
0.383
0.327
0.303
0.388
0.326
0.316
0.363
0.307
0.338
0.388
0.344
0.324
0.395
0.345
0.342
0.364
0.304
0.338
0.393
0.340
0.321
0.400
0.347
0.345
0.377
0.300
0.329
0.387
0.338
0.316
0.395
0.336
0.335
0.365
0.299
0.317
0.385
0.336
0.305
0.392
0.334
0.308
0.366
0.313
0.337
0.398
0.341
0.322
0.402
0.340
0.328
0.379
0.302
0.332
0.399
0.328
0.310
0.397
0.328
0.318
0.377
0.341
0.354
0.413
0.377
0.344
0.424
0.369
0.341
0.390
0.300
0.312
0.373
0.332
0.299
0.380
0.333
0.304
0.357
0.311
0.333
0.379
0.351
0.321
0.390
0.350
0.326
0.360
0.312
0.332
0.385
0.349
0.318
0.396
0.355
0.328
0.371
0.304
0.319
0.376
0.341
0.308
0.385
0.344
0.317
0.360
0.337
0.448
0.401
0.360
0.398
0.400
0.392
0.482
0.411
0.355
0.466
0.420
0.372
0.414
0.418
0.393
0.488
0.420
0.341
0.466
0.417
0.356
0.404
0.410
0.383
0.489
0.418
0.402
0.494
0.457
0.421
0.446
0.452
0.450
0.516
0.458
0.338
0.422
0.394
0.357
0.377
0.390
0.382
0.442
0.394
0.355
0.464
0.404
0.382
0.412
0.403
0.421
0.504
0.420
0.355
0.465
0.410
0.380
0.411
0.408
0.423
0.506
0.427
0.338
0.447
0.394
0.365
0.398
0.394
0.399
0.484
0.405
0.326
0.398
0.326
0.354
0.367
0.340
0.356
0.411
0.326
0.339
0.418
0.346
0.360
0.380
0.357
0.362
0.427
0.343
0.326
0.418
0.342
0.346
0.371
0.348
0.349
0.423
0.336
0.383
0.444
0.378
0.407
0.412
0.388
0.407
0.448
0.372
0.326
0.385
0.325
0.349
0.354
0.335
0.353
0.393
0.323
0.339
0.413
0.334
0.369
0.378
0.349
0.374
0.429
0.335
0.338
0.415
0.336
0.366
0.376
0.348
0.379
0.433
0.342
0.332
0.402
0.326
0.360
0.368
0.338
0.369
0.421
0.331
0.299
0.362
0.328
0.335
0.345
0.338
0.329
0.373
0.320
0.315
0.385
0.351
0.345
0.363
0.359
0.339
0.392
0.342
0.302
0.381
0.346
0.328
0.351
0.347
0.324
0.385
0.333
0.351
0.405
0.373
0.381
0.386
0.381
0.376
0.410
0.361
0.303
0.355
0.327
0.331
0.335
0.335
0.330
0.363
0.319
0.313
0.377
0.331
0.349
0.357
0.343
0.347
0.390
0.328
0.312
0.375
0.331
0.347
0.355
0.343
0.350
0.392
0.331
0.305
0.368
0.327
0.339
0.350
0.337
0.341
0.384
0.324
0.351
0.440
0.359
0.382
0.405
0.369
0.391
0.466
0.374
0.361
0.454
0.375
0.384
0.412
0.381
0.393
0.475
0.387
0.349
0.450
0.366
0.372
0.403
0.369
0.382
0.469
0.375
0.410
0.480
0.407
0.434
0.444
0.412
0.443
0.496
0.416
0.352
0.420
0.355
0.376
0.386
0.361
0.389
0.439
0.368
0.369
0.457
0.368
0.405
0.421
0.382
0.418
0.489
0.390
0.366
0.454
0.367
0.398
0.414
0.377
0.418
0.487
0.391
0.352
0.439
0.354
0.385
0.404
0.365
0.398
0.470
0.372
0.344
0.375
0.448
0.385
0.359
0.457
0.363
0.359
0.413
0.360
0.399
0.465
0.391
0.379
0.469
0.373
0.384
0.432
0.339
0.387
0.452
0.370
0.360
0.453
0.355
0.371
0.419
0.388
0.410
0.480
0.421
0.395
0.485
0.400
0.391
0.442
0.336
0.357
0.428
0.367
0.340
0.432
0.353
0.344
0.398
0.354
0.385
0.437
0.397
0.370
0.447
0.380
0.374
0.405
0.349
0.382
0.442
0.388
0.364
0.450
0.377
0.376
0.415
0.344
0.375
0.436
0.383
0.357
0.444
0.367
0.365
0.404
0.359
0.329
0.453
0.406
0.337
0.474
0.378
0.326
0.431
0.376
0.351
0.467
0.415
0.355
0.485
0.390
0.350
0.445
0.350
0.339
0.453
0.390
0.337
0.469
0.368
0.334
0.431
0.396
0.369
0.481
0.434
0.371
0.497
0.406
0.358
0.451
0.352
0.321
0.437
0.391
0.324
0.453
0.369
0.318
0.415
0.363
0.341
0.445
0.413
0.349
0.466
0.384
0.340
0.417
0.360
0.343
0.449
0.408
0.346
0.471
0.387
0.345
0.429
0.357
0.332
0.444
0.403
0.337
0.464
0.377
0.332
0.420
0.325
0.350
0.439
0.361
0.339
0.444
0.348
0.345
0.407
0.343
0.378
0.458
0.371
0.363
0.459
0.363
0.375
0.430
0.324
0.368
0.448
0.349
0.344
0.444
0.343
0.360
0.416
0.368
0.390
0.471
0.400
0.381
0.477
0.385
0.381
0.438
0.319
0.339
0.423
0.349
0.327
0.427
0.343
0.337
0.398
0.334
0.361
0.428
0.370
0.349
0.435
0.367
0.362
0.401
0.331
0.360
0.435
0.364
0.346
0.440
0.366
0.366
0.414
0.327
0.352
0.430
0.361
0.338
0.434
0.356
0.355
0.402
0.322
0.342
0.423
0.360
0.333
0.431
0.349
0.330
0.400
0.337
0.362
0.437
0.365
0.348
0.441
0.360
0.353
0.417
0.322
0.352
0.428
0.348
0.331
0.429
0.342
0.336
0.404
0.356
0.372
0.447
0.388
0.362
0.453
0.373
0.354
0.417
0.318
0.333
0.409
0.348
0.320
0.414
0.342
0.323
0.389
0.330
0.352
0.415
0.369
0.344
0.424
0.359
0.342
0.391
0.331
0.352
0.423
0.366
0.341
0.430
0.361
0.345
0.403
0.323
0.341
0.414
0.359
0.330
0.421
0.354
0.334
0.395
0.364
0.475
0.436
0.391
0.427
0.439
0.413
0.506
0.441
0.384
0.495
0.455
0.402
0.443
0.455
0.418
0.514
0.452
0.364
0.484
0.444
0.382
0.426
0.440
0.403
0.505
0.442
0.419
0.512
0.482
0.440
0.466
0.480
0.459
0.531
0.478
0.360
0.447
0.425
0.381
0.403
0.424
0.400
0.466
0.423
0.382
0.490
0.437
0.412
0.441
0.438
0.441
0.526
0.448
0.376
0.487
0.440
0.403
0.435
0.440
0.436
0.524
0.450
0.364
0.473
0.428
0.391
0.425
0.429
0.415
0.506
0.431
0.353
0.426
0.358
0.383
0.396
0.375
0.373
0.433
0.354
0.365
0.444
0.377
0.387
0.407
0.390
0.383
0.451
0.373
0.349
0.438
0.367
0.369
0.393
0.377
0.364
0.439
0.359
0.399
0.462
0.400
0.421
0.431
0.412
0.411
0.462
0.389
0.347
0.408
0.351
0.368
0.376
0.362
0.363
0.412
0.345
0.362
0.436
0.361
0.393
0.403
0.379
0.387
0.447
0.359
0.361
0.437
0.362
0.386
0.400
0.376
0.389
0.450
0.364
0.356
0.426
0.354
0.381
0.392
0.368
0.379
0.439
0.354
0.328
0.388
0.366
0.365
0.372
0.376
0.348
0.392
0.351
0.346
0.412
0.391
0.375
0.390
0.395
0.362
0.416
0.377
0.328
0.401
0.377
0.355
0.374
0.379
0.342
0.401
0.360
0.370
0.425
0.405
0.397
0.404
0.408
0.380
0.421
0.383
0.322
0.375
0.360
0.351
0.357
0.366
0.339
0.379
0.346
0.341
0.401
0.368
0.376
0.382
0.377
0.361
0.407
0.354
0.337
0.398
0.368
0.370
0.378
0.375
0.361
0.408
0.357
0.332
0.393
0.365
0.363
0.373
0.371
0.355
0.402
0.353
0.372
0.461
0.384
0.404
0.426
0.395
0.399
0.478
0.389
0.383
0.476
0.401
0.406
0.434
0.407
0.407
0.492
0.406
0.363
0.462
0.384
0.386
0.417
0.388
0.388
0.476
0.386
0.417
0.490
0.420
0.441
0.454
0.426
0.437
0.499
0.420
0.366
0.438
0.374
0.391
0.403
0.381
0.392
0.452
0.381
0.387
0.476
0.390
0.423
0.441
0.405
0.423
0.499
0.403
0.377
0.469
0.385
0.410
0.430
0.395
0.417
0.495
0.400
0.369
0.458
0.375
0.400
0.421
0.385
0.401
0.481
0.384
0.340
0.348
0.428
0.390
0.334
0.441
0.363
0.336
0.397
0.354
0.366
0.442
0.395
0.349
0.450
0.371
0.357
0.417
0.344
0.359
0.438
0.386
0.335
0.443
0.366
0.345
0.408
0.392
0.388
0.467
0.446
0.383
0.485
0.421
0.381
0.443
0.340
0.333
0.414
0.384
0.319
0.423
0.369
0.327
0.392
0.356
0.359
0.421
0.414
0.349
0.437
0.392
0.355
0.396
0.352
0.352
0.427
0.408
0.341
0.442
0.396
0.355
0.410
0.349
0.350
0.421
0.404
0.339
0.436
0.386
0.347
0.398
0.332
0.349
0.423
0.375
0.331
0.433
0.346
0.336
0.392
0.355
0.372
0.446
0.392
0.355
0.454
0.365
0.361
0.418
0.339
0.359
0.434
0.375
0.335
0.438
0.352
0.343
0.403
0.385
0.390
0.464
0.431
0.382
0.479
0.402
0.378
0.435
0.331
0.333
0.409
0.368
0.317
0.416
0.350
0.325
0.385
0.350
0.362
0.421
0.398
0.350
0.435
0.372
0.353
0.394
0.344
0.353
0.424
0.390
0.341
0.437
0.374
0.353
0.405
0.340
0.351
0.418
0.385
0.335
0.429
0.365
0.346
0.395
0.342
0.350
0.431
0.399
0.340
0.449
0.368
0.338
0.398
0.359
0.370
0.449
0.408
0.359
0.465
0.381
0.362
0.422
0.348
0.362
0.442
0.394
0.342
0.451
0.371
0.347
0.408
0.391
0.387
0.467
0.448
0.386
0.488
0.419
0.378
0.437
0.342
0.335
0.418
0.389
0.326
0.432
0.369
0.328
0.391
0.358
0.360
0.424
0.419
0.354
0.444
0.393
0.354
0.396
0.353
0.353
0.430
0.411
0.346
0.448
0.395
0.354
0.409
0.351
0.352
0.424
0.406
0.342
0.441
0.387
0.348
0.398
0.326
0.343
0.412
0.372
0.328
0.425
0.347
0.335
0.386
0.343
0.361
0.430
0.382
0.346
0.440
0.359
0.355
0.408
0.330
0.353
0.423
0.367
0.329
0.427
0.349
0.342
0.396
0.380
0.386
0.454
0.429
0.380
0.472
0.405
0.381
0.433
0.327
0.328
0.400
0.365
0.313
0.408
0.351
0.323
0.380
0.337
0.350
0.404
0.388
0.339
0.420
0.367
0.347
0.382
0.334
0.342
0.408
0.383
0.330
0.422
0.371
0.346
0.393
0.331
0.341
0.403
0.378
0.327
0.416
0.361
0.339
0.382
0.352
0.362
0.439
0.397
0.349
0.454
0.364
0.350
0.405
0.372
0.385
0.460
0.409
0.370
0.470
0.379
0.375
0.431
0.356
0.370
0.448
0.393
0.349
0.454
0.368
0.357
0.415
0.400
0.398
0.474
0.445
0.392
0.491
0.413
0.387
0.443
0.349
0.345
0.423
0.389
0.333
0.435
0.366
0.338
0.397
0.369
0.374
0.434
0.418
0.366
0.451
0.389
0.368
0.404
0.363
0.366
0.438
0.411
0.357
0.455
0.391
0.367
0.416
0.362
0.367
0.435
0.409
0.356
0.451
0.386
0.363
0.409
0.396
0.384
0.413
0.467
0.377
0.431
0.477
0.413
0.423
0.411
0.405
0.436
0.471
0.396
0.451
0.476
0.428
0.440
0.393
0.389
0.421
0.457
0.375
0.434
0.469
0.411
0.426
0.466
0.437
0.471
0.537
0.433
0.488
0.549
0.465
0.477
0.403
0.373
0.409
0.466
0.364
0.421
0.481
0.396
0.414
0.428
0.405
0.423
0.508
0.401
0.442
0.527
0.444
0.445
0.423
0.398
0.426
0.502
0.394
0.445
0.526
0.440
0.448
0.409
0.385
0.411
0.486
0.380
0.430
0.501
0.418
0.424
0.396
0.349
0.356
0.454
0.350
0.379
0.435
0.355
0.350
0.403
0.366
0.376
0.454
0.363
0.397
0.434
0.372
0.372
0.394
0.357
0.367
0.447
0.348
0.384
0.431
0.359
0.359
0.452
0.395
0.403
0.511
0.399
0.427
0.491
0.400
0.397
0.394
0.337
0.348
0.442
0.333
0.363
0.432
0.342
0.343
0.413
0.362
0.364
0.480
0.365
0.389
0.461
0.371
0.360
0.412
0.356
0.364
0.474
0.357
0.386
0.466
0.373
0.367
0.409
0.352
0.358
0.468
0.352
0.378
0.457
0.364
0.358
0.381
0.323
0.358
0.442
0.333
0.379
0.424
0.329
0.349
0.391
0.342
0.382
0.450
0.350
0.401
0.431
0.349
0.375
0.376
0.332
0.366
0.433
0.333
0.381
0.418
0.334
0.356
0.432
0.368
0.403
0.495
0.379
0.425
0.476
0.375
0.395
0.378
0.314
0.352
0.434
0.320
0.369
0.424
0.322
0.346
0.397
0.337
0.362
0.466
0.348
0.386
0.449
0.347
0.359
0.395
0.331
0.361
0.460
0.341
0.383
0.452
0.346
0.363
0.389
0.326
0.357
0.453
0.335
0.378
0.441
0.337
0.355
0.419
0.372
0.382
0.488
0.378
0.407
0.474
0.393
0.393
0.425
0.387
0.400
0.482
0.387
0.421
0.471
0.408
0.412
0.409
0.372
0.383
0.471
0.370
0.404
0.463
0.389
0.393
0.473
0.413
0.424
0.540
0.419
0.448
0.530
0.433
0.435
0.419
0.360
0.374
0.478
0.360
0.393
0.479
0.383
0.390
0.442
0.393
0.394
0.519
0.400
0.421
0.512
0.422
0.414
0.436
0.381
0.389
0.511
0.387
0.414
0.514
0.416
0.415
0.425
0.372
0.380
0.501
0.378
0.404
0.493
0.399
0.396
0.341
0.306
0.417
0.389
0.309
0.439
0.357
0.306
0.394
0.350
0.325
0.429
0.391
0.324
0.445
0.362
0.326
0.406
0.341
0.319
0.427
0.384
0.314
0.443
0.359
0.318
0.407
0.393
0.356
0.460
0.440
0.360
0.482
0.410
0.353
0.437
0.347
0.305
0.413
0.388
0.304
0.430
0.368
0.308
0.396
0.357
0.323
0.417
0.411
0.328
0.440
0.383
0.328
0.395
0.354
0.318
0.421
0.406
0.322
0.445
0.386
0.328
0.406
0.347
0.312
0.412
0.396
0.313
0.433
0.372
0.318
0.391
0.331
0.306
0.410
0.374
0.303
0.428
0.340
0.303
0.384
0.347
0.330
0.429
0.386
0.326
0.446
0.354
0.327
0.403
0.334
0.321
0.423
0.372
0.312
0.437
0.343
0.314
0.397
0.381
0.353
0.451
0.424
0.352
0.470
0.390
0.345
0.423
0.336
0.304
0.406
0.374
0.298
0.420
0.349
0.300
0.382
0.347
0.324
0.413
0.397
0.324
0.436
0.363
0.322
0.387
0.343
0.319
0.415
0.389
0.317
0.436
0.364
0.323
0.396
0.336
0.311
0.406
0.380
0.308
0.424
0.353
0.314
0.384
0.342
0.305
0.417
0.397
0.312
0.444
0.362
0.304
0.391
0.353
0.326
0.431
0.403
0.330
0.456
0.369
0.325
0.407
0.344
0.322
0.430
0.392
0.320
0.450
0.363
0.318
0.404
0.390
0.350
0.456
0.441
0.355
0.479
0.410
0.343
0.426
0.348
0.305
0.414
0.397
0.309
0.437
0.371
0.304
0.391
0.358
0.322
0.417
0.420
0.331
0.445
0.387
0.325
0.391
0.355
0.319
0.422
0.413
0.324
0.449
0.389
0.324
0.402
0.348
0.311
0.412
0.402
0.316
0.437
0.376
0.315
0.388
0.329
0.299
0.400
0.376
0.300
0.422
0.346
0.300
0.379
0.340
0.319
0.414
0.383
0.318
0.433
0.354
0.321
0.394
0.326
0.312
0.410
0.368
0.306
0.425
0.344
0.312
0.390
0.386
0.354
0.447
0.431
0.355
0.468
0.403
0.352
0.425
0.336
0.299
0.397
0.376
0.297
0.414
0.355
0.300
0.378
0.342
0.314
0.398
0.394
0.317
0.422
0.365
0.319
0.378
0.339
0.310
0.401
0.390
0.313
0.426
0.369
0.319
0.387
0.330
0.302
0.390
0.377
0.301
0.412
0.354
0.308
0.373
0.352
0.319
0.426
0.397
0.322
0.449
0.358
0.317
0.399
0.364
0.341
0.441
0.405
0.341
0.462
0.368
0.340
0.416
0.348
0.330
0.433
0.389
0.325
0.450
0.357
0.326
0.408
0.396
0.361
0.460
0.438
0.362
0.481
0.402
0.355
0.432
0.352
0.312
0.416
0.393
0.313
0.436
0.363
0.311
0.394
0.364
0.335
0.422
0.416
0.341
0.449
0.380
0.338
0.398
0.361
0.331
0.427
0.410
0.334
0.453
0.382
0.337
0.408
0.358
0.327
0.422
0.401
0.326
0.443
0.371
0.329
0.396
0.400
0.349
0.413
0.462
0.354
0.433
0.467
0.385
0.420
0.408
0.370
0.429
0.463
0.371
0.448
0.459
0.396
0.430
0.395
0.360
0.423
0.452
0.359
0.441
0.455
0.389
0.427
0.466
0.408
0.469
0.526
0.410
0.485
0.532
0.435
0.469
0.412
0.351
0.416
0.469
0.352
0.432
0.476
0.378
0.418
0.427
0.375
0.423
0.498
0.381
0.444
0.512
0.419
0.439
0.427
0.372
0.429
0.496
0.375
0.448
0.511
0.414
0.442
0.410
0.357
0.413
0.477
0.360
0.431
0.487
0.395
0.419
0.383
0.318
0.346
0.439
0.325
0.374
0.413
0.328
0.339
0.389
0.335
0.363
0.440
0.341
0.392
0.414
0.345
0.357
0.378
0.330
0.357
0.428
0.329
0.381
0.406
0.337
0.349
0.439
0.370
0.395
0.492
0.375
0.419
0.468
0.375
0.384
0.390
0.317
0.347
0.437
0.319
0.369
0.421
0.325
0.340
0.401
0.337
0.357
0.465
0.344
0.387
0.440
0.349
0.351
0.402
0.334
0.358
0.460
0.338
0.383
0.446
0.350
0.356
0.393
0.325
0.346
0.450
0.329
0.370
0.432
0.340
0.342
0.363
0.294
0.345
0.420
0.307
0.369
0.397
0.303
0.334
0.373
0.313
0.366
0.429
0.324
0.389
0.406
0.324
0.358
0.358
0.308
0.357
0.411
0.315
0.377
0.392
0.316
0.347
0.412
0.340
0.388
0.465
0.348
0.408
0.444
0.345
0.374
0.371
0.296
0.349
0.421
0.303
0.368
0.405
0.304
0.339
0.382
0.314
0.353
0.445
0.325
0.379
0.422
0.323
0.344
0.380
0.310
0.352
0.441
0.321
0.377
0.426
0.324
0.348
0.371
0.300
0.345
0.431
0.312
0.369
0.414
0.316
0.339
0.404
0.339
0.372
0.468
0.350
0.400
0.451
0.363
0.381
0.410
0.354
0.389
0.465
0.360
0.414
0.449
0.377
0.396
0.393
0.345
0.376
0.451
0.351
0.399
0.439
0.366
0.382
0.459
0.386
0.416
0.519
0.395
0.440
0.504
0.403
0.420
0.414
0.341
0.376
0.469
0.346
0.397
0.463
0.362
0.385
0.427
0.364
0.387
0.501
0.378
0.417
0.486
0.394
0.401
0.424
0.356
0.384
0.495
0.367
0.412
0.489
0.390
0.402
0.410
0.343
0.370
0.478
0.352
0.396
0.465
0.370
0.380
0.299
0.305
0.394
0.342
0.294
0.405
0.319
0.299
0.364
0.317
0.333
0.413
0.354
0.319
0.422
0.336
0.332
0.391
0.303
0.328
0.412
0.335
0.303
0.412
0.321
0.319
0.382
0.360
0.354
0.443
0.406
0.351
0.459
0.381
0.347
0.414
0.316
0.304
0.397
0.354
0.293
0.407
0.342
0.303
0.377
0.321
0.321
0.390
0.368
0.309
0.402
0.354
0.321
0.366
0.315
0.315
0.397
0.362
0.305
0.411
0.353
0.321
0.379
0.316
0.310
0.393
0.363
0.301
0.407
0.348
0.312
0.370
0.290
0.308
0.389
0.329
0.293
0.397
0.304
0.301
0.357
0.315
0.339
0.414
0.350
0.323
0.422
0.329
0.335
0.388
0.298
0.332
0.409
0.325
0.303
0.405
0.307
0.318
0.372
0.351
0.357
0.437
0.391
0.348
0.449
0.363
0.343
0.403
0.306
0.306
0.392
0.339
0.289
0.398
0.325
0.300
0.367
0.312
0.325
0.389
0.353
0.309
0.398
0.335
0.320
0.361
0.306
0.320
0.394
0.347
0.305
0.404
0.334
0.321
0.372
0.305
0.313
0.389
0.348
0.300
0.400
0.331
0.314
0.366
0.298
0.311
0.395
0.347
0.299
0.410
0.320
0.302
0.361
0.319
0.339
0.418
0.361
0.326
0.431
0.340
0.335
0.391
0.306
0.337
0.416
0.340
0.310
0.417
0.322
0.324
0.378
0.356
0.357
0.440
0.403
0.349
0.456
0.377
0.342
0.402
0.314
0.309
0.399
0.356
0.297
0.411
0.341
0.302
0.370
0.319
0.326
0.391
0.371
0.315
0.405
0.354
0.323
0.360
0.314
0.322
0.398
0.365
0.310
0.415
0.352
0.321
0.373
0.313
0.315
0.392
0.363
0.306
0.408
0.347
0.316
0.365
0.286
0.301
0.379
0.326
0.288
0.389
0.304
0.297
0.350
0.307
0.332
0.402
0.344
0.316
0.412
0.325
0.330
0.380
0.291
0.327
0.398
0.320
0.299
0.396
0.304
0.319
0.367
0.352
0.358
0.433
0.394
0.351
0.448
0.368
0.349
0.403
0.304
0.302
0.384
0.338
0.288
0.392
0.325
0.298
0.361
0.305
0.317
0.376
0.348
0.303
0.387
0.333
0.317
0.351
0.300
0.313
0.382
0.343
0.299
0.394
0.332
0.316
0.361
0.298
0.305
0.375
0.341
0.292
0.388
0.325
0.307
0.353
0.308
0.323
0.403
0.349
0.309
0.414
0.321
0.317
0.371
0.331
0.355
0.428
0.366
0.337
0.436
0.342
0.352
0.401
0.313
0.345
0.421
0.343
0.318
0.420
0.322
0.336
0.385
0.364
0.367
0.445
0.405
0.358
0.459
0.373
0.355
0.410
0.322
0.318
0.403
0.360
0.303
0.413
0.340
0.314
0.377
0.330
0.340
0.399
0.374
0.327
0.411
0.351
0.338
0.368
0.325
0.337
0.408
0.368
0.321
0.420
0.351
0.339
0.382
0.325
0.330
0.404
0.368
0.317
0.416
0.348
0.331
0.376
0.364
0.349
0.391
0.424
0.342
0.404
0.437
0.379
0.396
0.383
0.380
0.418
0.435
0.369
0.431
0.442
0.404
0.419
0.362
0.368
0.407
0.412
0.348
0.412
0.425
0.387
0.403
0.444
0.413
0.457
0.506
0.409
0.471
0.519
0.437
0.457
0.386
0.349
0.400
0.438
0.340
0.409
0.459
0.374
0.402
0.399
0.374
0.401
0.465
0.366
0.413
0.492
0.415
0.419
0.394
0.370
0.407
0.460
0.361
0.419
0.489
0.410
0.422
0.383
0.355
0.394
0.449
0.349
0.408
0.470
0.391
0.405
0.351
0.302
0.319
0.400
0.304
0.340
0.387
0.311
0.315
0.364
0.330
0.345
0.409
0.329
0.365
0.397
0.342
0.344
0.347
0.321
0.333
0.388
0.309
0.346
0.380
0.325
0.325
0.416
0.357
0.375
0.470
0.363
0.397
0.454
0.363
0.367
0.368
0.306
0.329
0.409
0.302
0.343
0.407
0.314
0.325
0.376
0.322
0.333
0.430
0.322
0.352
0.422
0.334
0.329
0.372
0.318
0.332
0.426
0.317
0.351
0.426
0.335
0.334
0.372
0.311
0.328
0.426
0.312
0.347
0.419
0.325
0.328
0.330
0.280
0.322
0.384
0.289
0.340
0.371
0.290
0.312
0.348
0.310
0.352
0.400
0.316
0.369
0.386
0.320
0.346
0.327
0.303
0.338
0.374
0.298
0.348
0.363
0.306
0.325
0.392
0.335
0.376
0.447
0.342
0.393
0.433
0.340
0.363
0.348
0.286
0.335
0.397
0.290
0.349
0.391
0.295
0.327
0.355
0.302
0.331
0.412
0.307
0.350
0.405
0.313
0.326
0.352
0.297
0.332
0.409
0.303
0.350
0.406
0.312
0.330
0.348
0.290
0.330
0.405
0.299
0.348
0.399
0.306
0.326
0.369
0.327
0.343
0.428
0.333
0.366
0.423
0.353
0.355
0.383
0.351
0.368
0.433
0.351
0.388
0.429
0.376
0.381
0.361
0.340
0.350
0.410
0.332
0.363
0.410
0.359
0.357
0.433
0.377
0.394
0.492
0.382
0.414
0.487
0.397
0.401
0.388
0.330
0.353
0.438
0.328
0.368
0.446
0.354
0.367
0.398
0.354
0.359
0.463
0.356
0.381
0.467
0.386
0.378
0.390
0.344
0.356
0.457
0.346
0.376
0.468
0.381
0.379
0.384
0.332
0.349
0.450
0.338
0.372
0.451
0.364
0.365
0.307
0.333
0.398
0.343
0.311
0.402
0.323
0.322
0.367
0.324
0.356
0.411
0.356
0.332
0.416
0.339
0.349
0.386
0.313
0.345
0.416
0.343
0.318
0.413
0.328
0.333
0.386
0.341
0.357
0.420
0.382
0.344
0.432
0.359
0.344
0.390
0.308
0.320
0.385
0.342
0.301
0.391
0.332
0.316
0.366
0.328
0.349
0.397
0.370
0.330
0.408
0.353
0.341
0.369
0.322
0.343
0.398
0.362
0.324
0.410
0.352
0.341
0.377
0.315
0.335
0.389
0.354
0.314
0.398
0.341
0.330
0.363
0.301
0.332
0.393
0.332
0.308
0.394
0.311
0.319
0.360
0.325
0.359
0.414
0.354
0.334
0.418
0.335
0.347
0.384
0.310
0.347
0.414
0.334
0.315
0.408
0.316
0.327
0.377
0.333
0.353
0.413
0.368
0.336
0.421
0.343
0.334
0.377
0.303
0.320
0.382
0.331
0.297
0.384
0.319
0.309
0.355
0.322
0.347
0.395
0.358
0.325
0.403
0.337
0.331
0.360
0.316
0.344
0.397
0.351
0.321
0.404
0.336
0.334
0.368
0.309
0.335
0.386
0.342
0.311
0.390
0.327
0.328
0.359
0.309
0.332
0.398
0.350
0.313
0.406
0.328
0.319
0.363
0.328
0.355
0.414
0.366
0.335
0.424
0.344
0.346
0.385
0.316
0.345
0.417
0.349
0.319
0.418
0.329
0.327
0.380
0.338
0.350
0.414
0.380
0.336
0.428
0.357
0.333
0.378
0.310
0.319
0.386
0.349
0.302
0.396
0.332
0.308
0.358
0.327
0.344
0.394
0.375
0.328
0.409
0.353
0.332
0.359
0.322
0.341
0.398
0.368
0.323
0.412
0.352
0.332
0.368
0.318
0.335
0.389
0.359
0.315
0.399
0.344
0.327
0.358
0.298
0.327
0.384
0.333
0.304
0.388
0.313
0.316
0.354
0.317
0.350
0.400
0.348
0.326
0.405
0.331
0.342
0.376
0.303
0.340
0.403
0.331
0.310
0.398
0.315
0.326
0.372
0.336
0.355
0.409
0.374
0.339
0.420
0.352
0.342
0.380
0.303
0.318
0.375
0.333
0.295
0.379
0.322
0.310
0.353
0.318
0.341
0.384
0.355
0.320
0.393
0.338
0.331
0.353
0.312
0.336
0.383
0.349
0.315
0.394
0.335
0.330
0.359
0.304
0.330
0.374
0.339
0.305
0.380
0.326
0.324
0.350
0.318
0.348
0.408
0.351
0.327
0.414
0.326
0.337
0.375
0.337
0.372
0.425
0.367
0.348
0.430
0.345
0.365
0.397
0.323
0.359
0.425
0.349
0.331
0.423
0.329
0.345
0.392
0.348
0.367
0.425
0.382
0.351
0.434
0.354
0.352
0.390
0.319
0.336
0.396
0.349
0.314
0.401
0.331
0.327
0.370
0.340
0.367
0.409
0.377
0.346
0.419
0.353
0.356
0.376
0.331
0.360
0.410
0.367
0.339
0.419
0.349
0.353
0.381
0.328
0.355
0.404
0.361
0.331
0.409
0.344
0.350
0.375
0.380
0.384
0.401
0.433
0.367
0.409
0.445
0.409
0.406
0.393
0.404
0.421
0.442
0.386
0.431
0.446
0.423
0.423
0.382
0.394
0.416
0.426
0.368
0.417
0.437
0.409
0.411
0.427
0.414
0.434
0.483
0.401
0.446
0.496
0.438
0.440
0.384
0.369
0.394
0.433
0.351
0.399
0.448
0.388
0.396
0.409
0.404
0.411
0.471
0.388
0.421
0.490
0.436
0.425
0.404
0.398
0.411
0.465
0.381
0.421
0.487
0.431
0.425
0.390
0.385
0.398
0.450
0.369
0.408
0.465
0.413
0.405
0.364
0.338
0.327
0.408
0.332
0.345
0.394
0.345
0.323
0.373
0.358
0.349
0.414
0.347
0.366
0.400
0.364
0.347
0.362
0.347
0.339
0.399
0.331
0.350
0.388
0.348
0.332
0.402
0.365
0.356
0.448
0.363
0.377
0.431
0.367
0.350
0.365
0.328
0.324
0.402
0.319
0.336
0.396
0.334
0.321
0.389
0.358
0.343
0.440
0.351
0.363
0.424
0.363
0.338
0.386
0.354
0.341
0.432
0.345
0.357
0.425
0.363
0.340
0.377
0.344
0.330
0.421
0.333
0.344
0.414
0.352
0.329
0.342
0.307
0.327
0.390
0.305
0.341
0.374
0.308
0.316
0.354
0.331
0.352
0.403
0.328
0.366
0.389
0.337
0.346
0.339
0.320
0.345
0.383
0.311
0.351
0.370
0.319
0.331
0.375
0.333
0.354
0.426
0.335
0.371
0.408
0.333
0.342
0.344
0.301
0.326
0.391
0.299
0.339
0.384
0.309
0.322
0.364
0.327
0.339
0.421
0.326
0.357
0.403
0.329
0.330
0.361
0.322
0.335
0.415
0.321
0.353
0.403
0.329
0.332
0.350
0.310
0.327
0.404
0.310
0.342
0.393
0.320
0.322
0.374
0.350
0.348
0.426
0.345
0.364
0.419
0.368
0.357
0.385
0.370
0.370
0.433
0.362
0.386
0.424
0.388
0.381
0.370
0.355
0.354
0.415
0.343
0.364
0.410
0.368
0.360
0.412
0.375
0.375
0.467
0.373
0.393
0.457
0.388
0.382
0.379
0.342
0.346
0.427
0.335
0.358
0.429
0.361
0.358
0.402
0.374
0.367
0.464
0.372
0.387
0.457
0.396
0.381
0.393
0.363
0.358
0.453
0.359
0.376
0.453
0.388
0.376
0.381
0.350
0.346
0.438
0.346
0.361
0.436
0.374
0.359
0.378
0.469
0.430
0.414
0.427
0.436
0.419
0.487
0.430
0.397
0.493
0.450
0.426
0.450
0.456
0.433
0.510
0.452
0.394
0.497
0.451
0.421
0.443
0.450
0.433
0.512
0.450
0.446
0.522
0.488
0.483
0.486
0.494
0.486
0.534
0.484
0.385
0.455
0.425
0.423
0.421
0.432
0.427
0.470
0.426
0.437
0.526
0.462
0.483
0.489
0.473
0.520
0.581
0.504
0.425
0.517
0.468
0.462
0.471
0.472
0.490
0.553
0.487
0.406
0.493
0.442
0.443
0.451
0.450
0.466
0.528
0.463
0.378
0.475
0.434
0.411
0.432
0.440
0.409
0.487
0.426
0.407
0.506
0.462
0.436
0.463
0.469
0.436
0.518
0.457
0.393
0.501
0.454
0.418
0.449
0.454
0.419
0.507
0.442
0.443
0.525
0.490
0.476
0.487
0.494
0.474
0.532
0.478
0.385
0.464
0.430
0.418
0.425
0.434
0.416
0.472
0.421
0.433
0.528
0.465
0.477
0.491
0.476
0.501
0.572
0.492
0.423
0.522
0.472
0.455
0.475
0.475
0.474
0.549
0.479
0.409
0.503
0.452
0.443
0.461
0.459
0.458
0.530
0.462
0.387
0.478
0.435
0.428
0.436
0.444
0.430
0.491
0.430
0.407
0.501
0.456
0.443
0.459
0.465
0.445
0.513
0.454
0.401
0.503
0.454
0.431
0.450
0.455
0.437
0.511
0.445
0.446
0.519
0.484
0.486
0.483
0.490
0.488
0.529
0.475
0.392
0.463
0.430
0.434
0.429
0.439
0.433
0.473
0.424
0.454
0.540
0.476
0.506
0.508
0.493
0.541
0.596
0.516
0.431
0.522
0.472
0.474
0.478
0.479
0.496
0.553
0.485
0.418
0.504
0.452
0.459
0.465
0.462
0.479
0.536
0.468
0.363
0.461
0.412
0.394
0.417
0.417
0.398
0.475
0.408
0.386
0.485
0.436
0.413
0.441
0.442
0.419
0.500
0.436
0.375
0.483
0.429
0.399
0.431
0.430
0.407
0.497
0.426
0.433
0.514
0.472
0.464
0.476
0.476
0.467
0.525
0.466
0.370
0.448
0.409
0.403
0.410
0.415
0.408
0.461
0.408
0.410
0.504
0.436
0.447
0.463
0.444
0.473
0.543
0.458
0.401
0.499
0.442
0.432
0.450
0.444
0.454
0.526
0.452
0.383
0.477
0.419
0.415
0.433
0.426
0.433
0.506
0.431
0.394
0.489
0.447
0.429
0.449
0.458
0.423
0.503
0.440
0.415
0.513
0.470
0.444
0.472
0.479
0.442
0.528
0.466
0.406
0.511
0.466
0.433
0.461
0.468
0.432
0.521
0.455
0.450
0.529
0.495
0.483
0.492
0.501
0.477
0.536
0.482
0.394
0.469
0.437
0.432
0.436
0.447
0.426
0.482
0.432
0.453
0.545
0.482
0.500
0.514
0.499
0.526
0.599
0.517
0.435
0.532
0.484
0.470
0.488
0.490
0.487
0.564
0.493
0.421
0.513
0.462
0.457
0.476
0.474
0.470
0.545
0.474
0.418
0.417
0.428
0.490
0.408
0.446
0.486
0.430
0.429
0.436
0.447
0.454
0.495
0.431
0.467
0.491
0.455
0.454
0.422
0.438
0.443
0.482
0.418
0.452
0.484
0.448
0.440
0.486
0.473
0.485
0.559
0.468
0.502
0.555
0.485
0.484
0.423
0.410
0.421
0.492
0.404
0.436
0.492
0.424
0.424
0.475
0.472
0.460
0.554
0.468
0.478
0.578
0.515
0.493
0.463
0.463
0.468
0.540
0.452
0.482
0.558
0.495
0.486
0.445
0.441
0.441
0.520
0.430
0.458
0.530
0.467
0.457
0.417
0.370
0.431
0.486
0.383
0.457
0.474
0.390
0.426
0.434
0.397
0.453
0.494
0.406
0.476
0.480
0.415
0.449
0.418
0.387
0.445
0.478
0.394
0.465
0.466
0.404
0.438
0.475
0.424
0.478
0.541
0.434
0.499
0.527
0.438
0.467
0.421
0.371
0.423
0.486
0.381
0.445
0.477
0.390
0.421
0.455
0.416
0.447
0.531
0.430
0.472
0.541
0.462
0.469
0.453
0.414
0.459
0.525
0.422
0.481
0.528
0.445
0.466
0.439
0.395
0.439
0.510
0.405
0.465
0.509
0.427
0.447
0.408
0.399
0.431
0.476
0.399
0.450
0.478
0.423
0.433
0.422
0.428
0.452
0.481
0.423
0.468
0.485
0.451
0.458
0.414
0.424
0.448
0.470
0.413
0.459
0.478
0.444
0.447
0.470
0.451
0.482
0.540
0.456
0.502
0.538
0.470
0.480
0.414
0.395
0.425
0.479
0.396
0.441
0.485
0.418
0.429
0.465
0.452
0.459
0.535
0.454
0.477
0.574
0.511
0.500
0.452
0.443
0.466
0.522
0.439
0.482
0.550
0.488
0.490
0.437
0.424
0.444
0.506
0.422
0.463
0.528
0.467
0.468
0.410
0.403
0.423
0.475
0.401
0.441
0.476
0.416
0.426
0.420
0.423
0.440
0.477
0.416
0.455
0.478
0.434
0.444
0.416
0.419
0.437
0.469
0.408
0.447
0.473
0.429
0.437
0.458
0.440
0.459
0.524
0.439
0.477
0.522
0.449
0.458
0.412
0.396
0.415
0.476
0.394
0.431
0.480
0.411
0.420
0.459
0.454
0.451
0.531
0.456
0.471
0.560
0.499
0.487
0.452
0.446
0.460
0.518
0.438
0.473
0.537
0.472
0.474
0.434
0.423
0.436
0.500
0.419
0.453
0.517
0.450
0.455
0.344
0.420
0.342
0.378
0.386
0.354
0.370
0.427
0.339
0.354
0.435
0.355
0.380
0.399
0.365
0.375
0.442
0.354
0.341
0.428
0.346
0.365
0.382
0.349
0.362
0.430
0.341
0.397
0.461
0.390
0.431
0.433
0.402
0.421
0.466
0.385
0.342
0.400
0.335
0.370
0.369
0.342
0.368
0.407
0.333
0.355
0.436
0.349
0.392
0.399
0.361
0.388
0.447
0.349
0.353
0.433
0.351
0.390
0.397
0.361
0.393
0.450
0.356
0.348
0.423
0.341
0.382
0.387
0.352
0.383
0.438
0.345
0.340
0.423
0.345
0.369
0.387
0.355
0.357
0.426
0.336
0.355
0.441
0.362
0.379
0.405
0.372
0.368
0.443
0.355
0.338
0.432
0.349
0.357
0.386
0.350
0.346
0.426
0.334
0.391
0.463
0.390
0.418
0.433
0.399
0.404
0.462
0.377
0.337
0.403
0.335
0.360
0.370
0.339
0.353
0.406
0.326
0.350
0.437
0.350
0.380
0.400
0.359
0.370
0.442
0.341
0.349
0.435
0.354
0.378
0.398
0.362
0.375
0.445
0.350
0.343
0.425
0.343
0.371
0.388
0.351
0.368
0.435
0.341
0.353
0.428
0.347
0.391
0.397
0.363
0.379
0.434
0.343
0.362
0.442
0.360
0.394
0.409
0.374
0.385
0.448
0.359
0.349
0.437
0.351
0.376
0.393
0.358
0.366
0.434
0.341
0.399
0.463
0.387
0.435
0.437
0.402
0.421
0.464
0.379
0.347
0.407
0.336
0.380
0.378
0.348
0.372
0.413
0.333
0.360
0.439
0.349
0.400
0.406
0.365
0.392
0.451
0.349
0.357
0.438
0.353
0.398
0.403
0.366
0.397
0.452
0.356
0.355
0.429
0.345
0.391
0.396
0.358
0.390
0.443
0.348
0.336
0.421
0.335
0.365
0.386
0.347
0.358
0.429
0.332
0.347
0.434
0.351
0.372
0.399
0.361
0.366
0.442
0.349
0.332
0.428
0.340
0.353
0.383
0.343
0.350
0.431
0.334
0.391
0.464
0.387
0.421
0.436
0.398
0.411
0.469
0.381
0.334
0.400
0.328
0.359
0.369
0.336
0.356
0.408
0.326
0.344
0.431
0.338
0.375
0.394
0.350
0.370
0.443
0.338
0.342
0.431
0.342
0.373
0.392
0.352
0.376
0.447
0.346
0.335
0.419
0.331
0.364
0.382
0.340
0.366
0.435
0.334
0.356
0.439
0.360
0.385
0.406
0.372
0.370
0.444
0.351
0.370
0.456
0.376
0.392
0.419
0.385
0.381
0.460
0.370
0.353
0.446
0.363
0.374
0.401
0.366
0.363
0.445
0.351
0.400
0.469
0.398
0.427
0.440
0.407
0.412
0.471
0.387
0.350
0.414
0.347
0.374
0.384
0.354
0.366
0.419
0.341
0.364
0.450
0.363
0.397
0.416
0.376
0.385
0.459
0.358
0.362
0.449
0.367
0.393
0.413
0.377
0.389
0.462
0.365
0.361
0.442
0.360
0.388
0.406
0.369
0.382
0.454
0.357
0.386
0.376
0.353
0.439
0.368
0.370
0.428
0.377
0.349
0.392
0.392
0.366
0.436
0.380
0.380
0.425
0.392
0.364
0.376
0.380
0.350
0.419
0.362
0.360
0.412
0.378
0.345
0.438
0.418
0.395
0.491
0.416
0.413
0.477
0.419
0.391
0.379
0.358
0.336
0.423
0.350
0.348
0.420
0.361
0.336
0.397
0.387
0.355
0.457
0.380
0.373
0.447
0.393
0.356
0.395
0.385
0.359
0.453
0.376
0.374
0.452
0.397
0.364
0.390
0.377
0.349
0.446
0.369
0.365
0.441
0.385
0.352
0.383
0.337
0.359
0.439
0.347
0.383
0.420
0.346
0.353
0.389
0.354
0.371
0.438
0.360
0.392
0.418
0.362
0.367
0.370
0.343
0.356
0.417
0.343
0.373
0.401
0.347
0.349
0.427
0.380
0.394
0.477
0.387
0.414
0.457
0.384
0.383
0.376
0.329
0.344
0.423
0.335
0.361
0.411
0.338
0.339
0.388
0.350
0.355
0.447
0.356
0.379
0.429
0.361
0.349
0.392
0.354
0.364
0.450
0.358
0.385
0.440
0.368
0.363
0.383
0.341
0.353
0.440
0.347
0.374
0.425
0.354
0.350
0.367
0.350
0.339
0.413
0.347
0.355
0.411
0.360
0.339
0.377
0.372
0.354
0.415
0.366
0.368
0.413
0.381
0.357
0.360
0.361
0.341
0.396
0.347
0.349
0.398
0.365
0.339
0.419
0.398
0.384
0.464
0.399
0.401
0.460
0.406
0.382
0.364
0.340
0.329
0.403
0.336
0.341
0.408
0.352
0.332
0.380
0.365
0.343
0.429
0.359
0.358
0.433
0.380
0.349
0.379
0.364
0.349
0.428
0.358
0.362
0.439
0.384
0.358
0.372
0.354
0.337
0.419
0.349
0.352
0.424
0.371
0.343
0.362
0.348
0.336
0.409
0.343
0.351
0.407
0.350
0.338
0.367
0.363
0.348
0.406
0.354
0.360
0.404
0.365
0.351
0.356
0.353
0.338
0.391
0.338
0.344
0.390
0.348
0.334
0.403
0.383
0.369
0.448
0.380
0.384
0.440
0.381
0.365
0.357
0.337
0.325
0.398
0.332
0.335
0.399
0.341
0.326
0.373
0.363
0.339
0.423
0.358
0.355
0.418
0.365
0.340
0.376
0.363
0.348
0.424
0.357
0.360
0.428
0.371
0.351
0.366
0.348
0.334
0.414
0.342
0.347
0.416
0.356
0.340
0.305
0.371
0.343
0.336
0.344
0.346
0.325
0.374
0.328
0.327
0.396
0.368
0.354
0.368
0.369
0.346
0.400
0.355
0.314
0.390
0.362
0.336
0.352
0.355
0.331
0.390
0.345
0.354
0.407
0.383
0.385
0.386
0.386
0.374
0.408
0.367
0.316
0.365
0.345
0.341
0.337
0.344
0.339
0.369
0.334
0.326
0.390
0.346
0.361
0.363
0.352
0.355
0.398
0.339
0.323
0.386
0.348
0.354
0.357
0.351
0.356
0.399
0.345
0.307
0.368
0.333
0.340
0.342
0.336
0.338
0.380
0.327
0.302
0.372
0.344
0.326
0.345
0.345
0.315
0.373
0.326
0.329
0.401
0.376
0.353
0.372
0.375
0.341
0.401
0.357
0.312
0.393
0.364
0.328
0.354
0.355
0.316
0.383
0.337
0.347
0.406
0.381
0.371
0.382
0.381
0.359
0.401
0.358
0.310
0.366
0.345
0.331
0.338
0.342
0.325
0.365
0.328
0.321
0.390
0.347
0.348
0.363
0.352
0.338
0.392
0.333
0.316
0.387
0.349
0.341
0.358
0.351
0.339
0.393
0.337
0.303
0.371
0.335
0.330
0.345
0.338
0.327
0.381
0.326
0.318
0.382
0.351
0.351
0.359
0.357
0.343
0.387
0.337
0.336
0.402
0.375
0.367
0.377
0.378
0.358
0.406
0.360
0.324
0.397
0.367
0.348
0.364
0.364
0.339
0.393
0.345
0.357
0.407
0.379
0.388
0.386
0.384
0.378
0.406
0.361
0.321
0.370
0.347
0.351
0.347
0.351
0.346
0.374
0.335
0.332
0.393
0.348
0.368
0.369
0.356
0.361
0.400
0.339
0.329
0.391
0.352
0.363
0.365
0.357
0.364
0.401
0.345
0.314
0.374
0.336
0.348
0.351
0.343
0.347
0.385
0.329
0.298
0.370
0.332
0.323
0.343
0.335
0.318
0.376
0.320
0.319
0.392
0.359
0.342
0.362
0.358
0.337
0.397
0.346
0.305
0.388
0.350
0.322
0.349
0.343
0.318
0.389
0.333
0.353
0.412
0.378
0.377
0.388
0.380
0.373
0.416
0.365
0.307
0.363
0.335
0.328
0.335
0.334
0.328
0.369
0.324
0.315
0.384
0.332
0.341
0.357
0.337
0.339
0.392
0.325
0.311
0.381
0.334
0.336
0.351
0.337
0.340
0.393
0.330
0.298
0.367
0.321
0.323
0.338
0.324
0.324
0.379
0.316
0.335
0.404
0.367
0.361
0.377
0.370
0.347
0.405
0.350
0.355
0.426
0.393
0.377
0.395
0.393
0.364
0.427
0.377
0.340
0.417
0.382
0.357
0.379
0.375
0.345
0.413
0.359
0.377
0.431
0.400
0.398
0.405
0.400
0.387
0.430
0.381
0.338
0.390
0.364
0.358
0.361
0.362
0.352
0.392
0.349
0.353
0.420
0.370
0.380
0.393
0.375
0.368
0.424
0.357
0.348
0.416
0.373
0.372
0.385
0.374
0.369
0.424
0.362
0.336
0.403
0.360
0.361
0.374
0.362
0.355
0.411
0.349
0.351
0.334
0.342
0.401
0.327
0.353
0.393
0.336
0.335
0.370
0.359
0.370
0.417
0.349
0.377
0.406
0.360
0.360
0.350
0.346
0.352
0.393
0.331
0.357
0.387
0.344
0.340
0.402
0.371
0.381
0.453
0.370
0.394
0.445
0.375
0.374
0.358
0.327
0.338
0.400
0.318
0.346
0.400
0.330
0.333
0.372
0.352
0.345
0.428
0.346
0.359
0.422
0.358
0.343
0.366
0.347
0.346
0.419
0.337
0.356
0.421
0.356
0.346
0.355
0.333
0.334
0.410
0.327
0.345
0.407
0.342
0.333
0.351
0.303
0.354
0.399
0.311
0.367
0.386
0.311
0.340
0.374
0.331
0.382
0.419
0.336
0.394
0.403
0.338
0.367
0.349
0.316
0.366
0.391
0.317
0.374
0.376
0.318
0.346
0.397
0.343
0.387
0.442
0.349
0.399
0.425
0.343
0.366
0.363
0.307
0.355
0.403
0.309
0.363
0.394
0.312
0.340
0.367
0.322
0.350
0.421
0.329
0.369
0.405
0.328
0.338
0.367
0.321
0.356
0.417
0.324
0.371
0.409
0.330
0.346
0.354
0.305
0.344
0.405
0.311
0.358
0.394
0.316
0.332
0.327
0.308
0.333
0.370
0.306
0.341
0.367
0.316
0.324
0.350
0.336
0.363
0.389
0.332
0.367
0.387
0.344
0.354
0.330
0.326
0.350
0.365
0.314
0.349
0.366
0.328
0.335
0.377
0.348
0.373
0.421
0.350
0.382
0.417
0.353
0.361
0.340
0.308
0.336
0.376
0.304
0.341
0.382
0.318
0.330
0.350
0.327
0.336
0.395
0.324
0.347
0.400
0.338
0.335
0.345
0.322
0.338
0.389
0.318
0.347
0.401
0.339
0.340
0.334
0.311
0.326
0.378
0.307
0.335
0.384
0.325
0.325
0.332
0.312
0.334
0.376
0.308
0.341
0.372
0.314
0.325
0.346
0.332
0.355
0.386
0.325
0.360
0.387
0.335
0.349
0.334
0.324
0.347
0.369
0.311
0.346
0.365
0.320
0.332
0.369
0.340
0.360
0.413
0.338
0.368
0.406
0.339
0.349
0.341
0.313
0.335
0.380
0.306
0.339
0.384
0.317
0.330
0.350
0.331
0.336
0.398
0.326
0.346
0.395
0.333
0.331
0.350
0.328
0.340
0.395
0.322
0.348
0.398
0.334
0.338
0.335
0.309
0.324
0.380
0.305
0.332
0.383
0.316
0.322
0.379
0.467
0.397
0.416
0.430
0.407
0.411
0.482
0.405
0.389
0.480
0.414
0.420
0.442
0.421
0.420
0.498
0.425
0.389
0.488
0.416
0.417
0.440
0.417
0.423
0.504
0.425
0.434
0.503
0.444
0.477
0.478
0.456
0.476
0.524
0.458
0.383
0.448
0.395
0.419
0.418
0.402
0.427
0.470
0.413
0.411
0.500
0.423
0.453
0.462
0.432
0.463
0.530
0.443
0.405
0.495
0.428
0.444
0.454
0.434
0.461
0.528
0.449
0.389
0.474
0.403
0.427
0.438
0.413
0.432
0.500
0.418
0.379
0.472
0.402
0.411
0.435
0.410
0.401
0.482
0.403
0.394
0.489
0.423
0.422
0.452
0.430
0.418
0.503
0.428
0.388
0.492
0.420
0.412
0.446
0.420
0.410
0.501
0.420
0.431
0.506
0.445
0.467
0.480
0.456
0.463
0.522
0.452
0.383
0.455
0.398
0.414
0.425
0.405
0.416
0.472
0.408
0.412
0.505
0.429
0.448
0.469
0.438
0.451
0.528
0.439
0.403
0.500
0.433
0.435
0.460
0.437
0.446
0.526
0.444
0.388
0.480
0.408
0.420
0.444
0.416
0.423
0.503
0.418
0.396
0.481
0.407
0.436
0.449
0.419
0.431
0.495
0.414
0.407
0.495
0.425
0.442
0.461
0.437
0.441
0.512
0.437
0.406
0.502
0.424
0.435
0.460
0.429
0.441
0.517
0.433
0.448
0.513
0.450
0.490
0.491
0.463
0.491
0.532
0.462
0.401
0.465
0.405
0.439
0.441
0.417
0.445
0.486
0.422
0.430
0.515
0.436
0.472
0.483
0.448
0.486
0.549
0.459
0.422
0.510
0.442
0.463
0.474
0.450
0.483
0.544
0.464
0.404
0.487
0.413
0.442
0.455
0.424
0.450
0.514
0.428
0.368
0.462
0.387
0.403
0.427
0.397
0.401
0.479
0.393
0.381
0.475
0.407
0.411
0.438
0.416
0.412
0.494
0.417
0.376
0.481
0.405
0.403
0.437
0.408
0.408
0.498
0.412
0.427
0.502
0.438
0.465
0.478
0.451
0.469
0.524
0.451
0.375
0.446
0.386
0.406
0.416
0.395
0.415
0.468
0.401
0.400
0.491
0.410
0.437
0.456
0.420
0.448
0.520
0.427
0.395
0.488
0.415
0.430
0.450
0.423
0.446
0.520
0.434
0.378
0.468
0.390
0.412
0.434
0.401
0.420
0.496
0.405
0.393
0.484
0.411
0.426
0.448
0.421
0.413
0.494
0.411
0.408
0.500
0.432
0.437
0.464
0.441
0.430
0.515
0.438
0.399
0.499
0.426
0.425
0.457
0.430
0.422
0.511
0.428
0.441
0.510
0.451
0.477
0.486
0.463
0.469
0.526
0.457
0.393
0.461
0.405
0.426
0.434
0.413
0.423
0.476
0.412
0.422
0.512
0.436
0.461
0.480
0.447
0.460
0.536
0.445
0.414
0.507
0.439
0.449
0.469
0.447
0.454
0.533
0.450
0.401
0.490
0.416
0.435
0.456
0.427
0.434
0.512
0.425
0.422
0.414
0.402
0.483
0.411
0.418
0.474
0.426
0.409
0.432
0.432
0.423
0.485
0.424
0.437
0.479
0.444
0.433
0.424
0.431
0.414
0.475
0.418
0.425
0.476
0.445
0.423
0.481
0.458
0.449
0.545
0.462
0.469
0.543
0.478
0.463
0.428
0.406
0.397
0.482
0.402
0.410
0.488
0.424
0.412
0.457
0.448
0.427
0.523
0.445
0.444
0.526
0.471
0.443
0.450
0.442
0.433
0.516
0.436
0.446
0.527
0.471
0.452
0.436
0.425
0.410
0.499
0.421
0.426
0.499
0.446
0.423
0.414
0.375
0.404
0.476
0.386
0.426
0.461
0.392
0.409
0.425
0.392
0.425
0.481
0.400
0.446
0.469
0.411
0.432
0.414
0.392
0.419
0.468
0.396
0.435
0.460
0.409
0.423
0.465
0.420
0.443
0.526
0.432
0.466
0.516
0.439
0.450
0.422
0.376
0.401
0.478
0.384
0.420
0.475
0.398
0.412
0.443
0.410
0.422
0.510
0.420
0.446
0.502
0.435
0.432
0.442
0.408
0.432
0.508
0.415
0.453
0.507
0.436
0.444
0.422
0.386
0.406
0.488
0.396
0.430
0.475
0.408
0.413
0.396
0.383
0.387
0.449
0.384
0.402
0.448
0.401
0.394
0.410
0.406
0.411
0.459
0.404
0.424
0.460
0.427
0.424
0.401
0.404
0.403
0.446
0.396
0.412
0.454
0.424
0.414
0.452
0.428
0.433
0.513
0.438
0.455
0.515
0.453
0.448
0.404
0.377
0.384
0.455
0.381
0.399
0.466
0.405
0.403
0.432
0.417
0.413
0.488
0.416
0.427
0.506
0.449
0.433
0.426
0.412
0.419
0.484
0.410
0.433
0.507
0.451
0.444
0.412
0.395
0.396
0.466
0.395
0.412
0.476
0.424
0.412
0.387
0.376
0.376
0.440
0.375
0.390
0.438
0.387
0.384
0.397
0.392
0.394
0.445
0.387
0.407
0.448
0.406
0.408
0.393
0.392
0.391
0.436
0.381
0.397
0.441
0.402
0.398
0.434
0.413
0.412
0.492
0.416
0.428
0.490
0.427
0.421
0.396
0.375
0.375
0.446
0.373
0.387
0.456
0.394
0.391
0.420
0.412
0.400
0.478
0.409
0.414
0.484
0.433
0.416
0.418
0.408
0.408
0.474
0.403
0.419
0.484
0.428
0.421
0.400
0.384
0.382
0.456
0.383
0.397
0.459
0.401
0.394
