0.349
0.411
0.405
0.417
0.359
0.410
0.407
0.398
0.370
0.364
0.449
0.429
0.409
0.386
0.423
0.407
0.432
0.396
0.349
0.444
0.420
0.400
0.368
0.410
0.397
0.420
0.382
0.404
0.449
0.444
0.467
0.406
0.448
0.460
0.438
0.410
0.351
0.392
0.391
0.411
0.347
0.393
0.410
0.384
0.365
0.369
0.436
0.400
0.441
0.380
0.399
0.446
0.433
0.371
0.365
0.434
0.407
0.432
0.373
0.408
0.441
0.431
0.383
0.361
0.424
0.399
0.430
0.367
0.402
0.433
0.420
0.372
0.368
0.344
0.408
0.441
0.340
0.431
0.416
0.351
0.388
0.384
0.373
0.427
0.440
0.364
0.443
0.421
0.384
0.407
0.360
0.367
0.417
0.421
0.349
0.431
0.402
0.370
0.398
0.413
0.391
0.444
0.476
0.382
0.460
0.453
0.391
0.416
0.367
0.342
0.397
0.431
0.335
0.416
0.415
0.350
0.382
0.377
0.366
0.404
0.450
0.357
0.419
0.433
0.382
0.376
0.376
0.371
0.411
0.447
0.357
0.430
0.434
0.385
0.393
0.372
0.360
0.404
0.442
0.346
0.422
0.423
0.371
0.378
0.330
0.369
0.396
0.391
0.339
0.398
0.384
0.377
0.365
0.346
0.410
0.422
0.389
0.369
0.414
0.389
0.417
0.395
0.330
0.400
0.415
0.377
0.352
0.404
0.375
0.402
0.382
0.385
0.413
0.437
0.445
0.392
0.442
0.436
0.419
0.405
0.334
0.362
0.387
0.391
0.334
0.388
0.394
0.374
0.367
0.350
0.392
0.392
0.413
0.359
0.389
0.425
0.415
0.368
0.347
0.392
0.402
0.407
0.355
0.401
0.421
0.415
0.383
0.343
0.382
0.392
0.405
0.346
0.393
0.411
0.400
0.366
0.328
0.370
0.383
0.389
0.333
0.388
0.390
0.353
0.363
0.340
0.403
0.403
0.382
0.358
0.399
0.389
0.386
0.383
0.329
0.392
0.397
0.374
0.341
0.392
0.379
0.366
0.374
0.371
0.405
0.413
0.428
0.371
0.418
0.423
0.384
0.387
0.329
0.362
0.373
0.386
0.328
0.378
0.391
0.352
0.359
0.343
0.392
0.379
0.404
0.354
0.378
0.412
0.382
0.357
0.345
0.392
0.387
0.402
0.350
0.390
0.416
0.383
0.373
0.338
0.379
0.376
0.399
0.340
0.381
0.408
0.369
0.359
0.377
0.593
0.429
0.413
0.454
0.413
0.463
0.627
0.436
0.398
0.611
0.452
0.421
0.482
0.435
0.460
0.633
0.452
0.381
0.610
0.443
0.405
0.462
0.419
0.449
0.633
0.441
0.442
0.622
0.481
0.473
0.497
0.460
0.519
0.645
0.479
0.378
0.541
0.418
0.413
0.430
0.402
0.454
0.562
0.421
0.401
0.608
0.428
0.446
0.478
0.411
0.506
0.654
0.449
0.397
0.609
0.436
0.435
0.471
0.418
0.498
0.652
0.453
0.381
0.588
0.417
0.422
0.453
0.402
0.477
0.625
0.428
0.374
0.529
0.332
0.416
0.433
0.342
0.436
0.549
0.340
0.384
0.548
0.356
0.413
0.450
0.361
0.439
0.567
0.365
0.369
0.552
0.349
0.400
0.437
0.348
0.424
0.564
0.351
0.433
0.563
0.385
0.468
0.474
0.391
0.486
0.577
0.388
0.376
0.499
0.332
0.409
0.410
0.336
0.432
0.516
0.339
0.393
0.547
0.343
0.439
0.450
0.350
0.464
0.573
0.354
0.392
0.551
0.348
0.432
0.448
0.352
0.467
0.580
0.363
0.388
0.534
0.337
0.430
0.436
0.343
0.456
0.560
0.349
0.350
0.483
0.328
0.403
0.415
0.330
0.408
0.499
0.331
0.359
0.508
0.355
0.405
0.433
0.351
0.413
0.522
0.359
0.347
0.509
0.344
0.391
0.425
0.336
0.399
0.516
0.343
0.403
0.525
0.375
0.446
0.453
0.371
0.451
0.533
0.372
0.350
0.463
0.327
0.395
0.397
0.325
0.405
0.478
0.332
0.369
0.507
0.336
0.426
0.433
0.338
0.431
0.524
0.342
0.370
0.509
0.339
0.421
0.432
0.339
0.434
0.530
0.350
0.361
0.494
0.333
0.413
0.421
0.333
0.424
0.512
0.339
0.387
0.569
0.367
0.428
0.463
0.370
0.453
0.597
0.387
0.398
0.585
0.391
0.428
0.479
0.387
0.454
0.610
0.406
0.385
0.584
0.377
0.413
0.467
0.370
0.441
0.604
0.390
0.449
0.597
0.415
0.482
0.497
0.412
0.503
0.614
0.425
0.395
0.537
0.368
0.428
0.437
0.365
0.454
0.554
0.385
0.413
0.592
0.381
0.461
0.491
0.383
0.491
0.627
0.406
0.409
0.591
0.381
0.452
0.481
0.380
0.490
0.628
0.411
0.395
0.571
0.367
0.437
0.464
0.366
0.467
0.602
0.388
0.347
0.419
0.407
0.390
0.360
0.399
0.385
0.402
0.369
0.366
0.455
0.434
0.396
0.392
0.421
0.391
0.436
0.395
0.347
0.454
0.423
0.378
0.375
0.404
0.376
0.426
0.381
0.398
0.451
0.443
0.440
0.405
0.438
0.427
0.430
0.401
0.348
0.393
0.392
0.388
0.346
0.385
0.383
0.379
0.359
0.364
0.442
0.399
0.413
0.384
0.390
0.416
0.435
0.366
0.362
0.438
0.407
0.404
0.375
0.398
0.412
0.429
0.377
0.354
0.426
0.395
0.400
0.365
0.389
0.404
0.418
0.364
0.363
0.345
0.407
0.416
0.332
0.415
0.394
0.347
0.377
0.380
0.371
0.428
0.421
0.358
0.432
0.398
0.376
0.396
0.357
0.367
0.418
0.399
0.342
0.419
0.379
0.361
0.385
0.404
0.382
0.441
0.450
0.369
0.444
0.421
0.372
0.399
0.362
0.336
0.397
0.409
0.323
0.403
0.389
0.335
0.370
0.370
0.363
0.402
0.423
0.350
0.405
0.402
0.370
0.365
0.370
0.365
0.407
0.423
0.346
0.415
0.408
0.372
0.381
0.362
0.354
0.398
0.416
0.336
0.405
0.398
0.362
0.367
0.320
0.375
0.392
0.362
0.337
0.381
0.358
0.380
0.356
0.340
0.416
0.422
0.369
0.372
0.404
0.369
0.418
0.387
0.323
0.411
0.413
0.350
0.354
0.391
0.353
0.407
0.376
0.370
0.413
0.430
0.413
0.385
0.423
0.401
0.411
0.389
0.325
0.363
0.384
0.364
0.328
0.373
0.364
0.365
0.354
0.337
0.397
0.386
0.380
0.359
0.371
0.391
0.415
0.355
0.336
0.396
0.396
0.376
0.351
0.382
0.391
0.414
0.371
0.329
0.384
0.381
0.373
0.342
0.372
0.382
0.400
0.353
0.327
0.368
0.382
0.371
0.329
0.378
0.375
0.346
0.359
0.341
0.397
0.405
0.373
0.355
0.395
0.379
0.375
0.379
0.330
0.389
0.398
0.362
0.340
0.386
0.367
0.357
0.370
0.362
0.393
0.408
0.407
0.360
0.406
0.400
0.364
0.375
0.325
0.355
0.373
0.369
0.320
0.369
0.369
0.335
0.351
0.339
0.386
0.377
0.384
0.351
0.370
0.389
0.368
0.351
0.343
0.384
0.385
0.386
0.345
0.381
0.397
0.367
0.367
0.332
0.371
0.373
0.378
0.332
0.369
0.388
0.356
0.353
0.377
0.599
0.427
0.401
0.460
0.403
0.457
0.635
0.434
0.398
0.618
0.453
0.412
0.488
0.428
0.454
0.637
0.448
0.382
0.619
0.443
0.395
0.473
0.414
0.443
0.641
0.439
0.438
0.622
0.475
0.460
0.498
0.447
0.508
0.642
0.470
0.376
0.538
0.413
0.400
0.425
0.389
0.442
0.555
0.411
0.397
0.613
0.422
0.432
0.487
0.399
0.496
0.661
0.443
0.394
0.612
0.430
0.422
0.476
0.405
0.494
0.662
0.450
0.377
0.593
0.413
0.408
0.460
0.390
0.469
0.634
0.425
0.373
0.541
0.334
0.403
0.444
0.338
0.424
0.558
0.336
0.385
0.560
0.359
0.405
0.462
0.359
0.423
0.571
0.359
0.368
0.564
0.352
0.388
0.451
0.345
0.408
0.571
0.344
0.425
0.566
0.379
0.452
0.482
0.381
0.460
0.571
0.370
0.372
0.504
0.330
0.397
0.416
0.329
0.411
0.511
0.327
0.391
0.559
0.342
0.424
0.466
0.345
0.441
0.577
0.343
0.391
0.561
0.345
0.419
0.461
0.344
0.449
0.583
0.352
0.384
0.545
0.334
0.413
0.447
0.335
0.438
0.566
0.339
0.343
0.491
0.327
0.385
0.418
0.320
0.391
0.504
0.322
0.356
0.516
0.357
0.394
0.440
0.347
0.397
0.523
0.352
0.346
0.519
0.347
0.379
0.431
0.331
0.382
0.521
0.335
0.387
0.520
0.366
0.423
0.449
0.357
0.421
0.520
0.350
0.342
0.463
0.325
0.378
0.395
0.317
0.382
0.470
0.319
0.361
0.513
0.333
0.406
0.440
0.330
0.409
0.526
0.331
0.361
0.512
0.335
0.403
0.436
0.330
0.414
0.530
0.337
0.350
0.496
0.326
0.393
0.424
0.322
0.404
0.515
0.327
0.387
0.580
0.372
0.414
0.478
0.367
0.441
0.607
0.385
0.400
0.595
0.394
0.417
0.493
0.385
0.441
0.616
0.403
0.383
0.592
0.379
0.401
0.483
0.367
0.427
0.610
0.385
0.440
0.597
0.410
0.462
0.508
0.403
0.480
0.611
0.414
0.388
0.536
0.366
0.410
0.445
0.359
0.433
0.551
0.377
0.407
0.598
0.377
0.441
0.507
0.377
0.468
0.632
0.400
0.404
0.594
0.376
0.433
0.495
0.371
0.468
0.630
0.401
0.387
0.574
0.361
0.417
0.476
0.357
0.448
0.606
0.379
0.357
0.416
0.410
0.427
0.362
0.415
0.414
0.398
0.370
0.369
0.445
0.430
0.422
0.385
0.428
0.412
0.429
0.392
0.350
0.439
0.419
0.403
0.365
0.411
0.396
0.416
0.378
0.413
0.448
0.446
0.485
0.408
0.453
0.475
0.438
0.409
0.353
0.384
0.389
0.418
0.341
0.392
0.412
0.374
0.356
0.373
0.433
0.396
0.449
0.379
0.397
0.454
0.434
0.365
0.365
0.427
0.402
0.439
0.368
0.406
0.446
0.425
0.375
0.362
0.421
0.396
0.437
0.364
0.401
0.441
0.419
0.368
0.377
0.350
0.412
0.453
0.340
0.433
0.424
0.351
0.382
0.388
0.373
0.427
0.451
0.361
0.444
0.422
0.379
0.396
0.364
0.364
0.419
0.429
0.345
0.433
0.402
0.362
0.388
0.423
0.391
0.445
0.497
0.382
0.463
0.468
0.388
0.406
0.371
0.339
0.396
0.445
0.328
0.415
0.420
0.339
0.367
0.381
0.368
0.401
0.466
0.357
0.416
0.444
0.382
0.363
0.377
0.367
0.407
0.462
0.352
0.429
0.442
0.376
0.378
0.374
0.358
0.400
0.457
0.345
0.421
0.437
0.373
0.370
0.331
0.380
0.396
0.397
0.340
0.396
0.387
0.381
0.357
0.344
0.417
0.419
0.396
0.367
0.411
0.388
0.416
0.382
0.327
0.409
0.413
0.376
0.349
0.400
0.372
0.403
0.371
0.385
0.421
0.433
0.457
0.391
0.438
0.448
0.423
0.393
0.331
0.363
0.382
0.397
0.327
0.382
0.395
0.366
0.348
0.348
0.403
0.384
0.422
0.360
0.380
0.438
0.425
0.356
0.341
0.398
0.394
0.413
0.351
0.392
0.426
0.418
0.367
0.337
0.388
0.383
0.409
0.343
0.385
0.419
0.406
0.356
0.336
0.369
0.384
0.403
0.332
0.392
0.400
0.348
0.360
0.345
0.398
0.401
0.399
0.353
0.404
0.397
0.377
0.377
0.332
0.384
0.396
0.385
0.336
0.394
0.385
0.356
0.370
0.376
0.397
0.409
0.448
0.366
0.421
0.443
0.377
0.382
0.333
0.353
0.371
0.400
0.320
0.379
0.400
0.337
0.350
0.347
0.388
0.374
0.418
0.349
0.377
0.427
0.377
0.349
0.347
0.384
0.382
0.417
0.344
0.390
0.428
0.371
0.365
0.339
0.375
0.373
0.410
0.335
0.381
0.421
0.366
0.356
0.386
0.596
0.429
0.423
0.448
0.409
0.477
0.627
0.434
0.404
0.613
0.451
0.429
0.471
0.430
0.470
0.632
0.448
0.383
0.610
0.439
0.408
0.453
0.412
0.456
0.631
0.434
0.451
0.617
0.477
0.491
0.486
0.456
0.542
0.639
0.477
0.383
0.532
0.412
0.423
0.415
0.396
0.469
0.550
0.414
0.410
0.611
0.424
0.462
0.473
0.405
0.530
0.660
0.450
0.401
0.607
0.430
0.448
0.458
0.410
0.522
0.655
0.452
0.388
0.590
0.415
0.436
0.448
0.398
0.498
0.631
0.430
0.385
0.540
0.342
0.429
0.431
0.350
0.447
0.553
0.345
0.389
0.556
0.363
0.424
0.446
0.368
0.442
0.569
0.367
0.374
0.557
0.353
0.407
0.434
0.352
0.428
0.566
0.350
0.439
0.566
0.389
0.486
0.469
0.396
0.498
0.574
0.387
0.378
0.497
0.334
0.419
0.401
0.338
0.433
0.502
0.334
0.399
0.555
0.347
0.452
0.448
0.354
0.470
0.576
0.352
0.395
0.554
0.348
0.444
0.438
0.353
0.474
0.579
0.359
0.392
0.540
0.341
0.441
0.431
0.346
0.466
0.566
0.351
0.361
0.491
0.332
0.414
0.416
0.333
0.418
0.501
0.333
0.368
0.512
0.358
0.417
0.432
0.356
0.420
0.523
0.359
0.354
0.511
0.347
0.397
0.423
0.338
0.403
0.518
0.341
0.411
0.522
0.373
0.462
0.450
0.372
0.463
0.528
0.369
0.356
0.460
0.326
0.403
0.391
0.325
0.408
0.467
0.324
0.377
0.510
0.335
0.437
0.433
0.339
0.441
0.526
0.340
0.375
0.508
0.337
0.432
0.428
0.338
0.442
0.528
0.345
0.366
0.495
0.331
0.422
0.418
0.332
0.435
0.515
0.339
0.419
0.594
0.392
0.455
0.478
0.390
0.479
0.615
0.406
0.421
0.603
0.408
0.450
0.487
0.404
0.473
0.623
0.423
0.405
0.599
0.392
0.431
0.478
0.383
0.460
0.618
0.403
0.474
0.611
0.432
0.511
0.504
0.428
0.532
0.625
0.442
0.414
0.542
0.380
0.448
0.440
0.377
0.471
0.552
0.395
0.437
0.609
0.397
0.486
0.503
0.399
0.517
0.644
0.423
0.429
0.603
0.394
0.475
0.485
0.391
0.515
0.641
0.423
0.416
0.587
0.382
0.460
0.474
0.380
0.493
0.619
0.404
0.331
0.403
0.377
0.390
0.342
0.376
0.388
0.390
0.348
0.344
0.433
0.397
0.384
0.365
0.388
0.383
0.415
0.365
0.328
0.430
0.388
0.373
0.349
0.373
0.374
0.408
0.354
0.389
0.437
0.415
0.446
0.388
0.414
0.450
0.428
0.387
0.332
0.377
0.359
0.386
0.324
0.356
0.392
0.366
0.336
0.349
0.425
0.371
0.414
0.361
0.367
0.428
0.423
0.348
0.349
0.423
0.378
0.409
0.354
0.374
0.428
0.420
0.359
0.343
0.415
0.371
0.407
0.351
0.371
0.416
0.410
0.349
0.350
0.330
0.376
0.416
0.317
0.391
0.398
0.338
0.354
0.360
0.353
0.391
0.411
0.335
0.399
0.393
0.363
0.365
0.339
0.350
0.384
0.393
0.323
0.388
0.378
0.352
0.358
0.397
0.379
0.412
0.456
0.357
0.418
0.444
0.381
0.380
0.346
0.325
0.362
0.409
0.307
0.373
0.399
0.331
0.340
0.355
0.353
0.370
0.427
0.333
0.379
0.421
0.372
0.342
0.355
0.357
0.376
0.427
0.331
0.388
0.424
0.372
0.356
0.350
0.345
0.369
0.423
0.325
0.384
0.412
0.361
0.346
0.308
0.369
0.365
0.364
0.322
0.360
0.361
0.374
0.335
0.322
0.406
0.388
0.359
0.348
0.373
0.360
0.406
0.356
0.308
0.399
0.383
0.348
0.333
0.363
0.350
0.396
0.347
0.365
0.412
0.404
0.423
0.374
0.402
0.422
0.416
0.372
0.311
0.353
0.352
0.366
0.310
0.346
0.373
0.358
0.328
0.327
0.394
0.360
0.388
0.342
0.351
0.409
0.414
0.337
0.325
0.393
0.369
0.383
0.336
0.360
0.405
0.411
0.348
0.321
0.381
0.361
0.383
0.331
0.358
0.395
0.399
0.338
0.317
0.360
0.358
0.374
0.318
0.359
0.380
0.343
0.339
0.325
0.384
0.373
0.367
0.337
0.369
0.375
0.366
0.353
0.315
0.376
0.370
0.359
0.323
0.359
0.367
0.351
0.345
0.359
0.392
0.385
0.417
0.352
0.387
0.422
0.372
0.358
0.316
0.347
0.345
0.373
0.307
0.346
0.385
0.334
0.328
0.331
0.382
0.353
0.395
0.339
0.353
0.414
0.375
0.335
0.335
0.381
0.362
0.394
0.334
0.362
0.417
0.371
0.348
0.327
0.370
0.353
0.389
0.327
0.355
0.406
0.362
0.338
0.359
0.578
0.403
0.389
0.435
0.380
0.446
0.616
0.415
0.374
0.591
0.422
0.391
0.452
0.397
0.435
0.613
0.422
0.361
0.597
0.416
0.379
0.440
0.384
0.428
0.620
0.414
0.426
0.606
0.456
0.456
0.475
0.427
0.513
0.630
0.459
0.358
0.519
0.389
0.391
0.402
0.366
0.441
0.538
0.393
0.381
0.592
0.402
0.424
0.456
0.380
0.493
0.641
0.425
0.381
0.595
0.412
0.420
0.449
0.387
0.492
0.641
0.432
0.364
0.575
0.394
0.405
0.437
0.375
0.467
0.618
0.410
0.360
0.522
0.318
0.394
0.417
0.321
0.420
0.542
0.326
0.365
0.537
0.338
0.388
0.430
0.337
0.414
0.552
0.342
0.351
0.541
0.329
0.377
0.419
0.323
0.405
0.553
0.330
0.417
0.552
0.370
0.449
0.452
0.367
0.475
0.563
0.370
0.358
0.486
0.315
0.389
0.390
0.312
0.415
0.496
0.319
0.374
0.538
0.326
0.417
0.432
0.328
0.447
0.564
0.335
0.377
0.543
0.332
0.414
0.428
0.330
0.453
0.570
0.344
0.373
0.529
0.323
0.413
0.421
0.323
0.444
0.556
0.334
0.340
0.480
0.310
0.391
0.406
0.308
0.399
0.498
0.317
0.346
0.500
0.333
0.390
0.420
0.327
0.397
0.512
0.336
0.337
0.500
0.323
0.377
0.411
0.310
0.389
0.511
0.322
0.394
0.513
0.352
0.439
0.439
0.346
0.450
0.524
0.355
0.340
0.453
0.305
0.385
0.383
0.300
0.398
0.466
0.311
0.357
0.498
0.316
0.414
0.422
0.316
0.425
0.520
0.325
0.360
0.499
0.318
0.412
0.419
0.315
0.430
0.523
0.331
0.351
0.488
0.313
0.405
0.413
0.312
0.420
0.510
0.324
0.379
0.567
0.358
0.413
0.455
0.354
0.443
0.595
0.376
0.383
0.577
0.375
0.405
0.461
0.365
0.434
0.598
0.389
0.373
0.578
0.363
0.399
0.457
0.352
0.430
0.598
0.375
0.441
0.591
0.405
0.472
0.483
0.394
0.501
0.606
0.415
0.379
0.523
0.351
0.412
0.420
0.343
0.442
0.537
0.368
0.400
0.583
0.367
0.445
0.478
0.365
0.481
0.620
0.392
0.398
0.583
0.368
0.439
0.466
0.363
0.482
0.619
0.394
0.384
0.567
0.355
0.427
0.457
0.352
0.461
0.601
0.377
0.360
0.434
0.422
0.412
0.374
0.420
0.402
0.415
0.379
0.372
0.464
0.443
0.406
0.396
0.430
0.400
0.442
0.401
0.351
0.458
0.426
0.391
0.377
0.412
0.386
0.432
0.384
0.406
0.460
0.452
0.449
0.405
0.442
0.440
0.437
0.404
0.354
0.404
0.400
0.399
0.350
0.393
0.396
0.388
0.364
0.374
0.454
0.411
0.430
0.391
0.403
0.433
0.443
0.374
0.368
0.450
0.418
0.419
0.381
0.409
0.426
0.440
0.383
0.367
0.441
0.414
0.420
0.376
0.409
0.421
0.430
0.375
0.375
0.360
0.421
0.436
0.348
0.436
0.409
0.360
0.390
0.387
0.384
0.437
0.433
0.366
0.444
0.408
0.387
0.405
0.360
0.375
0.419
0.412
0.348
0.427
0.391
0.372
0.390
0.412
0.399
0.449
0.463
0.379
0.454
0.436
0.389
0.406
0.368
0.349
0.404
0.422
0.332
0.413
0.402
0.348
0.375
0.378
0.380
0.411
0.443
0.363
0.419
0.423
0.389
0.373
0.376
0.382
0.417
0.437
0.358
0.428
0.422
0.388
0.386
0.376
0.372
0.416
0.438
0.351
0.427
0.416
0.376
0.380
0.337
0.397
0.411
0.388
0.352
0.405
0.381
0.398
0.369
0.351
0.432
0.436
0.384
0.378
0.418
0.383
0.431
0.397
0.331
0.424
0.421
0.369
0.359
0.401
0.367
0.417
0.378
0.382
0.431
0.442
0.430
0.391
0.433
0.422
0.425
0.396
0.333
0.377
0.394
0.383
0.336
0.386
0.382
0.379
0.360
0.350
0.416
0.398
0.405
0.368
0.386
0.418
0.431
0.364
0.345
0.413
0.408
0.397
0.361
0.398
0.411
0.429
0.377
0.345
0.403
0.403
0.398
0.354
0.395
0.405
0.417
0.367
0.339
0.384
0.396
0.391
0.345
0.398
0.388
0.360
0.370
0.349
0.409
0.413
0.385
0.362
0.406
0.388
0.386
0.388
0.334
0.398
0.400
0.373
0.345
0.391
0.375
0.368
0.372
0.374
0.410
0.419
0.418
0.369
0.415
0.413
0.379
0.383
0.334
0.369
0.381
0.382
0.329
0.379
0.383
0.349
0.358
0.349
0.402
0.388
0.403
0.361
0.383
0.407
0.383
0.359
0.350
0.400
0.396
0.399
0.355
0.394
0.409
0.382
0.373
0.345
0.387
0.389
0.397
0.346
0.389
0.404
0.371
0.366
0.385
0.603
0.439
0.413
0.466
0.420
0.462
0.637
0.441
0.402
0.620
0.461
0.415
0.484
0.437
0.453
0.637
0.454
0.382
0.615
0.446
0.399
0.465
0.418
0.443
0.636
0.439
0.442
0.623
0.484
0.463
0.494
0.454
0.509
0.641
0.474
0.381
0.548
0.424
0.407
0.429
0.400
0.449
0.564
0.419
0.405
0.617
0.435
0.444
0.485
0.414
0.503
0.661
0.449
0.398
0.615
0.442
0.429
0.474
0.418
0.495
0.658
0.453
0.388
0.600
0.430
0.421
0.465
0.410
0.477
0.638
0.434
0.383
0.547
0.349
0.414
0.443
0.354
0.432
0.563
0.350
0.388
0.562
0.369
0.406
0.453
0.369
0.427
0.575
0.370
0.370
0.560
0.357
0.391
0.438
0.353
0.413
0.571
0.353
0.431
0.570
0.392
0.453
0.468
0.389
0.468
0.573
0.383
0.377
0.509
0.341
0.399
0.409
0.338
0.419
0.516
0.339
0.395
0.561
0.353
0.431
0.455
0.355
0.453
0.581
0.355
0.394
0.562
0.356
0.422
0.448
0.354
0.454
0.585
0.362
0.393
0.550
0.349
0.422
0.443
0.350
0.447
0.573
0.353
0.365
0.502
0.344
0.411
0.429
0.341
0.413
0.515
0.342
0.373
0.526
0.371
0.411
0.443
0.362
0.413
0.534
0.368
0.359
0.519
0.353
0.396
0.430
0.340
0.400
0.527
0.347
0.409
0.530
0.381
0.443
0.453
0.369
0.443
0.532
0.369
0.359
0.474
0.337
0.396
0.401
0.329
0.400
0.482
0.333
0.382
0.522
0.348
0.430
0.443
0.345
0.430
0.535
0.346
0.379
0.520
0.348
0.423
0.438
0.342
0.430
0.537
0.351
0.373
0.511
0.347
0.417
0.433
0.342
0.426
0.528
0.347
0.395
0.584
0.384
0.426
0.475
0.380
0.446
0.607
0.390
0.402
0.596
0.402
0.421
0.484
0.391
0.443
0.616
0.407
0.383
0.589
0.383
0.406
0.470
0.371
0.429
0.607
0.386
0.444
0.599
0.418
0.468
0.494
0.409
0.485
0.608
0.417
0.393
0.541
0.372
0.418
0.438
0.364
0.439
0.552
0.379
0.412
0.599
0.386
0.453
0.497
0.386
0.477
0.630
0.402
0.404
0.594
0.384
0.439
0.482
0.379
0.471
0.626
0.401
0.398
0.582
0.375
0.431
0.475
0.371
0.458
0.610
0.386
0.350
0.413
0.399
0.424
0.349
0.400
0.403
0.397
0.361
0.361
0.430
0.415
0.415
0.363
0.407
0.399
0.412
0.382
0.351
0.426
0.407
0.415
0.350
0.400
0.402
0.402
0.371
0.405
0.438
0.437
0.486
0.394
0.444
0.467
0.427
0.403
0.353
0.381
0.382
0.425
0.330
0.384
0.415
0.371
0.355
0.372
0.424
0.391
0.459
0.366
0.394
0.451
0.420
0.365
0.367
0.411
0.398
0.451
0.356
0.403
0.450
0.415
0.376
0.369
0.416
0.395
0.453
0.357
0.400
0.448
0.413
0.368
0.340
0.410
0.389
0.404
0.341
0.386
0.382
0.393
0.352
0.361
0.434
0.414
0.414
0.365
0.408
0.393
0.414
0.378
0.345
0.421
0.399
0.402
0.346
0.391
0.385
0.397
0.361
0.396
0.438
0.428
0.469
0.389
0.433
0.445
0.421
0.390
0.343
0.380
0.373
0.407
0.324
0.372
0.393
0.369
0.344
0.364
0.425
0.387
0.438
0.362
0.387
0.426
0.416
0.355
0.358
0.412
0.391
0.431
0.351
0.392
0.423
0.410
0.365
0.357
0.415
0.387
0.429
0.350
0.387
0.420
0.408
0.359
0.346
0.406
0.399
0.433
0.347
0.405
0.411
0.394
0.357
0.360
0.427
0.419
0.430
0.366
0.420
0.410
0.413
0.383
0.349
0.420
0.408
0.423
0.351
0.405
0.407
0.401
0.366
0.397
0.431
0.431
0.489
0.390
0.443
0.469
0.422
0.392
0.347
0.376
0.381
0.432
0.330
0.389
0.417
0.369
0.348
0.367
0.416
0.390
0.465
0.364
0.396
0.456
0.417
0.359
0.361
0.405
0.397
0.456
0.353
0.404
0.454
0.410
0.369
0.363
0.409
0.393
0.456
0.354
0.400
0.450
0.409
0.361
0.336
0.409
0.381
0.399
0.342
0.380
0.382
0.399
0.351
0.349
0.426
0.400
0.399
0.358
0.393
0.382
0.412
0.372
0.338
0.423
0.390
0.389
0.344
0.379
0.378
0.402
0.358
0.392
0.437
0.420
0.461
0.390
0.426
0.445
0.429
0.393
0.338
0.377
0.365
0.399
0.322
0.363
0.390
0.369
0.340
0.352
0.418
0.373
0.424
0.353
0.373
0.419
0.415
0.349
0.348
0.405
0.377
0.420
0.344
0.377
0.419
0.408
0.357
0.349
0.410
0.375
0.418
0.344
0.374
0.413
0.409
0.350
0.361
0.428
0.410
0.421
0.362
0.409
0.399
0.415
0.370
0.381
0.451
0.433
0.426
0.382
0.426
0.406
0.434
0.397
0.365
0.440
0.418
0.414
0.362
0.408
0.400
0.419
0.379
0.412
0.452
0.444
0.474
0.400
0.445
0.451
0.437
0.404
0.361
0.397
0.392
0.422
0.342
0.392
0.407
0.388
0.361
0.385
0.445
0.407
0.452
0.380
0.406
0.440
0.438
0.373
0.377
0.432
0.411
0.444
0.369
0.411
0.438
0.432
0.382
0.380
0.438
0.411
0.445
0.372
0.410
0.436
0.433
0.378
0.415
0.456
0.410
0.528
0.399
0.419
0.552
0.489
0.425
0.427
0.478
0.434
0.509
0.418
0.435
0.527
0.499
0.441
0.408
0.463
0.416
0.507
0.397
0.417
0.533
0.483
0.424
0.487
0.494
0.464
0.620
0.451
0.472
0.645
0.529
0.474
0.423
0.427
0.401
0.546
0.381
0.406
0.572
0.455
0.409
0.454
0.477
0.418
0.597
0.429
0.425
0.629
0.523
0.445
0.445
0.465
0.423
0.591
0.416
0.432
0.629
0.517
0.450
0.435
0.455
0.408
0.575
0.406
0.419
0.605
0.496
0.427
0.409
0.409
0.343
0.522
0.368
0.361
0.509
0.422
0.342
0.411
0.425
0.365
0.499
0.379
0.378
0.488
0.433
0.362
0.400
0.418
0.354
0.503
0.365
0.364
0.496
0.424
0.349
0.471
0.443
0.392
0.595
0.415
0.409
0.583
0.455
0.385
0.415
0.384
0.335
0.525
0.348
0.344
0.523
0.396
0.331
0.436
0.425
0.352
0.568
0.387
0.367
0.560
0.442
0.352
0.432
0.415
0.352
0.564
0.378
0.368
0.567
0.441
0.359
0.433
0.414
0.350
0.561
0.376
0.365
0.560
0.434
0.352
0.414
0.386
0.333
0.523
0.368
0.345
0.509
0.398
0.335
0.413
0.399
0.356
0.514
0.378
0.365
0.495
0.409
0.359
0.405
0.397
0.339
0.506
0.367
0.344
0.497
0.404
0.342
0.469
0.425
0.378
0.584
0.409
0.388
0.574
0.435
0.377
0.413
0.368
0.326
0.522
0.349
0.333
0.520
0.381
0.329
0.436
0.403
0.341
0.560
0.384
0.354
0.550
0.416
0.346
0.432
0.395
0.339
0.556
0.376
0.350
0.556
0.416
0.350
0.430
0.391
0.338
0.551
0.372
0.348
0.548
0.407
0.343
0.425
0.430
0.374
0.548
0.395
0.394
0.538
0.455
0.388
0.428
0.447
0.394
0.517
0.404
0.405
0.513
0.468
0.406
0.414
0.435
0.377
0.519
0.389
0.388
0.518
0.451
0.387
0.485
0.459
0.417
0.622
0.434
0.433
0.620
0.485
0.426
0.434
0.406
0.365
0.559
0.376
0.379
0.567
0.432
0.382
0.458
0.455
0.385
0.604
0.423
0.404
0.605
0.488
0.408
0.447
0.438
0.382
0.597
0.406
0.400
0.609
0.480
0.410
0.441
0.432
0.374
0.586
0.400
0.393
0.589
0.465
0.393
0.340
0.348
0.376
0.412
0.317
0.393
0.380
0.353
0.347
0.348
0.371
0.391
0.404
0.332
0.399
0.377
0.372
0.363
0.339
0.364
0.384
0.400
0.321
0.393
0.376
0.363
0.358
0.395
0.392
0.418
0.471
0.365
0.437
0.440
0.388
0.387
0.348
0.335
0.370
0.420
0.308
0.386
0.397
0.338
0.348
0.361
0.367
0.372
0.445
0.335
0.387
0.425
0.382
0.347
0.356
0.362
0.379
0.437
0.328
0.397
0.421
0.375
0.359
0.352
0.360
0.373
0.431
0.324
0.388
0.414
0.374
0.348
0.331
0.349
0.366
0.397
0.310
0.379
0.363
0.350
0.335
0.347
0.374
0.389
0.402
0.332
0.397
0.371
0.371
0.357
0.334
0.366
0.379
0.391
0.317
0.385
0.361
0.357
0.347
0.384
0.390
0.407
0.455
0.355
0.422
0.419
0.379
0.370
0.338
0.336
0.360
0.406
0.299
0.373
0.379
0.332
0.333
0.353
0.370
0.367
0.427
0.331
0.380
0.403
0.375
0.337
0.346
0.365
0.371
0.421
0.323
0.387
0.399
0.372
0.346
0.344
0.361
0.366
0.414
0.317
0.377
0.393
0.370
0.338
0.338
0.344
0.374
0.427
0.315
0.398
0.392
0.347
0.339
0.348
0.367
0.392
0.421
0.332
0.410
0.388
0.367
0.358
0.339
0.363
0.384
0.415
0.322
0.400
0.385
0.359
0.350
0.390
0.382
0.410
0.481
0.356
0.433
0.449
0.377
0.371
0.347
0.332
0.369
0.436
0.309
0.394
0.408
0.333
0.339
0.360
0.363
0.370
0.460
0.335
0.391
0.438
0.379
0.340
0.353
0.358
0.376
0.453
0.326
0.401
0.434
0.371
0.349
0.351
0.355
0.369
0.443
0.322
0.391
0.423
0.368
0.340
0.331
0.342
0.357
0.398
0.309
0.373
0.369
0.348
0.332
0.339
0.364
0.375
0.396
0.326
0.384
0.369
0.369
0.351
0.328
0.359
0.366
0.383
0.313
0.372
0.359
0.359
0.342
0.389
0.392
0.404
0.461
0.361
0.419
0.433
0.390
0.375
0.339
0.332
0.352
0.408
0.300
0.367
0.385
0.334
0.330
0.347
0.361
0.353
0.424
0.325
0.367
0.407
0.377
0.331
0.342
0.356
0.357
0.420
0.319
0.374
0.405
0.370
0.339
0.338
0.354
0.351
0.410
0.313
0.364
0.394
0.368
0.329
0.351
0.367
0.385
0.411
0.330
0.399
0.378
0.369
0.354
0.364
0.391
0.406
0.413
0.348
0.413
0.382
0.390
0.375
0.349
0.379
0.392
0.399
0.332
0.397
0.373
0.375
0.360
0.397
0.402
0.419
0.459
0.366
0.431
0.426
0.394
0.383
0.353
0.349
0.374
0.417
0.316
0.389
0.388
0.348
0.347
0.370
0.388
0.382
0.437
0.349
0.394
0.417
0.398
0.353
0.364
0.382
0.387
0.432
0.341
0.402
0.413
0.392
0.361
0.363
0.382
0.385
0.425
0.338
0.395
0.406
0.391
0.354
0.407
0.403
0.393
0.518
0.369
0.411
0.530
0.450
0.408
0.412
0.425
0.412
0.494
0.385
0.423
0.500
0.458
0.417
0.401
0.418
0.402
0.493
0.372
0.411
0.505
0.452
0.408
0.475
0.453
0.448
0.603
0.422
0.463
0.617
0.490
0.453
0.421
0.390
0.394
0.543
0.363
0.410
0.555
0.425
0.401
0.443
0.433
0.402
0.577
0.400
0.416
0.603
0.491
0.428
0.437
0.427
0.409
0.576
0.390
0.426
0.602
0.482
0.431
0.425
0.415
0.394
0.556
0.378
0.410
0.578
0.466
0.411
0.396
0.368
0.323
0.502
0.338
0.350
0.483
0.391
0.324
0.397
0.384
0.342
0.480
0.351
0.366
0.462
0.404
0.340
0.387
0.383
0.333
0.478
0.339
0.352
0.466
0.400
0.330
0.457
0.412
0.373
0.571
0.385
0.396
0.555
0.427
0.367
0.407
0.355
0.323
0.513
0.327
0.344
0.502
0.372
0.321
0.422
0.391
0.334
0.543
0.359
0.357
0.531
0.418
0.335
0.420
0.386
0.335
0.541
0.351
0.357
0.537
0.415
0.340
0.416
0.381
0.327
0.532
0.347
0.349
0.525
0.408
0.330
0.391
0.355
0.310
0.493
0.338
0.326
0.477
0.372
0.313
0.390
0.368
0.331
0.486
0.348
0.345
0.466
0.384
0.335
0.381
0.373
0.319
0.471
0.344
0.328
0.460
0.386
0.323
0.443
0.396
0.353
0.545
0.374
0.362
0.535
0.404
0.349
0.398
0.343
0.312
0.498
0.326
0.323
0.492
0.359
0.314
0.415
0.377
0.321
0.528
0.356
0.337
0.515
0.393
0.325
0.413
0.373
0.319
0.525
0.350
0.334
0.521
0.393
0.328
0.407
0.366
0.316
0.518
0.345
0.330
0.512
0.388
0.322
0.407
0.383
0.354
0.524
0.360
0.379
0.509
0.417
0.366
0.409
0.399
0.372
0.498
0.369
0.391
0.485
0.429
0.381
0.398
0.394
0.357
0.494
0.361
0.373
0.487
0.420
0.366
0.468
0.424
0.397
0.594
0.403
0.418
0.584
0.447
0.403
0.424
0.375
0.356
0.542
0.352
0.376
0.540
0.401
0.367
0.439
0.414
0.365
0.573
0.391
0.390
0.568
0.455
0.385
0.432
0.404
0.365
0.572
0.378
0.390
0.573
0.446
0.387
0.421
0.394
0.354
0.553
0.367
0.376
0.549
0.432
0.368
0.304
0.367
0.362
0.371
0.308
0.362
0.350
0.359
0.327
0.322
0.398
0.386
0.370
0.333
0.378
0.357
0.392
0.360
0.309
0.395
0.383
0.358
0.319
0.369
0.346
0.384
0.348
0.369
0.403
0.411
0.445
0.362
0.417
0.422
0.392
0.374
0.324
0.346
0.364
0.393
0.302
0.366
0.382
0.343
0.339
0.334
0.381
0.357
0.412
0.326
0.356
0.412
0.391
0.332
0.326
0.374
0.367
0.403
0.319
0.368
0.403
0.384
0.343
0.331
0.369
0.364
0.407
0.318
0.367
0.402
0.376
0.336
0.296
0.371
0.353
0.356
0.303
0.349
0.335
0.362
0.317
0.320
0.405
0.384
0.368
0.334
0.375
0.352
0.395
0.352
0.303
0.402
0.377
0.348
0.315
0.357
0.334
0.384
0.334
0.358
0.407
0.401
0.428
0.355
0.402
0.403
0.391
0.358
0.313
0.352
0.356
0.378
0.297
0.354
0.364
0.344
0.325
0.324
0.388
0.353
0.394
0.323
0.347
0.389
0.389
0.322
0.317
0.384
0.361
0.386
0.316
0.358
0.382
0.387
0.332
0.321
0.375
0.357
0.391
0.315
0.355
0.383
0.379
0.328
0.300
0.371
0.362
0.379
0.308
0.365
0.357
0.363
0.320
0.320
0.401
0.389
0.381
0.333
0.385
0.365
0.393
0.353
0.307
0.406
0.385
0.364
0.318
0.369
0.351
0.389
0.337
0.360
0.404
0.405
0.443
0.354
0.408
0.427
0.391
0.356
0.317
0.349
0.362
0.397
0.300
0.366
0.386
0.344
0.325
0.327
0.387
0.356
0.418
0.326
0.355
0.420
0.396
0.323
0.319
0.381
0.365
0.409
0.318
0.368
0.411
0.387
0.332
0.323
0.373
0.359
0.411
0.318
0.364
0.408
0.383
0.328
0.294
0.366
0.346
0.353
0.302
0.344
0.334
0.362
0.314
0.313
0.399
0.372
0.359
0.328
0.364
0.345
0.392
0.346
0.299
0.402
0.368
0.339
0.315
0.349
0.328
0.390
0.332
0.360
0.409
0.397
0.427
0.360
0.399
0.406
0.401
0.362
0.311
0.348
0.347
0.373
0.296
0.346
0.361
0.342
0.320
0.318
0.383
0.341
0.386
0.318
0.337
0.386
0.390
0.316
0.311
0.378
0.348
0.379
0.312
0.347
0.379
0.384
0.325
0.313
0.368
0.343
0.381
0.308
0.342
0.375
0.376
0.318
0.315
0.392
0.374
0.372
0.323
0.371
0.349
0.387
0.337
0.338
0.427
0.404
0.380
0.351
0.392
0.362
0.420
0.370
0.320
0.419
0.394
0.362
0.332
0.374
0.348
0.410
0.353
0.373
0.422
0.415
0.435
0.367
0.413
0.409
0.408
0.371
0.329
0.367
0.372
0.393
0.312
0.370
0.377
0.363
0.340
0.343
0.412
0.370
0.409
0.342
0.363
0.404
0.417
0.338
0.335
0.405
0.379
0.400
0.333
0.374
0.396
0.413
0.348
0.339
0.397
0.376
0.404
0.334
0.373
0.394
0.403
0.344
0.377
0.414
0.383
0.481
0.363
0.389
0.504
0.453
0.393
0.393
0.446
0.413
0.468
0.388
0.411
0.487
0.472
0.416
0.373
0.438
0.400
0.455
0.369
0.394
0.479
0.463
0.399
0.459
0.463
0.447
0.585
0.425
0.453
0.609
0.500
0.450
0.399
0.394
0.388
0.516
0.356
0.393
0.544
0.431
0.395
0.420
0.440
0.392
0.549
0.393
0.393
0.591
0.497
0.417
0.410
0.431
0.399
0.545
0.382
0.403
0.588
0.490
0.421
0.404
0.416
0.386
0.534
0.373
0.393
0.567
0.468
0.403
0.363
0.362
0.304
0.463
0.325
0.320
0.458
0.384
0.305
0.372
0.391
0.332
0.449
0.347
0.345
0.446
0.410
0.334
0.355
0.387
0.320
0.435
0.329
0.325
0.436
0.400
0.315
0.435
0.406
0.361
0.551
0.381
0.377
0.545
0.424
0.356
0.387
0.350
0.313
0.488
0.318
0.323
0.493
0.369
0.311
0.397
0.384
0.317
0.517
0.348
0.329
0.519
0.413
0.320
0.392
0.377
0.319
0.513
0.339
0.331
0.524
0.411
0.327
0.397
0.370
0.316
0.515
0.337
0.331
0.517
0.400
0.321
0.360
0.344
0.292
0.458
0.325
0.302
0.452
0.363
0.297
0.367
0.367
0.324
0.457
0.344
0.331
0.449
0.386
0.329
0.351
0.369
0.310
0.435
0.334
0.308
0.434
0.383
0.310
0.426
0.389
0.345
0.531
0.372
0.353
0.527
0.403
0.344
0.378
0.334
0.304
0.478
0.317
0.309
0.482
0.355
0.307
0.392
0.367
0.306
0.503
0.346
0.315
0.504
0.389
0.313
0.387
0.361
0.305
0.500
0.340
0.313
0.508
0.389
0.317
0.386
0.352
0.305
0.498
0.337
0.315
0.501
0.380
0.313
0.373
0.385
0.334
0.484
0.350
0.351
0.484
0.420
0.349
0.383
0.410
0.360
0.467
0.366
0.371
0.469
0.440
0.374
0.365
0.405
0.344
0.453
0.352
0.349
0.459
0.430
0.352
0.443
0.422
0.383
0.572
0.397
0.398
0.573
0.452
0.391
0.400
0.371
0.342
0.516
0.342
0.353
0.528
0.403
0.357
0.412
0.416
0.348
0.546
0.381
0.362
0.557
0.461
0.372
0.401
0.402
0.347
0.542
0.366
0.362
0.559
0.452
0.374
0.399
0.389
0.341
0.534
0.360
0.358
0.543
0.436
0.361
0.319
0.401
0.373
0.368
0.327
0.363
0.359
0.383
0.337
0.334
0.429
0.389
0.372
0.350
0.376
0.366
0.411
0.359
0.322
0.409
0.387
0.364
0.332
0.372
0.357
0.386
0.352
0.353
0.412
0.391
0.412
0.353
0.392
0.400
0.391
0.354
0.319
0.370
0.356
0.374
0.311
0.353
0.370
0.359
0.331
0.344
0.418
0.371
0.405
0.347
0.367
0.407
0.409
0.340
0.337
0.412
0.374
0.396
0.340
0.372
0.401
0.404
0.348
0.335
0.406
0.368
0.394
0.336
0.365
0.395
0.399
0.340
0.312
0.398
0.364
0.356
0.321
0.350
0.343
0.378
0.325
0.334
0.426
0.388
0.372
0.348
0.374
0.362
0.404
0.351
0.318
0.407
0.383
0.354
0.327
0.362
0.343
0.377
0.338
0.343
0.407
0.380
0.399
0.343
0.376
0.383
0.380
0.337
0.312
0.369
0.349
0.363
0.303
0.341
0.355
0.351
0.317
0.336
0.413
0.364
0.391
0.339
0.356
0.389
0.396
0.326
0.330
0.411
0.368
0.383
0.333
0.360
0.383
0.396
0.334
0.329
0.405
0.362
0.380
0.328
0.352
0.378
0.393
0.330
0.318
0.396
0.369
0.380
0.322
0.365
0.368
0.375
0.327
0.333
0.421
0.388
0.386
0.345
0.382
0.374
0.403
0.351
0.321
0.405
0.386
0.374
0.327
0.372
0.361
0.377
0.340
0.345
0.401
0.381
0.417
0.341
0.384
0.406
0.380
0.337
0.316
0.364
0.352
0.385
0.306
0.355
0.377
0.350
0.319
0.338
0.409
0.363
0.415
0.339
0.364
0.416
0.402
0.328
0.332
0.405
0.368
0.406
0.331
0.370
0.410
0.396
0.334
0.333
0.401
0.364
0.401
0.330
0.362
0.403
0.394
0.331
0.311
0.397
0.357
0.357
0.321
0.346
0.346
0.378
0.323
0.327
0.421
0.375
0.363
0.342
0.363
0.357
0.404
0.347
0.313
0.405
0.373
0.348
0.325
0.353
0.340
0.381
0.337
0.350
0.413
0.380
0.402
0.349
0.376
0.390
0.392
0.344
0.314
0.369
0.343
0.363
0.305
0.336
0.359
0.356
0.318
0.333
0.411
0.356
0.389
0.337
0.349
0.390
0.402
0.325
0.327
0.406
0.356
0.380
0.330
0.351
0.384
0.397
0.329
0.323
0.403
0.351
0.376
0.326
0.343
0.377
0.396
0.325
0.331
0.423
0.385
0.369
0.345
0.373
0.357
0.404
0.347
0.350
0.448
0.404
0.380
0.367
0.391
0.371
0.431
0.373
0.335
0.427
0.399
0.363
0.348
0.380
0.355
0.404
0.361
0.361
0.430
0.400
0.404
0.362
0.392
0.387
0.405
0.357
0.330
0.392
0.369
0.374
0.325
0.361
0.364
0.377
0.338
0.356
0.444
0.387
0.402
0.365
0.377
0.398
0.430
0.350
0.347
0.438
0.388
0.391
0.356
0.378
0.391
0.424
0.354
0.349
0.434
0.385
0.392
0.355
0.375
0.391
0.425
0.354
0.401
0.459
0.400
0.490
0.390
0.398
0.519
0.490
0.411
0.412
0.479
0.420
0.477
0.409
0.415
0.501
0.500
0.426
0.397
0.466
0.410
0.470
0.388
0.400
0.498
0.483
0.410
0.447
0.475
0.428
0.554
0.419
0.432
0.586
0.508
0.440
0.402
0.422
0.384
0.501
0.367
0.386
0.532
0.451
0.394
0.437
0.482
0.408
0.546
0.416
0.408
0.589
0.524
0.432
0.428
0.472
0.409
0.540
0.405
0.410
0.585
0.517
0.432
0.419
0.458
0.397
0.528
0.396
0.399
0.562
0.497
0.413
0.389
0.410
0.317
0.472
0.356
0.328
0.468
0.416
0.318
0.393
0.427
0.339
0.458
0.368
0.348
0.455
0.432
0.341
0.382
0.413
0.325
0.453
0.351
0.330
0.456
0.414
0.325
0.428
0.421
0.346
0.524
0.381
0.359
0.517
0.426
0.342
0.390
0.379
0.310
0.475
0.335
0.317
0.477
0.389
0.311
0.418
0.429
0.333
0.516
0.377
0.344
0.514
0.438
0.334
0.416
0.423
0.331
0.510
0.369
0.340
0.517
0.437
0.337
0.411
0.416
0.325
0.507
0.364
0.333
0.509
0.429
0.328
0.381
0.377
0.307
0.467
0.346
0.310
0.455
0.384
0.306
0.382
0.397
0.333
0.461
0.362
0.335
0.453
0.407
0.335
0.370
0.386
0.318
0.447
0.348
0.314
0.441
0.391
0.317
0.412
0.397
0.330
0.507
0.367
0.336
0.497
0.398
0.328
0.379
0.358
0.302
0.468
0.330
0.304
0.468
0.370
0.306
0.404
0.400
0.321
0.505
0.367
0.327
0.498
0.408
0.322
0.402
0.395
0.318
0.500
0.361
0.322
0.499
0.407
0.324
0.396
0.382
0.313
0.495
0.354
0.317
0.493
0.399
0.317
0.391
0.419
0.342
0.482
0.366
0.352
0.483
0.434
0.354
0.397
0.439
0.364
0.468
0.381
0.372
0.469
0.453
0.377
0.384
0.420
0.344
0.460
0.363
0.347
0.466
0.430
0.353
0.430
0.429
0.366
0.539
0.389
0.378
0.538
0.443
0.374
0.398
0.392
0.335
0.496
0.349
0.343
0.504
0.411
0.350
0.422
0.445
0.359
0.537
0.397
0.371
0.542
0.469
0.378
0.413
0.432
0.351
0.528
0.380
0.363
0.538
0.456
0.372
0.406
0.420
0.342
0.517
0.372
0.352
0.525
0.445
0.359
0.399
0.599
0.441
0.443
0.461
0.426
0.468
0.610
0.436
0.413
0.617
0.459
0.446
0.483
0.442
0.469
0.626
0.455
0.411
0.625
0.459
0.450
0.479
0.438
0.479
0.638
0.457
0.466
0.627
0.493
0.520
0.511
0.479
0.544
0.637
0.486
0.402
0.546
0.426
0.458
0.444
0.419
0.478
0.559
0.427
0.472
0.656
0.473
0.536
0.540
0.468
0.594
0.717
0.518
0.454
0.647
0.479
0.508
0.512
0.465
0.560
0.686
0.498
0.436
0.621
0.452
0.490
0.491
0.443
0.536
0.659
0.474
0.395
0.603
0.438
0.438
0.461
0.422
0.455
0.614
0.427
0.421
0.628
0.466
0.456
0.491
0.449
0.473
0.635
0.455
0.409
0.631
0.457
0.443
0.479
0.433
0.465
0.638
0.442
0.460
0.631
0.489
0.512
0.510
0.473
0.529
0.636
0.473
0.400
0.559
0.427
0.452
0.445
0.414
0.466
0.565
0.416
0.463
0.661
0.472
0.525
0.538
0.465
0.574
0.712
0.503
0.451
0.657
0.483
0.499
0.513
0.463
0.542
0.687
0.488
0.434
0.631
0.456
0.485
0.497
0.443
0.524
0.663
0.468
0.403
0.605
0.442
0.458
0.459
0.429
0.485
0.617
0.433
0.420
0.620
0.461
0.462
0.480
0.446
0.485
0.631
0.452
0.414
0.630
0.458
0.460
0.475
0.437
0.487
0.640
0.445
0.462
0.623
0.484
0.528
0.501
0.471
0.550
0.634
0.472
0.404
0.554
0.426
0.472
0.443
0.421
0.489
0.565
0.420
0.484
0.671
0.483
0.562
0.553
0.483
0.621
0.738
0.527
0.456
0.652
0.480
0.522
0.509
0.467
0.572
0.691
0.492
0.444
0.631
0.458
0.508
0.498
0.451
0.554
0.671
0.477
0.380
0.590
0.417
0.419
0.451
0.400
0.441
0.603
0.410
0.400
0.608
0.440
0.432
0.475
0.423
0.452
0.620
0.436
0.390
0.616
0.434
0.422
0.467
0.409
0.448
0.628
0.427
0.451
0.624
0.474
0.497
0.503
0.456
0.518
0.632
0.464
0.387
0.545
0.409
0.437
0.436
0.397
0.455
0.555
0.405
0.435
0.634
0.440
0.490
0.509
0.429
0.541
0.683
0.468
0.424
0.629
0.447
0.470
0.488
0.428
0.516
0.662
0.457
0.406
0.606
0.423
0.454
0.471
0.410
0.490
0.637
0.434
0.412
0.619
0.458
0.452
0.487
0.446
0.466
0.631
0.445
0.430
0.636
0.479
0.459
0.507
0.463
0.473
0.646
0.467
0.423
0.643
0.474
0.455
0.500
0.452
0.475
0.653
0.460
0.470
0.639
0.500
0.511
0.522
0.484
0.525
0.645
0.483
0.412
0.568
0.440
0.460
0.463
0.432
0.471
0.578
0.432
0.483
0.678
0.493
0.542
0.567
0.491
0.593
0.743
0.532
0.464
0.668
0.497
0.508
0.533
0.480
0.551
0.706
0.506
0.449
0.646
0.474
0.495
0.521
0.465
0.532
0.684
0.486
0.437
0.488
0.432
0.556
0.432
0.444
0.563
0.503
0.434
0.452
0.517
0.458
0.537
0.454
0.460
0.548
0.524
0.456
0.440
0.517
0.446
0.541
0.443
0.447
0.556
0.527
0.446
0.511
0.535
0.488
0.638
0.489
0.496
0.647
0.551
0.484
0.445
0.465
0.421
0.568
0.423
0.430
0.578
0.483
0.423
0.510
0.554
0.466
0.642
0.508
0.474
0.685
0.609
0.506
0.495
0.541
0.474
0.627
0.482
0.480
0.664
0.582
0.496
0.477
0.516
0.446
0.610
0.462
0.456
0.634
0.549
0.465
0.427
0.419
0.417
0.549
0.398
0.444
0.540
0.447
0.419
0.440
0.448
0.440
0.536
0.419
0.460
0.530
0.472
0.438
0.426
0.440
0.428
0.530
0.408
0.448
0.526
0.467
0.427
0.487
0.471
0.464
0.614
0.447
0.485
0.607
0.492
0.456
0.431
0.413
0.409
0.557
0.394
0.434
0.551
0.438
0.409
0.480
0.483
0.442
0.613
0.459
0.462
0.638
0.545
0.472
0.473
0.478
0.452
0.605
0.442
0.473
0.621
0.521
0.465
0.458
0.454
0.430
0.591
0.426
0.456
0.596
0.496
0.443
0.424
0.456
0.429
0.540
0.418
0.443
0.551
0.490
0.433
0.433
0.486
0.451
0.522
0.439
0.456
0.537
0.516
0.455
0.426
0.486
0.445
0.524
0.433
0.448
0.542
0.518
0.448
0.489
0.500
0.477
0.618
0.475
0.494
0.628
0.535
0.477
0.432
0.439
0.420
0.554
0.412
0.433
0.569
0.476
0.426
0.496
0.521
0.462
0.623
0.491
0.470
0.683
0.605
0.514
0.479
0.509
0.469
0.610
0.468
0.478
0.655
0.575
0.500
0.463
0.485
0.442
0.592
0.451
0.458
0.629
0.547
0.474
0.429
0.465
0.426
0.535
0.423
0.441
0.550
0.477
0.431
0.435
0.485
0.442
0.519
0.437
0.450
0.533
0.489
0.444
0.432
0.482
0.438
0.522
0.432
0.444
0.541
0.489
0.441
0.480
0.496
0.461
0.597
0.460
0.476
0.606
0.502
0.458
0.430
0.445
0.414
0.544
0.412
0.429
0.559
0.459
0.419
0.491
0.525
0.457
0.612
0.495
0.469
0.658
0.578
0.498
0.482
0.515
0.466
0.598
0.469
0.474
0.636
0.546
0.485
0.464
0.489
0.440
0.581
0.450
0.453
0.616
0.523
0.466
0.366
0.549
0.343
0.410
0.427
0.342
0.422
0.557
0.340
0.371
0.561
0.356
0.403
0.444
0.351
0.418
0.567
0.355
0.359
0.557
0.344
0.394
0.426
0.334
0.409
0.559
0.340
0.421
0.566
0.387
0.469
0.467
0.385
0.475
0.572
0.380
0.365
0.500
0.333
0.407
0.400
0.327
0.421
0.508
0.332
0.383
0.561
0.346
0.436
0.449
0.345
0.452
0.579
0.349
0.380
0.561
0.353
0.432
0.441
0.349
0.456
0.582
0.358
0.378
0.551
0.344
0.429
0.431
0.342
0.447
0.569
0.349
0.359
0.550
0.341
0.399
0.427
0.337
0.408
0.557
0.333
0.370
0.563
0.360
0.403
0.446
0.354
0.411
0.566
0.351
0.354
0.559
0.344
0.385
0.428
0.330
0.393
0.556
0.328
0.411
0.567
0.382
0.454
0.465
0.378
0.457
0.570
0.369
0.358
0.502
0.329
0.396
0.399
0.320
0.405
0.509
0.320
0.374
0.561
0.343
0.420
0.448
0.340
0.431
0.576
0.337
0.371
0.562
0.351
0.416
0.440
0.343
0.434
0.577
0.346
0.369
0.551
0.341
0.413
0.430
0.336
0.430
0.568
0.340
0.373
0.555
0.345
0.425
0.431
0.347
0.439
0.566
0.342
0.378
0.565
0.359
0.420
0.445
0.358
0.433
0.573
0.356
0.365
0.564
0.346
0.406
0.430
0.339
0.419
0.566
0.337
0.420
0.566
0.380
0.478
0.465
0.382
0.482
0.575
0.372
0.368
0.506
0.330
0.421
0.405
0.330
0.430
0.516
0.327
0.386
0.565
0.344
0.447
0.449
0.346
0.462
0.587
0.345
0.380
0.564
0.351
0.443
0.439
0.350
0.466
0.587
0.354
0.382
0.556
0.344
0.439
0.434
0.343
0.458
0.577
0.348
0.358
0.551
0.335
0.395
0.433
0.332
0.407
0.563
0.332
0.364
0.561
0.351
0.394
0.446
0.345
0.405
0.567
0.347
0.350
0.559
0.337
0.379
0.432
0.325
0.394
0.565
0.330
0.414
0.572
0.382
0.455
0.473
0.378
0.462
0.581
0.375
0.355
0.503
0.324
0.394
0.403
0.318
0.406
0.513
0.322
0.370
0.559
0.335
0.415
0.448
0.331
0.430
0.580
0.335
0.367
0.561
0.343
0.410
0.440
0.335
0.433
0.582
0.344
0.362
0.550
0.331
0.405
0.429
0.326
0.424
0.570
0.334
0.376
0.569
0.362
0.409
0.448
0.357
0.418
0.577
0.351
0.388
0.583
0.379
0.411
0.465
0.370
0.420
0.587
0.369
0.372
0.576
0.362
0.397
0.446
0.348
0.408
0.579
0.349
0.421
0.577
0.396
0.452
0.472
0.386
0.457
0.580
0.381
0.371
0.518
0.346
0.403
0.415
0.337
0.413
0.524
0.338
0.389
0.579
0.363
0.430
0.466
0.358
0.442
0.596
0.356
0.385
0.580
0.371
0.424
0.457
0.361
0.444
0.598
0.365
0.388
0.574
0.364
0.422
0.451
0.356
0.439
0.589
0.359
0.410
0.446
0.351
0.508
0.392
0.360
0.505
0.446
0.347
0.411
0.467
0.366
0.482
0.405
0.369
0.482
0.460
0.362
0.398
0.457
0.347
0.480
0.388
0.347
0.483
0.453
0.343
0.467
0.473
0.391
0.569
0.435
0.399
0.566
0.478
0.384
0.409
0.411
0.332
0.501
0.370
0.337
0.506
0.419
0.331
0.429
0.463
0.351
0.540
0.413
0.360
0.544
0.472
0.352
0.426
0.459
0.360
0.537
0.404
0.364
0.548
0.472
0.361
0.423
0.451
0.350
0.535
0.398
0.359
0.538
0.460
0.352
0.404
0.382
0.349
0.505
0.362
0.370
0.493
0.404
0.343
0.405
0.401
0.363
0.483
0.376
0.378
0.476
0.421
0.357
0.389
0.391
0.345
0.472
0.360
0.356
0.469
0.411
0.338
0.453
0.421
0.383
0.551
0.399
0.398
0.543
0.438
0.372
0.400
0.368
0.332
0.497
0.347
0.348
0.491
0.388
0.329
0.416
0.406
0.344
0.523
0.381
0.360
0.518
0.433
0.341
0.418
0.408
0.356
0.527
0.378
0.371
0.529
0.436
0.355
0.412
0.395
0.346
0.521
0.368
0.364
0.516
0.421
0.343
0.389
0.408
0.333
0.481
0.372
0.343
0.489
0.431
0.334
0.394
0.438
0.350
0.462
0.392
0.355
0.471
0.452
0.353
0.379
0.428
0.334
0.453
0.373
0.333
0.466
0.441
0.334
0.446
0.447
0.376
0.542
0.421
0.386
0.548
0.467
0.374
0.392
0.389
0.323
0.479
0.358
0.328
0.495
0.413
0.327
0.410
0.430
0.336
0.511
0.393
0.342
0.529
0.461
0.344
0.407
0.427
0.345
0.510
0.386
0.349
0.534
0.462
0.355
0.403
0.417
0.334
0.503
0.377
0.342
0.519
0.447
0.342
0.383
0.403
0.332
0.472
0.363
0.342
0.482
0.402
0.333
0.383
0.420
0.345
0.452
0.375
0.350
0.463
0.417
0.346
0.373
0.407
0.330
0.445
0.359
0.331
0.459
0.401
0.329
0.427
0.426
0.361
0.519
0.394
0.371
0.524
0.423
0.356
0.379
0.380
0.319
0.466
0.348
0.325
0.480
0.385
0.320
0.399
0.422
0.332
0.495
0.385
0.341
0.507
0.427
0.335
0.402
0.420
0.344
0.498
0.380
0.350
0.517
0.427
0.348
0.393
0.406
0.331
0.492
0.367
0.341
0.508
0.413
0.338
0.334
0.494
0.336
0.378
0.396
0.320
0.383
0.497
0.325
0.349
0.518
0.365
0.387
0.417
0.344
0.394
0.521
0.353
0.337
0.514
0.353
0.375
0.403
0.327
0.384
0.514
0.339
0.385
0.515
0.374
0.433
0.430
0.358
0.436
0.514
0.360
0.343
0.460
0.334
0.387
0.378
0.317
0.398
0.465
0.330
0.361
0.514
0.338
0.415
0.422
0.330
0.424
0.525
0.339
0.356
0.511
0.345
0.405
0.411
0.327
0.425
0.526
0.346
0.341
0.492
0.330
0.394
0.395
0.316
0.408
0.505
0.328
0.327
0.492
0.330
0.364
0.392
0.312
0.370
0.495
0.315
0.350
0.520
0.365
0.385
0.416
0.343
0.389
0.519
0.345
0.334
0.514
0.348
0.365
0.401
0.320
0.368
0.508
0.324
0.375
0.512
0.365
0.417
0.423
0.346
0.419
0.507
0.345
0.336
0.464
0.329
0.375
0.375
0.309
0.384
0.466
0.317
0.352
0.516
0.335
0.396
0.419
0.323
0.404
0.523
0.326
0.346
0.512
0.339
0.389
0.409
0.321
0.405
0.521
0.331
0.334
0.493
0.326
0.378
0.395
0.310
0.392
0.506
0.319
0.345
0.502
0.339
0.395
0.404
0.327
0.406
0.510
0.332
0.356
0.520
0.366
0.402
0.418
0.348
0.409
0.525
0.354
0.344
0.518
0.351
0.386
0.408
0.330
0.396
0.520
0.336
0.386
0.511
0.364
0.441
0.427
0.352
0.446
0.513
0.353
0.348
0.465
0.332
0.399
0.383
0.320
0.409
0.473
0.326
0.364
0.517
0.337
0.424
0.422
0.330
0.436
0.531
0.335
0.359
0.514
0.343
0.418
0.414
0.330
0.438
0.529
0.342
0.346
0.494
0.327
0.403
0.400
0.317
0.420
0.511
0.326
0.326
0.495
0.322
0.364
0.398
0.307
0.373
0.504
0.315
0.341
0.513
0.351
0.376
0.412
0.330
0.382
0.519
0.339
0.327
0.512
0.338
0.359
0.403
0.311
0.368
0.518
0.324
0.384
0.523
0.367
0.425
0.436
0.350
0.433
0.529
0.358
0.335
0.464
0.322
0.373
0.378
0.304
0.385
0.471
0.317
0.348
0.511
0.323
0.394
0.418
0.312
0.405
0.527
0.321
0.343
0.507
0.327
0.388
0.408
0.310
0.406
0.525
0.327
0.331
0.491
0.315
0.375
0.393
0.299
0.390
0.508
0.313
0.365
0.529
0.361
0.397
0.431
0.345
0.401
0.535
0.348
0.380
0.550
0.391
0.407
0.446
0.369
0.409
0.553
0.373
0.365
0.543
0.372
0.390
0.432
0.347
0.397
0.544
0.354
0.408
0.542
0.394
0.437
0.449
0.372
0.440
0.541
0.375
0.367
0.493
0.358
0.397
0.404
0.337
0.404
0.496
0.345
0.387
0.549
0.366
0.425
0.452
0.352
0.430
0.559
0.356
0.379
0.544
0.371
0.415
0.440
0.350
0.429
0.557
0.362
0.369
0.530
0.359
0.405
0.428
0.341
0.415
0.541
0.348
0.384
0.402
0.333
0.474
0.368
0.330
0.476
0.408
0.329
0.394
0.425
0.362
0.475
0.386
0.355
0.471
0.429
0.354
0.378
0.417
0.340
0.459
0.370
0.331
0.463
0.420
0.334
0.439
0.433
0.371
0.535
0.407
0.368
0.540
0.441
0.367
0.392
0.383
0.328
0.479
0.354
0.320
0.491
0.392
0.326
0.413
0.428
0.338
0.514
0.392
0.339
0.521
0.435
0.340
0.405
0.421
0.341
0.506
0.382
0.334
0.522
0.434
0.344
0.395
0.406
0.331
0.501
0.371
0.327
0.509
0.417
0.331
0.376
0.356
0.331
0.465
0.342
0.335
0.461
0.377
0.324
0.389
0.380
0.360
0.471
0.363
0.362
0.463
0.399
0.350
0.369
0.370
0.340
0.447
0.348
0.338
0.443
0.386
0.328
0.425
0.394
0.366
0.516
0.377
0.365
0.513
0.405
0.350
0.386
0.352
0.331
0.473
0.336
0.330
0.476
0.370
0.323
0.400
0.385
0.334
0.500
0.369
0.340
0.498
0.404
0.329
0.396
0.383
0.339
0.496
0.361
0.341
0.501
0.405
0.336
0.384
0.363
0.328
0.487
0.347
0.333
0.487
0.388
0.322
0.356
0.367
0.315
0.437
0.343
0.311
0.450
0.388
0.315
0.370
0.391
0.347
0.443
0.364
0.338
0.451
0.410
0.342
0.354
0.386
0.330
0.425
0.350
0.317
0.439
0.402
0.323
0.410
0.403
0.356
0.499
0.385
0.352
0.510
0.419
0.350
0.370
0.358
0.320
0.451
0.337
0.311
0.472
0.380
0.320
0.385
0.390
0.322
0.479
0.370
0.321
0.501
0.418
0.330
0.378
0.385
0.327
0.471
0.359
0.319
0.501
0.417
0.335
0.369
0.371
0.314
0.462
0.348
0.311
0.484
0.402
0.320
0.358
0.369
0.319
0.440
0.343
0.316
0.452
0.376
0.315
0.365
0.386
0.342
0.439
0.357
0.337
0.450
0.392
0.339
0.355
0.378
0.328
0.426
0.344
0.318
0.437
0.381
0.321
0.398
0.392
0.346
0.485
0.368
0.340
0.495
0.395
0.337
0.367
0.360
0.321
0.450
0.337
0.314
0.467
0.371
0.319
0.381
0.392
0.322
0.474
0.368
0.324
0.487
0.402
0.324
0.380
0.389
0.329
0.471
0.361
0.324
0.492
0.402
0.333
0.366
0.368
0.314
0.461
0.343
0.311
0.479
0.382
0.316
0.391
0.589
0.401
0.436
0.463
0.392
0.451
0.604
0.405
0.397
0.601
0.419
0.434
0.477
0.406
0.452
0.618
0.424
0.398
0.611
0.417
0.435
0.475
0.400
0.459
0.628
0.423
0.448
0.601
0.439
0.504
0.504
0.436
0.520
0.624
0.452
0.399
0.540
0.392
0.448
0.442
0.386
0.471
0.563
0.409
0.431
0.618
0.418
0.486
0.502
0.413
0.518
0.653
0.440
0.425
0.617
0.428
0.477
0.489
0.416
0.514
0.653
0.450
0.409
0.594
0.402
0.462
0.474
0.398
0.487
0.623
0.419
0.389
0.593
0.400
0.430
0.467
0.390
0.438
0.604
0.397
0.402
0.606
0.422
0.438
0.483
0.410
0.450
0.621
0.421
0.397
0.614
0.415
0.429
0.480
0.398
0.444
0.624
0.411
0.444
0.606
0.437
0.494
0.507
0.432
0.505
0.623
0.441
0.396
0.550
0.391
0.440
0.448
0.382
0.458
0.568
0.400
0.429
0.625
0.420
0.478
0.509
0.414
0.503
0.654
0.432
0.419
0.622
0.427
0.463
0.494
0.413
0.494
0.651
0.437
0.406
0.599
0.403
0.451
0.480
0.396
0.473
0.626
0.413
0.408
0.600
0.406
0.459
0.476
0.402
0.477
0.617
0.410
0.414
0.611
0.426
0.458
0.487
0.420
0.477
0.630
0.433
0.415
0.623
0.421
0.456
0.489
0.410
0.483
0.641
0.427
0.462
0.611
0.441
0.523
0.514
0.442
0.542
0.636
0.454
0.414
0.556
0.397
0.470
0.459
0.398
0.494
0.582
0.416
0.449
0.633
0.427
0.509
0.520
0.426
0.548
0.677
0.453
0.439
0.631
0.436
0.498
0.503
0.428
0.543
0.672
0.460
0.423
0.605
0.407
0.478
0.486
0.406
0.509
0.638
0.425
0.381
0.586
0.387
0.422
0.462
0.379
0.439
0.604
0.391
0.391
0.596
0.409
0.424
0.473
0.397
0.442
0.615
0.413
0.385
0.605
0.402
0.419
0.474
0.385
0.441
0.623
0.405
0.443
0.605
0.431
0.490
0.506
0.427
0.511
0.629
0.442
0.389
0.541
0.380
0.431
0.442
0.373
0.456
0.564
0.395
0.420
0.612
0.403
0.468
0.499
0.398
0.500
0.648
0.422
0.412
0.611
0.410
0.458
0.487
0.400
0.495
0.648
0.429
0.398
0.590
0.387
0.443
0.472
0.383
0.471
0.622
0.403
0.405
0.607
0.415
0.440
0.483
0.404
0.449
0.619
0.410
0.416
0.620
0.437
0.447
0.501
0.425
0.459
0.636
0.436
0.409
0.622
0.426
0.439
0.494
0.410
0.455
0.638
0.424
0.454
0.613
0.448
0.495
0.513
0.441
0.505
0.630
0.449
0.407
0.558
0.402
0.446
0.459
0.394
0.459
0.574
0.408
0.441
0.634
0.433
0.487
0.523
0.426
0.508
0.664
0.441
0.430
0.630
0.440
0.472
0.507
0.426
0.499
0.661
0.447
0.421
0.612
0.418
0.461
0.496
0.411
0.479
0.638
0.423
0.436
0.476
0.401
0.540
0.428
0.407
0.539
0.488
0.407
0.440
0.495
0.423
0.522
0.441
0.426
0.525
0.505
0.429
0.433
0.500
0.410
0.524
0.436
0.410
0.533
0.510
0.419
0.499
0.507
0.442
0.616
0.477
0.451
0.622
0.531
0.455
0.447
0.449
0.391
0.554
0.416
0.396
0.565
0.474
0.406
0.481
0.519
0.421
0.598
0.472
0.427
0.612
0.545
0.439
0.471
0.507
0.428
0.592
0.457
0.431
0.615
0.540
0.449
0.460
0.492
0.406
0.579
0.445
0.415
0.586
0.513
0.421
0.425
0.415
0.393
0.532
0.395
0.413
0.521
0.443
0.396
0.431
0.433
0.412
0.519
0.409
0.430
0.513
0.461
0.417
0.423
0.434
0.403
0.512
0.405
0.416
0.513
0.463
0.408
0.478
0.455
0.429
0.592
0.438
0.447
0.588
0.484
0.433
0.435
0.410
0.387
0.544
0.392
0.404
0.545
0.441
0.398
0.462
0.462
0.408
0.578
0.438
0.424
0.580
0.501
0.421
0.456
0.455
0.417
0.576
0.426
0.433
0.584
0.496
0.431
0.441
0.433
0.394
0.559
0.411
0.417
0.553
0.468
0.402
0.405
0.430
0.379
0.503
0.398
0.386
0.510
0.460
0.387
0.413
0.457
0.405
0.494
0.417
0.409
0.503
0.487
0.416
0.407
0.458
0.393
0.491
0.410
0.394
0.508
0.488
0.405
0.465
0.466
0.421
0.579
0.451
0.435
0.591
0.506
0.437
0.418
0.415
0.375
0.521
0.392
0.382
0.540
0.454
0.393
0.451
0.472
0.401
0.559
0.440
0.406
0.590
0.522
0.425
0.443
0.463
0.410
0.556
0.429
0.415
0.591
0.519
0.436
0.430
0.446
0.386
0.539
0.415
0.395
0.558
0.491
0.405
0.398
0.428
0.373
0.492
0.390
0.381
0.502
0.436
0.379
0.402
0.444
0.391
0.481
0.401
0.396
0.494
0.455
0.401
0.402
0.443
0.384
0.481
0.397
0.385
0.497
0.450
0.392
0.449
0.456
0.404
0.557
0.428
0.415
0.565
0.469
0.412
0.409
0.415
0.369
0.510
0.386
0.376
0.529
0.435
0.384
0.439
0.470
0.393
0.543
0.433
0.399
0.565
0.493
0.410
0.436
0.464
0.403
0.542
0.423
0.407
0.566
0.485
0.417
0.420
0.439
0.377
0.525
0.404
0.387
0.542
0.457
0.391
