0.492
0.549
0.587
0.666
0.433
0.598
0.508
0.566
0.605
0.786
0.422
0.634
0.720
1.016
0.907
0.827
0.823
0.872
0.445
0.755
0.636
0.578
0.469
0.578
0.476
0.671
0.591
0.583
0.451
0.550
0.469
0.766
0.650
0.621
0.498
0.605
0.485
0.783
0.663
0.539
0.555
0.565
0.460
0.616
0.608
0.665
0.433
0.597
0.419
0.664
0.590
0.523
0.444
0.555
0.467
0.708
0.628
0.671
0.468
0.607
0.490
0.845
0.700
0.590
0.615
0.615
0.471
0.746
0.654
0.588
0.418
0.559
0.562
0.661
0.674
0.833
0.478
0.691
0.466
0.595
0.578
0.640
0.441
0.602
0.491
0.791
0.681
0.659
0.533
0.619
0.445
0.759
0.661
0.629
0.477
0.613
0.451
0.813
0.638
0.602
0.732
0.431
0.487
0.831
0.647
0.580
0.778
0.488
0.464
0.813
0.631
0.578
0.729
0.426
0.473
0.818
0.626
0.624
0.743
0.443
0.471
0.827
0.654
0.542
0.707
0.497
0.458
0.823
0.642
0.601
0.726
0.452
0.495
0.854
0.688
0.627
0.755
0.480
0.525
0.853
0.597
0.722
0.845
0.441
0.532
0.848
0.681
0.576
0.707
0.509
0.461
0.823
0.648
0.608
0.736
0.455
0.497
0.834
0.660
0.546
0.683
0.482
0.608
0.527
0.613
0.799
0.480
0.675
0.698
0.539
0.657
0.934
0.478
0.715
0.805
0.980
0.924
0.969
0.806
0.924
0.509
0.658
0.622
0.735
0.483
0.651
0.568
0.576
0.607
0.697
0.461
0.592
0.535
0.687
0.643
0.774
0.517
0.684
0.535
0.713
0.648
0.693
0.552
0.623
0.595
0.537
0.629
0.787
0.468
0.649
0.487
0.587
0.593
0.651
0.461
0.608
0.538
0.634
0.633
0.798
0.504
0.669
0.559
0.764
0.686
0.774
0.610
0.684
0.539
0.668
0.647
0.743
0.438
0.621
0.736
0.608
0.717
0.949
0.529
0.759
0.555
0.523
0.588
0.734
0.461
0.642
0.543
0.703
0.664
0.785
0.550
0.677
0.516
0.673
0.646
0.776
0.510
0.684
0.522
0.747
0.594
0.747
0.811
0.472
0.532
0.772
0.605
0.704
0.834
0.510
0.516
0.751
0.576
0.730
0.811
0.473
0.525
0.766
0.585
0.740
0.810
0.486
0.526
0.752
0.621
0.696
0.753
0.539
0.523
0.745
0.590
0.722
0.781
0.492
0.565
0.797
0.644
0.750
0.816
0.530
0.634
0.847
0.582
0.803
0.882
0.482
0.575
0.804
0.666
0.710
0.767
0.547
0.517
0.760
0.600
0.756
0.814
0.496
0.552
0.764
0.628
0.674
0.728
0.525
0.423
0.435
0.459
0.581
0.373
0.503
0.458
0.429
0.480
0.675
0.370
0.534
0.636
0.835
0.741
0.744
0.717
0.738
0.375
0.577
0.492
0.512
0.404
0.490
0.412
0.510
0.473
0.520
0.401
0.459
0.391
0.588
0.504
0.539
0.431
0.511
0.405
0.610
0.508
0.487
0.483
0.471
0.391
0.463
0.478
0.570
0.376
0.490
0.361
0.515
0.463
0.450
0.390
0.451
0.392
0.554
0.494
0.563
0.411
0.496
0.407
0.641
0.532
0.527
0.501
0.503
0.386
0.568
0.488
0.524
0.366
0.464
0.468
0.497
0.513
0.682
0.419
0.563
0.401
0.446
0.444
0.554
0.375
0.490
0.401
0.608
0.521
0.547
0.464
0.506
0.382
0.586
0.515
0.522
0.415
0.499
0.379
0.616
0.466
0.526
0.631
0.370
0.397
0.640
0.484
0.513
0.664
0.411
0.374
0.609
0.453
0.503
0.621
0.367
0.387
0.637
0.466
0.519
0.632
0.376
0.396
0.634
0.490
0.485
0.598
0.418
0.387
0.629
0.481
0.504
0.613
0.388
0.412
0.662
0.520
0.530
0.646
0.406
0.439
0.669
0.449
0.601
0.703
0.386
0.449
0.664
0.531
0.499
0.607
0.443
0.391
0.634
0.482
0.528
0.634
0.392
0.408
0.633
0.497
0.475
0.579
0.407
0.509
0.540
0.635
0.776
0.460
0.676
0.533
0.560
0.654
0.868
0.448
0.693
0.688
0.961
0.894
0.849
0.770
0.859
0.442
0.732
0.669
0.667
0.489
0.646
0.476
0.639
0.613
0.665
0.481
0.607
0.455
0.748
0.674
0.717
0.521
0.677
0.479
0.773
0.698
0.612
0.583
0.630
0.466
0.588
0.633
0.727
0.454
0.644
0.416
0.651
0.620
0.589
0.460
0.606
0.454
0.720
0.667
0.744
0.501
0.665
0.474
0.826
0.730
0.679
0.616
0.674
0.453
0.690
0.677
0.657
0.442
0.617
0.560
0.631
0.697
0.897
0.514
0.751
0.462
0.595
0.607
0.683
0.460
0.637
0.475
0.772
0.704
0.727
0.560
0.670
0.445
0.747
0.704
0.715
0.501
0.684
0.443
0.804
0.664
0.673
0.786
0.468
0.472
0.802
0.659
0.651
0.815
0.515
0.445
0.787
0.630
0.650
0.788
0.463
0.459
0.813
0.647
0.693
0.802
0.488
0.465
0.824
0.682
0.600
0.756
0.543
0.450
0.805
0.657
0.676
0.782
0.490
0.489
0.851
0.713
0.705
0.818
0.520
0.506
0.835
0.601
0.777
0.891
0.480
0.532
0.869
0.732
0.673
0.781
0.565
0.451
0.804
0.656
0.688
0.797
0.498
0.467
0.811
0.670
0.614
0.735
0.520
0.492
0.564
0.627
0.731
0.459
0.632
0.530
0.599
0.661
0.835
0.447
0.658
0.675
0.965
0.884
0.804
0.768
0.822
0.459
0.769
0.690
0.624
0.497
0.609
0.496
0.654
0.617
0.630
0.466
0.572
0.470
0.775
0.683
0.667
0.523
0.630
0.487
0.804
0.709
0.593
0.572
0.596
0.480
0.615
0.641
0.716
0.450
0.624
0.430
0.676
0.640
0.558
0.465
0.586
0.468
0.740
0.674
0.700
0.504
0.626
0.502
0.860
0.756
0.642
0.635
0.647
0.486
0.753
0.703
0.644
0.432
0.587
0.564
0.665
0.705
0.872
0.503
0.717
0.478
0.598
0.609
0.666
0.450
0.617
0.492
0.806
0.726
0.676
0.579
0.636
0.463
0.781
0.710
0.669
0.513
0.637
0.463
0.827
0.692
0.651
0.769
0.463
0.489
0.844
0.688
0.643
0.818
0.512
0.460
0.824
0.677
0.628
0.765
0.452
0.474
0.845
0.689
0.657
0.772
0.476
0.470
0.834
0.693
0.586
0.727
0.513
0.456
0.851
0.698
0.634
0.754
0.482
0.515
0.902
0.763
0.679
0.802
0.514
0.518
0.863
0.653
0.759
0.873
0.461
0.538
0.890
0.752
0.622
0.752
0.540
0.462
0.831
0.687
0.650
0.763
0.489
0.478
0.831
0.689
0.583
0.719
0.505
0.496
0.555
0.628
0.711
0.460
0.630
0.547
0.589
0.669
0.841
0.444
0.669
0.579
0.868
0.791
0.706
0.703
0.731
0.464
0.755
0.688
0.628
0.492
0.618
0.491
0.654
0.622
0.633
0.463
0.579
0.476
0.769
0.694
0.671
0.519
0.642
0.500
0.802
0.720
0.590
0.568
0.601
0.493
0.619
0.646
0.714
0.449
0.625
0.430
0.668
0.635
0.562
0.458
0.584
0.469
0.727
0.674
0.698
0.497
0.629
0.513
0.854
0.761
0.655
0.633
0.659
0.500
0.757
0.719
0.632
0.441
0.590
0.583
0.670
0.716
0.870
0.495
0.713
0.472
0.601
0.614
0.668
0.447
0.624
0.495
0.791
0.724
0.682
0.561
0.639
0.470
0.767
0.708
0.679
0.503
0.648
0.472
0.823
0.693
0.649
0.766
0.467
0.495
0.846
0.693
0.638
0.814
0.515
0.476
0.830
0.685
0.636
0.774
0.461
0.478
0.835
0.675
0.656
0.773
0.474
0.472
0.828
0.693
0.570
0.716
0.507
0.465
0.840
0.693
0.636
0.752
0.484
0.515
0.878
0.745
0.685
0.798
0.517
0.539
0.874
0.651
0.752
0.866
0.453
0.553
0.880
0.746
0.626
0.747
0.549
0.464
0.830
0.688
0.655
0.773
0.482
0.487
0.835
0.695
0.584
0.705
0.507
0.512
0.502
0.598
0.785
0.479
0.691
0.543
0.482
0.597
0.888
0.459
0.696
0.757
0.984
0.919
0.938
0.836
0.931
0.435
0.655
0.613
0.675
0.496
0.652
0.479
0.559
0.573
0.662
0.475
0.600
0.458
0.696
0.644
0.718
0.541
0.684
0.481
0.720
0.644
0.652
0.570
0.631
0.468
0.504
0.580
0.746
0.461
0.652
0.404
0.596
0.576
0.600
0.464
0.613
0.468
0.633
0.621
0.755
0.511
0.678
0.479
0.767
0.687
0.704
0.626
0.683
0.452
0.633
0.610
0.682
0.439
0.617
0.557
0.556
0.643
0.908
0.517
0.756
0.473
0.507
0.555
0.707
0.462
0.652
0.474
0.693
0.639
0.729
0.567
0.671
0.438
0.682
0.651
0.731
0.498
0.682
0.437
0.749
0.601
0.689
0.789
0.468
0.479
0.767
0.617
0.696
0.839
0.539
0.427
0.727
0.555
0.679
0.792
0.461
0.456
0.776
0.598
0.709
0.816
0.500
0.460
0.750
0.614
0.643
0.747
0.530
0.438
0.769
0.609
0.679
0.778
0.491
0.473
0.811
0.650
0.717
0.822
0.526
0.486
0.758
0.510
0.787
0.888
0.465
0.523
0.811
0.672
0.675
0.770
0.562
0.452
0.762
0.606
0.707
0.801
0.505
0.475
0.753
0.625
0.639
0.736
0.528
0.531
0.741
0.701
0.741
0.571
0.682
0.538
0.759
0.709
0.862
0.536
0.707
0.800
1.136
1.018
0.976
0.987
0.998
0.523
0.907
0.773
0.692
0.642
0.692
0.549
0.811
0.715
0.742
0.615
0.680
0.577
0.957
0.820
0.757
0.683
0.740
0.606
0.960
0.818
0.734
0.768
0.732
0.546
0.815
0.757
0.766
0.591
0.707
0.506
0.831
0.738
0.644
0.619
0.674
0.585
0.936
0.817
0.784
0.641
0.719
0.588
0.999
0.849
0.725
0.816
0.751
0.534
0.889
0.770
0.690
0.578
0.662
0.561
0.770
0.722
0.871
0.573
0.741
0.535
0.754
0.703
0.714
0.561
0.680
0.587
0.938
0.821
0.765
0.726
0.742
0.555
0.958
0.832
0.702
0.642
0.702
0.531
0.938
0.770
0.743
0.872
0.588
0.603
0.978
0.803
0.746
0.931
0.668
0.536
0.913
0.748
0.708
0.869
0.595
0.553
0.958
0.778
0.756
0.871
0.591
0.573
0.983
0.814
0.666
0.853
0.643
0.550
0.968
0.797
0.711
0.859
0.598
0.552
0.957
0.807
0.761
0.889
0.630
0.573
0.942
0.740
0.845
0.970
0.595
0.624
0.970
0.818
0.702
0.852
0.666
0.540
0.948
0.782
0.774
0.886
0.619
0.571
0.961
0.800
0.681
0.830
0.623
0.469
0.571
0.615
0.744
0.497
0.661
0.481
0.615
0.647
0.865
0.466
0.692
0.728
1.023
0.915
0.925
0.903
0.947
0.445
0.769
0.665
0.656
0.533
0.642
0.460
0.679
0.601
0.677
0.491
0.596
0.458
0.794
0.669
0.690
0.577
0.659
0.480
0.794
0.670
0.621
0.625
0.633
0.441
0.634
0.629
0.719
0.472
0.638
0.423
0.675
0.605
0.591
0.497
0.606
0.460
0.766
0.665
0.753
0.540
0.669
0.497
0.870
0.731
0.692
0.716
0.699
0.448
0.747
0.668
0.633
0.469
0.599
0.537
0.688
0.692
0.890
0.541
0.746
0.452
0.633
0.615
0.676
0.479
0.638
0.480
0.800
0.698
0.723
0.601
0.677
0.451
0.792
0.701
0.671
0.532
0.664
0.444
0.827
0.676
0.696
0.816
0.487
0.469
0.828
0.665
0.659
0.842
0.544
0.442
0.797
0.642
0.630
0.785
0.492
0.462
0.837
0.664
0.709
0.827
0.511
0.464
0.828
0.667
0.624
0.790
0.575
0.450
0.825
0.665
0.669
0.794
0.504
0.493
0.859
0.708
0.708
0.833
0.540
0.486
0.837
0.610
0.774
0.894
0.495
0.550
0.875
0.729
0.664
0.796
0.579
0.459
0.829
0.668
0.704
0.814
0.519
0.488
0.845
0.687
0.648
0.780
0.560
0.481
0.532
0.566
0.715
0.483
0.653
0.483
0.543
0.577
0.847
0.489
0.708
0.720
1.027
0.900
0.860
0.874
0.923
0.429
0.755
0.622
0.635
0.556
0.662
0.467
0.643
0.569
0.637
0.504
0.613
0.450
0.758
0.627
0.673
0.560
0.675
0.465
0.782
0.637
0.579
0.642
0.634
0.432
0.620
0.590
0.720
0.513
0.669
0.393
0.663
0.575
0.557
0.513
0.616
0.443
0.723
0.615
0.724
0.543
0.677
0.469
0.841
0.676
0.652
0.717
0.701
0.445
0.740
0.623
0.635
0.479
0.617
0.544
0.626
0.647
0.881
0.534
0.753
0.453
0.567
0.552
0.682
0.485
0.651
0.466
0.790
0.653
0.720
0.622
0.699
0.433
0.762
0.654
0.676
0.548
0.691
0.428
0.802
0.602
0.638
0.794
0.497
0.464
0.838
0.623
0.602
0.843
0.548
0.429
0.796
0.588
0.610
0.794
0.495
0.453
0.826
0.603
0.651
0.814
0.512
0.443
0.822
0.614
0.587
0.806
0.580
0.438
0.825
0.620
0.654
0.799
0.524
0.481
0.845
0.656
0.684
0.837
0.556
0.508
0.856
0.568
0.773
0.911
0.513
0.518
0.845
0.663
0.604
0.759
0.564
0.440
0.814
0.606
0.663
0.819
0.534
0.478
0.825
0.626
0.607
0.781
0.571
0.502
0.538
0.582
0.737
0.457
0.640
0.509
0.536
0.600
0.825
0.440
0.663
0.781
1.050
0.956
0.919
0.852
0.920
0.433
0.723
0.632
0.626
0.495
0.616
0.484
0.637
0.589
0.646
0.489
0.589
0.452
0.728
0.635
0.664
0.519
0.637
0.476
0.757
0.657
0.613
0.584
0.608
0.452
0.589
0.588
0.696
0.448
0.606
0.412
0.637
0.582
0.559
0.467
0.577
0.467
0.699
0.635
0.735
0.510
0.651
0.471
0.801
0.678
0.652
0.632
0.637
0.455
0.688
0.628
0.648
0.440
0.593
0.543
0.627
0.644
0.845
0.506
0.706
0.456
0.556
0.555
0.656
0.439
0.599
0.471
0.752
0.657
0.688
0.562
0.636
0.448
0.723
0.644
0.663
0.509
0.631
0.436
0.777
0.614
0.652
0.762
0.456
0.487
0.794
0.632
0.660
0.816
0.533
0.437
0.761
0.585
0.620
0.751
0.446
0.453
0.780
0.596
0.664
0.776
0.478
0.462
0.784
0.630
0.610
0.733
0.526
0.442
0.787
0.624
0.641
0.750
0.481
0.477
0.826
0.667
0.691
0.804
0.515
0.510
0.803
0.573
0.760
0.866
0.469
0.550
0.864
0.716
0.660
0.777
0.576
0.446
0.784
0.611
0.665
0.773
0.484
0.467
0.776
0.624
0.601
0.712
0.506
0.758
0.432
0.616
0.704
0.548
0.441
0.746
0.463
0.622
0.666
0.569
0.504
0.736
0.430
0.600
0.656
0.529
0.443
0.729
0.456
0.595
0.693
0.586
0.447
0.751
0.453
0.619
0.692
0.523
0.518
0.751
0.447
0.617
0.676
0.561
0.463
0.762
0.481
0.651
0.682
0.587
0.482
0.712
0.501
0.552
0.749
0.715
0.439
0.739
0.509
0.642
0.676
0.560
0.531
0.745
0.448
0.615
0.704
0.551
0.471
0.762
0.481
0.635
0.661
0.524
0.495
0.893
0.431
0.664
0.764
0.556
0.471
0.858
0.452
0.658
0.720
0.590
0.534
0.861
0.423
0.638
0.726
0.523
0.477
0.891
0.454
0.659
0.751
0.600
0.484
0.901
0.442
0.664
0.779
0.512
0.559
0.890
0.443
0.669
0.749
0.542
0.501
0.915
0.482
0.704
0.756
0.586
0.519
0.837
0.479
0.614
0.783
0.673
0.461
0.873
0.506
0.687
0.747
0.563
0.564
0.901
0.438
0.670
0.771
0.550
0.502
0.908
0.460
0.684
0.717
0.519
0.526
0.922
0.776
0.835
0.970
0.981
0.731
0.846
0.788
0.800
0.854
0.931
0.697
0.888
0.781
0.810
0.928
0.955
0.700
0.914
0.796
0.827
0.991
1.016
0.771
0.996
0.862
0.917
0.980
0.977
0.820
0.961
0.781
0.869
0.995
1.005
0.790
0.917
0.811
0.866
1.001
1.020
0.805
0.934
0.898
0.810
0.995
1.039
0.700
0.932
0.856
0.886
0.958
0.969
0.813
0.914
0.783
0.836
0.990
0.988
0.762
0.970
0.863
0.910
0.970
0.981
0.830
0.714
0.452
0.589
0.720
0.688
0.435
0.685
0.504
0.595
0.677
0.739
0.493
0.685
0.468
0.558
0.699
0.699
0.429
0.700
0.472
0.565
0.714
0.714
0.451
0.733
0.473
0.610
0.675
0.623
0.483
0.709
0.466
0.585
0.704
0.694
0.453
0.688
0.525
0.594
0.730
0.736
0.489
0.706
0.571
0.545
0.795
0.826
0.449
0.699
0.551
0.628
0.675
0.664
0.507
0.702
0.468
0.583
0.729
0.697
0.458
0.713
0.484
0.608
0.646
0.622
0.471
0.696
0.450
0.562
0.696
0.627
0.439
0.678
0.470
0.562
0.668
0.616
0.493
0.673
0.446
0.536
0.676
0.589
0.449
0.678
0.458
0.543
0.679
0.648
0.453
0.687
0.446
0.554
0.663
0.544
0.496
0.686
0.445
0.557
0.672
0.606
0.460
0.690
0.482
0.588
0.722
0.662
0.504
0.672
0.502
0.502
0.745
0.721
0.434
0.708
0.528
0.607
0.677
0.585
0.524
0.690
0.451
0.561
0.698
0.615
0.465
0.692
0.463
0.571
0.652
0.566
0.488
0.748
0.492
0.608
0.746
0.721
0.452
0.734
0.536
0.621
0.703
0.755
0.510
0.730
0.510
0.580
0.736
0.734
0.448
0.728
0.528
0.576
0.733
0.744
0.457
0.747
0.504
0.615
0.688
0.641
0.497
0.741
0.493
0.601
0.716
0.704
0.462
0.719
0.565
0.628
0.750
0.756
0.506
0.753
0.609
0.575
0.790
0.820
0.452
0.721
0.574
0.640
0.696
0.682
0.521
0.741
0.504
0.604
0.760
0.727
0.469
0.745
0.524
0.628
0.666
0.646
0.489
0.683
0.538
0.566
0.740
0.734
0.465
0.663
0.577
0.580
0.702
0.779
0.520
0.662
0.547
0.547
0.732
0.742
0.462
0.671
0.564
0.549
0.733
0.753
0.475
0.687
0.539
0.578
0.694
0.677
0.513
0.679
0.543
0.555
0.722
0.724
0.477
0.669
0.602
0.590
0.749
0.761
0.520
0.708
0.664
0.538
0.802
0.849
0.473
0.699
0.610
0.623
0.702
0.702
0.539
0.680
0.553
0.567
0.749
0.734
0.485
0.683
0.569
0.589
0.662
0.671
0.504
0.746
0.428
0.601
0.683
0.569
0.448
0.745
0.457
0.614
0.673
0.604
0.508
0.727
0.431
0.582
0.655
0.546
0.447
0.751
0.440
0.597
0.674
0.591
0.464
0.778
0.448
0.622
0.675
0.512
0.527
0.764
0.437
0.612
0.678
0.556
0.469
0.786
0.479
0.653
0.698
0.594
0.496
0.721
0.497
0.563
0.748
0.705
0.448
0.776
0.519
0.660
0.677
0.564
0.545
0.766
0.437
0.615
0.690
0.564
0.476
0.779
0.457
0.637
0.655
0.512
0.508
0.627
0.432
0.554
0.650
0.613
0.411
0.614
0.469
0.562
0.616
0.642
0.459
0.605
0.442
0.532
0.622
0.595
0.414
0.606
0.454
0.517
0.640
0.621
0.414
0.640
0.443
0.574
0.605
0.549
0.470
0.630
0.437
0.553
0.624
0.591
0.425
0.614
0.490
0.561
0.657
0.631
0.453
0.624
0.532
0.524
0.697
0.718
0.420
0.629
0.512
0.590
0.616
0.591
0.477
0.620
0.441
0.548
0.655
0.603
0.426
0.634
0.470
0.577
0.590
0.559
0.451
0.781
0.477
0.626
0.735
0.665
0.446
0.746
0.502
0.616
0.686
0.693
0.498
0.745
0.475
0.597
0.716
0.663
0.448
0.755
0.491
0.592
0.723
0.688
0.453
0.787
0.482
0.631
0.696
0.582
0.503
0.768
0.475
0.614
0.711
0.651
0.460
0.764
0.527
0.641
0.741
0.699
0.503
0.751
0.577
0.587
0.778
0.786
0.456
0.768
0.555
0.650
0.695
0.629
0.522
0.774
0.481
0.621
0.748
0.670
0.464
0.781
0.492
0.636
0.665
0.597
0.489
0.756
0.578
0.609
0.787
0.790
0.483
0.715
0.653
0.616
0.746
0.846
0.540
0.729
0.601
0.584
0.759
0.780
0.467
0.731
0.632
0.579
0.773
0.800
0.489
0.774
0.596
0.637
0.744
0.723
0.538
0.743
0.592
0.595
0.756
0.763
0.490
0.748
0.707
0.636
0.790
0.815
0.541
0.799
0.766
0.611
0.851
0.891
0.508
0.736
0.653
0.642
0.739
0.742
0.549
0.743
0.598
0.598
0.797
0.783
0.500
0.769
0.610
0.651
0.698
0.697
0.523
0.722
0.405
0.566
0.731
0.668
0.455
0.687
0.443
0.569
0.689
0.728
0.517
0.690
0.409
0.532
0.692
0.677
0.440
0.707
0.426
0.553
0.721
0.701
0.464
0.733
0.416
0.576
0.674
0.601
0.488
0.724
0.416
0.575
0.695
0.672
0.462
0.709
0.454
0.591
0.738
0.741
0.503
0.673
0.477
0.493
0.783
0.798
0.437
0.719
0.503
0.613
0.693
0.663
0.525
0.728
0.418
0.578
0.735
0.675
0.477
0.720
0.437
0.585
0.646
0.609
0.490
0.919
0.490
0.717
0.798
0.642
0.527
0.893
0.505
0.707
0.776
0.644
0.588
0.881
0.482
0.681
0.756
0.593
0.528
0.903
0.511
0.701
0.782
0.678
0.552
0.916
0.504
0.710
0.809
0.579
0.612
0.898
0.499
0.702
0.763
0.612
0.553
0.953
0.557
0.770
0.810
0.695
0.593
0.861
0.510
0.657
0.838
0.752
0.511
0.881
0.569
0.726
0.774
0.627
0.620
0.915
0.492
0.709
0.802
0.645
0.560
0.923
0.531
0.731
0.773
0.597
0.590
0.710
0.431
0.599
0.646
0.561
0.442
0.705
0.457
0.611
0.620
0.563
0.495
0.693
0.424
0.581
0.623
0.527
0.447
0.700
0.448
0.586
0.633
0.572
0.446
0.718
0.435
0.608
0.627
0.491
0.490
0.712
0.432
0.608
0.625
0.527
0.453
0.715
0.472
0.630
0.654
0.587
0.482
0.704
0.484
0.569
0.691
0.644
0.452
0.720
0.501
0.636
0.632
0.532
0.521
0.710
0.440
0.601
0.652
0.556
0.456
0.720
0.457
0.624
0.596
0.510
0.473
0.765
0.526
0.620
0.762
0.735
0.471
0.734
0.575
0.624
0.722
0.770
0.517
0.735
0.534
0.591
0.742
0.732
0.466
0.743
0.550
0.589
0.756
0.752
0.479
0.779
0.546
0.637
0.713
0.673
0.523
0.748
0.535
0.601
0.740
0.721
0.480
0.735
0.585
0.623
0.764
0.751
0.516
0.747
0.651
0.595
0.806
0.834
0.485
0.766
0.639
0.670
0.734
0.719
0.545
0.748
0.542
0.606
0.765
0.730
0.489
0.776
0.554
0.642
0.690
0.664
0.507
0.748
0.471
0.622
0.742
0.704
0.446
0.731
0.517
0.630
0.689
0.745
0.496
0.713
0.478
0.587
0.722
0.717
0.447
0.734
0.494
0.589
0.725
0.715
0.461
0.770
0.485
0.645
0.685
0.612
0.507
0.754
0.482
0.623
0.722
0.693
0.468
0.734
0.526
0.638
0.740
0.735
0.496
0.715
0.595
0.562
0.791
0.826
0.455
0.745
0.559
0.653
0.710
0.683
0.537
0.747
0.481
0.628
0.750
0.704
0.474
0.767
0.494
0.655
0.661
0.616
0.494
