0.830
1.098
0.978
1.492
1.557
1.465
1.128
1.248
0.867
0.603
0.854
0.807
1.641
1.730
1.724
2.836
2.887
2.801
1.251
1.377
1.307
1.049
1.238
1.075
2.374
2.532
2.414
2.856
2.951
2.881
2.467
2.738
2.657
1.589
1.625
1.492
0.864
1.195
0.874
1.333
1.747
1.456
1.671
1.950
1.584
0.805
1.040
0.852
0.968
1.109
0.962
1.941
1.939
1.807
0.465
0.916
0.624
1.523
1.761
1.584
1.419
1.590
1.536
2.440
2.695
2.439
1.677
1.746
1.664
2.233
2.457
2.324
0.891
1.075
0.994
1.479
1.734
1.293
1.053
1.473
1.291
2.341
2.531
2.384
1.498
1.534
1.485
1.475
1.720
1.542
0.913
0.906
0.863
0.789
0.865
0.835
0.961
1.090
1.072
2.275
2.419
2.424
1.146
1.259
1.195
1.176
1.784
1.270
0.763
0.951
0.702
2.687
2.842
2.708
1.123
1.301
1.245
1.234
1.425
1.216
2.501
2.650
2.569
1.836
1.981
1.890
1.059
1.156
1.016
1.879
2.205
2.029
1.098
1.109
1.080
1.295
1.541
1.302
1.834
2.126
2.056
1.097
1.298
1.149
1.258
1.471
1.347
0.725
0.886
0.780
1.454
1.685
1.575
1.086
1.259
1.158
2.361
2.506
2.416
1.572
1.768
1.660
2.503
2.607
2.567
1.736
1.876
1.840
1.708
1.927
1.750
1.409
1.705
1.507
2.169
2.336
2.219
0.480
0.768
0.621
2.697
2.829
2.889
1.035
1.250
1.094
2.305
2.466
2.380
2.060
2.190
2.069
0.875
1.246
0.923
1.879
2.099
2.097
2.028
2.040
2.033
2.182
2.337
2.282
1.239
1.589
1.480
1.279
1.441
1.370
0.831
0.848
0.805
1.926
2.070
1.999
2.410
2.525
2.483
2.759
2.800
2.761
1.734
1.926
1.892
2.245
2.265
2.076
1.465
1.636
1.507
1.778
2.019
1.843
1.582
1.698
1.652
1.677
1.796
1.830
1.694
1.843
1.477
1.471
1.592
1.534
2.910
3.064
2.988
2.346
2.605
2.433
1.809
1.817
1.757
0.703
0.844
0.766
1.252
1.442
1.395
2.093
2.304
2.295
0.783
1.134
0.756
0.874
1.333
1.053
1.414
1.500
1.334
0.840
1.097
1.035
1.654
1.812
1.619
0.943
0.933
0.877
1.900
2.034
1.948
1.115
1.257
1.158
1.286
1.443
1.340
1.721
1.821
1.722
0.845
1.088
0.975
1.689
1.974
1.868
0.917
1.131
0.982
0.838
0.932
0.840
0.296
0.520
0.395
0.634
1.202
0.980
0.671
0.749
0.703
2.396
2.540
2.602
1.788
1.980
1.858
1.985
2.238
2.103
0.947
1.100
1.028
1.490
1.722
1.661
2.410
2.575
2.494
2.790
2.844
2.835
0.673
0.885
0.829
1.360
1.776
1.153
1.909
1.987
1.897
1.203
1.411
1.322
1.355
1.412
1.061
1.107
1.430
1.153
1.470
1.671
1.379
3.087
3.164
3.130
1.069
1.246
1.121
0.910
0.936
0.938
0.628
0.680
0.668
1.432
1.410
1.248
0.868
0.995
0.916
2.267
2.427
2.353
0.818
1.131
0.955
1.051
1.222
1.107
1.005
1.105
0.985
0.754
1.326
0.613
0.833
0.946
0.861
0.896
1.069
0.836
2.466
2.541
2.473
2.022
2.147
1.985
1.266
1.379
1.303
1.568
1.719
1.629
2.010
2.002
1.975
2.413
2.649
2.526
2.333
2.377
2.350
1.439
1.486
1.427
1.755
1.917
1.872
0.930
1.144
0.992
0.527
0.814
0.669
1.131
1.514
1.523
1.451
1.516
1.488
1.216
1.332
1.279
1.005
1.259
1.068
0.383
0.572
0.471
0.960
1.103
0.953
2.612
2.819
2.647
1.355
1.271
1.286
1.268
1.389
1.155
0.827
0.887
0.868
1.117
1.313
1.231
1.117
1.389
1.214
2.083
2.234
2.069
1.150
1.334
1.166
1.039
1.264
0.961
3.295
3.405
2.958
1.277
1.231
1.251
1.375
1.481
1.355
1.616
1.660
1.620
1.172
1.284
1.186
3.182
3.284
3.175
2.445
2.454
2.495
1.443
1.617
1.485
0.401
0.581
0.474
1.575
1.746
1.707
1.016
1.179
0.992
0.473
0.780
0.606
1.051
1.064
1.056
2.041
2.207
2.016
1.169
1.732
1.500
1.171
1.406
1.164
1.802
1.868
1.795
2.465
2.614
2.562
1.571
1.713
1.620
1.916
2.078
2.066
1.710
1.975
1.682
0.705
0.995
0.832
0.424
0.681
0.505
0.947
1.197
1.014
1.248
1.519
1.350
0.671
0.968
0.763
1.034
1.062
1.032
0.913
1.142
1.010
1.092
1.316
1.155
0.741
0.796
0.766
1.408
1.527
1.349
2.069
2.082
2.044
3.180
3.183
3.188
1.304
1.622
1.319
1.857
2.057
1.907
3.223
3.327
3.282
2.263
2.350
2.114
0.690
0.905
0.780
1.800
2.016
1.842
1.460
1.553
1.456
1.360
1.845
1.640
1.933
2.295
1.953
1.044
1.137
1.063
0.819
0.990
0.870
1.878
2.278
1.906
1.878
2.186
1.906
1.878
2.163
1.906
1.543
1.763
1.694
1.481
1.661
1.521
2.110
2.258
2.174
1.220
1.468
1.227
1.331
1.449
1.359
1.191
1.350
1.285
1.977
2.073
2.066
2.185
2.415
2.167
1.486
1.621
1.475
1.863
1.844
1.863
2.451
2.485
2.413
1.232
1.496
1.311
1.267
1.543
1.351
1.305
1.485
1.367
1.758
1.830
1.711
1.570
1.768
1.643
1.473
1.566
1.673
1.470
1.447
1.426
1.446
1.654
1.569
1.567
1.727
1.634
1.899
1.969
1.923
1.145
1.586
1.169
0.853
1.013
0.893
1.405
1.583
1.425
1.644
1.857
1.697
1.147
1.374
1.229
2.055
2.188
2.095
1.366
1.711
1.462
2.028
2.097
1.857
1.276
1.321
1.241
0.889
1.037
0.912
1.172
1.437
1.377
2.410
2.495
2.409
2.593
2.658
2.708
2.502
2.679
2.766
1.280
1.438
1.330
1.743
1.851
1.730
1.230
1.239
1.244
2.440
2.568
2.544
2.797
2.877
2.891
1.301
1.382
1.382
1.703
1.966
1.708
2.881
2.949
2.878
1.236
1.232
1.141
1.070
1.194
1.126
1.930
2.205
1.930
1.067
1.203
1.149
1.828
2.030
1.920
1.604
1.716
1.578
1.629
1.891
1.673
1.500
1.844
1.529
2.202
2.206
1.842
0.963
1.195
1.054
1.509
1.820
1.478
1.416
1.434
1.353
1.471
1.767
1.752
1.796
2.003
1.850
1.692
2.176
2.068
1.022
1.136
0.989
1.141
1.213
1.171
1.965
2.170
2.098
1.184
1.289
1.167
0.712
1.536
0.867
1.833
1.955
1.866
1.316
1.591
1.443
1.305
1.581
1.411
2.262
2.758
2.500
1.412
1.555
1.404
0.959
1.262
1.163
1.219
1.380
1.094
1.199
1.301
0.984
1.369
1.588
1.496
2.242
2.463
2.419
4.652
4.696
4.641
0.623
0.736
0.741
1.160
1.326
1.233
1.163
1.307
1.410
1.412
1.600
1.487
1.936
2.022
1.977
1.719
1.901
1.882
2.408
2.568
2.475
0.661
0.812
0.723
2.291
2.457
2.411
3.212
3.524
3.556
2.006
2.175
1.974
1.608
1.676
1.718
1.172
1.314
1.287
0.920
0.976
0.860
1.778
1.894
1.726
0.837
0.945
0.819
0.888
1.044
0.914
1.453
1.696
1.576
1.616
1.662
1.619
0.829
0.999
0.935
2.070
2.121
2.072
1.470
1.560
1.479
0.833
0.959
0.845
1.824
2.034
1.906
0.951
1.014
0.812
0.983
1.099
0.989
0.763
1.056
0.969
1.978
2.303
2.172
2.871
2.990
2.946
2.236
2.393
2.280
0.849
0.981
0.586
0.603
1.038
0.761
2.109
2.308
2.081
1.268
1.393
1.252
2.048
2.149
2.073
0.859
1.114
0.846
1.562
1.568
1.575
0.983
1.120
0.863
0.928
1.049
0.962
1.650
1.839
1.742
0.935
1.048
0.984
1.501
1.670
1.538
1.447
1.527
1.465
2.084
2.200
2.008
2.084
2.200
2.008
0.852
0.966
0.890
1.071
1.253
1.186
2.191
2.262
2.139
1.444
1.532
1.467
1.554
1.732
1.601
1.228
1.307
1.038
0.826
1.029
0.720
1.273
1.280
1.220
1.022
1.114
1.057
1.661
1.852
1.783
1.088
1.262
1.073
1.247
1.376
1.210
1.566
1.684
1.565
1.265
1.348
1.189
1.535
1.740
1.523
0.804
0.955
0.789
0.960
1.135
1.040
0.890
1.033
0.842
1.407
1.453
1.410
0.933
1.087
0.968
0.659
0.673
0.683
1.342
1.376
1.571
2.381
2.449
2.506
1.978
2.141
2.073
2.528
2.659
2.560
0.848
1.217
1.003
1.114
1.456
1.264
0.997
1.162
1.033
0.976
1.298
1.163
0.953
1.124
1.053
2.332
2.440
2.281
0.646
1.090
0.821
3.955
4.110
3.976
0.533
0.687
0.501
1.083
1.280
1.207
0.835
1.005
0.843
1.129
1.145
0.971
1.560
1.731
1.613
2.618
2.536
2.506
1.624
2.021
1.628
0.710
1.017
0.831
1.825
1.907
1.844
1.938
2.053
2.036
2.034
2.095
2.027
2.768
2.783
2.712
1.586
1.786
1.520
0.984
1.115
0.953
0.841
1.166
0.866
1.550
1.630
1.610
1.157
1.383
1.217
0.802
1.076
0.927
0.677
0.914
0.814
1.249
1.481
1.389
1.642
1.754
1.729
2.670
2.875
2.769
1.245
1.419
1.283
2.183
2.451
2.176
1.191
1.495
1.539
2.077
2.263
2.192
1.311
1.663
1.275
2.694
2.811
2.658
2.469
2.646
2.535
1.509
1.595
1.417
1.461
1.533
1.530
2.399
2.579
2.478
2.105
2.287
2.131
0.439
0.585
0.415
2.113
2.157
1.868
1.091
1.398
1.080
1.375
1.508
1.057
0.862
1.027
0.948
1.242
1.454
1.362
1.648
1.687
1.589
2.346
2.583
2.343
1.593
1.631
1.586
0.678
0.881
0.779
1.789
1.829
1.663
0.886
1.268
1.030
1.558
1.903
1.783
1.706
1.786
1.633
1.514
1.575
1.474
1.980
2.145
2.011
1.512
1.649
1.582
1.525
1.767
1.637
2.029
2.078
2.113
1.586
1.760
1.674
1.622
1.751
1.731
0.730
0.950
0.697
1.815
2.008
1.818
2.066
2.234
1.723
1.109
1.317
1.193
0.432
0.757
0.712
0.491
0.757
0.425
0.453
0.599
0.462
1.355
1.405
1.392
1.669
1.889
1.667
1.305
1.882
1.775
1.656
1.747
1.700
0.468
0.683
0.547
2.529
2.511
2.298
1.929
2.166
1.997
2.929
3.036
2.799
1.063
1.098
0.850
2.291
2.339
2.316
1.897
2.254
2.013
2.091
2.345
2.083
1.048
1.373
1.135
1.199
1.410
1.325
1.139
1.120
1.034
0.964
1.172
1.063
1.400
2.012
1.442
0.814
0.910
0.852
1.048
1.238
1.032
1.248
1.339
1.267
1.166
1.387
1.332
1.641
1.829
1.729
2.723
2.924
2.698
1.203
1.296
1.171
0.881
1.210
1.066
1.098
1.228
0.999
0.937
1.279
1.180
1.017
1.312
1.145
2.060
2.233
2.033
1.504
1.704
1.639
1.566
1.842
1.652
1.451
1.639
1.509
0.950
2.112
1.056
1.307
2.076
2.052
0.891
1.029
0.930
1.085
1.165
1.111
0.902
1.157
0.894
2.410
2.587
2.491
1.412
1.708
1.529
0.722
0.755
0.621
4.537
4.624
4.644
1.640
1.731
1.733
0.976
1.134
1.181
1.225
1.503
1.324
1.571
1.606
1.580
1.484
1.603
1.473
1.505
1.612
1.511
1.890
2.049
1.968
0.653
0.924
0.681
0.894
1.272
1.141
3.706
3.782
3.748
1.467
1.698
1.575
2.781
2.863
2.706
1.587
1.841
1.622
2.239
2.262
2.127
0.971
1.206
1.141
1.652
1.990
1.800
0.971
1.187
1.007
0.940
1.264
1.054
1.378
1.494
1.434
1.243
1.465
1.250
1.911
2.057
2.003
1.171
1.306
1.042
1.321
1.538
1.400
0.719
0.809
0.818
1.698
2.130
1.861
1.368
1.369
1.355
1.981
2.156
2.095
1.901
1.930
1.931
0.873
0.956
0.840
1.746
1.954
1.784
1.826
1.919
1.806
1.083
1.198
1.105
2.118
2.244
2.120
1.393
1.657
1.515
2.339
2.586
2.389
1.362
1.570
1.403
1.939
1.973
1.882
1.415
1.556
1.422
0.746
1.109
0.886
1.523
1.687
1.512
1.257
1.380
1.295
1.627
1.723
1.655
1.426
1.510
1.363
1.263
1.455
1.377
1.358
1.548
1.347
1.039
1.226
1.166
1.172
1.238
1.193
1.860
2.026
1.967
1.289
1.396
1.278
1.289
1.396
1.278
2.469
2.569
2.542
0.730
1.003
0.702
1.360
1.451
1.377
1.387
1.438
1.410
1.951
2.051
2.005
2.623
2.768
2.668
0.730
1.003
0.702
1.759
1.741
1.772
2.514
2.726
2.431
0.658
0.861
0.743
3.331
3.470
3.408
0.954
1.111
0.928
1.720
1.783
1.744
1.230
1.396
1.336
1.578
1.657
1.592
1.078
1.139
1.161
1.007
1.296
1.179
1.228
1.315
1.333
1.633
1.788
1.672
1.424
1.715
1.536
1.208
1.377
1.314
1.738
1.948
1.848
1.271
1.329
1.209
1.875
2.060
1.958
0.910
1.093
0.952
1.517
1.650
1.548
1.613
1.907
1.654
1.646
1.563
1.543
1.839
1.967
1.783
1.440
1.743
1.552
1.345
1.387
1.376
3.018
3.199
3.151
1.327
1.441
1.373
1.868
2.673
1.940
1.292
1.451
1.336
1.243
1.491
1.367
1.026
1.172
1.085
0.837
1.263
1.041
2.577
2.568
2.529
2.068
2.497
2.219
2.581
2.703
2.647
2.263
2.346
2.255
1.493
1.620
1.237
1.067
1.305
1.078
1.897
1.968
2.127
1.071
1.337
1.163
1.991
2.061
1.839
0.358
0.809
0.511
0.673
0.908
0.842
1.491
1.722
1.494
1.325
1.548
1.409
1.661
1.836
1.728
1.134
1.210
1.163
1.555
1.736
1.606
0.826
1.200
1.087
1.165
1.316
1.190
1.321
1.482
1.323
0.777
0.931
0.702
2.247
2.303
2.176
2.302
2.396
2.392
1.325
1.440
1.237
1.261
1.419
1.255
1.540
1.554
1.509
1.570
1.768
1.726
1.841
1.943
1.677
1.803
1.888
1.774
2.378
2.443
2.333
1.688
1.823
1.765
1.399
1.671
1.455
1.326
1.709
1.445
1.421
1.783
1.390
0.795
1.081
0.799
0.795
1.081
0.799
2.639
2.829
2.778
2.348
2.598
2.472
1.765
1.976
1.863
0.570
0.933
0.740
1.324
1.413
1.389
1.912
2.308
2.073
1.170
1.612
1.357
2.137
2.291
2.194
1.308
1.477
1.385
0.911
1.089
1.022
1.419
1.627
1.520
1.659
1.729
1.555
0.985
1.380
1.048
0.601
0.920
0.647
1.700
1.912
1.753
2.239
2.515
2.321
0.949
1.024
0.948
2.390
2.575
2.472
1.838
1.940
1.914
1.512
1.602
1.587
0.801
1.105
0.931
1.657
1.800
1.643
0.449
0.782
0.599
1.926
1.978
1.918
1.488
1.820
1.630
1.301
1.507
1.356
1.506
1.648
1.569
2.269
2.496
2.396
2.269
2.551
2.396
1.290
1.355
1.303
2.072
2.122
2.066
1.502
1.824
1.722
1.052
1.084
0.989
1.740
1.993
1.842
1.137
1.390
1.270
1.931
1.741
1.699
2.453
2.737
2.490
1.335
1.421
1.278
1.043
1.371
1.194
2.634
2.708
2.684
2.670
2.765
2.685
2.264
2.507
2.308
0.941
1.031
0.992
2.011
2.092
2.010
1.489
1.597
1.561
1.726
1.920
1.741
1.314
1.523
1.268
2.094
2.230
2.095
0.881
1.002
0.938
1.870
2.132
2.011
1.870
2.177
2.074
0.516
0.758
0.576
1.514
1.581
1.577
0.823
1.077
0.795
1.130
1.175
1.133
0.461
0.696
0.545
1.657
1.867
1.814
0.744
1.104
0.846
1.548
1.673
1.698
1.041
1.200
1.121
0.924
1.165
1.002
1.815
2.062
1.940
1.340
1.585
1.438
0.770
0.797
0.749
1.724
1.916
1.654
1.059
1.200
1.092
1.411
1.734
1.504
2.205
2.638
2.223
2.220
2.337
2.224
1.069
1.172
1.038
1.352
1.477
1.368
1.271
1.499
1.253
0.886
1.390
1.175
1.437
1.481
1.245
1.354
1.464
1.395
1.252
1.669
1.230
1.138
1.318
1.104
0.812
1.010
0.727
2.679
2.837
2.676
2.624
2.816
2.669
1.547
1.715
1.480
0.739
0.816
0.760
1.259
1.513
1.266
2.204
2.463
2.144
1.028
1.208
0.982
0.729
0.769
0.735
0.987
1.113
1.085
1.516
1.803
1.767
1.950
2.075
1.974
1.044
1.193
1.135
1.725
1.886
1.794
2.014
2.020
1.938
0.593
0.689
0.642
0.752
0.957
0.825
1.507
1.687
1.588
1.043
1.203
0.918
1.366
1.493
1.424
2.270
2.363
2.265
1.303
1.440
1.335
1.346
1.544
1.447
1.357
1.444
1.384
1.586
1.928
1.746
1.044
1.143
1.048
0.696
0.898
0.788
1.716
1.864
1.766
1.655
1.785
1.710
1.200
1.349
1.299
0.695
0.894
0.732
2.862
2.998
2.875
0.677
0.863
0.799
1.795
2.053
1.915
0.941
1.042
0.971
1.931
2.090
1.986
0.877
1.144
0.961
0.498
0.492
0.328
1.724
1.806
1.694
0.706
0.879
0.715
0.761
1.052
0.791
0.761
1.040
0.791
1.255
1.317
1.230
2.706
2.865
2.738
0.972
1.093
0.969
1.166
1.488
1.254
1.784
1.980
1.766
1.782
1.748
1.872
0.780
0.809
0.816
2.117
2.259
2.225
1.498
1.609
1.484
1.708
2.006
1.789
0.607
0.556
0.504
1.376
1.606
1.505
1.008
1.048
1.044
0.652
0.924
0.758
1.172
1.524
1.386
1.187
1.366
1.246
0.667
0.848
0.707
1.204
1.437
1.182
1.187
1.302
1.007
0.682
1.069
1.021
1.091
1.243
0.939
1.566
1.676
1.601
0.961
1.166
0.967
1.339
1.416
1.374
3.553
3.710
3.685
0.692
0.705
0.699
0.411
0.567
0.512
0.236
0.411
0.298
0.921
1.105
0.864
1.586
1.699
1.610
1.242
1.939
1.321
2.161
2.406
2.171
2.911
3.396
3.222
0.485
0.878
0.642
1.726
1.801
1.777
1.045
1.239
1.096
1.074
1.129
1.018
1.109
1.278
1.187
2.512
2.822
2.591
1.747
1.840
1.698
1.471
1.597
1.517
1.250
1.472
1.304
2.163
2.265
2.203
0.902
0.908
0.814
1.530
1.590
1.391
1.501
1.645
1.532
2.032
1.984
1.887
2.596
2.669
2.532
0.913
0.986
0.901
2.046
2.139
2.082
0.726
0.794
0.655
1.774
2.067
1.903
2.927
2.998
2.908
1.119
1.157
1.099
0.604
1.176
1.208
1.978
2.243
1.947
1.363
1.530
1.422
1.165
1.169
1.120
1.157
1.325
1.219
1.639
1.770
1.750
2.262
2.567
2.450
2.320
2.412
2.355
2.487
2.553
2.517
0.534
0.726
0.677
1.164
1.288
1.126
1.502
1.622
1.522
1.145
1.392
1.277
1.894
2.192
1.902
1.689
1.840
1.805
0.655
0.847
0.706
1.548
1.488
1.517
0.704
0.820
0.545
1.053
1.078
1.022
2.890
2.925
2.894
1.055
1.126
1.070
1.131
1.230
1.187
1.432
1.515
1.460
1.558
1.776
1.741
2.155
2.226
2.062
0.997
1.135
1.049
2.124
2.267
2.177
3.096
3.280
3.240
1.013
1.212
1.150
2.471
2.675
2.560
0.936
1.176
0.926
0.633
1.124
0.723
0.660
0.793
0.720
3.931
3.865
3.894
1.368
1.442
1.286
1.288
1.593
1.297
0.459
0.536
0.422
1.946
2.135
2.021
0.819
1.037
0.915
1.613
1.811
1.546
0.947
1.046
0.968
1.493
1.726
1.547
0.829
1.224
1.088
1.363
1.410
1.266
0.624
0.778
0.697
0.861
1.047
0.822
2.716
2.751
2.730
2.056
2.074
2.014
2.417
2.657
2.222
1.660
1.863
1.737
0.856
1.113
0.921
0.856
1.175
0.921
1.222
1.580
1.249
1.493
1.897
1.662
1.290
1.550
1.251
1.290
1.514
1.251
1.263
1.333
1.261
0.901
1.161
0.974
1.092
1.192
1.129
1.271
1.463
1.317
1.277
1.394
1.284
1.895
1.850
1.879
1.710
1.857
1.808
1.167
1.602
1.411
0.814
1.264
0.954
1.443
1.578
1.529
1.331
1.434
1.265
0.811
0.892
0.772
0.876
0.966
0.838
3.723
3.745
3.821
0.518
0.843
0.595
0.712
0.827
0.687
2.098
2.497
2.333
0.880
1.114
0.985
1.639
1.932
1.805
0.886
0.963
0.857
0.886
0.963
0.857
1.233
1.503
1.407
1.058
1.197
1.138
0.877
0.933
0.769
0.874
1.003
0.927
1.273
1.328
1.284
2.392
2.339
2.366
0.918
0.984
0.917
1.192
1.395
1.210
2.345
2.553
2.341
0.718
1.152
0.679
1.136
1.377
1.198
0.600
0.955
0.663
3.038
3.166
3.000
2.197
2.271
2.211
2.187
2.396
2.357
1.244
1.483
1.501
1.254
1.389
1.320
1.122
1.537
1.198
1.730
2.085
1.899
1.131
1.312
1.157
1.152
1.408
1.308
2.075
2.236
2.078
1.510
1.759
1.790
1.712
1.784
1.724
0.693
0.696
0.622
0.358
0.588
0.472
1.682
1.707
1.743
2.023
2.156
2.049
1.032
1.145
1.105
3.104
3.194
3.213
0.760
0.973
0.792
0.784
1.399
1.194
1.491
1.641
1.506
1.270
1.633
1.522
3.328
3.215
3.298
1.338
1.393
1.343
1.370
1.707
1.369
0.871
0.965
0.859
0.939
1.017
0.927
1.122
1.227
1.128
1.991
2.087
1.968
2.194
2.476
2.163
2.306
2.399
2.267
1.101
1.218
1.117
1.007
1.053
0.991
0.997
1.138
0.997
0.637
0.734
0.723
1.046
1.108
1.062
1.604
1.624
1.527
0.837
1.097
0.908
0.929
1.163
1.035
0.665
0.847
0.720
0.589
0.987
0.718
0.725
0.917
0.700
1.763
2.101
1.765
1.513
1.685
1.543
1.711
1.977
2.300
1.846
2.122
2.484
1.711
1.977
2.300
1.846
2.122
2.484
1.846
2.122
2.484
1.711
1.977
2.300
1.676
1.928
2.227
1.246
1.322
1.261
1.732
1.794
1.704
0.699
0.717
0.713
1.259
1.443
1.121
1.615
1.854
1.718
1.964
2.045
2.152
0.674
0.901
0.793
1.100
1.277
1.064
2.198
2.364
2.601
1.200
1.397
1.196
1.502
1.516
1.489
1.734
1.966
1.744
0.792
1.055
0.819
1.337
1.419
1.372
2.115
2.201
1.955
1.122
1.899
1.477
0.836
1.065
0.859
1.698
2.027
1.804
1.074
1.207
1.051
2.066
2.069
1.930
1.683
1.785
1.751
0.803
0.927
0.876
1.233
1.350
1.354
2.183
2.562
2.352
1.419
1.528
1.378
1.657
1.812
1.761
1.906
2.025
1.964
1.906
2.025
1.964
1.654
1.837
1.674
0.637
0.810
0.542
1.297
1.656
1.370
1.733
2.040
1.771
1.270
1.384
1.302
1.665
1.856
1.739
1.790
1.940
1.789
2.020
2.394
2.184
1.671
1.761
1.669
0.683
0.977
0.787
0.557
1.065
0.769
1.724
1.918
1.749
0.916
1.188
1.025
1.698
1.755
1.727
0.646
0.977
0.680
1.822
1.924
1.834
1.757
1.884
1.786
0.846
1.176
0.786
1.475
1.711
1.608
1.151
1.191
1.124
1.248
1.456
1.314
1.975
2.091
2.036
0.655
0.757
0.669
0.746
0.853
0.827
0.801
0.934
0.846
2.099
2.253
2.079
0.991
1.200
0.990
1.153
1.235
1.055
0.415
0.674
0.482
1.130
1.194
1.155
0.933
1.285
1.053
0.674
0.798
0.721
1.022
1.184
1.079
2.657
2.751
2.738
2.064
2.187
2.088
1.515
1.617
1.556
1.247
1.345
1.246
0.477
0.731
0.569
1.051
1.160
1.023
0.923
1.405
1.514
1.866
2.071
2.034
1.548
1.640
1.619
1.974
2.481
2.077
0.827
0.983
0.959
1.046
1.417
0.969
1.052
1.000
0.947
1.601
1.763
1.498
1.585
1.588
1.534
2.071
2.251
2.139
0.751
0.832
0.761
0.838
0.968
0.913
1.289
1.399
0.960
1.738
1.884
1.746
0.881
1.001
0.942
3.089
3.203
3.123
1.063
1.462
1.206
1.078
1.260
1.134
0.741
0.873
0.709
1.661
1.750
1.699
0.997
1.087
0.992
0.606
0.829
0.723
1.059
1.167
1.111
1.157
1.285
1.046
1.863
1.912
1.832
0.817
1.107
0.950
0.786
1.031
0.514
1.959
2.320
2.017
1.365
1.672
1.559
0.743
1.202
0.811
1.783
1.920
1.671
0.786
1.075
0.841
1.755
2.055
1.776
0.665
0.891
0.689
1.158
1.244
1.174
0.864
1.050
0.948
2.944
3.137
3.064
1.582
1.707
1.705
0.753
0.854
0.789
1.019
1.099
0.936
1.751
1.944
1.756
1.561
1.538
1.576
2.081
2.066
1.978
2.253
2.301
2.260
1.724
1.875
1.683
1.191
1.137
1.188
0.808
1.212
1.338
1.285
1.667
1.417
0.463
0.725
0.596
2.356
2.404
2.283
0.897
1.022
0.749
3.387
3.332
3.290
1.279
1.457
1.356
1.428
1.533
1.488
1.321
1.572
1.622
0.773
0.955
0.794
0.946
1.116
1.043
0.873
0.893
0.889
0.735
0.835
0.703
0.886
1.002
0.847
1.347
1.493
1.457
1.163
1.306
1.213
0.628
0.706
0.617
0.628
0.714
0.691
0.788
1.087
0.850
1.542
1.775
1.466
1.087
1.288
1.210
1.460
1.470
1.343
0.846
1.098
0.904
1.067
1.069
1.031
1.250
1.481
1.119
0.646
0.868
0.758
0.756
0.977
0.822
1.958
2.172
1.888
1.401
1.486
1.470
1.566
1.806
1.650
0.977
1.037
0.890
0.646
0.868
0.758
0.625
0.842
0.735
0.625
0.842
0.735
1.908
2.099
2.003
1.510
1.582
1.115
0.625
0.842
0.735
2.019
2.089
1.984
0.943
1.133
0.970
0.625
0.842
0.735
1.111
1.176
1.154
0.864
0.976
0.938
0.522
0.898
0.682
0.646
0.868
0.758
0.664
0.815
0.735
0.822
1.063
0.848
1.471
1.728
1.464
1.965
1.936
1.923
0.732
0.912
0.822
0.890
1.122
0.831
0.625
0.842
0.735
0.834
1.261
0.958
1.727
1.780
1.683
1.438
1.671
1.361
2.673
2.845
2.721
0.678
0.738
0.557
0.911
1.402
1.026
1.868
1.966
1.878
3.956
4.048
3.881
0.576
0.792
0.683
0.743
1.066
0.868
0.823
0.942
0.560
0.942
1.308
0.746
0.363
0.635
0.517
0.733
1.098
0.861
0.654
0.716
0.618
1.097
1.553
1.277
2.199
2.316
2.195
1.321
1.467
1.405
2.006
2.090
1.936
0.903
0.768
1.184
0.596
0.940
0.651
1.070
1.442
1.208
1.432
1.636
1.519
1.851
1.885
1.885
1.137
1.363
1.281
1.530
1.617
1.593
1.177
1.369
1.251
1.386
1.485
1.394
2.207
2.246
2.245
3.160
3.435
3.307
1.198
1.449
1.319
1.366
1.245
1.103
2.502
2.665
2.570
0.982
1.221
1.062
1.812
1.937
1.927
1.355
1.414
1.368
1.520
1.564
1.528
1.207
1.612
1.432
1.059
1.343
1.203
2.527
2.575
2.630
1.438
1.481
1.415
0.783
0.922
0.810
1.268
1.813
1.777
0.743
0.834
0.671
1.948
2.073
1.893
1.549
1.582
1.502
1.040
1.033
0.960
1.719
1.774
1.688
2.102
2.149
1.911
0.600
0.773
0.561
1.495
1.598
1.533
0.535
0.777
0.481
1.449
1.700
1.583
0.486
0.582
0.588
1.340
1.627
1.460
2.138
2.284
1.874
3.063
3.154
2.999
2.435
2.675
2.667
1.451
1.455
1.304
1.073
1.232
1.133
1.535
1.436
1.367
0.823
0.942
0.560
1.427
1.589
1.447
0.612
0.757
0.587
0.519
0.712
0.607
0.342
0.532
0.440
0.407
0.567
0.486
0.654
0.813
0.724
1.000
1.046
1.030
1.259
1.336
1.175
0.742
0.881
0.630
0.412
0.563
0.480
1.410
1.587
1.317
1.255
1.482
1.317
0.861
1.069
0.958
0.921
1.171
0.902
0.597
0.879
0.534
1.259
1.350
1.271
0.963
1.030
0.982
1.077
1.125
1.197
0.224
0.627
0.459
1.008
1.144
0.996
1.938
1.990
1.960
0.908
0.916
0.968
0.362
0.519
0.443
1.896
2.048
1.874
2.655
2.778
2.703
0.625
0.908
0.721
1.075
1.327
1.201
0.721
0.926
0.846
0.721
0.926
0.846
1.933
2.007
1.995
0.795
1.105
0.824
1.648
1.766
1.677
1.274
1.520
1.331
0.824
1.002
0.976
0.700
0.741
0.708
0.800
1.014
0.880
0.607
0.803
0.689
0.453
0.740
0.545
1.669
1.771
1.722
1.039
1.183
1.051
1.519
2.351
1.682
2.156
2.257
2.153
0.696
0.843
0.763
1.900
2.061
2.009
1.976
2.153
1.826
0.777
0.873
0.739
1.005
1.138
0.962
2.660
2.835
2.754
0.810
0.982
0.934
1.826
2.172
1.942
1.301
1.484
1.227
1.421
1.379
1.366
1.539
1.744
1.619
0.648
0.781
0.706
0.699
0.847
0.765
1.425
1.656
1.564
1.456
1.669
1.645
0.699
0.847
0.765
0.648
0.781
0.706
0.771
0.943
0.789
0.696
0.843
0.763
1.056
1.232
0.989
0.702
1.056
0.873
0.794
1.132
0.926
1.763
1.841
1.709
0.699
0.847
0.765
1.064
1.137
1.035
1.277
1.415
1.247
0.617
0.873
0.721
0.699
0.847
0.765
0.940
1.114
1.007
1.383
1.735
1.488
1.600
1.634
1.520
1.185
1.301
1.169
1.146
1.332
1.244
1.027
1.529
1.224
1.639
1.826
1.718
1.321
1.547
1.407
1.426
1.545
1.534
1.539
1.534
1.511
1.284
1.358
1.180
1.137
1.281
1.199
1.456
1.797
1.521
2.470
2.577
2.496
1.492
1.771
1.673
1.365
1.763
1.484
1.415
1.479
1.345
0.876
0.976
0.914
1.173
1.162
1.299
2.729
3.019
2.751
0.489
0.570
0.524
1.019
1.171
1.072
1.906
2.019
2.037
1.556
1.683
1.509
1.942
1.938
1.917
2.020
2.140
2.221
1.232
1.388
1.259
1.727
1.834
1.624
1.107
1.499
1.153
0.974
1.078
0.958
0.697
0.905
0.756
2.877
3.130
2.993
1.699
2.131
1.884
0.978
1.066
0.879
1.277
1.358
1.306
3.180
3.233
3.138
1.054
1.140
1.058
0.352
0.477
0.358
1.356
1.524
1.411
2.328
2.415
2.335
3.432
3.420
3.419
1.692
1.934
1.575
0.821
0.984
0.867
0.647
0.910
0.770
1.764
1.858
1.762
0.823
1.055
0.892
1.384
1.464
1.382
1.095
1.203
1.125
0.549
0.870
0.604
1.677
1.815
1.696
0.629
0.694
0.620
0.699
0.847
0.765
0.699
0.847
0.765
0.635
0.770
0.694
0.799
0.976
0.847
1.723
1.814
1.778
0.430
0.711
0.611
1.321
1.500
1.468
2.450
2.555
2.509
1.103
1.242
1.098
1.611
1.712
1.646
0.571
0.867
0.749
0.739
0.886
0.740
2.181
2.301
2.145
0.843
1.117
0.952
0.348
0.463
0.321
0.542
0.785
0.652
1.022
1.183
1.070
0.972
1.153
1.020
2.302
2.389
2.321
0.763
0.912
0.827
0.844
1.045
0.942
1.412
1.879
1.505
1.062
1.175
1.038
0.643
0.891
0.730
1.416
1.494
1.406
1.612
1.815
1.710
0.775
0.876
0.802
0.775
0.880
0.818
1.287
1.584
1.365
1.334
1.405
1.326
0.746
0.849
0.821
0.576
0.732
0.647
0.809
1.111
0.846
0.592
0.980
0.699
1.354
1.629
1.496
0.730
0.891
0.803
1.407
1.711
1.498
0.453
1.208
0.748
0.730
0.891
0.803
0.958
1.131
1.045
0.787
0.779
0.622
0.516
0.666
0.568
0.970
1.317
0.927
0.395
0.568
0.442
0.404
0.668
0.494
0.866
0.873
0.813
0.764
0.939
0.731
0.414
0.603
0.450
2.034
2.189
1.892
2.386
2.492
2.318
0.956
1.195
0.812
0.605
0.805
0.761
0.834
0.974
0.917
1.140
1.454
1.455
0.834
0.991
0.906
1.314
1.454
1.279
2.043
2.072
2.007
1.760
1.861
1.725
2.134
2.141
2.091
0.344
0.497
0.414
1.037
1.290
1.033
0.949
1.056
0.974
1.535
1.693
1.599
1.257
1.409
1.318
1.372
1.594
1.409
1.090
1.275
1.220
0.841
1.057
0.914
1.638
1.693
1.613
0.405
0.558
0.475
0.916
1.027
0.923
0.405
0.558
0.475
0.398
0.585
0.491
0.405
0.558
0.475
1.931
1.986
1.924
1.612
1.688
1.575
1.264
1.501
1.411
0.477
0.609
0.532
0.733
0.847
0.752
0.788
0.966
0.789
0.510
0.692
0.554
0.745
1.112
0.908
1.190
1.399
1.260
1.709
1.881
1.934
0.951
1.327
1.081
1.423
1.487
1.308
1.768
2.039
1.744
2.254
2.332
2.298
1.018
1.417
1.358
0.668
0.763
0.627
1.112
1.200
1.159
0.962
1.266
0.971
1.408
1.817
1.575
0.935
1.652
1.460
2.080
2.229
2.093
1.367
1.513
1.262
1.152
1.477
1.274
1.919
2.016
1.972
1.127
1.300
1.230
1.023
1.347
1.157
0.895
0.999
0.707
1.273
1.508
1.307
1.528
1.695
1.443
1.390
1.583
1.461
1.819
1.959
1.871
0.685
0.950
0.748
0.797
0.893
0.754
1.125
1.456
1.294
1.652
1.740
1.535
1.642
1.761
1.704
0.688
1.016
0.754
1.129
1.208
1.055
1.508
1.543
1.511
1.757
1.988
1.847
1.674
1.952
1.781
1.795
1.840
1.703
1.032
1.398
1.108
1.515
1.787
1.481
0.887
1.414
0.685
0.672
0.870
0.785
0.948
1.911
1.211
1.639
1.668
1.603
1.011
1.086
0.687
1.307
1.401
1.287
1.205
1.920
1.812
1.110
1.169
1.094
0.466
0.590
0.511
1.136
1.633
1.235
1.491
1.773
1.615
0.904
0.903
1.053
1.010
1.331
1.146
1.115
1.429
1.139
0.398
0.563
0.468
0.603
0.776
0.586
0.866
1.009
0.858
1.288
1.500
1.275
2.707
2.891
2.735
2.570
2.669
2.627
0.837
0.931
0.862
0.715
0.973
0.927
0.492
0.767
0.437
1.447
1.543
1.426
1.071
1.223
1.098
1.060
1.211
1.127
0.398
0.563
0.468
1.596
1.829
1.675
1.008
1.174
1.071
1.412
1.615
1.452
0.306
0.779
0.495
0.730
0.854
0.691
1.556
1.647
1.553
0.157
0.434
0.307
1.368
1.544
1.437
0.958
1.263
1.172
0.417
0.571
0.490
1.573
1.644
1.583
1.142
1.237
1.124
1.882
2.019
1.926
1.161
1.319
1.263
1.065
1.106
1.085
0.332
0.556
0.427
0.701
0.990
0.813
1.930
1.983
1.873
0.650
0.794
0.739
1.591
1.641
1.548
0.904
1.034
1.012
0.780
1.067
0.772
1.647
1.994
1.814
1.545
1.771
1.369
1.271
1.282
1.221
0.665
0.777
0.467
0.952
0.889
0.795
1.307
1.459
1.499
1.515
1.563
1.489
0.908
1.025
0.923
0.786
0.860
0.799
1.180
1.324
1.352
1.062
1.329
1.179
1.499
1.700
1.550
1.983
2.154
1.925
1.291
1.405
1.335
1.020
1.289
1.155
1.398
1.639
1.502
1.037
1.575
1.278
1.771
1.884
1.841
0.751
0.821
0.707
2.119
2.208
2.117
1.944
1.964
1.960
1.189
1.545
1.185
0.911
1.370
1.014
1.033
1.265
0.790
2.213
2.396
2.209
0.951
1.312
1.034
0.925
1.184
1.102
0.888
0.953
0.743
0.959
1.427
1.185
0.962
1.237
1.144
2.528
2.678
2.498
2.027
2.150
2.077
1.103
1.218
1.182
0.947
1.052
1.037
1.836
1.945
1.826
0.799
0.851
0.810
1.773
1.958
1.824
1.783
2.113
1.846
1.633
1.753
1.635
1.235
1.331
1.225
1.277
1.360
1.091
1.032
1.063
1.043
0.761
0.849
0.779
0.658
1.003
0.797
0.710
0.961
0.705
0.763
0.889
0.820
1.198
1.348
1.237
0.707
0.878
0.740
1.136
1.710
1.168
1.686
1.817
1.674
1.444
1.550
1.491
1.828
1.971
1.539
1.171
1.166
0.875
0.798
1.000
0.863
1.308
1.478
1.570
1.113
1.384
1.299
0.772
0.947
1.204
0.889
1.092
1.013
0.622
0.976
0.822
0.802
1.044
0.840
0.236
0.849
0.676
1.296
1.423
1.345
0.870
1.080
0.976
1.121
1.367
1.255
1.089
1.161
1.035
1.725
1.996
1.676
0.608
0.649
0.613
1.343
1.827
1.244
1.071
1.198
1.124
2.641
2.816
2.698
1.034
1.112
1.053
1.879
1.999
1.846
0.856
1.105
0.886
0.884
1.053
0.788
1.071
1.314
1.129
0.663
0.759
0.681
0.890
0.966
0.735
1.824
2.016
1.921
1.697
1.957
1.748
0.866
0.988
0.861
1.571
1.640
1.647
2.884
2.937
2.893
1.175
1.239
1.212
1.656
1.792
1.694
1.683
1.971
1.874
1.110
1.282
1.147
1.210
1.337
1.293
1.459
1.565
1.471
1.182
1.216
1.179
1.707
1.879
1.855
1.243
1.244
1.089
1.361
1.487
1.395
2.036
2.205
2.162
1.458
1.506
1.484
1.513
1.527
1.417
1.106
1.106
1.063
1.125
1.298
1.117
1.044
1.306
1.105
0.758
0.849
0.569
1.399
1.452
1.414
1.955
1.998
1.805
0.915
1.372
1.033
1.042
1.269
0.976
0.904
1.385
1.107
0.480
1.268
0.554
0.829
0.979
0.874
1.001
1.028
1.052
1.351
1.384
1.094
1.314
1.446
1.479
3.180
3.229
3.122
1.983
2.163
2.052
2.407
2.749
2.544
1.328
1.482
1.369
1.052
1.241
1.126
0.395
0.721
0.423
0.960
1.343
0.972
1.405
1.554
1.479
0.914
1.059
0.960
1.807
1.898
1.888
1.377
1.517
1.351
0.864
1.014
0.950
1.882
1.931
1.964
0.493
0.718
0.572
