0.820
0.988
0.962
1.412
1.457
1.462
0.906
0.971
0.892
0.570
0.687
0.818
1.642
1.688
1.727
2.857
2.888
2.858
1.206
1.257
1.300
1.038
1.177
1.119
2.377
2.450
2.449
2.869
2.929
2.926
2.466
2.653
2.660
1.516
1.542
1.541
0.795
0.986
0.910
1.297
1.564
1.458
1.603
1.722
1.601
0.794
0.956
0.895
0.920
1.013
0.954
1.719
1.842
1.818
0.441
0.701
0.626
1.592
1.685
1.674
1.445
1.547
1.568
2.386
2.560
2.477
1.596
1.653
1.640
2.249
2.394
2.363
0.873
0.990
1.001
1.280
1.482
1.293
1.022
1.304
1.291
2.301
2.452
2.487
1.475
1.498
1.495
1.416
1.532
1.543
0.844
0.840
0.856
0.758
0.805
0.867
0.911
0.964
1.093
2.258
2.346
2.413
1.116
1.193
1.182
1.156
1.560
1.267
0.687
0.830
0.753
2.549
2.651
2.636
1.159
1.249
1.275
1.163
1.253
1.238
2.432
2.556
2.586
1.853
1.930
1.961
1.031
1.081
1.050
1.804
2.004
2.025
1.074
1.077
1.081
1.203
1.336
1.288
1.894
2.073
2.118
1.082
1.210
1.168
1.207
1.366
1.362
0.684
0.786
0.791
1.463
1.600
1.603
1.087
1.190
1.194
2.387
2.490
2.463
1.541
1.658
1.676
2.524
2.591
2.607
1.672
1.764
1.804
1.629
1.801
1.795
1.361
1.518
1.524
2.137
2.204
2.214
0.450
0.644
0.658
2.712
2.762
2.921
1.040
1.127
1.148
2.274
2.370
2.373
1.982
2.044
2.114
0.855
1.131
0.942
1.883
2.052
2.153
2.030
2.039
2.063
2.178
2.305
2.315
1.162
1.464
1.455
1.243
1.329
1.371
0.782
0.793
0.795
1.911
2.001
2.056
2.449
2.513
2.558
2.719
2.749
2.777
1.717
1.860
1.917
2.079
2.098
2.099
1.454
1.564
1.545
1.767
1.926
1.906
1.570
1.637
1.654
1.694
1.759
1.863
1.449
1.512
1.481
1.443
1.503
1.550
2.903
3.007
3.005
2.332
2.517
2.450
1.742
1.753
1.783
0.657
0.737
0.807
1.256
1.359
1.434
2.116
2.283
2.362
0.634
0.842
0.759
0.854
1.093
1.073
1.335
1.411
1.374
0.829
1.019
1.034
1.538
1.663
1.617
0.888
0.869
0.904
1.833
1.921
1.934
1.154
1.222
1.220
1.267
1.378
1.399
1.683
1.741
1.729
0.826
0.962
0.967
1.677
1.801
1.954
0.872
1.019
0.986
0.805
0.859
0.849
0.261
0.362
0.419
0.619
0.997
1.020
0.638
0.708
0.725
2.380
2.478
2.605
1.692
1.822
1.788
1.927
2.097
2.100
0.892
1.018
1.062
1.501
1.625
1.691
2.390
2.491
2.496
2.786
2.812
2.859
0.647
0.800
0.849
1.176
1.402
1.196
1.829
1.871
1.893
1.176
1.314
1.293
1.065
1.087
1.034
1.057
1.210
1.191
1.375
1.432
1.387
3.067
3.114
3.139
1.019
1.126
1.104
0.884
0.900
0.937
0.642
0.678
0.715
1.375
1.422
1.399
0.861
0.947
0.933
2.262
2.376
2.358
0.763
0.931
0.963
1.028
1.127
1.126
0.940
0.997
0.990
0.605
0.847
0.720
0.805
0.854
0.861
0.778
0.894
0.818
2.479
2.516
2.510
1.933
1.996
1.963
1.226
1.308
1.303
1.514
1.624
1.621
1.999
1.963
1.977
2.343
2.511
2.495
2.308
2.322
2.358
1.399
1.420
1.443
1.764
1.880
1.897
0.933
1.050
1.018
0.474
0.625
0.669
1.142
1.411
1.530
1.464
1.500
1.518
1.188
1.243
1.269
0.981
1.143
1.075
0.351
0.473
0.472
0.910
0.985
0.973
2.650
2.802
2.754
1.299
1.231
1.313
1.230
1.242
1.220
0.813
0.860
0.872
1.054
1.175
1.289
1.054
1.259
1.281
2.031
2.110
2.109
1.173
1.285
1.254
0.921
0.974
0.984
3.004
3.087
2.924
1.219
1.200
1.270
1.344
1.374
1.346
1.583
1.621
1.640
1.155
1.210
1.232
3.211
3.273
3.240
2.440
2.443
2.493
1.417
1.525
1.489
0.366
0.468
0.464
1.583
1.681
1.741
0.931
1.004
1.030
0.476
0.619
0.623
1.070
1.048
1.103
1.963
2.056
2.012
1.120
1.425
1.424
1.218
1.353
1.280
1.757
1.797
1.787
2.479
2.582
2.585
1.560
1.623
1.606
1.911
2.022
2.084
1.574
1.735
1.696
0.667
0.832
0.826
0.438
0.610
0.561
0.961
1.133
1.058
1.254
1.418
1.412
0.653
0.820
0.780
1.002
1.024
1.034
0.857
0.993
0.975
1.057
1.173
1.159
0.714
0.724
0.776
1.299
1.422
1.385
2.035
2.036
2.058
3.157
3.145
3.174
1.277
1.507
1.348
1.827
1.946
1.921
3.226
3.297
3.304
2.117
2.130
2.130
0.695
0.821
0.811
1.743
1.828
1.848
1.419
1.478
1.492
1.229
1.613
1.567
1.857
2.047
1.956
1.055
1.113
1.104
0.822
0.906
0.904
1.852
2.077
1.953
1.852
2.041
1.953
1.852
2.021
1.953
1.572
1.707
1.726
1.454
1.593
1.545
2.103
2.153
2.199
1.112
1.222
1.241
1.310
1.359
1.390
1.125
1.235
1.322
2.008
2.075
2.095
2.108
2.238
2.163
1.474
1.564
1.523
1.849
1.836
1.864
2.418
2.440
2.430
1.264
1.461
1.396
1.286
1.496
1.420
1.266
1.334
1.373
1.674
1.720
1.718
1.523
1.637
1.625
1.438
1.500
1.676
1.404
1.406
1.487
1.452
1.571
1.575
1.555
1.631
1.651
1.936
1.969
1.991
1.026
1.292
1.277
0.817
0.890
0.884
1.386
1.456
1.429
1.668
1.796
1.728
1.137
1.281
1.261
1.997
2.084
2.070
1.372
1.599
1.556
1.915
1.932
1.934
1.290
1.329
1.328
0.869
0.967
0.961
1.125
1.296
1.362
2.405
2.464
2.450
2.555
2.581
2.683
2.452
2.577
2.689
1.221
1.315
1.324
1.668
1.746
1.723
1.152
1.161
1.232
2.390
2.472
2.530
2.826
2.880
2.924
1.291
1.347
1.411
1.668
1.871
1.805
2.896
2.952
2.939
1.125
1.160
1.139
1.068
1.142
1.140
1.892
2.094
1.999
1.144
1.210
1.250
1.830
1.973
1.936
1.567
1.636
1.600
1.526
1.689
1.683
1.458
1.676
1.624
1.867
1.863
1.825
0.930
1.058
1.091
1.376
1.558
1.533
1.341
1.340
1.372
1.443
1.642
1.691
1.721
1.834
1.798
1.724
2.030
2.080
0.949
1.006
1.002
1.097
1.134
1.191
1.926
2.058
2.083
1.144
1.181
1.154
0.669
1.253
0.858
1.842
1.924
1.901
1.284
1.465
1.495
1.222
1.338
1.372
2.214
2.528
2.501
1.404
1.500
1.468
0.964
1.134
1.185
1.044
1.122
1.115
0.972
1.073
1.004
1.331
1.458
1.468
2.188
2.335
2.414
4.654
4.691
4.663
0.644
0.714
0.865
1.125
1.222
1.264
1.104
1.237
1.327
1.405
1.543
1.504
1.919
1.964
1.968
1.706
1.822
1.872
2.441
2.521
2.511
0.626
0.726
0.735
2.331
2.428
2.452
3.255
3.439
3.532
1.912
2.036
1.992
1.636
1.676
1.766
1.216
1.315
1.339
0.853
0.873
0.861
1.781
1.838
1.801
0.760
0.826
0.803
0.840
0.932
0.935
1.455
1.557
1.589
1.600
1.627
1.646
0.817
0.918
0.946
2.038
2.069
2.087
1.427
1.478
1.465
0.749
0.876
0.944
1.819
1.945
1.932
0.774
0.886
0.864
0.932
1.002
0.967
0.754
0.938
0.988
2.011
2.174
2.238
2.884
2.947
2.966
2.208
2.329
2.326
0.595
0.684
0.569
0.550
0.817
0.795
1.986
2.111
2.116
1.197
1.190
1.281
2.022
2.100
2.079
0.830
0.868
0.881
1.535
1.518
1.627
0.911
0.996
0.858
0.916
0.993
1.016
1.669
1.801
1.817
0.883
0.957
0.977
1.501
1.588
1.578
1.442
1.479
1.478
2.010
2.063
2.023
2.010
2.063
2.023
0.778
0.843
0.847
1.023
1.155
1.201
2.150
2.192
2.164
1.452
1.501
1.502
1.544
1.609
1.637
1.066
1.132
1.077
0.656
0.742
0.756
1.200
1.194
1.203
0.997
1.071
1.091
1.676
1.795
1.804
1.043
1.170
1.126
1.206
1.281
1.237
1.531
1.600
1.577
1.122
1.154
1.164
1.445
1.608
1.561
0.745
0.838
0.836
0.946
1.053
1.038
0.761
0.840
0.846
1.364
1.392
1.414
0.907
1.000
0.991
0.586
0.620
0.668
1.344
1.400
1.603
2.358
2.411
2.510
2.025
2.084
2.104
2.538
2.625
2.632
0.859
1.057
1.047
1.071
1.209
1.287
1.027
1.146
1.081
0.946
1.146
1.205
0.950
1.016
1.070
2.298
2.361
2.319
0.574
0.855
0.838
3.964
4.034
4.017
0.480
0.562
0.534
1.075
1.185
1.224
0.820
0.897
0.908
0.941
0.959
0.947
1.571
1.665
1.657
2.461
2.450
2.488
1.521
1.807
1.690
0.684
0.887
0.913
1.812
1.856
1.863
1.919
2.001
2.066
2.018
2.055
2.035
2.707
2.720
2.720
1.541
1.674
1.577
0.927
1.023
0.984
0.794
0.948
0.948
1.523
1.604
1.634
1.187
1.312
1.282
0.801
0.960
0.923
0.659
0.808
0.814
1.259
1.388
1.417
1.659
1.718
1.780
2.690
2.794
2.798
1.173
1.264
1.282
2.114
2.295
2.165
1.157
1.441
1.529
2.110
2.236
2.260
1.272
1.530
1.379
2.643
2.686
2.656
2.431
2.558
2.583
1.402
1.459
1.448
1.469
1.525
1.542
2.360
2.476
2.492
2.134
2.252
2.215
0.369
0.433
0.446
1.856
1.912
1.886
0.945
1.100
1.087
1.162
1.254
1.161
0.807
0.887
0.940
1.229
1.366
1.379
1.605
1.638
1.633
2.258
2.368
2.375
1.551
1.592
1.590
0.633
0.724
0.795
1.641
1.656
1.681
0.781
1.069
1.022
1.575
1.833
1.785
1.597
1.677
1.659
1.458
1.494
1.496
1.948
2.057
2.018
1.528
1.631
1.608
1.476
1.589
1.622
2.019
2.042
2.128
1.614
1.731
1.704
1.625
1.702
1.731
0.660
0.789
0.716
1.832
2.005
1.880
1.732
1.798
1.729
1.061
1.150
1.202
0.400
0.624
0.687
0.402
0.556
0.456
0.413
0.473
0.472
1.353
1.370
1.428
1.654
1.772
1.708
1.244
1.736
1.738
1.677
1.729
1.734
0.430
0.579
0.580
2.352
2.321
2.363
1.905
2.052
2.069
2.784
2.832
2.773
0.888
0.923
0.859
2.285
2.310
2.327
1.730
2.021
1.983
2.088
2.243
2.164
1.009
1.236
1.187
1.196
1.313
1.382
1.006
0.991
0.998
0.948
1.071
1.105
1.328
1.758
1.387
0.839
0.888
0.896
1.000
1.076
1.059
1.244
1.299
1.289
1.144
1.293
1.324
1.571
1.674
1.695
2.521
2.708
2.740
1.177
1.222
1.191
0.857
1.097
1.076
0.970
1.069
0.998
0.951
1.146
1.220
1.010
1.218
1.160
2.030
2.104
2.083
1.471
1.607
1.631
1.541
1.706
1.670
1.424
1.499
1.545
0.906
1.742
1.150
1.310
2.001
2.049
0.855
0.956
0.929
1.064
1.129
1.142
0.858
1.009
0.926
2.418
2.531
2.541
1.354
1.500
1.483
0.647
0.661
0.623
4.563
4.624
4.691
1.652
1.710
1.833
0.900
1.006
1.228
1.159
1.337
1.298
1.515
1.537
1.573
1.422
1.483
1.501
1.457
1.551
1.539
1.885
1.980
1.974
0.570
0.757
0.725
0.849
1.090
1.109
3.708
3.766
3.808
1.430
1.576
1.563
2.717
2.761
2.731
1.572
1.736
1.655
2.160
2.198
2.196
0.995
1.125
1.149
1.630
1.850
1.820
0.908
1.016
1.063
0.874
1.063
1.102
1.366
1.421
1.459
1.180
1.306
1.301
1.903
1.995
2.030
1.042
1.140
1.068
1.278
1.421
1.385
0.735
0.811
0.871
1.747
2.078
1.949
1.298
1.256
1.362
2.031
2.141
2.156
1.856
1.856
1.908
0.830
0.891
0.877
1.752
1.880
1.844
1.807
1.852
1.830
1.056
1.129
1.112
2.019
2.093
2.086
1.371
1.527
1.533
2.335
2.491
2.446
1.352
1.483
1.462
1.928
1.935
1.921
1.376
1.455
1.429
0.745
0.990
0.954
1.489
1.613
1.544
1.160
1.233
1.269
1.660
1.724
1.707
1.378
1.430
1.404
1.232
1.332
1.402
1.295
1.373
1.366
1.044
1.144
1.194
1.136
1.183
1.216
1.859
1.945
1.996
1.247
1.305
1.299
1.247
1.305
1.299
2.448
2.506
2.537
0.654
0.784
0.735
1.340
1.386
1.378
1.400
1.440
1.473
1.970
2.035
2.058
2.605
2.689
2.695
0.654
0.784
0.735
1.726
1.728
1.791
2.384
2.513
2.426
0.635
0.771
0.770
3.342
3.437
3.438
0.889
0.979
0.935
1.716
1.741
1.757
1.211
1.315
1.338
1.524
1.585
1.588
1.080
1.120
1.161
1.015
1.210
1.214
1.215
1.277
1.319
1.646
1.748
1.706
1.426
1.589
1.617
1.178
1.272
1.322
1.734
1.876
1.852
1.191
1.216
1.245
1.856
1.975
1.958
0.895
1.001
0.974
1.448
1.515
1.614
1.583
1.799
1.652
1.563
1.535
1.546
1.808
1.894
1.804
1.485
1.672
1.657
1.355
1.369
1.406
3.083
3.216
3.215
1.325
1.391
1.391
1.818
2.418
1.928
1.282
1.356
1.347
1.264
1.439
1.393
0.990
1.082
1.070
0.801
1.064
1.057
2.572
2.560
2.561
2.074
2.363
2.233
2.563
2.639
2.633
2.197
2.254
2.247
1.239
1.291
1.240
0.981
1.110
1.070
1.963
2.008
2.227
0.989
1.094
1.092
1.894
1.934
1.837
0.369
0.699
0.570
0.673
0.807
0.862
1.468
1.606
1.532
1.322
1.465
1.452
1.639
1.732
1.739
1.140
1.167
1.203
1.486
1.571
1.584
0.862
1.092
1.134
1.148
1.233
1.209
1.263
1.353
1.373
0.668
0.753
0.726
2.221
2.263
2.205
2.318
2.381
2.418
1.209
1.295
1.258
1.229
1.342
1.278
1.546
1.545
1.549
1.555
1.684
1.722
1.732
1.831
1.734
1.803
1.837
1.800
2.317
2.348
2.354
1.672
1.737
1.778
1.405
1.525
1.556
1.218
1.438
1.392
1.333
1.506
1.501
0.771
0.911
0.886
0.771
0.911
0.886
2.651
2.766
2.793
2.340
2.481
2.496
1.758
1.911
1.881
0.523
0.735
0.727
1.300
1.366
1.398
1.876
2.146
2.105
1.133
1.369
1.360
2.099
2.189
2.208
1.278
1.367
1.367
0.896
1.004
1.021
1.455
1.578
1.576
1.466
1.538
1.532
0.976
1.191
1.094
0.568
0.773
0.680
1.704
1.848
1.780
2.235
2.368
2.320
0.929
0.952
0.956
2.321
2.436
2.432
1.874
1.933
1.956
1.564
1.588
1.666
0.741
0.927
0.908
1.612
1.690
1.657
0.420
0.639
0.618
1.903
1.934
1.931
1.434
1.650
1.623
1.254
1.373
1.332
1.507
1.594
1.607
2.288
2.461
2.448
2.288
2.477
2.448
1.297
1.334
1.332
2.020
2.073
2.068
1.522
1.752
1.758
0.891
0.912
0.968
1.774
1.901
1.911
1.103
1.245
1.268
1.803
1.657
1.764
2.417
2.643
2.531
1.288
1.343
1.328
1.055
1.296
1.227
2.561
2.628
2.664
2.653
2.719
2.721
2.258
2.401
2.335
0.936
1.002
1.003
1.963
2.017
1.995
1.476
1.529
1.572
1.668
1.807
1.727
1.243
1.337
1.275
2.139
2.233
2.209
0.915
0.985
0.982
1.864
2.022
2.079
1.864
2.058
2.114
0.485
0.587
0.583
1.501
1.534
1.590
0.776
0.924
0.802
1.117
1.136
1.149
0.436
0.559
0.577
1.570
1.744
1.800
0.659
0.904
0.855
1.558
1.619
1.699
1.038
1.134
1.134
0.886
0.977
1.038
1.796
1.936
1.955
1.330
1.485
1.480
0.738
0.742
0.775
1.622
1.788
1.722
1.047
1.143
1.101
1.407
1.659
1.642
2.158
2.382
2.249
2.219
2.305
2.267
0.997
1.039
1.050
1.280
1.358
1.388
1.217
1.335
1.304
0.749
1.105
1.137
1.254
1.270
1.219
1.329
1.394
1.417
1.225
1.458
1.335
1.073
1.149
1.146
0.699
0.860
0.737
2.606
2.710
2.676
2.612
2.747
2.710
1.416
1.456
1.450
0.720
0.755
0.774
1.193
1.351
1.280
2.069
2.202
2.184
1.009
1.143
1.047
0.722
0.754
0.770
0.970
1.054
1.068
1.490
1.686
1.762
1.933
2.020
1.985
1.026
1.108
1.131
1.756
1.830
1.844
1.923
1.934
1.953
0.598
0.667
0.682
0.714
0.833
0.854
1.511
1.628
1.614
0.941
0.998
0.969
1.393
1.468
1.465
2.207
2.271
2.261
1.304
1.370
1.384
1.395
1.512
1.511
1.369
1.394
1.426
1.595
1.820
1.814
1.045
1.095
1.081
0.704
0.807
0.854
1.707
1.818
1.789
1.680
1.688
1.758
1.204
1.304
1.329
0.633
0.715
0.744
2.829
2.924
2.891
0.654
0.773
0.791
1.767
1.912
1.919
0.906
0.967
0.979
1.962
2.050
2.038
0.875
1.042
1.019
0.376
0.363
0.406
1.708
1.755
1.744
0.690
0.751
0.745
0.692
0.878
0.801
0.692
0.881
0.801
1.177
1.232
1.245
2.652
2.790
2.732
0.938
1.019
1.008
1.120
1.324
1.248
1.739
1.834
1.895
1.855
1.808
1.915
0.776
0.792
0.819
2.099
2.183
2.235
1.449
1.501
1.544
1.501
1.766
1.771
0.535
0.488
0.589
1.355
1.512
1.488
0.983
0.999
1.060
0.642
0.794
0.774
1.169
1.415
1.386
1.110
1.234
1.202
0.595
0.706
0.721
1.135
1.280
1.247
0.963
1.022
1.006
0.662
0.886
0.985
0.910
1.044
0.967
1.511
1.593
1.620
0.958
1.062
1.050
1.205
1.247
1.313
3.554
3.646
3.728
0.650
0.672
0.717
0.407
0.506
0.530
0.230
0.309
0.327
0.860
0.998
0.946
1.536
1.618
1.641
1.174
1.714
1.293
2.060
2.227
2.154
2.862
3.288
3.254
0.420
0.676
0.647
1.669
1.722
1.747
1.032
1.175
1.171
1.028
1.074
1.035
1.079
1.180
1.183
2.510
2.710
2.653
1.669
1.723
1.732
1.464
1.543
1.545
1.201
1.295
1.276
2.191
2.249
2.248
0.824
0.807
0.802
1.404
1.428
1.407
1.447
1.518
1.527
1.972
1.907
1.894
2.467
2.514
2.515
0.867
0.910
0.877
2.033
2.100
2.073
0.678
0.730
0.684
1.746
1.908
1.902
2.872
2.892
2.904
1.099
1.121
1.123
0.621
1.089
1.188
1.871
2.087
1.930
1.341
1.443
1.439
1.141
1.134
1.154
1.123
1.207
1.219
1.681
1.789
1.841
2.272
2.482
2.495
2.279
2.328
2.349
2.464
2.494
2.517
0.545
0.662
0.702
1.097
1.190
1.143
1.481
1.545
1.524
1.171
1.351
1.324
1.806
1.959
1.876
1.673
1.736
1.783
0.632
0.751
0.733
1.519
1.479
1.540
0.559
0.642
0.575
0.988
0.993
1.014
2.868
2.870
2.910
1.015
1.052
1.059
1.124
1.154
1.183
1.450
1.486
1.491
1.528
1.710
1.782
2.037
2.066
2.067
0.973
1.019
1.054
2.139
2.225
2.221
3.117
3.222
3.278
0.990
1.126
1.159
2.481
2.596
2.617
0.948
1.074
1.003
0.631
0.985
0.740
0.652
0.747
0.739
3.828
3.809
3.955
1.264
1.291
1.263
1.236
1.404
1.348
0.465
0.510
0.452
1.896
2.015
1.995
0.806
0.918
0.948
1.526
1.590
1.570
0.917
0.982
0.965
1.384
1.535
1.517
0.770
1.057
1.095
1.237
1.281
1.265
0.585
0.684
0.679
0.745
0.871
0.851
2.741
2.766
2.784
2.050
2.038
2.050
2.347
2.500
2.291
1.626
1.758
1.778
0.839
1.012
1.012
0.839
1.058
1.012
1.163
1.363
1.273
1.377
1.597
1.599
1.239
1.320
1.309
1.239
1.317
1.300
1.263
1.306
1.279
0.867
0.993
1.024
1.083
1.139
1.128
1.256
1.355
1.327
1.259
1.305
1.315
1.863
1.839
1.873
1.703
1.801
1.835
1.134
1.454
1.415
0.833
1.170
0.983
1.429
1.511
1.525
1.220
1.266
1.299
0.718
0.785
0.764
0.867
0.923
0.927
3.720
3.713
3.831
0.487
0.670
0.650
0.705
0.773
0.728
1.850
2.214
2.254
0.882
1.088
1.000
1.461
1.728
1.765
0.856
0.898
0.884
0.856
0.898
0.884
1.190
1.340
1.394
1.071
1.143
1.154
0.732
0.785
0.794
0.825
0.913
0.932
1.274
1.323
1.331
2.392
2.349
2.404
0.896
0.908
0.918
1.070
1.176
1.172
2.388
2.574
2.382
0.556
0.846
0.729
1.144
1.304
1.274
0.540
0.713
0.699
2.945
3.010
3.021
2.189
2.242
2.235
2.190
2.332
2.360
1.274
1.432
1.493
1.265
1.349
1.377
1.095
1.397
1.178
1.725
1.947
1.892
1.117
1.242
1.190
1.143
1.312
1.289
2.050
2.199
2.088
1.610
1.689
1.843
1.685
1.709
1.737
0.630
0.632
0.637
0.343
0.487
0.460
1.627
1.624
1.703
1.993
2.073
2.066
1.040
1.114
1.131
3.109
3.170
3.233
0.735
0.887
0.822
0.753
1.191
1.157
1.496
1.605
1.546
1.238
1.457
1.537
3.298
3.253
3.348
1.288
1.333
1.384
1.324
1.543
1.403
0.833
0.888
0.869
0.893
0.915
0.919
1.130
1.184
1.159
1.989
2.043
2.019
2.137
2.324
2.214
2.190
2.251
2.217
1.063
1.092
1.109
0.960
0.985
0.974
0.940
1.037
1.010
0.651
0.714
0.775
1.007
1.053
1.057
1.511
1.532
1.522
0.827
0.995
0.958
0.931
1.095
1.054
0.649
0.774
0.737
0.534
0.794
0.770
0.681
0.797
0.722
1.707
1.887
1.827
1.456
1.571
1.554
1.742
1.986
2.343
1.885
2.137
2.530
1.742
1.986
2.343
1.885
2.137
2.530
1.885
2.137
2.530
1.742
1.986
2.343
1.690
1.921
2.243
1.201
1.234
1.259
1.705
1.755
1.718
0.668
0.676
0.709
1.134
1.211
1.155
1.573
1.703
1.724
1.982
2.063
2.142
0.661
0.822
0.853
1.030
1.145
1.072
2.184
2.300
2.617
1.152
1.249
1.183
1.487
1.490
1.506
1.725
1.862
1.818
0.744
0.897
0.895
1.354
1.378
1.393
1.985
2.062
1.954
1.090
1.616
1.515
0.785
0.962
0.865
1.599
1.807
1.751
0.990
1.093
1.054
1.926
1.904
1.961
1.687
1.761
1.763
0.814
0.850
0.940
1.224
1.289
1.364
2.018
2.307
2.394
1.361
1.416
1.377
1.673
1.783
1.809
1.857
1.972
1.968
1.857
1.972
1.968
1.608
1.738
1.727
0.506
0.549
0.577
1.277
1.543
1.408
1.671
1.858
1.804
1.271
1.352
1.337
1.678
1.802
1.776
1.747
1.826
1.833
1.997
2.222
2.191
1.646
1.688
1.692
0.650
0.839
0.845
0.546
0.910
0.815
1.681
1.827
1.764
0.905
1.098
1.068
1.686
1.712
1.781
0.588
0.800
0.735
1.791
1.846
1.827
1.753
1.828
1.819
0.747
0.888
0.800
1.461
1.642
1.629
1.119
1.140
1.135
1.189
1.313
1.285
2.002
2.055
2.076
0.604
0.682
0.675
0.706
0.805
0.821
0.739
0.806
0.832
1.991
2.102
2.056
0.987
1.125
1.027
1.064
1.115
1.106
0.378
0.546
0.501
1.137
1.181
1.169
0.873
1.059
1.026
0.673
0.745
0.738
0.997
1.097
1.094
2.623
2.689
2.768
2.109
2.161
2.169
1.477
1.530
1.565
1.191
1.266
1.243
0.463
0.593
0.578
0.981
1.064
1.031
0.874
1.239
1.508
1.855
2.022
2.049
1.511
1.544
1.613
1.994
2.340
2.121
0.826
0.922
0.955
0.900
1.149
1.040
0.972
0.962
0.953
1.438
1.487
1.485
1.598
1.586
1.571
2.092
2.206
2.175
0.709
0.749
0.776
0.822
0.895
0.947
0.946
1.074
0.941
1.728
1.825
1.779
0.822
0.923
0.925
3.152
3.250
3.241
0.932
1.180
1.204
1.062
1.154
1.126
0.693
0.780
0.713
1.606
1.649
1.699
0.959
0.991
0.998
0.570
0.709
0.680
0.979
1.075
1.145
1.032
1.084
1.046
1.810
1.846
1.827
0.798
1.000
0.972
0.526
0.643
0.562
1.821
2.022
2.067
1.325
1.475
1.594
0.665
0.860
0.818
1.604
1.715
1.662
0.710
0.831
0.854
1.700
1.931
1.896
0.663
0.795
0.761
1.146
1.191
1.185
0.853
0.974
0.949
2.988
3.089
3.081
1.584
1.677
1.744
0.743
0.806
0.814
0.930
0.956
0.990
1.788
1.887
1.821
1.543
1.547
1.610
2.015
2.007
1.983
2.246
2.292
2.291
1.642
1.726
1.695
0.991
1.002
1.094
0.767
1.061
1.301
1.237
1.440
1.454
0.424
0.596
0.656
2.298
2.330
2.304
0.725
0.807
0.770
3.311
3.258
3.322
1.163
1.293
1.289
1.414
1.468
1.497
1.310
1.506
1.597
0.772
0.871
0.850
0.915
1.021
1.045
0.823
0.844
0.957
0.724
0.786
0.742
0.767
0.848
0.823
1.314
1.404
1.446
1.162
1.285
1.285
0.589
0.645
0.670
0.589
0.644
0.730
0.749
0.893
0.895
1.416
1.576
1.491
1.077
1.181
1.222
1.389
1.382
1.400
0.776
0.931
0.934
1.052
1.042
1.108
1.069
1.176
1.117
0.607
0.746
0.714
0.730
0.835
0.838
1.908
2.022
1.933
1.359
1.410
1.450
1.622
1.734
1.721
0.896
0.947
0.907
0.607
0.746
0.714
0.582
0.716
0.687
0.582
0.716
0.687
1.787
1.879
2.023
1.150
1.203
1.014
0.582
0.716
0.687
1.967
2.012
1.980
0.896
0.977
0.990
0.582
0.716
0.687
1.097
1.140
1.146
0.849
0.914
0.929
0.467
0.691
0.689
0.607
0.746
0.714
0.659
0.758
0.734
0.778
0.901
0.847
1.397
1.543
1.488
1.908
1.860
1.963
0.735
0.849
0.827
0.831
0.964
0.919
0.582
0.716
0.687
0.795
1.090
0.982
1.703
1.710
1.718
1.310
1.473
1.366
2.641
2.752
2.733
0.587
0.609
0.585
0.854
1.118
1.029
1.860
1.916
1.903
3.842
3.925
3.895
0.588
0.713
0.739
0.719
0.912
0.861
0.555
0.711
0.610
0.723
0.887
0.802
0.370
0.549
0.526
0.704
0.927
0.914
0.586
0.626
0.670
1.037
1.312
1.281
2.241
2.300
2.284
1.307
1.389
1.396
1.947
1.999
1.957
0.986
0.883
1.260
0.550
0.681
0.668
1.023
1.256
1.167
1.425
1.543
1.536
1.853
1.885
1.912
1.086
1.245
1.269
1.558
1.621
1.627
1.177
1.306
1.293
1.366
1.414
1.391
2.180
2.213
2.268
3.120
3.266
3.289
1.148
1.306
1.330
1.211
1.183
1.173
2.470
2.571
2.550
0.967
1.129
1.073
1.797
1.880
1.939
1.334
1.375
1.385
1.516
1.548
1.559
1.226
1.467
1.484
1.046
1.212
1.202
2.495
2.527
2.615
1.405
1.439
1.440
0.770
0.881
0.847
1.344
1.664
1.811
0.661
0.728
0.698
1.863
1.956
1.920
1.516
1.543
1.529
0.942
0.934
0.936
1.696
1.709
1.700
1.942
2.033
1.931
0.576
0.654
0.615
1.477
1.544
1.530
0.446
0.622
0.529
1.391
1.566
1.536
0.486
0.543
0.612
1.320
1.524
1.498
1.923
2.030
1.894
3.017
3.074
3.016
2.387
2.586
2.637
1.307
1.321
1.325
1.039
1.145
1.120
1.417
1.354
1.379
0.555
0.711
0.610
1.366
1.482
1.427
0.531
0.594
0.632
0.515
0.634
0.604
0.342
0.460
0.438
0.403
0.508
0.483
0.654
0.756
0.728
1.000
1.023
1.063
1.178
1.226
1.170
0.618
0.683
0.687
0.405
0.501
0.478
1.295
1.408
1.309
1.262
1.413
1.350
0.821
0.947
0.960
0.874
1.046
0.993
0.527
0.699
0.594
1.244
1.301
1.286
0.933
0.986
0.987
1.075
1.096
1.212
0.183
0.468
0.440
0.934
1.023
1.021
1.891
1.917
1.953
0.829
0.809
1.012
0.354
0.457
0.437
1.891
1.994
1.911
2.630
2.739
2.741
0.560
0.654
0.701
1.039
1.198
1.173
0.724
0.849
0.886
0.724
0.849
0.886
1.926
1.974
2.004
0.763
0.968
0.866
1.628
1.678
1.677
1.248
1.373
1.390
0.730
0.812
0.989
0.725
0.751
0.758
0.796
0.899
0.888
0.586
0.715
0.686
0.436
0.620
0.609
1.661
1.720
1.728
1.002
1.090
1.083
1.482
2.048
1.664
2.101
2.139
2.131
0.696
0.790
0.767
1.978
2.061
2.072
1.833
1.931
1.868
0.667
0.807
0.815
0.921
0.959
0.990
2.664
2.785
2.779
0.766
0.876
0.949
1.826
2.066
1.996
1.243
1.268
1.305
1.382
1.356
1.385
1.539
1.677
1.616
0.649
0.736
0.712
0.702
0.794
0.771
1.405
1.566
1.592
1.436
1.560
1.646
0.702
0.794
0.771
0.649
0.736
0.712
0.756
0.863
0.804
0.696
0.790
0.767
0.922
1.024
0.988
0.671
0.923
0.854
0.743
0.971
0.891
1.672
1.714
1.697
0.702
0.794
0.771
1.086
1.130
1.142
1.233
1.300
1.301
0.577
0.734
0.731
0.702
0.794
0.771
0.949
1.054
1.039
1.380
1.634
1.490
1.507
1.523
1.517
1.153
1.200
1.192
1.130
1.257
1.238
1.013
1.336
1.205
1.634
1.768
1.751
1.284
1.417
1.409
1.393
1.477
1.539
1.503
1.485
1.557
1.152
1.230
1.193
1.126
1.224
1.232
1.443
1.650
1.550
2.528
2.602
2.581
1.463
1.645
1.682
1.432
1.667
1.669
1.422
1.449
1.412
0.865
0.910
0.917
1.166
1.161
1.341
2.655
2.818
2.767
0.470
0.500
0.551
0.991
1.078
1.071
1.952
2.010
2.116
1.488
1.537
1.525
1.902
1.906
1.922
2.144
2.181
2.366
1.179
1.261
1.272
1.641
1.722
1.687
1.020
1.206
1.174
0.933
0.982
0.964
0.631
0.764
0.753
2.786
2.944
2.928
1.669
2.083
1.900
0.907
0.954
0.893
1.234
1.272
1.279
3.125
3.151
3.142
1.021
1.056
1.062
0.323
0.370
0.370
1.308
1.421
1.423
2.328
2.359
2.383
3.426
3.408
3.458
1.533
1.649
1.588
0.783
0.899
0.909
0.624
0.791
0.779
1.726
1.785
1.766
0.779
0.939
0.905
1.350
1.402
1.394
1.079
1.133
1.138
0.508
0.702
0.611
1.638
1.723
1.700
0.582
0.618
0.631
0.702
0.794
0.771
0.702
0.794
0.771
0.630
0.718
0.695
0.724
0.790
0.851
1.675
1.704
1.734
0.424
0.615
0.650
1.273
1.364
1.466
2.424
2.502
2.512
1.027
1.111
1.092
1.585
1.667
1.664
0.550
0.749
0.763
0.705
0.780
0.761
2.124
2.181
2.168
0.819
0.993
0.969
0.304
0.373
0.356
0.549
0.719
0.700
1.007
1.108
1.114
0.991
1.095
1.080
2.320
2.356
2.401
0.758
0.852
0.826
0.817
0.940
0.916
1.384
1.672
1.540
0.986
1.072
1.068
0.621
0.784
0.739
1.351
1.400
1.400
1.637
1.770
1.738
0.767
0.840
0.845
0.767
0.834
0.860
1.276
1.519
1.360
1.310
1.363
1.333
0.736
0.795
0.829
0.563
0.663
0.639
0.742
0.935
0.855
0.514
0.782
0.706
1.357
1.532
1.516
0.710
0.808
0.810
1.348
1.509
1.518
0.468
1.003
0.756
0.710
0.808
0.810
0.945
1.057
1.034
0.663
0.646
0.685
0.476
0.562
0.561
0.859
1.063
1.019
0.374
0.443
0.464
0.396
0.561
0.530
0.821
0.816
0.816
0.714
0.811
0.778
0.394
0.488
0.505
1.897
1.998
1.902
2.345
2.408
2.394
0.730
0.896
0.858
0.639
0.776
0.799
0.820
0.919
0.940
1.132
1.385
1.435
0.847
0.898
0.950
1.291
1.388
1.327
1.988
2.008
2.013
1.744
1.807
1.745
2.122
2.119
2.103
0.339
0.437
0.413
1.011
1.181
1.102
0.899
0.961
0.962
1.541
1.635
1.624
1.256
1.343
1.332
1.316
1.433
1.395
1.096
1.219
1.231
0.842
0.970
0.945
1.610
1.644
1.620
0.404
0.502
0.479
0.923
0.995
0.957
0.404
0.502
0.479
0.401
0.519
0.495
0.404
0.502
0.479
1.904
1.927
1.947
1.570
1.617
1.582
1.216
1.363
1.386
0.476
0.564
0.541
0.710
0.768
0.780
0.732
0.830
0.834
0.450
0.550
0.580
0.715
0.929
0.947
1.153
1.308
1.271
1.644
1.728
1.859
0.933
1.190
1.126
1.330
1.365
1.304
1.680
1.820
1.764
2.215
2.247
2.315
1.023
1.310
1.388
0.613
0.666
0.645
1.113
1.162
1.180
0.918
1.101
1.021
1.422
1.621
1.633
0.865
1.435
1.432
1.981
2.092
2.050
1.305
1.400
1.312
1.195
1.408
1.358
1.904
1.977
1.965
1.109
1.206
1.224
1.009
1.139
1.166
0.758
0.785
0.769
1.211
1.313
1.282
1.448
1.552
1.450
1.411
1.519
1.538
1.806
1.899
1.894
0.631
0.760
0.841
0.708
0.737
0.754
1.086
1.292
1.290
1.538
1.589
1.544
1.664
1.738
1.765
0.634
0.813
0.782
1.052
1.088
1.071
1.519
1.548
1.566
1.714
1.847
1.900
1.663
1.829
1.848
1.716
1.742
1.695
0.962
1.184
1.108
1.420
1.648
1.589
0.629
0.915
0.718
0.675
0.744
0.848
0.923
1.628
1.186
1.611
1.625
1.626
0.690
0.806
0.676
1.277
1.331
1.342
1.171
1.759
1.748
1.070
1.058
1.124
0.454
0.518
0.549
1.068
1.444
1.264
1.377
1.560
1.606
0.894
0.887
1.047
0.987
1.179
1.152
1.083
1.286
1.228
0.398
0.506
0.473
0.544
0.604
0.620
0.826
0.918
0.887
1.187
1.325
1.260
2.686
2.818
2.751
2.522
2.571
2.603
0.820
0.886
0.873
0.687
0.911
0.921
0.416
0.562
0.469
1.409
1.475
1.448
0.998
1.080
1.051
1.026
1.123
1.107
0.398
0.506
0.473
1.590
1.733
1.710
0.978
1.069
1.091
1.373
1.517
1.448
0.310
0.580
0.564
0.688
0.767
0.769
1.532
1.590
1.546
0.153
0.354
0.330
1.374
1.493
1.471
0.955
1.153
1.165
0.414
0.514
0.490
1.591
1.611
1.646
1.078
1.133
1.152
1.897
1.975
1.962
1.157
1.249
1.264
0.981
1.009
1.097
0.301
0.402
0.439
0.669
0.865
0.837
1.839
1.879
1.903
0.666
0.733
0.763
1.503
1.509
1.540
0.885
0.974
1.035
0.689
0.846
0.761
1.667
1.905
1.856
1.390
1.548
1.412
1.207
1.199
1.207
0.467
0.569
0.483
0.809
0.768
0.808
1.358
1.411
1.573
1.498
1.517
1.526
0.864
0.897
0.928
0.761
0.792
0.796
1.216
1.281
1.389
1.001
1.159
1.184
1.498
1.623
1.597
1.801
1.933
1.915
1.285
1.330
1.363
1.107
1.250
1.252
1.352
1.477
1.513
1.043
1.417
1.266
1.695
1.788
1.839
0.703
0.734
0.736
2.075
2.113
2.124
2.057
2.061
2.095
1.014
1.228
1.172
0.956
1.270
1.112
0.779
0.907
0.819
2.176
2.322
2.209
0.911
1.180
1.018
0.947
1.137
1.148
0.745
0.773
0.807
0.941
1.187
1.145
0.945
1.087
1.136
2.492
2.558
2.534
1.974
2.071
2.098
1.086
1.139
1.151
0.944
1.019
1.045
1.856
1.929
1.894
0.771
0.806
0.826
1.764
1.883
1.832
1.649
1.870
1.825
1.593
1.672
1.616
1.184
1.239
1.264
1.105
1.160
1.035
0.991
1.024
1.050
0.741
0.797
0.800
0.625
0.875
0.795
0.618
0.774
0.768
0.777
0.818
0.852
1.190
1.273
1.264
0.678
0.806
0.765
1.027
1.381
1.234
1.662
1.731
1.704
1.460
1.535
1.531
1.547
1.644
1.536
0.966
0.938
0.900
0.764
0.916
0.921
1.322
1.421
1.629
1.138
1.278
1.350
0.711
0.818
1.191
0.853
0.975
0.989
0.588
0.838
0.830
0.763
0.911
0.873
0.244
0.710
0.665
1.270
1.331
1.342
0.902
1.045
1.033
1.112
1.279
1.276
1.079
1.124
1.087
1.668
1.969
1.721
0.647
0.666
0.667
1.245
1.573
1.251
1.040
1.110
1.116
2.639
2.749
2.743
0.896
0.927
0.967
1.826
1.907
1.871
0.856
1.061
0.905
0.771
0.878
0.803
1.015
1.168
1.125
0.601
0.670
0.676
0.806
0.870
0.767
1.827
1.948
1.940
1.569
1.683
1.699
0.806
0.877
0.856
1.561
1.607
1.656
2.878
2.912
2.918
1.190
1.256
1.291
1.661
1.744
1.725
1.719
1.893
1.927
1.121
1.233
1.200
1.216
1.290
1.297
1.463
1.528
1.508
1.168
1.194
1.193
1.684
1.788
1.861
1.147
1.149
1.095
1.341
1.425
1.398
2.039
2.121
2.150
1.483
1.518
1.527
1.440
1.457
1.444
1.100
1.096
1.092
1.063
1.150
1.113
1.031
1.205
1.112
0.562
0.610
0.610
1.407
1.437
1.436
1.849
1.880
1.867
0.888
1.235
1.020
0.885
1.046
1.049
0.911
1.215
1.199
0.436
0.961
0.590
0.824
0.926
0.875
0.957
0.958
1.046
1.244
1.343
1.205
1.135
1.196
1.282
3.089
3.121
3.119
2.029
2.148
2.106
2.398
2.603
2.617
1.296
1.390
1.409
1.042
1.122
1.165
0.331
0.475
0.467
0.945
1.255
0.987
1.387
1.481
1.474
0.867
0.941
0.942
1.803
1.851
1.886
1.351
1.455
1.400
0.906
1.002
1.013
1.924
1.974
2.044
0.448
0.555
0.572
