0.350
0.377
0.480
0.407
0.370
0.506
1.551
1.548
1.597
0.370
0.408
0.500
0.415
0.395
0.520
1.526
1.538
1.578
0.352
0.396
0.491
0.400
0.376
0.510
1.559
1.572
1.617
0.415
0.434
0.528
0.466
0.425
0.553
1.560
1.551
1.595
0.354
0.371
0.470
0.401
0.359
0.492
1.509
1.500
1.550
0.375
0.402
0.481
0.432
0.388
0.504
1.573
1.566
1.596
0.368
0.396
0.483
0.424
0.384
0.509
1.580
1.577
1.612
0.359
0.385
0.474
0.415
0.373
0.498
1.586
1.581
1.619
0.363
0.325
0.480
0.424
0.348
0.521
1.535
1.487
1.580
0.386
0.356
0.500
0.438
0.373
0.534
1.509
1.472
1.556
0.363
0.343
0.493
0.419
0.357
0.526
1.539
1.506
1.596
0.419
0.387
0.525
0.471
0.399
0.559
1.525
1.480
1.561
0.367
0.332
0.475
0.420
0.346
0.509
1.491
1.446
1.530
0.381
0.349
0.486
0.442
0.367
0.521
1.543
1.499
1.570
0.377
0.350
0.487
0.438
0.367
0.527
1.553
1.514
1.588
0.368
0.336
0.478
0.429
0.354
0.516
1.561
1.518
1.598
0.336
0.345
0.477
0.386
0.347
0.502
1.523
1.516
1.583
0.357
0.383
0.499
0.398
0.376
0.517
1.503
1.513
1.567
0.339
0.370
0.492
0.380
0.358
0.507
1.530
1.543
1.603
0.400
0.408
0.527
0.446
0.407
0.552
1.527
1.518
1.577
0.341
0.347
0.472
0.386
0.344
0.493
1.489
1.482
1.545
0.359
0.371
0.478
0.409
0.365
0.500
1.545
1.538
1.582
0.355
0.368
0.484
0.405
0.364
0.508
1.560
1.556
1.607
0.346
0.357
0.475
0.396
0.352
0.497
1.562
1.556
1.610
0.329
0.345
0.458
0.374
0.340
0.480
1.524
1.509
1.574
0.344
0.374
0.475
0.381
0.361
0.492
1.497
1.498
1.554
0.332
0.362
0.470
0.368
0.347
0.484
1.529
1.528
1.591
0.379
0.396
0.496
0.421
0.386
0.518
1.513
1.500
1.554
0.331
0.347
0.452
0.373
0.336
0.472
1.483
1.470
1.530
0.348
0.370
0.459
0.392
0.359
0.478
1.536
1.524
1.568
0.346
0.368
0.464
0.390
0.358
0.486
1.546
1.536
1.585
0.334
0.352
0.451
0.379
0.344
0.473
1.548
1.537
1.589
0.381
0.492
0.481
0.416
0.448
0.482
1.573
1.661
1.607
0.403
0.516
0.502
0.433
0.470
0.502
1.544
1.636
1.581
0.384
0.506
0.493
0.413
0.452
0.490
1.574
1.671
1.615
0.457
0.554
0.542
0.482
0.501
0.537
1.581
1.653
1.602
0.388
0.475
0.477
0.415
0.430
0.475
1.526
1.590
1.552
0.407
0.515
0.489
0.443
0.464
0.487
1.595
1.675
1.610
0.401
0.510
0.489
0.437
0.460
0.490
1.603
1.686
1.623
0.387
0.496
0.476
0.419
0.445
0.474
1.596
1.680
1.620
0.360
0.441
0.379
0.402
0.405
0.402
1.561
1.620
1.532
0.376
0.463
0.404
0.411
0.422
0.421
1.533
1.599
1.515
0.363
0.459
0.396
0.398
0.409
0.410
1.562
1.635
1.546
0.432
0.500
0.440
0.465
0.460
0.458
1.564
1.612
1.528
0.367
0.431
0.381
0.401
0.394
0.398
1.517
1.562
1.487
0.384
0.461
0.392
0.425
0.420
0.412
1.579
1.634
1.539
0.382
0.462
0.395
0.422
0.420
0.414
1.589
1.647
1.553
0.371
0.447
0.380
0.408
0.405
0.396
1.598
1.652
1.559
0.326
0.401
0.399
0.375
0.375
0.414
1.490
1.543
1.501
0.344
0.427
0.426
0.389
0.398
0.437
1.473
1.534
1.493
0.330
0.424
0.418
0.374
0.387
0.425
1.496
1.565
1.521
0.389
0.458
0.452
0.430
0.427
0.464
1.499
1.547
1.504
0.332
0.397
0.403
0.376
0.370
0.415
1.458
1.503
1.469
0.349
0.426
0.409
0.396
0.394
0.423
1.508
1.560
1.507
0.344
0.422
0.407
0.392
0.391
0.422
1.520
1.573
1.521
0.331
0.408
0.397
0.378
0.380
0.411
1.515
1.568
1.519
0.373
0.478
0.425
0.419
0.436
0.430
1.536
1.619
1.535
0.390
0.499
0.447
0.427
0.448
0.445
1.504
1.593
1.512
0.373
0.490
0.434
0.411
0.434
0.431
1.531
1.625
1.540
0.444
0.533
0.479
0.479
0.482
0.478
1.539
1.607
1.527
0.385
0.469
0.429
0.419
0.422
0.426
1.503
1.566
1.499
0.406
0.507
0.446
0.451
0.460
0.448
1.563
1.641
1.549
0.396
0.500
0.440
0.442
0.452
0.442
1.567
1.647
1.557
0.379
0.481
0.423
0.422
0.435
0.424
1.559
1.639
1.551
0.347
0.382
0.484
0.390
0.367
0.503
1.537
1.549
1.598
0.368
0.414
0.506
0.405
0.396
0.520
1.520
1.544
1.584
0.351
0.404
0.499
0.385
0.380
0.510
1.548
1.577
1.621
0.407
0.433
0.528
0.447
0.422
0.549
1.538
1.546
1.591
0.351
0.374
0.475
0.386
0.358
0.490
1.495
1.500
1.552
0.366
0.402
0.480
0.411
0.387
0.499
1.558
1.571
1.599
0.362
0.397
0.485
0.405
0.383
0.505
1.562
1.578
1.613
0.348
0.383
0.470
0.393
0.370
0.492
1.565
1.579
1.616
0.360
0.324
0.483
0.407
0.339
0.512
1.517
1.476
1.573
0.379
0.352
0.501
0.424
0.366
0.527
1.492
1.463
1.550
0.359
0.342
0.496
0.402
0.350
0.520
1.520
1.497
1.591
0.408
0.377
0.520
0.451
0.386
0.548
1.498
1.462
1.548
0.364
0.329
0.478
0.405
0.336
0.503
1.472
1.433
1.525
0.371
0.342
0.482
0.424
0.359
0.514
1.524
1.490
1.567
0.370
0.343
0.486
0.423
0.358
0.520
1.531
1.500
1.581
0.357
0.328
0.473
0.410
0.343
0.506
1.538
1.504
1.588
0.328
0.348
0.476
0.366
0.341
0.491
1.503
1.513
1.576
0.351
0.387
0.501
0.384
0.375
0.511
1.489
1.513
1.565
0.332
0.374
0.493
0.362
0.358
0.501
1.513
1.542
1.600
0.384
0.402
0.520
0.423
0.400
0.540
1.499
1.507
1.564
0.334
0.349
0.474
0.367
0.340
0.486
1.469
1.475
1.538
0.344
0.370
0.472
0.384
0.362
0.490
1.522
1.534
1.576
0.342
0.368
0.480
0.382
0.360
0.498
1.535
1.549
1.599
0.329
0.353
0.465
0.371
0.346
0.485
1.539
1.551
1.600
0.326
0.345
0.460
0.362
0.335
0.476
1.515
1.506
1.575
0.342
0.372
0.477
0.376
0.360
0.491
1.490
1.493
1.553
0.331
0.363
0.475
0.359
0.345
0.483
1.518
1.522
1.590
0.368
0.385
0.489
0.404
0.377
0.509
1.494
1.486
1.546
0.329
0.345
0.455
0.361
0.332
0.469
1.468
1.461
1.527
0.341
0.366
0.458
0.379
0.358
0.475
1.521
1.518
1.567
0.341
0.363
0.465
0.379
0.356
0.484
1.531
1.528
1.583
0.325
0.346
0.447
0.364
0.338
0.467
1.533
1.528
1.584
0.380
0.496
0.480
0.406
0.449
0.478
1.572
1.668
1.611
0.403
0.523
0.504
0.424
0.470
0.497
1.538
1.640
1.578
0.386
0.515
0.496
0.406
0.458
0.489
1.569
1.676
1.617
0.451
0.555
0.537
0.469
0.498
0.528
1.569
1.650
1.595
0.386
0.479
0.476
0.404
0.428
0.469
1.518
1.590
1.550
0.400
0.516
0.483
0.430
0.464
0.481
1.587
1.678
1.610
0.398
0.515
0.486
0.426
0.463
0.484
1.598
1.692
1.625
0.380
0.498
0.470
0.407
0.447
0.468
1.588
1.683
1.619
0.359
0.448
0.383
0.390
0.407
0.400
1.549
1.622
1.530
0.375
0.472
0.405
0.403
0.424
0.418
1.521
1.601
1.510
0.363
0.471
0.402
0.387
0.415
0.410
1.548
1.636
1.542
0.422
0.500
0.433
0.448
0.456
0.448
1.539
1.602
1.513
0.366
0.439
0.383
0.390
0.394
0.394
1.501
1.560
1.480
0.379
0.468
0.392
0.413
0.424
0.410
1.563
1.635
1.535
0.378
0.469
0.395
0.411
0.424
0.410
1.573
1.647
1.546
0.365
0.453
0.379
0.395
0.408
0.393
1.580
1.652
1.553
0.319
0.405
0.399
0.360
0.373
0.408
1.474
1.542
1.495
0.341
0.434
0.428
0.381
0.401
0.436
1.463
1.538
1.492
0.328
0.432
0.423
0.361
0.389
0.424
1.484
1.567
1.520
0.374
0.454
0.443
0.409
0.420
0.453
1.471
1.533
1.487
0.327
0.401
0.405
0.362
0.369
0.411
1.441
1.498
1.464
0.339
0.429
0.406
0.381
0.395
0.419
1.492
1.561
1.503
0.335
0.424
0.405
0.377
0.390
0.417
1.501
1.572
1.516
0.322
0.410
0.393
0.364
0.380
0.405
1.500
1.569
1.513
0.373
0.486
0.429
0.407
0.439
0.429
1.524
1.622
1.535
0.389
0.506
0.447
0.418
0.453
0.446
1.497
1.598
1.513
0.372
0.497
0.435
0.400
0.441
0.432
1.519
1.627
1.539
0.434
0.532
0.472
0.462
0.483
0.472
1.518
1.600
1.517
0.379
0.471
0.426
0.408
0.425
0.424
1.487
1.564
1.494
0.397
0.509
0.440
0.436
0.463
0.446
1.546
1.641
1.548
0.390
0.503
0.435
0.427
0.455
0.438
1.549
1.645
1.552
0.369
0.482
0.416
0.406
0.436
0.420
1.541
1.637
1.545
0.370
0.392
0.500
0.424
0.382
0.528
1.560
1.551
1.605
0.384
0.416
0.513
0.430
0.401
0.537
1.533
1.541
1.583
0.365
0.406
0.508
0.412
0.385
0.527
1.561
1.572
1.621
0.434
0.446
0.546
0.484
0.437
0.575
1.571
1.555
1.602
0.365
0.375
0.482
0.409
0.363
0.506
1.511
1.497
1.551
0.388
0.411
0.492
0.442
0.396
0.518
1.575
1.566
1.595
0.378
0.401
0.493
0.434
0.390
0.525
1.580
1.573
1.610
0.370
0.392
0.482
0.427
0.381
0.514
1.589
1.580
1.618
0.382
0.339
0.498
0.440
0.359
0.539
1.543
1.489
1.584
0.396
0.363
0.510
0.449
0.379
0.547
1.513
1.473
1.555
0.376
0.353
0.508
0.430
0.364
0.541
1.538
1.503
1.596
0.437
0.397
0.540
0.490
0.410
0.579
1.534
1.482
1.563
0.379
0.339
0.488
0.430
0.351
0.524
1.492
1.442
1.528
0.392
0.359
0.496
0.454
0.376
0.536
1.547
1.501
1.569
0.388
0.357
0.498
0.452
0.375
0.544
1.551
1.507
1.581
0.380
0.343
0.486
0.443
0.361
0.530
1.564
1.516
1.593
0.351
0.363
0.493
0.398
0.357
0.517
1.530
1.523
1.585
0.366
0.394
0.508
0.409
0.382
0.529
1.505
1.515
1.564
0.348
0.384
0.505
0.389
0.367
0.521
1.531
1.547
1.604
0.412
0.422
0.540
0.460
0.418
0.568
1.535
1.525
1.577
0.349
0.358
0.483
0.392
0.348
0.505
1.490
1.481
1.541
0.368
0.385
0.485
0.416
0.375
0.511
1.550
1.544
1.578
0.361
0.380
0.492
0.412
0.372
0.521
1.560
1.556
1.600
0.350
0.366
0.477
0.404
0.359
0.507
1.564
1.559
1.603
0.346
0.355
0.472
0.391
0.349
0.499
1.536
1.511
1.580
0.357
0.379
0.484
0.398
0.368
0.509
1.504
1.494
1.553
0.346
0.370
0.485
0.383
0.354
0.502
1.535
1.526
1.596
0.394
0.400
0.506
0.438
0.394
0.536
1.528
1.501
1.560
0.345
0.351
0.464
0.384
0.340
0.487
1.490
1.465
1.529
0.360
0.376
0.467
0.404
0.366
0.492
1.544
1.522
1.567
0.358
0.372
0.473
0.404
0.363
0.502
1.554
1.531
1.583
0.345
0.357
0.457
0.393
0.350
0.488
1.557
1.535
1.587
0.401
0.506
0.496
0.431
0.455
0.493
1.589
1.668
1.616
0.418
0.526
0.512
0.444
0.472
0.509
1.555
1.641
1.585
0.398
0.517
0.506
0.423
0.456
0.498
1.580
1.673
1.619
0.475
0.563
0.554
0.499
0.508
0.550
1.598
1.658
1.609
0.400
0.481
0.486
0.425
0.431
0.483
1.537
1.591
1.556
0.422
0.525
0.500
0.456
0.469
0.497
1.612
1.685
1.620
0.415
0.519
0.500
0.449
0.463
0.499
1.616
1.690
1.628
0.402
0.504
0.485
0.435
0.453
0.486
1.611
1.688
1.627
0.382
0.458
0.401
0.422
0.420
0.423
1.574
1.627
1.542
0.390
0.476
0.418
0.426
0.434
0.438
1.540
1.604
1.519
0.379
0.474
0.414
0.411
0.422
0.428
1.563
1.635
1.548
0.449
0.511
0.456
0.483
0.473
0.475
1.572
1.614
1.532
0.380
0.440
0.396
0.411
0.400
0.412
1.517
1.557
1.486
0.399
0.475
0.409
0.439
0.432
0.431
1.583
1.636
1.543
0.394
0.472
0.408
0.435
0.429
0.429
1.592
1.646
1.553
0.385
0.458
0.395
0.424
0.418
0.414
1.603
1.656
1.563
0.345
0.414
0.417
0.393
0.389
0.434
1.508
1.553
1.513
0.360
0.438
0.440
0.405
0.408
0.453
1.486
1.543
1.501
0.345
0.436
0.435
0.386
0.397
0.441
1.503
1.569
1.527
0.405
0.466
0.465
0.444
0.437
0.479
1.511
1.551
1.509
0.345
0.405
0.416
0.384
0.376
0.428
1.465
1.504
1.472
0.362
0.435
0.420
0.409
0.404
0.438
1.519
1.565
1.513
0.357
0.429
0.419
0.403
0.398
0.436
1.527
1.576
1.524
0.346
0.416
0.408
0.393
0.390
0.426
1.529
1.576
1.526
0.414
0.512
0.462
0.452
0.465
0.464
1.567
1.644
1.565
0.420
0.523
0.471
0.455
0.471
0.472
1.533
1.617
1.538
0.402
0.514
0.461
0.435
0.456
0.457
1.554
1.644
1.563
0.476
0.556
0.507
0.506
0.506
0.506
1.567
1.626
1.552
0.411
0.486
0.451
0.442
0.440
0.451
1.523
1.579
1.519
0.436
0.532
0.472
0.477
0.485
0.479
1.588
1.661
1.575
0.424
0.522
0.464
0.466
0.472
0.468
1.590
1.664
1.578
0.408
0.504
0.448
0.450
0.460
0.453
1.585
1.661
1.575
0.333
0.362
0.455
0.377
0.346
0.477
1.529
1.530
1.571
0.347
0.388
0.471
0.385
0.367
0.489
1.500
1.516
1.548
0.330
0.377
0.465
0.370
0.351
0.479
1.533
1.551
1.589
0.398
0.416
0.502
0.437
0.400
0.524
1.543
1.534
1.573
0.334
0.352
0.444
0.371
0.332
0.461
1.485
1.478
1.521
0.351
0.381
0.452
0.398
0.361
0.474
1.549
1.548
1.571
0.345
0.374
0.454
0.391
0.354
0.476
1.554
1.554
1.582
0.340
0.369
0.447
0.388
0.351
0.472
1.561
1.561
1.588
0.346
0.308
0.455
0.396
0.320
0.488
1.511
1.462
1.547
0.360
0.331
0.468
0.406
0.340
0.499
1.481
1.444
1.519
0.340
0.323
0.465
0.387
0.325
0.489
1.510
1.480
1.562
0.401
0.368
0.500
0.444
0.370
0.527
1.510
1.463
1.535
0.348
0.312
0.450
0.392
0.317
0.477
1.469
1.422
1.498
0.356
0.328
0.456
0.411
0.337
0.489
1.523
1.481
1.541
0.353
0.327
0.457
0.407
0.334
0.492
1.528
1.487
1.552
0.347
0.315
0.449
0.403
0.328
0.486
1.536
1.493
1.562
0.317
0.337
0.451
0.359
0.325
0.470
1.500
1.502
1.551
0.332
0.368
0.469
0.368
0.350
0.483
1.474
1.493
1.531
0.316
0.357
0.465
0.351
0.334
0.474
1.504
1.526
1.572
0.380
0.396
0.501
0.420
0.386
0.522
1.509
1.506
1.549
0.320
0.334
0.445
0.357
0.318
0.461
1.465
1.461
1.510
0.334
0.358
0.448
0.377
0.342
0.468
1.522
1.524
1.550
0.328
0.353
0.452
0.372
0.337
0.472
1.531
1.534
1.567
0.323
0.346
0.444
0.369
0.332
0.468
1.538
1.541
1.575
0.317
0.330
0.435
0.352
0.320
0.454
1.512
1.492
1.550
0.326
0.349
0.446
0.359
0.335
0.464
1.479
1.473
1.524
0.317
0.343
0.448
0.347
0.323
0.457
1.514
1.508
1.568
0.365
0.375
0.470
0.401
0.364
0.493
1.507
1.485
1.535
0.320
0.329
0.430
0.351
0.314
0.446
1.472
1.451
1.506
0.332
0.352
0.435
0.372
0.339
0.456
1.529
1.512
1.549
0.332
0.347
0.440
0.369
0.334
0.460
1.536
1.517
1.560
0.322
0.337
0.429
0.362
0.326
0.451
1.537
1.521
1.563
0.362
0.475
0.455
0.385
0.421
0.449
1.555
1.644
1.582
0.378
0.494
0.472
0.396
0.436
0.464
1.519
1.615
1.551
0.362
0.488
0.468
0.382
0.424
0.457
1.552
1.653
1.591
0.439
0.535
0.518
0.454
0.473
0.506
1.569
1.639
1.582
0.367
0.455
0.451
0.384
0.400
0.441
1.507
1.571
1.526
0.384
0.494
0.463
0.410
0.435
0.455
1.577
1.661
1.587
0.380
0.491
0.465
0.407
0.432
0.457
1.586
1.671
1.598
0.367
0.478
0.451
0.394
0.423
0.447
1.579
1.666
1.596
0.347
0.429
0.364
0.376
0.384
0.378
1.545
1.608
1.515
0.357
0.447
0.381
0.383
0.398
0.394
1.513
1.585
1.492
0.345
0.444
0.377
0.370
0.387
0.385
1.543
1.621
1.526
0.415
0.483
0.422
0.438
0.436
0.432
1.551
1.599
1.512
0.352
0.418
0.365
0.374
0.371
0.374
1.501
1.548
1.468
0.365
0.447
0.374
0.395
0.397
0.388
1.563
1.624
1.523
0.362
0.445
0.375
0.392
0.394
0.387
1.573
1.634
1.533
0.355
0.433
0.363
0.387
0.388
0.377
1.583
1.642
1.542
0.313
0.391
0.380
0.355
0.359
0.392
1.482
1.536
1.483
0.327
0.412
0.402
0.366
0.378
0.412
1.459
1.523
1.470
0.314
0.409
0.396
0.351
0.365
0.398
1.483
1.554
1.501
0.374
0.440
0.428
0.409
0.405
0.439
1.492
1.536
1.485
0.320
0.385
0.383
0.354
0.350
0.391
1.450
1.493
1.450
0.330
0.409
0.385
0.372
0.373
0.398
1.500
1.555
1.491
0.327
0.403
0.382
0.368
0.369
0.396
1.509
1.563
1.499
0.321
0.399
0.378
0.362
0.366
0.391
1.509
1.565
1.503
0.367
0.471
0.413
0.401
0.423
0.412
1.527
1.612
1.522
0.376
0.486
0.427
0.404
0.430
0.423
1.492
1.584
1.496
0.363
0.480
0.418
0.393
0.420
0.411
1.521
1.617
1.525
0.435
0.523
0.465
0.461
0.468
0.460
1.536
1.602
1.518
0.371
0.455
0.410
0.398
0.405
0.405
1.489
1.553
1.481
0.391
0.493
0.426
0.429
0.443
0.428
1.552
1.633
1.536
0.383
0.487
0.421
0.421
0.434
0.420
1.554
1.634
1.538
0.370
0.473
0.408
0.407
0.424
0.409
1.550
1.633
1.537
0.360
0.391
0.497
0.412
0.383
0.522
1.559
1.566
1.618
0.376
0.418
0.513
0.418
0.400
0.530
1.535
1.554
1.597
0.354
0.401
0.499
0.399
0.383
0.518
1.565
1.586
1.631
0.415
0.436
0.534
0.456
0.423
0.554
1.555
1.555
1.602
0.356
0.376
0.480
0.397
0.362
0.497
1.508
1.508
1.562
0.379
0.410
0.491
0.431
0.398
0.515
1.576
1.581
1.612
0.370
0.400
0.491
0.420
0.388
0.516
1.577
1.584
1.621
0.366
0.396
0.489
0.417
0.384
0.512
1.585
1.590
1.632
0.373
0.336
0.497
0.430
0.357
0.535
1.543
1.498
1.599
0.391
0.361
0.512
0.440
0.376
0.543
1.518
1.483
1.573
0.365
0.344
0.499
0.416
0.357
0.529
1.543
1.513
1.606
0.420
0.388
0.532
0.465
0.396
0.560
1.524
1.484
1.569
0.371
0.334
0.486
0.418
0.345
0.514
1.492
1.450
1.543
0.384
0.355
0.495
0.446
0.375
0.533
1.550
1.512
1.589
0.379
0.353
0.497
0.438
0.369
0.534
1.551
1.516
1.596
0.376
0.343
0.494
0.435
0.361
0.530
1.564
1.523
1.612
0.346
0.364
0.495
0.392
0.359
0.515
1.530
1.533
1.597
0.363
0.397
0.512
0.401
0.383
0.525
1.511
1.530
1.582
0.342
0.380
0.500
0.380
0.364
0.513
1.532
1.553
1.609
0.399
0.415
0.532
0.437
0.406
0.549
1.522
1.523
1.580
0.343
0.356
0.481
0.382
0.347
0.496
1.486
1.487
1.550
0.361
0.383
0.486
0.409
0.376
0.508
1.549
1.552
1.593
0.355
0.378
0.491
0.401
0.369
0.512
1.553
1.559
1.606
0.351
0.371
0.488
0.398
0.363
0.508
1.563
1.567
1.619
0.340
0.356
0.474
0.383
0.353
0.496
1.538
1.526
1.597
0.350
0.377
0.485
0.387
0.367
0.501
1.511
1.511
1.573
0.336
0.363
0.477
0.370
0.350
0.490
1.539
1.537
1.605
0.379
0.393
0.500
0.416
0.385
0.518
1.518
1.507
1.568
0.336
0.349
0.462
0.372
0.339
0.476
1.489
1.479
1.545
0.351
0.373
0.467
0.396
0.368
0.489
1.547
1.537
1.589
0.349
0.368
0.472
0.393
0.363
0.494
1.551
1.541
1.598
0.342
0.359
0.466
0.385
0.354
0.487
1.559
1.548
1.609
0.387
0.502
0.490
0.420
0.460
0.491
1.580
1.677
1.619
0.405
0.524
0.508
0.430
0.472
0.502
1.549
1.649
1.589
0.383
0.508
0.493
0.410
0.455
0.489
1.578
1.681
1.621
0.453
0.553
0.540
0.474
0.499
0.532
1.580
1.659
1.606
0.387
0.481
0.480
0.411
0.433
0.473
1.527
1.601
1.558
0.410
0.522
0.496
0.446
0.475
0.495
1.602
1.690
1.623
0.401
0.515
0.492
0.436
0.466
0.493
1.603
1.694
1.627
0.390
0.505
0.483
0.424
0.459
0.484
1.599
1.693
1.628
0.372
0.458
0.396
0.406
0.421
0.414
1.570
1.641
1.551
0.381
0.476
0.413
0.411
0.431
0.427
1.541
1.619
1.531
0.366
0.467
0.401
0.394
0.418
0.416
1.569
1.653
1.559
0.430
0.505
0.442
0.454
0.462
0.455
1.561
1.622
1.534
0.370
0.443
0.390
0.396
0.402
0.402
1.517
1.577
1.497
0.387
0.472
0.401
0.426
0.434
0.424
1.587
1.655
1.556
0.383
0.470
0.401
0.418
0.427
0.418
1.588
1.659
1.560
0.377
0.461
0.392
0.410
0.420
0.408
1.599
1.668
1.571
0.342
0.422
0.419
0.389
0.395
0.432
1.510
1.569
1.526
0.359
0.447
0.445
0.401
0.414
0.451
1.492
1.562
1.517
0.342
0.435
0.430
0.380
0.398
0.434
1.511
1.585
1.538
0.394
0.465
0.460
0.428
0.431
0.466
1.504
1.559
1.514
0.341
0.411
0.416
0.377
0.379
0.421
1.465
1.519
1.484
0.359
0.440
0.422
0.404
0.409
0.435
1.522
1.582
1.527
0.352
0.432
0.418
0.397
0.401
0.431
1.525
1.587
1.532
0.347
0.429
0.417
0.391
0.399
0.428
1.529
1.591
1.539
0.384
0.495
0.438
0.424
0.452
0.441
1.542
1.635
1.546
0.395
0.511
0.452
0.428
0.459
0.450
1.512
1.612
1.524
0.375
0.496
0.435
0.408
0.443
0.433
1.535
1.637
1.544
0.439
0.534
0.477
0.469
0.485
0.474
1.533
1.612
1.526
0.383
0.475
0.427
0.414
0.428
0.425
1.496
1.573
1.498
0.408
0.516
0.449
0.452
0.474
0.456
1.562
1.652
1.555
0.393
0.505
0.439
0.436
0.457
0.443
1.556
1.649
1.551
0.384
0.495
0.431
0.426
0.451
0.434
1.561
1.655
1.559
0.357
0.376
0.480
0.406
0.366
0.506
1.531
1.531
1.581
0.369
0.392
0.490
0.411
0.378
0.511
1.502
1.508
1.557
0.358
0.384
0.487
0.403
0.364
0.507
1.543
1.543
1.596
0.416
0.427
0.525
0.469
0.420
0.555
1.546
1.532
1.583
0.358
0.362
0.466
0.401
0.350
0.488
1.495
1.479
1.535
0.379
0.398
0.477
0.435
0.384
0.505
1.558
1.548
1.582
0.371
0.383
0.478
0.427
0.375
0.509
1.563
1.550
1.595
0.370
0.384
0.476
0.425
0.372
0.503
1.570
1.559
1.602
0.348
0.376
0.477
0.390
0.362
0.501
1.531
1.545
1.592
0.367
0.398
0.496
0.409
0.383
0.517
1.510
1.526
1.572
0.352
0.384
0.486
0.395
0.365
0.507
1.547
1.557
1.610
0.408
0.427
0.523
0.455
0.418
0.551
1.540
1.539
1.589
0.348
0.363
0.465
0.386
0.347
0.484
1.493
1.492
1.546
0.370
0.398
0.479
0.420
0.384
0.506
1.552
1.558
1.592
0.361
0.385
0.479
0.410
0.374
0.506
1.557
1.560
1.605
0.358
0.383
0.474
0.407
0.370
0.501
1.566
1.572
1.613
0.363
0.379
0.488
0.419
0.373
0.520
1.550
1.543
1.595
0.378
0.399
0.503
0.428
0.390
0.530
1.517
1.517
1.568
0.366
0.389
0.496
0.416
0.375
0.521
1.559
1.554
1.608
0.419
0.429
0.530
0.474
0.424
0.562
1.551
1.534
1.585
0.363
0.367
0.475
0.410
0.358
0.501
1.503
1.485
1.542
0.383
0.399
0.485
0.443
0.390
0.517
1.566
1.552
1.588
0.375
0.387
0.487
0.433
0.381
0.519
1.571
1.554
1.601
0.374
0.386
0.482
0.433
0.378
0.514
1.580
1.566
1.610
0.345
0.372
0.463
0.387
0.358
0.488
1.528
1.539
1.578
0.358
0.389
0.477
0.397
0.372
0.498
1.502
1.518
1.557
0.345
0.378
0.470
0.385
0.357
0.489
1.539
1.552
1.594
0.405
0.426
0.511
0.450
0.415
0.538
1.542
1.542
1.582
0.345
0.359
0.452
0.382
0.342
0.471
1.491
1.488
1.535
0.359
0.387
0.458
0.407
0.372
0.486
1.546
1.551
1.576
0.352
0.374
0.458
0.401
0.362
0.487
1.551
1.551
1.586
0.352
0.376
0.456
0.397
0.358
0.480
1.558
1.563
1.595
0.370
0.389
0.495
0.416
0.381
0.524
1.560
1.567
1.616
0.387
0.412
0.513
0.428
0.398
0.535
1.538
1.551
1.597
0.372
0.396
0.502
0.416
0.381
0.524
1.573
1.579
1.629
0.426
0.437
0.536
0.469
0.429
0.562
1.563
1.559
1.607
0.369
0.376
0.481
0.409
0.363
0.502
1.523
1.517
1.571
0.392
0.413
0.495
0.441
0.400
0.522
1.582
1.584
1.615
0.382
0.398
0.494
0.433
0.390
0.524
1.585
1.582
1.624
0.384
0.401
0.494
0.433
0.390
0.522
1.594
1.596
1.635
0.421
0.422
0.476
0.486
0.412
0.493
1.633
1.600
1.615
0.434
0.444
0.493
0.492
0.428
0.506
1.597
1.577
1.590
0.415
0.423
0.477
0.480
0.407
0.494
1.631
1.599
1.617
0.498
0.487
0.536
0.565
0.474
0.553
1.655
1.605
1.618
0.426
0.411
0.468
0.486
0.398
0.481
1.594
1.544
1.564
0.455
0.451
0.492
0.531
0.440
0.510
1.669
1.620
1.626
0.448
0.439
0.488
0.523
0.430
0.508
1.676
1.624
1.636
0.434
0.426
0.475
0.510
0.418
0.495
1.669
1.621
1.631
0.411
0.382
0.394
0.467
0.379
0.421
1.618
1.570
1.549
0.415
0.398
0.410
0.471
0.391
0.437
1.581
1.543
1.526
0.407
0.389
0.403
0.465
0.377
0.428
1.621
1.576
1.559
0.476
0.441
0.448
0.535
0.436
0.476
1.627
1.566
1.547
0.411
0.373
0.387
0.459
0.363
0.407
1.572
1.513
1.498
0.433
0.404
0.405
0.500
0.398
0.437
1.641
1.583
1.557
0.430
0.395
0.404
0.492
0.390
0.432
1.650
1.589
1.567
0.425
0.390
0.397
0.489
0.384
0.423
1.662
1.600
1.576
0.385
0.352
0.409
0.458
0.358
0.438
1.570
1.510
1.525
0.394
0.370
0.428
0.467
0.375
0.457
1.543
1.494
1.512
0.383
0.360
0.417
0.454
0.361
0.443
1.576
1.522
1.538
0.447
0.408
0.458
0.521
0.412
0.488
1.587
1.518
1.531
0.388
0.346
0.405
0.454
0.347
0.428
1.535
1.468
1.487
0.406
0.374
0.418
0.486
0.377
0.447
1.593
1.526
1.533
0.401
0.362
0.412
0.479
0.368
0.442
1.601
1.530
1.540
0.395
0.357
0.408
0.477
0.365
0.439
1.602
1.533
1.544
0.428
0.406
0.437
0.499
0.407
0.458
1.603
1.558
1.555
0.434
0.420
0.450
0.496
0.415
0.468
1.564
1.532
1.531
0.419
0.404
0.435
0.486
0.397
0.454
1.599
1.556
1.556
0.488
0.454
0.480
0.563
0.454
0.503
1.613
1.551
1.548
0.430
0.394
0.426
0.494
0.389
0.442
1.569
1.509
1.512
0.458
0.434
0.453
0.542
0.434
0.479
1.636
1.581
1.571
0.448
0.417
0.444
0.530
0.419
0.468
1.640
1.578
1.574
0.438
0.408
0.435
0.521
0.410
0.458
1.638
1.579
1.573
0.344
0.322
0.459
0.395
0.328
0.494
1.504
1.477
1.553
0.352
0.341
0.468
0.396
0.341
0.497
1.472
1.456
1.526
0.344
0.334
0.469
0.392
0.332
0.496
1.512
1.492
1.568
0.406
0.385
0.509
0.452
0.384
0.541
1.511
1.479
1.548
0.353
0.326
0.457
0.394
0.323
0.485
1.470
1.434
1.510
0.366
0.348
0.465
0.423
0.351
0.500
1.528
1.497
1.554
0.361
0.340
0.465
0.415
0.344
0.501
1.532
1.499
1.564
0.353
0.331
0.456
0.407
0.335
0.491
1.536
1.506
1.571
0.336
0.323
0.458
0.381
0.323
0.489
1.504
1.490
1.561
0.350
0.345
0.472
0.393
0.344
0.502
1.477
1.470
1.536
0.339
0.337
0.470
0.384
0.331
0.495
1.514
1.504
1.578
0.394
0.382
0.504
0.435
0.375
0.531
1.503
1.481
1.548
0.343
0.324
0.455
0.382
0.316
0.479
1.465
1.440
1.514
0.356
0.347
0.462
0.407
0.346
0.496
1.521
1.503
1.559
0.351
0.340
0.463
0.401
0.340
0.497
1.524
1.506
1.569
0.343
0.330
0.454
0.393
0.329
0.486
1.530
1.514
1.576
0.350
0.326
0.467
0.407
0.335
0.506
1.522
1.488
1.565
0.359
0.345
0.477
0.412
0.351
0.513
1.485
1.463
1.533
0.352
0.340
0.478
0.406
0.343
0.510
1.528
1.504
1.580
0.405
0.382
0.509
0.455
0.383
0.543
1.515
1.475
1.544
0.357
0.328
0.464
0.406
0.330
0.497
1.480
1.439
1.516
0.370
0.348
0.469
0.432
0.356
0.509
1.538
1.501
1.558
0.365
0.343
0.471
0.425
0.350
0.512
1.540
1.503
1.568
0.359
0.334
0.462
0.417
0.340
0.501
1.545
1.510
1.573
0.335
0.318
0.443
0.381
0.318
0.475
1.507
1.486
1.550
0.343
0.336
0.453
0.387
0.334
0.484
1.478
1.467
1.526
0.332
0.329
0.452
0.377
0.323
0.478
1.511
1.500
1.566
0.398
0.385
0.497
0.441
0.378
0.525
1.515
1.490
1.549
0.342
0.322
0.443
0.381
0.314
0.467
1.473
1.445
1.511
0.351
0.339
0.444
0.402
0.338
0.479
1.524
1.502
1.549
0.346
0.333
0.446
0.398
0.332
0.481
1.528
1.504
1.557
0.340
0.325
0.436
0.387
0.321
0.468
1.532
1.511
1.563
0.359
0.338
0.476
0.406
0.344
0.511
1.534
1.514
1.588
0.369
0.359
0.487
0.413
0.360
0.519
1.507
1.496
1.563
0.356
0.347
0.482
0.403
0.346
0.510
1.538
1.525
1.599
0.410
0.390
0.514
0.450
0.388
0.543
1.529
1.504
1.570
0.360
0.335
0.467
0.402
0.334
0.495
1.497
1.467
1.542
0.377
0.362
0.478
0.432
0.367
0.515
1.554
1.532
1.586
0.371
0.353
0.479
0.423
0.358
0.516
1.554
1.531
1.592
0.367
0.348
0.473
0.416
0.351
0.506
1.560
1.539
1.600
0.412
0.377
0.466
0.473
0.381
0.486
1.603
1.551
1.588
0.419
0.398
0.479
0.474
0.395
0.495
1.562
1.526
1.555
0.407
0.388
0.476
0.468
0.385
0.493
1.598
1.556
1.594
0.488
0.449
0.527
0.541
0.440
0.537
1.615
1.551
1.580
0.425
0.383
0.470
0.478
0.378
0.483
1.568
1.503
1.541
0.442
0.409
0.481
0.509
0.406
0.499
1.633
1.572
1.595
0.441
0.403
0.483
0.507
0.401
0.501
1.640
1.576
1.604
0.426
0.388
0.466
0.493
0.387
0.486
1.635
1.574
1.602
0.387
0.341
0.376
0.446
0.344
0.409
1.576
1.521
1.514
0.390
0.357
0.388
0.448
0.358
0.423
1.540
1.496
1.490
0.383
0.354
0.385
0.441
0.348
0.416
1.573
1.528
1.522
0.453
0.405
0.430
0.507
0.400
0.458
1.579
1.514
1.504
0.396
0.344
0.378
0.446
0.338
0.404
1.537
1.471
1.468
0.410
0.366
0.389
0.477
0.365
0.424
1.599
1.536
1.520
0.409
0.362
0.389
0.473
0.360
0.421
1.605
1.540
1.526
0.401
0.352
0.378
0.464
0.350
0.408
1.614
1.551
1.535
0.361
0.311
0.392
0.431
0.323
0.424
1.523
1.460
1.488
0.369
0.330
0.409
0.439
0.340
0.442
1.498
1.445
1.474
0.359
0.325
0.406
0.426
0.331
0.431
1.527
1.474
1.505
0.418
0.367
0.437
0.484
0.370
0.466
1.531
1.461
1.484
0.370
0.316
0.397
0.434
0.320
0.423
1.496
1.425
1.456
0.383
0.336
0.400
0.460
0.345
0.437
1.547
1.477
1.495
0.379
0.329
0.397
0.455
0.339
0.432
1.554
1.483
1.503
0.371
0.321
0.390
0.447
0.331
0.424
1.554
1.486
1.504
0.402
0.361
0.419
0.474
0.370
0.443
1.562
1.509
1.524
0.406
0.376
0.430
0.469
0.377
0.453
1.521
1.480
1.495
0.393
0.366
0.421
0.461
0.368
0.442
1.555
1.511
1.525
0.464
0.418
0.465
0.531
0.417
0.484
1.565
1.500
1.509
0.414
0.365
0.422
0.475
0.362
0.437
1.534
1.469
1.486
0.432
0.393
0.437
0.513
0.400
0.464
1.592
1.532
1.535
0.425
0.382
0.431
0.505
0.387
0.456
1.596
1.532
1.539
0.410
0.366
0.418
0.490
0.371
0.440
1.592
1.530
1.538
0.315
0.329
0.451
0.357
0.318
0.475
1.482
1.482
1.544
0.334
0.361
0.472
0.372
0.343
0.490
1.461
1.474
1.528
0.320
0.350
0.470
0.357
0.327
0.484
1.494
1.505
1.567
0.386
0.392
0.510
0.431
0.383
0.537
1.497
1.484
1.548
0.334
0.332
0.459
0.372
0.318
0.479
1.462
1.444
1.517
0.342
0.352
0.451
0.387
0.336
0.474
1.513
1.503
1.546
0.335
0.345
0.458
0.381
0.331
0.482
1.518
1.507
1.562
0.335
0.338
0.454
0.384
0.328
0.479
1.527
1.512
1.571
0.306
0.332
0.448
0.344
0.316
0.469
1.483
1.499
1.553
0.330
0.366
0.473
0.367
0.346
0.492
1.469
1.492
1.541
0.314
0.355
0.469
0.348
0.327
0.480
1.499
1.524
1.578
0.375
0.395
0.506
0.417
0.381
0.528
1.491
1.493
1.550
0.323
0.335
0.457
0.358
0.315
0.472
1.460
1.457
1.524
0.331
0.357
0.452
0.373
0.337
0.472
1.510
1.517
1.556
0.324
0.350
0.457
0.368
0.332
0.479
1.514
1.522
1.570
0.322
0.341
0.450
0.370
0.328
0.476
1.524
1.527
1.579
0.319
0.338
0.459
0.367
0.327
0.486
1.498
1.500
1.556
0.339
0.369
0.481
0.383
0.352
0.503
1.473
1.485
1.534
0.326
0.363
0.479
0.368
0.339
0.495
1.510
1.524
1.577
0.385
0.397
0.512
0.431
0.384
0.536
1.500
1.489
1.543
0.336
0.340
0.466
0.377
0.324
0.486
1.468
1.451
1.518
0.343
0.361
0.457
0.394
0.345
0.483
1.522
1.514
1.548
0.336
0.354
0.465
0.388
0.340
0.491
1.526
1.517
1.564
0.336
0.346
0.457
0.389
0.336
0.486
1.538
1.527
1.576
0.303
0.327
0.433
0.339
0.309
0.453
1.477
1.489
1.536
0.324
0.360
0.456
0.360
0.337
0.475
1.460
1.482
1.523
0.307
0.350
0.452
0.340
0.320
0.463
1.491
1.517
1.563
0.376
0.397
0.496
0.417
0.381
0.519
1.496
1.501
1.547
0.321
0.332
0.444
0.354
0.311
0.459
1.458
1.453
1.512
0.324
0.350
0.433
0.365
0.328
0.454
1.504
1.511
1.540
0.317
0.343
0.438
0.360
0.323
0.461
1.508
1.514
1.552
0.317
0.334
0.432
0.358
0.315
0.454
1.516
1.518
1.560
0.325
0.347
0.467
0.367
0.334
0.489
1.511
1.524
1.578
0.348
0.382
0.491
0.385
0.361
0.508
1.495
1.518
1.565
0.331
0.366
0.482
0.368
0.342
0.495
1.525
1.546
1.599
0.390
0.403
0.515
0.431
0.390
0.538
1.517
1.517
1.570
0.340
0.346
0.469
0.379
0.329
0.487
1.490
1.482
1.548
0.351
0.373
0.464
0.396
0.355
0.487
1.539
1.545
1.578
0.345
0.366
0.473
0.389
0.348
0.495
1.542
1.547
1.590
0.345
0.359
0.469
0.392
0.346
0.494
1.552
1.553
1.601
0.390
0.387
0.454
0.445
0.374
0.466
1.582
1.553
1.574
0.408
0.418
0.478
0.459
0.399
0.488
1.554
1.540
1.555
0.388
0.402
0.470
0.441
0.379
0.476
1.584
1.565
1.587
0.478
0.462
0.524
0.536
0.447
0.537
1.612
1.562
1.583
0.411
0.389
0.463
0.461
0.371
0.470
1.560
1.508
1.538
0.426
0.417
0.470
0.488
0.399
0.479
1.623
1.578
1.588
0.421
0.411
0.472
0.485
0.394
0.483
1.631
1.584
1.600
0.410
0.395
0.460
0.475
0.383
0.474
1.628
1.579
1.600
0.367
0.334
0.356
0.417
0.327
0.383
1.563
1.515
1.504
0.381
0.364
0.382
0.431
0.352
0.408
1.537
1.503
1.491
0.366
0.353
0.373
0.415
0.334
0.393
1.566
1.530
1.519
0.444
0.403
0.420
0.496
0.395
0.447
1.579
1.515
1.505
0.387
0.342
0.369
0.429
0.328
0.388
1.537
1.472
1.470
0.397
0.361
0.373
0.453
0.350
0.400
1.596
1.536
1.517
0.393
0.355
0.373
0.448
0.344
0.398
1.604
1.542
1.526
0.392
0.345
0.368
0.450
0.338
0.394
1.616
1.549
1.538
0.336
0.307
0.373
0.399
0.310
0.400
1.508
1.457
1.478
0.353
0.337
0.403
0.419
0.337
0.429
1.490
1.452
1.472
0.337
0.328
0.394
0.399
0.321
0.412
1.517
1.480
1.502
0.408
0.371
0.432
0.473
0.372
0.460
1.533
1.470
1.489
0.356
0.314
0.389
0.414
0.312
0.410
1.492
1.428
1.458
0.365
0.333
0.385
0.431
0.332
0.412
1.543
1.482
1.492
0.359
0.325
0.383
0.429
0.326
0.411
1.549
1.486
1.501
0.358
0.318
0.382
0.428
0.323
0.410
1.550
1.486
1.504
0.380
0.360
0.399
0.442
0.356
0.418
1.545
1.507
1.509
0.394
0.386
0.422
0.451
0.374
0.438
1.514
1.489
1.492
0.374
0.370
0.407
0.433
0.356
0.418
1.542
1.514
1.517
0.451
0.418
0.452
0.516
0.413
0.471
1.561
1.504
1.505
0.400
0.363
0.408
0.456
0.353
0.421
1.530
1.471
1.484
0.415
0.391
0.418
0.484
0.384
0.437
1.584
1.534
1.528
0.405
0.379
0.412
0.478
0.373
0.432
1.587
1.533
1.531
0.398
0.365
0.406
0.472
0.364
0.426
1.588
1.532
1.536
0.324
0.356
0.453
0.361
0.336
0.471
1.453
1.466
1.510
0.339
0.379
0.467
0.373
0.354
0.483
1.436
1.459
1.496
0.329
0.367
0.469
0.365
0.342
0.480
1.472
1.487
1.537
0.366
0.392
0.484
0.408
0.375
0.508
1.451
1.452
1.493
0.327
0.348
0.446
0.363
0.326
0.464
1.426
1.426
1.473
0.352
0.380
0.461
0.396
0.359
0.483
1.486
1.487
1.516
0.342
0.372
0.459
0.386
0.353
0.483
1.486
1.490
1.524
0.334
0.361
0.447
0.377
0.342
0.469
1.487
1.492
1.526
0.317
0.355
0.451
0.349
0.332
0.467
1.454
1.477
1.517
0.339
0.381
0.472
0.372
0.358
0.488
1.441
1.467
1.503
0.325
0.368
0.470
0.356
0.340
0.478
1.471
1.494
1.543
0.355
0.384
0.476
0.391
0.365
0.496
1.441
1.450
1.490
0.322
0.349
0.448
0.352
0.323
0.460
1.423
1.431
1.478
0.343
0.375
0.459
0.381
0.353
0.478
1.479
1.489
1.518
0.336
0.371
0.460
0.373
0.350
0.480
1.479
1.493
1.527
0.325
0.360
0.445
0.363
0.339
0.465
1.483
1.500
1.532
0.330
0.358
0.460
0.372
0.340
0.482
1.471
1.477
1.519
0.346
0.381
0.476
0.387
0.360
0.497
1.446
1.461
1.497
0.335
0.370
0.476
0.374
0.345
0.489
1.482
1.492
1.540
0.366
0.387
0.483
0.408
0.369
0.505
1.453
1.448
1.487
0.333
0.350
0.454
0.372
0.330
0.473
1.432
1.426
1.473
0.354
0.378
0.463
0.402
0.359
0.488
1.490
1.486
1.512
0.347
0.373
0.465
0.393
0.354
0.490
1.491
1.489
1.521
0.341
0.365
0.452
0.385
0.345
0.477
1.497
1.499
1.528
0.315
0.350
0.439
0.347
0.325
0.453
1.455
1.472
1.508
0.331
0.370
0.453
0.362
0.345
0.468
1.439
1.464
1.494
0.318
0.360
0.453
0.349
0.330
0.461
1.472
1.493
1.535
0.360
0.388
0.471
0.395
0.365
0.489
1.454
1.461
1.496
0.320
0.344
0.434
0.349
0.317
0.447
1.427
1.432
1.473
0.339
0.370
0.444
0.376
0.346
0.464
1.483
1.491
1.514
0.330
0.362
0.442
0.368
0.339
0.463
1.481
1.491
1.518
0.322
0.355
0.430
0.358
0.328
0.448
1.484
1.500
1.522
0.335
0.371
0.471
0.372
0.353
0.489
1.484
1.507
1.546
0.352
0.394
0.485
0.387
0.372
0.501
1.468
1.498
1.531
0.340
0.380
0.483
0.374
0.357
0.493
1.497
1.521
1.567
0.372
0.399
0.492
0.407
0.381
0.510
1.469
1.481
1.518
0.338
0.363
0.462
0.370
0.340
0.476
1.453
1.462
1.506
0.364
0.397
0.478
0.403
0.377
0.497
1.510
1.525
1.549
0.354
0.390
0.477
0.392
0.369
0.496
1.508
1.524
1.552
0.347
0.383
0.467
0.387
0.363
0.487
1.516
1.536
1.563
0.409
0.424
0.473
0.459
0.401
0.478
1.568
1.553
1.559
0.419
0.443
0.489
0.467
0.417
0.495
1.533
1.531
1.535
0.409
0.432
0.483
0.456
0.402
0.484
1.565
1.556
1.565
0.460
0.464
0.507
0.515
0.441
0.517
1.569
1.539
1.543
0.413
0.413
0.465
0.460
0.387
0.470
1.528
1.497
1.510
0.441
0.450
0.489
0.501
0.427
0.498
1.599
1.570
1.568
0.435
0.443
0.486
0.494
0.420
0.494
1.602
1.575
1.574
0.421
0.427
0.470
0.480
0.407
0.480
1.598
1.573
1.573
0.382
0.369
0.370
0.427
0.355
0.388
1.540
1.510
1.480
0.388
0.387
0.389
0.433
0.369
0.408
1.510
1.493
1.467
0.379
0.377
0.379
0.423
0.356
0.395
1.544
1.520
1.494
0.427
0.406
0.403
0.475
0.394
0.426
1.531
1.490
1.460
0.385
0.363
0.368
0.423
0.344
0.381
1.501
1.462
1.437
0.412
0.394
0.390
0.464
0.380
0.413
1.568
1.528
1.495
0.407
0.389
0.386
0.457
0.374
0.406
1.571
1.532
1.498
0.396
0.376
0.373
0.445
0.361
0.392
1.578
1.538
1.504
0.351
0.332
0.382
0.411
0.327
0.404
1.485
1.443
1.451
0.361
0.357
0.407
0.423
0.349
0.429
1.465
1.437
1.446
0.351
0.346
0.400
0.409
0.334
0.415
1.494
1.461
1.475
0.392
0.369
0.413
0.454
0.364
0.439
1.485
1.435
1.442
0.356
0.330
0.385
0.412
0.322
0.405
1.460
1.410
1.425
0.379
0.359
0.400
0.444
0.352
0.425
1.514
1.464
1.467
0.373
0.351
0.393
0.437
0.345
0.418
1.521
1.470
1.474
0.360
0.337
0.379
0.428
0.333
0.406
1.517
1.470
1.470
0.387
0.381
0.408
0.441
0.368
0.417
1.512
1.484
1.479
0.396
0.400
0.425
0.450
0.384
0.437
1.480
1.467
1.462
0.382
0.384
0.411
0.435
0.366
0.418
1.509
1.487
1.483
0.430
0.413
0.434
0.489
0.402
0.450
1.504
1.463
1.456
0.394
0.376
0.404
0.444
0.359
0.413
1.486
1.446
1.446
0.422
0.410
0.431
0.486
0.401
0.447
1.547
1.511
1.500
0.410
0.397
0.419
0.474
0.385
0.433
1.543
1.504
1.495
0.394
0.381
0.402
0.458
0.370
0.415
1.540
1.505
1.493
0.407
0.508
0.496
0.443
0.465
0.502
1.567
1.645
1.592
0.423
0.530
0.512
0.453
0.485
0.517
1.547
1.635
1.576
0.419
0.530
0.514
0.453
0.479
0.515
1.590
1.676
1.619
0.484
0.570
0.562
0.517
0.526
0.566
1.588
1.649
1.599
0.414
0.493
0.490
0.453
0.458
0.499
1.535
1.592
1.546
0.479
0.577
0.547
0.527
0.538
0.554
1.674
1.744
1.673
0.464
0.564
0.546
0.499
0.514
0.547
1.652
1.727
1.664
0.443
0.538
0.518
0.476
0.493
0.521
1.643
1.716
1.657
0.406
0.514
0.502
0.440
0.472
0.510
1.571
1.660
1.604
0.431
0.542
0.525
0.464
0.499
0.534
1.559
1.653
1.590
0.421
0.540
0.522
0.453
0.489
0.524
1.588
1.685
1.623
0.481
0.575
0.565
0.512
0.531
0.570
1.585
1.657
1.603
0.414
0.504
0.497
0.447
0.464
0.503
1.535
1.605
1.554
0.472
0.579
0.547
0.519
0.541
0.559
1.660
1.742
1.668
0.460
0.570
0.550
0.496
0.524
0.558
1.644
1.731
1.665
0.443
0.550
0.527
0.479
0.508
0.537
1.643
1.730
1.666
0.420
0.518
0.508
0.461
0.478
0.518
1.589
1.663
1.605
0.437
0.540
0.523
0.474
0.497
0.533
1.563
1.644
1.582
0.434
0.544
0.527
0.469
0.493
0.528
1.600
1.683
1.620
0.489
0.573
0.566
0.524
0.530
0.570
1.593
1.650
1.597
0.427
0.508
0.504
0.468
0.470
0.512
1.545
1.601
1.550
0.503
0.598
0.571
0.555
0.562
0.581
1.699
1.766
1.692
0.476
0.575
0.559
0.518
0.529
0.566
1.663
1.734
1.668
0.457
0.552
0.532
0.498
0.511
0.542
1.662
1.733
1.668
0.392
0.499
0.477
0.419
0.451
0.478
1.559
1.647
1.583
0.411
0.520
0.495
0.436
0.471
0.498
1.545
1.638
1.570
0.399
0.518
0.490
0.426
0.463
0.488
1.577
1.673
1.605
0.470
0.564
0.545
0.496
0.515
0.543
1.582
1.654
1.594
0.399
0.487
0.474
0.429
0.444
0.477
1.528
1.597
1.541
0.446
0.551
0.513
0.481
0.504
0.514
1.637
1.718
1.636
0.435
0.541
0.514
0.463
0.488
0.513
1.626
1.712
1.637
0.416
0.520
0.488
0.443
0.470
0.490
1.620
1.706
1.634
0.422
0.528
0.516
0.459
0.490
0.526
1.596
1.686
1.627
0.440
0.551
0.535
0.473
0.509
0.543
1.581
1.676
1.613
0.433
0.548
0.532
0.467
0.501
0.535
1.613
1.710
1.646
0.487
0.578
0.571
0.518
0.535
0.575
1.605
1.677
1.623
0.422
0.509
0.505
0.461
0.475
0.514
1.562
1.631
1.580
0.498
0.602
0.574
0.546
0.566
0.583
1.702
1.785
1.709
0.475
0.582
0.566
0.510
0.536
0.570
1.670
1.758
1.690
0.457
0.561
0.540
0.492
0.520
0.548
1.668
1.756
1.690
0.448
0.452
0.503
0.519
0.444
0.521
1.647
1.613
1.622
0.463
0.479
0.524
0.524
0.463
0.536
1.623
1.606
1.610
0.451
0.471
0.515
0.519
0.454
0.528
1.658
1.638
1.641
0.527
0.517
0.567
0.597
0.509
0.585
1.675
1.626
1.634
0.453
0.445
0.493
0.521
0.438
0.509
1.613
1.569
1.575
0.517
0.519
0.549
0.596
0.512
0.567
1.742
1.702
1.692
0.505
0.507
0.553
0.580
0.495
0.569
1.733
1.692
1.695
0.484
0.482
0.523
0.556
0.471
0.541
1.723
1.681
1.683
0.441
0.390
0.494
0.511
0.412
0.524
1.606
1.538
1.585
0.456
0.418
0.513
0.520
0.434
0.541
1.578
1.528
1.565
0.440
0.409
0.508
0.510
0.425
0.533
1.609
1.559
1.600
0.509
0.459
0.550
0.574
0.471
0.575
1.610
1.540
1.574
0.445
0.396
0.488
0.513
0.412
0.515
1.567
1.500
1.534
0.489
0.450
0.526
0.569
0.468
0.553
1.672
1.611
1.627
0.487
0.445
0.532
0.558
0.457
0.559
1.667
1.603
1.631
0.471
0.423
0.510
0.544
0.441
0.542
1.668
1.603
1.634
0.440
0.431
0.504
0.510
0.432
0.528
1.627
1.592
1.612
0.451
0.459
0.519
0.514
0.453
0.540
1.604
1.588
1.597
0.443
0.454
0.519
0.510
0.447
0.537
1.636
1.617
1.631
0.508
0.491
0.560
0.580
0.495
0.586
1.640
1.594
1.610
0.443
0.426
0.495
0.511
0.428
0.517
1.595
1.551
1.567
0.505
0.496
0.545
0.581
0.497
0.569
1.723
1.682
1.680
0.493
0.484
0.549
0.564
0.480
0.569
1.711
1.671
1.682
0.473
0.462
0.521
0.544
0.459
0.545
1.708
1.667
1.678
0.436
0.433
0.494
0.501
0.433
0.513
1.629
1.587
1.607
0.443
0.452
0.505
0.503
0.445
0.521
1.593
1.567
1.582
0.442
0.451
0.507
0.501
0.441
0.519
1.632
1.603
1.620
0.490
0.480
0.535
0.556
0.477
0.554
1.627
1.575
1.591
0.438
0.429
0.485
0.502
0.428
0.503
1.589
1.541
1.557
0.497
0.497
0.535
0.569
0.498
0.556
1.709
1.667
1.666
0.490
0.487
0.541
0.555
0.481
0.557
1.695
1.650
1.662
0.465
0.458
0.510
0.531
0.456
0.530
1.691
1.645
1.658
0.361
0.450
0.386
0.397
0.411
0.400
1.544
1.613
1.518
0.369
0.466
0.397
0.400
0.424
0.409
1.511
1.590
1.493
0.356
0.456
0.385
0.387
0.405
0.393
1.544
1.621
1.523
0.426
0.504
0.441
0.458
0.463
0.453
1.551
1.610
1.517
0.363
0.433
0.380
0.393
0.394
0.389
1.500
1.553
1.468
0.380
0.471
0.396
0.418
0.425
0.408
1.562
1.632
1.527
0.374
0.465
0.396
0.414
0.422
0.408
1.571
1.641
1.536
0.370
0.457
0.385
0.407
0.414
0.398
1.577
1.646
1.545
0.357
0.453
0.389
0.389
0.411
0.403
1.548
1.629
1.531
0.371
0.473
0.403
0.401
0.430
0.417
1.517
1.604
1.504
0.355
0.461
0.389
0.382
0.409
0.396
1.546
1.634
1.533
0.420
0.507
0.441
0.447
0.462
0.451
1.546
1.617
1.522
0.358
0.439
0.380
0.382
0.394
0.387
1.499
1.565
1.475
0.373
0.472
0.396
0.407
0.427
0.409
1.559
1.641
1.533
0.368
0.469
0.399
0.404
0.424
0.411
1.566
1.648
1.542
0.362
0.459
0.385
0.396
0.417
0.399
1.575
1.656
1.552
0.374
0.461
0.395
0.415
0.425
0.414
1.569
1.635
1.534
0.382
0.477
0.405
0.421
0.437
0.424
1.528
1.603
1.501
0.370
0.469
0.395
0.404
0.420
0.407
1.562
1.637
1.535
0.432
0.510
0.443
0.468
0.471
0.459
1.559
1.615
1.518
0.372
0.444
0.385
0.407
0.407
0.399
1.512
1.565
1.475
0.387
0.477
0.400
0.430
0.436
0.417
1.574
1.642
1.533
0.382
0.474
0.403
0.428
0.433
0.419
1.582
1.649
1.541
0.380
0.467
0.393
0.420
0.427
0.409
1.594
1.661
1.554
0.354
0.450
0.381
0.383
0.407
0.393
1.545
1.625
1.524
0.364
0.465
0.392
0.391
0.420
0.405
1.515
1.601
1.499
0.349
0.456
0.381
0.375
0.403
0.387
1.545
1.631
1.529
0.420
0.507
0.439
0.448
0.464
0.450
1.553
1.623
1.526
0.355
0.435
0.374
0.380
0.391
0.383
1.503
1.567
1.477
0.368
0.465
0.386
0.399
0.419
0.397
1.558
1.639
1.528
0.362
0.462
0.389
0.396
0.415
0.400
1.565
1.647
1.537
0.356
0.453
0.375
0.386
0.406
0.385
1.575
1.656
1.547
0.374
0.470
0.406
0.407
0.432
0.421
1.570
1.653
1.553
0.387
0.488
0.419
0.416
0.446
0.432
1.542
1.630
1.529
0.373
0.477
0.405
0.398
0.425
0.411
1.572
1.659
1.556
0.430
0.514
0.450
0.455
0.471
0.459
1.567
1.637
1.541
0.373
0.451
0.394
0.399
0.410
0.403
1.526
1.591
1.501
0.391
0.488
0.414
0.425
0.445
0.427
1.586
1.668
1.559
0.385
0.484
0.416
0.419
0.439
0.427
1.591
1.675
1.566
0.383
0.478
0.406
0.414
0.435
0.418
1.600
1.682
1.575
0.405
0.401
0.400
0.463
0.391
0.423
1.618
1.586
1.553
0.409
0.419
0.410
0.461
0.404
0.431
1.582
1.565
1.528
0.394
0.405
0.394
0.446
0.385
0.412
1.616
1.595
1.557
0.468
0.454
0.450
0.524
0.445
0.472
1.629
1.586
1.552
0.400
0.386
0.383
0.448
0.373
0.401
1.569
1.529
1.497
0.422
0.418
0.405
0.485
0.405
0.428
1.637
1.601
1.558
0.418
0.413
0.409
0.481
0.400
0.430
1.647
1.611
1.571
0.412
0.405
0.396
0.475
0.394
0.420
1.656
1.618
1.578
0.401
0.348
0.403
0.461
0.366
0.435
1.578
1.517
1.521
0.406
0.367
0.412
0.462
0.380
0.444
1.539
1.493
1.492
0.387
0.353
0.397
0.445
0.361
0.424
1.570
1.524
1.522
0.454
0.404
0.446
0.508
0.412
0.471
1.571
1.509
1.504
0.396
0.346
0.390
0.449
0.354
0.415
1.529
1.469
1.466
0.410
0.366
0.403
0.476
0.379
0.434
1.586
1.530
1.517
0.412
0.368
0.411
0.479
0.380
0.441
1.598
1.541
1.531
0.403
0.354
0.396
0.469
0.368
0.428
1.606
1.546
1.538
0.389
0.373
0.386
0.439
0.367
0.410
1.587
1.553
1.527
0.399
0.400
0.399
0.443
0.388
0.421
1.558
1.540
1.507
0.381
0.386
0.384
0.427
0.368
0.402
1.585
1.565
1.531
0.451
0.433
0.438
0.500
0.426
0.460
1.590
1.551
1.522
0.387
0.367
0.376
0.432
0.357
0.395
1.547
1.507
1.482
0.407
0.395
0.394
0.461
0.383
0.415
1.609
1.573
1.534
0.404
0.391
0.398
0.460
0.381
0.420
1.621
1.585
1.550
0.395
0.380
0.383
0.451
0.372
0.407
1.627
1.591
1.556
0.379
0.369
0.382
0.428
0.363
0.400
1.585
1.543
1.526
0.382
0.384
0.388
0.427
0.373
0.406
1.544
1.518
1.497
0.373
0.376
0.380
0.414
0.357
0.390
1.579
1.548
1.528
0.429
0.415
0.419
0.475
0.405
0.436
1.575
1.529
1.508
0.377
0.364
0.372
0.420
0.353
0.385
1.536
1.493
1.474
0.397
0.391
0.388
0.446
0.381
0.405
1.595
1.556
1.527
0.398
0.389
0.396
0.448
0.378
0.410
1.607
1.566
1.540
0.384
0.373
0.378
0.437
0.367
0.398
1.613
1.569
1.546
0.316
0.401
0.400
0.350
0.363
0.404
1.441
1.505
1.463
0.338
0.430
0.426
0.369
0.389
0.427
1.432
1.504
1.460
0.322
0.419
0.416
0.351
0.370
0.411
1.453
1.527
1.485
0.375
0.446
0.447
0.406
0.409
0.451
1.459
1.508
1.468
0.331
0.397
0.407
0.359
0.357
0.407
1.422
1.468
1.437
0.344
0.428
0.409
0.382
0.386
0.412
1.475
1.533
1.474
0.335
0.419
0.408
0.371
0.377
0.411
1.477
1.536
1.483
0.322
0.403
0.393
0.357
0.364
0.395
1.473
1.532
1.481
0.311
0.404
0.401
0.341
0.365
0.404
1.444
1.520
1.475
0.340
0.437
0.433
0.369
0.395
0.434
1.441
1.520
1.474
0.321
0.425
0.421
0.346
0.375
0.413
1.452
1.537
1.491
0.367
0.448
0.446
0.393
0.408
0.447
1.452
1.513
1.470
0.325
0.402
0.409
0.348
0.359
0.406
1.422
1.482
1.447
0.336
0.429
0.409
0.368
0.389
0.413
1.468
1.540
1.480
0.328
0.422
0.409
0.359
0.381
0.412
1.470
1.544
1.488
0.314
0.407
0.392
0.348
0.370
0.398
1.472
1.547
1.492
0.331
0.412
0.413
0.370
0.379
0.421
1.470
1.528
1.485
0.351
0.438
0.438
0.387
0.400
0.442
1.452
1.517
1.472
0.337
0.431
0.430
0.370
0.385
0.427
1.471
1.540
1.495
0.382
0.450
0.451
0.414
0.413
0.454
1.468
1.512
1.469
0.342
0.407
0.417
0.372
0.369
0.418
1.438
1.481
1.446
0.352
0.431
0.414
0.392
0.394
0.421
1.486
1.540
1.479
0.347
0.428
0.418
0.385
0.388
0.423
1.491
1.545
1.490
0.331
0.411
0.400
0.369
0.374
0.405
1.489
1.544
1.492
0.310
0.400
0.390
0.338
0.359
0.391
1.447
1.519
1.467
0.331
0.424
0.413
0.357
0.381
0.414
1.437
1.513
1.462
0.314
0.416
0.404
0.338
0.364
0.396
1.456
1.538
1.486
0.374
0.451
0.441
0.397
0.408
0.441
1.470
1.527
1.479
0.323
0.396
0.397
0.345
0.353
0.394
1.429
1.483
1.444
0.330
0.418
0.391
0.360
0.376
0.394
1.473
1.541
1.474
0.323
0.411
0.392
0.352
0.368
0.393
1.476
1.544
1.482
0.311
0.400
0.378
0.340
0.356
0.380
1.475
1.545
1.484
0.347
0.437
0.431
0.376
0.396
0.430
1.486
1.560
1.509
0.366
0.461
0.454
0.395
0.418
0.453
1.476
1.554
1.504
0.349
0.449
0.440
0.376
0.399
0.432
1.490
1.572
1.521
0.399
0.473
0.469
0.419
0.429
0.464
1.493
1.551
1.504
0.354
0.426
0.430
0.377
0.383
0.424
1.465
1.520
1.482
0.373
0.460
0.437
0.404
0.418
0.437
1.512
1.582
1.518
0.363
0.452
0.438
0.393
0.408
0.436
1.512
1.582
1.522
0.351
0.439
0.424
0.382
0.399
0.425
1.513
1.585
1.525
0.362
0.353
0.403
0.420
0.346
0.417
1.529
1.491
1.501
0.380
0.382
0.429
0.436
0.369
0.440
1.514
1.488
1.495
0.361
0.366
0.412
0.415
0.350
0.419
1.537
1.510
1.518
0.425
0.402
0.449
0.481
0.396
0.464
1.556
1.503
1.511
0.374
0.351
0.404
0.422
0.339
0.411
1.506
1.455
1.469
0.390
0.381
0.411
0.450
0.369
0.425
1.562
1.518
1.512
0.382
0.370
0.410
0.442
0.359
0.421
1.566
1.521
1.519
0.370
0.356
0.397
0.432
0.348
0.410
1.564
1.518
1.518
0.364
0.309
0.412
0.419
0.324
0.433
1.487
1.422
1.468
0.387
0.340
0.439
0.440
0.352
0.459
1.475
1.421
1.462
0.361
0.321
0.423
0.415
0.331
0.437
1.490
1.439
1.483
0.419
0.361
0.453
0.470
0.369
0.471
1.497
1.427
1.462
0.380
0.321
0.419
0.425
0.326
0.431
1.468
1.399
1.440
0.384
0.335
0.413
0.444
0.347
0.437
1.510
1.447
1.467
0.383
0.331
0.418
0.441
0.342
0.440
1.516
1.450
1.478
0.370
0.313
0.403
0.430
0.328
0.426
1.516
1.449
1.480
0.341
0.328
0.397
0.394
0.323
0.411
1.490
1.453
1.474
0.363
0.360
0.425
0.413
0.351
0.436
1.482
1.456
1.473
0.342
0.346
0.412
0.390
0.331
0.416
1.498
1.475
1.494
0.401
0.377
0.442
0.452
0.373
0.457
1.511
1.462
1.480
0.356
0.331
0.403
0.401
0.322
0.411
1.478
1.429
1.453
0.368
0.354
0.401
0.422
0.346
0.416
1.526
1.484
1.486
0.360
0.344
0.402
0.415
0.336
0.416
1.534
1.489
1.499
0.349
0.331
0.387
0.406
0.326
0.405
1.529
1.485
1.495
0.343
0.329
0.392
0.392
0.323
0.405
1.500
1.456
1.478
0.355
0.353
0.413
0.404
0.343
0.424
1.481
1.447
1.469
0.344
0.342
0.405
0.388
0.326
0.408
1.501
1.467
1.491
0.388
0.367
0.424
0.438
0.360
0.438
1.505
1.452
1.469
0.355
0.335
0.397
0.400
0.325
0.406
1.478
1.427
1.451
0.364
0.355
0.398
0.419
0.347
0.411
1.521
1.477
1.482
0.362
0.348
0.400
0.415
0.340
0.412
1.529
1.481
1.493
0.346
0.328
0.382
0.400
0.323
0.396
1.526
1.476
1.490
0.392
0.501
0.459
0.434
0.459
0.462
1.533
1.620
1.549
0.403
0.517
0.472
0.438
0.468
0.473
1.510
1.605
1.532
0.400
0.519
0.474
0.436
0.465
0.469
1.554
1.650
1.576
0.457
0.547
0.509
0.498
0.507
0.513
1.561
1.627
1.561
0.401
0.484
0.456
0.438
0.445
0.456
1.515
1.577
1.520
0.432
0.537
0.490
0.476
0.491
0.489
1.586
1.667
1.585
0.423
0.530
0.491
0.464
0.482
0.491
1.591
1.676
1.599
0.408
0.513
0.467
0.450
0.469
0.470
1.579
1.663
1.587
0.393
0.508
0.465
0.429
0.462
0.465
1.537
1.635
1.561
0.407
0.526
0.480
0.440
0.477
0.482
1.519
1.621
1.544
0.401
0.527
0.478
0.434
0.473
0.474
1.556
1.663
1.584
0.455
0.552
0.511
0.491
0.512
0.515
1.556
1.635
1.563
0.398
0.493
0.459
0.431
0.450
0.458
1.517
1.593
1.529
0.431
0.544
0.494
0.469
0.498
0.495
1.584
1.677
1.593
0.420
0.538
0.496
0.457
0.490
0.497
1.585
1.683
1.604
0.405
0.519
0.471
0.443
0.476
0.475
1.578
1.676
1.596
0.415
0.520
0.474
0.459
0.480
0.480
1.573
1.654
1.579
0.424
0.535
0.488
0.464
0.490
0.493
1.541
1.629
1.554
0.422
0.539
0.487
0.461
0.489
0.488
1.588
1.679
1.598
0.476
0.562
0.520
0.518
0.526
0.526
1.586
1.647
1.576
0.420
0.504
0.469
0.462
0.469
0.473
1.547
1.608
1.543
0.455
0.557
0.506
0.499
0.515
0.510
1.621
1.699
1.614
0.445
0.551
0.510
0.489
0.506
0.513
1.625
1.704
1.625
0.426
0.530
0.480
0.469
0.488
0.487
1.608
1.689
1.609
0.385
0.498
0.449
0.420
0.452
0.451
1.537
1.630
1.551
0.397
0.512
0.464
0.427
0.462
0.465
1.514
1.611
1.534
0.389
0.513
0.460
0.421
0.458
0.457
1.556
1.658
1.577
0.451
0.547
0.503
0.488
0.507
0.508
1.564
1.638
1.565
0.391
0.482
0.446
0.423
0.440
0.446
1.517
1.589
1.523
0.421
0.529
0.473
0.458
0.483
0.476
1.584
1.671
1.582
0.412
0.525
0.477
0.448
0.475
0.478
1.587
1.678
1.594
0.397
0.508
0.454
0.432
0.460
0.456
1.577
1.669
1.584
0.407
0.520
0.475
0.447
0.478
0.477
1.562
1.658
1.579
0.422
0.538
0.493
0.457
0.492
0.493
1.544
1.644
1.567
0.413
0.535
0.485
0.448
0.483
0.482
1.578
1.680
1.600
0.465
0.558
0.517
0.502
0.520
0.521
1.576
1.652
1.580
0.409
0.499
0.464
0.446
0.461
0.466
1.539
1.611
1.546
0.445
0.553
0.504
0.486
0.510
0.507
1.608
1.698
1.612
0.433
0.546
0.505
0.472
0.500
0.506
1.605
1.699
1.618
0.420
0.530
0.481
0.461
0.491
0.488
1.600
1.695
1.611
0.439
0.441
0.467
0.507
0.436
0.482
1.621
1.591
1.586
0.447
0.460
0.482
0.509
0.448
0.496
1.592
1.575
1.570
0.438
0.457
0.476
0.501
0.441
0.485
1.635
1.617
1.607
0.507
0.494
0.517
0.576
0.490
0.535
1.652
1.605
1.599
0.445
0.431
0.458
0.507
0.424
0.470
1.599
1.553
1.551
0.481
0.479
0.496
0.552
0.471
0.510
1.670
1.633
1.618
0.473
0.470
0.500
0.546
0.462
0.513
1.682
1.642
1.635
0.459
0.456
0.478
0.531
0.449
0.493
1.669
1.632
1.623
0.428
0.387
0.466
0.495
0.405
0.487
1.573
1.516
1.548
0.439
0.406
0.482
0.502
0.420
0.505
1.544
1.498
1.529
0.426
0.403
0.477
0.494
0.415
0.496
1.583
1.541
1.568
0.487
0.443
0.510
0.555
0.457
0.532
1.586
1.523
1.544
0.437
0.391
0.463
0.499
0.403
0.481
1.550
1.489
1.513
0.462
0.429
0.489
0.537
0.443
0.512
1.609
1.557
1.567
0.461
0.424
0.497
0.533
0.437
0.519
1.622
1.565
1.586
0.442
0.402
0.470
0.516
0.419
0.497
1.610
1.555
1.576
0.412
0.406
0.450
0.474
0.404
0.466
1.577
1.547
1.554
0.427
0.434
0.472
0.484
0.425
0.486
1.560
1.542
1.546
0.415
0.428
0.463
0.474
0.416
0.475
1.596
1.579
1.582
0.477
0.460
0.501
0.543
0.462
0.522
1.606
1.562
1.567
0.420
0.403
0.447
0.479
0.399
0.461
1.565
1.523
1.532
0.455
0.448
0.481
0.517
0.439
0.495
1.633
1.596
1.592
0.449
0.441
0.487
0.515
0.434
0.503
1.646
1.609
1.613
0.433
0.424
0.462
0.497
0.418
0.480
1.633
1.598
1.599
0.400
0.399
0.439
0.459
0.394
0.449
1.571
1.534
1.544
0.407
0.415
0.450
0.463
0.405
0.460
1.546
1.520
1.529
0.405
0.414
0.450
0.458
0.400
0.455
1.582
1.555
1.563
0.453
0.442
0.475
0.514
0.439
0.489
1.584
1.536
1.539
0.410
0.399
0.436
0.464
0.391
0.444
1.553
1.506
1.515
0.438
0.438
0.464
0.497
0.430
0.474
1.612
1.575
1.569
0.436
0.433
0.471
0.496
0.424
0.481
1.619
1.578
1.581
0.416
0.409
0.444
0.479
0.406
0.458
1.611
1.569
1.573
