0.820
0.988
0.962
1.412
1.457
1.462
0.570
0.687
0.818
1.642
1.688
1.727
2.857
2.888
2.858
1.206
1.257
1.300
1.692
1.673
1.646
2.377
2.450
2.449
2.869
2.929
2.926
2.466
2.653
2.660
1.516
1.542
1.541
0.795
0.986
0.910
1.932
1.759
1.814
1.401
1.429
1.337
0.794
0.956
0.895
0.920
1.013
0.954
0.441
0.701
0.626
1.592
1.685
1.674
1.812
1.796
1.857
2.386
2.560
2.477
2.180
2.139
2.193
2.249
2.394
2.363
1.699
1.673
1.742
1.280
1.482
1.293
1.452
1.206
1.496
1.656
1.651
1.664
1.416
1.532
1.543
0.844
0.840
0.856
1.691
1.586
1.662
0.758
0.805
0.867
2.184
2.061
2.250
2.258
2.346
2.413
1.231
1.255
1.280
2.637
2.561
2.633
0.687
0.830
0.753
2.549
2.651
2.636
1.159
1.249
1.275
1.670
1.566
1.663
1.853
1.930
1.961
1.384
1.368
1.371
1.804
2.004
2.025
1.074
1.077
1.081
1.203
1.336
1.288
1.994
1.847
2.014
1.541
1.479
1.539
2.667
2.725
2.697
1.207
1.366
1.362
0.684
0.786
0.791
1.463
1.600
1.603
1.087
1.190
1.194
1.565
1.679
1.669
2.587
2.457
2.546
1.685
1.603
1.716
2.524
2.591
2.607
1.876
1.707
1.856
2.014
1.921
2.074
2.454
2.368
2.448
1.642
1.692
1.813
1.498
1.506
1.520
2.712
2.762
2.921
1.040
1.127
1.148
2.274
2.370
2.373
1.982
2.044
2.114
1.538
1.469
1.500
1.883
2.052
2.153
1.867
1.927
1.889
2.037
2.019
2.055
2.178
2.305
2.315
1.162
1.464
1.455
1.967
1.988
2.040
1.243
1.329
1.371
0.879
0.857
0.870
2.518
2.474
2.554
2.719
2.749
2.777
1.717
1.860
1.917
1.454
1.564
1.545
1.767
1.926
1.906
1.570
1.637
1.654
1.694
1.759
1.863
1.443
1.503
1.550
3.145
3.237
3.230
2.332
2.517
2.450
1.683
1.646
1.785
1.256
1.359
1.434
3.453
3.413
3.641
0.634
0.842
0.759
0.854
1.093
1.073
1.335
1.411
1.374
0.829
1.019
1.034
2.319
2.269
2.323
0.888
0.869
0.904
1.833
1.921
1.934
1.154
1.222
1.220
1.992
1.982
2.028
1.683
1.741
1.729
1.619
1.530
1.657
1.677
1.801
1.954
1.792
1.697
1.787
0.805
0.859
0.849
0.261
0.362
0.419
0.619
0.997
1.020
2.380
2.478
2.605
1.692
1.822
1.788
1.927
2.097
2.100
0.647
0.725
0.731
0.811
0.717
0.822
2.390
2.491
2.496
1.587
2.131
1.796
2.786
2.812
2.859
1.335
1.462
1.450
1.176
1.402
1.196
1.065
1.087
1.034
1.057
1.210
1.191
1.375
1.432
1.387
3.067
3.114
3.139
1.019
1.126
1.104
3.629
3.571
3.746
0.642
0.678
0.715
1.986
1.903
1.953
0.861
0.947
0.933
2.262
2.376
2.358
0.940
0.997
0.990
0.605
0.847
0.720
0.805
0.854
0.861
4.263
4.277
4.278
0.778
0.894
0.818
1.933
1.996
1.963
1.226
1.308
1.303
1.514
1.624
1.621
1.999
1.963
1.977
2.468
2.374
2.494
2.308
2.322
2.358
2.331
2.300
2.324
1.962
1.851
2.017
0.933
1.050
1.018
0.474
0.625
0.669
1.358
1.069
1.443
1.464
1.500
1.518
1.188
1.243
1.269
1.115
1.185
1.191
0.954
0.940
1.013
0.910
0.985
0.973
2.650
2.802
2.754
1.299
1.231
1.313
1.230
1.242
1.220
1.054
1.175
1.289
1.054
1.259
1.281
2.031
2.110
2.109
1.639
1.608
1.670
0.921
0.974
0.984
1.219
1.200
1.270
1.344
1.374
1.346
1.776
1.767
1.804
1.417
1.525
1.489
0.366
0.468
0.464
1.583
1.681
1.741
0.679
0.608
0.721
2.103
2.041
2.086
2.199
2.155
2.143
1.120
1.425
1.424
1.218
1.353
1.280
1.757
1.797
1.787
3.106
3.064
3.161
2.033
1.989
2.058
1.911
2.022
2.084
1.167
1.255
1.245
1.574
1.735
1.696
0.667
0.832
0.826
0.983
0.941
1.028
1.453
1.414
1.480
0.653
0.820
0.780
1.507
1.485
1.520
0.857
0.993
0.975
1.805
1.745
1.722
0.714
0.724
0.776
1.403
1.377
1.427
2.035
2.036
2.058
3.773
3.748
3.784
2.185
2.160
2.157
1.827
1.946
1.921
0.538
0.541
0.591
1.419
1.478
1.492
1.574
1.693
1.741
1.868
1.916
1.914
1.857
2.047
1.956
1.366
1.379
1.297
2.036
2.168
2.063
2.036
2.190
2.063
2.036
2.173
2.063
1.768
1.695
1.832
1.696
1.653
1.716
2.103
2.153
2.199
1.112
1.222
1.241
1.310
1.359
1.390
1.396
1.441
1.474
2.008
2.075
2.095
1.849
1.836
1.864
1.264
1.461
1.396
1.286
1.496
1.420
1.266
1.334
1.373
1.674
1.720
1.718
1.523
1.637
1.625
1.651
1.585
1.666
1.452
1.571
1.575
1.555
1.631
1.651
1.936
1.969
1.991
1.834
2.077
2.043
0.817
0.890
0.884
1.386
1.456
1.429
1.826
1.731
1.792
1.997
2.084
2.070
2.274
2.157
2.343
0.869
0.967
0.961
1.378
1.476
1.422
2.405
2.464
2.450
2.555
2.581
2.683
2.452
2.577
2.689
1.223
1.114
1.238
1.152
1.161
1.232
2.704
2.746
2.803
2.826
2.880
2.924
1.291
1.347
1.411
0.922
0.974
0.949
1.564
1.513
1.460
1.068
1.142
1.140
1.892
2.094
1.999
1.144
1.210
1.250
1.830
1.973
1.936
1.567
1.636
1.600
1.458
1.676
1.624
1.867
1.863
1.825
0.930
1.058
1.091
1.376
1.558
1.533
1.443
1.642
1.691
1.721
1.834
1.798
1.724
2.030
2.080
1.286
1.345
1.338
0.918
0.970
0.999
2.056
2.128
2.052
1.144
1.181
1.154
1.735
2.005
1.702
2.119
2.122
2.120
1.222
1.338
1.372
1.404
1.500
1.468
1.829
1.874
1.999
2.165
2.206
2.139
1.331
1.458
1.468
2.188
2.335
2.414
1.619
1.607
1.800
1.104
1.237
1.327
1.405
1.543
1.504
2.696
2.736
2.760
2.045
2.036
2.159
2.608
2.658
2.682
1.139
1.142
1.217
2.331
2.428
2.452
3.255
3.439
3.532
1.912
2.036
1.992
1.836
1.710
1.849
1.216
1.315
1.339
0.853
0.873
0.861
2.554
2.535
2.526
0.760
0.826
0.803
2.194
2.343
2.335
1.329
1.247
1.344
1.455
1.557
1.589
1.600
1.627
1.646
0.817
0.918
0.946
2.038
2.069
2.087
1.704
1.684
1.707
1.731
1.696
1.846
1.819
1.945
1.932
2.151
2.148
2.177
0.754
0.938
0.988
2.011
2.174
2.238
2.884
2.947
2.966
2.208
2.329
2.326
0.595
0.684
0.569
2.838
2.787
2.934
3.212
3.239
3.269
2.022
2.100
2.079
0.830
0.868
0.881
1.884
1.774
1.906
0.911
0.996
0.858
1.380
1.367
1.442
0.883
0.957
0.977
1.501
1.588
1.578
1.442
1.479
1.478
1.623
1.685
1.683
2.010
2.063
2.023
2.010
2.063
2.023
1.023
1.155
1.201
1.544
1.609
1.637
1.066
1.132
1.077
0.656
0.742
0.756
2.071
1.941
2.076
1.361
1.276
1.365
1.841
1.782
1.812
1.445
1.608
1.561
1.611
1.671
1.685
2.985
3.090
3.098
0.761
0.840
0.846
0.907
1.000
0.991
1.873
1.820
1.871
2.937
2.716
2.934
1.732
1.786
1.790
2.358
2.411
2.510
2.978
2.952
3.001
3.503
3.472
3.522
0.859
1.057
1.047
1.475
1.368
1.550
1.027
1.146
1.081
2.931
2.946
3.093
0.950
1.016
1.070
2.298
2.361
2.319
2.177
2.047
2.245
3.964
4.034
4.017
0.480
0.562
0.534
1.297
1.398
1.403
1.334
1.344
1.346
0.941
0.959
0.947
1.571
1.665
1.657
1.425
1.503
1.488
3.432
3.325
3.378
2.322
2.247
2.272
1.003
1.021
1.086
1.812
1.856
1.863
1.919
2.001
2.066
2.018
2.055
2.035
2.991
2.965
2.962
1.925
1.997
1.932
1.762
1.747
1.741
0.779
0.716
0.769
0.794
0.948
0.948
1.930
1.910
1.979
0.659
0.808
0.814
1.259
1.388
1.417
1.659
1.718
1.780
2.690
2.794
2.798
2.564
2.710
2.611
1.157
1.441
1.529
2.560
2.582
2.660
2.643
2.686
2.656
1.402
1.459
1.448
1.469
1.525
1.542
2.360
2.476
2.492
2.134
2.252
2.215
0.369
0.433
0.446
1.944
1.961
2.013
1.361
1.347
1.355
0.807
0.887
0.940
1.229
1.366
1.379
1.605
1.638
1.633
2.258
2.368
2.375
2.080
2.007
2.054
0.633
0.724
0.795
2.093
1.941
2.006
2.160
2.060
2.224
1.711
1.667
1.711
1.948
2.057
2.018
1.528
1.631
1.608
1.817
1.872
1.775
2.019
2.042
2.128
1.970
1.993
2.000
1.625
1.702
1.731
4.260
4.302
4.353
2.297
2.332
2.293
1.732
1.798
1.729
1.061
1.150
1.202
0.911
0.981
1.052
0.402
0.556
0.456
0.413
0.473
0.472
1.353
1.370
1.428
1.654
1.772
1.708
1.244
1.736
1.738
1.677
1.729
1.734
0.789
0.865
0.870
2.717
2.603
2.660
2.784
2.832
2.773
2.285
2.310
2.327
1.605
1.702
1.703
2.928
2.815
2.885
1.009
1.236
1.187
1.782
1.733
1.722
1.328
1.758
1.387
1.000
1.076
1.059
1.244
1.299
1.289
1.144
1.293
1.324
1.571
1.674
1.695
2.934
2.999
3.025
1.469
1.536
1.903
2.030
2.104
2.083
2.429
2.583
2.498
2.195
2.575
2.635
1.064
1.129
1.142
1.438
1.387
1.441
2.864
2.780
2.919
1.825
2.039
2.058
1.354
1.500
1.483
0.647
0.661
0.623
2.831
2.756
2.925
0.900
1.006
1.228
1.716
1.637
1.761
1.655
1.639
1.686
1.422
1.483
1.501
1.882
1.945
1.945
1.885
1.980
1.974
0.570
0.757
0.725
0.849
1.090
1.109
1.430
1.576
1.563
2.717
2.761
2.731
1.572
1.736
1.655
1.151
1.217
1.248
1.630
1.850
1.820
0.908
1.016
1.063
0.874
1.063
1.102
1.997
2.003
2.057
2.149
2.111
2.165
2.453
2.508
2.521
1.042
1.140
1.068
1.278
1.421
1.385
0.735
0.811
0.871
2.603
2.432
2.566
1.709
1.616
1.728
2.780
2.867
2.890
2.153
2.383
2.559
1.856
1.856
1.908
2.436
2.465
2.478
1.807
1.852
1.830
1.953
1.912
1.949
2.019
2.093
2.086
2.451
2.449
2.532
2.823
2.842
2.873
1.352
1.483
1.462
1.376
1.455
1.429
0.745
0.990
0.954
1.930
1.947
1.914
1.918
1.807
1.932
1.660
1.724
1.707
1.378
1.430
1.404
1.232
1.332
1.402
1.295
1.373
1.366
1.136
1.183
1.216
1.859
1.945
1.996
1.247
1.305
1.299
1.247
1.305
1.299
3.004
2.947
2.957
0.654
0.784
0.735
1.625
1.663
1.655
1.400
1.440
1.473
2.066
1.989
2.090
2.605
2.689
2.695
0.654
0.784
0.735
1.940
1.865
1.966
3.636
3.574
3.611
0.635
0.771
0.770
3.342
3.437
3.438
0.889
0.979
0.935
1.716
1.741
1.757
1.524
1.585
1.588
1.459
1.525
1.480
1.080
1.120
1.161
1.015
1.210
1.214
1.215
1.277
1.319
1.646
1.748
1.706
1.426
1.589
1.617
1.178
1.272
1.322
1.208
1.156
1.194
1.448
1.515
1.614
1.808
1.894
1.804
1.485
1.672
1.657
1.817
1.801
1.858
3.083
3.216
3.215
1.678
1.636
1.701
3.182
3.662
3.219
2.513
2.683
2.559
1.282
1.356
1.347
1.264
1.439
1.393
0.990
1.082
1.070
0.801
1.064
1.057
2.668
2.643
2.651
2.939
2.969
2.972
2.563
2.639
2.633
2.197
2.254
2.247
2.379
2.446
2.349
2.187
2.174
2.224
1.239
1.291
1.240
1.963
2.008
2.227
0.989
1.094
1.092
1.290
1.164
1.293
0.395
0.415
0.516
1.468
1.606
1.532
1.322
1.465
1.452
1.865
1.910
1.908
1.140
1.167
1.203
1.878
1.739
1.923
1.148
1.233
1.209
0.668
0.753
0.726
1.483
1.668
1.662
1.209
1.295
1.258
1.770
1.866
1.806
1.555
1.684
1.722
2.051
1.934
1.964
1.803
1.837
1.800
2.317
2.348
2.354
1.405
1.525
1.556
2.192
2.034
2.192
0.771
0.911
0.886
0.771
0.911
0.886
2.907
2.901
3.006
2.340
2.481
2.496
1.758
1.911
1.881
0.523
0.735
0.727
1.876
2.146
2.105
2.185
2.063
2.234
1.278
1.367
1.367
0.896
1.004
1.021
1.582
1.576
1.594
0.976
1.191
1.094
0.568
0.773
0.680
2.056
2.081
2.092
3.319
3.400
3.412
0.929
0.952
0.956
1.874
1.933
1.956
1.564
1.588
1.666
0.420
0.639
0.618
1.903
1.934
1.931
1.434
1.650
1.623
2.656
2.780
2.868
2.575
2.602
2.579
3.247
3.259
3.259
2.029
1.939
2.051
2.288
2.461
2.448
2.288
2.477
2.448
1.297
1.334
1.332
2.740
2.726
2.765
2.397
2.600
2.602
2.010
2.134
2.048
0.891
0.912
0.968
1.774
1.901
1.911
1.103
1.245
1.268
2.417
2.643
2.531
1.288
1.343
1.328
2.423
2.509
2.509
2.739
2.650
2.612
3.148
3.265
3.216
2.653
2.719
2.721
3.419
3.299
3.378
0.936
1.002
1.003
1.963
2.017
1.995
1.476
1.529
1.572
1.668
1.807
1.727
1.243
1.337
1.275
2.139
2.233
2.209
1.648
1.752
1.780
0.915
0.985
0.982
1.864
2.022
2.079
1.864
2.058
2.114
1.472
1.463
1.520
1.281
1.308
1.157
1.501
1.534
1.590
1.117
1.136
1.149
0.436
0.559
0.577
1.570
1.744
1.800
1.313
1.236
1.257
1.154
0.954
1.135
1.558
1.619
1.699
1.514
1.516
1.452
2.153
2.037
2.175
1.796
1.936
1.955
1.330
1.485
1.480
0.738
0.742
0.775
1.054
1.140
1.125
1.407
1.659
1.642
2.158
2.382
2.249
2.219
2.305
2.267
0.997
1.039
1.050
1.280
1.358
1.388
1.217
1.335
1.304
2.438
2.478
2.708
1.254
1.270
1.219
1.329
1.394
1.417
1.225
1.458
1.335
2.255
2.345
2.308
1.614
1.758
1.674
3.107
3.153
3.108
2.865
2.800
2.868
2.879
2.963
2.956
1.416
1.456
1.450
1.164
1.230
1.197
0.720
0.755
0.774
1.710
1.712
1.643
2.069
2.202
2.184
2.256
2.350
2.267
1.189
1.183
1.220
1.490
1.686
1.762
1.026
1.108
1.131
1.679
1.791
1.801
0.598
0.667
0.682
0.714
0.833
0.854
1.511
1.628
1.614
0.941
0.998
0.969
2.515
2.528
2.522
2.061
2.040
2.088
2.645
2.796
2.989
2.207
2.271
2.261
2.269
2.306
2.337
1.395
1.512
1.511
1.369
1.394
1.426
2.500
2.327
2.432
1.045
1.095
1.081
0.704
0.807
0.854
1.707
1.818
1.789
1.680
1.688
1.758
1.204
1.304
1.329
0.633
0.715
0.744
1.351
1.383
1.455
2.310
2.389
2.397
1.767
1.912
1.919
0.875
1.042
1.019
1.505
1.471
1.524
0.690
0.751
0.745
0.692
0.878
0.801
0.692
0.881
0.801
1.177
1.232
1.245
3.421
3.502
3.467
0.938
1.019
1.008
1.120
1.324
1.248
2.640
2.726
2.647
3.101
3.163
3.160
2.448
2.359
2.429
2.099
2.183
2.235
2.009
1.973
2.064
2.051
2.114
2.236
1.299
1.177
1.289
2.102
2.128
2.045
1.160
1.123
1.176
1.209
1.078
1.179
2.079
1.904
2.107
1.135
1.280
1.247
0.963
1.022
1.006
1.754
1.687
1.842
1.347
1.363
1.366
1.511
1.593
1.620
2.185
2.125
2.229
3.554
3.646
3.728
0.650
0.672
0.717
0.925
0.995
1.040
0.230
0.309
0.327
0.860
0.998
0.946
1.816
1.755
1.859
1.470
1.503
1.484
2.862
3.288
3.254
0.420
0.676
0.647
1.669
1.722
1.747
1.032
1.175
1.171
1.028
1.074
1.035
2.510
2.710
2.653
2.620
2.529
2.634
1.793
1.749
1.797
1.201
1.295
1.276
2.448
2.440
2.479
0.824
0.807
0.802
1.732
1.728
1.716
1.447
1.518
1.527
1.972
1.907
1.894
2.849
2.826
2.852
2.416
2.476
2.469
0.678
0.730
0.684
2.872
2.892
2.904
1.431
1.414
1.426
1.420
1.650
1.948
2.604
2.774
2.642
1.341
1.443
1.439
1.141
1.134
1.154
1.123
1.207
1.219
2.256
2.245
2.368
2.272
2.482
2.495
2.279
2.328
2.349
1.208
1.228
1.328
1.540
1.592
1.669
1.481
1.545
1.524
1.806
1.959
1.876
1.673
1.736
1.783
0.632
0.751
0.733
1.519
1.479
1.540
2.244
2.529
2.610
0.926
0.873
0.875
3.082
3.048
3.099
1.015
1.052
1.059
1.124
1.154
1.183
1.450
1.486
1.491
2.037
2.066
2.067
1.230
1.144
1.195
2.139
2.225
2.221
4.067
3.942
4.089
0.990
1.126
1.159
2.481
2.596
2.617
0.948
1.074
1.003
0.631
0.985
0.740
0.652
0.747
0.739
3.828
3.809
3.955
1.264
1.291
1.263
1.236
1.404
1.348
1.896
2.015
1.995
0.806
0.918
0.948
1.526
1.590
1.570
2.181
2.165
2.244
0.770
1.057
1.095
1.237
1.281
1.265
0.745
0.871
0.851
2.741
2.766
2.784
2.530
2.533
2.523
1.111
1.222
1.260
3.170
3.237
3.302
1.299
1.345
1.281
1.299
1.436
1.281
1.929
2.111
1.947
1.671
1.515
1.693
1.239
1.320
1.309
1.239
1.317
1.300
1.263
1.306
1.279
1.332
1.338
1.341
1.259
1.305
1.315
1.958
1.922
1.960
1.771
1.702
1.827
1.651
1.905
1.741
1.223
1.221
1.225
3.974
3.932
4.046
0.487
0.670
0.650
1.370
1.403
1.383
0.882
1.088
1.000
0.856
0.898
0.884
0.856
0.898
0.884
1.606
1.583
1.636
2.012
1.937
1.990
1.423
1.480
1.511
2.741
2.654
2.728
2.849
2.702
2.740
1.070
1.176
1.172
2.388
2.574
2.382
1.217
1.037
1.083
1.778
1.888
1.870
0.540
0.713
0.699
2.702
2.676
2.719
2.708
2.634
2.778
1.184
1.332
1.193
1.117
1.242
1.190
1.143
1.312
1.289
2.878
3.013
2.883
1.610
1.689
1.843
1.401
1.364
1.376
0.343
0.487
0.460
1.627
1.624
1.703
1.993
2.073
2.066
3.278
3.130
3.281
0.735
0.887
0.822
0.753
1.191
1.157
1.238
1.457
1.537
1.695
1.718
1.770
0.833
0.888
0.869
0.893
0.915
0.919
1.130
1.184
1.159
1.548
1.665
1.701
2.209
2.249
2.248
2.673
2.709
2.603
2.190
2.251
2.217
1.063
1.092
1.109
0.960
0.985
0.974
0.940
1.037
1.010
1.373
1.339
1.444
1.430
1.426
1.452
1.511
1.532
1.522
1.244
1.002
1.170
1.462
1.472
1.531
0.534
0.794
0.770
0.681
0.797
0.722
1.707
1.887
1.827
1.846
1.792
1.864
1.742
1.986
2.343
1.885
2.137
2.530
1.742
1.986
2.343
1.885
2.137
2.530
1.885
2.137
2.530
1.742
1.986
2.343
1.690
1.921
2.243
1.201
1.234
1.259
1.705
1.755
1.718
1.390
1.361
1.400
1.134
1.211
1.155
1.573
1.703
1.724
1.982
2.063
2.142
0.661
0.822
0.853
1.297
1.310
1.303
1.007
1.040
1.050
2.287
2.335
2.318
2.498
2.580
2.925
1.152
1.249
1.183
1.415
1.454
1.389
0.889
0.985
0.887
1.792
1.789
1.737
1.416
1.460
1.444
2.901
2.867
2.886
1.083
1.061
1.029
1.630
1.579
1.579
1.682
1.465
1.800
0.785
0.962
0.865
0.990
1.093
1.054
1.942
1.810
1.974
1.687
1.761
1.763
0.814
0.850
0.940
1.598
1.611
1.721
1.361
1.416
1.377
2.142
2.163
2.220
1.857
1.972
1.968
1.857
1.972
1.968
1.873
1.699
1.858
0.506
0.549
0.577
1.271
1.352
1.337
2.758
2.762
2.819
1.997
2.222
2.191
1.401
1.307
1.479
1.681
1.827
1.764
0.588
0.800
0.735
1.769
1.725
1.731
2.311
2.263
2.281
0.747
0.888
0.800
1.890
1.846
1.888
1.189
1.313
1.285
2.002
2.055
2.076
1.116
1.062
1.122
1.320
1.310
1.383
2.748
2.662
2.713
1.640
1.556
1.525
1.995
2.034
2.039
1.672
1.683
1.681
0.846
0.796
0.813
1.647
1.625
1.584
0.873
1.059
1.026
0.673
0.745
0.738
3.467
3.495
3.576
2.109
2.161
2.169
1.477
1.530
1.565
1.191
1.266
1.243
0.463
0.593
0.578
1.149
1.107
1.140
0.874
1.239
1.508
1.855
2.022
2.049
3.299
3.585
3.361
1.538
1.584
1.641
2.116
2.113
2.056
1.896
1.875
1.872
1.438
1.487
1.485
1.863
1.846
1.824
2.092
2.206
2.175
1.007
1.009
1.010
1.480
1.507
1.582
1.854
1.831
1.798
1.890
1.900
1.907
1.088
1.054
1.135
1.344
1.408
1.361
1.062
1.154
1.126
0.788
0.776
0.766
3.020
3.028
3.090
0.959
0.991
0.998
0.990
1.039
1.090
1.290
1.217
1.373
1.032
1.084
1.046
1.810
1.846
1.827
1.971
1.947
2.117
1.325
1.475
1.594
0.665
0.860
0.818
2.003
1.926
1.984
0.710
0.831
0.854
2.489
2.523
2.599
2.682
2.724
2.748
0.853
0.974
0.949
0.743
0.806
0.814
1.499
1.780
1.740
1.788
1.887
1.821
2.195
2.192
2.258
2.015
2.007
1.983
2.246
2.292
2.291
1.612
1.692
1.704
3.837
3.786
3.891
0.991
1.002
1.094
0.962
1.164
1.476
1.237
1.440
1.454
0.790
0.708
0.850
2.298
2.330
2.304
1.145
1.099
1.131
0.720
0.693
0.714
1.494
1.501
1.480
3.311
3.258
3.322
1.163
1.293
1.289
1.414
1.468
1.497
1.310
1.506
1.597
0.772
0.871
0.850
0.915
1.021
1.045
2.244
2.133
2.266
0.767
0.848
0.823
1.794
1.742
1.761
1.522
1.512
1.570
0.825
0.857
0.869
0.825
0.850
0.929
0.749
0.893
0.895
2.147
2.267
2.198
1.077
1.181
1.222
1.389
1.382
1.400
1.000
1.027
1.072
1.774
1.747
1.860
2.104
2.123
2.052
1.026
1.069
1.122
0.843
0.752
0.846
1.782
1.733
1.812
1.622
1.734
1.721
1.987
1.971
1.950
1.026
1.069
1.122
1.731
1.782
1.762
1.005
1.047
1.099
1.005
1.047
1.099
1.005
1.047
1.099
0.896
0.977
0.990
1.005
1.047
1.099
1.097
1.140
1.146
0.849
0.914
0.929
1.846
1.893
2.007
1.026
1.069
1.122
1.144
1.169
1.169
0.778
0.901
0.847
2.452
2.417
2.470
1.357
1.407
1.411
2.941
2.861
2.912
1.005
1.047
1.099
1.220
1.028
1.186
1.819
1.848
1.850
1.703
1.710
1.718
1.477
1.618
1.579
2.234
2.264
2.272
0.854
1.118
1.029
2.357
2.303
2.343
4.191
4.156
4.190
1.412
1.292
1.443
0.719
0.912
0.861
0.555
0.711
0.610
0.723
0.887
0.802
0.965
1.063
1.113
1.570
1.548
1.677
0.586
0.626
0.670
1.037
1.312
1.281
2.241
2.300
2.284
1.905
1.908
1.943
1.947
1.999
1.957
0.550
0.681
0.668
1.023
1.256
1.167
1.425
1.543
1.536
1.853
1.885
1.912
1.983
2.051
2.050
1.086
1.245
1.269
1.558
1.621
1.627
1.946
1.969
1.969
1.439
1.413
1.428
2.180
2.213
2.268
1.327
1.216
1.237
2.470
2.571
2.550
1.601
1.546
1.606
1.976
1.951
2.071
1.334
1.375
1.385
1.516
1.548
1.559
1.046
1.212
1.202
1.899
1.906
1.917
0.770
0.881
0.847
1.344
1.664
1.811
1.312
1.330
1.334
1.863
1.956
1.920
1.516
1.543
1.529
1.273
1.349
1.398
0.942
0.934
0.936
1.696
1.709
1.700
2.189
2.110
2.095
0.576
0.654
0.615
1.600
1.563
1.608
0.691
0.779
0.785
0.446
0.622
0.529
1.391
1.566
1.536
1.738
1.711
1.816
1.320
1.524
1.498
2.387
2.586
2.637
1.956
1.929
1.954
1.039
1.145
1.120
1.884
1.828
1.839
0.555
0.711
0.610
2.110
1.966
2.026
1.550
1.571
1.556
0.489
0.522
0.589
0.531
0.594
0.632
1.056
1.092
1.127
0.812
0.845
0.853
0.837
0.883
0.878
1.139
1.171
1.199
1.376
1.359
1.421
1.178
1.226
1.170
0.618
0.683
0.687
0.615
0.584
0.640
0.807
0.846
0.836
1.295
1.408
1.309
0.821
0.947
0.960
1.641
1.641
1.707
0.527
0.699
0.594
2.203
2.194
2.229
1.685
1.601
1.661
0.933
0.986
0.987
0.183
0.468
0.440
1.891
1.917
1.953
0.829
0.809
1.012
0.760
0.804
0.795
1.891
1.994
1.911
2.630
2.739
2.741
0.560
0.654
0.701
1.039
1.198
1.173
0.724
0.849
0.886
0.724
0.849
0.886
1.926
1.974
2.004
1.353
1.231
1.326
2.611
2.635
2.647
0.993
1.056
0.994
2.080
2.079
2.175
0.886
0.822
0.870
1.432
1.374
1.456
0.997
1.074
1.096
0.750
0.665
0.751
2.101
2.069
2.130
1.566
1.608
1.630
3.418
3.839
3.352
1.123
1.159
1.157
2.163
2.106
2.195
1.833
1.931
1.868
0.667
0.807
0.815
0.921
0.959
0.990
1.071
1.043
1.065
2.447
2.491
2.506
1.243
1.268
1.305
1.918
1.880
1.914
1.539
1.677
1.616
1.015
1.042
1.037
1.130
1.161
1.160
1.405
1.566
1.592
1.436
1.560
1.646
1.130
1.161
1.160
1.015
1.042
1.037
1.195
1.179
1.187
1.123
1.159
1.157
2.326
2.315
2.358
1.750
1.845
1.871
0.743
0.971
0.891
1.672
1.714
1.697
1.130
1.161
1.160
1.370
1.428
1.429
1.367
1.345
1.386
0.577
0.734
0.731
1.130
1.161
1.160
0.949
1.054
1.039
1.678
1.873
1.749
1.834
1.783
1.798
1.153
1.200
1.192
2.289
2.403
2.180
1.829
1.726
1.847
1.503
1.485
1.557
1.795
1.794
1.810
1.956
1.831
1.968
1.126
1.224
1.232
1.443
1.650
1.550
3.536
3.589
3.572
1.463
1.645
1.682
3.032
3.070
3.097
1.422
1.449
1.412
0.865
0.910
0.917
1.236
1.151
1.372
3.377
3.349
3.396
1.075
1.036
1.120
1.974
1.857
2.024
1.488
1.537
1.525
2.059
2.004
2.045
2.436
2.420
2.636
1.179
1.261
1.272
1.641
1.722
1.687
1.020
1.206
1.174
0.933
0.982
0.964
0.631
0.764
0.753
2.786
2.944
2.928
1.229
1.197
1.147
1.454
1.410
1.401
3.125
3.151
3.142
1.939
1.922
1.958
0.323
0.370
0.370
1.470
1.531
1.559
2.468
2.381
2.494
0.916
1.080
1.044
0.916
1.011
1.044
1.533
1.649
1.588
0.779
0.939
0.905
1.569
1.568
1.596
1.347
1.431
1.423
1.393
1.333
1.347
1.638
1.723
1.700
0.582
0.618
0.631
1.130
1.161
1.160
1.130
1.161
1.160
1.008
1.035
1.030
0.724
0.790
0.851
1.675
1.704
1.734
1.273
1.364
1.466
1.585
1.667
1.664
0.550
0.749
0.763
1.552
1.561
1.524
0.819
0.993
0.969
0.549
0.719
0.700
1.860
1.922
1.963
2.150
2.106
2.147
1.247
1.281
1.301
1.239
1.267
1.322
1.384
1.672
1.540
1.345
1.272
1.346
1.418
1.379
1.464
1.637
1.770
1.738
1.444
1.527
1.505
1.444
1.659
1.615
0.986
0.999
1.014
0.986
1.000
1.035
1.276
1.519
1.360
2.038
2.042
2.030
1.073
1.068
1.131
1.016
1.046
1.044
1.642
1.439
1.577
1.140
0.925
1.110
1.761
1.648
1.729
2.179
2.116
2.157
1.305
1.343
1.329
3.161
3.203
3.241
1.293
1.616
1.521
1.118
1.066
1.144
0.663
0.646
0.685
0.476
0.562
0.561
1.355
1.253
1.322
0.374
0.443
0.464
0.994
1.140
1.103
0.821
0.816
0.816
0.714
0.811
0.778
2.264
2.285
2.299
1.897
1.998
1.902
1.298
1.085
1.198
0.767
0.668
0.813
1.084
1.125
1.181
1.132
1.385
1.435
0.847
0.898
0.950
1.291
1.388
1.327
1.988
2.008
2.013
2.242
2.298
2.217
2.122
2.119
2.103
0.714
0.740
0.736
1.011
1.181
1.102
1.433
1.426
1.400
1.972
2.023
1.979
1.256
1.343
1.332
1.694
1.704
1.706
1.316
1.433
1.395
1.096
1.219
1.231
0.842
0.970
0.945
0.844
0.878
0.875
0.923
0.995
0.957
0.844
0.878
0.875
0.907
0.958
0.958
0.844
0.878
0.875
1.904
1.927
1.947
1.918
1.935
1.921
1.216
1.363
1.386
0.826
0.857
0.849
0.959
0.901
0.967
0.732
0.830
0.834
1.005
0.973
0.982
1.980
1.909
2.058
1.725
1.725
1.731
0.933
1.190
1.126
1.680
1.820
1.764
2.215
2.247
2.315
2.233
2.380
2.532
2.064
1.945
1.947
1.113
1.162
1.180
0.918
1.101
1.021
3.144
3.230
3.134
2.795
2.786
2.823
1.067
1.346
1.481
1.743
1.900
1.883
1.873
1.795
1.792
1.195
1.408
1.358
1.904
1.977
1.965
1.245
1.180
1.281
1.009
1.139
1.166
2.604
2.651
2.637
1.211
1.313
1.282
1.875
1.851
1.908
0.631
0.760
0.841
0.708
0.737
0.754
1.086
1.292
1.290
1.877
1.877
1.838
1.664
1.738
1.765
1.052
1.088
1.071
1.663
1.829
1.848
2.537
2.557
2.515
0.962
1.184
1.108
0.675
0.744
0.848
1.960
1.934
1.922
2.270
2.360
2.393
1.465
1.920
1.434
1.281
1.217
1.184
1.277
1.331
1.342
0.454
0.518
0.549
1.891
2.019
1.931
1.424
1.462
1.418
2.192
2.374
2.167
2.077
2.038
2.143
1.444
1.378
1.543
0.987
1.179
1.152
1.083
1.286
1.228
2.230
2.476
2.236
0.858
0.909
0.901
0.544
0.604
0.620
0.924
0.938
0.967
2.413
2.410
2.366
2.550
2.447
2.546
1.301
1.233
1.277
0.875
1.006
1.053
0.416
0.562
0.469
1.409
1.475
1.448
0.998
1.080
1.051
0.858
0.909
0.901
2.091
2.136
2.173
1.562
1.571
1.631
1.423
1.427
1.406
0.310
0.580
0.564
1.279
1.303
1.338
1.532
1.590
1.546
0.691
0.612
0.647
1.777
1.850
1.863
1.648
1.631
1.797
0.856
0.894
0.891
1.591
1.611
1.646
1.897
1.975
1.962
1.265
1.356
1.278
1.157
1.249
1.264
1.314
1.253
1.386
0.301
0.402
0.439
0.669
0.865
0.837
1.840
1.813
1.864
1.313
1.331
1.398
1.503
1.509
1.540
1.428
1.348
1.509
0.689
0.846
0.761
1.667
1.905
1.856
2.940
2.868
2.857
1.207
1.199
1.207
0.467
0.569
0.483
1.358
1.411
1.573
1.720
1.697
1.709
0.864
0.897
0.928
1.161
1.085
1.264
1.727
1.776
1.770
1.353
1.280
1.433
1.498
1.623
1.597
0.640
0.763
0.706
1.285
1.330
1.363
1.464
1.487
1.558
1.352
1.477
1.513
1.043
1.417
1.266
2.506
2.522
2.621
2.279
2.200
2.252
2.057
2.061
2.095
1.810
1.855
1.866
1.686
1.505
1.649
1.957
1.788
1.893
0.779
0.907
0.819
2.176
2.322
2.209
1.414
1.644
1.509
0.947
1.137
1.148
1.748
1.790
1.815
1.093
1.148
1.144
0.941
1.187
1.145
1.098
0.966
1.144
2.492
2.558
2.534
1.974
2.071
2.098
1.086
1.139
1.151
0.944
1.019
1.045
1.844
1.815
1.821
2.364
2.395
2.394
1.054
1.052
1.072
1.764
1.883
1.832
1.351
1.264
1.242
2.253
2.141
2.284
1.593
1.672
1.616
0.991
1.024
1.050
0.741
0.797
0.800
1.428
1.271
1.422
1.088
0.995
1.089
1.051
1.030
1.106
1.333
1.275
1.340
1.048
0.947
1.016
1.027
1.381
1.234
2.172
2.042
2.129
1.460
1.535
1.531
1.603
1.591
1.696
1.611
1.659
1.868
1.138
1.278
1.350
1.330
1.290
1.349
0.244
0.710
0.665
1.270
1.331
1.342
0.902
1.045
1.033
1.112
1.279
1.276
1.079
1.124
1.087
1.668
1.969
1.721
2.138
2.089
2.106
3.376
3.674
3.368
1.040
1.110
1.116
0.896
0.927
0.967
1.826
1.907
1.871
0.856
1.061
0.905
1.588
1.548
1.618
2.024
2.199
2.226
1.297
1.313
1.298
0.723
0.758
0.784
0.759
0.736
0.790
1.570
1.613
1.618
0.806
0.870
0.767
2.242
2.248
2.312
1.569
1.683
1.699
0.978
1.041
0.976
0.950
0.962
0.964
1.561
1.607
1.656
2.878
2.912
2.918
1.892
1.921
1.986
2.352
2.388
2.407
1.719
1.893
1.927
1.440
1.368
1.413
1.216
1.290
1.297
1.803
1.801
1.820
1.168
1.194
1.193
1.675
1.665
1.749
1.147
1.149
1.095
1.866
1.848
1.883
2.421
2.320
2.444
1.997
2.014
2.017
1.440
1.457
1.444
1.100
1.096
1.092
1.063
1.150
1.113
1.381
1.385
1.291
1.603
1.613
1.610
1.534
1.851
1.658
2.037
2.044
2.241
1.166
1.452
1.209
0.824
0.926
0.875
0.957
0.958
1.046
1.747
1.802
1.674
3.089
3.121
3.119
2.029
2.148
2.106
2.398
2.603
2.617
1.042
1.122
1.165
0.945
1.255
0.987
0.867
0.941
0.942
1.803
1.851
1.886
0.395
0.488
0.506
0.906
1.002
1.013
1.924
1.974
2.044
0.448
0.555
0.572
