1.440
1.551
1.430
2.909
3.025
2.946
1.106
1.339
1.188
1.391
1.416
1.391
1.017
1.105
0.770
1.068
1.170
1.177
0.963
1.132
0.954
3.576
3.577
3.482
2.010
2.108
2.034
1.596
1.706
1.662
1.776
1.943
1.801
0.727
0.864
0.818
1.163
1.237
1.206
1.528
1.675
1.603
1.757
1.833
1.833
0.729
0.926
1.399
0.797
1.011
0.930
1.420
1.504
1.462
2.006
2.398
2.532
1.163
1.393
1.356
1.005
1.160
1.020
2.282
2.355
2.278
2.956
3.034
2.973
2.204
2.407
2.337
0.952
1.183
1.130
1.383
1.410
1.365
1.106
1.175
1.097
1.000
1.233
1.083
1.613
1.838
2.013
1.353
1.573
1.482
1.707
1.986
1.723
2.153
2.372
2.191
1.855
1.906
1.821
1.591
1.852
1.738
2.207
2.344
2.275
1.804
2.092
1.682
1.405
1.559
1.454
1.339
1.327
1.273
1.199
1.473
1.374
1.407
1.353
1.238
0.863
1.194
0.998
0.818
0.967
0.820
2.233
2.159
2.065
0.947
1.302
1.079
1.657
1.885
1.710
1.609
1.799
1.677
1.528
1.751
1.682
0.805
1.037
0.866
1.761
1.941
1.826
2.493
2.535
2.523
2.204
2.387
2.195
2.327
2.505
2.387
1.553
1.566
1.491
0.966
0.995
0.919
1.480
1.681
1.597
1.414
1.645
1.326
0.917
1.064
0.994
1.539
1.668
1.299
0.938
1.131
1.040
2.788
2.913
2.855
2.382
2.391
2.333
2.429
2.515
2.416
1.313
1.627
1.487
2.219
2.207
2.101
0.602
0.993
0.679
2.482
2.675
2.596
2.716
2.808
2.645
1.212
1.278
1.104
1.196
1.503
1.304
0.860
0.915
0.849
0.860
0.967
0.879
1.422
1.537
1.478
2.289
2.426
2.373
1.597
1.729
1.623
0.972
0.989
1.012
0.996
1.151
1.078
1.928
2.058
2.070
1.947
2.276
2.225
2.221
2.294
2.273
1.206
1.312
1.251
0.830
0.878
0.465
1.179
1.273
1.065
1.906
1.821
1.762
3.386
3.526
3.430
0.740
0.874
0.814
1.812
1.955
1.900
1.078
1.199
1.002
1.723
1.792
1.831
0.604
0.994
0.813
1.173
1.313
1.234
1.095
1.205
1.171
1.415
1.537
1.375
2.709
2.731
2.699
2.693
2.825
2.718
1.646
1.745
1.707
2.088
2.190
2.126
2.177
2.211
2.188
0.970
1.067
0.944
2.179
2.280
2.188
0.903
1.265
0.968
0.595
0.875
0.599
1.747
1.836
1.759
1.523
1.610
1.569
1.746
1.866
1.818
1.113
1.381
1.236
1.392
1.435
1.416
2.374
2.629
2.523
1.050
1.148
1.082
1.409
1.468
1.457
0.859
0.959
0.912
1.451
1.634
1.528
1.546
1.847
1.859
1.837
1.953
1.924
1.092
1.211
1.112
0.844
1.107
0.994
1.829
1.944
1.926
0.691
0.958
0.699
1.605
1.726
1.647
1.028
1.149
1.068
1.280
1.315
1.288
0.893
1.104
1.081
0.958
0.903
0.942
2.333
2.438
2.370
2.653
3.016
2.649
3.085
3.148
3.074
1.556
1.675
1.610
2.582
2.674
2.644
2.090
2.268
2.101
1.340
1.451
1.418
1.918
2.079
2.000
1.695
1.720
1.731
1.545
1.645
1.521
1.353
1.642
1.440
1.759
1.923
1.793
1.687
1.745
1.678
2.013
2.050
1.963
2.313
2.402
2.345
0.564
0.746
0.674
1.928
2.075
1.893
1.593
2.009
1.922
1.792
1.830
1.719
1.633
2.077
1.855
1.353
1.573
1.482
2.590
2.791
2.629
2.711
2.784
2.840
1.909
2.098
1.987
0.567
0.802
0.616
1.145
1.273
1.140
1.559
1.711
1.619
0.999
1.012
0.903
1.197
1.187
1.085
1.902
1.859
1.731
1.393
1.494
1.413
1.923
2.017
1.956
1.228
1.221
1.076
1.848
1.995
1.961
0.846
1.148
0.894
1.802
1.912
1.822
1.260
1.371
1.305
1.200
1.575
1.331
1.448
1.562
1.478
0.949
1.157
1.014
1.883
1.949
1.994
2.149
2.320
2.265
1.421
1.481
1.305
0.790
0.799
0.780
1.180
1.256
1.218
0.802
0.861
0.823
1.448
1.513
1.484
2.172
2.275
2.211
1.367
1.599
1.524
1.433
1.487
1.460
1.386
1.486
1.394
0.908
0.932
0.904
1.560
1.669
1.586
1.662
1.827
1.732
1.275
1.485
1.428
0.816
1.098
0.950
2.279
2.591
2.435
2.200
2.295
2.222
1.023
1.023
0.936
1.614
1.501
1.324
2.459
2.518
2.490
1.353
1.659
1.502
2.664
2.713
2.672
1.881
2.002
1.995
1.463
1.543
1.516
2.170
2.235
2.066
1.681
2.168
1.781
0.416
0.508
0.433
0.938
0.974
0.969
0.872
1.065
0.905
2.171
2.328
2.224
0.696
0.995
0.749
0.945
1.071
1.329
0.790
1.859
0.787
0.812
1.042
0.944
0.631
1.060
0.797
1.823
1.865
1.765
1.446
1.434
1.404
1.749
1.853
1.764
1.126
1.192
1.018
2.781
2.915
2.951
1.865
1.955
2.002
1.450
1.634
1.559
1.079
1.420
1.299
0.643
1.232
1.065
0.791
0.986
0.942
2.203
2.246
2.161
1.705
1.787
1.695
2.210
2.789
2.113
1.479
1.595
1.306
1.128
1.264
1.095
1.432
1.470
1.427
0.983
1.333
1.054
1.477
1.603
1.556
1.280
1.461
1.888
1.711
1.774
1.681
0.863
1.203
1.009
2.822
2.970
2.889
2.204
2.422
2.294
1.822
1.942
1.812
1.592
1.638
1.486
1.796
1.822
1.709
0.736
0.759
0.738
0.675
0.829
0.749
1.243
1.406
1.351
0.996
1.104
1.032
2.610
2.686
2.637
1.337
1.566
1.408
1.734
1.942
1.866
1.237
1.310
1.203
1.501
1.659
1.559
1.000
1.111
0.984
0.822
0.970
0.732
1.010
1.228
1.098
0.942
1.085
1.001
1.727
1.703
1.695
1.390
1.640
1.372
1.082
1.100
1.070
1.816
1.893
1.896
0.932
1.041
1.004
0.952
1.163
1.044
1.503
1.514
1.376
2.073
2.247
2.191
0.840
1.036
0.990
2.163
2.258
2.232
1.069
1.116
0.801
1.745
1.834
1.820
1.484
1.566
1.431
1.307
1.595
1.535
2.023
2.166
2.038
1.162
1.301
1.185
0.914
0.870
0.837
1.667
1.589
1.635
2.001
2.119
2.046
1.599
1.659
1.682
1.493
1.703
1.576
1.491
1.585
1.512
2.918
3.022
3.041
1.359
1.448
1.370
2.056
2.118
1.949
0.746
0.961
0.862
1.747
1.847
1.764
1.364
1.477
1.404
2.088
2.328
2.217
1.977
2.161
2.093
1.714
1.805
1.718
0.509
0.635
0.528
2.159
2.364
2.270
1.502
1.674
1.619
1.550
1.725
1.525
1.114
1.830
1.214
1.062
1.212
1.104
1.190
1.561
1.447
0.867
1.151
1.012
0.438
0.669
0.564
0.807
0.844
0.783
1.942
2.059
2.001
1.008
1.145
1.081
1.008
1.171
1.093
1.258
1.544
1.464
1.814
1.868
1.788
1.446
1.531
1.421
0.478
0.600
0.556
0.872
1.129
1.037
0.650
0.783
0.696
2.248
2.348
2.305
1.696
1.805
1.787
2.481
2.547
2.481
0.700
0.813
0.735
0.939
1.066
1.004
2.746
2.843
2.890
1.684
1.963
1.736
3.277
3.366
3.414
1.197
1.288
1.180
1.311
1.589
1.428
0.855
1.010
0.822
0.950
1.281
1.111
0.959
1.056
0.999
0.677
0.803
0.770
1.869
2.017
1.797
1.243
1.368
1.249
0.896
0.896
0.931
2.342
2.370
2.385
1.114
1.372
1.112
1.052
1.154
1.089
0.700
0.858
0.787
1.089
1.269
1.184
0.647
0.777
0.760
1.099
1.342
1.207
1.457
1.527
1.492
2.422
2.491
2.413
1.785
1.820
1.778
2.105
2.229
2.182
1.456
1.556
1.482
1.016
1.133
0.949
1.644
1.854
1.582
1.980
2.128
2.070
1.678
1.913
1.735
2.114
2.253
2.099
1.410
1.578
1.522
0.823
1.062
0.921
2.093
2.135
1.859
1.220
1.380
1.275
1.157
1.289
1.240
2.736
2.924
2.836
1.349
1.511
1.324
2.680
2.730
2.615
1.481
1.660
1.381
1.955
2.026
1.980
0.960
1.110
0.993
2.888
2.947
2.911
1.189
1.294
1.200
1.270
1.319
1.236
1.802
1.864
1.804
1.436
1.744
1.501
1.253
1.308
1.249
0.992
1.016
1.013
1.637
1.640
1.923
1.149
1.245
1.092
0.690
0.731
0.739
1.620
1.789
1.542
1.919
1.965
2.004
1.578
1.564
1.432
0.848
0.919
0.882
2.549
2.729
2.678
2.163
2.299
2.230
2.181
2.300
2.231
1.008
1.124
1.046
0.800
1.101
0.833
1.066
1.304
1.195
2.900
3.017
2.954
1.678
1.744
1.560
0.697
0.700
0.639
0.981
1.098
0.978
0.907
1.239
0.785
0.946
0.952
0.931
1.371
1.450
1.404
1.261
1.502
1.270
1.875
2.025
2.005
1.586
1.766
1.731
2.884
2.942
2.916
3.030
3.274
3.095
1.756
1.756
1.746
0.852
1.000
0.807
1.002
1.175
1.049
2.550
2.759
2.598
2.004
2.055
2.020
2.380
2.438
2.388
1.671
1.546
1.549
1.508
1.749
1.536
1.140
1.648
1.316
1.314
1.473
1.336
1.195
1.585
1.018
1.637
1.695
1.512
1.295
1.401
1.336
1.941
2.204
1.958
1.446
1.468
1.432
1.393
1.465
1.433
1.593
1.723
1.656
1.176
1.419
1.388
0.881
1.344
1.027
1.643
1.846
1.753
1.880
1.930
1.912
2.147
2.324
2.223
2.414
2.428
2.425
1.976
2.231
1.929
1.682
1.728
1.701
1.168
1.447
1.395
2.489
2.484
2.383
1.561
1.694
1.600
1.984
1.988
1.974
2.331
2.387
2.319
0.895
1.028
0.949
1.310
1.451
1.399
1.357
1.393
1.363
1.024
1.209
1.077
0.950
1.158
1.048
0.713
1.170
0.903
1.177
1.399
1.372
1.039
1.149
1.146
2.351
2.523
2.290
1.516
1.580
1.580
2.018
2.277
2.137
1.432
2.197
1.737
1.506
1.561
1.541
1.276
1.346
1.330
2.147
2.430
2.097
1.385
1.705
1.389
1.279
1.492
1.381
0.977
1.034
0.927
0.961
1.005
1.033
1.121
1.513
1.255
1.214
1.517
1.294
1.037
1.061
0.987
1.627
1.828
1.739
1.406
1.551
1.480
0.728
0.819
0.709
0.864
0.981
0.903
1.231
1.297
1.285
1.193
1.332
1.257
0.918
1.230
1.129
1.203
1.500
1.352
1.376
1.405
1.255
0.836
1.142
0.989
2.642
2.706
2.573
1.205
1.345
1.301
1.151
1.804
1.382
1.074
1.149
1.079
0.541
0.587
0.589
1.065
1.266
1.132
1.044
1.239
1.128
0.639
0.780
0.713
1.035
1.267
1.099
1.364
1.495
1.436
1.685
1.749
1.645
1.231
1.362
1.240
1.109
1.269
1.185
0.818
0.791
0.242
1.470
1.537
1.485
1.573
1.737
1.613
0.909
1.065
0.991
1.175
1.703
1.503
1.753
1.856
1.796
1.926
2.109
1.857
3.051
3.198
3.110
0.643
0.775
0.684
0.796
0.841
0.826
0.694
0.770
0.690
1.063
1.196
1.185
1.063
1.296
1.176
1.328
1.579
1.432
1.748
1.874
1.779
1.152
1.481
1.336
1.633
1.741
1.669
1.683
1.803
1.704
1.404
1.495
1.399
2.273
2.321
2.320
1.857
1.884
1.781
1.433
1.542
1.463
1.502
1.604
1.556
1.895
2.075
1.976
1.193
1.352
1.216
1.047
1.238
0.989
1.894
1.935
1.888
3.036
3.100
2.723
2.190
2.290
2.281
0.647
0.627
0.547
2.228
2.311
2.275
1.763
1.667
1.680
1.644
1.814
1.589
1.301
1.386
1.284
1.424
1.582
1.469
1.554
1.676
1.478
2.389
2.453
2.410
1.686
1.762
1.744
2.259
2.342
2.253
0.947
1.301
1.028
1.525
1.643
1.463
1.096
1.259
1.186
1.835
1.986
1.984
1.952
2.004
1.837
1.004
0.991
0.826
1.680
1.723
1.688
1.197
1.311
1.176
1.502
1.632
1.507
2.590
2.473
2.396
1.509
1.549
1.548
1.211
1.442
1.279
1.670
1.755
1.685
0.876
1.127
0.993
1.721
1.813
1.601
1.072
1.155
1.088
1.000
1.246
1.015
1.812
2.021
1.868
3.300
3.319
3.222
0.444
0.675
0.498
0.654
1.425
0.950
1.760
1.759
1.640
1.919
2.042
1.912
1.366
1.479
1.396
1.702
2.457
1.656
2.089
2.514
2.073
1.597
1.733
1.620
0.433
0.551
0.497
2.051
2.403
2.039
1.688
1.914
1.757
0.743
0.960
0.897
0.701
0.760
0.689
2.665
2.810
2.641
1.597
1.744
2.023
0.951
1.328
1.455
1.371
1.505
1.301
1.811
2.114
1.940
1.086
1.177
1.168
0.829
1.091
1.119
1.130
1.306
1.223
1.060
1.200
1.150
0.873
1.037
0.937
1.286
1.418
1.301
1.699
1.866
1.706
1.886
2.160
1.742
2.715
2.839
2.772
1.636
2.221
2.229
1.297
1.482
1.340
1.833
1.915
1.778
1.137
1.476
1.315
1.324
1.480
1.365
1.397
1.587
1.416
1.692
1.818
1.694
1.099
1.479
1.410
2.560
2.625
2.562
1.688
1.739
1.733
0.683
0.873
0.758
2.345
2.453
2.410
1.671
1.723
1.650
2.119
2.181
2.232
1.570
1.758
1.416
1.110
1.311
1.238
1.280
1.362
1.304
1.221
1.446
1.286
1.773
1.893
1.809
2.161
2.196
2.138
1.915
2.087
1.938
0.943
1.164
1.008
1.318
1.486
1.419
0.833
1.059
0.976
0.488
0.714
0.575
0.942
1.165
1.016
2.033
2.231
2.190
1.618
1.735
1.674
0.867
1.085
0.946
0.963
1.087
1.021
1.354
1.677
1.423
1.391
1.709
1.575
1.413
1.644
1.517
1.296
1.329
1.306
1.204
1.285
1.283
1.346
1.506
1.421
1.356
1.451
1.362
1.389
1.514
1.406
1.534
1.594
1.579
0.875
0.881
0.872
1.877
1.994
1.894
1.785
1.893
1.833
1.541
1.679
1.661
1.604
1.714
1.602
2.261
2.514
2.286
1.209
1.377
1.169
0.923
1.394
0.997
0.923
1.195
1.101
2.844
3.038
3.023
0.855
0.988
0.918
1.106
1.183
1.214
0.967
1.137
0.981
1.760
1.827
1.844
1.341
1.257
1.232
1.268
1.341
1.289
0.952
0.896
0.938
0.778
0.784
0.683
0.725
1.097
0.826
0.653
0.717
0.656
1.099
1.199
1.176
3.033
3.039
3.036
1.781
1.946
1.833
2.885
3.052
2.930
1.122
1.283
1.118
1.145
1.188
1.141
1.971
1.998
1.819
1.815
2.233
1.841
1.902
2.020
1.888
1.204
1.304
1.292
1.224
1.467
1.258
1.872
1.990
1.921
0.509
0.688
0.993
1.552
1.541
1.523
2.877
3.127
2.787
1.394
1.543
1.322
1.793
1.795
1.812
1.171
1.304
1.710
3.000
3.086
3.046
1.541
1.716
1.701
2.569
2.653
2.465
0.781
0.964
0.849
0.564
0.726
0.580
1.505
1.580
1.513
3.753
3.808
3.769
1.551
1.635
1.558
2.121
2.305
2.096
0.458
0.467
0.390
0.745
1.059
0.809
2.311
2.663
2.567
1.304
1.591
1.494
1.185
1.308
1.203
1.577
1.729
1.588
1.077
1.143
1.085
1.248
1.325
1.261
1.556
1.628
1.602
2.375
2.393
2.364
1.936
2.124
1.872
1.127
1.196
1.142
0.848
0.944
0.876
2.101
2.455
2.134
2.101
2.371
2.134
2.101
2.369
2.134
1.201
1.236
1.195
1.511
1.662
1.626
1.753
1.830
1.742
0.937
1.021
0.773
0.345
0.754
0.530
1.346
1.501
1.401
1.932
2.054
1.966
1.411
1.580
1.416
0.882
1.033
0.780
1.972
2.124
1.899
1.255
1.355
1.266
0.847
1.108
1.084
1.530
1.843
1.708
1.236
1.400
1.303
1.206
1.293
1.239
1.215
1.279
1.303
1.106
1.301
1.210
1.899
2.079
1.858
2.145
2.150
1.919
1.762
1.849
1.710
2.505
2.731
2.553
1.302
1.317
1.274
2.001
1.993
1.998
1.843
1.878
1.934
1.843
1.878
1.934
1.046
1.404
1.079
2.000
2.012
1.799
0.887
1.241
0.929
0.887
1.236
0.929
1.988
2.207
2.116
0.877
1.003
0.939
1.561
1.796
1.468
2.464
2.501
2.425
0.805
0.942
0.837
1.173
1.371
1.248
1.213
1.309
1.302
1.284
1.352
1.088
2.422
2.513
2.450
1.432
1.508
1.475
2.753
3.046
2.810
1.920
2.045
1.945
1.459
1.596
1.459
1.859
1.947
1.790
1.371
1.434
1.370
0.996
1.272
1.096
1.203
1.313
1.094
1.269
1.323
1.147
1.285
1.329
1.290
1.302
1.374
1.354
1.379
1.576
1.545
0.878
1.015
0.917
1.288
1.501
1.254
1.634
1.746
1.692
0.763
1.004
0.835
1.366
1.516
1.348
2.034
2.083
2.049
0.905
1.148
1.080
0.834
0.913
0.837
0.957
1.130
1.073
0.858
1.148
1.036
1.056
1.401
1.138
1.067
1.297
1.113
1.538
1.556
1.523
2.244
2.340
2.229
0.873
0.971
0.903
1.884
2.102
2.011
2.049
2.100
1.961
0.997
1.185
1.062
0.976
1.093
1.010
1.922
2.089
1.986
2.042
2.063
2.077
1.681
1.775
1.599
0.785
0.909
0.752
0.945
1.311
0.995
1.425
1.553
1.424
1.840
1.770
1.791
1.193
1.343
1.257
1.053
1.192
1.155
1.528
1.751
1.577
2.856
2.859
2.796
1.313
1.439
1.341
1.052
1.335
1.181
1.351
1.446
1.333
2.283
2.370
2.324
1.831
1.898
1.876
2.272
2.311
2.100
2.233
2.344
2.280
1.729
2.023
1.829
2.043
2.153
2.213
1.571
1.632
1.566
1.951
1.839
1.857
2.062
2.137
2.152
1.210
1.382
1.309
0.845
0.968
0.886
1.206
1.441
1.334
0.717
0.721
0.620
1.420
1.408
1.295
1.913
2.223
2.023
3.343
3.397
3.426
1.399
1.592
1.399
1.146
1.112
0.956
1.597
1.686
1.619
1.042
1.219
1.056
0.814
1.092
1.025
0.408
0.683
0.602
1.130
1.197
1.195
1.121
1.227
1.154
1.481
1.578
1.444
2.780
2.845
2.839
2.760
2.942
2.883
2.074
2.177
2.091
1.547
1.774
1.707
1.609
1.625
1.583
1.474
1.558
1.411
0.963
1.088
0.991
3.251
3.333
3.254
1.459
1.637
1.442
1.601
1.798
1.370
1.522
1.558
1.558
2.043
2.260
2.025
2.061
2.173
2.021
1.566
1.629
1.541
1.581
1.614
1.627
2.015
2.081
2.056
0.830
1.096
0.994
1.340
1.436
1.428
1.169
1.290
1.030
1.283
1.377
1.333
1.691
1.876
1.655
1.568
1.564
1.470
1.602
1.768
1.625
1.279
1.342
1.344
2.059
2.256
2.190
1.128
1.307
1.212
1.492
1.506
1.535
1.492
1.506
1.535
1.570
1.655
1.567
1.827
2.090
1.903
2.503
2.563
2.659
1.136
1.254
1.099
1.466
1.627
1.477
1.651
1.822
1.740
0.608
0.951
0.694
1.310
1.545
1.318
2.600
2.672
2.495
1.490
1.727
1.584
1.922
2.002
1.935
0.823
0.972
0.852
0.976
1.501
1.166
1.268
1.408
1.324
2.030
2.123
2.010
1.429
1.423
1.115
1.461
1.621
1.373
1.303
1.332
1.228
1.303
1.442
1.327
1.544
1.585
1.517
1.286
1.602
1.447
1.224
1.515
1.370
1.910
2.034
1.923
2.054
2.357
2.290
2.608
2.695
2.629
1.100
1.231
1.103
1.558
2.142
1.938
1.289
1.408
1.304
1.611
1.595
1.471
0.788
0.919
0.794
1.503
1.578
1.471
1.333
1.440
1.395
2.302
2.773
2.733
2.311
2.363
2.278
2.889
2.971
3.019
1.235
1.322
1.256
0.825
0.885
0.854
1.244
1.238
1.066
1.105
1.183
1.141
0.804
1.333
0.886
1.770
1.847
1.790
1.781
1.738
1.765
1.676
1.844
1.733
1.709
1.856
1.746
1.766
1.735
1.625
0.782
0.954
0.898
1.369
1.468
1.411
2.468
2.450
2.375
0.774
1.007
0.894
1.151
1.283
1.189
1.601
1.719
1.597
2.043
2.295
2.171
0.942
1.117
1.047
1.797
2.004
1.981
1.237
1.286
1.193
1.210
1.270
1.012
2.035
2.184
2.087
2.309
2.466
2.398
1.550
1.585
1.489
1.778
1.989
1.866
1.859
1.976
1.827
2.525
2.653
2.557
1.465
1.626
1.531
3.213
3.296
3.276
2.068
2.411
2.301
1.577
1.742
1.661
1.200
1.563
1.258
1.357
1.505
1.452
2.527
2.605
2.535
0.949
1.061
0.864
1.458
1.628
1.488
0.734
0.786
0.787
2.297
2.463
2.509
0.864
0.765
0.767
0.552
0.704
0.604
0.952
1.234
1.273
1.691
1.714
1.637
0.874
0.964
0.905
1.866
1.976
1.930
1.638
1.766
1.758
1.599
1.776
1.668
2.046
2.164
2.005
1.162
1.616
1.342
1.262
1.441
1.299
2.795
2.897
2.787
1.830
1.842
1.820
1.972
2.122
2.117
2.584
2.714
2.634
0.875
1.649
1.046
0.658
0.779
0.711
0.923
1.124
1.070
1.778
2.135
1.929
0.892
0.953
0.881
0.932
1.066
1.013
1.455
1.553
1.499
1.594
1.560
1.513
1.965
2.038
1.983
0.240
0.249
0.191
2.553
2.630
2.590
1.188
1.456
1.399
1.204
1.186
1.129
2.442
2.502
2.422
2.723
2.862
2.769
1.829
1.946
1.837
0.957
1.111
0.999
1.307
1.414
1.179
1.946
2.025
1.980
1.266
1.410
1.418
2.254
2.342
2.377
1.151
1.175
1.090
3.143
3.467
3.449
1.436
1.655
1.514
1.737
1.790
1.813
1.780
2.306
2.193
0.829
0.998
0.907
1.980
2.054
2.037
1.260
1.292
1.192
1.657
1.632
1.520
0.415
0.531
0.449
1.139
1.149
1.099
1.673
1.737
1.705
0.954
1.360
0.851
1.517
1.684
1.619
1.230
1.257
1.155
1.904
1.979
1.927
1.374
1.410
1.353
1.942
2.132
1.886
2.442
2.526
2.514
1.548
1.562
1.503
1.886
1.968
1.928
2.180
2.359
2.262
1.370
1.478
1.379
1.683
1.805
1.589
1.816
1.872
1.887
1.148
1.269
1.232
1.002
1.490
1.359
1.908
2.095
2.061
1.109
1.327
1.208
0.886
1.032
0.985
0.456
0.399
0.331
0.656
1.033
0.809
2.258
2.360
2.378
1.022
1.099
0.963
1.515
1.623
1.535
0.799
0.907
0.836
0.990
1.318
1.147
1.500
1.597
1.464
3.259
3.508
3.300
2.173
2.142
2.171
0.825
0.901
0.857
1.431
1.636
1.411
1.489
1.646
1.584
4.724
4.708
4.655
1.325
1.516
1.418
2.405
2.624
2.552
1.026
1.337
1.120
1.054
1.070
1.005
1.479
1.664
1.546
1.077
1.243
1.188
1.563
1.609
1.497
2.512
2.664
2.602
2.632
2.569
2.593
1.122
1.244
1.214
0.811
1.033
0.940
1.396
1.461
1.410
1.207
1.332
1.170
2.010
2.347
1.917
2.154
2.486
2.286
1.435
1.567
1.520
1.997
2.009
2.028
1.681
1.812
1.709
1.981
2.021
1.965
1.880
2.038
1.985
2.776
2.836
2.833
1.572
1.745
1.556
2.985
3.328
3.089
2.575
2.690
2.639
1.106
1.158
1.053
0.817
0.926
0.636
1.677
1.886
1.804
0.705
0.922
0.789
2.114
2.091
1.988
1.931
1.974
1.862
1.694
1.759
1.742
1.251
1.394
1.331
2.506
2.594
2.502
1.437
1.657
1.493
2.770
2.873
2.782
1.416
1.386
1.267
0.555
0.715
0.653
2.198
2.219
2.179
1.452
1.594
1.449
0.867
1.087
0.862
1.619
1.562
1.613
1.177
1.297
1.222
0.912
1.067
0.941
1.111
1.233
1.062
1.619
1.965
1.754
0.986
1.085
1.016
0.667
0.785
0.704
1.917
2.050
1.951
2.164
2.139
1.542
1.719
1.805
1.674
1.490
1.885
1.933
1.172
1.330
1.263
1.888
2.106
1.985
2.212
2.308
2.214
1.159
1.264
1.159
0.917
1.075
0.903
1.429
1.576
1.472
1.494
1.711
1.573
1.373
1.460
1.402
0.735
0.918
0.773
1.127
1.294
1.137
0.569
0.763
0.687
1.668
1.728
1.763
2.037
2.122
1.972
0.787
0.978
0.884
1.297
1.349
1.341
2.037
2.122
1.972
1.673
1.741
1.713
0.947
1.056
1.007
1.431
1.528
1.472
0.838
0.942
0.884
1.163
1.304
1.239
1.376
1.491
1.480
2.661
2.756
2.700
1.548
1.647
1.559
1.844
1.989
1.856
0.702
0.855
0.737
0.774
1.086
1.121
1.586
1.633
1.633
1.372
1.448
1.295
1.200
1.310
1.220
1.409
1.502
1.263
0.680
0.850
0.629
1.349
1.689
1.531
1.812
2.216
2.197
1.015
1.145
1.012
1.477
1.565
1.482
1.626
1.743
1.663
1.003
1.062
0.908
1.060
1.277
0.986
0.806
0.867
0.795
1.273
1.272
1.227
0.897
1.065
1.338
0.985
1.120
1.038
1.301
1.460
1.441
1.415
1.681
1.559
1.994
2.099
1.941
1.445
1.499
1.466
1.118
1.158
0.915
2.240
2.509
2.281
1.262
1.444
1.394
1.453
1.534
1.392
1.732
1.853
1.738
1.877
1.924
1.814
0.779
0.982
0.701
1.711
1.931
1.713
1.206
1.436
1.491
1.193
1.260
1.199
2.063
2.154
2.102
1.087
1.172
1.006
1.262
1.310
1.299
1.251
1.318
1.181
1.170
1.268
1.206
1.423
1.681
1.475
1.735
1.772
1.666
1.504
1.656
1.479
2.157
2.139
2.082
1.270
1.211
1.149
1.310
1.408
1.301
1.529
1.613
1.467
1.343
1.523
1.387
0.857
0.996
0.857
1.462
1.806
1.573
0.847
1.014
0.897
2.503
2.687
2.503
2.009
2.209
2.248
2.824
2.944
2.826
1.919
2.243
2.173
1.488
1.601
1.694
1.082
1.207
1.199
1.201
1.315
1.180
0.852
0.976
0.962
1.489
1.538
1.518
1.053
1.176
1.134
1.097
1.330
1.209
0.801
0.901
0.670
1.897
1.954
1.728
2.697
2.898
2.835
2.768
2.831
2.619
1.404
1.626
1.532
0.907
1.425
1.134
2.522
2.548
2.610
1.966
2.049
1.951
0.882
1.110
0.936
1.341
1.548
1.478
2.764
2.863
2.773
1.663
1.882
1.725
0.949
1.054
1.053
0.982
1.342
1.058
0.966
1.086
0.989
1.448
1.595
1.537
2.916
3.031
3.102
0.797
0.992
0.785
1.434
1.673
1.482
1.135
1.238
1.204
2.272
2.310
2.102
1.158
1.208
1.125
1.801
2.128
2.039
0.778
0.971
0.861
0.855
1.022
0.920
0.846
0.959
0.849
1.380
1.462
1.444
1.506
1.596
1.561
1.885
2.023
1.844
1.837
2.577
2.062
1.601
1.663
1.613
0.789
0.986
0.870
1.273
1.441
1.339
0.836
1.228
1.000
2.265
2.361
2.429
0.632
0.815
0.757
1.236
1.369
1.312
1.826
1.897
1.811
1.082
1.104
0.951
1.411
1.468
1.414
0.988
1.163
0.998
1.790
1.942
1.867
0.742
0.846
0.789
0.994
1.096
1.002
0.880
0.953
0.821
1.310
1.414
1.484
1.607
1.783
1.797
1.607
1.901
1.877
1.173
1.272
1.176
1.389
1.631
1.488
1.083
1.316
1.127
0.738
1.057
0.913
1.663
1.809
1.756
1.682
1.825
1.740
1.507
1.683
1.545
0.837
1.028
0.854
0.712
0.891
0.762
1.993
2.022
1.937
2.185
2.016
2.118
2.158
2.334
2.263
1.372
1.544
1.284
1.339
1.388
1.336
1.443
1.520
1.555
1.737
1.922
1.708
0.828
1.032
0.888
1.349
1.387
1.388
1.594
1.622
1.534
0.805
0.994
0.869
0.548
0.799
0.698
1.805
1.878
1.815
3.463
3.603
3.510
2.425
2.607
2.518
1.825
1.934
1.782
1.140
1.244
1.185
1.042
1.187
1.020
1.825
1.864
1.818
2.713
2.694
2.629
0.993
1.088
1.015
1.613
1.660
1.657
2.421
2.317
2.336
2.090
2.281
2.120
0.823
0.778
0.734
2.557
2.588
2.347
1.394
1.545
1.459
0.990
1.082
0.973
0.578
0.614
0.377
2.418
2.516
2.323
1.381
1.546
1.399
1.438
1.593
1.520
1.109
1.387
1.259
2.055
2.046
2.084
2.378
2.618
2.780
2.056
2.243
2.151
1.626
1.760
1.648
1.062
1.264
1.151
1.048
1.241
1.145
1.107
1.167
1.228
1.457
1.635
1.591
2.504
2.522
2.448
1.778
1.836
1.841
1.304
1.322
1.257
1.500
1.730
1.587
2.321
2.387
2.338
2.400
2.461
2.497
1.995
2.147
1.989
2.352
2.813
2.406
2.397
2.828
2.596
1.994
2.047
1.984
2.350
2.594
2.368
1.385
1.633
1.715
1.387
1.559
1.462
1.351
1.673
1.504
2.115
2.249
2.207
2.241
2.275
2.255
1.762
1.936
1.726
1.498
1.693
1.581
1.498
1.625
1.612
1.815
1.879
1.723
2.129
2.379
2.109
2.780
2.728
2.649
1.418
1.465
1.442
2.742
2.813
2.733
2.140
2.161
2.126
2.058
2.364
2.210
2.690
2.855
2.765
1.767
1.842
1.845
0.457
0.577
0.506
2.084
2.105
2.161
1.479
1.605
1.838
1.885
1.993
1.911
1.531
1.609
1.591
0.629
0.759
0.711
1.596
1.729
1.579
2.660
2.760
2.724
1.419
1.625
1.373
1.758
1.894
1.830
3.008
2.939
2.763
2.132
2.479
2.269
2.338
2.446
2.420
1.595
1.977
1.953
2.144
2.275
2.134
0.635
0.707
0.609
1.571
1.648
1.582
1.858
2.065
1.787
1.989
2.075
1.952
1.869
1.998
1.982
1.809
2.030
1.969
1.450
1.606
1.393
1.773
1.955
1.889
1.503
1.490
1.354
1.187
1.280
1.255
1.613
1.784
1.599
2.141
2.087
1.796
0.758
0.934
0.850
1.208
1.275
1.150
1.189
1.285
1.242
1.199
1.301
1.147
2.040
2.023
1.978
2.275
2.383
2.188
1.305
1.383
1.314
0.911
1.011
0.942
2.096
2.088
1.955
1.913
1.957
1.798
0.984
0.935
0.862
0.869
1.125
0.955
1.508
1.777
1.722
1.791
2.034
1.966
1.539
1.575
1.458
1.126
1.256
1.098
1.764
1.808
1.727
1.855
1.991
1.875
2.905
2.923
2.887
1.041
1.121
1.039
2.545
2.736
2.579
1.992
2.185
2.057
1.463
1.577
1.520
1.147
1.077
1.108
1.832
1.851
1.695
1.183
1.377
1.286
1.238
1.378
1.258
2.128
2.167
2.186
1.592
1.700
1.642
2.843
2.824
2.575
0.925
0.974
0.927
1.536
1.603
1.589
2.270
2.394
2.040
1.439
1.626
1.477
1.278
1.299
1.276
2.131
2.153
2.104
0.460
0.735
0.620
1.927
1.918
1.900
1.661
1.660
1.605
2.226
2.278
2.204
1.925
1.951
1.911
1.131
1.322
1.182
0.928
1.081
0.966
1.213
1.372
1.144
1.103
1.219
1.188
1.671
1.780
1.701
1.732
1.846
1.582
1.213
1.267
1.141
1.871
1.990
1.885
0.956
1.099
1.070
0.607
0.710
0.562
2.295
2.432
2.305
0.963
1.124
1.068
0.798
0.886
0.877
0.738
0.941
0.764
0.906
0.978
0.990
0.762
0.805
0.748
1.392
1.430
1.416
1.681
1.798
1.633
0.685
0.754
0.800
1.322
1.392
1.407
2.109
2.282
2.198
1.567
1.813
1.701
1.298
1.386
1.362
0.939
0.989
0.918
0.721
0.911
0.808
0.986
1.172
1.086
1.660
1.724
1.693
0.951
1.026
1.028
1.998
2.055
2.024
0.987
1.544
0.959
1.390
1.429
1.344
1.030
1.199
1.060
0.936
1.128
0.976
2.370
2.370
2.397
1.592
1.645
1.634
1.692
1.797
1.718
1.424
1.471
1.146
1.082
1.299
1.220
1.761
1.862
1.803
0.867
1.020
0.886
0.978
1.339
1.076
2.935
3.018
2.765
1.343
1.530
1.418
1.405
1.454
1.242
0.927
1.206
1.107
2.770
2.866
2.541
1.182
1.828
1.753
1.574
1.652
1.513
1.702
1.881
1.794
2.146
2.376
2.196
2.005
1.999
1.981
1.331
1.530
1.215
2.236
2.345
2.162
1.132
1.242
1.155
1.401
1.622
1.441
1.289
1.615
1.436
1.185
1.389
1.272
0.810
0.844
0.773
1.003
1.008
0.935
1.019
1.152
1.086
1.689
1.746
1.662
1.376
1.745
1.342
1.448
1.475
1.362
0.993
1.069
0.977
1.067
1.243
0.954
0.711
0.839
0.788
1.252
1.252
1.263
0.925
1.033
0.952
1.733
1.805
1.705
0.948
1.103
1.024
1.015
1.189
1.015
2.205
2.292
2.274
0.966
1.219
1.024
1.263
1.499
1.362
1.544
1.605
1.585
1.076
1.176
1.110
1.098
1.157
1.078
1.163
1.243
1.181
0.921
1.156
0.991
2.387
2.420
2.282
1.302
1.469
1.402
2.412
3.062
2.384
1.655
1.829
1.707
2.407
2.525
2.375
2.245
2.218
2.149
1.597
1.619
1.502
1.522
1.619
1.526
2.047
2.076
1.960
0.356
0.471
0.299
0.616
0.715
0.572
1.509
1.648
1.817
1.408
1.679
1.455
1.424
1.514
1.408
1.435
1.667
1.525
1.459
1.561
1.373
2.805
2.925
2.915
1.726
1.941
1.868
1.708
1.846
1.729
0.905
1.382
1.023
1.589
1.713
1.505
1.060
1.118
1.116
1.650
1.653
1.623
1.892
2.450
2.094
0.972
1.165
1.058
1.365
1.447
1.764
1.758
1.849
1.823
1.314
1.505
1.391
2.003
2.097
1.992
0.955
1.062
0.981
1.606
1.745
1.701
1.837
1.861
1.836
1.814
1.850
1.838
1.834
2.597
2.637
2.059
2.168
2.049
1.619
1.802
1.678
1.011
1.733
1.049
1.456
1.768
1.525
1.335
1.330
1.348
1.968
2.080
1.991
1.524
1.719
1.635
1.858
2.116
2.083
1.334
1.481
1.387
0.399
0.649
0.537
1.173
1.298
1.169
1.594
1.785
1.673
1.693
1.950
1.477
1.816
2.132
1.961
1.579
2.210
2.237
1.563
1.656
1.377
0.744
1.275
0.930
0.975
1.081
1.020
1.179
1.415
1.297
1.772
1.896
1.731
1.531
1.647
1.528
1.197
1.204
1.163
1.063
1.133
1.079
1.404
1.578
1.372
1.485
1.495
1.496
2.146
2.167
2.160
1.758
1.780
1.796
1.283
1.455
1.344
1.176
1.356
1.250
0.626
0.834
0.743
0.720
0.803
0.767
1.770
1.827
1.794
1.088
1.174
1.093
0.908
1.181
1.036
0.796
0.820
0.336
0.901
1.057
0.976
1.064
1.201
1.002
0.702
1.228
1.221
0.926
0.989
0.869
1.644
1.750
1.654
2.714
2.914
3.060
2.208
2.362
2.247
1.145
1.278
1.143
1.969
2.163
1.965
2.274
2.423
2.337
1.331
1.488
1.432
1.331
1.616
1.541
1.710
1.724
1.738
1.018
1.173
1.207
2.939
2.931
2.932
1.983
2.058
2.004
1.194
1.400
1.275
1.230
1.263
1.194
1.529
1.592
1.554
1.470
1.563
1.511
2.111
2.260
2.164
1.361
1.529
1.290
4.291
4.371
4.382
1.445
1.543
1.467
1.294
1.450
1.303
2.400
2.445
2.442
1.260
1.370
1.308
1.631
1.709
1.678
1.995
2.180
2.008
2.041
2.158
2.103
0.638
0.824
0.661
2.729
2.982
2.766
1.469
1.615
1.548
2.340
2.361
2.351
2.076
2.138
2.499
2.100
2.214
2.174
0.825
0.974
0.907
2.125
2.342
2.156
1.233
1.383
1.184
1.824
1.892
1.777
3.490
3.540
3.508
0.564
0.660
0.570
1.040
1.299
1.182
1.327
1.446
1.337
1.387
1.577
1.486
1.320
1.341
1.352
1.682
1.800
1.569
2.744
2.859
2.741
1.471
1.484
1.633
1.204
1.561
1.430
1.688
1.811
1.764
0.600
0.772
0.649
1.588
1.636
1.597
2.429
2.500
2.384
1.613
1.806
1.631
0.989
1.107
1.012
1.826
1.936
1.867
1.207
1.290
1.264
1.629
1.709
1.479
1.989
1.910
1.956
1.447
1.494
1.497
1.447
1.483
1.463
1.322
1.452
1.264
2.237
2.392
2.236
0.668
0.886
0.702
1.966
2.210
2.010
1.036
1.189
1.028
1.400
1.404
1.313
1.069
1.145
1.067
0.847
0.983
0.891
0.847
0.983
0.891
0.920
1.062
1.031
2.167
2.252
2.160
1.934
1.957
1.928
1.653
1.845
1.752
1.500
1.710
1.576
0.818
0.995
1.115
1.519
1.659
1.428
1.218
1.224
1.281
0.888
1.051
0.906
1.340
1.409
1.373
2.556
2.647
2.591
2.094
2.456
2.241
1.609
1.655
1.725
1.020
1.143
0.934
1.541
1.661
1.505
2.289
2.274
2.241
2.769
2.896
2.798
1.177
1.280
1.170
1.028
1.089
0.888
1.621
1.790
1.645
0.888
0.959
0.829
1.441
1.688
1.510
0.956
1.044
0.980
1.342
1.301
1.096
1.985
2.031
1.963
0.801
1.167
1.005
0.976
1.198
0.978
0.805
0.951
0.846
0.817
0.904
0.941
1.596
1.900
1.719
1.526
1.635
1.495
1.136
1.164
0.990
1.146
1.282
0.931
1.174
1.252
1.107
1.755
1.875
1.817
1.534
1.543
1.356
2.982
3.442
2.923
1.846
1.960
1.931
1.766
1.798
1.788
1.311
1.416
1.397
2.239
2.500
2.377
1.522
1.689
1.599
0.853
0.911
0.832
2.025
2.173
2.058
1.019
1.129
1.025
2.233
2.217
2.227
0.991
1.221
1.095
1.323
1.480
1.388
1.102
1.183
1.107
2.322
2.507
2.396
2.747
2.980
2.807
1.739
1.782
1.671
2.073
2.331
2.280
1.907
2.107
2.028
3.105
3.152
3.077
1.366
1.576
1.466
0.593
0.846
0.718
3.209
3.401
3.671
0.799
0.990
0.722
1.503
1.701
1.536
0.813
0.865
0.697
2.032
2.091
1.876
2.151
2.307
1.889
1.677
1.815
1.692
1.484
1.754
1.636
1.424
1.549
1.429
1.042
1.176
1.107
1.228
1.448
1.315
1.948
1.937
1.867
1.498
1.603
1.512
1.126
1.392
1.220
1.251
1.430
1.288
0.620
0.820
0.678
0.782
0.740
0.633
0.721
0.851
0.794
1.938
2.065
1.991
3.447
3.573
3.428
1.239
1.369
1.231
1.473
1.504
1.319
1.328
1.478
1.426
1.304
1.395
1.323
1.373
1.757
1.386
0.945
0.833
1.211
2.400
2.457
2.387
3.171
3.089
3.111
1.168
1.254
1.223
1.710
1.849
1.792
1.386
1.484
1.360
2.748
2.711
2.658
1.870
2.215
2.019
1.049
1.181
1.124
1.384
1.522
1.400
0.848
1.045
0.902
1.143
1.178
1.138
2.143
2.259
2.187
1.986
2.122
2.087
2.263
2.513
2.429
1.287
1.368
1.297
1.287
1.368
1.297
3.494
3.645
3.531
0.715
0.848
0.764
2.369
2.412
2.356
0.834
1.037
0.820
1.339
1.358
1.331
1.707
1.757
1.745
1.523
1.643
1.527
1.360
1.479
1.384
0.992
1.172
1.015
2.544
2.680
2.614
1.985
2.149
2.023
1.408
1.439
1.427
1.278
1.445
1.325
2.425
2.548
2.466
3.374
3.405
3.363
0.834
1.037
0.820
0.650
0.888
0.729
1.910
2.010
1.951
2.255
2.277
2.170
1.867
1.817
1.838
1.245
1.171
1.256
2.084
2.066
1.954
1.124
1.317
1.207
1.599
1.572
1.598
1.894
2.189
1.924
1.479
1.629
1.575
0.653
0.829
0.738
2.126
2.198
2.190
1.878
2.116
1.921
3.365
3.489
3.432
1.044
1.175
1.021
1.678
1.749
1.701
1.635
1.858
1.761
1.800
1.926
1.902
2.110
2.220
2.216
1.641
1.716
1.689
1.389
1.712
1.566
1.044
1.174
1.082
1.447
1.530
1.476
0.711
0.714
0.596
1.977
2.096
2.002
1.503
1.600
1.455
2.273
2.310
2.296
1.993
2.055
2.035
0.975
1.148
1.074
1.224
1.448
1.254
1.529
1.546
1.513
2.064
2.149
1.920
1.203
1.348
1.270
2.393
2.462
2.260
1.507
1.718
1.545
2.332
2.464
2.367
1.907
2.016
1.977
1.347
1.516
1.594
1.599
1.766
1.713
1.106
1.255
1.048
1.349
1.460
1.419
1.649
1.783
1.633
1.482
1.590
1.467
1.374
1.576
1.489
1.383
1.403
1.315
0.983
1.151
1.041
0.840
0.821
0.404
0.822
0.951
0.987
1.170
1.273
1.206
1.901
2.014
1.954
0.708
0.920
0.730
1.988
2.149
2.103
2.227
2.301
2.363
2.534
2.638
2.693
2.570
2.694
2.610
1.311
1.427
1.334
1.962
2.072
1.984
1.314
1.507
1.480
1.424
1.460
1.352
0.775
1.033
0.881
1.880
1.961
1.955
1.045
1.560
1.337
1.339
1.358
1.257
1.686
1.760
1.673
2.562
2.725
2.496
0.865
1.034
1.003
1.737
1.998
1.738
1.460
1.398
1.391
1.424
1.573
1.478
1.768
1.999
1.831
1.418
1.533
1.505
1.621
1.697
1.638
1.769
1.991
1.866
0.948
1.132
1.109
0.930
1.104
0.986
1.660
1.898
1.746
1.343
1.387
1.386
0.914
0.947
0.941
0.845
1.147
0.941
1.521
1.677
1.614
1.530
1.642
1.570
2.568
2.713
2.709
1.441
1.687
1.597
2.939
3.087
3.053
1.356
1.441
1.388
1.578
2.163
1.660
2.471
3.531
2.771
0.748
0.926
0.856
1.661
1.978
1.837
2.036
2.043
2.004
2.378
2.484
2.429
2.432
2.486
2.417
1.166
1.392
1.152
1.541
1.654
1.608
1.272
1.404
1.307
0.953
1.147
1.066
0.913
1.134
1.010
1.778
1.915
1.814
1.926
1.730
1.698
1.272
1.458
1.398
0.682
0.773
0.692
0.965
1.075
1.017
0.760
1.286
0.912
1.576
1.713
1.591
2.361
2.430
2.374
2.273
2.674
2.676
1.221
1.386
1.256
1.434
1.695
1.446
1.967
2.292
2.123
1.159
1.191
1.116
2.514
2.550
2.545
2.591
2.747
2.334
1.139
1.414
1.197
1.728
1.741
1.494
1.317
1.579
1.445
1.506
1.488
1.436
1.106
1.231
1.069
3.079
3.035
3.042
1.761
1.791
1.566
1.963
2.110
2.089
1.587
1.952
1.739
1.102
1.255
1.136
1.559
1.693
1.659
0.962
1.060
0.886
1.066
1.332
1.056
1.569
1.690
1.519
0.593
0.936
0.737
0.720
0.877
0.853
2.254
2.239
2.294
1.339
1.448
1.322
1.884
1.980
1.913
1.214
1.409
1.270
1.246
1.296
1.285
1.779
1.899
1.839
1.991
2.033
1.768
1.391
1.495
1.453
1.312
1.472
1.364
0.618
0.620
0.629
1.302
1.426
1.326
0.780
0.943
0.843
1.268
1.348
1.359
1.258
1.399
1.264
1.096
1.394
1.250
2.371
2.349
2.107
1.141
1.174
1.112
2.535
2.575
2.493
1.342
1.382
1.417
1.563
1.644
1.597
1.511
1.609
1.523
1.880
1.845
1.813
1.708
1.758
1.705
1.153
1.243
1.016
1.232
1.438
1.260
1.232
1.438
1.260
2.096
2.170
2.153
0.942
1.061
0.971
1.370
1.454
1.426
0.676
0.769
0.637
0.797
0.977
0.856
1.434
1.681
1.344
0.370
0.326
0.325
1.891
1.849
1.827
1.171
1.371
1.128
1.230
1.360
1.226
1.505
1.549
1.513
1.825
2.017
1.986
1.312
1.485
1.310
0.768
0.964
0.880
0.602
0.669
0.643
1.306
1.521
1.466
2.140
2.116
2.064
1.732
1.822
1.589
1.039
1.214
1.092
0.688
0.830
0.744
1.383
1.482
1.383
1.759
1.819
1.717
2.077
2.138
2.057
1.673
1.927
1.704
1.985
2.081
2.031
1.739
1.864
1.749
0.949
1.136
1.127
1.206
1.326
1.213
1.220
1.485
1.374
1.103
1.282
1.153
1.822
2.009
1.937
2.472
2.603
2.563
1.406
1.616
1.293
0.656
0.829
0.777
0.427
0.401
0.404
0.921
1.120
0.909
0.921
1.120
0.909
2.613
2.760
2.737
1.858
2.141
2.057
1.928
2.277
1.868
1.979
2.191
2.085
0.978
1.127
0.999
1.102
1.173
1.014
1.956
1.811
1.658
0.922
1.061
0.983
1.038
1.223
1.089
1.445
1.478
1.507
1.161
1.285
1.207
1.790
2.129
2.100
0.863
1.089
0.970
1.418
1.379
1.387
1.078
1.151
1.091
1.709
1.797
1.684
1.013
1.116
1.036
1.371
1.469
1.477
2.086
2.380
2.210
1.418
1.597
1.502
0.593
0.821
0.729
1.737
1.658
1.712
0.934
1.077
1.026
1.131
1.184
1.162
1.528
1.564
1.431
1.543
1.585
1.512
1.835
1.945
1.942
0.770
0.866
0.766
1.011
1.205
1.037
1.277
1.389
1.345
1.286
1.544
1.330
1.143
1.298
1.211
1.111
1.190
1.125
0.910
1.164
0.958
1.802
1.958
1.893
1.067
1.112
1.061
1.225
1.316
1.231
1.169
1.313
1.211
0.694
0.786
0.675
1.329
1.497
1.361
1.264
1.396
1.227
1.032
1.127
0.893
0.934
0.998
0.934
1.452
1.519
1.379
0.367
0.456
0.415
1.013
1.118
1.019
2.156
2.233
2.190
2.385
2.602
2.430
1.440
1.695
1.524
2.224
2.290
2.259
1.469
1.533
1.521
0.798
1.006
0.890
2.514
2.624
2.504
0.943
1.200
1.061
2.527
2.611
2.530
1.034
1.132
1.104
1.097
1.145
1.070
1.538
1.693
1.577
1.220
1.948
1.399
2.030
2.092
2.032
2.126
2.226
2.167
1.198
1.251
1.117
1.476
1.720
1.584
1.152
1.259
1.173
1.426
1.471
1.350
2.793
2.902
2.693
0.586
0.695
0.640
2.028
1.962
1.902
2.501
2.671
2.717
2.058
2.116
1.984
2.576
2.643
2.577
0.840
0.846
0.764
0.877
1.074
1.107
0.429
0.724
0.648
1.525
1.699
1.800
1.592
1.678
1.654
0.621
0.891
0.801
0.621
0.891
0.801
1.127
1.374
1.267
1.184
1.353
1.125
0.727
0.728
0.699
1.521
1.476
1.392
1.616
1.660
1.627
2.110
2.314
2.241
2.110
2.353
2.241
0.906
0.987
0.917
2.915
2.949
2.943
1.958
2.058
2.035
1.592
1.772
1.573
1.850
1.884
1.856
0.910
1.006
0.888
1.781
2.187
2.066
1.959
2.052
2.074
0.712
1.078
0.848
1.066
1.317
1.122
1.139
1.201
1.214
1.523
1.750
1.680
1.017
1.104
0.944
2.285
2.459
2.211
2.422
2.578
2.459
1.121
1.137
1.071
1.889
1.932
1.890
2.298
2.386
2.285
3.108
3.296
3.165
1.320
1.544
1.500
1.556
1.822
1.426
2.664
2.662
2.656
1.010
1.068
1.004
1.723
1.854
1.736
1.016
1.181
1.087
1.303
1.346
1.289
1.588
1.667
1.526
0.593
0.697
0.501
1.013
1.230
1.082
2.730
2.983
2.837
0.948
1.145
0.996
1.628
1.429
1.540
1.604
1.836
1.573
2.346
2.581
2.379
2.257
2.431
2.326
1.394
1.605
1.570
1.028
1.151
1.067
1.083
1.231
1.131
1.891
1.981
1.965
2.613
2.670
2.674
1.342
1.394
1.293
1.167
1.317
1.206
2.276
2.279
2.130
2.609
2.651
2.626
2.116
2.275
2.195
0.605
0.778
0.642
1.781
1.751
1.827
0.965
1.138
1.523
2.187
2.295
2.292
1.329
1.517
1.278
1.667
1.753
1.683
2.180
2.371
2.195
0.524
0.531
0.356
1.580
1.688
1.522
1.040
1.115
1.092
1.089
1.228
1.117
2.115
2.310
2.190
1.980
2.052
1.991
0.998
1.149
1.118
0.924
0.964
0.785
1.636
1.674
1.678
2.128
2.258
2.186
1.667
1.761
1.626
1.157
1.279
1.115
1.619
1.916
1.684
1.066
1.118
1.029
1.836
1.965
1.890
1.498
1.544
1.479
1.480
1.685
1.524
1.606
2.139
2.028
0.891
1.189
1.050
0.984
1.197
1.044
2.063
2.104
2.054
1.723
1.747
1.714
1.704
1.820
1.656
0.972
1.050
0.959
1.297
1.368
1.485
1.629
1.726
1.657
0.847
0.899
0.789
1.778
1.836
1.814
1.754
1.679
1.733
2.043
2.053
2.077
0.796
0.873
0.797
1.349
1.450
1.361
1.493
1.729
1.775
2.408
2.480
2.387
0.735
0.904
0.799
1.458
1.506
1.457
1.825
1.989
2.056
1.393
1.697
1.618
1.687
1.854
1.819
1.687
1.933
1.906
1.040
1.448
1.315
1.895
2.482
2.310
1.572
1.625
1.624
1.219
1.232
1.199
2.195
2.723
2.654
1.859
1.909
1.606
1.180
1.205
1.172
2.137
2.316
2.064
0.803
0.937
0.861
0.576
0.797
0.746
1.795
1.976
1.931
1.786
2.105
2.170
1.076
1.108
1.025
0.486
0.706
0.604
2.227
2.256
2.251
1.149
1.335
1.237
0.662
0.823
0.691
1.975
2.112
2.050
1.431
1.511
1.504
0.790
1.037
0.891
0.447
0.923
0.659
1.000
1.075
1.008
1.102
1.303
1.185
1.897
2.043
1.939
1.490
1.513
1.563
1.058
1.186
1.125
1.003
1.079
0.954
1.793
1.974
1.900
1.040
1.143
1.016
1.017
1.096
1.051
1.130
1.189
1.145
1.710
1.899
1.754
1.794
1.834
1.718
1.101
1.154
1.025
1.892
1.967
1.750
1.185
1.375
1.258
1.150
1.578
1.385
1.502
1.602
1.459
1.285
1.248
1.257
1.345
1.518
1.464
1.780
1.806
1.791
1.501
1.709
1.494
0.740
0.843
0.805
1.302
1.318
1.292
1.510
1.762
1.590
2.302
2.607
2.296
2.137
2.215
2.129
1.649
1.876
1.765
0.762
1.192
0.816
0.514
0.642
0.603
1.000
1.103
1.009
0.993
1.124
1.054
1.339
1.831
1.360
1.880
1.872
1.833
1.350
1.434
1.318
0.772
1.056
0.937
0.743
0.677
0.561
0.901
1.139
0.936
0.663
1.083
0.739
1.177
1.274
1.200
0.981
1.069
1.078
0.612
0.732
0.625
1.588
1.680
1.570
0.732
1.030
0.803
1.537
1.683
1.520
0.792
0.979
0.843
1.003
1.205
1.172
0.911
1.127
1.047
0.815
0.829
0.676
1.250
1.316
1.132
1.612
1.730
1.660
1.410
1.427
1.203
1.554
1.655
1.590
1.347
1.514
1.239
0.470
0.596
0.524
1.795
2.224
1.921
1.752
1.812
1.759
1.922
1.764
1.797
1.163
1.379
1.056
1.148
1.290
1.169
1.720
1.759
1.659
2.849
3.049
2.944
1.202
1.357
1.247
1.363
1.629
1.378
0.903
0.959
0.876
2.148
2.239
2.042
0.969
1.263
1.009
0.813
0.956
0.710
2.989
3.090
3.009
1.915
1.970
1.880
2.336
2.481
2.388
1.468
1.566
1.360
0.928
1.035
0.968
1.428
1.479
1.431
1.818
1.891
1.819
1.638
1.995
1.589
0.740
0.801
0.761
1.048
1.240
1.248
3.984
4.058
3.979
1.457
1.652
1.431
2.051
2.075
2.329
2.095
2.163
1.937
1.204
1.321
1.291
1.001
1.150
0.970
0.824
0.949
0.910
1.390
1.488
1.429
1.637
1.910
1.878
1.171
1.300
1.249
1.188
1.273
1.230
0.706
0.952
0.866
1.084
1.250
1.066
2.150
2.310
2.266
0.660
0.715
0.691
0.729
0.852
0.776
2.099
2.347
2.218
1.027
1.035
0.982
1.718
1.900
1.757
1.233
1.731
1.457
1.233
1.396
1.148
0.995
1.086
0.947
0.552
0.783
0.670
1.356
1.457
1.229
0.915
0.993
0.983
1.415
1.462
1.415
2.317
2.388
2.247
1.057
1.256
1.213
1.594
1.869
1.691
0.734
1.294
1.031
1.406
1.502
1.456
2.127
2.180
2.104
0.652
0.759
0.643
1.038
1.225
1.185
1.817
1.960
1.963
1.343
1.426
1.334
1.248
1.345
1.319
1.511
1.583
1.473
2.305
2.339
2.264
2.202
2.307
2.225
1.622
1.663
1.660
1.271
1.370
1.285
1.312
1.484
1.412
1.604
1.827
1.703
1.175
1.246
1.169
1.740
1.827
1.801
0.802
0.934
0.850
1.561
1.618
1.503
1.253
1.310
1.321
1.946
2.008
1.977
0.840
1.110
0.998
0.772
1.056
0.937
1.988
2.209
2.090
1.455
1.463
1.328
1.597
1.623
1.545
1.915
1.988
1.941
1.155
1.271
1.109
0.838
1.022
0.946
0.744
0.946
0.799
1.127
1.250
1.101
1.469
1.621
1.609
1.146
1.303
1.255
0.912
1.113
0.747
0.816
1.063
0.948
1.560
1.729
1.600
0.674
0.782
0.687
1.800
1.825
1.804
1.111
1.329
1.185
0.908
1.058
0.938
1.631
1.501
1.527
0.733
0.862
0.822
1.573
1.703
1.633
2.962
3.100
2.957
0.881
1.020
0.989
1.643
1.759
1.589
1.503
1.421
1.423
1.879
1.970
1.921
1.624
1.710
1.601
1.238
1.420
1.354
1.014
1.205
1.075
1.309
1.297
1.117
0.484
0.528
0.394
3.961
4.069
4.005
1.940
1.931
1.851
1.755
1.808
1.751
0.443
0.510
0.461
0.919
1.055
0.884
0.837
1.078
0.838
0.837
1.076
0.838
1.235
1.280
1.201
0.985
1.076
0.969
1.077
1.289
1.136
1.336
1.401
1.260
2.465
2.573
2.422
1.922
1.950
1.822
1.436
1.560
1.328
1.113
1.186
1.113
2.408
2.455
2.356
1.877
1.981
1.923
2.163
2.235
1.937
2.209
2.176
2.262
1.328
1.211
1.200
0.636
0.839
0.746
3.075
3.121
3.018
0.725
1.119
0.864
1.714
1.754
1.669
0.748
0.745
0.752
0.942
1.034
1.002
0.843
1.133
0.942
2.111
2.210
2.205
2.884
2.841
2.962
1.656
1.724
1.463
2.348
2.416
2.330
1.593
1.779
1.624
1.501
1.636
1.617
1.330
1.491
1.535
1.142
1.199
1.117
1.207
1.265
1.161
1.997
2.248
2.080
1.487
1.586
1.567
1.068
1.197
1.104
1.357
1.468
1.413
1.198
1.202
1.213
1.209
1.146
1.012
1.186
1.414
1.276
1.127
1.258
1.171
1.131
1.305
1.146
1.340
1.421
1.381
1.453
1.538
1.430
1.313
1.327
1.232
1.095
1.192
0.961
1.792
2.024
1.799
1.485
1.552
1.438
1.361
1.458
1.377
1.951
2.017
1.989
0.766
1.013
0.979
0.884
0.952
0.904
1.565
1.515
1.560
1.721
1.879
1.735
0.832
0.899
0.878
1.033
1.112
0.879
1.852
1.935
1.860
1.387
1.472
1.405
1.456
1.394
1.357
0.940
1.028
0.976
2.394
2.463
2.401
0.801
0.917
0.786
1.249
1.485
1.258
0.851
0.912
0.820
0.893
0.918
1.174
1.195
1.207
1.106
1.115
1.271
1.198
2.077
2.130
2.161
0.454
0.592
0.553
1.591
1.616
1.546
0.647
0.774
0.707
0.838
1.001
0.825
1.478
1.743
1.592
3.404
3.336
3.313
1.865
1.940
1.901
1.587
1.730
1.673
2.495
2.648
2.539
0.987
1.118
1.090
1.502
2.145
1.374
0.933
0.901
0.803
0.784
0.874
0.766
0.743
0.798
0.729
2.330
2.602
2.324
1.628
1.686
1.618
1.000
1.112
1.004
1.961
2.123
1.926
1.322
1.365
1.316
1.113
1.156
1.081
1.350
1.546
1.377
1.107
1.314
1.197
1.144
1.230
1.072
0.545
0.780
0.650
1.950
1.966
1.776
0.556
0.776
0.634
1.220
1.332
1.286
1.407
1.442
1.360
1.024
1.070
0.951
2.636
2.854
2.705
1.881
1.987
1.898
1.846
1.872
1.740
1.794
1.866
1.819
1.579
1.666
1.618
1.149
1.308
1.201
2.158
2.232
2.183
1.534
1.624
1.581
1.792
1.893
1.816
0.825
0.873
0.756
1.887
1.887
1.857
2.316
2.320
2.218
1.067
1.391
1.276
2.054
2.110
2.079
1.840
2.001
1.886
0.990
1.059
0.945
0.814
0.851
0.816
0.892
1.047
0.937
2.662
2.714
2.633
1.326
1.358
1.331
2.117
2.368
2.114
0.828
1.055
0.934
1.461
1.483
1.171
2.148
2.240
2.177
0.919
1.289
1.347
1.282
1.405
1.239
2.106
2.497
2.433
2.225
2.315
2.169
1.901
2.135
1.823
1.371
1.502
1.425
1.687
2.251
1.988
0.556
0.796
0.663
2.144
2.197
2.120
1.266
1.248
1.212
1.002
1.163
1.042
0.931
1.443
1.603
2.603
2.669
2.595
1.267
1.365
1.300
1.826
1.913
1.932
1.419
1.506
1.413
2.122
2.379
2.271
1.324
1.372
1.391
1.829
1.882
1.797
1.709
1.781
1.600
1.340
1.581
1.509
0.779
0.930
0.857
1.154
1.706
1.278
0.944
1.069
0.923
3.994
4.033
3.988
1.156
1.213
1.059
2.108
2.169
2.075
2.000
2.055
1.946
2.328
2.431
2.343
1.490
1.944
1.858
2.068
2.242
2.069
0.983
1.270
1.142
1.348
1.425
1.278
1.015
1.232
1.126
1.632
2.075
1.759
1.407
1.547
1.481
1.137
1.284
1.183
1.016
1.245
1.072
1.244
1.304
1.178
1.126
1.288
1.222
0.993
1.103
1.054
0.514
0.640
0.608
1.251
1.374
1.248
1.503
1.562
1.442
1.592
1.768
1.615
1.198
1.249
1.206
1.493
1.572
1.498
1.221
1.411
1.312
0.926
1.007
0.839
1.503
1.578
1.516
0.949
1.026
0.857
1.499
1.592
1.511
1.526
1.595
1.516
1.759
1.827
1.751
1.755
1.929
1.729
1.802
1.895
1.839
1.894
1.967
2.023
0.850
0.928
0.856
1.208
1.430
1.092
1.476
1.456
1.364
0.954
0.992
0.953
1.820
2.019
1.899
1.608
1.891
1.895
1.820
2.002
1.732
1.650
1.818
1.616
0.771
0.850
0.622
1.936
1.976
1.950
1.597
1.673
1.553
1.572
1.620
1.275
1.182
1.642
1.373
1.746
1.851
1.924
2.588
2.847
2.721
2.588
2.847
2.721
1.322
1.494
1.312
1.318
1.413
1.371
0.928
1.075
0.972
2.372
2.482
2.393
1.854
1.946
1.887
0.929
1.033
0.929
3.188
3.254
3.218
1.966
2.084
2.036
1.353
1.416
1.118
2.642
2.650
2.618
2.535
2.720
2.687
1.128
1.241
0.996
1.384
1.516
1.421
2.039
2.112
2.035
1.133
1.282
1.219
1.737
1.802
1.763
1.622
1.788
1.780
1.976
2.047
1.902
1.380
1.428
1.340
1.100
1.156
1.069
0.617
0.928
0.770
0.817
1.511
0.949
1.634
1.841
1.792
2.024
2.304
2.183
2.330
2.479
2.386
1.031
1.205
0.993
1.427
1.637
1.407
1.108
1.166
0.954
1.207
1.328
1.288
0.639
1.042
0.744
1.023
1.119
1.101
0.811
0.905
0.868
0.955
1.082
0.830
0.949
1.104
1.237
0.798
0.962
0.853
0.808
0.715
0.514
1.943
2.110
2.001
1.214
1.323
1.282
0.871
1.045
0.945
1.567
1.698
1.532
1.373
1.532
1.429
0.995
1.477
0.859
0.855
1.056
0.995
2.062
2.040
1.978
1.929
2.101
2.092
2.783
2.854
2.758
1.350
1.259
1.038
0.785
0.890
0.836
1.905
1.972
1.767
1.535
1.666
1.558
2.478
2.375
2.529
0.874
0.958
0.794
1.356
1.471
1.417
0.963
1.146
0.993
2.564
2.582
2.369
1.574
1.701
1.636
0.912
1.210
0.949
0.912
1.206
0.949
1.360
1.675
1.405
0.835
1.000
0.898
1.115
1.142
1.043
1.258
1.468
1.227
1.258
1.454
1.232
1.224
1.283
1.226
0.960
1.233
1.104
3.728
3.804
3.727
1.191
1.375
1.241
0.896
1.016
0.814
1.406
1.509
1.498
2.086
2.133
2.131
1.763
1.885
1.789
0.594
0.794
0.649
0.959
1.000
0.970
0.777
0.922
0.870
1.553
1.665
1.406
1.401
1.445
1.343
1.605
1.702
1.700
1.139
1.281
1.191
1.907
2.049
1.999
0.796
0.849
0.646
1.184
1.278
1.192
1.785
1.759
1.750
1.501
1.590
1.576
0.699
0.732
0.606
1.504
1.527
1.478
1.626
1.658
1.623
1.587
1.831
1.810
0.827
1.182
0.940
1.724
1.775
1.776
0.948
1.030
0.940
1.422
1.510
1.487
1.434
1.574
1.427
0.974
1.149
1.064
2.534
2.586
2.527
1.704
1.781
1.603
1.033
1.098
1.014
1.991
2.104
2.054
2.675
2.686
2.489
1.726
1.906
1.850
1.191
1.239
1.125
2.068
2.302
2.212
1.145
1.217
1.163
1.204
1.319
1.183
4.045
4.049
4.114
0.998
1.114
1.076
0.677
0.854
0.712
1.236
1.283
1.215
1.521
1.602
1.527
1.654
1.823
1.701
1.034
1.071
0.955
1.898
2.237
2.176
0.875
0.991
0.822
1.121
1.337
1.204
1.558
1.797
1.764
1.080
1.190
1.136
0.661
0.931
0.625
1.092
1.205
1.114
1.200
1.346
1.284
1.456
1.535
1.569
1.197
1.298
1.174
1.104
1.195
1.158
1.839
1.884
1.752
0.957
1.154
1.060
1.428
1.589
1.512
1.369
1.542
1.277
1.145
1.291
1.199
0.736
0.906
0.817
1.114
1.296
1.149
1.436
1.448
1.336
1.851
1.849
1.688
1.667
1.707
1.667
1.154
1.457
1.346
1.327
1.331
1.244
1.405
1.598
1.537
1.095
1.083
1.058
2.059
2.169
2.085
1.023
1.171
1.031
2.306
2.518
2.305
2.253
2.342
2.298
0.890
1.017
0.842
0.824
0.930
0.698
2.430
2.548
2.512
0.669
0.927
0.649
1.842
2.053
1.995
1.495
1.572
1.529
0.652
0.757
0.714
1.135
1.313
1.227
0.796
1.029
0.984
0.785
0.795
0.619
2.129
2.349
2.144
2.484
2.580
2.327
2.085
2.072
2.092
0.741
0.978
0.807
0.707
0.849
0.716
1.074
1.402
1.191
2.374
2.492
2.412
1.273
1.434
1.334
2.136
2.285
1.639
1.562
1.757
1.626
0.711
0.944
0.820
0.902
1.137
0.967
1.498
1.669
1.512
1.697
1.794
1.635
0.913
0.932
0.579
2.169
2.215
2.182
2.074
2.206
2.179
1.718
1.919
1.914
1.902
2.039
1.998
1.103
1.222
1.124
0.579
0.772
0.723
1.024
1.436
1.098
2.410
2.590
2.484
2.260
2.461
2.257
1.375
1.883
1.589
1.153
1.281
1.279
1.149
1.283
1.150
1.041
1.150
1.093
1.210
1.462
1.088
1.083
1.290
1.213
0.801
0.859
0.822
1.167
1.253
1.178
0.824
1.410
1.336
1.349
1.540
1.478
0.631
0.693
0.388
1.270
1.347
1.218
1.618
1.706
1.801
1.871
1.814
1.862
1.580
1.658
1.596
0.886
0.854
0.722
1.594
1.584
1.619
0.766
0.882
0.842
1.886
1.991
1.913
1.650
1.983
1.846
0.809
0.981
0.904
1.316
1.458
1.371
1.163
1.241
1.211
2.224
2.245
2.101
0.779
1.228
0.837
1.313
1.575
1.449
3.642
3.670
3.681
1.230
1.640
1.330
1.926
2.020
1.881
1.220
1.033
1.138
0.797
1.009
0.836
1.950
2.230
1.961
1.060
1.441
1.093
1.346
1.485
1.305
2.228
2.285
2.280
1.554
1.738
1.293
3.041
3.053
3.022
1.163
1.491
1.398
1.813
1.782
1.707
1.804
2.007
1.961
1.156
1.175
1.152
1.460
1.570
1.466
1.539
1.735
1.431
1.226
1.382
1.368
1.411
1.448
1.234
1.249
1.399
1.330
1.530
1.776
1.699
1.362
1.522
1.415
1.658
1.854
1.777
1.179
1.234
1.190
2.025
2.135
2.066
1.346
1.460
1.335
1.707
1.717
1.804
1.956
1.895
1.824
0.704
0.896
0.788
2.218
2.255
1.955
0.643
0.771
0.724
1.725
1.811
1.723
1.390
1.618
1.476
1.214
1.306
1.637
0.826
1.156
0.965
0.870
1.146
1.034
0.925
1.256
1.109
0.801
0.927
0.841
1.431
1.550
1.505
0.378
0.620
0.504
1.013
1.507
1.332
1.267
1.447
1.275
1.057
1.127
1.061
1.090
1.156
1.095
1.840
2.061
1.682
0.926
1.090
0.978
2.252
2.333
2.238
0.763
1.020
0.926
1.310
1.525
1.547
1.178
1.513
1.346
2.226
2.248
2.138
0.841
1.018
0.937
1.314
1.459
1.331
2.320
2.496
2.243
1.387
1.781
1.540
1.146
1.173
1.166
0.573
0.844
0.651
1.138
1.113
0.899
0.931
0.978
0.953
1.714
1.769
1.584
1.228
1.313
1.241
1.451
1.480
1.429
1.310
1.365
1.330
0.969
0.913
0.826
1.029
1.227
1.049
1.047
1.171
1.112
0.936
0.966
0.923
1.043
1.143
1.030
0.787
0.898
0.862
0.860
0.951
0.797
1.481
1.514
1.420
0.665
0.791
0.751
1.706
1.862
1.692
0.804
0.963
0.647
1.409
1.547
1.440
1.654
1.666
1.514
1.282
1.360
1.309
0.846
1.083
0.918
0.945
1.025
0.889
1.111
1.302
1.214
1.668
1.790
1.701
1.420
1.573
1.459
1.957
2.172
1.909
0.574
0.852
0.803
1.654
1.782
1.609
0.576
0.823
0.591
1.605
1.692
1.967
0.796
0.903
0.760
0.490
0.641
0.562
1.632
1.840
1.578
1.635
1.770
1.671
1.798
1.989
2.298
1.945
2.133
2.445
1.798
1.989
2.298
1.945
2.133
2.445
1.945
2.133
2.445
1.798
1.989
2.298
1.728
1.910
2.183
0.851
0.818
0.819
0.956
1.045
0.964
0.750
1.006
0.779
1.193
1.224
1.190
1.689
1.742
1.659
3.288
3.257
3.021
1.261
1.430
1.198
1.413
1.585
1.454
2.047
2.085
2.237
2.559
2.537
2.536
1.394
1.464
1.338
1.133
1.262
1.158
2.272
2.358
2.310
1.775
1.984
1.810
0.617
0.708
0.652
2.556
2.521
2.417
1.759
1.729
1.689
1.097
1.343
1.104
1.087
1.282
1.199
1.150
1.314
1.227
1.637
1.670
1.480
0.798
0.820
0.598
0.737
0.857
0.792
1.269
1.515
1.352
1.355
1.646
1.459
1.253
1.413
1.322
0.646
0.953
0.685
1.711
1.745
1.704
1.767
1.856
1.717
1.820
1.864
1.470
2.499
2.704
2.520
1.101
1.198
1.124
0.781
0.897
0.848
0.987
1.019
0.952
1.256
1.304
1.288
1.243
1.378
1.212
1.778
1.921
1.818
0.826
1.699
1.061
2.116
2.269
2.515
0.802
0.905
0.827
1.019
1.098
1.038
0.590
0.794
0.688
1.557
1.679
1.361
0.910
0.978
0.897
1.140
1.234
1.095
0.907
1.015
0.856
1.470
1.561
1.488
1.207
1.389
1.220
1.578
1.583
1.569
1.354
1.514
1.347
1.560
1.607
1.440
2.808
2.836
2.742
1.378
1.430
1.331
1.658
1.825
1.666
1.706
1.758
1.664
0.824
0.957
0.789
1.463
1.502
1.466
2.419
2.500
2.302
0.793
0.875
0.844
1.391
1.424
1.378
1.088
1.173
1.119
0.827
0.943
0.831
1.150
1.155
1.110
1.453
1.664
1.698
1.505
1.668
1.518
0.977
1.119
0.978
0.805
0.876
0.828
2.527
2.641
2.645
3.944
4.015
3.958
0.846
0.949
0.749
1.738
1.805
1.647
1.738
1.886
1.723
0.717
0.744
0.643
1.248
1.367
1.261
1.392
1.485
1.421
2.329
2.366
2.256
1.720
1.842
1.768
1.424
1.818
1.519
1.513
1.512
1.461
1.614
1.722
1.514
0.822
1.003
0.926
1.140
1.258
1.159
1.746
1.808
1.799
1.214
1.323
1.253
1.147
1.208
1.434
0.856
1.212
0.927
1.178
1.267
1.270
1.682
1.858
1.748
1.377
1.484
1.446
1.795
1.887
1.849
3.571
3.670
3.481
1.337
1.398
1.384
0.599
0.932
0.735
1.392
1.560
1.427
1.660
1.781
1.755
2.626
2.487
2.500
1.549
1.642
1.599
0.981
1.058
1.050
1.523
1.543
1.551
1.348
1.609
1.381
1.118
1.532
1.226
2.336
2.486
2.349
2.256
2.262
2.191
2.804
2.869
2.820
0.696
0.646
0.666
2.162
2.299
2.194
0.974
1.181
1.195
1.803
1.903
1.772
1.068
1.097
0.980
0.607
0.695
0.502
1.100
1.142
1.043
0.809
0.867
0.824
1.405
1.558
1.458
1.050
1.109
1.223
1.166
1.236
1.195
4.152
4.169
4.098
1.230
1.455
1.263
1.811
2.027
1.852
1.302
1.340
1.307
2.194
2.070
2.033
2.161
2.242
2.183
1.229
1.345
1.136
1.905
2.024
1.954
1.852
1.948
1.861
1.537
1.683
1.487
2.036
2.109
2.087
1.644
1.802
1.687
1.369
1.420
1.374
1.369
1.451
1.389
1.224
1.473
1.364
1.818
1.905
1.800
1.789
2.028
1.922
1.085
1.232
1.144
1.719
1.878
1.703
1.716
1.793
1.723
0.740
0.965
0.814
1.265
1.410
1.417
1.188
1.330
1.285
0.709
1.044
0.866
1.927
2.073
1.962
1.397
1.531
1.437
1.169
1.224
0.646
1.481
1.671
1.597
1.699
1.815
1.622
0.530
0.678
0.648
0.798
1.086
0.934
0.869
0.877
0.888
1.720
1.894
1.733
1.358
1.514
1.464
1.798
1.846
1.766
1.591
1.664
1.599
1.245
1.525
1.168
1.468
1.899
1.625
0.938
1.212
0.961
1.285
1.368
1.257
1.530
1.715
1.644
1.315
1.307
1.030
1.494
1.604
1.461
0.873
1.558
1.086
1.172
1.232
1.106
1.877
1.971
1.908
0.900
0.966
0.924
0.808
0.909
0.698
1.877
1.952
1.932
1.721
1.952
1.894
1.615
1.797
1.985
1.455
1.721
1.574
3.310
3.314
3.287
1.215
1.439
1.347
1.623
2.080
1.735
1.276
1.426
1.302
1.413
1.634
1.667
0.900
0.958
0.888
1.429
1.460
1.214
0.700
0.779
0.712
1.010
1.266
1.078
0.926
0.986
0.921
0.623
0.716
0.624
0.745
0.881
0.831
0.609
0.853
0.855
0.489
0.652
0.553
0.800
0.991
0.700
1.921
1.988
1.866
1.951
2.014
1.980
1.041
1.253
0.959
1.450
1.550
1.488
1.715
1.719
1.707
0.712
0.791
0.573
1.008
1.217
1.010
2.053
2.241
2.131
1.410
1.465
1.316
1.370
1.595
1.440
2.153
2.356
2.190
0.814
1.002
0.903
1.376
1.514
1.472
1.253
1.385
1.273
0.678
0.807
0.658
1.480
1.690
1.525
1.518
1.566
1.507
1.444
1.531
1.384
1.434
1.754
1.492
1.213
1.224
1.195
2.204
2.738
2.227
1.738
1.756
1.700
0.577
0.643
0.419
2.261
2.272
2.309
2.080
2.132
2.093
1.448
1.517
1.470
1.684
1.795
1.589
1.523
1.499
1.424
0.842
0.848
0.816
2.744
2.896
2.677
1.448
1.422
1.236
1.482
1.535
1.310
0.503
0.665
0.545
1.279
1.431
1.334
0.858
1.400
0.885
0.727
0.919
0.867
0.823
1.195
0.820
0.823
1.214
0.906
2.084
2.074
2.131
0.915
1.168
1.009
0.831
0.902
0.856
0.783
1.088
0.770
0.817
0.988
0.892
2.332
2.387
2.342
1.234
1.387
1.277
1.739
2.050
1.885
1.629
1.734
1.650
2.088
2.182
2.064
1.166
1.292
1.183
2.138
2.197
2.146
1.388
1.495
1.431
1.552
1.751
1.499
1.288
1.312
1.206
0.731
0.812
0.767
0.695
0.949
0.750
0.908
1.228
1.131
1.043
1.133
1.032
0.853
0.955
0.772
1.888
2.174
2.026
0.934
1.398
1.116
1.087
1.536
1.645
1.672
1.763
1.634
1.655
1.721
1.735
1.184
1.272
1.167
2.288
2.369
2.312
1.930
2.105
2.093
1.453
1.529
1.524
1.401
1.458
1.405
1.080
1.139
1.066
1.781
2.179
1.800
0.731
0.905
0.821
1.609
1.697
1.682
2.219
2.613
2.302
1.548
1.633
1.593
1.214
1.510
1.372
1.881
1.958
1.911
1.303
1.313
1.225
1.028
1.121
1.026
0.645
0.735
0.558
1.127
1.146
1.321
1.794
1.926
1.861
0.761
1.265
0.683
0.757
1.551
0.493
0.667
0.767
0.655
0.993
1.474
0.903
1.774
1.964
1.688
2.627
2.739
2.626
1.084
1.187
1.079
2.933
3.016
2.980
1.672
1.682
1.626
1.232
1.351
1.246
2.115
2.278
2.174
1.104
1.267
1.184
0.967
1.037
0.972
0.832
0.925
0.880
1.198
1.277
0.942
1.253
1.540
1.340
1.654
1.899
1.746
1.588
1.657
1.631
0.902
1.331
1.456
1.694
1.794
1.696
0.866
0.988
0.939
3.038
3.116
3.055
1.390
1.428
1.353
2.115
2.230
2.134
1.210
1.232
1.241
0.667
0.894
0.851
0.667
0.894
0.851
0.667
0.894
0.851
1.224
1.390
1.197
0.716
0.840
0.715
0.961
1.122
0.956
1.679
1.735
1.668
0.791
0.907
0.845
0.759
0.984
0.858
0.809
0.918
0.780
0.932
1.142
0.973
0.932
1.310
1.164
1.392
1.349
1.207
1.038
1.639
1.173
1.209
1.781
1.317
1.066
1.124
1.300
0.945
1.097
1.007
1.436
1.572
1.468
0.990
1.099
0.997
1.564
1.600
1.577
1.502
1.777
1.702
1.790
1.956
1.864
3.198
3.324
3.006
1.014
1.125
1.088
1.205
1.350
1.236
1.310
1.289
1.089
0.864
0.938
0.626
1.557
1.753
1.625
0.601
0.763
0.683
1.009
1.076
1.033
1.571
1.734
1.512
1.276
1.326
1.305
1.729
2.299
1.808
1.912
1.970
1.898
0.991
1.072
1.015
1.292
2.037
1.206
1.293
1.268
1.275
0.629
0.686
0.509
2.133
2.340
2.172
1.544
1.665
1.581
1.018
1.050
1.007
0.727
1.036
0.772
3.431
3.342
3.466
1.556
1.635
1.481
1.436
1.488
1.447
0.482
0.664
0.501
2.111
2.216
2.036
1.292
1.460
1.296
1.310
1.519
1.346
1.652
1.993
1.756
0.955
1.156
0.968
0.811
0.876
0.802
1.356
1.476
1.370
1.346
1.444
1.276
1.659
1.814
1.767
0.901
1.051
0.915
1.143
1.162
1.012
1.177
1.300
1.280
1.212
1.445
1.328
0.841
1.131
0.845
0.611
0.672
0.629
1.626
1.860
1.606
1.062
1.113
1.056
1.357
1.401
1.584
1.117
1.179
1.115
0.477
0.768
0.529
2.390
2.419
2.390
1.111
1.276
1.214
0.905
1.059
0.968
1.647
1.798
1.694
2.477
2.634
2.485
1.477
1.481
1.354
1.654
1.621
1.715
0.770
0.813
0.796
1.936
2.045
2.026
0.905
0.993
0.915
2.178
2.234
2.261
1.518
1.763
1.624
3.491
3.535
3.436
3.023
3.138
3.179
1.056
1.326
1.070
1.282
1.236
1.158
1.022
0.921
0.652
1.335
1.397
1.301
1.039
1.204
1.085
2.249
2.363
2.224
1.392
1.494
1.407
0.864
0.934
0.726
1.571
1.634
1.306
2.035
2.035
1.946
1.037
1.288
1.110
2.716
2.774
2.733
1.563
1.611
1.595
1.862
1.967
1.832
0.806
0.934
0.841
0.974
1.083
0.910
1.205
1.138
1.148
0.884
1.146
0.998
1.243
1.484
1.328
2.267
2.512
2.388
0.995
1.085
0.918
1.335
1.362
1.299
0.936
1.115
1.161
0.755
0.879
0.801
0.804
1.287
0.706
0.992
1.108
0.918
0.584
0.724
0.648
0.977
1.079
1.033
1.493
1.552
1.512
2.226
2.147
2.186
3.076
3.159
2.767
2.887
3.195
3.080
1.837
2.035
1.776
1.837
1.974
1.775
1.076
1.312
1.186
1.534
1.703
1.509
0.819
0.874
0.786
1.652
1.616
1.541
1.331
1.506
1.404
0.922
1.143
1.061
0.932
1.000
0.928
1.485
1.615
1.475
1.264
1.402
1.317
1.164
1.209
1.030
1.632
1.603
1.568
0.976
1.076
1.025
0.955
1.300
1.195
1.233
1.325
1.300
1.008
1.133
1.050
1.530
1.743
1.789
0.744
0.873
0.758
1.468
1.423
1.226
1.700
1.850
1.713
0.920
1.005
0.947
0.771
0.842
0.741
2.227
2.394
2.201
1.502
1.565
1.516
1.077
1.181
1.081
1.115
1.298
1.364
1.471
1.802
1.601
1.180
1.328
1.233
1.267
1.408
1.280
0.611
0.945
0.752
2.273
2.534
2.515
0.717
0.762
0.682
0.717
0.747
0.765
1.284
1.421
1.382
1.179
1.386
1.235
2.363
2.690
2.470
0.974
1.176
0.958
0.777
0.920
0.826
1.434
1.462
1.393
1.017
1.054
1.032
1.430
1.522
1.478
1.329
1.421
1.236
1.208
1.470
1.169
1.058
1.196
1.146
1.606
1.631
1.469
1.178
1.411
1.193
1.758
1.987
1.680
1.163
1.138
0.971
1.797
1.875
1.836
1.518
1.519
1.491
2.291
2.341
2.111
1.303
1.460
1.376
1.723
1.834
1.829
1.055
1.207
1.134
1.109
1.253
1.069
1.114
1.300
1.203
1.198
1.226
1.134
1.409
1.532
1.491
1.545
1.734
1.578
1.385
1.534
1.286
1.467
1.663
1.737
1.869
2.013
1.763
1.601
1.779
1.691
0.718
1.172
0.929
0.629
0.789
0.706
1.058
1.184
0.828
0.696
0.793
0.729
2.072
2.197
1.969
1.600
1.681
1.563
0.966
1.214
1.064
1.273
1.361
1.275
0.656
0.810
0.731
1.571
1.680
1.609
1.777
1.933
1.498
0.629
0.789
0.706
1.570
1.620
1.562
1.485
1.628
1.509
0.614
0.771
0.690
0.812
1.028
0.860
1.120
1.237
1.158
0.614
0.771
0.690
1.389
1.483
1.403
0.895
1.050
0.994
0.873
0.960
1.198
2.238
2.335
2.352
1.367
1.559
1.478
1.346
1.416
1.302
0.614
0.771
0.690
1.499
1.573
1.313
0.924
1.010
0.918
0.614
0.771
0.690
0.688
0.806
0.691
0.981
1.129
1.024
1.181
1.229
1.222
0.852
0.933
0.907
1.170
1.463
1.317
1.472
1.558
1.292
0.757
0.922
0.663
0.757
0.929
0.719
0.757
0.952
0.719
1.845
2.005
1.971
1.444
1.718
1.516
0.590
0.788
0.664
1.060
1.192
1.133
0.629
0.789
0.706
1.129
1.283
1.208
1.463
1.513
1.427
0.877
1.043
0.882
0.661
0.774
0.717
0.621
1.300
0.831
1.814
1.899
1.753
1.722
1.663
1.654
0.944
0.993
0.965
1.394
1.487
1.390
1.297
1.425
1.261
0.729
0.865
0.801
2.199
2.613
2.398
0.966
1.103
1.003
0.994
1.169
1.089
0.614
0.771
0.690
0.854
1.134
0.931
0.693
0.887
0.615
0.922
0.919
0.859
1.121
1.162
0.934
1.693
1.731
1.688
1.794
1.843
1.769
1.240
1.251
1.235
0.725
0.866
0.744
1.576
1.717
1.634
0.884
1.001
0.857
1.341
1.510
1.403
1.415
1.582
1.336
0.923
1.544
1.128
1.661
1.894
1.716
0.922
1.143
0.951
1.346
1.466
1.243
0.959
1.065
1.026
0.713
0.816
0.728
0.721
0.748
0.711
2.489
2.545
2.456
1.006
1.076
0.992
1.822
1.876
1.800
2.084
2.364
2.208
3.925
3.948
3.821
0.755
0.885
0.841
1.054
1.292
1.151
1.039
1.165
0.937
1.711
1.884
1.705
3.329
3.446
3.407
0.987
1.229
0.845
0.798
0.980
0.895
1.205
1.480
1.283
0.720
0.772
0.679
1.030
1.113
1.077
1.110
1.381
1.188
1.322
1.643
1.378
2.104
2.317
2.186
1.687
1.797
1.699
1.130
1.310
1.220
1.190
1.384
1.232
2.149
2.257
2.151
1.082
1.194
1.133
1.551
1.617
1.513
1.434
1.539
1.503
1.916
2.007
1.882
1.529
1.449
1.827
2.627
2.691
2.651
0.764
0.733
0.571
0.584
0.864
0.695
1.571
1.838
1.654
1.561
1.690
1.605
1.174
1.242
1.184
2.086
2.042
1.947
1.710
1.772
1.733
1.875
1.905
1.883
1.253
1.370
1.291
1.026
1.095
1.041
0.996
1.159
1.074
0.710
0.761
0.761
1.393
1.486
1.437
1.118
1.346
1.295
1.070
1.267
1.149
0.788
1.152
0.972
1.517
1.543
1.547
1.435
1.593
1.574
2.373
2.399
2.334
1.589
1.643
1.587
2.044
2.174
2.096
1.116
1.355
1.328
1.589
1.671
1.649
1.090
1.278
1.126
1.492
1.565
1.510
0.587
0.885
0.815
1.126
1.127
1.170
1.442
1.616
1.549
0.545
0.649
0.654
0.882
1.076
1.016
1.110
1.235
1.117
2.077
2.111
2.103
1.586
1.882
1.711
1.110
1.179
1.073
2.116
2.193
2.077
1.030
1.203
1.136
2.232
2.332
2.232
1.964
2.116
1.994
1.836
2.086
1.896
2.216
2.333
2.228
0.836
1.651
1.082
2.968
3.136
3.044
2.619
2.688
2.575
1.831
2.012
1.880
1.216
1.299
1.214
1.444
1.537
1.493
0.756
0.862
0.816
1.135
1.181
1.154
1.591
1.717
1.708
2.770
2.860
2.799
2.181
2.240
2.228
0.984
1.129
1.025
1.775
1.884
1.877
0.810
1.005
0.896
1.291
1.349
1.308
1.463
1.505
1.476
1.407
1.676
1.536
1.115
1.290
1.192
0.919
1.049
1.006
1.365
1.382
1.190
2.298
2.320
2.293
1.974
1.968
2.013
2.311
2.369
2.394
1.022
1.155
1.117
1.249
1.361
1.295
1.362
1.376
1.324
0.795
0.888
0.806
2.055
2.126
2.123
1.268
1.719
1.717
0.546
0.776
0.723
0.742
0.779
0.672
1.815
1.881
1.754
0.939
1.157
1.021
1.619
1.632
1.571
1.715
1.889
1.749
1.444
1.524
1.499
0.925
1.156
1.074
1.148
1.213
1.104
1.613
1.637
1.393
2.878
2.981
2.964
1.427
1.410
1.241
1.321
1.455
1.315
0.815
0.990
0.883
2.768
2.800
2.534
1.613
1.607
2.030
2.590
2.564
2.469
1.049
1.151
1.004
2.242
2.236
2.034
1.972
2.107
1.942
1.644
1.728
1.675
0.945
1.119
1.024
1.819
2.108
2.137
1.214
1.391
1.382
1.501
1.571
1.307
1.506
1.571
1.722
0.944
1.040
1.001
0.669
0.782
0.727
1.070
1.246
1.155
1.070
1.246
1.155
1.070
1.246
1.155
2.130
2.217
2.114
0.964
1.128
0.896
1.608
1.806
1.727
0.575
0.592
0.602
1.547
1.747
1.622
1.018
1.321
1.283
0.768
0.894
0.782
1.887
1.972
1.686
1.494
1.673
1.496
0.934
1.050
0.979
0.771
1.084
0.946
1.455
1.973
1.727
1.089
1.214
1.147
1.540
1.480
1.617
1.955
2.075
1.704
1.835
2.117
1.839
1.246
1.361
1.285
1.635
1.628
1.545
2.010
2.144
2.138
2.277
3.265
2.231
1.522
1.640
1.553
0.997
1.096
0.989
1.079
1.111
0.957
0.987
1.243
1.205
1.038
1.194
1.158
1.612
1.578
1.459
1.634
1.797
1.565
1.795
2.021
2.058
2.436
2.578
2.479
1.580
1.688
1.483
1.006
1.214
1.139
1.184
1.296
1.221
0.488
0.725
0.607
1.469
1.688
1.586
1.431
1.364
1.288
1.580
1.635
1.520
1.703
1.955
1.820
0.888
1.030
0.985
2.092
2.134
1.946
0.868
0.887
0.781
1.042
1.141
0.912
1.524
1.649
1.551
2.087
2.163
1.856
0.810
0.885
0.784
0.641
0.696
0.610
0.625
0.717
0.612
0.529
0.673
0.597
0.657
0.773
0.708
1.085
1.224
1.162
2.201
2.592
2.322
1.078
1.065
1.050
0.818
0.977
0.874
1.089
1.168
1.066
1.303
1.409
1.230
1.720
1.843
1.766
1.036
1.128
1.081
1.011
1.088
1.057
0.912
1.078
0.959
1.172
1.293
1.156
1.522
1.787
1.567
1.197
1.375
1.333
0.432
0.543
0.483
1.025
0.979
0.968
2.450
2.400
2.440
1.371
1.557
1.428
1.044
1.213
1.088
0.426
0.676
0.605
0.426
0.676
0.605
0.426
0.676
0.605
1.078
1.156
1.105
1.339
1.458
1.241
0.871
0.920
0.642
1.089
1.279
1.261
0.612
0.697
0.602
1.781
1.943
1.827
1.839
1.926
1.876
1.222
1.417
1.211
0.891
1.045
0.967
1.604
1.819
1.711
1.513
1.918
1.756
1.104
1.192
1.111
0.889
1.062
0.807
0.731
0.739
0.684
1.586
1.665
1.637
1.241
1.365
1.329
1.241
1.440
1.329
1.514
1.736
1.629
1.569
1.762
1.572
0.690
0.918
0.846
2.307
2.406
2.266
0.693
0.772
0.727
1.314
1.373
1.318
0.945
1.003
0.960
1.349
1.484
1.427
1.012
1.053
0.879
0.340
0.642
0.531
0.686
0.954
0.835
1.077
1.319
1.336
1.535
1.649
1.470
0.565
0.571
0.452
1.503
1.467
1.448
1.918
2.082
1.987
0.742
0.825
0.777
1.698
1.808
1.643
1.301
1.426
1.300
0.949
0.926
1.009
1.432
1.617
1.404
1.844
2.010
1.915
1.348
1.530
1.359
1.973
2.101
1.948
1.078
1.236
1.167
1.086
1.318
1.176
0.938
1.139
1.025
1.674
1.747
1.714
1.207
1.334
1.270
0.777
0.946
0.880
0.777
0.946
0.880
1.907
1.970
1.979
0.791
1.014
0.811
1.716
1.736
1.671
1.397
1.586
1.426
0.748
0.862
0.740
1.248
1.336
1.231
1.367
1.495
1.333
0.757
0.974
0.795
2.103
2.161
2.012
1.736
1.871
1.773
1.595
1.719
1.620
2.731
2.747
2.701
1.466
1.754
1.585
0.970
1.028
0.960
1.288
1.397
1.305
1.525
1.718
1.622
1.369
1.479
1.332
0.881
0.915
0.950
1.801
1.929
1.785
1.585
1.822
1.665
1.501
1.606
1.503
0.811
0.934
0.849
1.444
1.414
1.179
1.250
1.333
1.311
0.509
0.624
0.499
0.835
0.887
0.818
0.754
0.881
0.812
1.587
1.650
1.631
0.977
1.049
0.997
1.046
1.282
1.070
1.668
1.838
1.736
2.009
2.603
2.151
1.640
1.858
1.814
1.167
1.326
1.192
0.878
0.985
0.933
1.189
1.140
0.963
0.873
1.135
0.978
1.050
1.147
1.087
0.987
1.072
0.999
1.761
1.936
1.811
0.613
1.098
0.886
1.980
2.103
2.061
1.033
1.122
1.018
2.056
2.221
1.942
0.705
0.751
0.712
1.361
1.452
1.274
2.698
2.781
2.762
2.489
2.721
2.601
0.734
0.896
0.822
1.957
2.106
1.989
1.265
1.393
1.241
1.104
1.331
1.157
2.132
2.512
2.184
1.666
1.748
1.677
2.100
2.157
2.126
0.861
1.005
0.845
1.532
1.490
1.324
0.874
0.982
0.928
2.276
2.463
2.272
1.741
1.837
1.573
1.194
1.332
1.231
0.536
0.715
0.616
0.560
0.551
0.448
1.545
1.656
1.602
1.086
1.306
1.129
2.620
2.810
2.734
1.392
1.553
1.444
1.569
1.710
1.718
0.738
0.949
0.851
0.874
0.982
0.928
1.737
1.818
1.747
0.795
1.165
0.924
0.829
0.939
0.671
0.801
0.873
0.790
1.489
1.582
1.528
0.837
0.984
0.866
1.402
1.559
1.471
0.860
0.913
0.909
0.878
0.985
0.933
0.653
0.720
0.612
1.151
1.160
1.084
0.927
1.050
0.891
1.093
1.118
1.093
0.610
0.757
0.648
1.522
1.600
1.523
0.697
0.891
0.770
2.960
3.309
3.101
2.960
3.309
3.101
2.960
3.309
3.101
0.925
1.040
0.965
0.874
0.982
0.928
1.674
1.733
1.656
1.231
1.311
1.261
0.726
0.730
0.597
0.947
1.040
0.919
1.381
1.533
1.370
1.153
1.272
1.134
0.779
0.850
0.827
1.673
1.728
1.666
0.947
1.107
0.993
2.065
2.164
2.020
0.884
0.764
0.805
0.874
0.982
0.928
0.921
1.061
1.004
0.989
1.129
1.037
0.836
0.889
0.775
2.584
2.621
2.501
0.636
0.947
0.785
1.040
1.301
1.180
2.060
2.239
2.054
0.754
0.822
0.767
0.544
0.899
0.671
2.123
2.293
2.205
1.359
1.434
1.319
1.773
1.866
1.782
1.345
1.445
1.362
1.786
1.818
1.783
1.144
1.283
1.207
1.013
1.358
1.139
1.900
2.034
1.923
1.238
1.416
1.279
1.975
2.171
2.118
1.186
1.268
1.235
1.663
1.716
1.723
1.468
1.434
1.432
0.663
0.946
0.702
1.154
1.363
1.219
1.538
1.488
1.545
1.821
1.972
1.882
2.157
2.336
2.235
1.189
1.246
1.111
2.736
2.587
2.441
1.154
1.142
0.869
1.916
1.936
1.866
1.548
1.742
1.694
1.061
1.188
1.130
1.826
2.066
1.854
1.639
1.947
1.785
2.468
2.536
2.479
1.953
2.074
1.971
1.642
1.907
1.830
1.777
1.745
1.736
1.021
1.391
1.096
1.669
1.751
1.607
1.661
1.772
1.734
1.515
1.449
1.477
2.583
2.678
2.637
2.320
2.306
2.316
0.743
0.869
0.750
1.248
1.449
1.369
1.837
1.935
1.892
1.412
1.650
1.418
1.268
1.762
1.406
1.478
1.622
1.492
1.731
1.726
1.610
0.869
0.942
0.900
1.056
1.042
1.167
1.190
1.367
1.269
1.569
1.613
1.528
0.799
0.969
0.795
0.799
0.969
0.795
1.271
1.381
1.321
1.345
1.352
1.292
0.779
0.872
0.696
2.057
2.211
2.053
1.548
1.458
1.450
0.852
0.981
0.766
1.072
1.301
1.182
0.559
0.574
0.562
1.009
1.144
1.064
2.634
2.750
2.089
1.451
1.314
1.009
0.506
0.663
0.523
2.080
2.154
2.244
1.061
1.172
1.127
0.936
1.086
0.977
1.136
1.424
1.110
1.753
1.855
1.704
1.221
1.266
1.183
2.163
2.391
2.206
1.222
1.035
0.908
1.980
1.994
1.967
1.546
1.658
1.580
1.078
1.152
0.937
1.593
1.945
1.732
0.719
0.813
0.683
2.380
2.537
2.382
2.069
2.186
2.122
0.806
0.958
0.874
1.177
1.264
1.145
1.478
1.580
1.487
1.196
1.448
1.100
1.730
1.817
1.641
2.477
2.514
2.515
0.811
0.989
0.880
1.144
1.366
1.261
1.601
1.874
1.639
0.993
1.057
1.211
1.524
1.663
1.607
0.637
0.767
0.663
1.293
1.416
1.280
0.984
1.062
0.924
3.261
3.371
3.329
1.785
2.192
1.910
0.765
0.847
0.767
0.905
1.012
0.900
1.115
1.177
1.170
2.269
2.208
1.951
1.088
1.183
1.011
1.383
1.437
1.386
0.840
0.886
1.221
1.091
1.222
1.157
1.715
1.931
1.748
0.883
1.013
0.931
2.928
3.009
2.986
2.902
2.949
2.881
1.797
2.087
1.906
1.117
1.251
1.190
1.757
1.756
1.750
1.488
1.730
1.514
1.884
2.068
1.977
1.207
1.273
1.189
1.344
1.576
1.483
1.333
1.518
1.392
0.927
1.097
0.980
0.395
0.461
0.384
1.141
1.238
1.211
0.966
1.166
1.034
0.756
0.841
0.767
2.113
2.282
2.217
1.275
1.667
1.526
1.144
1.329
1.223
0.570
0.924
0.781
1.544
1.830
1.706
1.673
1.682
1.452
0.869
0.926
0.877
1.658
1.850
1.597
1.382
1.437
1.535
1.350
1.508
1.387
1.116
1.216
0.937
2.249
2.293
2.232
0.799
1.054
0.867
0.799
0.967
0.867
2.067
2.191
1.929
1.418
1.568
1.489
1.337
1.411
1.302
1.114
1.334
1.227
0.666
0.761
0.698
0.754
0.879
0.776
1.104
1.205
1.108
0.637
0.646
0.620
2.088
2.171
2.040
1.131
1.220
1.026
0.886
1.032
0.923
0.980
1.124
1.006
2.116
2.251
2.072
3.021
3.084
2.983
1.353
1.417
1.371
0.917
0.992
0.986
0.913
0.989
0.990
0.635
0.817
0.720
1.420
1.444
1.399
1.610
1.545
1.616
1.403
1.408
1.314
1.049
1.269
1.093
0.676
0.847
0.758
0.600
0.688
0.600
1.340
1.431
1.347
1.717
1.806
1.714
0.867
0.932
0.856
0.965
0.968
0.954
0.874
0.982
0.928
0.874
0.982
0.928
1.295
1.362
1.310
1.106
1.473
1.339
1.143
1.281
1.211
0.842
0.950
0.854
0.982
1.487
1.025
1.415
1.694
1.572
0.473
0.647
0.609
1.552
1.685
1.716
2.436
2.408
2.449
0.812
0.985
0.898
2.330
2.344
2.236
1.118
1.421
1.110
1.146
1.219
0.955
1.798
1.909
1.836
1.707
1.787
1.687
0.984
1.050
0.988
0.694
0.854
0.699
1.501
1.565
1.473
0.695
0.892
0.817
0.827
0.906
0.756
2.572
2.682
2.648
1.752
1.788
1.731
1.699
1.776
1.735
1.021
0.995
0.976
1.878
2.059
1.921
0.809
1.000
0.923
1.171
1.225
1.175
1.129
1.241
1.142
1.688
1.828
1.782
1.471
1.617
1.285
1.297
1.529
1.301
1.234
1.360
1.279
2.567
2.677
2.536
0.587
0.608
0.568
0.587
0.689
0.633
0.961
1.026
1.014
0.914
1.027
0.925
1.092
1.277
1.162
1.710
1.843
1.718
0.869
1.006
0.894
1.066
1.293
1.170
0.676
0.851
0.772
1.974
2.110
1.938
0.987
1.135
1.025
0.830
1.018
0.968
1.225
1.490
1.311
2.739
2.897
2.790
1.783
1.839
1.784
1.495
1.569
1.490
1.282
1.343
1.243
0.975
1.055
0.834
1.167
1.397
1.258
0.813
0.923
0.864
1.677
1.744
1.727
1.538
1.601
1.532
1.078
1.226
1.152
1.605
1.789
1.708
2.102
2.422
2.175
1.454
1.552
1.451
1.559
1.647
1.528
1.386
1.481
1.396
0.774
0.879
0.901
1.595
1.651
1.581
1.238
1.246
1.260
1.145
1.229
1.177
1.136
1.287
1.210
1.719
1.860
1.787
1.231
1.292
1.226
1.359
1.449
1.398
0.990
1.144
0.948
0.751
0.618
0.710
0.731
0.787
0.748
1.169
1.237
1.209
0.799
0.880
0.817
0.799
0.898
0.831
1.479
1.497
1.473
1.044
1.184
1.086
1.254
1.535
1.337
1.163
1.316
1.254
1.226
1.314
1.232
0.482
0.696
0.549
0.783
0.850
0.834
0.655
0.766
0.706
0.547
0.751
0.623
0.945
1.086
1.010
1.097
1.561
1.504
1.275
1.485
1.391
2.696
2.769
2.616
0.824
0.956
0.900
0.733
0.916
0.844
1.246
1.475
1.345
1.262
1.283
1.289
2.034
2.104
1.945
1.055
1.120
1.079
1.292
1.399
1.298
3.005
3.070
2.982
1.725
1.917
1.862
0.919
1.064
0.995
0.841
0.875
0.752
1.143
1.400
1.213
1.971
2.201
2.071
1.881
2.070
1.961
1.990
2.126
2.005
0.905
1.101
0.947
0.947
1.061
0.994
0.926
1.083
0.862
1.021
1.615
1.080
0.776
0.867
0.813
0.784
1.019
0.837
0.591
0.636
0.450
1.073
1.315
1.189
0.991
1.175
1.058
0.518
0.745
0.562
1.146
1.295
1.185
1.403
1.445
1.367
1.014
1.526
1.052
0.981
1.117
1.055
0.883
0.887
0.837
0.922
1.048
0.903
1.128
1.212
1.198
0.600
0.701
0.618
0.669
0.775
0.665
1.633
2.169
1.742
0.963
1.001
0.967
0.852
0.997
0.911
1.759
1.875
1.620
1.479
1.812
1.583
2.777
2.852
2.690
1.013
1.117
0.850
0.678
0.809
0.786
0.886
0.991
0.959
0.936
1.373
1.141
1.048
1.083
0.916
1.712
1.866
1.737
0.890
1.173
0.993
1.071
1.317
1.339
1.138
1.222
1.212
1.296
1.463
1.315
0.965
1.089
0.998
1.419
1.531
1.425
0.879
1.035
1.058
1.177
1.249
1.136
0.955
0.915
0.863
0.600
0.912
0.823
1.360
1.437
1.367
0.849
1.100
0.815
2.051
2.086
2.046
0.977
1.076
1.067
1.693
1.780
1.558
1.342
1.355
1.134
1.397
1.445
1.333
1.037
1.139
1.054
1.810
1.861
1.791
1.061
1.260
1.417
0.973
1.038
0.986
1.811
1.903
1.784
1.868
2.007
1.888
0.927
1.431
1.353
2.029
2.030
1.977
0.873
1.132
0.904
0.625
0.693
0.605
0.352
0.466
0.405
0.677
0.751
0.699
1.482
1.680
1.457
0.961
1.040
1.013
1.290
1.643
1.052
0.951
0.974
0.959
1.024
1.101
1.047
1.137
1.232
1.172
1.994
2.072
1.944
1.719
1.858
1.907
1.041
1.138
1.129
0.474
0.585
0.526
0.835
1.002
0.915
0.943
1.165
0.865
1.053
1.134
1.064
0.474
0.585
0.526
0.403
0.540
0.475
0.474
0.585
0.526
1.825
1.863
1.812
1.602
1.688
1.584
1.548
1.610
1.549
1.452
1.675
1.596
0.997
1.084
1.027
1.408
1.581
1.376
1.161
1.233
1.097
0.497
0.594
0.477
1.710
1.773
1.681
2.448
2.627
2.558
1.401
1.554
1.479
0.486
0.727
0.554
2.007
2.029
1.985
1.167
1.368
1.252
0.902
1.154
0.948
0.744
0.833
0.803
0.974
1.039
1.024
1.014
1.331
1.128
1.368
1.327
1.385
1.169
1.349
1.079
0.855
0.986
0.922
0.635
0.796
0.743
1.354
1.517
1.429
1.058
1.063
1.043
1.107
1.262
1.176
1.210
1.386
1.218
0.829
1.023
0.891
1.054
1.099
0.994
0.833
1.023
0.878
1.709
1.774
1.607
2.301
2.355
2.339
2.052
2.224
2.068
1.126
1.272
1.027
1.658
1.897
1.843
0.565
0.703
0.646
0.911
0.924
0.813
1.644
1.852
1.705
1.882
1.900
1.879
1.475
1.559
1.540
1.475
1.559
1.540
1.256
1.353
1.330
1.539
1.569
1.372
1.803
1.897
1.818
1.634
1.662
1.537
1.246
1.353
1.284
1.203
1.525
1.403
1.369
1.440
1.406
1.363
1.573
1.356
2.238
2.573
2.382
1.648
1.870
1.663
0.442
0.673
0.541
3.109
3.157
3.011
1.774
1.961
1.847
1.061
1.439
1.195
1.281
1.743
1.610
2.299
2.421
2.284
1.776
1.789
1.723
1.118
1.368
1.272
1.072
1.081
0.847
2.071
2.168
1.986
1.683
1.915
1.787
2.151
2.347
2.268
1.842
1.913
1.780
0.886
1.002
0.966
1.325
1.538
1.364
1.921
2.003
1.971
1.077
1.218
1.149
0.955
1.149
1.022
0.830
0.914
0.791
1.428
1.548
1.453
1.289
1.354
1.119
1.830
1.972
1.841
1.294
1.321
1.188
1.415
1.563
1.484
2.315
2.429
2.362
0.975
1.086
0.962
1.177
1.360
1.191
1.278
1.336
1.011
1.600
1.759
1.661
0.640
0.719
0.557
1.633
1.819
1.580
1.750
1.647
1.628
1.649
1.707
1.466
1.629
1.735
1.587
2.123
2.207
2.164
1.822
1.982
1.877
1.337
1.554
1.524
1.470
1.643
1.489
1.936
2.042
1.983
1.052
1.272
1.073
1.260
1.470
1.313
1.890
2.188
2.179
1.787
1.944
1.762
0.846
0.907
0.810
1.068
1.324
1.166
3.443
3.515
3.104
3.015
3.268
3.120
1.601
1.663
1.516
1.806
1.911
1.891
0.621
0.940
0.838
1.135
1.306
1.202
0.823
1.009
0.880
1.673
1.835
1.749
1.241
1.466
1.380
0.860
1.288
0.875
0.860
1.170
0.936
0.685
1.005
0.855
1.597
1.555
1.530
1.522
1.797
1.678
0.590
0.583
0.183
0.693
0.914
0.712
1.290
1.368
1.243
1.894
1.931
1.892
2.294
2.462
2.370
2.161
2.331
2.235
1.872
1.929
1.881
1.083
1.195
1.107
1.628
1.805
1.671
0.808
1.000
0.909
1.337
1.257
0.963
1.768
1.823
1.774
1.312
1.416
1.243
1.545
1.671
1.614
1.164
1.449
1.206
1.235
1.246
1.284
1.232
1.432
1.347
0.831
0.677
0.606
0.934
0.912
0.833
1.275
1.226
1.197
1.426
1.642
1.403
0.820
0.924
0.848
1.509
1.539
1.276
0.672
0.794
0.764
1.479
1.590
1.452
1.242
1.462
1.251
0.712
0.748
0.676
1.464
1.532
1.455
1.792
1.905
1.780
1.082
1.268
1.119
1.277
1.463
1.397
0.979
1.636
1.146
2.363
2.498
2.446
1.618
1.770
1.657
0.926
0.993
0.688
1.793
1.880
1.854
1.125
1.214
1.209
1.289
1.355
1.405
1.803
1.874
1.831
1.527
1.792
1.619
0.808
0.940
0.782
0.808
0.940
0.782
0.943
1.159
1.097
0.719
1.093
0.992
0.757
1.178
0.860
1.800
1.981
1.892
0.617
0.727
0.996
1.093
1.325
1.223
2.057
2.107
1.963
1.119
1.396
1.244
1.275
1.433
1.413
1.088
1.034
0.990
0.722
0.810
0.747
1.307
1.438
1.424
1.179
1.261
1.184
0.823
1.173
0.926
1.198
1.249
1.194
1.182
1.309
1.176
0.858
1.010
0.779
0.975
1.022
0.994
1.666
1.727
1.677
1.425
1.580
1.478
0.925
1.020
0.941
0.786
0.868
0.809
1.254
1.287
1.209
1.189
1.466
1.126
1.026
1.165
1.208
1.327
1.466
1.277
1.327
1.525
1.464
1.872
1.998
1.952
1.415
1.563
1.419
1.132
1.221
1.210
1.165
1.580
1.384
2.706
2.795
2.709
1.047
1.235
1.143
1.500
1.713
1.500
1.291
1.388
1.272
0.648
0.814
0.676
1.099
1.253
1.162
0.487
0.615
0.546
0.897
0.996
0.845
1.676
1.678
1.646
1.642
1.688
1.575
0.848
0.983
0.801
1.063
1.158
1.041
1.767
1.903
1.794
0.941
1.047
0.930
1.470
1.665
1.463
1.777
1.814
1.885
1.243
1.333
1.280
2.653
2.789
2.657
1.462
1.678
1.488
1.597
1.707
1.658
0.840
0.987
0.887
1.093
1.147
1.096
1.445
1.461
1.411
1.415
1.870
1.722
1.423
1.482
1.420
1.228
1.485
1.303
1.194
1.271
1.176
1.069
1.315
1.090
2.543
2.611
2.585
1.746
1.834
1.693
0.894
1.198
0.981
1.079
1.173
1.137
0.961
0.911
0.913
0.999
1.056
0.994
0.721
0.773
0.678
0.719
0.939
0.911
1.935
1.925
1.865
0.872
1.046
0.816
1.617
1.690
1.604
1.264
1.498
1.644
1.232
1.351
1.251
1.212
1.302
1.194
1.411
1.602
1.474
0.905
1.020
0.928
1.869
1.933
1.900
1.735
1.763
1.705
1.612
1.835
1.818
1.186
1.299
1.232
1.540
1.664
1.597
0.487
0.615
0.546
0.979
1.069
1.026
1.658
1.866
1.669
1.325
1.363
1.355
1.531
1.494
1.488
1.147
1.310
1.115
1.466
1.613
1.539
1.512
1.580
1.526
1.326
1.431
1.366
1.172
1.424
1.373
1.014
1.122
0.988
1.064
0.977
0.991
0.860
0.957
0.880
0.856
1.070
0.861
1.002
1.302
1.095
1.733
2.070
2.124
1.064
1.157
1.083
0.768
0.820
0.711
1.065
2.349
1.613
1.294
1.382
1.174
2.806
2.830
2.777
0.635
0.737
0.653
0.611
0.630
0.504
0.684
0.807
0.688
0.790
0.846
0.766
0.535
0.675
0.565
1.829
1.868
1.922
0.369
0.576
0.492
1.338
1.467
1.403
0.686
0.844
0.750
1.390
1.537
1.399
0.486
0.596
0.540
1.722
1.735
1.639
1.201
1.340
1.300
1.096
1.462
1.215
1.202
1.279
1.145
1.307
1.524
1.361
1.410
1.501
1.395
1.911
2.013
1.935
0.569
0.714
0.578
1.858
1.948
1.684
1.760
1.853
1.974
0.973
1.141
0.950
1.364
1.671
1.497
0.782
0.952
0.872
1.068
1.241
1.143
2.048
2.098
2.016
1.035
1.265
1.172
0.977
1.261
1.097
1.834
1.875
1.811
1.206
1.291
1.296
0.780
0.923
0.809
1.342
1.338
1.271
1.398
1.504
1.434
1.410
1.609
1.458
0.899
1.032
0.827
1.296
1.534
1.293
1.069
1.230
1.136
0.798
0.898
0.858
1.210
1.306
1.182
1.555
1.707
1.386
1.759
2.201
2.145
1.920
1.937
1.837
1.937
1.929
1.996
1.202
1.251
1.185
1.211
1.240
1.191
2.218
2.310
2.128
1.790
2.028
1.790
1.331
1.470
1.405
0.961
1.196
0.913
1.244
1.230
1.105
1.467
1.480
1.422
2.067
2.185
2.168
1.214
1.548
1.343
2.697
2.873
2.777
1.871
1.840
1.641
0.923
1.064
0.970
0.736
0.940
0.718
1.235
1.257
1.214
1.650
1.853
1.649
0.763
0.845
0.802
1.574
1.644
1.572
1.246
1.362
1.257
0.964
1.114
1.038
0.959
1.024
0.938
1.097
1.139
1.357
0.929
1.010
0.908
1.624
1.789
1.609
2.076
2.338
2.155
0.793
0.836
0.801
1.387
1.510
1.429
1.117
1.169
1.218
0.805
1.183
1.040
0.699
0.945
0.548
1.202
1.352
1.223
1.010
1.162
1.072
0.762
0.988
0.862
0.894
1.142
1.068
1.211
1.453
1.289
1.443
1.582
1.478
1.799
2.012
1.970
1.163
1.310
1.259
2.137
2.233
2.160
0.999
1.140
1.072
1.678
1.832
1.732
1.011
1.209
1.070
1.801
1.882
1.747
1.455
1.528
1.394
0.932
1.064
1.015
1.971
2.028
1.949
0.589
0.847
0.642
1.768
1.910
1.593
1.448
1.456
1.394
0.779
0.831
0.743
0.861
0.904
0.546
0.822
1.133
0.924
1.009
1.189
1.113
1.694
1.856
1.714
1.944
2.020
1.960
0.929
1.337
1.073
1.640
1.712
1.692
0.974
1.022
0.927
1.796
1.885
1.908
0.844
1.076
1.007
1.178
1.469
1.339
1.528
1.751
1.597
1.303
1.560
1.524
1.642
1.945
1.645
1.642
1.901
1.772
2.188
2.222
2.162
1.263
1.260
1.253
2.018
2.045
2.039
1.280
1.377
1.291
1.659
1.663
1.626
1.875
1.946
1.883
1.988
2.027
1.993
2.523
2.605
2.543
1.465
1.789
1.471
0.925
1.088
0.837
1.618
1.419
1.855
0.851
0.959
0.769
1.396
1.552
1.205
2.478
2.506
2.412
1.142
1.234
1.080
1.525
1.590
1.541
1.022
1.191
1.002
0.926
1.259
1.029
1.073
1.028
0.880
1.163
1.544
1.441
1.049
1.098
1.037
1.139
1.493
1.368
1.569
1.745
1.500
1.259
1.175
1.083
1.254
1.313
1.492
1.148
1.208
0.911
0.681
1.096
0.624
1.343
1.402
1.365
0.930
0.963
0.817
0.721
0.884
0.730
0.928
1.167
1.001
2.015
2.096
1.932
1.429
1.770
1.596
1.188
1.629
1.364
1.530
1.762
1.462
1.566
1.808
1.692
1.092
1.168
1.036
0.841
0.902
0.830
1.056
1.593
1.164
1.139
1.246
1.231
1.450
1.944
1.587
1.219
1.444
1.310
1.502
1.251
1.291
2.271
2.361
2.244
1.614
1.718
1.657
0.667
0.876
0.714
1.761
1.959
1.888
1.485
1.674
1.604
1.684
1.880
1.823
1.312
1.541
1.406
2.260
2.391
2.391
3.162
3.076
3.171
1.826
1.967
1.882
1.714
1.777
1.708
1.051
1.141
1.094
1.829
1.918
1.823
1.350
1.402
1.329
1.076
1.800
1.009
1.733
1.906
1.821
1.517
2.297
2.506
0.800
0.955
0.884
2.058
2.092
1.903
1.570
1.693
1.664
0.832
0.888
0.839
2.016
2.104
2.009
1.394
1.557
1.515
1.789
1.895
1.790
1.314
1.374
1.262
1.029
1.149
1.004
1.362
1.561
1.369
0.674
0.819
0.842
1.547
1.668
1.559
1.556
1.465
1.463
1.580
1.685
1.487
0.812
0.870
0.820
1.594
1.731
1.573
1.967
2.082
1.976
1.060
1.443
1.173
0.979
1.105
1.072
0.517
0.610
0.571
1.915
1.769
1.666
0.701
0.989
0.808
0.675
0.769
0.622
0.487
0.624
0.466
0.746
0.906
0.757
2.043
2.257
2.053
1.625
1.703
1.511
0.743
0.864
0.775
1.272
1.465
1.355
1.721
1.962
1.720
0.943
1.224
0.906
1.049
1.160
1.393
2.055
2.285
2.197
2.097
2.159
1.997
1.441
1.673
1.349
2.162
2.404
2.337
1.489
1.600
1.561
0.694
0.821
0.895
0.685
0.904
0.778
0.670
0.877
0.595
1.112
1.317
1.221
1.189
1.219
1.230
1.176
1.357
1.272
1.054
1.147
1.081
0.490
0.643
0.578
1.555
1.715
1.617
1.676
1.865
1.648
2.327
2.357
1.998
2.344
2.415
2.324
0.790
0.921
0.824
1.743
1.783
1.706
1.374
1.909
1.508
0.891
0.936
0.867
1.122
1.132
1.117
1.265
1.823
1.183
1.067
1.396
1.205
1.906
1.884
1.820
0.633
0.671
0.654
0.960
1.065
1.014
0.866
1.041
0.956
0.665
1.025
0.773
0.809
0.873
0.753
0.570
0.778
0.618
0.799
0.787
0.824
0.540
0.783
0.631
0.872
1.022
0.960
0.801
0.955
0.834
1.438
1.603
1.397
1.342
1.470
1.570
1.717
1.877
1.831
1.325
1.386
1.365
0.832
0.813
0.818
1.105
1.141
1.089
1.635
1.806
1.715
1.195
1.300
1.290
1.186
1.333
1.215
1.438
1.523
1.481
1.105
1.238
1.146
1.555
1.555
1.542
1.015
1.161
1.130
0.921
1.032
0.956
2.842
2.768
2.711
1.263
1.522
1.338
1.478
1.548
1.560
1.666
1.667
2.020
1.279
1.601
1.241
1.833
1.908
1.901
0.345
0.863
0.744
0.735
0.892
0.770
1.260
1.359
1.304
1.246
1.374
1.298
1.156
1.304
1.253
1.502
1.647
1.454
0.849
1.456
0.979
1.118
1.293
1.171
0.876
0.957
0.845
1.226
1.277
1.180
1.277
1.439
1.203
1.823
2.081
1.782
0.396
0.487
0.378
0.623
0.959
0.741
2.064
2.085
2.015
0.661
0.858
0.702
0.941
1.094
1.026
0.878
1.037
0.932
0.993
1.189
1.078
0.983
1.112
1.036
0.647
0.844
0.828
0.825
0.841
0.815
1.049
1.133
1.088
1.116
1.191
1.133
1.233
1.492
1.293
0.993
1.133
1.045
0.825
0.879
0.829
2.015
2.116
1.984
1.368
1.610
1.545
1.394
1.374
1.198
1.410
1.529
1.532
0.667
0.782
0.660
0.871
1.096
0.892
1.000
1.169
1.055
1.092
1.223
0.986
1.471
1.676
1.531
1.114
1.130
1.149
0.420
0.600
0.375
0.859
1.000
0.908
1.306
1.497
1.456
1.167
1.310
1.198
1.459
1.558
1.484
1.403
1.785
1.558
1.014
1.119
0.984
1.503
1.585
1.491
1.280
1.362
1.276
1.833
1.955
1.758
1.089
1.216
0.999
1.830
1.856
1.685
0.834
1.031
0.914
0.700
0.785
0.695
2.157
2.190
2.151
1.011
1.153
1.090
1.393
1.549
1.522
0.843
1.022
0.867
1.128
1.232
0.944
1.838
2.144
1.899
2.364
2.448
2.344
1.404
1.531
1.351
1.013
1.203
1.018
1.270
1.301
1.232
1.083
1.283
1.131
0.799
0.861
0.826
0.819
0.895
0.861
0.866
0.919
0.736
1.115
1.107
0.888
1.253
1.265
0.941
1.059
1.198
1.145
0.543
0.700
0.574
0.593
0.675
0.619
1.856
1.928
1.847
1.510
1.531
1.500
1.540
1.615
1.575
1.157
1.282
1.207
1.214
1.456
1.262
1.038
1.093
0.903
1.073
1.641
1.135
1.162
1.130
1.006
1.778
1.851
1.820
2.076
2.174
1.969
0.655
0.704
0.690
1.264
1.297
1.287
1.029
1.157
1.036
1.611
1.843
1.612
2.025
2.016
1.764
1.104
1.181
1.107
1.644
1.726
1.713
0.814
0.948
0.803
1.322
1.381
1.378
1.349
1.448
1.380
2.073
2.199
2.126
1.744
1.830
1.783
1.325
1.414
1.408
1.158
1.222
1.161
2.781
2.825
2.784
1.563
1.647
1.484
1.160
1.240
1.217
1.403
1.658
1.427
1.758
1.851
1.788
1.872
2.085
2.013
1.678
1.756
1.573
1.196
1.332
1.221
1.348
1.464
1.322
1.291
1.204
1.034
1.077
1.225
0.947
0.936
1.130
1.042
1.452
1.503
1.356
1.741
1.768
1.704
1.832
1.852
1.656
1.041
1.119
1.044
1.260
1.530
1.683
1.388
1.426
1.164
1.083
1.572
1.322
1.426
1.511
1.353
1.379
1.637
1.461
2.014
2.018
2.065
0.359
0.736
0.591
1.423
1.500
1.452
1.866
1.892
1.908
0.728
0.910
1.150
2.151
2.253
2.278
1.912
2.033
1.990
1.109
1.115
1.064
0.865
0.927
0.880
1.486
1.510
1.507
1.740
1.713
1.642
0.890
0.996
0.878
1.676
1.804
1.634
0.813
0.956
1.237
1.448
1.598
1.251
1.432
1.479
1.370
1.067
1.195
1.115
1.234
1.425
1.360
1.987
2.088
2.043
3.078
3.112
3.052
1.430
1.594
1.402
0.991
1.064
1.025
1.011
1.112
0.999
1.261
1.398
1.198
1.724
1.805
1.789
1.782
1.865
1.777
1.928
1.958
1.953
1.801
1.825
1.719
1.228
1.249
1.309
1.072
1.149
1.122
1.012
1.129
1.096
0.865
0.921
0.881
1.943
2.070
1.914
1.296
1.354
1.132
1.545
1.580
1.557
2.295
2.333
2.162
2.317
2.518
2.393
2.367
2.442
2.404
1.685
1.969
1.799
1.292
1.423
1.344
0.670
0.733
0.724
0.917
1.320
1.054
2.047
2.112
1.998
1.143
1.246
1.124
1.260
1.499
1.187
1.317
1.632
1.529
1.029
1.080
0.969
0.907
1.307
1.224
1.306
1.665
1.369
1.037
1.640
1.104
1.045
1.231
1.111
1.334
1.460
1.364
1.170
1.278
1.230
0.994
1.124
1.034
1.502
1.578
1.303
0.765
0.831
0.705
1.425
1.556
1.410
1.801
1.876
1.791
1.716
1.815
1.822
1.975
2.234
2.086
1.114
1.284
1.185
0.846
0.956
0.840
0.777
1.051
0.800
0.664
0.770
0.678
1.987
2.114
2.013
1.000
1.550
1.237
0.812
0.902
0.731
0.809
0.904
0.739
1.264
1.431
1.297
0.616
0.725
0.629
1.097
1.296
1.144
0.705
0.843
0.662
1.518
1.785
1.613
0.696
0.707
0.685
1.646
1.543
1.602
1.892
2.071
1.861
1.360
1.449
1.268
1.737
1.917
1.985
1.539
1.673
1.595
1.029
1.053
0.958
1.072
1.274
1.127
0.858
0.985
0.860
1.026
1.196
1.085
1.133
1.263
1.231
1.198
1.498
1.174
1.692
1.805
1.728
0.927
1.060
0.964
1.527
1.870
1.610
1.414
1.635
1.502
0.656
0.629
0.593
0.684
0.765
0.670
0.728
0.900
0.741
1.479
2.592
1.699
1.746
1.806
1.781
0.779
0.855
0.809
1.374
1.459
1.333
1.161
1.279
1.080
1.089
1.195
1.153
2.607
2.620
2.636
2.040
2.028
2.008
1.781
1.895
1.634
