1.456
1.578
1.496
3.026
3.141
3.084
1.118
1.236
1.197
1.656
1.712
1.672
1.215
1.232
1.011
1.256
1.279
1.369
1.130
1.421
1.248
3.551
3.561
3.479
2.050
2.164
2.097
1.657
1.792
1.751
1.792
1.865
1.819
0.719
0.855
0.862
1.291
1.383
1.369
1.810
1.839
1.918
1.877
1.928
1.950
0.924
1.175
1.640
0.763
0.935
0.911
1.575
1.574
1.605
2.062
2.416
2.614
1.154
1.325
1.355
1.189
1.342
1.226
2.586
2.617
2.604
2.950
2.985
2.955
2.216
2.379
2.348
0.988
1.234
1.187
1.384
1.398
1.381
1.205
1.318
1.234
1.067
1.267
1.156
1.708
1.935
2.052
1.323
1.487
1.469
1.606
1.864
1.646
2.216
2.392
2.286
1.857
1.889
1.814
1.659
1.922
1.831
2.297
2.358
2.363
1.716
1.917
1.623
1.496
1.643
1.556
1.340
1.335
1.291
1.329
1.494
1.490
1.377
1.302
1.256
0.867
1.163
1.012
0.895
1.007
0.924
1.961
2.026
1.942
0.761
1.060
0.894
1.827
2.044
1.909
1.575
1.750
1.641
1.634
1.859
1.861
0.811
1.034
0.892
1.783
1.884
1.823
2.488
2.541
2.521
2.411
2.611
2.430
2.322
2.422
2.382
1.516
1.519
1.483
1.022
1.060
1.019
1.489
1.722
1.658
1.411
1.659
1.357
1.091
1.256
1.211
1.547
1.724
1.417
0.824
1.041
0.942
2.858
2.873
2.916
2.310
2.315
2.286
2.397
2.486
2.410
1.326
1.627
1.519
2.446
2.360
2.338
0.710
1.124
0.807
2.495
2.706
2.631
2.784
2.823
2.770
1.322
1.439
1.262
1.101
1.414
1.204
0.862
0.901
0.862
0.862
0.988
0.932
1.417
1.527
1.475
2.352
2.491
2.464
1.675
1.776
1.722
1.077
1.173
1.209
0.999
1.189
1.122
2.147
2.214
2.272
1.963
2.255
2.215
2.251
2.356
2.337
1.119
1.193
1.159
0.783
0.826
0.485
1.280
1.318
1.203
1.878
1.820
1.778
3.493
3.525
3.532
0.868
1.016
0.961
1.889
1.992
1.979
1.093
1.203
1.039
1.819
1.849
1.903
0.600
0.970
0.816
1.247
1.418
1.338
1.129
1.222
1.228
1.396
1.489
1.368
2.762
2.792
2.761
2.817
2.826
2.873
1.513
1.610
1.624
1.963
2.012
1.994
2.153
2.192
2.170
1.189
1.314
1.203
2.429
2.446
2.418
1.168
1.569
1.282
0.680
0.876
0.710
1.817
1.944
1.862
1.624
1.721
1.672
1.844
2.066
2.024
1.250
1.468
1.369
1.428
1.419
1.452
2.318
2.575
2.479
1.038
1.147
1.061
1.436
1.452
1.484
0.953
1.012
0.998
1.656
1.776
1.787
1.545
1.786
1.878
1.829
1.933
1.907
1.209
1.168
1.256
1.190
1.533
1.382
2.077
2.247
2.209
0.714
0.912
0.760
1.553
1.619
1.601
1.012
1.132
1.074
1.377
1.544
1.514
0.933
1.139
1.140
1.162
1.105
1.151
2.355
2.447
2.398
2.698
3.077
2.746
3.015
2.939
2.961
1.524
1.685
1.621
2.564
2.599
2.619
1.993
2.085
2.006
1.339
1.435
1.408
1.978
2.058
2.055
1.875
1.910
1.933
1.597
1.759
1.659
1.338
1.591
1.405
1.676
1.879
1.763
1.922
2.108
2.016
2.075
2.159
2.110
2.177
2.284
2.218
0.939
1.174
1.098
1.987
2.127
1.975
1.590
1.955
1.986
1.826
1.877
1.790
1.609
2.038
1.858
1.323
1.487
1.469
2.647
2.755
2.708
2.743
2.827
2.893
1.803
1.934
1.872
0.666
0.892
0.748
1.263
1.329
1.259
1.593
1.729
1.658
1.017
1.022
0.936
1.186
1.158
1.073
1.852
1.793
1.755
1.471
1.485
1.472
2.030
2.059
2.056
1.231
1.202
1.110
1.964
2.139
2.102
1.091
1.395
1.148
1.773
1.871
1.817
1.390
1.532
1.475
1.303
1.533
1.429
1.544
1.670
1.594
1.015
1.169
1.103
1.915
2.054
2.095
2.223
2.471
2.393
1.652
1.736
1.584
0.879
0.922
0.897
1.186
1.258
1.222
0.809
0.877
0.844
1.506
1.583
1.553
2.304
2.436
2.407
1.354
1.677
1.604
1.563
1.696
1.660
1.459
1.534
1.483
0.912
0.937
0.906
1.732
1.784
1.750
1.734
1.954
1.851
1.350
1.501
1.526
0.832
1.100
1.014
2.139
2.453
2.322
2.270
2.273
2.303
1.018
1.034
0.955
1.566
1.514
1.343
2.360
2.478
2.457
1.511
1.757
1.664
2.805
2.810
2.820
1.870
1.993
2.006
1.584
1.676
1.671
2.296
2.288
2.225
1.735
2.220
1.898
0.561
0.596
0.576
1.033
1.115
1.117
0.882
1.065
0.946
1.871
2.049
1.939
0.880
1.226
0.960
0.986
1.126
1.394
0.842
1.834
0.858
0.791
1.067
0.974
0.644
1.148
0.889
1.836
1.909
1.828
1.508
1.567
1.532
1.869
1.833
1.851
1.010
1.113
0.952
2.878
2.933
3.022
1.884
1.943
2.012
1.442
1.641
1.568
1.067
1.389
1.281
0.636
1.208
1.058
0.770
0.910
0.933
2.347
2.352
2.311
1.792
1.842
1.791
2.158
2.708
2.128
1.694
1.744
1.561
1.145
1.211
1.124
1.556
1.610
1.573
1.036
1.337
1.136
1.542
1.556
1.599
1.270
1.431
1.928
1.739
1.730
1.696
0.956
1.230
1.121
2.843
2.973
2.928
2.314
2.432
2.393
1.807
1.929
1.817
2.061
2.188
2.011
1.871
1.943
1.850
1.094
1.221
1.193
0.756
0.898
0.824
1.302
1.352
1.421
1.122
1.244
1.171
2.667
2.695
2.704
1.373
1.624
1.464
1.881
2.045
2.014
1.282
1.366
1.279
1.484
1.515
1.512
0.975
1.086
1.015
1.129
1.334
1.111
1.276
1.371
1.346
0.923
1.059
0.993
1.762
1.787
1.775
1.318
1.607
1.373
1.042
1.131
1.092
1.956
2.040
2.045
1.009
1.115
1.099
0.976
1.238
1.118
1.570
1.605
1.488
2.255
2.403
2.366
0.864
0.952
0.984
2.121
2.221
2.202
1.068
1.103
0.876
1.888
1.948
1.967
1.623
1.769
1.642
1.325
1.568
1.599
2.109
2.137
2.120
1.320
1.396
1.345
1.070
0.988
0.987
1.539
1.473
1.557
2.007
2.033
2.037
1.640
1.726
1.750
1.654
1.906
1.751
1.467
1.512
1.482
3.000
3.038
3.139
1.242
1.367
1.306
2.102
2.125
2.024
0.844
1.037
0.969
1.849
1.887
1.843
1.441
1.487
1.492
2.124
2.351
2.258
2.196
2.358
2.297
1.790
1.932
1.850
0.525
0.633
0.558
2.244
2.379
2.347
1.820
1.837
1.950
1.804
2.113
1.911
1.171
1.798
1.250
1.117
1.290
1.188
1.103
1.483
1.368
0.835
1.116
0.984
0.441
0.682
0.586
0.931
0.941
0.929
1.991
2.060
2.046
1.039
1.127
1.091
1.039
1.153
1.104
1.304
1.575
1.502
1.925
1.921
1.912
1.508
1.632
1.516
0.734
0.747
0.776
1.173
1.312
1.313
0.769
0.885
0.833
2.475
2.406
2.537
1.738
1.866
1.849
2.228
2.328
2.267
0.838
0.887
0.874
0.981
1.046
1.069
2.996
3.189
3.158
1.877
2.047
1.936
3.188
3.229
3.323
1.154
1.231
1.133
1.394
1.521
1.483
0.909
1.033
0.862
0.978
1.258
1.131
0.874
0.931
0.950
0.615
0.712
0.725
1.965
2.009
1.897
1.397
1.586
1.441
1.043
1.111
1.132
2.437
2.418
2.455
1.191
1.416
1.204
1.237
1.340
1.283
0.699
0.830
0.792
1.152
1.236
1.260
0.837
0.966
0.974
1.156
1.441
1.326
1.580
1.629
1.620
2.420
2.523
2.446
1.865
1.857
1.863
2.453
2.434
2.488
1.512
1.639
1.564
1.211
1.507
1.288
1.652
1.726
1.581
2.036
2.117
2.124
1.533
1.614
1.565
2.271
2.332
2.244
1.492
1.592
1.595
1.079
1.394
1.277
2.173
2.134
1.968
1.358
1.542
1.444
1.304
1.361
1.386
2.712
2.806
2.820
1.489
1.516
1.477
2.657
2.715
2.619
1.467
1.532
1.398
1.985
2.046
2.022
1.059
1.128
1.090
2.934
2.951
2.957
1.282
1.347
1.318
1.374
1.348
1.313
1.904
1.932
1.909
1.376
1.562
1.451
1.304
1.321
1.290
1.047
1.074
1.084
1.666
1.674
1.958
1.399
1.379
1.333
0.714
0.744
0.749
1.662
1.730
1.611
1.961
2.058
2.095
1.851
1.862
1.764
0.891
0.964
0.947
2.572
2.712
2.702
2.181
2.299
2.264
2.145
2.233
2.215
1.151
1.378
1.273
0.777
1.160
0.882
0.991
1.230
1.135
2.884
2.996
2.951
1.720
1.742
1.612
0.749
0.733
0.688
1.156
1.199
1.151
1.369
1.559
1.244
1.210
1.195
1.189
1.336
1.365
1.361
1.348
1.509
1.357
1.785
1.926
1.919
1.503
1.671
1.657
2.850
2.902
2.896
3.063
3.221
3.155
1.775
1.793
1.778
1.124
1.158
1.070
1.021
1.082
1.049
2.425
2.556
2.491
1.997
2.092
2.066
2.390
2.435
2.422
1.855
1.714
1.764
1.685
1.947
1.737
1.180
1.678
1.403
1.307
1.379
1.380
1.346
1.743
1.174
1.643
1.704
1.588
1.339
1.396
1.377
2.033
2.199
2.057
1.418
1.452
1.418
1.502
1.568
1.542
1.685
1.793
1.746
1.197
1.483
1.445
0.871
1.309
1.037
1.593
1.721
1.727
1.974
1.961
1.981
2.200
2.402
2.323
2.361
2.323
2.367
1.970
2.187
1.956
1.693
1.740
1.722
1.338
1.549
1.595
2.753
2.833
2.741
1.647
1.772
1.683
1.972
2.007
1.978
2.454
2.425
2.456
1.038
1.106
1.085
1.316
1.504
1.432
1.410
1.514
1.489
1.098
1.205
1.141
0.966
1.122
1.102
0.743
1.169
0.958
1.272
1.544
1.576
1.098
1.254
1.248
2.453
2.639
2.422
1.504
1.606
1.602
2.129
2.292
2.257
1.489
2.283
1.830
1.638
1.653
1.662
1.301
1.339
1.349
2.137
2.313
2.138
1.335
1.745
1.447
1.261
1.500
1.402
1.001
1.046
0.962
1.133
1.218
1.239
1.236
1.477
1.341
1.366
1.689
1.480
1.070
1.259
1.168
1.391
1.611
1.542
1.420
1.578
1.506
0.805
0.912
0.790
1.002
1.123
1.043
1.419
1.432
1.464
1.206
1.280
1.262
0.959
1.244
1.185
1.243
1.500
1.394
1.444
1.498
1.370
0.798
1.176
0.994
2.607
2.676
2.560
1.356
1.511
1.466
1.180
1.840
1.388
1.158
1.244
1.190
0.619
0.737
0.734
1.085
1.300
1.161
1.180
1.407
1.297
0.784
0.931
0.872
0.992
1.207
1.090
1.722
1.746
1.791
1.706
1.702
1.661
1.374
1.419
1.400
1.069
1.179
1.193
0.849
0.789
0.294
1.644
1.678
1.656
1.630
1.721
1.689
0.986
1.111
1.069
1.220
1.677
1.544
1.855
1.909
1.916
1.863
1.872
1.791
2.999
3.161
3.071
0.760
0.889
0.794
0.880
0.935
0.926
0.689
0.768
0.703
1.193
1.338
1.335
1.193
1.415
1.341
1.253
1.510
1.359
1.599
1.657
1.643
1.187
1.497
1.355
1.611
1.734
1.677
1.678
1.828
1.744
1.369
1.484
1.397
2.323
2.384
2.388
1.922
1.923
1.871
1.447
1.507
1.468
1.616
1.624
1.674
1.996
2.126
2.076
1.330
1.498
1.376
1.087
1.086
1.024
1.898
1.951
1.912
3.066
3.084
2.790
2.240
2.345
2.376
0.659
0.619
0.582
2.231
2.272
2.274
1.772
1.690
1.700
1.615
1.773
1.575
1.480
1.519
1.466
1.443
1.635
1.535
1.407
1.558
1.394
2.584
2.574
2.591
1.833
1.854
1.907
2.315
2.399
2.343
1.046
1.401
1.139
1.531
1.681
1.514
1.142
1.253
1.244
1.802
1.970
1.989
2.011
2.012
1.937
1.016
1.003
0.864
1.745
1.795
1.773
1.143
1.333
1.190
1.563
1.733
1.613
2.608
2.531
2.485
1.608
1.614
1.653
1.263
1.523
1.367
1.790
1.822
1.794
0.875
1.139
1.049
1.705
1.786
1.624
1.114
1.215
1.146
1.011
1.284
1.074
1.801
2.020
1.881
3.258
3.299
3.214
0.867
1.201
1.010
0.594
1.391
0.954
1.731
1.723
1.613
1.884
1.998
1.908
1.465
1.521
1.480
1.652
2.344
1.648
2.108
2.526
2.123
1.776
1.982
1.846
0.508
0.592
0.570
1.951
2.259
2.045
1.771
1.945
1.823
0.849
1.086
1.031
0.754
0.873
0.813
2.802
2.861
2.784
1.645
1.787
2.076
0.978
1.295
1.498
1.412
1.471
1.332
1.869
2.178
2.022
1.160
1.294
1.301
0.912
1.132
1.232
1.217
1.444
1.364
1.224
1.302
1.309
0.957
1.188
1.084
1.084
1.179
1.109
1.820
1.887
1.850
1.866
2.128
1.751
2.916
2.944
2.957
1.611
2.227
2.244
1.441
1.527
1.500
1.962
2.083
1.948
1.112
1.496
1.358
1.207
1.305
1.264
1.371
1.549
1.391
1.787
1.867
1.779
1.116
1.486
1.423
2.543
2.640
2.592
1.603
1.657
1.656
0.906
0.950
0.980
2.420
2.539
2.501
1.673
1.753
1.702
2.038
2.065
2.164
1.714
1.937
1.638
1.410
1.631
1.584
1.348
1.483
1.413
1.312
1.465
1.373
1.906
2.157
2.070
2.211
2.219
2.194
1.948
2.095
1.935
0.938
1.091
1.023
1.392
1.510
1.492
0.829
0.970
0.962
0.657
0.867
0.760
1.093
1.291
1.175
2.169
2.259
2.303
1.657
1.710
1.758
0.891
1.107
0.992
1.027
1.157
1.086
1.292
1.579
1.338
1.382
1.755
1.595
1.325
1.539
1.444
1.283
1.312
1.298
1.212
1.291
1.300
1.546
1.739
1.688
1.423
1.538
1.460
1.316
1.454
1.375
1.604
1.610
1.638
0.798
0.866
0.844
1.990
2.054
1.993
1.936
1.991
1.998
1.838
2.110
2.083
1.686
1.817
1.706
2.378
2.456
2.403
1.378
1.433
1.371
1.147
1.590
1.259
1.147
1.409
1.390
2.878
3.088
3.084
0.929
1.113
1.037
1.228
1.388
1.383
0.994
1.152
1.020
1.793
1.919
1.923
1.311
1.215
1.233
1.138
1.165
1.148
0.980
0.968
1.007
0.735
0.737
0.663
0.807
1.212
0.934
0.892
1.006
0.953
1.246
1.367
1.341
3.292
3.332
3.347
1.764
1.864
1.820
2.518
2.705
2.588
1.181
1.484
1.314
1.227
1.286
1.240
2.075
2.143
1.990
2.157
2.645
2.241
2.056
2.196
2.074
1.155
1.360
1.333
1.393
1.649
1.438
1.800
1.946
1.884
0.684
0.923
1.210
1.473
1.463
1.453
3.056
3.338
2.999
1.309
1.468
1.273
1.830
1.749
1.786
1.227
1.446
1.826
2.993
3.083
3.054
1.669
1.862
1.873
2.669
2.676
2.568
0.911
1.069
1.001
0.842
0.911
0.875
1.552
1.640
1.581
3.619
3.671
3.663
1.389
1.448
1.411
2.014
2.092
1.983
0.474
0.467
0.424
0.763
0.939
0.843
2.466
2.724
2.769
1.609
1.917
1.864
1.168
1.274
1.188
1.771
1.956
1.834
1.251
1.337
1.280
1.365
1.401
1.389
1.749
1.855
1.829
2.381
2.409
2.399
2.007
2.169
1.992
1.097
1.159
1.135
1.025
1.168
1.082
2.097
2.408
2.145
2.097
2.341
2.145
2.097
2.341
2.145
1.129
1.171
1.115
1.465
1.657
1.619
1.812
1.848
1.791
0.960
1.007
0.813
0.395
0.779
0.607
1.471
1.624
1.533
2.116
2.140
2.174
1.573
1.619
1.597
0.794
0.934
0.742
2.169
2.237
2.114
1.328
1.358
1.355
0.870
1.121
1.124
1.551
1.849
1.740
1.275
1.455
1.356
1.206
1.324
1.307
1.312
1.466
1.493
1.185
1.322
1.297
2.025
2.162
2.005
2.075
2.016
1.895
1.652
1.735
1.681
2.464
2.643
2.533
1.275
1.289
1.264
1.985
1.914
1.969
1.959
1.981
2.070
1.959
1.981
2.070
1.183
1.560
1.234
2.254
2.204
2.076
0.999
1.321
1.082
0.999
1.339
1.082
1.965
2.132
2.094
0.998
1.099
1.097
1.581
1.712
1.504
2.477
2.470
2.440
0.950
1.040
0.990
1.326
1.575
1.409
1.293
1.492
1.458
1.237
1.306
1.062
2.468
2.537
2.504
1.441
1.480
1.490
2.766
3.027
2.841
1.997
2.020
2.021
1.554
1.698
1.591
1.869
1.924
1.830
1.291
1.372
1.312
0.917
1.149
1.033
1.321
1.358
1.207
1.334
1.417
1.288
1.443
1.527
1.490
1.336
1.377
1.372
1.490
1.609
1.618
1.048
1.175
1.102
1.331
1.503
1.316
1.770
1.840
1.819
0.834
0.948
0.944
1.317
1.432
1.310
2.055
2.071
2.084
0.908
1.208
1.092
0.843
0.938
0.863
0.919
1.101
1.050
0.915
1.167
1.100
1.379
1.719
1.574
1.134
1.264
1.174
1.748
1.716
1.752
2.081
2.138
2.086
0.894
1.011
0.947
1.899
2.016
2.051
2.064
2.119
2.001
1.080
1.340
1.214
0.944
1.022
0.977
1.918
2.037
1.982
2.085
2.088
2.142
1.948
1.931
1.854
0.767
0.824
0.720
0.932
1.327
0.995
1.463
1.567
1.491
2.022
1.966
2.016
1.179
1.353
1.270
1.073
1.212
1.186
1.529
1.774
1.640
2.961
2.957
2.995
1.396
1.446
1.431
1.085
1.327
1.256
1.492
1.631
1.536
2.324
2.417
2.385
1.807
1.949
1.920
2.178
2.168
2.074
2.311
2.452
2.417
1.703
2.016
1.860
2.044
2.169
2.231
1.689
1.757
1.698
1.722
1.633
1.693
2.151
2.244
2.272
1.393
1.614
1.540
1.045
1.159
1.083
1.121
1.347
1.293
0.691
0.720
0.619
1.393
1.385
1.290
1.964
2.260
2.100
3.401
3.463
3.508
1.397
1.585
1.396
1.141
1.120
1.035
1.516
1.622
1.570
0.943
1.161
1.007
0.861
1.152
1.098
0.414
0.709
0.647
1.183
1.191
1.248
1.196
1.248
1.246
1.551
1.610
1.547
2.813
2.817
2.886
2.694
2.817
2.817
2.419
2.440
2.424
1.599
1.797
1.754
1.650
1.762
1.715
1.505
1.518
1.469
0.991
1.055
1.033
3.223
3.262
3.223
1.539
1.633
1.538
1.827
1.940
1.633
1.455
1.500
1.526
1.975
2.065
1.944
2.155
2.299
2.177
1.527
1.610
1.536
1.606
1.613
1.647
2.050
2.129
2.100
0.875
1.077
1.016
1.297
1.389
1.386
1.215
1.319
1.072
1.302
1.392
1.358
1.863
2.054
1.859
1.688
1.658
1.600
1.650
1.735
1.695
1.333
1.431
1.432
2.210
2.331
2.294
1.272
1.386
1.339
1.524
1.535
1.568
1.524
1.535
1.568
1.575
1.623
1.603
1.777
2.105
1.926
2.581
2.611
2.736
1.325
1.457
1.333
1.568
1.779
1.659
1.636
1.797
1.727
0.607
0.958
0.709
1.676
1.811
1.695
2.609
2.653
2.514
1.489
1.756
1.611
2.009
2.151
2.058
0.972
1.102
1.005
0.985
1.504
1.201
0.976
1.138
1.065
2.090
2.092
2.049
1.342
1.388
1.127
1.457
1.668
1.481
1.320
1.328
1.271
1.320
1.461
1.387
1.810
1.762
1.779
1.261
1.581
1.438
1.182
1.535
1.394
1.923
2.068
1.970
1.998
2.305
2.280
2.569
2.650
2.605
1.141
1.220
1.153
1.641
2.192
2.030
1.228
1.323
1.243
1.681
1.724
1.621
0.898
0.943
0.909
1.351
1.362
1.303
1.435
1.488
1.491
2.264
2.650
2.694
2.351
2.444
2.356
2.923
2.964
3.048
1.360
1.389
1.376
0.946
0.938
0.988
1.278
1.257
1.133
1.241
1.240
1.263
0.875
1.403
0.961
1.834
1.929
1.870
1.744
1.727
1.754
1.891
2.058
1.963
1.757
1.923
1.833
1.766
1.713
1.646
0.894
0.995
1.022
1.364
1.460
1.404
2.434
2.348
2.333
0.763
0.967
0.887
1.310
1.511
1.439
1.643
1.694
1.658
2.080
2.212
2.240
1.136
1.355
1.314
1.771
1.952
1.968
1.234
1.263
1.193
1.314
1.392
1.167
1.884
2.024
1.979
2.329
2.489
2.433
1.515
1.587
1.497
1.727
1.982
1.871
1.945
2.073
1.938
2.480
2.579
2.520
1.474
1.523
1.534
3.495
3.493
3.538
2.124
2.430
2.343
1.416
1.508
1.523
0.743
1.160
0.949
1.441
1.537
1.539
2.598
2.698
2.638
1.060
1.239
1.055
1.623
1.660
1.667
0.813
0.912
0.945
2.440
2.507
2.591
0.865
0.784
0.802
0.552
0.700
0.624
0.979
1.262
1.317
1.704
1.710
1.675
0.933
1.059
0.985
1.889
2.031
1.977
1.636
1.710
1.765
1.584
1.700
1.657
1.951
2.062
1.924
1.229
1.715
1.391
1.375
1.512
1.434
2.968
3.117
3.012
1.884
1.964
1.937
1.913
2.064
2.073
2.516
2.650
2.590
1.126
1.976
1.342
0.880
1.016
0.954
0.881
1.157
1.088
1.673
1.891
1.836
0.836
0.874
0.834
0.827
1.046
0.984
1.527
1.603
1.595
1.602
1.547
1.539
2.018
2.114
2.051
0.256
0.255
0.234
2.615
2.714
2.668
1.288
1.597
1.545
1.181
1.206
1.148
2.474
2.470
2.439
2.770
2.864
2.812
1.993
2.077
2.024
0.961
1.036
1.032
1.377
1.485
1.275
1.948
2.045
2.000
1.370
1.436
1.578
2.240
2.321
2.343
1.288
1.303
1.234
3.058
3.306
3.374
1.630
1.937
1.798
1.718
1.781
1.830
1.821
2.313
2.260
1.209
1.404
1.303
1.958
2.050
2.039
1.205
1.228
1.150
1.782
1.741
1.676
0.545
0.711
0.628
1.265
1.295
1.246
1.652
1.728
1.712
0.994
1.426
0.886
1.686
1.798
1.780
1.240
1.298
1.226
1.972
1.999
2.007
1.449
1.534
1.463
1.900
2.002
1.872
2.364
2.456
2.448
1.408
1.419
1.395
1.900
2.031
1.983
2.196
2.430
2.353
1.450
1.516
1.481
1.755
1.801
1.661
1.891
1.936
1.964
1.046
1.185
1.157
1.011
1.402
1.379
2.003
2.134
2.151
1.049
1.219
1.142
1.061
1.146
1.154
0.467
0.431
0.364
0.679
1.043
0.837
2.327
2.353
2.466
1.077
1.217
1.094
1.531
1.629
1.555
1.105
1.241
1.203
1.048
1.353
1.264
1.499
1.646
1.507
3.213
3.456
3.343
2.199
2.169
2.197
0.838
0.967
0.925
1.395
1.596
1.392
1.571
1.728
1.661
4.773
4.731
4.726
1.406
1.522
1.487
2.435
2.611
2.597
1.030
1.358
1.134
1.045
1.158
1.081
1.472
1.638
1.566
1.105
1.267
1.224
1.714
1.778
1.665
2.460
2.638
2.585
2.628
2.605
2.644
1.397
1.554
1.539
0.885
1.012
1.035
1.525
1.617
1.571
1.279
1.410
1.268
1.867
2.226
1.805
2.285
2.639
2.505
1.565
1.662
1.659
2.009
2.003
2.039
1.754
1.866
1.789
2.485
2.497
2.477
1.906
2.011
2.010
2.907
2.902
2.953
1.560
1.650
1.571
2.981
3.286
3.121
2.603
2.666
2.643
1.304
1.288
1.215
0.922
0.964
0.713
1.791
1.944
1.913
0.773
1.054
0.914
2.177
2.082
2.029
2.205
2.291
2.203
1.639
1.708
1.699
1.363
1.514
1.463
2.518
2.559
2.500
1.485
1.614
1.548
2.727
2.852
2.773
1.376
1.401
1.299
0.610
0.777
0.733
2.164
2.174
2.161
1.477
1.660
1.494
1.306
1.352
1.291
1.739
1.705
1.771
1.404
1.455
1.445
0.938
1.093
1.028
1.092
1.175
1.035
1.650
1.991
1.795
1.142
1.262
1.204
0.714
0.886
0.845
1.842
1.877
1.865
2.064
2.174
1.632
1.725
1.756
1.713
1.565
1.875
2.039
1.300
1.471
1.417
1.896
2.135
2.026
2.163
2.180
2.180
1.007
1.106
1.031
1.088
1.214
1.076
1.564
1.702
1.618
1.648
1.777
1.704
1.525
1.605
1.566
0.775
0.896
0.823
1.129
1.280
1.146
0.662
0.761
0.759
1.788
1.968
1.957
1.999
2.016
1.945
1.101
1.447
1.301
1.326
1.360
1.374
1.999
2.016
1.945
1.702
1.740
1.746
1.090
1.190
1.163
1.485
1.620
1.545
0.923
1.028
0.975
1.369
1.445
1.437
1.501
1.648
1.640
2.675
2.752
2.729
1.459
1.497
1.484
1.846
1.927
1.867
0.885
1.068
0.930
0.835
1.097
1.186
1.599
1.600
1.646
1.332
1.377
1.279
1.210
1.312
1.230
1.459
1.508
1.358
0.836
1.020
0.823
1.325
1.660
1.518
1.796
2.191
2.242
1.126
1.391
1.229
1.612
1.601
1.563
1.857
1.967
1.933
0.954
0.998
0.876
1.261
1.514
1.267
0.905
0.992
0.927
1.331
1.357
1.322
0.999
1.224
1.476
1.021
1.072
1.061
1.495
1.722
1.699
1.407
1.631
1.588
1.705
1.724
1.658
1.441
1.473
1.465
1.112
1.137
0.930
2.214
2.553
2.302
1.478
1.690
1.642
1.485
1.552
1.437
1.631
1.713
1.663
1.850
1.955
1.860
0.790
0.983
0.749
1.750
1.876
1.731
1.264
1.544
1.581
1.258
1.298
1.284
2.115
2.150
2.167
1.193
1.304
1.176
1.345
1.360
1.375
1.312
1.363
1.266
1.502
1.510
1.535
1.394
1.603
1.443
1.863
1.808
1.770
1.723
1.795
1.708
2.167
2.137
2.108
1.320
1.212
1.198
1.209
1.329
1.221
1.498
1.604
1.462
1.488
1.631
1.562
0.836
0.956
0.868
1.475
1.807
1.625
1.084
1.238
1.116
2.525
2.636
2.538
2.105
2.225
2.313
2.673
2.710
2.725
1.987
2.326
2.258
1.478
1.597
1.727
1.094
1.236
1.226
1.366
1.418
1.354
1.043
1.096
1.128
1.616
1.595
1.636
1.142
1.235
1.222
1.122
1.313
1.242
1.055
1.087
0.930
1.892
1.919
1.739
2.678
2.754
2.808
2.812
2.832
2.687
1.449
1.673
1.606
0.980
1.498
1.244
2.458
2.507
2.594
1.870
1.922
1.870
0.964
1.164
1.010
1.401
1.640
1.540
2.718
2.852
2.779
1.667
1.743
1.711
1.073
1.228
1.182
0.986
1.361
1.106
1.107
1.144
1.112
1.483
1.681
1.623
2.876
3.062
3.144
0.914
1.159
0.949
1.549
1.771
1.623
1.183
1.224
1.245
2.252
2.297
2.116
1.303
1.428
1.335
1.715
1.952
1.947
0.961
1.285
1.137
0.893
1.094
1.051
0.873
0.963
0.899
1.219
1.306
1.313
1.521
1.647
1.605
1.958
2.074
1.932
1.919
2.675
2.155
1.702
1.772
1.731
0.870
0.898
0.941
1.165
1.254
1.214
0.890
1.207
1.060
2.217
2.297
2.383
0.715
0.911
0.866
1.173
1.318
1.274
1.841
1.909
1.819
1.119
1.129
1.016
1.458
1.476
1.445
0.978
1.149
1.020
1.746
1.902
1.838
0.814
0.847
0.861
1.152
1.276
1.178
0.867
0.934
0.850
1.354
1.413
1.520
1.594
1.715
1.787
1.594
1.872
1.916
1.332
1.379
1.352
1.401
1.626
1.519
1.123
1.264
1.193
0.654
1.004
0.890
1.620
1.776
1.725
1.706
1.793
1.747
1.573
1.702
1.626
0.966
1.227
1.034
0.802
0.932
0.856
2.370
2.398
2.331
2.149
2.023
2.085
2.104
2.266
2.201
1.611
1.807
1.573
1.496
1.611
1.575
1.360
1.338
1.467
1.637
1.751
1.641
0.971
1.056
1.027
1.417
1.461
1.470
1.760
1.841
1.746
0.793
1.000
0.906
0.566
0.832
0.770
1.878
1.907
1.891
3.438
3.590
3.484
2.408
2.572
2.506
2.060
2.174
2.063
1.117
1.177
1.176
1.045
1.181
1.045
1.818
1.830
1.811
2.651
2.679
2.630
1.069
1.140
1.094
1.694
1.765
1.758
2.408
2.351
2.379
2.209
2.353
2.282
1.307
1.245
1.212
2.585
2.622
2.414
1.420
1.547
1.494
1.016
1.132
1.031
0.584
0.658
0.420
2.690
2.836
2.687
1.383
1.445
1.392
1.529
1.668
1.625
1.262
1.532
1.413
2.114
2.077
2.158
2.348
2.486
2.696
2.424
2.443
2.474
1.520
1.655
1.560
1.132
1.335
1.234
1.073
1.192
1.188
1.127
1.236
1.253
1.468
1.585
1.593
2.493
2.523
2.465
1.854
1.839
1.892
1.357
1.350
1.318
1.497
1.734
1.623
2.491
2.469
2.475
2.504
2.561
2.632
1.973
2.000
1.976
2.351
2.740
2.443
2.349
2.766
2.594
1.992
2.073
2.011
2.316
2.531
2.323
1.445
1.624
1.764
1.444
1.509
1.541
1.349
1.619
1.508
2.109
2.265
2.235
2.188
2.223
2.206
1.858
1.983
1.852
1.557
1.756
1.663
1.557
1.678
1.695
1.899
1.896
1.817
2.113
2.331
2.092
2.790
2.722
2.641
1.466
1.455
1.480
2.721
2.720
2.699
2.083
2.091
2.075
2.207
2.535
2.357
2.791
2.856
2.865
1.790
1.886
1.881
0.605
0.778
0.717
2.143
2.141
2.249
1.486
1.550
1.885
1.994
2.060
2.026
1.632
1.647
1.693
0.693
0.853
0.812
1.584
1.668
1.576
2.681
2.782
2.742
1.351
1.433
1.301
1.769
1.856
1.847
3.000
2.975
2.826
2.162
2.530
2.365
2.492
2.625
2.598
1.499
1.857
1.888
2.283
2.416
2.316
0.958
0.995
0.938
1.835
1.828
1.847
1.724
1.842
1.682
2.006
2.080
1.996
1.855
1.967
1.978
1.797
2.021
1.970
1.561
1.727
1.522
1.838
2.043
2.021
1.793
1.792
1.688
1.297
1.332
1.363
1.597
1.819
1.633
2.266
2.168
1.985
0.723
0.965
0.887
1.253
1.288
1.184
1.332
1.366
1.410
1.267
1.435
1.274
2.015
2.055
1.996
2.319
2.345
2.283
1.379
1.432
1.388
1.021
1.167
1.067
1.893
1.924
1.813
1.912
1.944
1.806
1.007
0.941
0.887
1.174
1.458
1.305
1.786
2.068
2.031
1.810
2.048
2.035
1.680
1.755
1.661
1.232
1.326
1.231
1.837
1.853
1.817
2.021
2.121
2.045
2.773
2.857
2.807
1.009
1.109
1.034
2.681
2.728
2.706
1.961
2.111
2.033
1.520
1.547
1.587
1.272
1.235
1.274
1.821
1.835
1.691
1.286
1.417
1.381
1.384
1.476
1.445
2.216
2.293
2.329
1.652
1.789
1.728
2.807
2.807
2.568
1.006
1.069
1.033
1.652
1.658
1.704
2.295
2.313
2.094
1.587
1.694
1.645
1.280
1.290
1.284
1.974
1.997
1.965
0.594
0.855
0.790
1.893
1.899
1.884
1.589
1.643
1.598
2.238
2.273
2.263
1.980
1.985
1.973
1.172
1.275
1.234
1.091
1.196
1.104
1.192
1.284
1.116
1.231
1.294
1.348
1.687
1.806
1.733
1.722
1.772
1.616
1.298
1.372
1.282
1.876
1.989
1.905
1.028
1.181
1.169
0.663
0.761
0.628
1.749
2.015
1.861
1.115
1.286
1.241
0.860
0.932
0.944
0.752
0.964
0.795
1.133
1.192
1.254
0.584
0.735
0.696
1.536
1.522
1.564
1.792
1.851
1.761
0.728
0.852
0.868
1.367
1.437
1.459
2.060
2.139
2.158
1.617
1.770
1.762
1.241
1.356
1.344
1.052
1.171
1.134
0.704
0.918
0.830
1.104
1.310
1.227
1.637
1.674
1.673
1.067
1.175
1.166
2.181
2.278
2.243
1.349
1.973
1.370
1.379
1.406
1.340
1.219
1.433
1.310
1.096
1.177
1.135
2.315
2.288
2.337
1.583
1.568
1.585
1.665
1.762
1.718
1.354
1.394
1.161
1.077
1.281
1.211
1.854
2.016
1.942
0.889
1.066
0.942
0.988
1.348
1.098
3.160
3.156
3.037
1.288
1.560
1.460
1.414
1.408
1.280
0.951
1.233
1.175
2.706
2.769
2.549
1.250
1.707
1.885
1.783
1.780
1.720
1.737
1.835
1.838
2.107
2.328
2.166
2.101
2.139
2.127
1.078
1.294
1.068
2.443
2.618
2.442
1.377
1.533
1.443
1.457
1.582
1.506
1.590
1.799
1.744
1.297
1.465
1.387
0.844
0.828
0.801
1.279
1.239
1.208
1.051
1.147
1.132
1.499
1.548
1.473
1.555
1.947
1.541
1.438
1.450
1.362
1.164
1.254
1.172
1.014
1.205
0.953
0.816
0.945
0.909
1.246
1.265
1.285
1.077
1.219
1.119
1.878
1.908
1.851
1.023
1.206
1.151
1.293
1.401
1.291
2.336
2.468
2.435
1.062
1.264
1.137
1.231
1.316
1.305
1.613
1.714
1.697
1.163
1.190
1.214
1.236
1.283
1.222
1.266
1.330
1.313
0.955
1.138
1.030
2.376
2.383
2.287
1.321
1.504
1.450
2.705
3.299
2.664
1.690
1.794
1.758
2.592
2.750
2.643
2.169
2.147
2.103
1.607
1.614
1.515
1.523
1.622
1.555
2.071
2.140
2.030
0.377
0.458
0.320
0.722
0.775
0.704
1.492
1.751
1.809
1.416
1.706
1.489
1.453
1.522
1.438
1.409
1.525
1.502
1.404
1.449
1.315
2.676
2.810
2.802
1.908
1.979
2.031
1.492
1.586
1.518
0.953
1.383
1.131
1.702
1.758
1.606
1.064
1.159
1.140
1.768
1.836
1.795
1.948
2.463
2.192
1.142
1.367
1.266
1.449
1.550
1.853
1.765
1.821
1.831
1.425
1.530
1.481
2.106
2.121
2.088
1.100
1.290
1.199
1.411
1.521
1.528
1.944
1.995
1.966
1.843
1.905
1.897
1.916
2.417
2.686
2.137
2.207
2.148
1.581
1.735
1.651
1.208
1.944
1.299
1.439
1.647
1.505
1.354
1.444
1.444
1.674
1.750
1.733
1.495
1.644
1.633
1.876
2.148
2.147
1.336
1.465
1.395
0.367
0.622
0.532
1.272
1.346
1.266
1.619
1.712
1.704
1.705
1.911
1.525
1.826
2.131
2.000
1.590
2.258
2.267
1.734
1.883
1.626
0.766
1.246
0.961
1.046
1.117
1.090
1.284
1.552
1.432
1.749
1.861
1.747
1.690
1.820
1.698
1.170
1.184
1.153
1.166
1.238
1.207
1.440
1.609
1.445
1.554
1.541
1.596
2.242
2.251
2.266
1.862
1.864
1.907
1.392
1.624
1.512
1.423
1.638
1.538
0.754
0.953
0.902
0.952
0.997
1.004
1.855
1.878
1.881
1.229
1.281
1.233
1.233
1.351
1.334
0.700
0.705
0.363
1.069
1.181
1.157
1.223
1.297
1.191
0.744
1.216
1.335
0.968
0.992
0.892
1.808
1.827
1.829
2.808
2.996
3.123
2.215
2.335
2.263
1.225
1.337
1.240
1.937
2.107
1.961
2.201
2.327
2.247
1.320
1.406
1.427
1.320
1.539
1.536
1.716
1.811
1.822
1.121
1.293
1.332
2.938
2.919
2.941
1.859
1.980
1.920
1.259
1.477
1.356
1.243
1.197
1.206
1.661
1.807
1.739
1.609
1.723
1.654
2.091
2.227
2.153
1.375
1.407
1.320
4.323
4.381
4.431
1.511
1.512
1.510
1.166
1.348
1.221
2.359
2.393
2.408
1.239
1.290
1.299
1.676
1.779
1.749
2.024
2.025
2.060
1.951
2.049
2.015
0.632
0.825
0.673
2.695
2.914
2.739
1.509
1.607
1.578
2.398
2.440
2.426
1.816
1.897
2.305
2.258
2.288
2.299
0.883
0.969
0.955
1.870
1.949
1.880
1.266
1.369
1.214
1.854
1.876
1.819
3.663
3.671
3.740
0.818
0.865
0.818
1.047
1.280
1.193
1.556
1.716
1.613
1.438
1.578
1.533
1.391
1.386
1.410
1.846
1.903
1.785
2.775
2.836
2.777
1.543
1.482
1.704
1.192
1.555
1.417
1.595
1.719
1.687
0.619
0.779
0.706
1.616
1.630
1.633
2.682
2.668
2.616
1.502
1.652
1.542
1.081
1.216
1.108
1.850
1.970
1.901
1.362
1.458
1.430
1.573
1.645
1.447
1.874
1.790
1.897
1.505
1.524
1.567
1.505
1.524
1.553
1.166
1.246
1.136
2.155
2.209
2.173
0.729
0.946
0.798
1.977
2.117
2.034
1.150
1.205
1.129
1.389
1.407
1.324
1.217
1.357
1.269
1.031
1.107
1.075
1.031
1.107
1.075
1.033
1.202
1.168
2.206
2.260
2.198
2.130
2.205
2.192
1.615
1.718
1.684
1.561
1.749
1.660
0.857
0.977
1.183
1.524
1.739
1.481
1.287
1.247
1.340
1.050
1.262
1.146
1.364
1.472
1.435
2.652
2.811
2.772
2.124
2.477
2.304
1.509
1.566
1.661
0.983
1.061
0.925
1.835
2.062
1.865
2.291
2.251
2.248
2.829
2.883
2.847
1.199
1.389
1.273
1.183
1.252
1.074
1.742
1.778
1.735
0.947
0.988
0.895
1.537
1.792
1.615
0.976
1.080
1.033
1.321
1.245
1.110
2.106
2.181
2.110
0.921
1.348
1.199
0.952
1.078
0.991
0.917
1.060
0.972
0.737
0.827
0.869
1.878
2.210
2.032
1.594
1.651
1.572
1.184
1.191
1.041
1.190
1.218
1.045
1.334
1.325
1.238
1.870
1.944
1.945
1.475
1.480
1.342
2.911
3.370
2.893
2.021
2.174
2.139
1.807
1.783
1.831
1.288
1.351
1.382
2.237
2.500
2.375
1.501
1.582
1.619
1.000
1.087
1.011
1.969
2.107
2.013
1.104
1.255
1.145
2.210
2.139
2.205
1.055
1.229
1.155
1.441
1.523
1.517
1.167
1.259
1.197
2.173
2.260
2.244
2.733
2.849
2.795
1.767
1.863
1.748
2.043
2.291
2.276
1.864
2.050
2.038
3.279
3.290
3.262
1.479
1.707
1.584
0.629
0.891
0.791
2.960
3.223
3.402
0.838
0.911
0.811
1.393
1.524
1.423
0.853
0.883
0.773
2.097
2.119
1.947
2.166
2.279
1.910
1.808
1.968
1.855
1.340
1.535
1.500
1.475
1.546
1.479
1.085
1.184
1.189
1.195
1.408
1.298
2.101
2.072
2.042
1.633
1.667
1.636
1.234
1.447
1.354
1.382
1.432
1.462
0.627
0.838
0.710
0.721
0.725
0.633
0.809
0.938
0.882
1.932
2.090
2.027
3.448
3.556
3.441
1.313
1.469
1.335
1.509
1.504
1.381
1.501
1.670
1.597
1.325
1.442
1.386
1.350
1.738
1.378
0.897
0.868
1.251
2.426
2.499
2.435
3.144
3.061
3.097
1.488
1.542
1.559
1.600
1.754
1.686
1.497
1.537
1.475
2.583
2.635
2.598
1.849
2.168
2.003
1.174
1.293
1.270
1.630
1.627
1.640
0.891
1.136
0.981
1.187
1.191
1.199
2.155
2.258
2.198
1.872
1.969
1.984
2.412
2.678
2.643
1.501
1.538
1.505
1.501
1.538
1.505
3.684
3.857
3.747
0.905
0.960
0.939
2.309
2.466
2.429
1.081
1.199
1.059
1.443
1.475
1.450
1.645
1.695
1.685
1.611
1.684
1.625
1.571
1.715
1.630
1.242
1.345
1.268
2.715
2.872
2.838
2.018
2.115
2.032
1.420
1.436
1.447
1.281
1.459
1.356
2.583
2.614
2.621
3.322
3.323
3.286
1.081
1.199
1.059
0.806
1.071
0.909
1.849
1.967
1.916
2.247
2.299
2.201
1.935
1.904
1.937
1.259
1.180
1.285
2.015
2.009
1.926
1.094
1.249
1.188
1.673
1.607
1.674
1.947
2.267
1.994
1.535
1.617
1.655
0.723
0.822
0.808
2.165
2.244
2.263
1.878
2.045
1.926
3.361
3.428
3.438
0.967
1.085
0.963
1.694
1.725
1.713
1.750
1.921
1.864
1.924
1.951
1.978
2.099
2.205
2.209
1.677
1.844
1.805
1.403
1.596
1.581
1.054
1.159
1.088
1.495
1.537
1.535
0.694
0.688
0.613
2.099
2.168
2.120
1.556
1.659
1.536
2.318
2.379
2.365
2.039
2.110
2.092
1.184
1.401
1.358
1.351
1.416
1.392
1.485
1.520
1.487
2.064
2.166
1.995
1.302
1.505
1.420
2.225
2.260
2.154
1.513
1.642
1.576
2.368
2.437
2.398
1.999
2.119
2.074
1.420
1.529
1.662
1.620
1.682
1.738
1.252
1.312
1.163
1.313
1.384
1.389
1.784
1.878
1.797
1.635
1.746
1.642
1.669
1.762
1.853
1.610
1.513
1.530
1.085
1.210
1.149
0.779
0.814
0.474
1.036
1.095
1.210
1.335
1.432
1.418
1.869
1.981
1.930
0.775
0.981
0.805
2.088
2.283
2.240
2.222
2.265
2.374
2.523
2.565
2.674
2.766
2.908
2.848
1.454
1.602
1.521
1.896
1.985
1.910
1.209
1.377
1.404
1.360
1.365
1.294
0.934
1.203
1.067
1.781
1.791
1.837
1.112
1.595
1.401
1.350
1.352
1.276
1.694
1.757
1.691
2.584
2.724
2.515
0.957
1.089
1.094
1.625
1.871
1.652
1.593
1.512
1.516
1.494
1.562
1.549
1.809
1.988
1.879
1.494
1.542
1.573
1.629
1.672
1.646
1.752
1.927
1.843
1.198
1.310
1.364
1.006
1.196
1.085
1.763
1.890
1.848
1.459
1.505
1.510
1.020
1.043
1.056
1.105
1.461
1.237
1.729
1.785
1.821
1.609
1.714
1.637
2.811
2.860
2.920
1.406
1.621
1.568
2.946
3.053
3.066
1.450
1.552
1.508
2.185
2.791
2.273
2.470
3.533
2.838
0.856
0.963
0.945
1.855
2.046
2.016
2.183
2.178
2.161
2.635
2.669
2.732
2.545
2.594
2.532
1.216
1.438
1.214
1.530
1.581
1.592
1.377
1.510
1.430
0.975
1.112
1.053
0.958
1.106
1.069
1.806
1.885
1.832
1.996
1.835
1.824
1.347
1.545
1.514
0.845
1.011
0.922
1.071
1.160
1.123
0.807
1.288
0.995
1.683
1.770
1.723
2.329
2.414
2.365
2.300
2.727
2.758
1.199
1.256
1.214
1.471
1.785
1.531
2.107
2.430
2.276
1.249
1.264
1.225
2.583
2.669
2.652
2.487
2.587
2.285
1.034
1.222
1.118
1.684
1.620
1.465
1.331
1.583
1.514
1.557
1.561
1.514
1.101
1.273
1.127
3.052
3.026
3.041
1.781
1.798
1.587
1.845
1.964
1.967
1.615
2.033
1.868
1.306
1.307
1.319
1.559
1.664
1.660
1.125
1.254
1.085
1.239
1.470
1.228
1.656
1.663
1.590
0.836
1.170
0.995
0.938
1.038
1.061
2.240
2.219
2.288
1.352
1.475
1.368
1.850
1.967
1.918
1.128
1.346
1.214
1.429
1.446
1.450
1.997
1.991
2.017
2.081
2.072
1.859
1.525
1.690
1.625
1.463
1.712
1.635
0.598
0.589
0.612
1.331
1.427
1.351
0.821
1.000
0.918
1.308
1.356
1.400
1.258
1.360
1.266
1.016
1.292
1.158
2.302
2.295
2.117
1.198
1.242
1.183
2.764
2.764
2.713
1.427
1.549
1.571
1.581
1.665
1.621
1.637
1.747
1.649
1.930
1.867
1.928
1.740
1.782
1.769
1.337
1.348
1.223
1.197
1.401
1.248
1.197
1.401
1.248
2.208
2.286
2.275
1.043
1.087
1.085
1.400
1.429
1.495
0.829
0.843
0.762
0.879
1.025
0.936
1.454
1.708
1.404
0.362
0.337
0.341
1.988
1.970
1.960
1.159
1.356
1.142
1.252
1.392
1.272
1.526
1.598
1.597
1.838
2.021
1.994
1.222
1.305
1.259
0.724
0.867
0.828
0.640
0.732
0.741
1.270
1.449
1.455
2.231
2.172
2.144
1.836
1.953
1.733
1.095
1.299
1.194
0.786
0.969
0.881
1.476
1.621
1.515
1.857
1.902
1.829
2.243
2.243
2.229
1.594
1.833
1.682
1.957
1.995
2.005
1.959
1.986
1.955
1.036
1.221
1.229
1.193
1.417
1.269
1.205
1.461
1.378
1.056
1.182
1.099
1.825
1.992
1.944
2.386
2.435
2.488
1.549
1.711
1.505
0.726
0.928
0.867
0.403
0.405
0.395
0.793
0.932
0.803
0.793
0.932
0.803
2.623
2.770
2.744
2.004
2.291
2.239
1.910
2.227
1.892
1.925
2.058
2.045
1.169
1.476
1.316
1.029
1.034
0.958
1.895
1.784
1.666
1.023
1.175
1.095
1.009
1.231
1.131
1.515
1.524
1.601
1.193
1.315
1.241
1.828
2.191
2.190
1.002
1.132
1.085
1.510
1.490
1.505
1.093
1.162
1.125
1.633
1.685
1.612
1.194
1.233
1.255
1.359
1.441
1.448
2.080
2.251
2.193
1.418
1.465
1.461
0.669
0.958
0.868
1.702
1.593
1.692
0.998
1.139
1.109
1.278
1.399
1.351
1.637
1.734
1.611
1.527
1.626
1.564
1.926
2.024
2.023
0.864
0.884
0.870
1.167
1.369
1.213
1.399
1.523
1.488
1.141
1.297
1.129
1.267
1.335
1.329
1.222
1.316
1.252
0.890
1.086
0.935
1.909
2.092
2.036
1.108
1.135
1.108
1.235
1.279
1.251
1.323
1.409
1.387
0.783
0.867
0.778
1.404
1.539
1.444
1.327
1.421
1.277
1.132
1.336
1.114
0.990
1.068
1.005
1.638
1.719
1.590
0.523
0.576
0.582
1.058
1.166
1.088
2.307
2.339
2.330
2.196
2.337
2.268
1.508
1.753
1.594
2.166
2.185
2.217
1.566
1.582
1.628
0.806
0.933
0.912
2.484
2.574
2.473
0.956
1.209
1.087
2.464
2.523
2.482
1.029
1.166
1.144
1.107
1.150
1.097
1.497
1.666
1.569
1.315
2.027
1.522
2.192
2.211
2.183
2.122
2.209
2.158
1.249
1.260
1.188
1.454
1.568
1.548
1.178
1.226
1.212
1.455
1.458
1.400
2.793
2.851
2.692
0.625
0.708
0.699
1.974
1.893
1.867
2.645
2.696
2.836
2.029
2.058
1.984
2.705
2.676
2.686
0.850
0.832
0.804
1.203
1.417
1.456
0.447
0.746
0.669
1.588
1.708
1.832
1.657
1.706
1.730
0.623
0.873
0.789
0.623
0.873
0.789
1.135
1.309
1.251
1.160
1.267
1.124
0.710
0.721
0.689
1.572
1.505
1.453
1.647
1.698
1.673
2.265
2.457
2.388
2.265
2.491
2.388
1.133
1.147
1.113
2.839
2.880
2.879
2.156
2.173
2.247
1.850
2.006
1.826
2.046
2.096
2.062
1.147
1.193
1.133
1.847
2.192
2.128
2.072
1.992
2.146
0.752
1.061
0.948
1.111
1.349
1.159
1.188
1.219
1.268
1.642
1.882
1.844
1.253
1.453
1.261
2.201
2.251
2.125
2.402
2.551
2.461
1.502
1.501
1.473
1.920
1.969
1.940
2.348
2.364
2.324
2.975
3.211
3.105
1.354
1.625
1.580
1.600
1.833
1.482
2.530
2.557
2.569
1.069
1.089
1.060
1.780
1.857
1.844
1.167
1.283
1.269
1.340
1.390
1.333
1.678
1.645
1.603
0.659
0.727
0.636
1.118
1.220
1.190
2.687
2.665
2.770
0.936
1.112
1.002
1.650
1.430
1.547
1.561
1.724
1.548
2.288
2.503
2.375
2.212
2.382
2.285
1.340
1.556
1.524
1.076
1.153
1.125
1.133
1.313
1.224
1.910
2.012
1.982
2.747
2.747
2.829
1.441
1.521
1.433
1.193
1.436
1.325
2.264
2.254
2.141
2.594
2.648
2.633
2.196
2.293
2.263
0.797
0.916
0.854
1.912
1.943
2.007
0.829
1.010
1.432
2.090
2.163
2.271
1.420
1.523
1.386
1.678
1.753
1.774
2.296
2.463
2.329
0.545
0.592
0.433
1.609
1.658
1.599
1.000
1.054
1.046
1.137
1.213
1.171
2.183
2.269
2.246
2.051
2.099
2.059
1.094
1.225
1.221
0.960
0.959
0.806
1.677
1.667
1.726
2.059
2.215
2.134
1.706
1.790
1.731
1.397
1.495
1.359
1.580
1.878
1.638
1.201
1.265
1.183
1.852
1.915
1.880
1.554
1.620
1.554
1.337
1.460
1.373
1.526
2.092
1.990
0.874
1.206
1.099
0.903
1.141
0.992
2.090
2.155
2.112
1.723
1.748
1.726
1.652
1.707
1.614
1.081
1.166
1.086
1.321
1.351
1.486
1.634
1.738
1.674
1.025
1.115
1.020
1.908
2.008
1.986
1.825
1.749
1.813
2.090
2.095
2.119
1.103
1.144
1.103
1.386
1.451
1.428
1.454
1.683
1.766
2.457
2.485
2.442
0.757
0.962
0.882
1.443
1.502
1.471
1.853
1.956
2.095
1.389
1.684
1.624
1.721
1.808
1.856
1.721
1.915
1.980
1.053
1.430
1.326
1.853
2.315
2.300
1.576
1.591
1.633
1.248
1.268
1.234
2.242
2.725
2.673
1.843
1.849
1.651
1.245
1.242
1.242
2.309
2.467
2.286
0.988
1.056
1.025
0.556
0.759
0.724
1.912
2.017
2.057
1.715
2.113
2.128
1.197
1.251
1.159
0.587
0.845
0.751
2.358
2.366
2.385
1.309
1.383
1.400
0.957
1.131
0.978
1.769
1.797
1.838
1.479
1.601
1.602
0.835
1.084
1.015
0.469
0.945
0.671
1.069
1.094
1.077
1.281
1.516
1.390
2.495
2.654
2.557
1.615
1.594
1.704
1.174
1.314
1.257
1.302
1.433
1.336
1.900
1.983
1.970
1.150
1.261
1.139
1.186
1.318
1.273
1.228
1.336
1.281
1.912
2.034
1.968
1.853
1.930
1.858
1.114
1.093
1.001
2.093
2.116
1.979
1.164
1.331
1.255
1.296
1.619
1.558
1.674
1.846
1.675
1.296
1.283
1.284
1.326
1.467
1.432
1.697
1.700
1.719
1.446
1.624
1.466
0.792
0.860
0.841
1.312
1.315
1.305
1.351
1.542
1.445
2.232
2.383
2.215
2.166
2.269
2.180
1.664
1.810
1.790
0.900
1.327
0.974
0.550
0.718
0.664
0.980
1.035
1.016
1.004
1.057
1.057
1.284
1.759
1.365
1.972
1.948
1.935
1.342
1.415
1.327
0.950
1.197
1.138
0.725
0.685
0.580
1.087
1.334
1.148
0.638
1.147
0.812
1.288
1.333
1.322
0.935
1.036
1.060
0.727
0.805
0.772
1.625
1.705
1.653
0.735
1.018
0.808
1.390
1.467
1.370
0.878
1.129
0.984
1.003
1.055
1.246
1.414
1.723
1.641
0.803
0.818
0.705
1.489
1.532
1.382
1.544
1.599
1.599
1.501
1.600
1.402
1.548
1.628
1.595
1.311
1.403
1.221
0.588
0.672
0.627
1.659
2.089
1.778
1.849
1.935
1.878
1.762
1.630
1.667
1.271
1.512
1.234
1.207
1.281
1.224
1.564
1.665
1.579
2.873
3.072
2.976
1.197
1.286
1.248
1.396
1.512
1.388
1.053
1.025
1.032
1.612
1.613
1.505
1.002
1.325
1.064
0.908
1.093
0.864
3.005
3.120
3.038
1.973
1.991
1.960
2.362
2.532
2.419
1.675
1.700
1.604
0.897
0.947
0.916
1.860
1.862
1.866
1.781
1.815
1.774
1.586
1.931
1.537
0.797
0.820
0.822
1.087
1.277
1.314
3.833
3.962
3.860
1.451
1.617
1.444
2.042
2.066
2.356
2.193
2.183
2.067
1.238
1.382
1.348
1.075
1.241
1.068
0.950
1.121
1.061
1.398
1.490
1.450
1.617
1.817
1.856
1.147
1.237
1.232
1.374
1.449
1.416
0.827
1.079
0.998
1.089
1.297
1.107
2.166
2.339
2.301
0.865
0.907
0.893
1.044
1.106
1.088
2.077
2.234
2.207
1.027
1.001
0.966
1.618
1.784
1.664
1.199
1.606
1.455
1.199
1.297
1.176
1.132
1.252
1.126
0.726
0.978
0.882
1.405
1.468
1.313
1.068
1.120
1.122
1.376
1.352
1.365
2.270
2.281
2.197
1.053
1.236
1.220
1.804
1.981
1.905
0.727
1.252
1.057
1.506
1.600
1.563
2.171
2.203
2.156
0.753
0.868
0.765
1.219
1.327
1.362
1.941
2.080
2.115
1.414
1.481
1.420
1.326
1.443
1.419
1.763
1.783
1.706
2.428
2.427
2.424
2.351
2.402
2.387
1.700
1.743
1.746
1.427
1.507
1.462
1.460
1.501
1.540
1.594
1.850
1.740
1.251
1.282
1.249
1.902
2.019
1.983
0.852
0.909
0.917
1.611
1.679
1.582
1.462
1.457
1.526
2.039
2.138
2.100
0.931
1.190
1.079
0.950
1.197
1.138
2.174
2.312
2.292
1.452
1.462
1.363
1.578
1.592
1.534
1.990
2.025
2.008
1.228
1.291
1.198
0.943
1.191
1.085
0.825
0.961
0.887
1.211
1.322
1.195
1.467
1.609
1.611
1.203
1.308
1.309
1.025
1.228
0.949
0.960
1.078
1.091
1.690
1.822
1.716
0.808
0.863
0.822
1.734
1.786
1.780
1.219
1.531
1.422
0.932
1.007
0.968
1.686
1.528
1.585
0.730
0.879
0.852
1.663
1.733
1.712
2.745
2.893
2.786
0.906
0.985
1.001
1.658
1.811
1.662
1.692
1.629
1.654
1.959
1.998
1.996
1.570
1.596
1.568
1.287
1.418
1.393
0.956
1.117
1.024
1.279
1.263
1.146
0.705
0.777
0.685
3.950
4.070
4.007
2.121
2.046
2.075
1.626
1.671
1.632
0.555
0.616
0.589
1.008
1.135
0.984
0.930
1.159
0.955
0.930
1.164
0.955
1.628
1.697
1.634
1.103
1.127
1.095
1.040
1.209
1.109
1.239
1.342
1.219
2.416
2.534
2.420
1.889
1.915
1.792
1.559
1.692
1.500
1.137
1.217
1.163
2.407
2.527
2.448
1.925
1.985
1.991
2.149
2.190
1.935
1.985
1.944
2.056
1.319
1.234
1.247
0.839
1.050
0.963
3.213
3.155
3.189
0.658
1.099
0.845
1.553
1.551
1.525
0.861
0.909
0.899
0.936
1.036
1.015
0.850
1.140
0.970
2.117
2.161
2.206
2.978
2.939
3.083
1.602
1.690
1.447
2.351
2.455
2.382
1.560
1.817
1.714
1.384
1.484
1.517
1.591
1.616
1.744
1.111
1.178
1.127
1.222
1.202
1.151
1.986
2.240
2.058
1.258
1.371
1.336
1.141
1.299
1.204
1.429
1.597
1.540
1.171
1.201
1.215
1.176
1.150
1.036
1.283
1.485
1.400
1.257
1.327
1.296
1.227
1.414
1.262
1.382
1.426
1.422
1.541
1.599
1.495
1.304
1.303
1.220
1.220
1.254
1.121
2.144
2.204
2.131
1.488
1.555
1.472
1.359
1.482
1.398
2.207
2.223
2.235
0.758
1.002
1.005
0.926
0.969
0.970
1.553
1.493
1.576
1.726
1.816
1.739
1.107
1.208
1.184
1.298
1.429
1.229
1.926
2.016
1.954
1.523
1.605
1.578
1.509
1.464
1.453
1.028
1.145
1.089
2.371
2.452
2.395
0.931
0.994
0.923
1.340
1.530
1.341
0.829
0.921
0.866
0.905
0.905
1.169
1.144
1.179
1.085
1.097
1.259
1.192
2.135
2.107
2.203
0.524
0.653
0.637
1.591
1.585
1.545
0.632
0.656
0.665
0.976
1.151
1.002
1.643
1.744
1.719
3.415
3.351
3.358
2.016
2.048
2.062
1.446
1.612
1.557
2.618
2.761
2.684
1.087
1.236
1.208
1.516
2.180
1.395
0.934
0.909
0.831
0.916
1.015
0.917
0.837
0.865
0.824
2.394
2.496
2.329
1.691
1.794
1.721
1.071
1.145
1.085
1.998
2.101
1.983
1.232
1.273
1.242
1.109
1.186
1.109
1.377
1.584
1.426
1.268
1.469
1.400
1.191
1.287
1.162
0.738
1.045
0.885
1.794
1.786
1.647
0.669
0.937
0.801
1.288
1.346
1.339
1.385
1.386
1.334
1.082
1.164
1.050
2.712
2.935
2.799
1.993
2.111
2.031
1.696
1.702
1.608
1.923
1.893
1.943
1.697
1.780
1.739
1.368
1.423
1.395
2.089
2.179
2.139
1.546
1.638
1.612
2.382
2.395
2.384
0.887
0.888
0.819
1.905
1.903
1.908
2.464
2.523
2.449
1.265
1.645
1.570
2.063
2.160
2.119
1.802
2.021
1.901
0.971
1.009
0.935
0.945
0.940
0.945
1.043
1.198
1.116
2.761
2.780
2.738
1.376
1.413
1.392
2.209
2.394
2.192
0.900
1.064
1.022
1.460
1.470
1.217
2.184
2.244
2.218
1.138
1.543
1.606
1.343
1.394
1.313
2.019
2.449
2.385
2.215
2.245
2.183
1.915
2.138
1.862
1.366
1.423
1.405
1.647
2.198
1.978
0.586
0.641
0.708
2.127
2.151
2.107
1.270
1.272
1.241
0.951
1.079
1.005
0.951
1.300
1.617
2.628
2.712
2.661
1.170
1.187
1.192
1.926
2.034
2.045
1.603
1.631
1.589
2.174
2.422
2.370
1.485
1.490
1.553
2.179
2.261
2.192
1.727
1.805
1.632
1.494
1.749
1.696
0.913
1.087
1.018
1.095
1.635
1.223
0.880
1.003
0.884
4.032
4.018
4.041
1.211
1.280
1.152
2.074
2.130
2.083
2.130
2.108
2.110
2.413
2.430
2.430
1.535
1.920
1.871
2.105
2.235
2.107
1.006
1.228
1.184
1.669
1.682
1.583
0.903
1.134
1.036
1.639
2.081
1.787
1.491
1.577
1.560
1.273
1.356
1.321
1.148
1.409
1.232
1.273
1.347
1.232
1.275
1.396
1.365
1.155
1.287
1.233
0.665
0.807
0.794
1.292
1.437
1.313
1.553
1.579
1.495
1.673
1.759
1.686
1.159
1.200
1.165
1.522
1.572
1.533
1.254
1.391
1.335
0.977
1.069
0.960
1.574
1.627
1.593
1.004
1.093
0.984
1.376
1.481
1.406
1.620
1.726
1.648
1.886
1.947
1.886
1.806
1.874
1.786
1.800
1.801
1.864
1.722
1.800
1.852
0.904
1.023
0.939
1.226
1.469
1.165
1.501
1.502
1.428
1.062
1.116
1.073
1.794
2.058
1.955
1.754
2.097
2.087
1.530
1.749
1.512
1.699
1.852
1.693
0.825
0.920
0.727
2.031
1.999
2.036
1.520
1.574
1.486
1.624
1.609
1.338
1.195
1.640
1.385
1.694
1.730
1.851
2.649
2.887
2.783
2.649
2.887
2.783
1.421
1.539
1.414
1.485
1.522
1.537
0.986
1.105
1.058
2.356
2.380
2.413
1.907
2.040
1.979
1.009
1.111
1.022
3.040
3.114
3.082
1.780
1.947
1.905
1.334
1.408
1.171
2.803
2.878
2.858
2.560
2.751
2.720
1.227
1.271
1.118
1.394
1.521
1.460
2.135
2.224
2.147
1.134
1.302
1.248
1.785
1.794
1.788
1.460
1.643
1.622
2.047
2.062
1.992
1.387
1.457
1.374
0.994
1.121
1.018
0.728
1.067
0.923
0.892
1.557
1.061
1.752
1.989
1.946
2.052
2.277
2.238
2.399
2.440
2.458
1.138
1.239
1.149
1.453
1.521
1.470
1.155
1.277
1.068
1.316
1.460
1.442
0.844
1.243
0.943
1.190
1.268
1.255
0.923
0.921
0.956
0.975
1.062
0.875
1.076
1.251
1.397
0.928
1.120
1.010
0.788
0.735
0.515
1.907
2.015
1.974
1.354
1.409
1.421
0.873
1.026
0.940
1.544
1.561
1.503
1.499
1.682
1.586
0.944
1.464
0.838
0.993
1.293
1.222
2.130
2.163
2.123
2.116
2.220
2.243
2.710
2.794
2.712
1.358
1.295
1.098
0.803
0.885
0.890
2.145
2.228
2.055
1.495
1.572
1.535
2.761
2.762
2.853
1.009
1.093
0.967
1.268
1.348
1.367
1.085
1.254
1.127
2.732
2.701
2.556
1.577
1.724
1.656
0.961
1.243
1.036
0.961
1.224
1.036
1.307
1.603
1.358
0.816
0.925
0.870
1.139
1.128
1.088
1.324
1.391
1.307
1.324
1.392
1.315
1.243
1.286
1.247
0.869
1.173
1.055
3.727
3.936
3.922
1.242
1.342
1.298
1.117
1.175
1.067
1.305
1.379
1.370
2.222
2.290
2.286
1.951
2.013
1.966
0.650
0.847
0.722
0.978
1.009
0.977
0.783
0.869
0.889
1.544
1.665
1.447
1.435
1.509
1.412
1.631
1.695
1.741
1.199
1.270
1.233
1.937
2.025
2.035
0.989
0.993
0.861
1.356
1.414
1.386
1.691
1.706
1.703
1.659
1.766
1.752
0.779
0.840
0.746
1.621
1.636
1.604
1.756
1.770
1.751
1.596
1.840
1.801
0.799
1.163
0.935
1.660
1.709
1.710
1.084
1.148
1.088
1.576
1.612
1.637
1.470
1.629
1.490
1.000
1.151
1.100
2.663
2.672
2.642
1.608
1.560
1.510
1.060
1.122
1.044
2.301
2.358
2.382
2.723
2.760
2.611
1.729
1.877
1.836
1.233
1.230
1.166
2.042
2.274
2.204
1.161
1.205
1.151
1.253
1.341
1.236
4.158
4.191
4.250
1.192
1.330
1.304
0.842
0.925
0.883
1.249
1.271
1.225
1.539
1.606
1.547
1.647
1.767
1.694
1.020
1.037
0.954
1.878
2.114
2.201
0.931
1.021
0.907
1.133
1.330
1.195
1.546
1.706
1.792
1.185
1.306
1.257
0.641
0.921
0.654
1.085
1.288
1.186
1.284
1.387
1.420
1.503
1.585
1.627
1.284
1.374
1.313
1.085
1.176
1.140
2.016
1.986
1.934
0.803
0.967
0.920
1.503
1.656
1.588
1.699
1.706
1.602
1.227
1.293
1.250
0.933
0.974
0.999
1.242
1.347
1.248
1.424
1.438
1.347
1.852
1.826
1.722
1.727
1.792
1.747
1.177
1.416
1.354
1.297
1.308
1.240
1.489
1.749
1.675
1.222
1.274
1.235
2.110
2.123
2.127
1.192
1.208
1.258
2.389
2.528
2.393
2.246
2.332
2.289
0.891
1.004
0.873
0.919
1.085
0.905
2.543
2.586
2.620
0.927
1.265
0.972
1.817
1.987
1.960
1.589
1.641
1.623
0.740
0.888
0.831
1.358
1.560
1.497
0.954
1.263
1.243
0.901
0.941
0.803
2.238
2.280
2.281
2.566
2.586
2.437
2.111
2.077
2.140
1.024
1.210
1.106
0.853
0.986
0.873
1.080
1.441
1.253
2.380
2.464
2.416
1.320
1.509
1.424
2.160
2.248
1.652
1.592
1.788
1.690
0.934
1.121
1.052
0.892
1.143
0.995
1.431
1.618
1.485
1.726
1.842
1.696
0.866
0.943
0.611
2.232
2.283
2.248
2.170
2.341
2.317
1.863
1.976
2.023
1.910
2.006
2.011
1.163
1.229
1.191
0.752
1.039
0.986
1.156
1.523
1.242
2.177
2.319
2.243
2.152
2.247
2.157
1.426
1.864
1.632
1.214
1.373
1.382
1.204
1.343
1.242
1.046
1.090
1.091
1.205
1.446
1.119
1.173
1.377
1.311
0.924
1.062
1.030
1.303
1.392
1.316
0.827
1.452
1.430
1.299
1.450
1.422
0.600
0.642
0.410
1.266
1.332
1.245
1.606
1.633
1.822
1.962
1.884
1.966
1.721
1.740
1.733
0.885
0.870
0.758
1.702
1.697
1.750
0.850
0.962
0.938
2.225
2.283
2.240
1.538
1.729
1.743
0.788
1.020
0.942
1.331
1.423
1.412
1.149
1.253
1.228
2.148
2.154
2.066
1.020
1.317
1.097
1.411
1.571
1.546
3.763
3.796
3.824
1.207
1.649
1.329
1.988
2.024
1.950
1.246
1.071
1.214
0.952
1.123
1.017
1.779
1.970
1.808
1.193
1.626
1.260
1.379
1.606
1.416
2.299
2.325
2.356
1.502
1.690
1.299
3.055
3.081
3.044
1.233
1.364
1.473
1.818
1.804
1.757
1.963
2.184
2.133
1.214
1.237
1.213
1.418
1.521
1.443
1.675
1.877
1.600
1.313
1.411
1.458
1.351
1.361
1.260
1.271
1.380
1.364
1.477
1.629
1.648
1.376
1.506
1.444
1.527
1.712
1.674
1.320
1.381
1.359
2.122
2.276
2.204
1.472
1.587
1.477
1.717
1.684
1.818
1.956
1.925
1.845
0.713
0.892
0.852
2.219
2.230
1.961
0.789
0.852
0.862
1.661
1.722
1.667
1.528
1.726
1.592
1.235
1.339
1.696
0.994
1.225
1.103
0.815
0.980
0.974
0.966
1.319
1.156
0.796
0.924
0.864
1.459
1.532
1.514
0.515
0.729
0.663
0.980
1.440
1.294
1.333
1.507
1.348
1.146
1.193
1.141
1.155
1.200
1.161
2.017
2.230
1.894
1.066
1.275
1.156
2.152
2.196
2.149
0.735
0.971
0.896
1.314
1.505
1.548
1.147
1.457
1.342
2.198
2.219
2.113
1.056
1.210
1.162
1.384
1.653
1.527
2.183
2.367
2.148
1.428
1.823
1.586
1.269
1.329
1.333
0.601
0.851
0.718
1.167
1.165
1.010
1.013
1.074
1.052
1.802
1.808
1.657
1.466
1.470
1.463
1.455
1.468
1.442
1.511
1.629
1.581
0.948
0.901
0.817
1.024
1.126
1.069
1.151
1.256
1.223
0.989
0.999
0.984
1.167
1.243
1.153
0.875
0.951
0.966
1.021
1.094
0.994
1.398
1.477
1.371
0.703
0.770
0.775
1.828
1.841
1.793
0.798
0.908
0.692
1.504
1.569
1.537
1.595
1.631
1.500
1.326
1.411
1.367
0.894
1.109
0.973
1.133
1.146
1.106
1.210
1.397
1.319
1.733
1.858
1.794
1.507
1.684
1.588
1.853
2.108
1.868
0.593
0.853
0.827
1.810
1.970
1.812
0.791
1.074
0.891
1.411
1.550
1.846
0.954
0.985
0.894
0.681
0.877
0.808
1.613
1.726
1.595
1.785
1.913
1.831
1.749
1.919
2.279
1.881
2.049
2.438
1.749
1.919
2.279
1.881
2.049
2.438
1.881
2.049
2.438
1.749
1.919
2.279
1.674
1.837
2.166
0.869
0.833
0.841
1.100
1.231
1.137
0.773
0.972
0.835
1.311
1.289
1.300
1.785
1.824
1.766
3.260
3.250
3.004
1.544
1.598
1.469
1.622
1.726
1.689
2.113
2.152
2.256
2.537
2.454
2.504
1.364
1.349
1.263
1.089
1.179
1.111
2.359
2.485
2.425
1.904
2.126
1.985
0.801
0.910
0.860
2.579
2.524
2.478
1.775
1.776
1.810
1.150
1.426
1.198
1.092
1.262
1.213
1.133
1.312
1.235
1.797
1.762
1.659
0.832
0.836
0.663
0.803
0.846
0.848
1.400
1.593
1.522
1.351
1.612
1.510
1.327
1.523
1.437
0.685
0.926
0.746
1.715
1.717
1.720
1.831
1.939
1.796
1.787
1.765
1.472
2.445
2.572
2.468
1.140
1.210
1.158
0.878
0.938
0.945
1.040
1.129
1.074
1.282
1.282
1.308
1.509
1.617
1.459
1.762
1.899
1.843
0.827
1.700
1.098
2.238
2.388
2.648
0.760
0.868
0.811
1.076
1.147
1.112
0.746
0.867
0.856
1.508
1.696
1.408
1.018
1.125
1.039
1.270
1.352
1.237
0.960
1.100
0.937
1.496
1.625
1.573
1.285
1.396
1.317
1.646
1.630
1.634
1.306
1.387
1.314
1.486
1.552
1.429
2.833
2.882
2.807
1.425
1.485
1.392
1.643
1.830
1.675
1.826
1.885
1.793
0.890
1.082
0.941
1.485
1.530
1.511
2.356
2.399
2.275
1.043
1.081
1.097
1.402
1.420
1.399
1.309
1.357
1.341
1.066
1.134
1.077
1.358
1.329
1.323
1.427
1.629
1.690
1.591
1.662
1.610
1.066
1.178
1.090
0.811
0.861
0.856
2.602
2.712
2.695
3.910
3.995
3.947
0.854
1.003
0.853
1.613
1.766
1.637
1.613
1.765
1.798
0.726
0.747
0.675
1.200
1.280
1.218
1.424
1.445
1.512
2.440
2.424
2.372
1.632
1.773
1.688
1.488
1.888
1.606
1.829
1.792
1.774
1.630
1.781
1.623
1.005
1.198
1.110
1.169
1.269
1.208
1.788
1.824
1.838
1.330
1.311
1.345
1.221
1.220
1.486
0.878
1.250
0.981
1.283
1.376
1.407
1.729
1.935
1.828
1.443
1.487
1.530
1.804
1.904
1.866
3.545
3.595
3.469
1.390
1.434
1.427
0.833
1.014
0.988
1.518
1.577
1.548
1.837
1.984
1.955
2.660
2.503
2.546
1.515
1.552
1.579
1.037
1.102
1.100
1.544
1.559
1.572
1.397
1.645
1.489
1.158
1.533
1.286
2.398
2.505
2.410
2.278
2.298
2.247
3.058
3.025
3.044
0.745
0.684
0.708
2.079
2.224
2.142
0.974
1.140
1.186
1.932
2.011
1.882
1.255
1.309
1.219
0.954
0.959
0.870
1.117
1.141
1.095
0.945
1.046
0.985
1.422
1.577
1.481
1.101
1.166
1.275
1.160
1.223
1.208
4.174
4.164
4.101
1.277
1.474
1.323
1.836
2.026
1.888
1.372
1.385
1.375
2.149
2.050
2.027
2.080
2.135
2.098
1.275
1.300
1.208
1.928
2.050
1.980
1.864
1.959
1.871
1.748
1.849
1.696
1.944
2.043
2.008
1.675
1.851
1.744
1.459
1.445
1.454
1.459
1.472
1.495
1.193
1.358
1.313
1.799
1.938
1.837
1.731
1.908
1.861
1.148
1.236
1.198
1.768
1.897
1.746
1.689
1.754
1.704
0.880
1.065
0.986
1.266
1.405
1.443
1.154
1.328
1.283
1.018
1.386
1.217
1.879
2.013
1.907
1.526
1.579
1.571
1.103
1.122
0.658
1.418
1.591
1.544
1.798
1.797
1.711
0.639
0.788
0.763
0.740
1.056
0.904
0.955
0.945
0.962
1.350
1.561
1.426
1.292
1.431
1.407
1.906
1.970
1.907
1.718
1.813
1.755
1.197
1.376
1.154
1.493
1.879
1.675
0.937
1.161
0.974
1.382
1.504
1.398
1.494
1.686
1.626
1.272
1.265
1.056
1.450
1.617
1.476
0.825
1.512
1.031
1.261
1.256
1.224
1.946
2.067
2.027
1.037
1.103
1.087
0.893
1.043
0.864
2.007
2.065
2.054
1.703
1.925
1.874
1.620
1.812
1.994
1.460
1.736
1.590
3.307
3.361
3.307
1.365
1.591
1.527
1.558
2.052
1.696
1.415
1.489
1.415
1.425
1.639
1.672
0.992
1.055
0.999
1.555
1.546
1.405
0.715
0.815
0.754
1.035
1.296
1.111
1.004
1.063
1.026
0.710
0.875
0.768
0.966
1.088
1.066
0.670
0.758
0.886
0.543
0.639
0.617
0.742
1.037
0.770
1.993
2.029
1.948
1.859
1.895
1.893
0.921
1.210
0.948
1.417
1.485
1.457
1.639
1.690
1.676
0.728
0.811
0.624
1.092
1.280
1.114
1.972
2.188
2.087
1.512
1.598
1.467
1.344
1.565
1.470
2.291
2.487
2.385
0.999
1.194
1.121
1.355
1.515
1.491
1.232
1.386
1.273
0.905
1.054
0.919
1.427
1.555
1.500
1.795
1.905
1.846
1.544
1.648
1.504
1.416
1.636
1.466
1.122
1.137
1.118
2.237
2.809
2.297
1.816
1.858
1.811
0.884
1.045
0.860
2.276
2.298
2.342
2.040
2.037
2.043
1.530
1.609
1.559
1.762
1.885
1.703
1.508
1.472
1.403
0.844
0.862
0.843
2.626
2.743
2.588
1.680
1.615
1.499
1.488
1.589
1.423
0.695
0.859
0.744
1.389
1.513
1.455
1.264
1.835
1.295
0.762
0.958
0.916
0.886
1.255
0.967
0.886
1.267
1.087
2.020
1.994
2.054
0.925
1.142
1.040
0.920
0.986
0.956
0.881
1.208
0.901
0.805
0.983
0.897
2.311
2.359
2.315
1.274
1.371
1.329
1.886
2.179
2.045
1.748
1.865
1.791
2.083
2.152
2.078
1.217
1.252
1.232
2.225
2.218
2.219
1.521
1.574
1.573
1.775
1.827
1.732
1.273
1.299
1.202
0.724
0.770
0.760
0.719
0.937
0.783
0.934
1.272
1.167
1.174
1.263
1.166
0.900
0.971
0.846
1.846
2.128
1.990
0.946
1.435
1.128
1.086
1.411
1.646
1.844
2.001
1.869
1.692
1.787
1.804
1.452
1.487
1.419
2.276
2.336
2.317
1.992
2.100
2.157
1.723
1.696
1.759
1.417
1.558
1.496
1.094
1.148
1.099
1.804
2.201
1.810
0.783
0.993
0.894
1.887
2.071
2.034
2.007
2.424
2.118
1.532
1.561
1.584
1.158
1.390
1.323
1.870
1.949
1.907
1.295
1.350
1.308
1.230
1.354
1.263
0.727
0.793
0.628
1.071
1.051
1.276
1.688
1.786
1.816
0.961
1.450
0.883
0.844
1.616
0.585
0.767
0.858
0.765
1.194
1.655
1.113
1.722
1.734
1.627
2.647
2.713
2.652
0.957
1.014
0.950
2.964
3.057
3.011
1.675
1.673
1.623
1.247
1.363
1.288
2.242
2.357
2.289
1.381
1.527
1.480
0.856
0.928
0.878
0.919
1.031
1.012
1.412
1.523
1.240
1.254
1.576
1.388
1.670
2.028
1.856
1.642
1.723
1.705
1.035
1.374
1.564
1.788
1.911
1.816
0.943
1.047
1.008
3.095
3.122
3.127
1.422
1.463
1.391
2.102
2.191
2.115
1.192
1.228
1.235
0.692
0.888
0.874
0.692
0.888
0.874
0.692
0.888
0.874
1.260
1.369
1.256
0.886
0.921
0.864
1.091
1.281
1.118
1.681
1.712
1.668
0.828
0.993
0.930
0.838
0.974
0.899
0.889
1.008
0.897
1.067
1.170
1.115
1.067
1.321
1.295
1.355
1.330
1.187
1.152
1.815
1.331
1.252
1.771
1.359
1.102
1.167
1.325
1.032
1.141
1.102
1.462
1.517
1.473
1.064
1.186
1.067
1.590
1.664
1.643
1.446
1.694
1.655
1.784
1.966
1.875
3.174
3.273
3.013
1.007
1.135
1.084
1.297
1.480
1.373
1.318
1.316
1.140
0.794
0.904
0.657
1.536
1.714
1.609
0.748
0.917
0.841
1.123
1.209
1.197
1.469
1.613
1.448
1.330
1.390
1.389
1.785
2.377
1.893
2.002
2.010
1.983
1.047
1.129
1.088
1.302
2.040
1.230
1.322
1.266
1.321
0.747
0.815
0.671
2.275
2.488
2.347
1.969
1.924
1.984
1.068
1.161
1.110
0.949
1.122
1.002
3.459
3.401
3.509
1.564
1.677
1.509
1.683
1.679
1.702
0.568
0.762
0.610
2.147
2.171
2.069
1.254
1.478
1.323
1.599
1.816
1.676
1.616
1.997
1.773
1.028
1.168
1.050
0.854
0.860
0.845
1.497
1.516
1.503
1.386
1.408
1.298
1.717
1.881
1.850
0.926
1.014
0.995
1.100
1.119
1.027
1.277
1.465
1.447
1.221
1.428
1.346
0.840
1.125
0.866
0.598
0.656
0.627
1.647
1.887
1.685
1.093
1.167
1.115
1.513
1.542
1.772
1.221
1.282
1.229
0.644
0.942
0.704
2.497
2.577
2.548
1.126
1.232
1.195
0.891
1.079
0.998
1.699
1.869
1.774
2.559
2.727
2.576
1.519
1.499
1.396
1.523
1.608
1.693
0.799
0.811
0.824
1.889
1.977
2.012
0.907
0.988
0.924
2.282
2.327
2.368
1.529
1.758
1.635
3.574
3.559
3.529
3.060
3.125
3.225
1.199
1.505
1.296
1.291
1.229
1.205
1.088
0.953
0.794
1.413
1.521
1.433
1.072
1.260
1.147
2.102
2.173
2.114
1.516
1.590
1.542
0.882
0.906
0.770
1.617
1.614
1.382
2.049
2.064
1.992
1.148
1.406
1.252
2.782
2.852
2.833
1.699
1.670
1.711
1.856
1.905
1.837
0.801
0.891
0.856
0.993
1.095
0.950
1.129
1.128
1.179
1.170
1.333
1.266
1.261
1.419
1.364
2.352
2.494
2.469
1.023
1.167
1.004
1.315
1.334
1.300
1.237
1.489
1.509
0.830
0.925
0.872
1.012
1.480
0.921
1.017
1.043
0.951
0.870
1.064
0.994
1.069
1.173
1.137
1.468
1.525
1.488
2.448
2.406
2.457
2.763
2.791
2.500
2.873
3.153
3.077
1.741
1.936
1.707
1.741
1.883
1.708
1.069
1.299
1.178
1.529
1.694
1.520
0.878
0.940
0.848
1.612
1.594
1.521
1.411
1.588
1.501
0.871
1.046
1.007
0.922
0.958
0.920
1.623
1.638
1.605
1.380
1.549
1.473
0.996
1.104
0.922
1.540
1.464
1.444
1.070
1.241
1.186
0.936
1.248
1.169
1.366
1.384
1.409
1.082
1.201
1.138
1.635
1.839
1.906
0.917
1.023
0.937
1.390
1.387
1.215
1.856
2.010
1.899
1.129
1.157
1.188
0.835
0.877
0.805
2.354
2.532
2.361
1.800
1.863
1.817
1.140
1.258
1.163
1.172
1.315
1.424
1.544
1.836
1.658
1.163
1.276
1.230
1.417
1.428
1.419
0.635
0.960
0.797
2.234
2.535
2.513
0.762
0.833
0.777
0.762
0.801
0.873
1.253
1.408
1.389
1.365
1.481
1.411
2.371
2.688
2.486
1.008
1.280
1.059
0.771
0.897
0.823
1.495
1.464
1.457
1.158
1.154
1.171
1.563
1.654
1.623
1.825
1.985
1.785
1.230
1.473
1.223
1.201
1.259
1.276
1.593
1.679
1.510
1.234
1.391
1.222
1.809
1.955
1.764
1.155
1.125
1.001
1.800
1.842
1.841
1.531
1.533
1.520
2.250
2.313
2.110
1.301
1.442
1.368
1.847
2.048
2.004
1.134
1.263
1.226
1.166
1.278
1.138
1.291
1.462
1.370
1.316
1.324
1.280
1.389
1.488
1.466
1.522
1.676
1.572
1.334
1.494
1.279
1.744
1.779
1.932
1.746
1.887
1.652
1.674
1.875
1.802
0.779
1.228
1.011
0.773
0.939
0.860
0.920
1.029
0.733
0.885
1.016
0.938
2.034
2.097
1.934
1.596
1.688
1.613
0.971
1.144
1.092
1.462
1.586
1.492
0.809
0.972
0.901
1.724
1.794
1.769
1.767
1.812
1.524
0.773
0.939
0.860
1.607
1.702
1.644
1.597
1.720
1.614
0.755
0.918
0.840
1.059
1.168
1.094
1.035
1.096
1.079
0.755
0.918
0.840
1.379
1.460
1.396
0.734
0.921
0.880
1.036
1.154
1.396
2.606
2.618
2.709
1.294
1.448
1.418
1.419
1.459
1.384
0.755
0.918
0.840
1.530
1.559
1.384
1.128
1.169
1.116
0.755
0.918
0.840
0.823
0.876
0.833
0.979
1.167
1.060
1.185
1.224
1.227
0.899
0.941
0.957
1.373
1.722
1.535
1.520
1.561
1.356
0.736
0.910
0.701
0.736
0.880
0.761
0.736
0.907
0.761
1.922
1.983
2.044
1.480
1.649
1.550
0.634
0.876
0.768
1.165
1.300
1.242
0.773
0.939
0.860
1.077
1.166
1.152
1.561
1.625
1.539
1.042
1.151
1.072
0.735
0.863
0.799
0.717
1.434
0.967
1.754
1.879
1.732
1.935
1.769
1.849
1.011
1.088
1.060
1.339
1.372
1.366
1.375
1.504
1.398
0.818
0.968
0.900
2.108
2.520
2.397
1.011
1.116
1.050
1.108
1.246
1.215
0.755
0.918
0.840
0.918
1.196
0.992
0.770
0.972
0.748
0.950
0.943
0.898
1.175
1.214
1.020
1.761
1.812
1.769
1.824
1.820
1.796
1.324
1.357
1.334
0.900
1.090
0.974
1.708
1.881
1.818
0.988
1.144
1.025
1.290
1.522
1.429
1.450
1.663
1.467
1.089
1.706
1.279
1.730
1.855
1.817
1.269
1.301
1.247
1.249
1.303
1.178
1.018
1.117
1.096
0.729
0.813
0.741
0.868
0.849
0.856
2.988
3.005
2.913
1.014
1.129
1.071
1.822
1.921
1.858
2.073
2.343
2.221
4.161
4.211
4.098
0.869
1.006
0.953
0.989
1.104
1.091
1.110
1.241
1.051
1.879
2.076
1.939
3.307
3.403
3.411
1.061
1.153
0.895
0.754
0.959
0.886
1.477
1.727
1.590
0.808
0.847
0.804
1.080
1.150
1.131
1.121
1.345
1.238
1.402
1.694
1.480
2.140
2.339
2.259
1.721
1.802
1.738
1.117
1.314
1.235
1.299
1.490
1.356
2.100
2.184
2.129
1.108
1.217
1.153
1.509
1.578
1.494
1.435
1.534
1.504
1.952
2.006
1.922
1.402
1.330
1.686
2.653
2.702
2.662
0.782
0.750
0.604
0.588
0.873
0.734
1.410
1.598
1.498
1.683
1.712
1.720
1.276
1.386
1.320
2.125
2.080
1.992
1.875
1.971
1.935
1.953
1.959
1.995
1.349
1.492
1.414
1.191
1.193
1.198
1.227
1.477
1.368
0.802
0.843
0.860
1.518
1.554
1.560
1.357
1.407
1.544
1.226
1.355
1.311
0.847
1.152
1.008
1.679
1.742
1.773
1.754
1.955
1.928
2.373
2.359
2.316
1.695
1.739
1.718
2.091
2.158
2.153
1.140
1.362
1.349
1.643
1.693
1.697
1.098
1.282
1.121
1.531
1.610
1.549
0.587
0.871
0.817
1.180
1.194
1.245
1.392
1.513
1.496
0.687
0.738
0.779
0.929
1.138
1.091
1.221
1.336
1.258
2.306
2.303
2.341
1.754
2.103
1.971
1.104
1.218
1.124
2.199
2.267
2.172
1.181
1.269
1.274
2.470
2.590
2.508
2.094
2.190
2.155
1.790
2.067
1.886
2.335
2.397
2.342
1.035
1.874
1.341
2.868
2.972
2.966
2.804
2.939
2.844
1.854
1.995
1.925
1.306
1.512
1.430
1.442
1.525
1.517
0.844
1.013
0.967
1.325
1.314
1.327
1.614
1.705
1.731
2.942
3.077
3.001
2.212
2.284
2.282
1.072
1.286
1.172
1.815
1.931
1.942
0.963
1.081
1.057
1.365
1.410
1.385
1.525
1.558
1.541
1.238
1.361
1.371
1.342
1.474
1.425
0.999
1.189
1.130
1.343
1.288
1.172
2.390
2.445
2.435
2.005
2.004
2.057
2.516
2.542
2.593
1.023
1.149
1.124
1.167
1.216
1.220
1.425
1.478
1.430
0.848
0.905
0.867
2.058
2.167
2.168
1.306
1.654
1.748
0.634
0.815
0.797
0.913
0.986
0.880
1.992
2.095
1.985
0.921
1.128
1.044
1.683
1.725
1.666
1.835
1.885
1.838
1.437
1.531
1.528
0.919
1.207
1.115
1.257
1.341
1.259
1.649
1.709
1.484
2.872
2.918
2.978
1.422
1.404
1.244
1.450
1.498
1.466
0.900
1.034
0.992
2.882
2.824
2.666
1.755
1.837
2.204
2.383
2.506
2.416
1.062
1.236
1.093
2.269
2.309
2.134
2.225
2.293
2.229
1.642
1.724
1.681
1.070
1.199
1.171
1.805
2.004
2.121
1.303
1.476
1.464
1.452
1.429
1.284
1.546
1.579
1.751
0.988
1.011
1.050
0.787
0.821
0.852
1.115
1.180
1.219
1.115
1.180
1.219
1.115
1.180
1.219
2.119
2.168
2.115
0.946
1.114
0.898
1.612
1.751
1.721
0.820
0.872
0.896
1.590
1.802
1.679
1.059
1.316
1.339
0.858
0.968
0.895
2.055
2.184
1.902
1.403
1.545
1.455
0.968
1.036
1.012
0.833
1.111
1.008
1.528
1.993
1.797
1.061
1.112
1.176
1.557
1.500
1.626
2.097
2.092
1.838
1.837
2.082
1.847
1.272
1.452
1.386
1.609
1.614
1.546
2.045
2.057
2.188
2.545
3.553
2.568
1.647
1.706
1.682
1.020
1.107
1.032
1.058
1.098
0.946
1.014
1.258
1.225
1.117
1.240
1.254
1.594
1.588
1.493
1.887
1.904
1.796
1.835
2.065
2.138
2.454
2.592
2.508
1.685
1.728
1.598
1.110
1.221
1.226
1.192
1.274
1.231
0.691
1.015
0.852
1.421
1.727
1.618
1.434
1.394
1.360
1.881
1.957
1.871
1.806
2.077
1.951
1.012
1.154
1.114
2.271
2.267
2.146
0.883
0.914
0.828
1.019
1.093
0.895
1.581
1.627
1.611
2.179
2.185
1.981
0.860
0.912
0.829
0.752
0.832
0.745
0.767
0.810
0.752
0.620
0.772
0.698
0.741
0.872
0.802
1.172
1.256
1.246
2.123
2.494
2.242
1.117
1.048
1.096
0.896
1.078
0.993
1.153
1.244
1.149
1.456
1.432
1.357
1.833
1.948
1.901
1.027
1.125
1.067
1.022
1.043
1.061
0.907
1.111
0.986
1.185
1.294
1.196
1.590
1.750
1.613
1.253
1.426
1.405
0.505
0.631
0.565
1.053
1.041
1.028
2.460
2.456
2.508
1.374
1.508
1.461
1.103
1.229
1.173
0.430
0.689
0.592
0.430
0.689
0.592
0.430
0.689
0.592
1.118
1.206
1.154
1.516
1.532
1.394
0.912
1.008
0.757
1.171
1.403
1.393
0.680
0.762
0.702
1.879
1.981
1.923
1.804
1.837
1.854
1.378
1.570
1.408
1.157
1.223
1.248
1.685
1.831
1.800
1.577
1.910
1.813
1.087
1.151
1.109
0.921
1.092
0.854
0.816
0.837
0.797
1.760
1.774
1.806
1.333
1.418
1.421
1.333
1.545
1.421
1.491
1.619
1.603
1.522
1.633
1.507
0.741
1.019
0.974
2.371
2.396
2.327
0.843
0.933
0.887
1.371
1.419
1.360
1.011
1.049
1.030
1.435
1.624
1.579
1.053
1.075
0.935
0.314
0.551
0.505
0.696
0.938
0.852
1.036
1.221
1.312
1.644
1.650
1.565
0.582
0.600
0.476
1.519
1.484
1.497
1.909
2.074
1.993
0.801
0.849
0.840
1.865
1.875
1.792
1.463
1.499
1.452
1.106
1.078
1.181
1.401
1.455
1.348
1.878
1.975
1.954
1.451
1.625
1.470
2.139
2.261
2.143
1.137
1.278
1.228
1.051
1.215
1.149
0.773
0.884
0.851
1.640
1.728
1.701
1.440
1.472
1.497
0.941
1.078
1.041
0.941
1.078
1.041
1.916
1.947
1.971
0.843
1.057
0.872
2.006
2.079
2.027
1.472
1.639
1.506
0.727
0.837
0.728
1.345
1.431
1.347
1.419
1.565
1.421
0.718
0.969
0.805
2.137
2.283
2.137
1.843
1.909
1.894
1.654
1.786
1.697
2.614
2.659
2.599
1.583
1.756
1.709
1.051
1.126
1.072
1.466
1.650
1.549
1.769
2.036
1.934
1.508
1.611
1.514
1.160
1.124
1.240
1.796
1.910
1.798
1.487
1.716
1.581
1.479
1.562
1.495
0.914
1.093
1.000
1.391
1.372
1.141
1.266
1.359
1.365
0.667
0.858
0.747
0.962
1.045
0.966
0.753
0.883
0.813
1.662
1.739
1.714
1.174
1.305
1.271
1.290
1.442
1.343
1.586
1.749
1.671
2.050
2.646
2.173
1.533
1.742
1.689
1.183
1.339
1.221
0.894
1.009
0.951
1.159
1.182
1.035
1.049
1.357
1.220
1.094
1.195
1.143
1.031
1.133
1.067
1.739
1.918
1.814
0.635
1.110
0.935
1.930
2.055
2.029
1.082
1.158
1.067
2.086
2.144
1.956
0.878
0.922
0.875
1.440
1.445
1.385
2.726
2.774
2.790
2.388
2.606
2.498
0.911
1.100
1.035
1.991
2.175
2.062
1.263
1.316
1.217
1.126
1.353
1.207
2.221
2.621
2.301
1.695
1.762
1.715
2.125
2.220
2.194
0.961
1.103
0.993
1.444
1.464
1.313
0.900
1.016
0.956
2.364
2.553
2.411
1.725
1.855
1.559
1.234
1.274
1.265
0.566
0.786
0.691
0.601
0.618
0.528
1.545
1.596
1.601
1.052
1.292
1.120
2.455
2.584
2.570
1.406
1.591
1.517
1.605
1.735
1.766
0.833
1.044
0.981
0.900
1.016
0.956
1.804
1.883
1.810
0.881
1.169
1.020
0.891
0.981
0.777
0.871
0.915
0.858
1.489
1.597
1.556
0.832
1.018
0.894
1.379
1.560
1.468
0.910
0.962
0.967
0.894
1.009
0.951
0.801
0.962
0.845
1.072
1.093
1.040
0.988
0.999
0.943
1.178
1.212
1.180
0.663
0.847
0.726
1.291
1.410
1.335
0.847
1.088
0.998
2.961
3.283
3.083
2.961
3.283
3.083
2.961
3.283
3.083
1.064
1.272
1.197
0.900
1.016
0.956
1.754
1.843
1.765
1.251
1.317
1.288
0.806
0.826
0.718
0.924
1.053
0.953
1.593
1.680
1.576
1.229
1.350
1.225
0.841
0.919
0.903
1.619
1.686
1.627
0.971
1.076
1.014
2.285
2.410
2.293
0.910
0.783
0.847
0.900
1.016
0.956
0.987
1.124
1.067
1.014
1.112
1.060
0.818
0.953
0.838
2.417
2.524
2.440
0.668
0.968
0.842
1.139
1.438
1.301
1.864
2.090
1.883
0.793
0.903
0.831
0.553
0.905
0.723
2.245
2.385
2.329
1.353
1.407
1.328
1.839
1.988
1.886
1.484
1.547
1.509
1.784
1.848
1.808
1.177
1.338
1.271
1.144
1.551
1.304
1.878
1.947
1.926
1.316
1.489
1.393
2.131
2.222
2.240
1.334
1.470
1.417
1.737
1.795
1.819
1.562
1.563
1.567
0.614
0.843
0.731
1.220
1.438
1.319
1.547
1.491
1.558
1.890
1.953
1.929
2.142
2.294
2.232
1.226
1.307
1.191
2.672
2.548
2.442
1.163
1.207
0.936
1.859
1.912
1.844
1.605
1.771
1.760
1.103
1.194
1.176
1.579
1.770
1.592
1.595
1.731
1.714
2.492
2.575
2.530
2.126
2.245
2.216
1.683
1.836
1.848
1.786
1.791
1.798
1.107
1.349
1.152
1.643
1.743
1.595
1.719
1.920
1.855
1.618
1.590
1.640
2.608
2.694
2.672
2.273
2.246
2.268
0.892
1.009
0.905
1.349
1.581
1.508
1.797
1.863
1.872
1.351
1.474
1.366
1.291
1.749
1.487
1.660
1.929
1.784
1.594
1.620
1.532
0.888
0.947
0.930
1.181
1.179
1.304
1.219
1.365
1.299
1.683
1.667
1.652
0.826
0.951
0.856
0.826
0.951
0.856
1.299
1.397
1.360
1.389
1.427
1.365
0.984
1.027
0.898
2.087
2.232
2.082
1.551
1.461
1.475
0.779
0.883
0.721
1.189
1.454
1.332
0.656
0.719
0.703
1.062
1.145
1.104
2.446
2.480
2.130
1.420
1.353
1.069
0.712
0.900
0.769
2.251
2.337
2.399
1.119
1.176
1.169
0.958
1.099
0.998
0.994
1.190
1.008
1.729
1.776
1.702
1.256
1.312
1.247
2.304
2.514
2.355
1.193
1.065
0.953
1.973
1.996
1.978
1.673
1.730
1.711
1.062
1.090
0.957
1.656
2.046
1.821
0.904
0.906
0.840
2.423
2.564
2.425
2.018
2.053
2.110
0.839
0.988
0.928
1.289
1.330
1.274
1.480
1.528
1.508
1.227
1.430
1.131
1.873
1.924
1.819
2.447
2.502
2.507
0.800
0.976
0.938
1.104
1.331
1.308
1.732
1.888
1.752
1.068
1.073
1.280
1.564
1.691
1.651
0.787
0.928
0.846
1.325
1.454
1.326
1.170
1.342
1.179
3.246
3.371
3.325
1.715
2.097
1.899
0.923
1.087
1.003
0.992
1.115
1.015
1.230
1.314
1.311
2.245
2.192
1.935
0.976
1.034
0.903
1.412
1.462
1.440
0.857
0.935
1.303
1.142
1.294
1.238
1.745
1.904
1.797
0.898
1.025
0.975
2.813
2.896
2.873
3.126
3.136
3.091
1.733
1.970
1.862
1.244
1.350
1.314
1.770
1.793
1.786
1.397
1.474
1.457
2.013
2.208
2.130
1.265
1.281
1.257
1.336
1.521
1.472
1.305
1.417
1.368
0.897
1.067
0.968
0.490
0.535
0.492
1.185
1.273
1.270
1.155
1.362
1.260
0.749
0.835
0.790
2.093
2.256
2.219
1.286
1.660
1.524
1.273
1.410
1.358
0.565
0.917
0.813
1.555
1.825
1.722
1.586
1.607
1.415
1.071
1.080
1.065
1.592
1.855
1.567
1.385
1.521
1.537
1.433
1.484
1.466
1.043
1.068
0.898
2.365
2.424
2.381
0.788
1.030
0.847
0.788
0.935
0.847
1.970
2.012
1.865
1.303
1.490
1.437
1.369
1.385
1.363
1.126
1.316
1.240
0.713
0.821
0.755
0.791
0.888
0.826
1.066
1.117
1.085
0.756
0.730
0.739
2.061
2.038
2.012
1.096
1.161
1.026
0.967
1.065
0.990
0.907
1.083
0.990
2.250
2.293
2.204
3.173
3.125
3.115
1.388
1.460
1.404
0.938
0.959
0.987
0.956
1.012
1.030
0.682
0.887
0.765
1.487
1.519
1.480
1.634
1.583
1.661
1.393
1.374
1.321
0.923
1.186
1.030
0.904
1.065
0.993
0.773
0.823
0.824
1.333
1.409
1.349
1.785
1.860
1.788
0.828
0.860
0.826
1.011
1.078
1.072
0.900
1.016
0.956
0.900
1.016
0.956
1.249
1.326
1.275
1.102
1.444
1.360
1.275
1.437
1.376
1.041
1.074
1.071
1.029
1.481
1.103
1.333
1.601
1.470
0.634
0.750
0.778
1.773
1.799
1.897
2.621
2.572
2.632
0.884
1.054
0.976
2.335
2.344
2.241
1.017
1.307
1.069
1.078
1.137
0.935
1.717
1.864
1.776
1.684
1.760
1.695
1.062
1.149
1.092
0.689
0.861
0.734
1.474
1.501
1.453
0.815
0.947
0.974
0.927
1.003
0.867
2.612
2.662
2.667
1.791
1.785
1.771
1.777
1.846
1.815
1.023
0.994
0.998
1.850
2.088
1.925
0.834
0.979
0.970
1.328
1.434
1.378
1.077
1.194
1.104
1.732
1.822
1.815
1.668
1.733
1.533
1.387
1.569
1.406
1.229
1.337
1.284
2.367
2.373
2.326
0.610
0.614
0.585
0.610
0.706
0.662
1.038
1.066
1.099
1.036
1.137
1.051
1.169
1.374
1.278
1.755
1.894
1.806
0.780
0.868
0.806
1.100
1.330
1.243
0.757
0.889
0.847
2.079
2.198
2.046
1.085
1.213
1.133
0.912
1.124
1.096
1.102
1.383
1.226
2.869
2.943
2.923
1.693
1.769
1.715
1.710
1.775
1.721
1.550
1.653
1.553
1.026
1.157
0.973
1.142
1.410
1.280
0.873
0.991
0.928
1.690
1.740
1.738
1.565
1.562
1.539
1.080
1.221
1.153
1.739
1.696
1.832
1.974
2.265
2.030
1.380
1.462
1.369
1.357
1.382
1.322
1.402
1.502
1.423
0.931
0.946
1.035
1.708
1.765
1.719
1.494
1.512
1.534
1.208
1.253
1.238
1.244
1.405
1.343
1.792
1.853
1.855
1.363
1.549
1.490
1.389
1.477
1.434
1.224
1.290
1.159
0.903
0.697
0.805
0.781
0.813
0.811
1.184
1.250
1.235
0.845
0.928
0.873
0.845
0.935
0.890
1.450
1.505
1.475
1.018
1.159
1.076
1.253
1.532
1.344
1.196
1.291
1.283
1.241
1.398
1.310
0.636
0.837
0.733
0.804
0.882
0.870
0.716
0.842
0.777
0.809
1.013
0.880
0.925
1.019
1.038
1.144
1.600
1.543
1.439
1.658
1.575
2.646
2.719
2.607
0.802
0.922
0.869
0.797
1.049
0.983
1.239
1.398
1.337
1.247
1.262
1.281
2.047
2.087
1.969
1.027
1.065
1.049
1.425
1.573
1.475
3.083
3.086
3.065
1.648
1.779
1.807
1.029
1.171
1.108
0.902
0.898
0.842
1.192
1.396
1.271
1.925
2.154
2.023
1.922
2.135
2.023
1.935
2.094
1.967
1.144
1.222
1.207
1.179
1.256
1.223
1.019
1.235
1.019
0.914
1.541
1.042
0.820
0.925
0.874
1.057
1.328
1.171
0.604
0.691
0.538
1.077
1.339
1.224
1.254
1.457
1.342
0.630
0.838
0.705
1.172
1.274
1.182
1.533
1.541
1.511
1.104
1.634
1.155
0.960
1.055
1.036
0.908
0.915
0.880
1.060
1.137
1.050
1.142
1.225
1.214
0.695
0.847
0.766
0.692
0.770
0.709
1.623
2.183
1.771
1.192
1.259
1.232
0.881
1.014
0.933
2.020
2.067
1.906
1.743
2.152
1.891
3.019
2.977
2.953
1.020
1.145
0.947
0.811
0.973
0.956
0.873
0.986
0.961
0.925
1.395
1.196
1.087
1.190
1.042
1.628
1.746
1.680
0.913
1.091
1.022
1.135
1.312
1.425
1.269
1.288
1.313
1.346
1.463
1.367
0.913
0.992
0.976
1.412
1.550
1.450
1.172
1.252
1.317
1.268
1.386
1.275
0.967
0.957
0.896
0.787
1.072
1.016
1.442
1.492
1.447
0.870
1.157
0.853
2.267
2.336
2.299
0.997
1.201
1.163
1.935
1.962
1.839
1.394
1.373
1.215
1.397
1.435
1.354
1.020
1.139
1.055
1.927
1.966
1.918
1.171
1.409
1.585
1.114
1.122
1.134
1.848
1.929
1.823
1.955
2.063
1.981
1.057
1.454
1.486
2.066
2.052
2.030
0.946
1.059
0.955
0.764
0.854
0.773
0.436
0.565
0.499
0.752
0.845
0.793
1.446
1.588
1.426
1.025
1.135
1.113
1.359
1.659
1.143
0.991
1.073
1.044
1.084
1.163
1.111
1.407
1.422
1.424
1.988
2.110
1.952
1.550
1.677
1.749
0.982
1.102
1.101
0.555
0.679
0.614
0.885
1.025
0.943
0.995
1.188
0.929
1.156
1.193
1.157
0.555
0.679
0.614
0.508
0.661
0.592
0.555
0.679
0.614
1.961
1.947
1.937
1.537
1.562
1.525
1.613
1.679
1.607
1.472
1.617
1.599
0.936
1.031
0.972
1.336
1.470
1.338
1.210
1.309
1.180
0.634
0.744
0.665
1.812
1.834
1.792
2.460
2.683
2.623
1.513
1.680
1.603
0.463
0.734
0.599
2.091
2.124
2.098
1.386
1.593
1.487
1.021
1.301
1.082
0.865
1.010
0.980
0.974
1.040
1.013
1.142
1.371
1.250
1.304
1.271
1.306
1.114
1.290
1.100
1.129
1.214
1.215
0.694
0.806
0.821
1.360
1.528
1.484
1.100
1.202
1.180
1.071
1.240
1.172
1.271
1.354
1.305
0.809
1.002
0.872
1.269
1.299
1.224
0.767
0.995
0.854
1.755
1.762
1.662
2.297
2.287
2.329
2.054
2.259
2.138
0.971
1.139
0.932
1.628
1.913
1.851
0.655
0.836
0.781
0.902
0.909
0.856
1.750
1.974
1.838
1.924
1.902
1.955
1.513
1.588
1.589
1.513
1.588
1.589
1.305
1.370
1.389
1.559
1.563
1.407
1.786
1.867
1.812
1.756
1.733
1.722
1.350
1.486
1.417
1.210
1.507
1.391
1.283
1.380
1.354
1.151
1.286
1.143
2.378
2.719
2.507
1.585
1.707
1.628
0.499
0.612
0.605
3.011
3.025
2.944
1.676
1.908
1.794
1.030
1.465
1.253
1.393
1.838
1.710
2.334
2.362
2.291
1.795
1.809
1.768
1.256
1.504
1.415
1.041
1.091
0.857
2.019
2.014
1.963
1.735
2.005
1.874
2.181
2.289
2.311
1.893
1.996
1.868
0.905
1.003
0.981
1.281
1.365
1.323
1.909
1.988
1.964
1.175
1.303
1.262
1.066
1.303
1.203
1.146
1.341
1.220
1.608
1.698
1.642
1.255
1.235
1.106
1.914
1.970
1.945
1.235
1.297
1.180
1.549
1.744
1.687
2.261
2.384
2.324
0.919
1.001
0.968
1.340
1.409
1.361
1.239
1.287
0.996
1.524
1.709
1.603
0.673
0.783
0.633
1.681
1.782
1.627
1.757
1.644
1.701
1.859
1.870
1.721
1.751
1.839
1.785
2.172
2.199
2.217
1.843
2.036
1.934
1.437
1.607
1.677
1.617
1.795
1.664
1.950
2.064
2.002
1.089
1.240
1.103
1.226
1.302
1.297
1.869
2.113
2.156
1.982
2.043
1.967
1.110
1.073
1.059
1.342
1.477
1.452
3.352
3.485
3.209
2.966
3.264
3.101
1.613
1.712
1.562
1.874
1.900
1.976
0.676
0.908
0.900
1.207
1.337
1.269
0.921
1.079
0.973
1.241
1.454
1.367
1.269
1.446
1.421
0.975
1.389
1.055
0.975
1.287
1.136
0.651
0.994
0.853
1.585
1.560
1.540
1.535
1.718
1.679
0.538
0.535
0.194
0.791
1.018
0.856
1.317
1.369
1.292
1.853
1.945
1.908
2.353
2.480
2.433
2.280
2.334
2.365
1.774
1.839
1.854
1.279
1.343
1.306
1.577
1.746
1.634
0.880
1.046
0.992
1.360
1.297
1.073
2.099
2.145
2.145
1.499
1.560
1.425
1.732
1.787
1.780
1.149
1.337
1.172
1.421
1.583
1.627
1.375
1.491
1.493
0.835
0.717
0.663
1.145
1.114
1.044
1.305
1.254
1.271
1.642
1.875
1.673
0.884
0.960
0.921
1.694
1.680
1.455
0.858
0.892
0.956
1.579
1.645
1.586
1.074
1.301
1.117
0.778
0.777
0.747
1.510
1.542
1.504
1.841
1.939
1.830
1.143
1.239
1.160
1.437
1.625
1.555
1.205
1.922
1.417
2.480
2.559
2.563
1.704
1.856
1.763
1.068
1.149
0.887
1.804
1.888
1.889
1.112
1.213
1.208
1.239
1.316
1.439
1.971
1.993
2.017
1.574
1.804
1.661
0.830
0.923
0.822
0.830
0.923
0.822
1.041
1.185
1.196
0.743
1.084
1.012
0.770
1.200
0.922
1.777
1.995
1.904
0.758
0.869
1.184
1.113
1.208
1.241
2.026
2.027
1.933
1.183
1.367
1.289
1.172
1.321
1.306
1.254
1.145
1.166
0.837
0.848
0.838
1.469
1.471
1.523
1.180
1.392
1.280
0.826
1.184
0.949
1.097
1.127
1.102
1.372
1.496
1.398
0.872
1.026
0.829
1.106
1.187
1.170
1.840
1.969
1.918
1.447
1.549
1.499
0.961
1.009
0.964
0.776
0.872
0.820
1.272
1.312
1.244
1.243
1.654
1.391
1.168
1.200
1.332
1.335
1.497
1.333
1.335
1.523
1.536
1.850
1.910
1.932
1.393
1.467
1.412
1.161
1.221
1.244
1.253
1.576
1.471
2.681
2.708
2.689
1.288
1.411
1.400
1.474
1.694
1.524
1.264
1.372
1.256
0.832
1.084
0.965
1.281
1.352
1.364
0.561
0.690
0.618
0.959
1.076
0.962
1.737
1.757
1.724
1.979
1.957
1.910
0.902
1.010
0.871
1.152
1.161
1.110
1.842
1.939
1.848
0.934
1.039
0.941
1.428
1.595
1.438
2.107
2.072
2.209
1.136
1.190
1.164
2.722
2.860
2.743
1.464
1.718
1.522
1.591
1.675
1.645
1.232
1.404
1.311
1.091
1.135
1.090
1.421
1.450
1.400
1.443
1.864
1.740
1.389
1.469
1.416
1.085
1.320
1.172
1.354
1.376
1.338
1.228
1.418
1.274
2.668
2.742
2.736
1.817
1.951
1.818
0.966
1.263
1.088
1.147
1.265
1.222
0.902
0.953
0.924
0.926
1.020
0.973
0.747
0.813
0.719
0.828
1.048
1.030
1.781
1.733
1.722
0.847
0.974
0.805
1.707
1.736
1.677
1.334
1.583
1.849
1.161
1.251
1.181
1.281
1.383
1.292
1.451
1.650
1.526
0.921
0.991
0.957
1.972
2.046
2.004
1.756
1.735
1.733
1.801
2.032
2.023
1.346
1.398
1.410
1.682
1.873
1.818
0.561
0.690
0.618
1.269
1.276
1.323
1.529
1.730
1.549
1.355
1.384
1.389
1.497
1.478
1.484
1.174
1.347
1.204
1.578
1.744
1.654
1.512
1.560
1.542
1.373
1.468
1.436
1.254
1.531
1.479
1.009
1.054
0.983
1.158
1.080
1.112
1.006
1.106
1.055
0.863
1.085
0.878
0.965
1.150
1.094
1.861
2.149
2.252
1.067
1.174
1.097
0.809
0.885
0.781
1.107
2.308
1.675
1.375
1.486
1.299
2.758
2.773
2.733
0.828
1.022
0.937
0.636
0.657
0.557
0.758
0.869
0.782
0.886
0.965
0.879
0.711
0.932
0.824
1.917
1.971
2.029
0.383
0.619
0.522
1.344
1.492
1.419
0.658
0.838
0.752
1.310
1.471
1.357
0.566
0.690
0.627
1.999
1.967
1.935
1.224
1.304
1.336
1.108
1.458
1.267
1.234
1.232
1.198
1.336
1.459
1.411
1.470
1.502
1.463
1.974
2.039
2.021
0.766
0.808
0.756
1.819
1.909
1.698
1.742
1.823
1.947
1.089
1.215
1.044
1.373
1.751
1.569
0.731
0.795
0.795
1.136
1.332
1.236
2.129
2.110
2.100
1.000
1.150
1.146
1.162
1.414
1.289
1.780
1.789
1.760
1.163
1.230
1.268
0.887
1.034
0.964
1.354
1.332
1.287
1.438
1.547
1.486
1.430
1.654
1.496
1.215
1.207
1.102
1.355
1.495
1.371
1.260
1.457
1.383
0.887
0.973
0.983
1.398
1.532
1.425
1.485
1.670
1.403
1.812
2.276
2.234
2.058
2.111
2.026
2.017
1.929
2.077
1.285
1.266
1.253
1.354
1.371
1.345
2.337
2.384
2.227
1.961
2.162
1.977
1.595
1.780
1.725
1.015
1.207
1.005
1.385
1.313
1.279
1.442
1.475
1.426
2.207
2.241
2.320
1.238
1.535
1.428
2.749
2.864
2.824
1.788
1.768
1.622
0.894
1.003
0.952
0.911
0.985
0.873
1.335
1.319
1.340
1.606
1.736
1.633
0.763
0.862
0.822
1.600
1.624
1.593
1.635
1.743
1.638
1.011
1.178
1.106
1.064
1.066
1.050
1.222
1.314
1.582
1.114
1.162
1.091
1.675
1.802
1.671
2.054
2.289
2.147
0.885
0.910
0.890
1.421
1.483
1.459
1.313
1.396
1.455
0.787
1.127
1.022
0.744
1.000
0.628
1.268
1.447
1.322
1.189
1.228
1.235
1.054
1.304
1.196
0.909
1.172
1.107
1.220
1.451
1.315
1.388
1.509
1.463
1.781
1.990
1.954
1.169
1.301
1.272
2.144
2.196
2.178
1.200
1.382
1.317
1.853
2.000
1.910
1.063
1.268
1.144
1.814
1.946
1.830
1.588
1.581
1.516
0.918
1.128
1.075
2.088
2.201
2.110
0.826
1.108
0.885
1.592
1.665
1.415
1.732
1.709
1.659
0.834
0.896
0.822
1.130
1.262
0.973
0.703
1.070
0.885
1.195
1.366
1.293
1.755
1.852
1.801
1.962
2.021
1.978
1.162
1.598
1.354
1.911
2.024
2.015
1.027
1.027
0.989
1.821
1.883
1.957
0.942
1.102
1.089
1.352
1.643
1.540
1.770
1.919
1.841
1.253
1.454
1.469
1.694
2.008
1.718
1.694
1.934
1.890
2.199
2.256
2.215
1.281
1.269
1.272
2.056
2.092
2.101
1.354
1.442
1.378
1.665
1.691
1.658
1.824
1.890
1.837
1.945
1.938
1.942
2.578
2.624
2.597
1.443
1.748
1.501
1.047
1.261
1.053
1.559
1.408
1.886
0.940
1.106
0.939
1.559
1.632
1.403
2.597
2.551
2.519
1.254
1.282
1.206
1.479
1.559
1.524
1.065
1.120
1.042
1.022
1.341
1.118
1.276
1.262
1.096
1.183
1.595
1.524
1.135
1.132
1.135
1.166
1.487
1.381
1.656
1.863
1.654
1.311
1.209
1.187
1.324
1.451
1.653
1.132
1.238
0.962
0.559
0.997
0.583
1.478
1.558
1.521
1.074
1.085
0.984
0.924
1.013
0.937
0.894
1.098
0.976
1.953
2.095
1.957
1.210
1.499
1.402
1.273
1.743
1.472
1.527
1.732
1.455
1.458
1.598
1.614
1.103
1.166
1.052
0.842
0.886
0.823
1.138
1.732
1.299
1.305
1.443
1.436
1.463
1.942
1.605
1.326
1.584
1.459
1.516
1.268
1.321
2.433
2.445
2.400
1.686
1.693
1.701
0.786
0.881
0.808
1.942
2.072
2.044
1.467
1.605
1.586
1.823
1.933
1.961
1.310
1.536
1.424
2.242
2.323
2.371
3.061
2.969
3.094
1.906
2.019
1.963
1.651
1.750
1.684
1.104
1.243
1.199
1.881
1.976
1.895
1.399
1.452
1.381
1.116
1.883
1.073
1.875
1.987
1.982
1.634
2.293
2.602
1.016
1.115
1.088
2.107
2.098
1.985
1.697
1.816
1.824
0.918
0.993
0.949
2.103
2.231
2.139
1.555
1.590
1.682
1.868
1.914
1.867
1.499
1.586
1.494
1.114
1.241
1.093
1.409
1.615
1.460
0.811
0.965
0.976
1.631
1.731
1.641
1.769
1.629
1.701
1.718
1.712
1.593
0.845
0.918
0.872
1.553
1.684
1.576
1.911
2.000
1.918
1.017
1.332
1.139
1.004
1.118
1.103
0.690
0.743
0.752
2.062
1.883
1.867
0.814
1.103
0.958
0.774
0.854
0.729
0.805
0.866
0.798
0.805
0.970
0.833
2.173
2.249
2.194
1.514
1.552
1.419
0.808
0.917
0.834
1.297
1.475
1.390
1.756
2.116
1.862
1.161
1.311
1.116
1.073
1.217
1.432
2.231
2.482
2.407
2.269
2.391
2.257
1.428
1.632
1.368
2.110
2.288
2.276
1.477
1.606
1.558
0.757
0.890
0.994
0.922
1.178
1.058
0.657
0.902
0.712
1.336
1.445
1.464
1.120
1.164
1.176
1.154
1.350
1.278
0.961
1.075
1.019
0.760
0.965
0.905
1.694
1.767
1.738
1.561
1.807
1.598
2.322
2.292
2.061
2.282
2.343
2.270
0.888
1.073
0.991
1.826
1.820
1.797
1.568
2.112
1.715
0.980
1.051
0.978
1.197
1.179
1.193
1.271
1.820
1.183
1.114
1.434
1.249
2.095
2.056
2.039
0.639
0.685
0.677
1.183
1.302
1.271
0.901
1.036
1.001
0.688
1.030
0.803
0.946
0.984
0.900
0.760
0.983
0.828
0.985
0.941
0.999
0.529
0.782
0.636
1.227
1.396
1.328
0.792
0.955
0.847
1.525
1.708
1.530
1.387
1.530
1.633
1.685
1.791
1.826
1.412
1.496
1.473
1.085
1.046
1.068
1.174
1.240
1.192
1.677
1.846
1.758
1.307
1.313
1.401
1.365
1.505
1.399
1.496
1.602
1.576
1.092
1.264
1.176
1.514
1.556
1.559
1.062
1.171
1.176
1.068
1.212
1.148
2.804
2.769
2.730
1.312
1.606
1.424
1.483
1.574
1.581
1.587
1.687
2.035
1.546
1.720
1.465
1.992
2.055
2.052
0.427
0.928
0.818
0.789
0.879
0.822
1.400
1.439
1.434
1.329
1.478
1.414
1.189
1.263
1.275
1.548
1.604
1.526
0.870
1.420
1.058
0.992
1.151
1.105
1.000
1.096
1.005
1.246
1.271
1.199
1.359
1.533
1.327
1.893
2.060
1.843
0.419
0.491
0.419
0.655
0.964
0.790
1.952
1.985
1.930
0.732
0.974
0.842
0.962
1.103
1.059
0.993
1.054
1.049
1.055
1.216
1.119
1.188
1.384
1.322
0.949
1.095
1.109
0.832
0.839
0.824
1.118
1.133
1.158
1.206
1.267
1.242
1.232
1.430
1.278
0.999
1.124
1.041
0.876
0.952
0.902
1.970
2.041
1.943
1.458
1.704
1.647
1.320
1.357
1.204
1.353
1.455
1.474
0.747
0.898
0.786
0.949
1.103
0.969
1.121
1.327
1.221
1.231
1.258
1.107
1.463
1.681
1.557
1.172
1.240
1.238
0.561
0.722
0.522
0.961
1.196
1.108
1.207
1.280
1.373
1.341
1.586
1.457
1.615
1.716
1.654
1.523
1.792
1.695
1.079
1.132
1.032
1.826
1.799
1.767
1.275
1.307
1.281
2.005
2.067
1.969
0.942
0.999
0.866
1.781
1.808
1.688
0.950
1.171
1.073
0.792
0.910
0.824
2.153
2.186
2.156
1.038
1.171
1.135
1.514
1.698
1.661
0.936
1.192
1.035
1.141
1.173
0.986
1.788
1.959
1.861
2.383
2.514
2.438
1.436
1.599
1.439
1.105
1.294
1.162
1.288
1.336
1.263
1.138
1.369
1.217
0.891
0.966
0.923
0.866
0.963
0.919
0.919
0.991
0.833
1.102
1.112
0.907
1.215
1.289
0.968
1.286
1.487
1.411
0.522
0.636
0.584
0.750
0.840
0.796
1.897
1.914
1.883
1.780
1.679
1.768
1.638
1.677
1.672
1.248
1.342
1.331
1.252
1.417
1.303
1.153
1.218
1.051
1.178
1.775
1.282
1.124
1.117
1.017
1.756
1.895
1.850
2.142
2.216
2.074
0.740
0.801
0.793
1.332
1.356
1.363
1.044
1.116
1.038
1.729
1.797
1.756
2.207
2.147
1.963
1.201
1.266
1.206
1.658
1.696
1.725
0.811
0.917
0.805
1.444
1.508
1.488
1.524
1.631
1.579
2.080
2.138
2.129
1.965
2.008
2.001
1.262
1.318
1.343
1.368
1.431
1.397
2.779
2.782
2.786
1.533
1.626
1.493
1.410
1.449
1.466
1.356
1.565
1.392
1.727
1.832
1.765
1.821
1.987
1.962
1.715
1.721
1.625
1.254
1.383
1.285
1.349
1.486
1.347
1.335
1.270
1.083
1.351
1.451
1.271
0.965
1.100
1.069
1.602
1.589
1.508
1.728
1.767
1.733
1.862
1.903
1.736
1.182
1.313
1.223
1.211
1.491
1.655
1.380
1.409
1.194
1.089
1.533
1.369
1.562
1.649
1.537
1.382
1.667
1.554
2.003
1.997
2.125
0.364
0.759
0.599
1.466
1.558
1.506
1.880
1.969
1.957
0.847
1.028
1.328
2.124
2.256
2.300
1.964
2.094
2.073
1.091
1.136
1.089
0.942
0.992
0.962
1.541
1.542
1.551
1.681
1.665
1.611
0.938
1.071
0.987
1.700
1.831
1.682
0.952
1.089
1.396
1.444
1.469
1.269
1.515
1.542
1.480
1.108
1.168
1.140
1.249
1.411
1.393
2.014
2.110
2.075
2.986
2.981
2.971
1.219
1.372
1.251
1.120
1.212
1.174
1.142
1.212
1.136
1.274
1.447
1.280
1.860
1.952
1.940
1.582
1.604
1.596
2.008
2.058
2.059
1.775
1.782
1.699
1.251
1.255
1.328
1.145
1.210
1.183
1.073
1.125
1.154
0.917
0.976
0.938
1.797
1.924
1.798
1.358
1.357
1.244
1.524
1.566
1.545
2.300
2.270
2.194
2.504
2.514
2.579
2.387
2.529
2.481
1.649
1.921
1.772
1.280
1.411
1.335
0.810
0.825
0.843
1.145
1.530
1.264
2.120
2.169
2.088
1.265
1.303
1.249
1.531
1.699
1.493
1.463
1.791
1.662
1.039
1.136
1.006
1.016
1.466
1.354
1.271
1.659
1.380
1.177
1.777
1.248
1.122
1.285
1.184
1.297
1.441
1.350
1.129
1.265
1.245
1.063
1.173
1.089
1.375
1.486
1.245
0.817
0.888
0.774
1.521
1.589
1.505
1.823
1.859
1.820
1.712
1.707
1.800
1.881
2.051
1.996
1.282
1.362
1.365
0.873
0.947
0.876
0.570
0.782
0.605
0.697
0.758
0.699
1.950
2.019
1.997
1.052
1.617
1.281
0.827
0.883
0.772
0.946
1.008
0.909
1.272
1.380
1.323
0.628
0.699
0.660
1.197
1.374
1.260
0.785
0.864
0.795
1.493
1.723
1.599
0.772
0.767
0.772
1.786
1.641
1.752
2.049
2.171
2.114
1.356
1.407
1.289
1.796
1.922
2.053
1.524
1.584
1.568
1.171
1.132
1.129
1.213
1.355
1.264
0.923
1.000
0.933
1.163
1.236
1.220
1.250
1.335
1.350
1.462
1.632
1.446
1.663
1.714
1.726
1.070
1.188
1.125
1.500
1.821
1.600
1.410
1.624
1.514
0.639
0.615
0.590
0.802
0.860
0.797
0.993
1.080
0.983
1.488
2.519
1.700
1.831
1.836
1.879
0.887
0.889
0.871
1.490
1.526
1.462
1.135
1.199
1.084
1.180
1.252
1.237
2.435
2.408
2.510
2.108
2.000
2.035
1.791
1.785
1.688
