1.483
1.585
1.464
2.990
3.100
3.016
1.186
1.426
1.274
1.428
1.441
1.414
0.995
1.097
0.805
0.998
1.166
1.135
1.026
1.144
0.983
3.607
3.625
3.537
2.053
2.146
2.061
1.589
1.697
1.638
1.780
1.961
1.827
0.749
0.892
0.829
1.195
1.270
1.244
1.577
1.745
1.664
1.793
1.875
1.859
0.845
1.042
1.446
0.881
1.067
0.992
1.403
1.499
1.463
2.033
2.361
2.497
1.237
1.450
1.412
1.058
1.198
1.073
2.371
2.506
2.386
3.087
3.169
3.095
2.188
2.374
2.318
0.976
1.189
1.150
1.372
1.396
1.361
1.137
1.190
1.109
1.178
1.353
1.251
1.984
2.197
2.262
1.359
1.572
1.499
1.650
1.869
1.657
2.420
2.598
2.406
1.885
1.957
1.871
1.591
1.790
1.705
2.258
2.389
2.322
1.761
1.976
1.660
1.414
1.565
1.460
1.330
1.326
1.251
1.213
1.498
1.383
1.398
1.362
1.250
0.915
1.217
1.044
0.915
1.070
0.921
2.196
2.194
2.112
0.958
1.301
1.089
1.731
1.931
1.807
1.659
1.856
1.707
1.673
1.862
1.851
0.851
1.068
0.910
1.639
1.860
1.728
2.510
2.556
2.527
2.311
2.480
2.250
2.360
2.532
2.416
1.596
1.615
1.554
0.995
1.022
0.981
1.512
1.688
1.621
1.516
1.755
1.444
0.929
1.074
0.995
1.453
1.617
1.344
0.919
1.101
0.995
2.914
3.146
2.951
2.382
2.375
2.369
2.450
2.518
2.455
1.379
1.660
1.535
2.079
2.051
1.986
0.645
1.006
0.694
2.711
2.867
2.789
2.753
2.810
2.679
1.231
1.329
1.140
1.164
1.455
1.248
0.747
0.844
0.771
0.747
0.939
0.841
1.414
1.537
1.491
2.251
2.342
2.293
1.613
1.761
1.653
0.945
0.927
0.960
1.000
1.174
1.108
1.880
2.015
2.025
2.030
2.323
2.280
2.331
2.403
2.372
1.164
1.266
1.192
0.816
0.864
0.511
1.255
1.361
1.202
1.909
1.802
1.737
3.328
3.466
3.377
0.761
0.877
0.805
1.869
2.048
1.969
1.023
1.164
0.991
1.754
1.838
1.854
0.657
1.100
0.885
1.313
1.449
1.383
1.115
1.238
1.185
1.458
1.527
1.414
2.758
2.781
2.742
2.755
2.882
2.792
1.730
1.793
1.787
2.103
2.253
2.163
2.284
2.320
2.287
1.038
1.125
1.014
2.288
2.410
2.321
0.930
1.285
0.990
0.584
0.911
0.627
1.806
1.865
1.778
1.585
1.674
1.608
1.828
1.900
1.864
1.155
1.372
1.241
1.399
1.474
1.433
2.304
2.552
2.414
1.025
1.122
1.041
1.443
1.501
1.475
0.936
1.032
0.975
1.540
1.741
1.618
1.567
1.819
1.842
1.815
1.930
1.888
1.110
1.229
1.139
0.869
1.147
0.960
1.838
1.966
1.927
0.766
1.039
0.773
1.614
1.781
1.683
1.022
1.143
1.064
1.228
1.226
1.176
0.906
1.082
1.069
1.059
0.988
1.048
2.414
2.493
2.431
2.615
2.969
2.673
3.170
3.279
3.165
1.548
1.712
1.635
2.622
2.712
2.684
2.081
2.228
2.113
1.405
1.499
1.469
1.920
2.097
1.994
1.720
1.763
1.788
1.544
1.615
1.507
1.396
1.646
1.449
1.773
1.918
1.802
1.711
1.738
1.698
1.941
2.008
1.928
2.466
2.588
2.504
0.578
0.714
0.657
1.886
2.024
1.847
1.555
2.005
1.954
1.783
1.814
1.719
1.505
1.922
1.741
1.359
1.572
1.499
2.652
2.877
2.691
2.664
2.778
2.812
1.850
2.072
1.926
0.563
0.777
0.617
1.191
1.353
1.224
1.558
1.707
1.604
1.142
1.144
1.041
1.197
1.196
1.086
1.988
1.915
1.899
1.405
1.522
1.423
1.905
2.010
1.924
1.232
1.206
1.099
1.920
2.057
2.019
0.870
1.110
0.876
1.686
1.782
1.697
1.221
1.297
1.258
1.273
1.646
1.393
1.485
1.574
1.487
1.024
1.258
1.100
1.876
1.891
1.946
2.222
2.331
2.299
1.420
1.508
1.335
0.814
0.829
0.806
1.188
1.245
1.206
0.885
0.941
0.899
1.471
1.545
1.499
2.180
2.244
2.211
1.378
1.615
1.516
1.550
1.565
1.521
1.412
1.529
1.440
0.910
0.927
0.894
1.545
1.651
1.569
1.641
1.812
1.721
1.337
1.530
1.487
0.837
1.067
0.989
2.424
2.704
2.554
2.159
2.270
2.172
0.995
1.017
0.914
1.636
1.551
1.338
2.530
2.539
2.537
1.406
1.716
1.560
2.696
2.765
2.722
1.919
2.007
2.004
1.573
1.633
1.608
2.170
2.241
2.105
1.793
2.318
1.939
0.416
0.541
0.426
0.978
1.013
1.018
0.931
1.100
0.947
2.147
2.341
2.198
0.704
1.045
0.767
0.969
1.116
1.326
0.883
1.808
0.889
0.755
0.980
0.893
0.723
1.203
0.924
1.843
1.899
1.809
1.391
1.356
1.340
1.798
1.903
1.820
1.065
1.145
0.979
2.818
2.948
2.970
2.001
2.107
2.140
1.434
1.613
1.531
1.041
1.357
1.233
0.633
1.214
1.017
0.731
0.942
0.892
2.177
2.225
2.133
1.731
1.825
1.722
2.136
2.627
2.051
1.486
1.593
1.358
1.148
1.280
1.143
1.432
1.486
1.446
1.070
1.353
1.107
1.434
1.544
1.487
1.285
1.450
1.844
1.859
1.970
1.856
0.910
1.214
1.022
2.830
2.967
2.896
2.330
2.570
2.426
1.857
1.955
1.838
1.728
1.763
1.584
1.788
1.829
1.733
0.752
0.733
0.717
0.581
0.780
0.655
1.244
1.406
1.352
1.071
1.178
1.097
2.787
2.864
2.800
1.298
1.515
1.354
1.862
2.060
1.982
1.318
1.407
1.279
1.627
1.774
1.670
1.024
1.067
1.000
0.789
0.960
0.772
1.041
1.319
1.130
0.949
1.086
0.985
1.889
1.894
1.860
1.619
1.790
1.556
1.149
1.145
1.128
1.765
1.839
1.820
0.957
1.054
1.010
0.996
1.207
1.072
1.542
1.561
1.436
2.113
2.252
2.205
0.799
0.991
0.919
2.088
2.188
2.155
1.203
1.232
0.966
1.817
1.916
1.859
1.426
1.520
1.382
1.288
1.499
1.519
2.193
2.348
2.196
1.161
1.307
1.189
0.999
0.982
0.916
1.646
1.579
1.612
2.077
2.177
2.107
1.667
1.709
1.704
1.443
1.654
1.497
1.440
1.545
1.466
2.905
3.035
3.057
1.310
1.399
1.347
2.082
2.161
1.997
0.743
0.967
0.864
1.784
1.879
1.783
1.460
1.624
1.544
2.186
2.376
2.274
1.949
2.097
2.026
1.649
1.764
1.654
0.533
0.656
0.524
2.077
2.298
2.180
1.495
1.741
1.627
1.569
1.702
1.547
1.194
1.755
1.238
1.094
1.220
1.113
1.109
1.485
1.301
0.858
1.121
0.949
0.492
0.738
0.586
0.896
0.956
0.874
2.047
2.161
2.111
1.089
1.158
1.106
1.089
1.184
1.132
1.336
1.598
1.494
1.818
1.929
1.827
1.472
1.576
1.463
0.515
0.608
0.507
0.892
1.140
1.032
0.703
0.825
0.748
2.211
2.306
2.315
1.760
1.842
1.826
2.764
2.790
2.733
0.705
0.842
0.748
0.915
1.035
0.988
2.910
3.034
2.961
1.840
2.113
1.876
3.339
3.405
3.450
1.159
1.256
1.132
1.440
1.717
1.536
0.905
1.079
0.880
1.042
1.351
1.160
0.935
1.065
1.031
0.673
0.813
0.770
2.077
2.238
2.058
1.286
1.330
1.219
0.875
0.858
0.878
2.213
2.304
2.259
1.257
1.449
1.207
1.123
1.229
1.152
0.725
0.853
0.799
1.078
1.229
1.180
0.701
0.831
0.828
1.154
1.444
1.274
1.507
1.587
1.540
2.415
2.489
2.450
1.784
1.837
1.787
2.281
2.400
2.310
1.485
1.570
1.485
1.096
1.217
1.052
1.713
1.874
1.650
2.046
2.194
2.148
1.666
1.917
1.750
2.122
2.271
2.123
1.393
1.560
1.487
0.903
1.099
0.982
2.040
2.080
1.842
1.252
1.345
1.260
1.198
1.325
1.280
2.780
2.978
2.907
1.336
1.540
1.382
2.685
2.755
2.640
1.449
1.604
1.363
1.984
2.053
2.005
0.963
1.155
1.015
2.901
2.968
2.929
1.211
1.354
1.238
1.255
1.330
1.224
1.844
1.903
1.837
1.592
1.965
1.687
1.279
1.338
1.268
1.007
1.003
1.018
1.680
1.672
1.894
1.268
1.357
1.176
0.698
0.739
0.731
1.633
1.824
1.592
1.946
2.003
2.019
1.637
1.569
1.472
0.905
0.977
0.936
2.628
2.781
2.734
2.257
2.376
2.322
2.277
2.417
2.340
1.098
1.154
1.102
0.857
1.182
0.881
1.111
1.307
1.199
2.895
3.010
2.952
1.742
1.802
1.602
0.761
0.720
0.652
0.971
1.100
0.978
0.873
1.286
0.834
0.921
0.965
0.900
1.380
1.460
1.396
1.318
1.619
1.357
1.923
2.048
2.036
1.621
1.767
1.742
2.866
2.902
2.899
3.077
3.350
3.186
1.786
1.817
1.760
0.853
0.995
0.817
1.038
1.208
1.082
2.628
2.858
2.693
2.047
2.077
2.046
2.573
2.624
2.559
1.656
1.514
1.570
1.492
1.746
1.509
1.281
1.768
1.471
1.399
1.581
1.420
1.202
1.585
1.058
1.620
1.622
1.527
1.285
1.393
1.326
1.936
2.212
1.970
1.470
1.502
1.454
1.445
1.531
1.489
1.639
1.759
1.690
1.157
1.345
1.315
0.891
1.298
0.990
1.731
1.918
1.798
1.934
1.993
1.955
2.141
2.347
2.227
2.409
2.442
2.439
2.076
2.281
1.989
1.681
1.710
1.680
1.240
1.527
1.442
2.413
2.457
2.373
1.646
1.756
1.661
2.025
2.011
1.982
2.398
2.428
2.379
0.974
1.099
1.027
1.345
1.409
1.366
1.400
1.416
1.383
0.998
1.160
1.036
0.989
1.198
1.084
0.858
1.275
1.025
1.121
1.298
1.287
1.079
1.171
1.156
2.592
2.750
2.518
1.565
1.668
1.649
2.047
2.311
2.176
1.525
2.291
1.792
1.515
1.579
1.552
1.314
1.400
1.362
2.101
2.248
2.117
1.433
1.784
1.475
1.312
1.557
1.433
1.009
1.089
0.958
0.953
1.005
1.014
1.127
1.527
1.249
1.282
1.524
1.326
1.057
1.032
0.957
1.583
1.797
1.705
1.547
1.624
1.547
0.757
0.865
0.737
0.908
1.029
0.928
1.206
1.311
1.246
1.171
1.336
1.235
1.047
1.311
1.235
1.328
1.586
1.458
1.433
1.466
1.323
0.820
1.195
0.961
2.696
2.743
2.621
1.177
1.308
1.276
1.182
1.779
1.356
1.118
1.180
1.114
0.613
0.599
0.594
1.183
1.374
1.222
1.028
1.167
1.074
0.657
0.792
0.715
1.096
1.338
1.179
1.383
1.527
1.480
1.707
1.764
1.663
1.197
1.372
1.261
1.130
1.295
1.200
0.873
0.853
0.318
1.450
1.519
1.476
1.521
1.714
1.589
0.856
1.016
0.936
1.341
1.724
1.612
1.814
1.955
1.856
1.877
2.055
1.785
3.099
3.236
3.132
0.672
0.775
0.661
0.857
0.895
0.885
0.747
0.816
0.731
1.087
1.205
1.238
1.087
1.327
1.252
1.334
1.589
1.419
1.647
1.791
1.673
1.225
1.481
1.318
1.649
1.738
1.690
1.626
1.745
1.655
1.412
1.523
1.413
2.226
2.284
2.263
1.908
1.965
1.867
1.400
1.518
1.453
1.606
1.724
1.674
1.928
2.107
2.017
1.189
1.322
1.208
1.046
1.148
1.026
2.008
2.052
1.989
3.129
3.198
2.889
2.167
2.283
2.284
0.671
0.618
0.557
2.232
2.316
2.268
1.823
1.724
1.743
1.724
1.899
1.662
1.256
1.384
1.279
1.395
1.573
1.456
1.660
1.827
1.638
2.408
2.474
2.421
1.644
1.736
1.744
2.289
2.363
2.325
1.002
1.347
1.090
1.430
1.557
1.387
1.186
1.368
1.293
1.801
2.028
1.996
1.968
2.000
1.830
1.024
1.023
0.848
1.691
1.740
1.710
1.208
1.342
1.185
1.506
1.668
1.525
2.663
2.586
2.518
1.511
1.563
1.547
1.186
1.381
1.234
1.602
1.708
1.601
0.954
1.244
1.122
1.738
1.850
1.685
1.102
1.190
1.116
1.037
1.315
1.080
1.798
2.020
1.862
3.278
3.304
3.186
0.453
0.659
0.487
0.560
1.339
0.846
1.780
1.751
1.636
1.886
2.020
1.901
1.382
1.516
1.411
1.720
2.389
1.693
2.197
2.614
2.190
1.495
1.659
1.509
0.412
0.540
0.479
1.904
2.210
1.953
1.696
1.906
1.776
0.749
0.906
0.874
0.688
0.689
0.633
2.636
2.778
2.619
1.720
1.851
2.091
1.045
1.344
1.526
1.441
1.581
1.384
1.839
2.156
1.984
1.055
1.120
1.123
0.878
1.091
1.144
1.204
1.319
1.260
1.064
1.220
1.144
0.944
1.033
0.962
1.335
1.479
1.329
1.715
1.867
1.725
1.870
2.085
1.727
2.665
2.801
2.759
1.649
2.289
2.195
1.354
1.537
1.410
1.825
1.862
1.783
1.188
1.510
1.384
1.330
1.478
1.333
1.406
1.603
1.427
1.641
1.747
1.637
1.153
1.495
1.426
2.619
2.675
2.619
1.632
1.671
1.664
0.690
0.867
0.795
2.432
2.523
2.472
1.701
1.774
1.706
2.188
2.226
2.295
1.440
1.692
1.395
1.115
1.292
1.228
1.277
1.349
1.278
1.309
1.523
1.341
1.871
1.918
1.882
2.221
2.262
2.209
1.951
2.131
1.933
0.939
1.168
1.022
1.397
1.556
1.475
0.795
1.019
0.929
0.486
0.683
0.557
0.931
1.132
0.993
2.065
2.297
2.218
1.661
1.774
1.722
0.895
1.037
0.937
1.034
1.157
1.063
1.363
1.625
1.357
1.460
1.800
1.618
1.351
1.593
1.435
1.325
1.373
1.345
1.247
1.328
1.305
1.384
1.493
1.446
1.322
1.438
1.339
1.513
1.613
1.504
1.572
1.644
1.656
0.891
0.980
0.933
1.943
2.070
1.929
1.950
2.076
2.043
1.626
1.677
1.680
1.648
1.757
1.644
2.425
2.687
2.460
1.247
1.420
1.226
0.941
1.365
1.037
0.941
1.211
1.173
2.851
3.111
3.051
0.878
0.985
0.912
1.106
1.146
1.162
1.000
1.131
1.011
1.745
1.855
1.845
1.388
1.286
1.311
1.305
1.407
1.345
0.919
0.896
0.897
0.756
0.733
0.665
0.831
1.147
0.900
0.620
0.705
0.651
1.128
1.217
1.190
3.076
3.060
3.053
1.897
2.061
1.954
2.893
3.082
2.938
1.136
1.267
1.129
1.168
1.211
1.155
1.860
1.895
1.740
1.724
2.125
1.748
1.877
2.004
1.878
1.283
1.356
1.315
1.241
1.427
1.232
1.914
1.993
1.931
0.519
0.600
0.957
1.592
1.573
1.554
2.871
3.121
2.792
1.341
1.521
1.325
1.755
1.786
1.772
1.219
1.304
1.678
3.103
3.180
3.145
1.481
1.623
1.594
2.590
2.689
2.503
0.820
1.023
0.928
0.625
0.787
0.672
1.471
1.544
1.481
3.774
3.836
3.793
1.690
1.788
1.709
1.951
2.163
1.997
0.454
0.439
0.379
0.806
1.130
0.895
2.414
2.679
2.685
1.312
1.554
1.480
1.145
1.253
1.148
1.635
1.721
1.589
1.154
1.175
1.122
1.235
1.327
1.248
1.601
1.690
1.668
2.375
2.381
2.345
1.939
2.204
1.941
1.170
1.239
1.183
0.955
0.994
0.938
2.141
2.433
2.199
2.141
2.428
2.199
2.141
2.409
2.199
1.216
1.245
1.206
1.498
1.607
1.583
1.818
1.910
1.809
0.984
1.046
0.795
0.392
0.797
0.586
1.409
1.533
1.428
2.038
2.181
2.106
1.485
1.669
1.546
0.901
1.023
0.842
1.979
2.134
1.910
1.247
1.337
1.277
0.874
1.114
1.072
1.549
1.854
1.722
1.278
1.474
1.350
1.221
1.309
1.251
1.393
1.437
1.422
1.105
1.267
1.200
1.974
2.186
1.948
2.100
2.078
1.897
1.647
1.712
1.628
2.579
2.774
2.624
1.340
1.338
1.279
2.039
2.025
2.019
1.847
1.887
1.914
1.847
1.887
1.914
1.101
1.416
1.111
2.240
2.247
2.052
0.949
1.250
1.003
0.949
1.267
1.003
2.103
2.347
2.233
0.896
1.027
0.971
1.648
1.968
1.631
2.646
2.668
2.596
0.824
0.968
0.823
1.251
1.464
1.332
1.335
1.368
1.360
1.278
1.348
1.094
2.412
2.522
2.457
1.465
1.613
1.531
2.799
3.093
2.860
1.975
2.128
2.010
1.449
1.578
1.436
1.961
2.049
1.904
1.409
1.472
1.409
1.002
1.282
1.081
1.319
1.398
1.216
1.257
1.297
1.153
1.319
1.373
1.291
1.307
1.380
1.341
1.424
1.634
1.529
0.912
1.028
0.941
1.264
1.504
1.298
1.643
1.771
1.679
0.790
1.094
0.896
1.378
1.553
1.382
2.048
2.107
2.056
0.957
1.286
1.124
0.810
0.900
0.822
0.944
1.074
1.013
0.857
1.102
1.008
1.139
1.463
1.240
1.079
1.376
1.150
1.598
1.657
1.627
2.257
2.344
2.246
0.900
1.004
0.918
1.934
2.167
2.089
2.060
2.102
1.977
1.016
1.172
1.060
1.011
1.147
1.052
1.989
2.161
2.065
2.233
2.276
2.313
1.689
1.813
1.612
0.850
1.000
0.836
0.902
1.279
0.968
1.435
1.572
1.422
1.878
1.825
1.831
1.271
1.414
1.299
1.077
1.198
1.159
1.479
1.654
1.521
3.047
3.066
3.114
1.400
1.545
1.433
1.029
1.311
1.225
1.343
1.412
1.306
2.302
2.386
2.351
1.966
2.002
1.984
2.225
2.271
2.121
2.205
2.299
2.246
1.726
2.049
1.865
2.020
2.108
2.163
1.652
1.712
1.646
1.912
1.810
1.825
2.054
2.128
2.145
1.275
1.432
1.353
0.919
1.044
0.950
1.217
1.444
1.381
0.713
0.751
0.625
1.466
1.461
1.332
2.051
2.359
2.187
3.343
3.395
3.440
1.508
1.658
1.487
1.157
1.132
1.034
1.650
1.738
1.672
1.047
1.224
1.068
0.907
1.214
1.120
0.440
0.719
0.635
1.196
1.235
1.269
1.112
1.246
1.158
1.461
1.574
1.428
2.779
2.860
2.829
2.710
2.915
2.854
2.069
2.223
2.110
1.609
1.823
1.760
1.688
1.649
1.626
1.614
1.679
1.557
1.029
1.199
1.076
3.115
3.210
3.119
1.450
1.633
1.443
1.755
1.958
1.585
1.696
1.721
1.715
2.012
2.235
1.985
2.069
2.150
2.026
1.551
1.595
1.517
1.648
1.673
1.653
2.051
2.124
2.075
0.854
1.098
0.946
1.398
1.484
1.475
1.226
1.314
1.058
1.316
1.389
1.347
1.629
1.813
1.642
1.621
1.638
1.528
1.623
1.812
1.651
1.410
1.484
1.471
2.090
2.307
2.236
1.302
1.481
1.355
1.579
1.608
1.612
1.579
1.608
1.612
1.647
1.740
1.655
1.878
2.160
1.951
2.501
2.582
2.663
1.170
1.288
1.146
1.460
1.615
1.467
1.716
1.867
1.776
0.645
0.971
0.717
1.384
1.632
1.432
2.560
2.601
2.440
1.555
1.798
1.624
1.873
1.973
1.876
0.799
0.960
0.823
1.018
1.511
1.173
1.147
1.324
1.227
2.233
2.349
2.243
1.400
1.429
1.179
1.396
1.653
1.422
1.341
1.350
1.270
1.341
1.481
1.389
1.505
1.587
1.496
1.281
1.653
1.463
1.152
1.482
1.315
2.007
2.053
1.979
2.087
2.358
2.337
2.598
2.654
2.609
1.097
1.174
1.077
1.618
2.173
1.943
1.270
1.379
1.273
1.559
1.541
1.421
0.710
0.873
0.726
1.501
1.564
1.462
1.251
1.371
1.320
2.278
2.731
2.693
2.395
2.431
2.344
2.943
3.019
3.071
1.244
1.349
1.254
0.887
0.945
0.905
1.325
1.271
1.150
1.179
1.235
1.187
0.834
1.305
0.868
1.825
1.906
1.832
1.768
1.717
1.735
1.695
1.839
1.743
1.752
1.902
1.798
1.802
1.758
1.680
0.817
1.001
0.926
1.464
1.553
1.484
2.631
2.534
2.473
0.835
1.066
0.957
1.168
1.265
1.206
1.612
1.743
1.627
2.104
2.407
2.230
0.936
1.030
0.964
1.776
1.937
1.922
1.290
1.329
1.226
1.207
1.290
1.069
2.062
2.208
2.090
2.403
2.527
2.474
1.608
1.660
1.553
1.849
2.082
1.953
1.793
1.924
1.769
2.549
2.664
2.574
1.390
1.570
1.476
3.168
3.249
3.204
2.139
2.375
2.266
1.578
1.760
1.680
1.329
1.673
1.419
1.423
1.565
1.494
2.478
2.563
2.501
0.952
1.088
0.916
1.505
1.682
1.551
0.759
0.807
0.821
2.337
2.513
2.546
0.855
0.764
0.769
0.580
0.716
0.631
1.049
1.308
1.341
1.766
1.812
1.693
0.897
0.956
0.904
1.956
2.061
2.006
1.696
1.828
1.807
1.648
1.831
1.714
2.096
2.220
2.069
1.148
1.539
1.298
1.193
1.470
1.302
2.460
2.566
2.481
1.918
1.903
1.876
2.042
2.149
2.157
2.594
2.710
2.649
0.903
1.632
1.060
0.737
0.863
0.786
0.971
1.156
1.105
1.736
2.091
1.879
0.875
0.981
0.889
0.914
1.083
1.027
1.486
1.562
1.520
1.650
1.591
1.565
1.877
1.950
1.875
0.256
0.266
0.205
2.485
2.559
2.510
1.187
1.453
1.403
1.208
1.192
1.141
2.439
2.490
2.409
2.752
2.873
2.774
1.858
1.970
1.857
0.929
1.110
0.986
1.340
1.458
1.238
2.033
2.074
2.037
1.178
1.356
1.352
2.354
2.473
2.459
1.149
1.181
1.093
3.230
3.541
3.493
1.466
1.603
1.531
1.677
1.708
1.738
1.800
2.363
2.204
0.898
1.074
0.969
1.965
2.023
2.003
1.250
1.290
1.193
1.675
1.719
1.606
0.442
0.533
0.455
1.150
1.157
1.093
1.653
1.722
1.687
0.979
1.358
0.851
1.539
1.695
1.620
1.310
1.324
1.256
2.013
2.101
2.040
1.456
1.487
1.419
1.936
2.117
1.898
2.421
2.487
2.471
1.547
1.594
1.531
1.846
1.892
1.872
2.142
2.365
2.252
1.306
1.407
1.342
1.718
1.875
1.661
1.837
1.903
1.891
1.090
1.191
1.155
1.029
1.505
1.355
1.898
2.127
2.077
1.154
1.394
1.252
0.886
1.052
0.975
0.521
0.501
0.393
0.830
1.209
0.964
2.315
2.391
2.421
1.005
1.076
0.959
1.595
1.696
1.605
0.831
0.902
0.845
1.161
1.479
1.353
1.580
1.648
1.527
3.601
3.836
3.670
2.215
2.194
2.195
0.827
0.838
0.812
1.460
1.598
1.408
1.473
1.595
1.520
4.708
4.693
4.674
1.349
1.554
1.427
2.431
2.662
2.564
1.100
1.360
1.172
1.147
1.148
1.084
1.433
1.642
1.523
0.985
1.117
1.057
1.589
1.663
1.532
2.575
2.758
2.712
2.588
2.554
2.569
1.197
1.342
1.280
0.838
1.072
0.983
1.494
1.572
1.504
1.263
1.365
1.212
1.990
2.186
1.763
2.329
2.590
2.408
1.437
1.580
1.514
2.060
2.074
2.085
1.646
1.798
1.669
2.017
2.066
1.998
1.992
2.203
2.059
2.863
2.917
2.895
1.593
1.777
1.630
3.059
3.357
3.151
2.657
2.780
2.716
1.176
1.262
1.137
0.845
0.965
0.692
1.671
1.886
1.803
0.732
0.932
0.802
2.144
2.136
2.000
2.022
2.066
1.948
1.612
1.681
1.640
1.236
1.365
1.309
2.688
2.765
2.669
1.480
1.691
1.542
2.807
2.904
2.815
1.451
1.482
1.355
0.537
0.648
0.605
2.222
2.253
2.218
1.478
1.602
1.439
0.879
1.125
0.874
1.591
1.547
1.585
1.328
1.462
1.370
0.890
1.010
0.934
1.201
1.308
1.128
1.723
2.048
1.833
1.023
1.080
1.069
0.681
0.746
0.688
2.070
2.191
2.080
2.118
2.176
1.614
1.750
1.868
1.742
1.437
1.789
1.847
1.213
1.371
1.295
1.809
1.955
1.874
2.138
2.218
2.137
1.230
1.337
1.248
0.988
1.141
0.950
1.565
1.701
1.590
1.515
1.744
1.550
1.454
1.547
1.493
0.723
0.953
0.768
1.186
1.330
1.180
0.553
0.742
0.648
1.845
1.845
1.881
2.167
2.253
2.088
0.802
0.946
0.863
1.343
1.385
1.392
2.167
2.253
2.088
1.663
1.732
1.703
0.989
1.116
1.041
1.473
1.533
1.466
0.834
0.940
0.865
1.232
1.370
1.295
1.380
1.474
1.481
2.744
2.837
2.792
1.556
1.680
1.589
1.827
1.986
1.834
0.758
0.903
0.754
0.800
1.103
1.099
1.625
1.651
1.631
1.339
1.388
1.282
1.266
1.361
1.259
1.467
1.602
1.394
0.698
0.860
0.652
1.357
1.674
1.528
1.802
2.173
2.158
1.071
1.195
1.070
1.544
1.644
1.537
1.804
1.962
1.902
0.955
1.043
0.904
1.063
1.299
1.019
0.902
0.927
0.863
1.286
1.298
1.244
0.884
0.984
1.225
1.022
1.164
1.060
1.265
1.398
1.393
1.511
1.751
1.640
1.965
2.073
1.935
1.432
1.493
1.469
1.117
1.166
0.905
2.466
2.777
2.498
1.326
1.455
1.398
1.449
1.545
1.408
1.784
1.886
1.787
1.910
1.966
1.858
0.773
0.975
0.737
1.707
1.897
1.686
1.190
1.321
1.349
1.219
1.299
1.243
2.044
2.141
2.097
1.062
1.151
1.021
1.228
1.287
1.262
1.284
1.352
1.247
1.121
1.248
1.153
1.414
1.672
1.458
1.756
1.767
1.644
1.587
1.746
1.574
2.170
2.144
2.093
1.387
1.352
1.288
1.190
1.337
1.203
1.614
1.709
1.532
1.325
1.516
1.400
0.856
0.980
0.842
1.609
1.933
1.739
0.817
0.995
0.850
2.477
2.682
2.507
2.041
2.254
2.218
2.849
2.957
2.817
2.058
2.344
2.278
1.509
1.622
1.715
1.102
1.235
1.207
1.239
1.360
1.240
0.827
0.957
0.915
1.520
1.581
1.536
1.129
1.278
1.216
1.256
1.440
1.345
0.836
1.018
0.734
1.935
1.982
1.741
2.716
2.938
2.877
2.795
2.840
2.679
1.388
1.649
1.552
0.980
1.478
1.227
2.564
2.602
2.692
1.926
2.047
1.983
0.886
1.117
0.949
1.445
1.627
1.521
2.707
2.820
2.748
1.618
1.877
1.623
0.900
1.109
1.005
1.012
1.367
1.096
0.959
1.100
0.967
1.493
1.607
1.551
2.955
3.101
3.246
0.861
1.021
0.860
1.472
1.678
1.514
1.121
1.276
1.196
2.189
2.235
2.027
1.201
1.237
1.152
1.843
2.176
2.063
0.790
1.019
0.894
0.912
1.067
0.967
0.856
1.011
0.893
1.353
1.417
1.381
1.557
1.625
1.586
1.962
2.078
1.907
1.929
2.682
2.148
1.641
1.686
1.619
0.913
1.102
1.005
1.273
1.436
1.345
0.931
1.206
1.049
2.223
2.298
2.350
0.669
0.852
0.794
1.211
1.359
1.305
1.819
1.880
1.787
1.030
1.098
0.982
1.359
1.438
1.359
0.953
1.100
0.974
1.717
1.836
1.771
0.734
0.825
0.782
1.076
1.148
1.064
0.839
0.951
0.802
1.441
1.564
1.563
1.707
1.884
1.863
1.707
2.016
1.974
1.225
1.318
1.239
1.495
1.743
1.587
1.087
1.353
1.201
0.728
1.114
0.941
1.778
1.921
1.839
1.816
1.964
1.869
1.664
1.889
1.710
0.846
1.040
0.857
0.699
0.911
0.785
2.133
2.105
2.048
2.323
2.149
2.211
2.129
2.287
2.210
1.346
1.502
1.269
1.314
1.313
1.281
1.254
1.371
1.401
1.724
1.898
1.720
0.790
1.034
0.853
1.349
1.388
1.398
1.667
1.681
1.583
0.745
0.987
0.866
0.601
0.843
0.728
1.813
1.890
1.829
3.509
3.677
3.534
2.464
2.639
2.550
1.896
1.987
1.859
1.116
1.223
1.156
0.979
1.167
0.980
1.807
1.859
1.805
2.712
2.669
2.616
1.003
1.113
1.028
1.753
1.825
1.800
2.434
2.396
2.381
2.140
2.342
2.194
0.888
0.854
0.796
2.647
2.676
2.448
1.434
1.577
1.514
1.049
1.121
1.011
0.625
0.630
0.380
2.444
2.561
2.379
1.361
1.562
1.402
1.523
1.657
1.598
1.050
1.303
1.176
2.056
2.046
2.094
2.408
2.693
2.772
1.958
2.266
2.077
1.633
1.757
1.628
1.100
1.273
1.172
1.156
1.362
1.241
1.149
1.203
1.232
1.433
1.643
1.564
2.582
2.586
2.535
1.766
1.823
1.822
1.364
1.387
1.295
1.526
1.755
1.600
2.369
2.457
2.392
2.435
2.487
2.481
1.950
2.069
1.974
2.379
2.798
2.421
2.406
2.813
2.609
2.008
2.058
1.999
2.433
2.622
2.443
1.460
1.695
1.754
1.355
1.528
1.453
1.353
1.632
1.482
2.154
2.270
2.238
2.245
2.292
2.253
1.752
1.958
1.743
1.476
1.671
1.558
1.476
1.598
1.587
1.731
1.801
1.657
2.184
2.411
2.140
2.979
2.900
2.766
1.464
1.539
1.491
2.760
2.839
2.752
2.161
2.178
2.138
2.053
2.408
2.179
2.873
3.021
2.909
1.807
1.899
1.864
0.490
0.534
0.465
2.092
2.059
2.156
1.603
1.732
1.836
1.863
1.945
1.895
1.553
1.637
1.606
0.678
0.780
0.728
1.683
1.826
1.667
2.797
2.882
2.831
1.388
1.666
1.418
1.809
1.972
1.868
3.107
3.064
2.869
2.278
2.640
2.441
2.366
2.456
2.401
1.528
1.907
1.840
2.190
2.297
2.187
0.664
0.748
0.632
1.548
1.614
1.544
2.000
2.204
1.924
1.971
2.108
1.964
1.833
1.930
1.920
1.811
2.023
1.951
1.425
1.558
1.353
1.703
1.818
1.772
1.426
1.431
1.305
1.155
1.268
1.202
1.614
1.781
1.603
2.253
2.176
1.984
0.828
0.978
0.915
1.274
1.334
1.191
1.249
1.375
1.350
1.304
1.310
1.193
2.038
2.001
1.960
2.273
2.419
2.236
1.361
1.429
1.344
1.122
1.198
1.120
2.086
2.080
1.968
2.002
2.054
1.871
1.026
0.983
0.855
0.821
1.057
0.911
1.574
1.795
1.755
1.826
2.084
2.020
1.515
1.584
1.471
1.070
1.201
1.052
1.759
1.815
1.738
2.046
2.180
2.083
3.051
3.057
3.013
1.055
1.126
1.046
2.528
2.683
2.544
1.895
2.072
1.954
1.482
1.610
1.515
1.196
1.172
1.158
1.752
1.785
1.649
1.149
1.328
1.225
1.266
1.421
1.300
2.152
2.161
2.181
1.593
1.669
1.622
2.958
2.959
2.683
0.928
0.990
0.929
1.511
1.585
1.559
2.285
2.417
2.084
1.459
1.636
1.525
1.321
1.329
1.294
2.140
2.174
2.131
0.484
0.661
0.651
1.903
1.894
1.873
1.719
1.692
1.668
2.287
2.318
2.285
1.893
1.936
1.889
1.170
1.358
1.254
0.897
1.087
0.985
1.243
1.442
1.219
1.163
1.283
1.224
1.764
1.846
1.777
1.702
1.875
1.641
1.222
1.287
1.149
1.865
1.992
1.887
0.937
1.056
1.048
0.637
0.719
0.587
2.194
2.300
2.160
0.955
1.082
1.041
0.857
0.948
0.924
0.762
0.950
0.794
0.974
1.028
1.068
0.779
0.795
0.768
1.379
1.442
1.417
1.657
1.821
1.619
0.731
0.756
0.784
1.413
1.475
1.483
2.187
2.387
2.270
1.640
1.836
1.775
1.296
1.380
1.347
0.938
0.954
0.915
0.684
0.942
0.800
1.010
1.240
1.125
1.670
1.732
1.704
0.907
0.969
0.959
2.021
2.058
2.023
1.005
1.508
0.963
1.443
1.465
1.381
1.045
1.117
1.020
0.891
1.093
0.907
2.404
2.404
2.406
1.534
1.619
1.572
1.754
1.847
1.783
1.498
1.522
1.240
1.087
1.313
1.252
1.780
1.875
1.785
0.887
1.057
0.929
1.054
1.448
1.124
2.862
2.962
2.748
1.436
1.581
1.481
1.374
1.444
1.255
0.928
1.136
1.078
2.776
2.902
2.627
1.150
1.674
1.641
1.571
1.669
1.539
1.727
1.962
1.855
2.191
2.416
2.237
2.037
2.027
2.015
1.346
1.539
1.290
2.276
2.385
2.229
1.215
1.304
1.212
1.435
1.619
1.475
1.335
1.615
1.441
1.245
1.445
1.339
0.838
0.858
0.772
1.034
1.041
0.960
1.068
1.180
1.131
1.829
1.907
1.831
1.253
1.633
1.230
1.509
1.515
1.414
0.992
1.066
0.960
1.028
1.214
0.944
0.772
0.883
0.829
1.327
1.306
1.301
1.000
1.074
0.985
1.746
1.822
1.716
0.926
1.007
0.960
0.982
1.193
1.009
2.280
2.327
2.301
0.966
1.167
1.025
1.172
1.428
1.261
1.433
1.511
1.486
1.196
1.306
1.212
1.215
1.262
1.204
1.199
1.269
1.199
0.930
1.171
1.000
2.427
2.433
2.312
1.288
1.445
1.384
2.415
3.009
2.385
1.746
1.921
1.815
2.427
2.543
2.437
2.205
2.182
2.120
1.706
1.744
1.604
1.600
1.691
1.587
2.215
2.255
2.137
0.380
0.498
0.290
0.603
0.709
0.587
1.679
1.901
1.895
1.507
1.778
1.539
1.351
1.464
1.329
1.476
1.685
1.535
1.577
1.664
1.476
2.943
3.028
3.017
1.832
2.083
1.950
1.834
1.967
1.823
0.942
1.380
1.061
1.684
1.794
1.587
1.032
1.058
1.051
1.709
1.689
1.661
1.970
2.524
2.161
1.044
1.136
1.075
1.350
1.418
1.610
1.855
1.953
1.915
1.345
1.523
1.402
1.974
2.068
1.954
0.975
1.076
0.987
1.538
1.727
1.663
1.973
1.998
1.966
1.833
1.896
1.871
1.939
2.548
2.638
2.140
2.253
2.138
1.599
1.779
1.650
1.014
1.688
1.038
1.419
1.745
1.496
1.391
1.375
1.369
2.128
2.289
2.194
1.518
1.690
1.599
1.872
2.104
2.107
1.338
1.449
1.369
0.437
0.693
0.558
1.235
1.364
1.232
1.622
1.807
1.692
1.714
1.926
1.561
1.847
2.151
2.019
1.610
2.285
2.283
1.518
1.686
1.394
0.763
1.215
0.939
0.992
1.107
1.030
1.226
1.403
1.278
1.886
1.976
1.852
1.580
1.713
1.566
1.223
1.225
1.182
1.052
1.115
1.074
1.461
1.612
1.440
1.485
1.478
1.499
2.178
2.206
2.189
1.816
1.868
1.847
1.285
1.518
1.395
1.227
1.370
1.259
0.629
0.798
0.716
0.747
0.830
0.792
1.817
1.884
1.835
1.013
1.124
1.025
0.954
1.176
1.069
0.703
0.702
0.338
0.862
1.025
0.950
1.014
1.177
1.007
0.660
1.052
1.122
0.933
1.017
0.901
1.716
1.832
1.738
3.018
3.160
3.261
2.246
2.370
2.278
1.273
1.353
1.274
2.022
2.190
2.028
2.327
2.470
2.359
1.362
1.527
1.471
1.362
1.675
1.589
1.815
1.782
1.815
1.030
1.174
1.200
2.932
2.910
2.928
2.017
2.082
2.022
1.238
1.408
1.290
1.235
1.279
1.210
1.491
1.578
1.537
1.501
1.574
1.492
2.102
2.251
2.148
1.359
1.555
1.290
4.387
4.446
4.471
1.534
1.662
1.583
1.328
1.492
1.345
2.432
2.489
2.462
1.307
1.453
1.373
1.714
1.791
1.745
2.058
2.187
2.091
2.135
2.229
2.178
0.596
0.814
0.638
2.767
3.013
2.766
1.532
1.690
1.611
2.320
2.350
2.326
2.134
2.165
2.475
2.131
2.240
2.183
0.813
0.971
0.892
2.157
2.336
2.191
1.269
1.371
1.180
1.876
1.946
1.836
3.492
3.553
3.500
0.558
0.650
0.557
1.172
1.381
1.266
1.319
1.435
1.327
1.465
1.651
1.548
1.280
1.309
1.302
1.701
1.853
1.638
2.663
2.793
2.667
1.445
1.470
1.576
1.219
1.546
1.376
1.634
1.775
1.705
0.608
0.737
0.643
1.544
1.591
1.547
2.379
2.476
2.358
1.561
1.747
1.596
0.976
1.087
0.977
1.904
1.993
1.933
1.283
1.324
1.291
1.579
1.629
1.401
1.992
1.902
1.954
1.537
1.562
1.560
1.537
1.533
1.553
1.281
1.441
1.247
2.284
2.452
2.294
0.712
0.892
0.729
2.115
2.338
2.183
1.085
1.230
1.066
1.476
1.468
1.359
1.057
1.171
1.075
0.899
1.052
0.958
0.899
1.052
0.958
0.867
0.983
0.955
2.251
2.350
2.244
1.995
2.024
2.002
1.593
1.786
1.671
1.623
1.820
1.702
0.832
1.008
1.154
1.556
1.709
1.445
1.223
1.239
1.279
0.926
1.067
0.955
1.386
1.447
1.398
2.429
2.518
2.468
2.169
2.506
2.323
1.652
1.682
1.755
1.013
1.152
0.955
1.525
1.639
1.491
2.407
2.365
2.338
2.928
3.023
2.913
1.217
1.292
1.218
1.006
1.094
0.931
1.694
1.842
1.754
0.897
0.900
0.823
1.487
1.673
1.511
0.939
1.043
0.977
1.406
1.349
1.172
1.961
2.029
1.953
0.846
1.184
1.032
1.045
1.242
1.044
0.865
0.949
0.862
0.775
0.845
0.883
1.701
1.935
1.770
1.602
1.730
1.599
1.228
1.247
1.058
1.045
1.213
0.943
1.244
1.321
1.160
1.827
1.949
1.883
1.533
1.554
1.355
2.905
3.273
2.861
1.816
1.893
1.865
1.797
1.819
1.800
1.290
1.389
1.354
2.399
2.631
2.489
1.566
1.784
1.710
0.863
0.917
0.825
2.174
2.329
2.194
1.021
1.175
1.063
2.237
2.239
2.242
1.036
1.296
1.159
1.349
1.522
1.401
1.148
1.214
1.138
2.311
2.499
2.385
2.741
2.926
2.802
1.850
1.854
1.740
2.131
2.387
2.333
1.940
2.084
2.089
3.140
3.185
3.102
1.413
1.576
1.461
0.610
0.846
0.721
3.037
3.258
3.462
0.742
0.971
0.745
1.468
1.652
1.508
0.793
0.847
0.705
2.060
2.147
1.919
2.174
2.319
1.875
1.723
1.855
1.737
1.506
1.766
1.636
1.466
1.602
1.510
0.979
1.141
1.081
1.213
1.444
1.297
1.905
1.916
1.849
1.499
1.615
1.512
1.131
1.418
1.236
1.279
1.488
1.353
0.665
0.859
0.716
0.738
0.745
0.627
0.774
0.909
0.841
2.003
2.078
2.058
3.470
3.579
3.447
1.321
1.450
1.304
1.612
1.588
1.463
1.294
1.479
1.387
1.370
1.481
1.413
1.413
1.796
1.433
0.872
0.841
1.137
2.378
2.437
2.363
3.167
3.084
3.079
1.167
1.280
1.243
1.762
1.906
1.835
1.298
1.447
1.284
2.741
2.686
2.639
1.841
2.205
1.982
1.081
1.260
1.185
1.439
1.617
1.468
0.841
1.040
0.898
1.109
1.157
1.139
2.156
2.276
2.206
1.972
2.120
2.084
2.369
2.573
2.539
1.343
1.474
1.363
1.343
1.474
1.363
3.652
3.803
3.682
0.719
0.848
0.772
2.422
2.439
2.411
0.868
1.108
0.876
1.321
1.344
1.320
1.769
1.803
1.789
1.577
1.689
1.569
1.409
1.526
1.422
0.975
1.183
1.045
2.701
2.827
2.795
1.924
2.089
1.953
1.383
1.390
1.394
1.345
1.507
1.381
2.455
2.609
2.495
3.411
3.457
3.421
0.868
1.108
0.876
0.736
0.886
0.753
1.963
2.044
1.994
2.286
2.329
2.213
1.974
1.882
1.913
1.290
1.207
1.279
2.114
2.110
1.995
1.154
1.340
1.233
1.760
1.685
1.721
1.922
2.170
1.926
1.475
1.636
1.587
0.680
0.868
0.759
2.185
2.205
2.219
1.882
2.100
1.906
3.353
3.476
3.422
0.982
1.134
0.974
1.705
1.775
1.738
1.709
1.928
1.798
1.870
1.996
1.964
2.158
2.272
2.235
1.664
1.693
1.669
1.406
1.753
1.614
1.104
1.208
1.112
1.313
1.422
1.334
0.732
0.701
0.625
2.046
2.163
2.060
1.494
1.588
1.457
2.387
2.422
2.399
2.089
2.170
2.125
0.949
1.127
1.059
1.223
1.498
1.261
1.578
1.605
1.537
2.103
2.184
1.981
1.198
1.278
1.228
2.171
2.204
2.071
1.532
1.724
1.551
2.348
2.486
2.368
1.935
2.014
1.944
1.437
1.605
1.678
1.650
1.819
1.746
1.187
1.313
1.117
1.371
1.506
1.448
1.674
1.788
1.686
1.521
1.625
1.504
1.416
1.565
1.515
1.377
1.439
1.313
0.971
1.159
1.023
0.807
0.840
0.472
0.856
0.998
1.056
1.261
1.310
1.224
2.019
2.130
2.059
0.750
0.955
0.765
2.153
2.306
2.233
2.215
2.299
2.367
2.477
2.601
2.649
2.680
2.806
2.720
1.326
1.426
1.330
1.977
2.133
1.988
1.381
1.526
1.530
1.447
1.476
1.377
0.810
1.072
0.917
1.818
1.956
1.879
1.053
1.577
1.320
1.350
1.378
1.255
1.711
1.799
1.690
2.566
2.758
2.519
0.893
1.039
0.998
1.771
1.983
1.781
1.536
1.453
1.440
1.412
1.541
1.479
1.840
2.034
1.898
1.491
1.600
1.556
1.621
1.704
1.627
1.755
1.975
1.857
0.943
1.171
1.116
1.005
1.158
1.046
1.682
1.956
1.780
1.358
1.399
1.395
0.927
0.944
0.939
0.812
1.115
0.872
1.582
1.737
1.658
1.575
1.705
1.605
2.603
2.791
2.750
1.442
1.663
1.579
2.981
3.142
3.087
1.358
1.411
1.371
1.579
2.140
1.679
2.463
3.419
2.756
0.755
0.947
0.844
1.699
2.029
1.852
2.156
2.169
2.132
2.589
2.694
2.633
2.542
2.598
2.533
1.131
1.296
1.108
1.561
1.684
1.612
1.280
1.358
1.279
1.003
1.239
1.106
0.966
1.186
1.073
1.804
1.918
1.834
1.985
1.799
1.785
1.201
1.400
1.345
0.673
0.723
0.654
1.046
1.151
1.097
0.827
1.294
0.993
1.586
1.781
1.642
2.362
2.449
2.383
2.260
2.621
2.673
1.161
1.354
1.221
1.502
1.724
1.496
2.021
2.299
2.144
1.176
1.204
1.149
2.481
2.495
2.475
2.697
2.857
2.461
1.189
1.467
1.251
1.793
1.824
1.615
1.325
1.580
1.467
1.543
1.521
1.463
1.135
1.302
1.132
3.215
3.153
3.174
1.892
1.885
1.666
2.055
2.233
2.152
1.656
2.026
1.835
1.022
1.277
1.128
1.608
1.747
1.689
1.025
1.107
0.944
1.113
1.388
1.089
1.553
1.699
1.492
0.552
0.833
0.645
0.656
0.789
0.750
2.278
2.249
2.297
1.394
1.472
1.362
1.914
2.023
1.959
1.271
1.466
1.313
1.300
1.377
1.334
1.889
2.019
1.943
2.060
2.102
1.858
1.408
1.489
1.420
1.472
1.612
1.491
0.619
0.620
0.624
1.266
1.380
1.285
0.828
0.982
0.880
1.255
1.334
1.330
1.199
1.333
1.215
1.096
1.404
1.233
2.354
2.345
2.135
1.161
1.207
1.130
2.543
2.589
2.522
1.414
1.412
1.438
1.504
1.565
1.528
1.469
1.560
1.465
1.942
1.901
1.881
1.810
1.843
1.779
1.131
1.233
1.060
1.268
1.445
1.291
1.268
1.445
1.291
2.162
2.228
2.211
0.942
1.026
0.945
1.290
1.390
1.364
0.634
0.733
0.613
0.861
1.016
0.902
1.522
1.735
1.431
0.389
0.339
0.323
1.930
1.867
1.844
1.296
1.462
1.251
1.252
1.363
1.244
1.548
1.603
1.553
1.820
1.974
1.967
1.366
1.552
1.396
0.793
0.962
0.880
0.621
0.674
0.641
1.343
1.564
1.497
2.163
2.108
2.048
1.726
1.886
1.642
1.103
1.231
1.129
0.694
0.816
0.740
1.392
1.474
1.394
1.755
1.825
1.720
2.118
2.187
2.123
1.826
2.078
1.883
1.957
2.074
2.009
1.700
1.855
1.738
0.896
1.058
1.057
1.333
1.477
1.361
1.247
1.544
1.409
1.053
1.238
1.115
1.952
2.113
2.046
2.392
2.526
2.498
1.432
1.704
1.410
0.651
0.824
0.730
0.433
0.413
0.398
0.888
1.082
0.909
0.888
1.082
0.909
2.643
2.793
2.733
1.854
2.111
2.035
2.048
2.365
1.984
2.055
2.251
2.160
0.962
1.127
1.001
1.142
1.200
1.063
1.986
1.865
1.739
0.911
1.082
0.974
1.077
1.290
1.144
1.513
1.596
1.578
1.163
1.305
1.210
1.963
2.361
2.279
0.906
1.128
0.988
1.501
1.450
1.448
1.133
1.222
1.146
1.663
1.765
1.639
1.040
1.159
1.064
1.360
1.451
1.481
2.279
2.557
2.406
1.491
1.660
1.561
0.623
0.810
0.730
1.610
1.519
1.598
0.954
1.090
1.041
1.173
1.327
1.247
1.557
1.577
1.461
1.514
1.575
1.534
1.973
2.062
2.049
0.794
0.888
0.799
0.989
1.123
0.970
1.299
1.392
1.343
1.244
1.494
1.276
1.192
1.372
1.280
1.206
1.273
1.207
0.967
1.236
1.027
1.786
1.908
1.850
1.005
1.069
0.997
1.169
1.280
1.168
1.140
1.320
1.176
0.737
0.854
0.710
1.393
1.556
1.421
1.321
1.433
1.246
1.007
1.133
0.935
0.861
0.948
0.865
1.558
1.587
1.449
0.399
0.495
0.419
1.013
1.073
1.000
2.260
2.387
2.308
2.385
2.605
2.447
1.637
1.894
1.698
2.229
2.299
2.259
1.486
1.590
1.545
0.839
1.067
0.944
2.537
2.669
2.540
0.977
1.217
1.068
2.531
2.637
2.552
1.084
1.154
1.129
1.144
1.199
1.125
1.563
1.730
1.620
1.190
1.800
1.338
2.125
2.182
2.127
2.139
2.237
2.168
1.144
1.197
1.079
1.511
1.744
1.590
1.160
1.292
1.187
1.519
1.607
1.474
3.082
3.118
2.916
0.566
0.688
0.633
2.111
2.031
1.990
2.493
2.671
2.705
2.055
2.124
2.002
2.587
2.655
2.622
0.847
0.856
0.783
0.933
1.042
1.064
0.434
0.727
0.612
1.691
1.862
1.927
1.621
1.714
1.699
0.674
0.926
0.798
0.674
0.926
0.798
1.216
1.347
1.280
1.340
1.466
1.212
0.760
0.778
0.716
1.745
1.689
1.615
1.687
1.736
1.707
2.114
2.278
2.206
2.114
2.334
2.206
1.015
1.116
0.998
2.900
2.939
2.921
2.020
2.132
2.095
1.577
1.823
1.577
1.944
1.970
1.931
0.948
1.056
0.941
1.969
2.286
2.234
1.857
2.004
1.994
0.692
1.036
0.850
1.209
1.440
1.216
1.176
1.255
1.244
1.397
1.594
1.527
1.066
1.163
0.993
2.290
2.495
2.266
2.474
2.628
2.535
1.217
1.250
1.170
1.956
2.004
1.965
2.372
2.468
2.353
3.212
3.425
3.263
1.447
1.647
1.604
1.588
1.840
1.445
2.633
2.623
2.651
1.039
1.105
1.042
1.749
1.885
1.791
1.034
1.188
1.102
1.356
1.395
1.327
1.685
1.751
1.625
0.702
0.793
0.626
1.054
1.240
1.104
2.811
3.016
2.915
0.946
1.157
0.982
1.853
1.661
1.766
1.547
1.744
1.528
2.490
2.735
2.555
2.350
2.529
2.402
1.466
1.653
1.593
1.022
1.166
1.074
1.106
1.256
1.149
1.909
1.980
1.963
2.750
2.831
2.801
1.377
1.419
1.276
1.197
1.295
1.195
2.360
2.334
2.194
2.582
2.647
2.610
2.114
2.299
2.191
0.644
0.836
0.697
1.735
1.710
1.775
1.028
1.184
1.509
2.257
2.385
2.316
1.378
1.592
1.361
1.832
1.893
1.872
2.078
2.261
2.114
0.540
0.602
0.386
1.592
1.694
1.578
1.000
1.071
1.034
1.069
1.225
1.120
2.155
2.346
2.226
2.112
2.195
2.135
1.027
1.205
1.147
0.981
0.986
0.777
1.657
1.734
1.717
2.104
2.220
2.130
1.642
1.807
1.662
1.159
1.339
1.147
1.624
1.868
1.662
1.068
1.116
1.029
1.898
2.053
1.913
1.482
1.512
1.449
1.509
1.735
1.565
1.569
2.123
1.954
0.922
1.234
1.044
0.950
1.168
1.018
2.082
2.108
2.067
1.585
1.598
1.558
1.757
1.826
1.727
0.976
1.028
0.934
1.351
1.435
1.469
1.713
1.808
1.734
0.856
0.908
0.798
1.743
1.770
1.764
1.775
1.708
1.746
2.093
2.082
2.108
0.814
0.876
0.794
1.369
1.474
1.354
1.475
1.721
1.757
2.363
2.447
2.356
0.753
0.909
0.835
1.554
1.580
1.533
1.885
2.028
2.074
1.354
1.630
1.564
1.821
1.990
1.944
1.821
2.065
2.024
1.026
1.397
1.260
1.925
2.519
2.397
1.651
1.702
1.726
1.252
1.272
1.228
2.259
2.761
2.690
1.867
1.903
1.676
1.205
1.239
1.205
2.256
2.416
2.273
0.826
0.969
0.855
0.608
0.800
0.749
1.792
1.994
1.928
1.819
2.207
2.260
1.125
1.130
1.045
0.473
0.613
0.544
2.230
2.283
2.277
1.186
1.399
1.298
0.784
0.937
0.784
1.872
1.999
1.936
1.441
1.493
1.489
0.787
0.995
0.888
0.485
0.914
0.638
1.010
1.095
1.032
1.087
1.309
1.174
1.835
1.963
1.888
1.516
1.546
1.571
1.109
1.244
1.178
1.146
1.221
1.101
1.829
2.012
1.920
1.056
1.172
1.027
1.076
1.155
1.101
1.137
1.191
1.150
1.711
1.915
1.756
1.855
1.889
1.817
1.264
1.279
1.137
1.919
1.961
1.804
1.154
1.336
1.229
1.235
1.603
1.462
1.507
1.615
1.454
1.281
1.242
1.248
1.383
1.550
1.463
1.804
1.823
1.818
1.486
1.703
1.488
0.726
0.822
0.770
1.271
1.276
1.251
1.467
1.707
1.532
2.282
2.549
2.272
2.156
2.238
2.123
1.808
2.019
1.941
0.899
1.246
0.934
0.501
0.586
0.552
1.060
1.170
1.096
0.955
1.075
1.004
1.306
1.751
1.338
1.802
1.803
1.778
1.357
1.425
1.327
0.875
1.165
1.034
0.733
0.705
0.579
0.848
1.104
0.901
0.647
1.113
0.765
1.135
1.248
1.177
1.022
1.107
1.116
0.666
0.795
0.633
1.574
1.675
1.600
0.743
1.024
0.793
1.450
1.620
1.443
0.761
0.940
0.826
1.012
1.241
1.150
1.046
1.186
1.125
0.810
0.841
0.687
1.251
1.332
1.168
1.649
1.772
1.695
1.409
1.400
1.218
1.564
1.656
1.590
1.359
1.492
1.240
0.501
0.658
0.553
1.809
2.167
1.891
1.815
1.875
1.801
1.895
1.763
1.763
1.046
1.189
0.971
1.194
1.413
1.252
1.817
1.873
1.743
2.886
3.108
2.973
1.138
1.292
1.186
1.430
1.703
1.440
0.954
1.049
0.923
2.064
2.194
2.033
1.002
1.234
1.015
0.851
0.996
0.763
2.953
3.075
2.974
1.913
1.944
1.909
2.411
2.552
2.436
1.332
1.448
1.263
0.973
1.081
1.000
1.438
1.494
1.440
1.890
1.969
1.878
1.725
2.043
1.650
0.769
0.831
0.797
1.114
1.291
1.266
4.079
4.111
4.051
1.522
1.646
1.487
2.140
2.182
2.487
2.081
2.176
1.968
1.160
1.291
1.243
1.071
1.230
1.061
0.904
1.028
0.971
1.404
1.487
1.448
1.695
1.915
1.895
1.221
1.341
1.286
1.169
1.242
1.198
0.688
0.885
0.795
1.102
1.271
1.051
2.278
2.423
2.411
0.650
0.709
0.664
0.734
0.872
0.783
2.213
2.448
2.336
1.060
1.045
0.977
1.707
1.888
1.743
1.270
1.706
1.508
1.270
1.441
1.270
1.025
1.082
0.963
0.616
0.824
0.713
1.246
1.421
1.199
0.933
1.013
0.975
1.497
1.541
1.476
2.330
2.407
2.261
1.051
1.200
1.160
1.704
1.964
1.769
0.775
1.259
1.039
1.336
1.420
1.370
2.211
2.270
2.190
0.667
0.770
0.659
1.057
1.249
1.174
1.972
2.062
2.106
1.309
1.416
1.310
1.256
1.335
1.324
1.515
1.585
1.473
2.348
2.389
2.342
2.389
2.410
2.401
1.586
1.666
1.632
1.365
1.440
1.389
1.304
1.529
1.423
1.570
1.719
1.609
1.185
1.276
1.195
1.824
1.902
1.860
0.801
0.944
0.856
1.602
1.652
1.555
1.277
1.342
1.339
1.978
2.025
2.002
0.920
1.198
1.043
0.875
1.165
1.034
2.062
2.326
2.199
1.484
1.504
1.364
1.655
1.679
1.587
1.966
2.039
1.974
1.195
1.359
1.194
0.936
1.120
1.017
0.709
0.945
0.754
1.101
1.206
1.088
1.496
1.620
1.610
1.158
1.314
1.251
1.048
1.171
0.887
0.875
1.112
0.962
1.571
1.732
1.610
0.656
0.777
0.678
1.855
1.864
1.858
1.082
1.238
1.159
0.868
1.009
0.901
1.640
1.467
1.498
0.750
0.850
0.821
1.544
1.661
1.584
2.930
3.011
2.901
0.925
1.054
1.028
1.659
1.789
1.642
1.514
1.453
1.454
1.922
2.016
1.957
1.641
1.752
1.627
1.342
1.528
1.435
1.026
1.229
1.091
1.240
1.214
1.058
0.460
0.521
0.408
3.955
4.082
4.005
1.941
1.938
1.850
1.802
1.853
1.806
0.450
0.550
0.483
0.924
1.054
0.901
0.806
1.007
0.794
0.806
1.027
0.794
1.310
1.349
1.284
0.997
1.098
0.999
1.168
1.410
1.258
1.286
1.368
1.233
2.479
2.568
2.430
1.991
2.010
1.880
1.360
1.498
1.308
1.096
1.163
1.089
2.520
2.553
2.447
1.928
2.022
2.018
2.254
2.301
1.969
2.163
2.111
2.178
1.323
1.227
1.216
0.701
0.901
0.789
3.190
3.247
3.138
0.731
1.099
0.830
1.709
1.777
1.699
0.760
0.713
0.722
0.989
1.078
1.018
0.898
1.222
1.001
2.118
2.226
2.203
2.906
2.817
2.965
1.757
1.814
1.556
2.399
2.443
2.386
1.557
1.774
1.617
1.494
1.640
1.614
1.357
1.534
1.526
1.191
1.243
1.184
1.248
1.323
1.208
2.078
2.345
2.127
1.468
1.597
1.517
1.150
1.220
1.143
1.398
1.444
1.419
1.231
1.222
1.237
1.228
1.205
1.065
1.264
1.466
1.338
1.153
1.288
1.191
1.111
1.314
1.131
1.302
1.366
1.346
1.682
1.713
1.561
1.402
1.390
1.285
1.116
1.232
1.036
1.860
2.115
1.858
1.517
1.607
1.482
1.359
1.458
1.357
1.966
2.061
2.009
0.780
0.995
0.960
0.913
1.016
0.969
1.644
1.577
1.638
1.680
1.853
1.702
0.918
0.954
0.930
1.081
1.179
0.985
1.903
1.998
1.921
1.499
1.585
1.542
1.464
1.382
1.368
0.979
1.056
1.002
2.375
2.448
2.375
0.827
0.959
0.805
1.330
1.546
1.314
0.855
0.930
0.837
0.882
0.895
1.101
1.195
1.222
1.119
1.131
1.296
1.197
2.070
2.107
2.191
0.460
0.586
0.548
1.614
1.666
1.583
0.640
0.797
0.700
1.047
1.187
1.015
1.588
1.888
1.737
3.383
3.314
3.296
2.013
2.067
2.047
1.646
1.779
1.695
2.569
2.715
2.608
1.016
1.119
1.103
1.551
2.153
1.425
0.921
0.920
0.818
0.805
0.921
0.800
0.731
0.792
0.718
2.371
2.611
2.331
1.824
1.860
1.783
1.056
1.159
1.047
2.012
2.168
2.007
1.299
1.316
1.273
1.210
1.241
1.133
1.401
1.588
1.417
1.241
1.401
1.305
1.146
1.231
1.066
0.596
0.792
0.672
1.825
1.851
1.696
0.551
0.801
0.641
1.212
1.334
1.270
1.396
1.443
1.347
1.030
1.091
0.964
2.790
3.039
2.851
1.886
1.992
1.903
1.808
1.823
1.719
1.897
1.999
1.939
1.567
1.650
1.594
1.154
1.352
1.214
2.069
2.124
2.083
1.616
1.713
1.667
1.772
1.876
1.792
0.876
0.956
0.839
1.979
1.966
1.983
2.369
2.382
2.280
1.081
1.420
1.331
2.006
2.046
2.002
1.951
2.114
1.973
0.996
1.064
0.949
0.844
0.862
0.823
0.904
1.062
0.973
2.658
2.715
2.625
1.352
1.386
1.353
2.228
2.469
2.230
0.825
1.073
0.968
1.620
1.601
1.369
2.261
2.387
2.333
0.939
1.204
1.199
1.306
1.428
1.290
2.084
2.452
2.373
2.264
2.384
2.235
1.986
2.203
1.920
1.402
1.519
1.441
1.600
2.120
1.922
0.644
0.889
0.732
2.175
2.178
2.109
1.216
1.232
1.186
1.018
1.180
1.055
0.938
1.428
1.538
2.687
2.744
2.684
1.249
1.349
1.299
1.852
1.897
1.916
1.527
1.646
1.525
2.260
2.513
2.415
1.299
1.363
1.373
1.925
1.957
1.888
1.774
1.869
1.692
1.439
1.672
1.572
0.816
0.960
0.894
1.078
1.559
1.183
0.927
1.039
0.930
3.957
4.014
3.973
1.137
1.206
1.080
2.190
2.246
2.187
2.037
2.116
2.008
2.328
2.446
2.346
1.631
2.034
1.958
2.131
2.291
2.126
0.944
1.213
1.091
1.276
1.392
1.256
1.011
1.183
1.092
1.728
2.148
1.868
1.357
1.510
1.448
1.102
1.235
1.131
1.132
1.250
1.122
1.334
1.398
1.246
1.216
1.377
1.312
1.017
1.123
1.066
0.496
0.580
0.531
1.256
1.348
1.237
1.553
1.627
1.488
1.575
1.742
1.557
1.228
1.266
1.222
1.552
1.645
1.563
1.150
1.343
1.235
0.923
0.997
0.865
1.523
1.603
1.543
0.957
1.025
0.894
1.534
1.611
1.538
1.557
1.598
1.528
1.844
1.915
1.833
1.817
2.033
1.848
1.840
1.922
1.850
1.887
1.997
1.996
0.805
0.824
0.780
1.234
1.452
1.164
1.636
1.628
1.525
1.055
1.082
1.036
1.941
2.126
2.013
1.692
1.929
1.924
1.794
1.981
1.719
1.634
1.808
1.629
0.741
0.834
0.652
1.982
1.999
1.982
1.729
1.817
1.684
1.643
1.655
1.373
1.157
1.571
1.304
1.803
1.937
1.990
2.716
2.966
2.790
2.716
2.966
2.790
1.347
1.506
1.327
1.193
1.291
1.259
0.964
1.076
0.989
2.346
2.478
2.371
1.927
1.986
1.937
0.984
1.082
0.982
3.205
3.227
3.198
1.972
2.067
2.040
1.419
1.480
1.236
2.722
2.692
2.679
2.632
2.833
2.779
1.121
1.258
1.008
1.405
1.512
1.451
2.103
2.178
2.087
1.144
1.226
1.171
1.813
1.892
1.844
1.752
1.941
1.852
2.129
2.188
2.075
1.436
1.479
1.404
1.111
1.148
1.048
0.709
1.041
0.862
0.866
1.470
0.992
1.650
1.797
1.748
2.147
2.353
2.271
2.284
2.417
2.355
1.061
1.225
1.007
1.499
1.714
1.498
1.111
1.162
0.962
1.235
1.317
1.288
0.680
1.067
0.761
1.081
1.179
1.145
0.820
0.891
0.850
0.996
1.108
0.874
0.961
1.064
1.182
0.795
0.961
0.843
0.834
0.772
0.534
2.042
2.219
2.121
1.201
1.348
1.279
0.877
1.027
0.933
1.579
1.698
1.541
1.421
1.605
1.509
0.942
1.470
0.810
0.802
0.969
0.919
2.120
2.056
2.068
1.880
2.115
2.083
2.817
2.865
2.792
1.316
1.317
1.110
0.815
0.934
0.856
1.905
1.977
1.800
1.615
1.764
1.636
2.524
2.442
2.544
0.916
1.015
0.889
1.320
1.417
1.382
0.958
1.144
1.008
2.622
2.632
2.389
1.613
1.760
1.709
0.929
1.194
0.985
0.929
1.224
0.985
1.406
1.689
1.423
0.823
1.012
0.888
1.109
1.138
1.053
1.260
1.451
1.249
1.260
1.440
1.260
1.287
1.354
1.288
0.858
1.152
0.997
3.639
3.805
3.750
1.283
1.486
1.358
0.968
1.123
0.915
1.416
1.497
1.477
2.098
2.130
2.106
1.726
1.879
1.754
0.628
0.828
0.676
0.975
1.001
0.958
0.790
0.933
0.871
1.525
1.630
1.398
1.354
1.388
1.302
1.620
1.689
1.690
1.098
1.260
1.157
1.923
2.063
2.007
0.760
0.827
0.643
1.151
1.283
1.199
1.868
1.857
1.838
1.575
1.638
1.618
0.727
0.776
0.666
1.557
1.588
1.530
1.572
1.609
1.584
1.617
1.863
1.803
0.814
1.125
0.912
1.777
1.819
1.816
0.933
1.024
0.927
1.544
1.636
1.583
1.485
1.587
1.464
1.027
1.219
1.119
2.607
2.666
2.597
1.723
1.829
1.645
1.050
1.109
1.027
2.034
2.191
2.113
2.740
2.751
2.607
1.720
1.887
1.813
1.228
1.231
1.114
2.182
2.412
2.319
1.189
1.287
1.179
1.167
1.300
1.154
4.092
4.094
4.177
1.023
1.161
1.103
0.675
0.857
0.705
1.317
1.357
1.294
1.557
1.655
1.562
1.718
1.883
1.760
1.018
1.041
0.949
1.909
2.243
2.142
0.887
0.996
0.848
1.119
1.317
1.174
1.550
1.789
1.740
1.151
1.270
1.204
0.678
0.963
0.667
1.113
1.245
1.142
1.220
1.409
1.338
1.565
1.633
1.684
1.275
1.360
1.243
1.095
1.195
1.148
1.964
2.026
1.887
0.909
1.091
0.989
1.465
1.649
1.567
1.488
1.648
1.361
1.165
1.346
1.229
0.701
0.946
0.811
1.078
1.290
1.130
1.526
1.547
1.430
1.912
1.883
1.751
1.745
1.780
1.736
1.107
1.409
1.275
1.293
1.318
1.227
1.432
1.641
1.562
1.186
1.143
1.121
2.131
2.261
2.161
1.140
1.305
1.191
2.386
2.627
2.373
2.277
2.361
2.312
0.915
1.024
0.874
0.777
0.837
0.681
2.628
2.761
2.701
0.696
0.982
0.709
1.847
2.036
1.971
1.519
1.581
1.528
0.676
0.738
0.686
1.155
1.283
1.211
0.853
1.011
0.983
0.723
0.775
0.627
2.074
2.293
2.093
2.416
2.520
2.311
2.154
2.169
2.188
0.719
0.981
0.805
0.707
0.876
0.739
1.042
1.418
1.198
2.353
2.472
2.388
1.312
1.420
1.357
2.133
2.264
1.620
1.490
1.680
1.546
0.722
1.010
0.826
0.950
1.162
0.986
1.510
1.677
1.519
1.705
1.809
1.650
0.988
1.028
0.662
2.227
2.272
2.217
2.056
2.169
2.143
1.739
1.960
1.910
1.849
1.998
1.956
1.100
1.235
1.136
0.633
0.791
0.754
1.067
1.360
1.127
2.393
2.512
2.444
2.274
2.464
2.261
1.489
1.916
1.642
1.218
1.308
1.320
1.195
1.308
1.199
1.034
1.161
1.078
1.231
1.491
1.123
1.042
1.219
1.139
0.779
0.792
0.774
1.262
1.348
1.254
0.832
1.470
1.336
1.339
1.519
1.433
0.591
0.625
0.364
1.277
1.373
1.227
1.640
1.793
1.830
1.936
1.882
1.913
1.610
1.695
1.638
0.880
0.851
0.727
1.639
1.629
1.676
0.780
0.882
0.846
1.969
2.080
1.975
1.764
2.074
1.943
0.753
0.907
0.831
1.338
1.496
1.400
1.137
1.204
1.168
2.192
2.213
2.079
0.965
1.437
1.008
1.369
1.605
1.487
3.646
3.682
3.684
1.256
1.600
1.333
2.047
2.153
2.015
1.264
1.088
1.186
0.856
1.076
0.906
2.062
2.361
2.107
1.116
1.467
1.132
1.474
1.701
1.476
2.241
2.288
2.283
1.560
1.739
1.345
3.117
3.150
3.092
1.342
1.676
1.547
1.916
1.909
1.831
1.798
1.962
1.909
1.196
1.197
1.173
1.475
1.588
1.493
1.567
1.711
1.446
1.333
1.508
1.488
1.374
1.379
1.276
1.305
1.445
1.361
1.574
1.793
1.740
1.369
1.523
1.422
1.724
1.923
1.869
1.189
1.229
1.182
2.062
2.173
2.088
1.336
1.453
1.331
1.721
1.732
1.822
2.035
1.983
1.920
0.735
0.945
0.826
2.326
2.373
2.054
0.618
0.769
0.698
1.720
1.813
1.725
1.376
1.563
1.421
1.225
1.286
1.596
0.771
1.159
0.921
0.848
1.099
0.985
1.016
1.336
1.171
0.813
0.954
0.848
1.546
1.682
1.619
0.382
0.636
0.509
1.005
1.413
1.267
1.292
1.482
1.303
1.009
1.071
1.013
1.149
1.242
1.152
1.917
2.147
1.798
0.931
1.105
0.976
2.178
2.265
2.166
0.721
0.973
0.848
1.377
1.566
1.551
1.132
1.363
1.220
2.284
2.310
2.190
0.842
1.002
0.922
1.398
1.489
1.406
2.226
2.371
2.176
1.475
1.779
1.571
1.158
1.212
1.187
0.621
0.877
0.709
1.285
1.276
1.115
0.997
1.030
1.011
1.777
1.823
1.649
1.287
1.362
1.299
1.448
1.482
1.436
1.324
1.413
1.362
0.913
0.841
0.730
1.037
1.279
1.086
1.134
1.260
1.188
0.940
0.978
0.922
1.074
1.169
1.081
0.747
0.825
0.806
0.807
0.896
0.737
1.482
1.528
1.417
0.683
0.810
0.762
1.644
1.804
1.621
0.828
0.983
0.661
1.445
1.614
1.497
1.594
1.632
1.512
1.255
1.342
1.281
0.907
1.093
0.953
1.013
1.108
0.972
1.084
1.246
1.158
1.741
1.878
1.817
1.457
1.596
1.500
1.945
2.119
1.896
0.613
0.859
0.815
1.725
1.844
1.674
0.601
0.822
0.626
1.611
1.701
1.947
0.826
0.947
0.759
0.546
0.644
0.572
1.706
1.900
1.688
1.640
1.756
1.664
1.703
1.899
2.077
1.849
2.050
2.222
1.703
1.899
2.077
1.849
2.050
2.222
1.849
2.050
2.222
1.703
1.899
2.077
1.679
1.870
2.005
0.860
0.824
0.804
1.001
1.066
0.987
0.785
1.078
0.843
1.245
1.302
1.263
1.661
1.716
1.640
3.465
3.434
3.156
1.190
1.374
1.132
1.443
1.638
1.538
2.215
2.317
2.385
2.608
2.574
2.582
1.420
1.488
1.364
1.258
1.366
1.264
2.319
2.423
2.361
1.665
1.834
1.686
0.682
0.741
0.683
2.611
2.557
2.474
1.794
1.791
1.792
1.142
1.388
1.138
1.077
1.289
1.182
1.170
1.291
1.223
1.624
1.679
1.501
0.963
0.992
0.776
0.762
0.879
0.812
1.333
1.628
1.454
1.411
1.638
1.522
1.357
1.470
1.381
0.731
0.969
0.758
1.763
1.792
1.746
1.782
1.897
1.736
1.862
1.893
1.524
2.620
2.869
2.673
1.163
1.262
1.180
0.847
0.952
0.888
0.925
0.984
0.926
1.314
1.377
1.327
1.291
1.418
1.294
1.761
1.873
1.795
0.782
1.633
0.981
2.128
2.272
2.507
0.828
0.922
0.853
1.081
1.164
1.100
0.637
0.862
0.752
1.494
1.633
1.366
0.893
0.974
0.872
1.141
1.221
1.095
0.913
1.001
0.848
1.461
1.552
1.463
1.178
1.359
1.188
1.568
1.550
1.547
1.383
1.591
1.419
1.591
1.621
1.460
2.941
2.959
2.886
1.358
1.427
1.328
1.653
1.849
1.657
1.759
1.809
1.700
0.816
0.850
0.774
1.461
1.517
1.475
2.452
2.527
2.328
0.809
0.920
0.873
1.388
1.427
1.360
1.069
1.166
1.103
0.880
1.057
0.911
1.169
1.185
1.132
1.469
1.672
1.687
1.540
1.676
1.512
1.037
1.160
1.032
0.782
0.849
0.797
2.564
2.670
2.645
4.029
4.091
4.044
0.846
0.972
0.815
1.937
1.971
1.815
1.937
2.064
1.985
0.764
0.757
0.692
1.321
1.449
1.334
1.512
1.595
1.501
2.347
2.385
2.273
1.781
1.857
1.804
1.466
1.810
1.548
1.339
1.349
1.324
1.666
1.788
1.625
0.909
1.093
1.000
1.164
1.299
1.188
1.814
1.861
1.857
1.168
1.311
1.207
1.145
1.210
1.380
0.878
1.158
0.923
1.278
1.372
1.371
1.680
1.863
1.756
1.418
1.538
1.503
1.859
1.928
1.906
3.520
3.608
3.439
1.409
1.470
1.463
0.600
0.936
0.770
1.430
1.626
1.483
1.701
1.826
1.787
2.628
2.472
2.479
1.709
1.835
1.768
0.961
1.094
1.037
1.548
1.571
1.576
1.365
1.621
1.423
1.313
1.685
1.368
2.313
2.459
2.310
2.277
2.280
2.220
2.785
2.891
2.842
0.692
0.622
0.631
2.211
2.329
2.227
0.983
1.180
1.155
1.811
1.906
1.758
1.113
1.156
1.048
0.556
0.672
0.510
1.186
1.210
1.138
0.880
0.914
0.862
1.433
1.545
1.461
1.026
1.089
1.172
1.209
1.281
1.246
4.188
4.182
4.096
1.245
1.460
1.260
1.839
2.078
1.896
1.309
1.359
1.322
2.219
2.110
2.088
2.303
2.383
2.307
1.197
1.389
1.146
1.897
2.003
1.912
1.970
2.076
1.975
1.492
1.655
1.462
2.136
2.178
2.179
1.630
1.814
1.680
1.382
1.438
1.387
1.382
1.454
1.416
1.311
1.564
1.403
1.800
1.904
1.798
1.819
2.098
1.966
1.028
1.228
1.091
1.633
1.831
1.650
1.745
1.820
1.757
0.743
0.975
0.821
1.381
1.504
1.521
1.245
1.407
1.323
0.709
0.997
0.828
1.870
2.006
1.887
1.423
1.573
1.456
1.044
1.061
0.593
1.516
1.697
1.626
1.638
1.807
1.616
0.583
0.717
0.675
0.825
1.073
0.941
0.896
0.920
0.918
1.776
1.976
1.785
1.471
1.607
1.536
1.784
1.836
1.757
1.581
1.649
1.595
1.180
1.472
1.175
1.491
1.854
1.645
1.011
1.242
1.042
1.311
1.358
1.261
1.558
1.701
1.642
1.314
1.313
1.062
1.513
1.612
1.498
0.944
1.553
1.099
1.158
1.216
1.100
1.928
2.012
1.961
0.911
0.962
0.911
0.808
0.893
0.731
1.905
2.021
1.957
1.779
2.034
1.924
1.640
1.860
1.978
1.530
1.839
1.611
3.415
3.416
3.362
1.155
1.313
1.267
1.626
2.049
1.712
1.276
1.440
1.281
1.462
1.650
1.659
0.873
0.935
0.863
1.331
1.319
1.160
0.694
0.767
0.707
1.052
1.331
1.102
0.987
1.031
0.981
0.677
0.727
0.679
0.797
0.933
0.868
0.647
0.878
0.859
0.483
0.655
0.565
0.779
1.024
0.759
1.936
2.012
1.878
1.928
2.005
1.969
0.947
1.228
0.951
1.543
1.629
1.557
1.686
1.730
1.715
0.736
0.802
0.596
1.043
1.180
1.023
2.023
2.254
2.127
1.430
1.500
1.359
1.308
1.488
1.387
2.187
2.357
2.259
0.871
1.004
0.916
1.392
1.532
1.514
1.281
1.398
1.289
0.664
0.770
0.647
1.548
1.769
1.621
1.591
1.625
1.572
1.472
1.565
1.415
1.524
1.848
1.557
1.286
1.275
1.248
2.232
2.721
2.219
1.719
1.736
1.684
0.553
0.630
0.441
2.360
2.366
2.402
2.115
2.147
2.110
1.485
1.539
1.488
1.668
1.802
1.598
1.500
1.447
1.367
0.853
0.856
0.826
2.722
2.899
2.686
1.464
1.384
1.277
1.480
1.538
1.317
0.507
0.671
0.544
1.306
1.479
1.340
0.919
1.425
0.909
0.707
0.889
0.835
0.797
1.112
0.834
0.797
1.224
0.945
2.144
2.146
2.139
0.919
1.223
1.045
0.863
0.923
0.862
0.823
1.051
0.767
0.821
0.985
0.875
2.303
2.350
2.298
1.278
1.437
1.323
1.854
2.240
1.985
1.648
1.731
1.659
2.061
2.156
2.054
1.127
1.274
1.178
1.968
2.060
1.982
1.441
1.550
1.512
1.677
1.836
1.590
1.349
1.377
1.253
0.695
0.792
0.721
0.725
0.946
0.774
0.984
1.283
1.175
1.018
1.091
0.989
0.885
1.027
0.853
1.806
2.108
1.937
0.764
1.239
0.895
1.099
1.487
1.612
1.626
1.745
1.591
1.737
1.762
1.788
1.250
1.349
1.233
2.257
2.346
2.293
2.078
2.273
2.230
1.571
1.639
1.606
1.408
1.473
1.401
1.085
1.136
1.059
1.753
2.110
1.723
0.744
0.935
0.832
1.665
1.686
1.668
2.209
2.555
2.282
1.531
1.603
1.564
1.280
1.566
1.439
1.958
2.016
1.970
1.422
1.445
1.360
1.004
1.079
0.990
0.590
0.754
0.530
1.059
1.054
1.227
1.760
1.926
1.869
0.819
1.267
0.718
0.978
1.641
0.687
0.708
0.792
0.677
1.105
1.518
0.996
1.759
1.871
1.682
2.716
2.816
2.700
1.101
1.196
1.091
3.020
3.121
3.046
1.678
1.679
1.611
1.253
1.350
1.272
2.178
2.331
2.211
1.115
1.277
1.181
1.036
1.100
1.040
0.817
0.873
0.840
1.221
1.279
0.991
1.271
1.584
1.359
1.702
1.946
1.793
1.627
1.684
1.662
0.944
1.305
1.443
1.779
1.848
1.751
0.928
1.047
0.986
3.013
3.072
3.024
1.465
1.510
1.422
2.053
2.158
2.071
1.227
1.244
1.243
0.701
0.922
0.856
0.701
0.922
0.856
0.701
0.922
0.856
1.347
1.554
1.366
0.725
0.842
0.731
0.935
1.076
0.917
1.718
1.783
1.702
0.812
0.919
0.860
0.820
1.066
0.905
0.836
0.943
0.803
0.927
1.080
0.953
0.927
1.247
1.113
1.424
1.387
1.233
1.043
1.639
1.137
1.318
1.829
1.383
1.106
1.166
1.288
0.981
1.157
1.041
1.454
1.620
1.518
1.007
1.107
0.990
1.643
1.660
1.649
1.500
1.761
1.686
1.825
2.000
1.917
3.267
3.395
3.094
1.016
1.132
1.083
1.260
1.388
1.290
1.344
1.321
1.122
0.905
0.964
0.750
1.588
1.770
1.620
0.679
0.807
0.736
1.081
1.141
1.101
1.493
1.708
1.474
1.326
1.367
1.342
1.761
2.241
1.822
1.973
2.012
1.952
1.049
1.117
1.063
1.341
1.991
1.223
1.300
1.272
1.274
0.665
0.723
0.574
2.135
2.313
2.166
1.458
1.696
1.617
0.991
0.979
0.949
0.672
0.975
0.734
3.596
3.517
3.545
1.603
1.716
1.525
1.466
1.519
1.465
0.485
0.622
0.457
2.188
2.365
2.187
1.278
1.497
1.301
1.310
1.489
1.330
1.736
2.131
1.819
0.931
1.133
0.955
0.776
0.855
0.765
1.351
1.466
1.328
1.352
1.478
1.317
1.680
1.804
1.773
0.990
1.146
1.029
1.133
1.139
1.015
1.168
1.223
1.208
1.230
1.436
1.333
0.860
1.182
0.851
0.621
0.661
0.619
1.643
1.862
1.614
1.124
1.160
1.108
1.374
1.445
1.618
1.143
1.227
1.164
0.515
0.778
0.551
2.535
2.534
2.526
1.139
1.296
1.214
0.884
1.048
0.934
1.611
1.729
1.641
2.492
2.657
2.498
1.544
1.530
1.400
1.671
1.644
1.758
0.772
0.817
0.789
1.913
2.009
2.008
0.938
1.025
0.943
2.155
2.244
2.240
1.577
1.790
1.657
3.491
3.544
3.466
3.012
3.140
3.182
1.042
1.282
1.042
1.299
1.224
1.176
1.109
0.960
0.749
1.311
1.339
1.267
1.103
1.230
1.127
2.221
2.379
2.212
1.434
1.547
1.478
0.919
1.013
0.808
1.649
1.735
1.437
2.121
2.104
2.018
1.072
1.303
1.141
2.788
2.835
2.808
1.620
1.706
1.660
1.884
2.033
1.866
0.821
0.961
0.883
0.960
1.069
0.939
1.235
1.133
1.151
0.798
1.053
0.915
1.343
1.608
1.426
2.398
2.636
2.522
1.039
1.091
0.931
1.281
1.341
1.276
0.990
1.133
1.117
0.775
0.916
0.823
0.890
1.318
0.776
1.038
1.121
0.981
0.635
0.747
0.675
0.979
1.078
1.022
1.508
1.573
1.512
2.302
2.216
2.254
3.151
3.263
2.932
3.064
3.323
3.234
1.883
2.059
1.788
1.883
2.021
1.788
1.021
1.240
1.109
1.576
1.721
1.540
0.867
0.919
0.833
1.627
1.599
1.513
1.335
1.495
1.407
0.883
1.093
0.996
0.973
1.044
0.962
1.528
1.704
1.531
1.284
1.367
1.308
1.166
1.221
1.049
1.597
1.598
1.525
1.069
1.157
1.103
0.967
1.276
1.158
1.377
1.479
1.437
1.022
1.137
1.064
1.596
1.785
1.772
0.712
0.842
0.700
1.446
1.403
1.231
1.759
1.895
1.763
0.941
1.014
0.939
0.749
0.824
0.702
2.283
2.446
2.283
1.556
1.624
1.569
1.150
1.272
1.154
1.073
1.264
1.290
1.676
1.933
1.743
1.135
1.273
1.211
1.335
1.468
1.336
0.659
0.984
0.800
2.282
2.538
2.517
0.778
0.782
0.711
0.778
0.808
0.852
1.353
1.519
1.468
1.158
1.408
1.234
2.503
2.806
2.564
1.064
1.265
1.061
0.813
0.929
0.842
1.472
1.463
1.398
0.989
1.036
1.001
1.400
1.459
1.430
1.350
1.477
1.280
1.340
1.591
1.304
1.063
1.201
1.136
1.743
1.858
1.652
1.135
1.367
1.136
1.867
2.094
1.852
1.165
1.111
0.992
1.833
1.915
1.864
1.552
1.557
1.525
2.417
2.505
2.265
1.309
1.441
1.354
1.726
1.814
1.782
1.097
1.264
1.162
1.142
1.285
1.104
1.159
1.321
1.204
1.170
1.198
1.120
1.509
1.597
1.562
1.571
1.778
1.625
1.488
1.594
1.364
1.458
1.668
1.645
1.759
1.894
1.659
1.703
1.859
1.778
0.872
1.307
1.078
0.720
0.851
0.772
1.066
1.202
0.884
0.742
0.840
0.765
1.884
2.088
1.893
1.704
1.803
1.690
0.996
1.267
1.123
1.343
1.453
1.350
0.776
0.903
0.809
1.510
1.637
1.534
1.773
2.003
1.640
0.720
0.851
0.772
1.581
1.654
1.587
1.457
1.600
1.470
0.694
0.823
0.746
0.903
1.148
0.956
1.104
1.232
1.149
0.694
0.823
0.746
1.318
1.392
1.328
0.978
1.105
1.043
0.910
1.022
1.254
2.512
2.592
2.575
1.323
1.520
1.428
1.449
1.523
1.402
0.694
0.823
0.746
1.724
1.755
1.512
1.017
1.104
0.987
0.694
0.823
0.746
0.726
0.840
0.711
1.033
1.169
1.081
1.185
1.238
1.215
0.946
1.037
0.998
1.185
1.492
1.292
1.586
1.632
1.387
0.698
0.834
0.655
0.698
0.866
0.721
0.698
0.880
0.721
1.829
2.037
1.976
1.460
1.759
1.562
0.621
0.786
0.684
1.113
1.254
1.187
0.720
0.851
0.772
1.204
1.385
1.304
1.525
1.548
1.473
0.861
1.064
0.885
0.710
0.802
0.747
0.609
1.261
0.819
1.855
1.954
1.793
1.707
1.662
1.654
1.004
1.052
1.020
1.388
1.558
1.472
1.229
1.338
1.243
0.788
0.900
0.841
2.180
2.557
2.421
0.963
1.140
0.992
1.021
1.210
1.117
0.694
0.823
0.746
0.876
1.130
0.925
0.805
0.978
0.755
0.960
0.955
0.885
1.091
1.109
0.915
1.766
1.817
1.762
1.804
1.842
1.784
1.245
1.256
1.231
0.865
1.010
0.890
1.694
1.778
1.720
0.890
1.032
0.890
1.381
1.544
1.455
1.435
1.556
1.362
0.976
1.509
1.133
1.714
1.940
1.784
0.959
1.200
0.973
1.384
1.514
1.263
0.997
1.092
1.052
0.736
0.828
0.730
0.738
0.778
0.730
2.556
2.630
2.531
1.047
1.089
1.000
1.902
1.943
1.875
2.032
2.322
2.175
3.940
4.006
3.879
0.838
0.935
0.867
1.078
1.288
1.159
0.997
1.133
0.941
1.752
1.931
1.760
3.487
3.605
3.586
0.972
1.243
0.898
0.846
0.950
0.876
1.223
1.445
1.276
0.702
0.771
0.687
1.065
1.127
1.096
1.128
1.422
1.250
1.338
1.605
1.402
2.161
2.342
2.263
1.742
1.855
1.758
1.160
1.341
1.239
1.268
1.468
1.290
2.118
2.254
2.149
1.094
1.217
1.135
1.551
1.618
1.525
1.426
1.528
1.479
2.014
2.098
1.967
1.502
1.432
1.769
2.725
2.804
2.740
0.819
0.770
0.593
0.595
0.852
0.707
1.596
1.883
1.688
1.556
1.702
1.596
1.265
1.345
1.279
2.063
2.022
1.910
1.751
1.815
1.781
1.983
2.026
2.001
1.227
1.353
1.257
0.979
1.080
1.008
1.093
1.217
1.146
0.711
0.781
0.755
1.398
1.486
1.441
1.243
1.465
1.402
1.073
1.296
1.148
0.889
1.179
0.998
1.574
1.559
1.551
1.482
1.639
1.599
2.417
2.535
2.449
1.703
1.814
1.688
2.077
2.217
2.153
1.151
1.395
1.361
1.608
1.697
1.666
1.176
1.300
1.170
1.582
1.675
1.598
0.623
0.902
0.831
1.238
1.219
1.281
1.485
1.658
1.568
0.604
0.720
0.700
0.924
1.127
1.080
1.342
1.517
1.387
2.087
2.111
2.110
1.690
1.877
1.748
1.183
1.303
1.163
2.179
2.259
2.135
1.083
1.266
1.183
2.227
2.310
2.228
2.030
2.181
2.063
1.871
2.098
1.949
2.248
2.384
2.236
0.928
1.636
1.160
2.992
3.195
3.111
2.681
2.714
2.628
1.832
2.060
1.898
1.232
1.247
1.196
1.473
1.575
1.540
0.807
0.874
0.813
1.216
1.268
1.229
1.661
1.769
1.753
2.818
2.851
2.801
2.048
2.175
2.115
0.982
1.097
0.995
1.779
1.880
1.867
0.790
0.996
0.894
1.384
1.435
1.388
1.610
1.648
1.612
1.337
1.635
1.498
1.293
1.474
1.352
1.015
1.164
1.108
1.394
1.361
1.208
2.326
2.345
2.319
2.036
2.029
2.072
2.360
2.410
2.449
1.126
1.226
1.183
1.258
1.365
1.333
1.371
1.394
1.321
0.764
0.862
0.788
2.084
2.140
2.130
1.211
1.629
1.622
0.538
0.768
0.694
0.731
0.824
0.691
1.875
1.967
1.808
0.967
1.159
1.058
1.588
1.614
1.546
1.836
2.061
1.899
1.467
1.542
1.513
0.920
1.124
1.046
1.191
1.277
1.172
1.702
1.687
1.508
2.938
3.049
3.010
1.446
1.463
1.271
1.404
1.535
1.399
0.868
1.030
0.926
2.730
2.825
2.587
1.629
1.703
2.008
2.293
2.483
2.385
1.033
1.184
1.032
2.379
2.411
2.196
2.133
2.309
2.122
1.687
1.786
1.720
0.998
1.173
1.106
1.815
2.104
2.071
1.281
1.434
1.412
1.542
1.652
1.431
1.519
1.586
1.664
0.897
0.982
0.947
0.738
0.854
0.776
1.108
1.274
1.163
1.108
1.274
1.163
1.108
1.274
1.163
2.334
2.418
2.315
0.912
1.092
0.883
1.617
1.824
1.747
0.607
0.590
0.587
1.577
1.796
1.628
1.035
1.243
1.268
0.764
0.929
0.798
1.868
2.009
1.747
1.430
1.638
1.437
1.003
1.105
1.047
0.876
1.175
1.010
1.588
2.101
1.820
1.065
1.160
1.116
1.627
1.558
1.675
1.955
2.046
1.686
1.856
2.119
1.859
1.281
1.398
1.317
1.660
1.673
1.607
2.194
2.361
2.374
2.676
3.761
2.710
1.648
1.745
1.674
1.025
1.109
1.004
1.170
1.199
1.025
1.044
1.311
1.195
1.103
1.258
1.244
1.616
1.623
1.498
1.545
1.741
1.521
1.934
2.175
2.223
2.510
2.644
2.549
1.655
1.783
1.589
1.079
1.279
1.216
1.222
1.340
1.256
0.536
0.718
0.619
1.445
1.714
1.571
1.401
1.327
1.263
1.628
1.683
1.577
1.812
2.042
1.890
0.903
1.054
0.999
2.164
2.223
2.054
0.908
0.913
0.834
0.957
1.100
0.868
1.421
1.567
1.441
2.173
2.224
1.945
0.810
0.905
0.795
0.648
0.726
0.628
0.652
0.793
0.672
0.535
0.649
0.581
0.733
0.827
0.766
1.083
1.232
1.139
2.164
2.535
2.271
1.075
1.071
1.074
0.891
1.075
0.962
1.054
1.115
1.027
1.315
1.428
1.288
1.702
1.781
1.732
1.069
1.151
1.078
1.038
1.120
1.082
0.907
1.027
0.902
1.251
1.343
1.216
1.497
1.711
1.540
1.234
1.382
1.353
0.458
0.548
0.492
1.034
1.039
1.003
2.464
2.389
2.458
1.434
1.633
1.512
1.014
1.190
1.063
0.406
0.689
0.526
0.406
0.689
0.526
0.406
0.689
0.526
1.064
1.149
1.078
1.332
1.424
1.227
0.775
0.883
0.641
1.146
1.347
1.323
0.644
0.746
0.659
1.693
1.844
1.710
1.896
1.971
1.922
1.236
1.434
1.261
0.920
1.089
0.994
1.704
1.893
1.788
1.782
2.068
1.976
1.117
1.234
1.141
0.924
1.015
0.806
0.729
0.761
0.712
1.707
1.793
1.729
1.219
1.295
1.266
1.219
1.391
1.266
1.529
1.765
1.659
1.587
1.806
1.614
0.700
0.891
0.827
2.327
2.468
2.335
0.685
0.773
0.702
1.356
1.404
1.336
0.969
1.035
0.966
1.379
1.504
1.472
1.092
1.113
0.956
0.389
0.669
0.575
0.783
1.002
0.916
1.073
1.318
1.313
1.549
1.703
1.537
0.579
0.609
0.455
1.512
1.471
1.471
1.935
2.092
2.002
0.810
0.882
0.838
1.689
1.828
1.673
1.405
1.516
1.404
0.969
0.969
1.026
1.359
1.528
1.354
1.883
2.064
1.996
1.379
1.542
1.387
1.896
2.010
1.886
1.148
1.278
1.234
1.119
1.392
1.250
1.003
1.235
1.113
1.688
1.793
1.739
1.183
1.339
1.253
0.794
0.972
0.889
0.794
0.972
0.889
1.942
2.013
1.999
0.763
0.967
0.765
1.759
1.758
1.682
1.547
1.690
1.549
0.808
0.897
0.792
1.297
1.378
1.283
1.368
1.536
1.371
0.683
0.932
0.736
2.051
2.134
1.998
1.785
1.927
1.854
1.607
1.749
1.627
2.787
2.789
2.717
1.502
1.828
1.655
0.983
1.046
0.984
1.329
1.438
1.329
1.627
1.766
1.686
1.328
1.540
1.332
0.858
0.951
0.963
1.769
1.883
1.764
1.587
1.812
1.652
1.495
1.597
1.496
0.784
0.936
0.848
1.471
1.457
1.174
1.303
1.404
1.366
0.539
0.571
0.481
0.799
0.846
0.772
0.746
0.848
0.770
1.694
1.755
1.731
1.038
1.074
1.028
1.011
1.285
1.082
1.750
1.927
1.826
2.017
2.552
2.111
1.719
1.947
1.911
1.245
1.350
1.240
0.861
0.947
0.899
1.148
1.070
0.909
0.825
1.059
0.907
1.076
1.151
1.106
1.013
1.075
1.016
1.868
2.002
1.914
0.610
1.066
0.841
2.000
2.107
2.073
1.071
1.141
1.047
2.016
2.159
1.898
0.719
0.811
0.714
1.376
1.461
1.306
2.779
2.863
2.839
2.553
2.736
2.606
0.708
0.877
0.788
1.977
2.101
1.989
1.247
1.445
1.281
1.066
1.264
1.113
2.208
2.568
2.250
1.617
1.736
1.648
2.223
2.234
2.211
0.881
1.021
0.886
1.443
1.456
1.259
0.879
0.971
0.916
2.235
2.399
2.245
1.751
1.864
1.602
1.231
1.392
1.247
0.548
0.709
0.618
0.640
0.626
0.541
1.579
1.699
1.635
1.120
1.348
1.181
2.617
2.793
2.741
1.423
1.592
1.515
1.525
1.649
1.674
0.779
0.967
0.860
0.879
0.971
0.916
1.793
1.869
1.776
0.940
1.237
1.041
0.761
0.899
0.676
0.864
0.955
0.863
1.582
1.695
1.640
0.889
0.997
0.892
1.443
1.612
1.517
0.931
0.992
0.972
0.861
0.947
0.899
0.681
0.694
0.616
1.154
1.167
1.108
0.970
1.111
0.929
1.096
1.127
1.083
0.670
0.828
0.699
1.455
1.551
1.457
0.722
0.848
0.756
2.957
3.271
3.041
2.957
3.271
3.041
2.957
3.271
3.041
0.873
0.960
0.893
0.879
0.971
0.916
1.783
1.820
1.747
1.246
1.335
1.263
0.750
0.767
0.655
1.015
1.145
1.020
1.467
1.571
1.438
1.193
1.287
1.180
0.789
0.849
0.834
1.700
1.755
1.688
0.922
1.104
0.966
2.031
2.166
2.040
0.923
0.787
0.840
0.879
0.971
0.916
1.027
1.164
1.105
0.988
1.131
1.030
0.792
0.927
0.784
2.540
2.618
2.470
0.745
1.019
0.869
1.023
1.324
1.174
2.074
2.265
2.106
0.776
0.806
0.773
0.530
0.891
0.663
2.167
2.367
2.254
1.407
1.493
1.382
1.852
1.939
1.843
1.345
1.478
1.382
1.816
1.859
1.809
1.157
1.252
1.189
1.034
1.340
1.124
1.942
2.088
1.948
1.292
1.499
1.385
2.066
2.238
2.189
1.161
1.278
1.208
1.702
1.755
1.755
1.512
1.474
1.480
0.710
1.028
0.792
1.145
1.369
1.237
1.504
1.455
1.498
2.001
2.139
2.058
2.183
2.352
2.269
1.235
1.311
1.167
2.789
2.644
2.482
1.094
1.118
0.877
1.907
1.969
1.869
1.568
1.728
1.672
1.116
1.241
1.181
1.835
2.099
1.879
1.614
1.923
1.744
2.437
2.499
2.441
2.064
2.170
2.131
1.719
1.951
1.874
2.021
2.034
2.001
1.305
1.672
1.332
1.716
1.802
1.643
1.685
1.778
1.732
1.691
1.678
1.719
2.682
2.731
2.709
2.396
2.378
2.383
0.771
0.863
0.740
1.290
1.458
1.398
1.912
2.024
1.972
1.423
1.696
1.470
1.419
1.876
1.534
1.540
1.628
1.539
1.930
1.916
1.832
0.861
0.960
0.916
1.139
1.114
1.199
1.228
1.388
1.278
1.599
1.659
1.574
0.832
1.000
0.832
0.832
1.000
0.832
1.448
1.543
1.478
1.396
1.409
1.333
0.748
0.888
0.728
2.114
2.267
2.094
1.592
1.487
1.487
0.874
0.989
0.777
1.039
1.244
1.132
0.549
0.549
0.531
1.013
1.173
1.079
2.591
2.578
2.217
1.428
1.350
1.037
0.520
0.709
0.558
2.079
2.168
2.219
1.043
1.164
1.104
0.910
1.037
0.936
1.216
1.520
1.238
1.688
1.795
1.677
1.269
1.319
1.240
2.188
2.388
2.234
1.253
1.111
0.988
1.938
1.959
1.934
1.609
1.715
1.656
1.121
1.148
0.965
1.752
2.106
1.826
0.777
0.874
0.727
2.453
2.614
2.451
2.024
2.160
2.052
0.850
1.005
0.918
1.171
1.284
1.166
1.556
1.663
1.539
1.375
1.587
1.280
1.648
1.758
1.625
2.533
2.574
2.570
0.852
1.002
0.884
1.165
1.339
1.243
1.576
1.901
1.650
1.051
1.133
1.228
1.566
1.689
1.654
0.672
0.791
0.702
1.272
1.386
1.241
1.041
1.102
0.965
3.244
3.380
3.314
1.868
2.253
1.993
0.785
0.835
0.768
1.003
1.082
0.991
1.095
1.175
1.155
2.425
2.362
2.109
1.103
1.189
1.041
1.392
1.416
1.379
0.819
0.854
1.174
1.153
1.242
1.165
1.742
1.970
1.769
0.895
1.033
0.926
2.960
3.040
3.001
2.899
2.987
2.906
1.900
2.201
2.020
1.104
1.255
1.187
1.765
1.767
1.760
1.563
1.755
1.573
1.959
2.130
2.041
1.256
1.317
1.250
1.380
1.628
1.528
1.326
1.558
1.439
0.918
1.054
0.951
0.395
0.478
0.384
1.133
1.220
1.204
1.009
1.199
1.078
0.803
0.918
0.853
2.118
2.265
2.213
1.413
1.770
1.618
1.163
1.356
1.229
0.583
0.969
0.815
1.617
1.901
1.753
1.542
1.558
1.392
0.915
0.956
0.908
1.630
1.825
1.564
1.380
1.466
1.477
1.290
1.450
1.331
1.092
1.183
0.975
2.280
2.297
2.243
0.841
1.071
0.900
0.841
1.003
0.900
2.036
2.142
1.944
1.351
1.529
1.435
1.366
1.437
1.330
1.064
1.244
1.162
0.668
0.783
0.710
0.755
0.923
0.812
1.130
1.229
1.149
0.662
0.685
0.648
2.094
2.187
2.048
1.139
1.224
1.065
0.935
1.083
0.975
0.990
1.135
1.061
2.116
2.284
2.119
3.088
3.147
3.018
1.407
1.467
1.402
0.819
0.894
0.878
0.836
0.920
0.890
0.746
0.915
0.780
1.468
1.488
1.437
1.612
1.474
1.567
1.494
1.470
1.387
1.128
1.365
1.187
0.688
0.883
0.769
0.571
0.704
0.568
1.311
1.449
1.338
1.665
1.779
1.696
0.862
0.902
0.853
0.980
0.959
0.943
0.879
0.971
0.916
0.879
0.971
0.916
1.293
1.367
1.305
1.159
1.475
1.361
1.162
1.269
1.191
0.803
0.931
0.862
1.079
1.497
1.087
1.368
1.668
1.484
0.448
0.641
0.571
1.503
1.651
1.636
2.459
2.432
2.483
0.852
1.014
0.935
2.431
2.434
2.321
1.060
1.382
1.092
0.967
1.088
0.865
1.902
1.961
1.898
1.737
1.817
1.714
1.018
1.061
0.999
0.729
0.879
0.729
1.535
1.604
1.494
0.736
0.951
0.875
0.891
0.978
0.813
2.628
2.750
2.675
1.769
1.807
1.748
1.762
1.817
1.796
1.026
0.989
0.958
1.918
2.076
1.922
0.823
1.007
0.926
1.215
1.292
1.206
1.128
1.246
1.139
1.640
1.785
1.719
1.464
1.616
1.331
1.357
1.593
1.363
1.279
1.399
1.315
2.614
2.741
2.588
0.601
0.600
0.541
0.601
0.701
0.633
1.055
1.117
1.107
0.983
1.086
0.998
1.138
1.273
1.177
1.777
1.878
1.758
0.756
0.862
0.758
1.166
1.408
1.290
0.686
0.854
0.741
1.956
2.135
1.952
0.927
1.050
0.952
0.865
1.034
0.978
1.157
1.427
1.263
2.814
2.993
2.882
1.838
1.895
1.834
1.585
1.624
1.559
1.304
1.396
1.281
0.947
1.065
0.858
1.162
1.326
1.215
0.843
0.936
0.877
1.780
1.861
1.825
1.675
1.760
1.687
1.105
1.239
1.162
1.592
1.801
1.693
2.098
2.439
2.180
1.552
1.637
1.528
1.526
1.649
1.522
1.426
1.534
1.452
0.822
0.936
0.950
1.632
1.697
1.622
1.275
1.288
1.294
1.221
1.323
1.263
1.260
1.381
1.304
1.739
1.888
1.799
1.317
1.332
1.299
1.408
1.472
1.424
0.968
1.151
0.950
0.767
0.666
0.699
0.709
0.772
0.724
1.219
1.302
1.269
0.818
0.877
0.836
0.818
0.909
0.850
1.533
1.528
1.498
1.076
1.217
1.116
1.269
1.514
1.324
1.119
1.296
1.225
1.322
1.357
1.282
0.480
0.705
0.549
0.780
0.826
0.791
0.662
0.751
0.696
0.686
0.888
0.708
0.936
1.138
1.066
1.259
1.703
1.611
1.254
1.440
1.351
2.700
2.792
2.657
0.794
0.911
0.839
0.775
0.915
0.877
1.269
1.496
1.356
1.319
1.325
1.334
2.129
2.143
2.017
1.048
1.108
1.068
1.284
1.434
1.315
3.104
3.139
3.076
1.712
1.913
1.877
0.995
1.110
1.043
0.893
0.905
0.775
1.189
1.451
1.263
2.065
2.239
2.126
1.921
2.144
2.005
1.968
2.148
2.011
0.881
1.091
0.912
1.010
1.129
1.047
0.921
0.993
0.841
1.001
1.597
1.057
0.814
0.915
0.837
0.785
0.971
0.822
0.608
0.688
0.519
1.162
1.424
1.272
1.018
1.178
1.076
0.563
0.755
0.575
1.268
1.422
1.273
1.374
1.418
1.355
1.001
1.506
1.040
1.058
1.169
1.107
0.866
0.874
0.826
0.955
1.075
0.938
1.147
1.226
1.202
0.581
0.685
0.613
0.703
0.806
0.691
1.576
2.107
1.689
0.960
0.959
0.932
0.913
1.068
0.973
1.685
1.910
1.666
1.525
1.863
1.632
2.870
2.941
2.793
1.041
1.075
0.882
0.685
0.783
0.762
0.916
1.000
0.962
0.969
1.474
1.197
1.107
1.119
0.992
1.686
1.845
1.716
0.904
1.176
1.019
1.118
1.323
1.312
1.079
1.209
1.149
1.338
1.517
1.343
0.988
1.118
1.033
1.462
1.529
1.446
0.844
1.032
1.000
1.196
1.304
1.177
1.062
1.047
0.957
0.587
0.910
0.788
1.464
1.543
1.462
0.853
1.103
0.789
2.129
2.153
2.119
1.050
1.093
1.081
1.760
1.863
1.665
1.203
1.161
1.016
1.388
1.425
1.310
1.066
1.165
1.076
1.881
1.918
1.845
1.082
1.238
1.495
0.973
1.067
0.993
1.868
1.941
1.829
1.854
2.027
1.886
0.996
1.511
1.421
2.047
2.069
2.015
0.911
1.184
0.915
0.632
0.686
0.597
0.379
0.472
0.414
0.731
0.815
0.747
1.392
1.584
1.382
1.097
1.137
1.113
1.421
1.717
1.187
0.948
0.929
0.923
1.021
1.106
1.036
1.153
1.238
1.109
2.048
2.139
2.008
1.733
1.854
1.913
1.067
1.164
1.134
0.498
0.588
0.532
0.857
1.069
0.950
0.795
1.084
0.808
1.064
1.135
1.059
0.498
0.588
0.532
0.431
0.540
0.482
0.498
0.588
0.532
1.916
1.940
1.898
1.687
1.789
1.679
1.573
1.627
1.537
1.491
1.711
1.597
0.980
1.087
1.016
1.399
1.584
1.395
1.175
1.247
1.116
0.485
0.561
0.463
1.707
1.750
1.660
2.526
2.717
2.647
1.434
1.594
1.492
0.487
0.763
0.584
2.103
2.095
2.059
1.214
1.370
1.274
0.957
1.205
0.972
0.732
0.819
0.779
1.072
1.128
1.099
1.039
1.348
1.162
1.263
1.236
1.237
1.082
1.241
1.054
0.882
1.015
0.925
0.636
0.815
0.733
1.392
1.556
1.484
1.077
1.025
1.010
1.095
1.217
1.155
1.348
1.514
1.359
0.847
0.979
0.871
1.079
1.145
1.049
0.902
1.119
0.941
1.637
1.691
1.560
2.354
2.430
2.392
2.019
2.198
2.025
1.014
1.225
1.009
1.690
1.860
1.777
0.590
0.670
0.609
0.937
0.955
0.885
1.635
1.810
1.680
1.894
1.925
1.872
1.644
1.730
1.706
1.644
1.730
1.706
1.232
1.349
1.301
1.583
1.639
1.378
1.866
1.965
1.882
1.669
1.706
1.633
1.279
1.385
1.290
1.315
1.579
1.466
1.444
1.501
1.458
1.354
1.606
1.369
2.355
2.630
2.456
1.642
1.836
1.673
0.498
0.754
0.611
3.145
3.188
3.063
1.783
1.972
1.869
1.080
1.475
1.240
1.378
1.907
1.739
2.304
2.426
2.305
1.774
1.788
1.723
1.121
1.342
1.233
1.116
1.127
0.831
2.015
2.137
1.989
1.806
2.109
1.949
2.313
2.485
2.386
1.919
2.000
1.859
0.890
0.967
0.920
1.389
1.616
1.424
1.949
2.022
2.000
1.115
1.222
1.169
0.972
1.158
1.054
0.832
0.940
0.815
1.402
1.537
1.443
1.310
1.426
1.189
1.783
1.936
1.824
1.247
1.301
1.166
1.404
1.479
1.457
2.350
2.441
2.374
0.941
1.073
0.962
1.197
1.393
1.215
1.484
1.540
1.205
1.656
1.822
1.701
0.696
0.807
0.649
1.621
1.776
1.532
1.744
1.625
1.668
1.576
1.607
1.436
1.519
1.577
1.504
2.059
2.156
2.099
1.794
1.922
1.829
1.430
1.666
1.613
1.484
1.602
1.466
1.881
1.972
1.914
1.031
1.271
1.028
1.245
1.490
1.325
2.011
2.237
2.254
1.761
1.929
1.748
0.770
0.869
0.757
1.158
1.405
1.266
3.516
3.660
3.366
3.119
3.453
3.253
1.600
1.675
1.515
1.825
1.900
1.921
0.631
0.925
0.817
1.091
1.254
1.144
0.811
0.991
0.845
1.743
1.902
1.808
1.365
1.586
1.484
0.850
1.199
0.855
0.850
1.194
0.936
0.697
1.041
0.874
1.611
1.585
1.543
1.545
1.800
1.655
0.589
0.559
0.186
0.716
0.888
0.717
1.260
1.367
1.237
1.905
1.936
1.907
2.386
2.558
2.457
2.229
2.409
2.310
1.791
1.839
1.778
1.143
1.268
1.151
1.680
1.814
1.699
0.857
1.056
0.960
1.473
1.418
1.117
1.954
2.032
1.964
1.330
1.439
1.259
1.617
1.778
1.683
1.228
1.501
1.283
1.322
1.291
1.309
1.269
1.473
1.396
0.833
0.708
0.619
0.943
0.884
0.829
1.296
1.252
1.239
1.337
1.524
1.355
0.847
0.950
0.867
1.520
1.469
1.242
0.687
0.842
0.795
1.509
1.651
1.532
1.290
1.493
1.301
0.727
0.739
0.679
1.436
1.513
1.427
1.827
1.935
1.795
1.188
1.385
1.193
1.358
1.514
1.438
0.966
1.625
1.102
2.362
2.515
2.438
1.614
1.766
1.654
0.931
0.954
0.714
1.852
1.903
1.893
1.100
1.205
1.192
1.317
1.371
1.411
1.856
1.946
1.922
1.585
1.808
1.655
0.889
0.970
0.859
0.889
0.970
0.859
0.898
1.104
1.049
0.771
1.105
0.999
0.820
1.221
0.944
1.764
1.900
1.832
0.580
0.717
0.906
1.113
1.368
1.279
2.060
2.099
1.962
1.184
1.468
1.277
1.212
1.327
1.305
1.145
1.111
1.072
0.727
0.818
0.773
1.299
1.422
1.385
1.255
1.305
1.236
0.833
1.125
0.906
1.225
1.302
1.242
1.232
1.320
1.229
0.964
1.126
0.920
0.975
1.006
0.988
1.672
1.700
1.654
1.438
1.592
1.495
1.010
1.100
1.026
0.802
0.886
0.821
1.279
1.307
1.223
1.280
1.468
1.209
1.021
1.204
1.186
1.384
1.531
1.353
1.384
1.573
1.568
1.894
2.041
2.008
1.422
1.616
1.463
1.221
1.271
1.276
1.187
1.530
1.373
2.717
2.819
2.719
1.125
1.235
1.149
1.407
1.617
1.444
1.290
1.373
1.231
0.646
0.816
0.668
1.107
1.267
1.197
0.510
0.623
0.553
0.888
0.993
0.867
1.688
1.695
1.658
1.610
1.660
1.546
0.892
0.995
0.835
1.022
1.143
1.021
1.736
1.884
1.745
0.848
0.967
0.846
1.551
1.730
1.534
1.842
1.877
1.927
1.332
1.421
1.344
2.633
2.744
2.628
1.519
1.749
1.549
1.687
1.797
1.736
0.939
1.083
0.973
1.157
1.202
1.145
1.483
1.512
1.443
1.450
1.862
1.710
1.508
1.599
1.525
1.316
1.538
1.395
1.203
1.299
1.192
1.149
1.455
1.205
2.529
2.607
2.566
1.703
1.816
1.663
0.962
1.265
1.044
1.095
1.142
1.110
0.980
0.888
0.922
1.034
1.071
1.011
0.765
0.827
0.727
0.710
0.929
0.898
1.976
1.959
1.897
0.910
1.086
0.859
1.665
1.744
1.653
1.295
1.479
1.700
1.192
1.331
1.230
1.098
1.214
1.111
1.394
1.600
1.471
0.926
1.059
0.961
1.915
1.958
1.933
1.638
1.682
1.637
1.594
1.786
1.738
1.216
1.335
1.265
1.623
1.702
1.633
0.510
0.623
0.553
1.005
1.100
1.052
1.647
1.824
1.629
1.333
1.361
1.353
1.542
1.507
1.488
1.054
1.215
1.051
1.465
1.612
1.513
1.551
1.633
1.573
1.288
1.400
1.342
1.213
1.478
1.400
0.947
1.044
0.935
1.141
1.013
1.054
0.939
1.001
0.935
0.921
1.133
0.910
0.958
1.297
1.103
1.816
2.095
2.126
1.062
1.165
1.082
0.727
0.805
0.676
1.168
2.264
1.708
1.300
1.396
1.212
2.968
2.980
2.925
0.636
0.657
0.613
0.650
0.674
0.555
0.733
0.916
0.762
0.759
0.849
0.745
0.574
0.674
0.595
1.775
1.796
1.846
0.368
0.551
0.468
1.274
1.402
1.311
0.773
0.960
0.820
1.413
1.574
1.426
0.495
0.580
0.529
1.687
1.718
1.613
1.201
1.333
1.285
1.200
1.558
1.322
1.064
1.183
1.081
1.438
1.651
1.509
1.470
1.568
1.468
1.993
2.117
2.048
0.590
0.707
0.594
1.928
2.009
1.752
1.820
1.891
1.996
0.973
1.126
0.942
1.313
1.588
1.422
0.783
0.986
0.877
1.049
1.174
1.093
2.067
2.087
2.005
1.032
1.242
1.129
1.063
1.333
1.156
1.922
2.015
1.951
1.297
1.372
1.394
0.782
0.938
0.834
1.375
1.374
1.318
1.425
1.512
1.438
1.414
1.631
1.450
0.964
1.095
0.896
1.352
1.603
1.368
1.146
1.306
1.197
0.865
0.950
0.912
1.250
1.370
1.244
1.697
1.794
1.555
1.809
2.241
2.194
2.033
2.053
1.945
1.986
1.991
2.027
1.263
1.354
1.245
1.224
1.279
1.235
2.263
2.380
2.170
1.827
2.046
1.823
1.308
1.457
1.385
1.058
1.238
1.045
1.203
1.204
1.092
1.423
1.473
1.418
1.943
2.096
2.064
1.239
1.546
1.385
2.786
2.968
2.853
1.788
1.775
1.618
0.956
1.131
1.022
0.768
0.952
0.752
1.200
1.247
1.197
1.770
1.916
1.789
0.701
0.825
0.762
1.665
1.727
1.654
1.257
1.385
1.259
0.994
1.140
1.052
1.015
1.100
1.012
1.089
1.125
1.284
0.942
1.064
0.934
1.650
1.830
1.634
2.067
2.345
2.182
0.840
0.900
0.843
1.433
1.578
1.498
1.128
1.192
1.211
0.807
1.168
0.995
0.768
0.995
0.648
1.258
1.407
1.241
1.053
1.249
1.146
0.790
1.004
0.872
0.921
1.210
1.093
1.258
1.503
1.338
1.430
1.606
1.503
1.790
1.999
1.938
1.180
1.296
1.219
2.158
2.245
2.200
1.004
1.142
1.067
1.674
1.814
1.717
1.020
1.207
1.063
1.869
1.963
1.811
1.488
1.570
1.425
0.935
0.988
0.977
1.901
1.925
1.850
0.662
0.914
0.674
1.734
1.864
1.575
1.434
1.468
1.392
0.725
0.801
0.700
0.834
0.897
0.562
0.758
1.131
0.868
1.009
1.206
1.101
1.781
1.956
1.853
1.897
1.984
1.908
0.958
1.318
1.083
1.681
1.727
1.717
1.039
1.076
0.990
1.846
1.927
1.936
0.904
1.122
1.037
1.220
1.512
1.386
1.592
1.812
1.672
1.362
1.610
1.541
1.695
1.979
1.690
1.695
1.952
1.894
2.217
2.243
2.190
1.221
1.218
1.205
1.888
1.924
1.917
1.302
1.403
1.326
1.627
1.639
1.587
1.853
1.908
1.832
2.078
2.130
2.095
2.647
2.733
2.664
1.524
1.842
1.536
1.032
1.132
0.918
1.617
1.448
1.813
0.930
1.046
0.860
1.400
1.601
1.323
2.585
2.609
2.496
1.076
1.201
1.016
1.563
1.618
1.569
0.985
1.151
0.992
1.029
1.325
1.109
1.161
1.098
0.915
1.284
1.600
1.541
1.092
1.147
1.072
1.215
1.536
1.404
1.550
1.631
1.469
1.209
1.122
1.068
1.327
1.368
1.568
1.059
1.147
0.893
0.568
0.946
0.550
1.398
1.463
1.407
0.883
0.980
0.824
0.643
0.850
0.662
0.935
1.126
0.969
1.897
1.972
1.831
1.453
1.798
1.621
1.179
1.600
1.342
1.545
1.719
1.448
1.551
1.788
1.683
1.081
1.121
1.026
0.884
0.871
0.826
1.094
1.599
1.173
1.194
1.278
1.256
1.443
1.878
1.551
1.237
1.436
1.310
1.615
1.313
1.382
2.275
2.389
2.268
1.781
1.933
1.790
0.666
0.893
0.692
1.741
1.942
1.838
1.624
1.824
1.746
1.731
1.967
1.884
1.388
1.590
1.466
2.278
2.454
2.396
3.226
3.098
3.235
1.906
2.037
1.958
1.684
1.727
1.667
1.080
1.135
1.095
1.832
1.903
1.827
1.436
1.499
1.414
1.191
1.880
1.133
1.807
1.988
1.912
1.573
2.165
2.362
0.877
1.010
0.906
2.079
2.137
1.972
1.663
1.788
1.766
0.869
0.917
0.879
2.178
2.254
2.138
1.375
1.603
1.516
1.772
1.878
1.760
1.397
1.465
1.342
1.025
1.141
0.991
1.438
1.603
1.444
0.712
0.835
0.833
1.641
1.768
1.646
1.542
1.435
1.444
1.690
1.819
1.590
0.790
0.852
0.793
1.601
1.665
1.570
1.904
2.028
1.905
1.038
1.325
1.134
0.976
1.085
1.030
0.473
0.588
0.530
1.970
1.824
1.757
0.761
1.011
0.862
0.676
0.782
0.624
0.529
0.689
0.501
0.762
0.924
0.772
2.102
2.305
2.133
1.621
1.697
1.543
0.739
0.868
0.765
1.369
1.524
1.424
1.768
1.933
1.765
0.877
1.261
0.912
1.092
1.173
1.443
2.130
2.371
2.242
2.165
2.175
2.021
1.445
1.731
1.390
2.125
2.390
2.282
1.588
1.678
1.648
0.756
0.886
0.944
0.767
0.931
0.796
0.694
0.907
0.726
1.161
1.382
1.277
1.237
1.256
1.247
1.152
1.307
1.221
0.997
1.045
0.983
0.539
0.686
0.618
1.508
1.688
1.583
1.805
1.992
1.808
2.361
2.360
2.085
2.302
2.365
2.286
0.749
0.847
0.766
1.814
1.847
1.769
1.376
1.882
1.490
0.973
1.014
0.937
1.188
1.199
1.178
1.376
1.909
1.264
1.140
1.442
1.240
2.023
2.007
1.957
0.631
0.671
0.646
0.981
1.081
1.022
0.934
1.111
1.008
0.656
1.024
0.777
0.853
0.910
0.787
0.570
0.740
0.589
0.859
0.874
0.895
0.544
0.785
0.611
0.959
1.098
1.007
0.810
0.967
0.836
1.479
1.658
1.455
1.404
1.541
1.615
1.777
1.989
1.933
1.344
1.383
1.366
0.843
0.832
0.821
1.086
1.121
1.055
1.594
1.730
1.656
1.212
1.357
1.322
1.174
1.332
1.207
1.483
1.588
1.537
1.114
1.230
1.157
1.628
1.670
1.649
1.092
1.228
1.207
0.960
1.012
0.941
2.914
2.831
2.756
1.280
1.581
1.371
1.559
1.606
1.606
1.684
1.642
1.951
1.363
1.657
1.273
2.017
2.068
2.043
0.346
0.872
0.740
0.743
0.914
0.773
1.340
1.438
1.377
1.264
1.375
1.313
1.204
1.356
1.286
1.586
1.746
1.557
0.905
1.459
1.037
1.165
1.345
1.206
0.885
0.949
0.839
1.249
1.317
1.194
1.277
1.416
1.206
1.887
2.156
1.846
0.430
0.527
0.428
0.649
0.988
0.777
2.114
2.131
2.068
0.721
0.932
0.761
0.923
1.081
1.008
0.865
1.052
0.943
1.132
1.261
1.168
1.064
1.128
1.064
0.756
0.972
0.914
0.826
0.836
0.800
1.096
1.182
1.143
1.094
1.169
1.123
1.289
1.490
1.301
1.075
1.209
1.103
0.825
0.895
0.836
2.073
2.166
2.048
1.431
1.664
1.585
1.404
1.430
1.254
1.418
1.504
1.474
0.707
0.777
0.675
0.923
1.122
0.937
1.024
1.149
1.047
1.130
1.258
1.047
1.509
1.682
1.549
1.168
1.155
1.140
0.445
0.576
0.388
0.861
1.006
0.914
1.453
1.673
1.630
1.190
1.300
1.208
1.445
1.541
1.472
1.477
1.882
1.672
1.029
1.132
0.988
1.558
1.609
1.524
1.336
1.457
1.373
1.769
1.909
1.734
1.065
1.217
1.003
1.973
1.991
1.825
0.869
0.990
0.904
0.709
0.745
0.673
2.285
2.310
2.273
1.028
1.164
1.095
1.391
1.546
1.528
0.824
1.053
0.866
1.071
1.213
0.960
1.860
2.176
1.917
2.442
2.532
2.423
1.471
1.586
1.407
1.163
1.338
1.178
1.330
1.366
1.293
1.169
1.387
1.207
0.791
0.858
0.808
0.842
0.916
0.874
0.822
0.919
0.758
1.155
1.179
0.965
1.265
1.318
0.992
1.040
1.163
1.085
0.612
0.787
0.668
0.646
0.709
0.647
1.938
2.026
1.929
1.591
1.634
1.573
1.575
1.655
1.606
1.152
1.309
1.221
1.302
1.576
1.322
1.062
1.115
0.943
1.128
1.618
1.157
1.156
1.121
1.000
1.780
1.809
1.795
2.029
2.098
1.957
0.695
0.737
0.718
1.268
1.299
1.277
1.116
1.246
1.117
1.596
1.820
1.653
1.819
1.816
1.620
1.137
1.238
1.127
1.642
1.731
1.721
0.923
1.053
0.896
1.315
1.384
1.372
1.438
1.513
1.473
2.064
2.188
2.125
1.760
1.846
1.795
1.339
1.405
1.387
1.259
1.308
1.244
2.770
2.824
2.789
1.591
1.672
1.538
1.144
1.186
1.166
1.405
1.629
1.447
1.785
1.854
1.792
1.968
2.183
2.079
1.614
1.711
1.570
1.240
1.354
1.248
1.372
1.524
1.348
1.234
1.218
0.999
1.165
1.364
1.124
0.946
1.100
1.035
1.410
1.453
1.301
1.659
1.678
1.634
1.756
1.758
1.584
1.034
1.101
1.024
1.289
1.600
1.745
1.347
1.393
1.160
1.121
1.536
1.311
1.494
1.543
1.414
1.539
1.769
1.589
1.970
1.964
2.042
0.345
0.697
0.515
1.466
1.527
1.477
2.033
2.020
2.005
0.714
0.859
1.054
2.237
2.302
2.344
2.004
2.098
2.058
1.095
1.079
1.053
0.886
0.954
0.896
1.503
1.529
1.512
1.715
1.719
1.639
0.935
0.991
0.915
1.703
1.835
1.686
0.827
0.953
1.248
1.353
1.531
1.210
1.393
1.482
1.362
1.107
1.265
1.168
1.311
1.474
1.389
1.967
2.080
2.025
3.175
3.207
3.142
1.429
1.607
1.448
1.059
1.107
1.060
1.033
1.148
1.015
1.255
1.369
1.219
1.842
1.930
1.887
1.818
1.906
1.800
2.013
2.046
2.039
1.844
1.869
1.762
1.272
1.295
1.336
1.102
1.193
1.144
1.064
1.176
1.132
0.958
1.025
0.972
1.751
1.880
1.740
1.198
1.272
1.052
1.595
1.623
1.598
2.268
2.303
2.155
2.380
2.586
2.459
2.526
2.540
2.501
1.755
2.047
1.821
1.357
1.478
1.394
0.659
0.731
0.704
0.921
1.298
1.029
2.149
2.218
2.120
1.141
1.230
1.126
1.328
1.550
1.267
1.278
1.560
1.434
1.065
1.102
0.980
0.907
1.341
1.210
1.430
1.807
1.501
1.077
1.622
1.159
1.065
1.263
1.114
1.388
1.495
1.394
1.182
1.284
1.220
1.007
1.114
1.027
1.428
1.499
1.278
0.777
0.855
0.722
1.478
1.579
1.438
1.753
1.838
1.749
1.739
1.855
1.841
1.980
2.280
2.096
1.133
1.350
1.221
0.872
0.989
0.872
0.737
1.016
0.759
0.689
0.800
0.704
2.173
2.301
2.185
1.093
1.603
1.262
0.819
0.909
0.763
0.762
0.881
0.729
1.248
1.445
1.317
0.652
0.721
0.665
1.112
1.330
1.167
0.648
0.828
0.645
1.510
1.812
1.609
0.724
0.761
0.704
1.653
1.552
1.581
1.869
2.156
1.912
1.379
1.428
1.278
1.764
1.994
2.030
1.524
1.715
1.602
0.972
0.969
0.912
1.108
1.290
1.129
0.917
1.057
0.937
1.041
1.213
1.107
1.129
1.271
1.219
1.129
1.436
1.119
1.695
1.808
1.725
0.910
1.042
0.947
1.585
1.951
1.689
1.453
1.678
1.555
0.671
0.638
0.589
0.658
0.737
0.630
0.708
0.915
0.737
1.509
2.503
1.680
1.827
1.895
1.842
0.782
0.855
0.800
1.419
1.518
1.392
1.245
1.374
1.169
1.128
1.231
1.211
2.804
2.818
2.841
2.146
2.145
2.075
1.740
1.832
1.628
