0.359
0.378
0.450
0.396
0.371
0.456
0.384
0.375
0.432
0.372
0.405
0.466
0.396
0.394
0.465
0.394
0.406
0.450
0.369
0.412
0.480
0.397
0.396
0.480
0.398
0.414
0.469
0.401
0.416
0.477
0.433
0.409
0.483
0.425
0.415
0.463
0.339
0.346
0.417
0.366
0.340
0.420
0.365
0.352
0.408
0.381
0.397
0.443
0.424
0.390
0.453
0.422
0.405
0.434
0.383
0.406
0.459
0.423
0.395
0.467
0.426
0.415
0.453
0.356
0.373
0.427
0.389
0.363
0.432
0.387
0.377
0.416
0.372
0.338
0.458
0.412
0.352
0.474
0.402
0.350
0.456
0.395
0.366
0.477
0.420
0.377
0.484
0.419
0.381
0.474
0.384
0.376
0.491
0.417
0.381
0.502
0.416
0.390
0.493
0.407
0.380
0.481
0.438
0.387
0.492
0.432
0.388
0.476
0.357
0.324
0.432
0.387
0.334
0.443
0.384
0.340
0.432
0.392
0.362
0.457
0.432
0.374
0.473
0.425
0.377
0.454
0.396
0.377
0.470
0.438
0.385
0.488
0.435
0.394
0.472
0.367
0.341
0.438
0.401
0.348
0.450
0.395
0.354
0.434
0.341
0.351
0.444
0.376
0.351
0.451
0.370
0.359
0.433
0.360
0.388
0.465
0.384
0.383
0.464
0.388
0.401
0.457
0.354
0.393
0.478
0.378
0.380
0.476
0.386
0.403
0.473
0.380
0.392
0.472
0.410
0.394
0.479
0.407
0.401
0.464
0.326
0.334
0.420
0.352
0.332
0.423
0.356
0.350
0.418
0.363
0.373
0.443
0.399
0.371
0.450
0.407
0.393
0.442
0.366
0.383
0.457
0.400
0.377
0.463
0.412
0.404
0.459
0.341
0.351
0.428
0.371
0.345
0.431
0.377
0.366
0.425
0.339
0.351
0.430
0.371
0.348
0.434
0.368
0.354
0.421
0.352
0.377
0.446
0.373
0.371
0.445
0.381
0.387
0.442
0.352
0.383
0.461
0.375
0.372
0.460
0.382
0.387
0.458
0.366
0.381
0.449
0.394
0.377
0.453
0.390
0.382
0.439
0.323
0.333
0.405
0.349
0.329
0.409
0.353
0.344
0.404
0.358
0.373
0.428
0.392
0.369
0.436
0.394
0.381
0.426
0.364
0.382
0.442
0.397
0.376
0.450
0.403
0.393
0.442
0.336
0.344
0.411
0.362
0.340
0.415
0.367
0.353
0.409
0.383
0.472
0.449
0.405
0.446
0.450
0.427
0.497
0.458
0.404
0.506
0.472
0.418
0.477
0.471
0.442
0.529
0.479
0.404
0.512
0.485
0.420
0.479
0.485
0.446
0.538
0.498
0.440
0.517
0.495
0.455
0.487
0.492
0.477
0.536
0.500
0.365
0.433
0.422
0.380
0.407
0.421
0.401
0.454
0.430
0.416
0.507
0.460
0.441
0.477
0.460
0.474
0.543
0.482
0.417
0.509
0.469
0.441
0.480
0.471
0.474
0.545
0.489
0.380
0.466
0.430
0.398
0.438
0.428
0.424
0.493
0.440
0.362
0.413
0.360
0.393
0.405
0.377
0.390
0.425
0.367
0.375
0.440
0.384
0.395
0.427
0.394
0.404
0.456
0.394
0.378
0.454
0.396
0.399
0.434
0.404
0.407
0.468
0.405
0.413
0.459
0.407
0.433
0.445
0.416
0.436
0.469
0.411
0.351
0.391
0.346
0.368
0.377
0.356
0.377
0.407
0.357
0.394
0.447
0.379
0.423
0.435
0.394
0.428
0.466
0.393
0.400
0.455
0.391
0.427
0.440
0.403
0.439
0.476
0.406
0.374
0.417
0.355
0.394
0.403
0.362
0.403
0.434
0.366
0.331
0.376
0.360
0.362
0.372
0.368
0.360
0.388
0.359
0.353
0.413
0.392
0.374
0.404
0.394
0.379
0.426
0.392
0.347
0.420
0.402
0.368
0.404
0.402
0.371
0.428
0.399
0.377
0.424
0.408
0.397
0.412
0.408
0.396
0.431
0.401
0.326
0.366
0.356
0.348
0.358
0.361
0.350
0.380
0.358
0.360
0.413
0.382
0.391
0.405
0.390
0.392
0.429
0.386
0.364
0.417
0.388
0.393
0.408
0.396
0.398
0.434
0.394
0.337
0.384
0.360
0.363
0.377
0.365
0.366
0.400
0.363
0.384
0.447
0.391
0.416
0.437
0.406
0.421
0.469
0.408
0.396
0.474
0.414
0.414
0.451
0.419
0.429
0.495
0.430
0.393
0.482
0.419
0.415
0.458
0.427
0.428
0.503
0.434
0.431
0.482
0.427
0.453
0.464
0.432
0.458
0.497
0.438
0.377
0.424
0.377
0.396
0.406
0.383
0.409
0.445
0.395
0.422
0.488
0.415
0.454
0.473
0.429
0.466
0.517
0.441
0.423
0.491
0.419
0.455
0.474
0.432
0.471
0.523
0.448
0.388
0.449
0.384
0.413
0.434
0.392
0.425
0.474
0.403
0.355
0.383
0.454
0.380
0.372
0.453
0.369
0.375
0.433
0.369
0.408
0.470
0.386
0.397
0.465
0.385
0.409
0.453
0.367
0.420
0.484
0.387
0.403
0.481
0.387
0.420
0.472
0.391
0.416
0.477
0.412
0.408
0.478
0.403
0.411
0.459
0.331
0.349
0.420
0.349
0.340
0.419
0.346
0.350
0.407
0.374
0.404
0.448
0.403
0.396
0.453
0.401
0.409
0.439
0.376
0.412
0.462
0.402
0.400
0.466
0.406
0.419
0.456
0.345
0.376
0.429
0.369
0.366
0.431
0.368
0.380
0.419
0.366
0.339
0.457
0.395
0.345
0.464
0.384
0.344
0.448
0.385
0.362
0.474
0.407
0.370
0.476
0.402
0.374
0.466
0.378
0.374
0.489
0.402
0.377
0.494
0.398
0.382
0.484
0.392
0.371
0.474
0.413
0.375
0.479
0.404
0.372
0.462
0.346
0.320
0.429
0.366
0.324
0.434
0.362
0.328
0.423
0.380
0.359
0.456
0.409
0.367
0.465
0.400
0.368
0.448
0.386
0.371
0.466
0.417
0.377
0.478
0.415
0.385
0.466
0.355
0.337
0.435
0.381
0.341
0.443
0.377
0.347
0.430
0.331
0.353
0.441
0.355
0.347
0.440
0.351
0.355
0.426
0.353
0.391
0.463
0.370
0.382
0.458
0.374
0.400
0.454
0.346
0.397
0.475
0.362
0.383
0.470
0.370
0.405
0.470
0.365
0.391
0.465
0.387
0.389
0.469
0.382
0.394
0.453
0.314
0.335
0.417
0.331
0.328
0.415
0.335
0.345
0.410
0.348
0.378
0.441
0.373
0.372
0.444
0.381
0.392
0.438
0.352
0.384
0.451
0.376
0.377
0.454
0.388
0.403
0.452
0.327
0.354
0.423
0.349
0.346
0.424
0.356
0.366
0.419
0.334
0.351
0.430
0.357
0.344
0.430
0.356
0.351
0.420
0.349
0.375
0.447
0.367
0.369
0.443
0.375
0.383
0.443
0.351
0.384
0.465
0.368
0.373
0.461
0.374
0.385
0.459
0.355
0.375
0.444
0.376
0.369
0.444
0.371
0.371
0.431
0.316
0.330
0.405
0.334
0.325
0.406
0.336
0.337
0.400
0.351
0.374
0.433
0.376
0.370
0.435
0.377
0.378
0.426
0.359
0.381
0.444
0.383
0.375
0.447
0.388
0.388
0.441
0.327
0.343
0.411
0.348
0.338
0.412
0.354
0.352
0.409
0.381
0.477
0.448
0.397
0.448
0.446
0.422
0.501
0.459
0.401
0.507
0.469
0.410
0.477
0.466
0.436
0.531
0.478
0.407
0.523
0.488
0.416
0.488
0.486
0.444
0.549
0.501
0.434
0.520
0.492
0.440
0.485
0.482
0.466
0.538
0.497
0.360
0.435
0.418
0.367
0.405
0.413
0.389
0.453
0.425
0.409
0.512
0.460
0.427
0.481
0.457
0.463
0.548
0.483
0.414
0.515
0.467
0.430
0.485
0.466
0.470
0.556
0.493
0.376
0.472
0.430
0.389
0.443
0.427
0.418
0.500
0.443
0.358
0.419
0.363
0.379
0.406
0.373
0.377
0.426
0.365
0.372
0.448
0.384
0.386
0.432
0.392
0.393
0.461
0.392
0.375
0.465
0.400
0.390
0.442
0.405
0.394
0.474
0.405
0.398
0.459
0.400
0.413
0.444
0.406
0.410
0.463
0.397
0.343
0.396
0.345
0.354
0.379
0.352
0.359
0.407
0.350
0.387
0.457
0.381
0.407
0.442
0.392
0.408
0.468
0.387
0.395
0.463
0.389
0.413
0.446
0.398
0.423
0.479
0.400
0.365
0.423
0.355
0.379
0.407
0.360
0.386
0.437
0.363
0.323
0.379
0.361
0.346
0.372
0.366
0.344
0.388
0.357
0.348
0.417
0.394
0.367
0.408
0.396
0.370
0.430
0.394
0.343
0.427
0.407
0.359
0.410
0.406
0.360
0.432
0.400
0.360
0.420
0.402
0.375
0.407
0.400
0.370
0.422
0.389
0.316
0.368
0.358
0.332
0.358
0.360
0.332
0.378
0.354
0.349
0.418
0.385
0.375
0.410
0.392
0.372
0.429
0.385
0.353
0.420
0.390
0.375
0.410
0.394
0.377
0.435
0.391
0.325
0.386
0.362
0.346
0.380
0.366
0.350
0.402
0.364
0.383
0.458
0.397
0.404
0.442
0.406
0.410
0.475
0.410
0.393
0.482
0.417
0.405
0.458
0.420
0.420
0.502
0.431
0.391
0.491
0.424
0.407
0.467
0.431
0.419
0.511
0.439
0.417
0.484
0.423
0.432
0.466
0.428
0.437
0.498
0.432
0.368
0.427
0.379
0.380
0.409
0.383
0.392
0.447
0.393
0.411
0.496
0.417
0.435
0.481
0.429
0.446
0.524
0.441
0.415
0.498
0.417
0.438
0.480
0.428
0.455
0.530
0.446
0.377
0.454
0.383
0.397
0.439
0.391
0.409
0.479
0.401
0.371
0.388
0.464
0.406
0.378
0.468
0.392
0.380
0.441
0.375
0.404
0.469
0.400
0.393
0.470
0.395
0.402
0.450
0.375
0.417
0.491
0.401
0.400
0.490
0.397
0.414
0.474
0.412
0.418
0.483
0.444
0.412
0.490
0.433
0.416
0.464
0.341
0.345
0.420
0.366
0.337
0.422
0.362
0.346
0.404
0.390
0.402
0.449
0.431
0.395
0.458
0.425
0.406
0.435
0.389
0.406
0.463
0.429
0.397
0.473
0.429
0.416
0.454
0.362
0.375
0.432
0.397
0.367
0.439
0.394
0.380
0.420
0.385
0.347
0.470
0.423
0.357
0.483
0.409
0.354
0.461
0.396
0.364
0.477
0.423
0.373
0.485
0.415
0.374
0.467
0.390
0.378
0.500
0.420
0.382
0.509
0.413
0.385
0.492
0.418
0.381
0.485
0.448
0.387
0.495
0.437
0.385
0.471
0.362
0.323
0.434
0.389
0.329
0.443
0.381
0.331
0.425
0.400
0.366
0.460
0.441
0.375
0.474
0.429
0.376
0.449
0.403
0.376
0.473
0.445
0.383
0.490
0.437
0.387
0.468
0.376
0.343
0.443
0.412
0.351
0.456
0.405
0.356
0.437
0.348
0.360
0.451
0.381
0.355
0.455
0.373
0.362
0.434
0.359
0.389
0.461
0.383
0.380
0.462
0.383
0.395
0.448
0.356
0.400
0.484
0.378
0.385
0.481
0.380
0.403
0.470
0.386
0.398
0.472
0.417
0.394
0.479
0.411
0.402
0.457
0.325
0.334
0.416
0.350
0.327
0.418
0.350
0.343
0.406
0.368
0.382
0.441
0.404
0.375
0.447
0.411
0.396
0.435
0.367
0.387
0.454
0.403
0.379
0.462
0.411
0.405
0.451
0.343
0.355
0.425
0.376
0.348
0.431
0.380
0.369
0.420
0.349
0.356
0.439
0.382
0.352
0.444
0.376
0.356
0.427
0.356
0.375
0.448
0.380
0.367
0.448
0.382
0.378
0.438
0.359
0.385
0.471
0.382
0.374
0.470
0.384
0.384
0.461
0.375
0.378
0.450
0.404
0.374
0.456
0.399
0.377
0.436
0.328
0.329
0.407
0.353
0.324
0.411
0.353
0.334
0.399
0.366
0.374
0.432
0.401
0.369
0.438
0.400
0.378
0.424
0.372
0.381
0.446
0.406
0.374
0.453
0.409
0.388
0.440
0.343
0.345
0.415
0.373
0.342
0.422
0.378
0.356
0.414
0.393
0.478
0.453
0.413
0.446
0.452
0.436
0.499
0.460
0.405
0.502
0.466
0.418
0.469
0.465
0.441
0.522
0.471
0.410
0.517
0.489
0.421
0.479
0.486
0.446
0.537
0.495
0.449
0.515
0.493
0.464
0.482
0.487
0.489
0.534
0.496
0.370
0.430
0.419
0.383
0.400
0.416
0.406
0.448
0.425
0.428
0.511
0.463
0.449
0.476
0.459
0.489
0.548
0.487
0.426
0.511
0.468
0.448
0.477
0.467
0.487
0.549
0.490
0.389
0.469
0.431
0.410
0.441
0.431
0.440
0.499
0.444
0.376
0.425
0.376
0.404
0.413
0.388
0.401
0.432
0.377
0.380
0.446
0.391
0.399
0.430
0.400
0.405
0.457
0.396
0.385
0.462
0.408
0.404
0.441
0.416
0.407
0.470
0.409
0.421
0.461
0.412
0.442
0.445
0.420
0.442
0.468
0.411
0.354
0.392
0.351
0.369
0.374
0.358
0.373
0.400
0.354
0.403
0.455
0.390
0.430
0.438
0.402
0.432
0.467
0.396
0.407
0.460
0.396
0.434
0.442
0.407
0.443
0.477
0.407
0.382
0.423
0.363
0.403
0.409
0.372
0.411
0.440
0.374
0.346
0.387
0.373
0.375
0.381
0.380
0.372
0.397
0.369
0.360
0.416
0.396
0.382
0.407
0.400
0.385
0.428
0.395
0.355
0.428
0.414
0.375
0.412
0.415
0.374
0.432
0.406
0.386
0.424
0.408
0.407
0.412
0.410
0.404
0.428
0.398
0.330
0.366
0.358
0.349
0.356
0.362
0.349
0.375
0.355
0.370
0.418
0.387
0.402
0.410
0.395
0.400
0.431
0.387
0.373
0.422
0.393
0.402
0.412
0.400
0.405
0.438
0.395
0.347
0.390
0.366
0.374
0.385
0.373
0.379
0.407
0.370
0.419
0.477
0.424
0.443
0.460
0.431
0.447
0.492
0.434
0.416
0.487
0.430
0.431
0.464
0.434
0.445
0.507
0.445
0.416
0.502
0.443
0.433
0.476
0.446
0.444
0.518
0.454
0.455
0.496
0.444
0.472
0.476
0.446
0.478
0.510
0.453
0.395
0.436
0.393
0.409
0.415
0.396
0.420
0.453
0.407
0.448
0.508
0.439
0.476
0.492
0.450
0.488
0.534
0.463
0.448
0.509
0.439
0.474
0.488
0.447
0.492
0.538
0.466
0.413
0.469
0.406
0.438
0.455
0.414
0.451
0.495
0.427
0.338
0.359
0.417
0.372
0.350
0.423
0.363
0.358
0.403
0.347
0.384
0.430
0.367
0.369
0.427
0.366
0.384
0.414
0.346
0.393
0.451
0.369
0.374
0.447
0.370
0.395
0.438
0.384
0.396
0.445
0.414
0.388
0.450
0.408
0.397
0.432
0.319
0.327
0.384
0.342
0.317
0.385
0.341
0.330
0.373
0.360
0.378
0.413
0.399
0.368
0.421
0.401
0.387
0.405
0.360
0.383
0.424
0.399
0.371
0.433
0.403
0.394
0.419
0.337
0.356
0.397
0.370
0.345
0.402
0.370
0.363
0.388
0.351
0.320
0.423
0.387
0.327
0.434
0.378
0.328
0.418
0.367
0.341
0.436
0.390
0.347
0.439
0.387
0.351
0.427
0.359
0.354
0.459
0.386
0.354
0.463
0.384
0.364
0.454
0.390
0.362
0.446
0.418
0.363
0.452
0.413
0.367
0.435
0.337
0.304
0.395
0.363
0.306
0.401
0.360
0.313
0.389
0.367
0.341
0.418
0.408
0.348
0.434
0.402
0.355
0.412
0.372
0.351
0.430
0.413
0.355
0.446
0.412
0.366
0.430
0.347
0.321
0.402
0.383
0.325
0.414
0.378
0.334
0.398
0.318
0.337
0.409
0.350
0.331
0.413
0.347
0.342
0.397
0.334
0.373
0.425
0.354
0.359
0.421
0.357
0.378
0.414
0.330
0.380
0.447
0.349
0.362
0.441
0.355
0.384
0.436
0.362
0.380
0.436
0.394
0.376
0.443
0.388
0.385
0.423
0.304
0.317
0.382
0.328
0.308
0.382
0.331
0.326
0.374
0.339
0.361
0.405
0.375
0.351
0.410
0.382
0.375
0.399
0.340
0.366
0.414
0.373
0.353
0.421
0.384
0.383
0.413
0.320
0.339
0.392
0.351
0.329
0.396
0.356
0.353
0.388
0.324
0.335
0.401
0.356
0.330
0.405
0.354
0.338
0.392
0.333
0.355
0.412
0.354
0.347
0.410
0.360
0.361
0.405
0.335
0.364
0.437
0.357
0.352
0.433
0.363
0.368
0.430
0.354
0.363
0.416
0.384
0.358
0.421
0.380
0.363
0.404
0.309
0.314
0.374
0.333
0.307
0.376
0.336
0.321
0.368
0.344
0.357
0.399
0.381
0.352
0.408
0.383
0.365
0.394
0.349
0.361
0.410
0.382
0.354
0.418
0.390
0.372
0.409
0.324
0.330
0.383
0.353
0.325
0.389
0.360
0.341
0.381
0.360
0.452
0.417
0.380
0.422
0.416
0.403
0.476
0.428
0.379
0.482
0.439
0.388
0.447
0.434
0.415
0.505
0.447
0.380
0.494
0.457
0.391
0.457
0.454
0.419
0.519
0.468
0.423
0.498
0.466
0.435
0.463
0.459
0.462
0.517
0.471
0.345
0.412
0.390
0.356
0.380
0.385
0.379
0.429
0.395
0.395
0.488
0.431
0.418
0.453
0.429
0.453
0.522
0.453
0.398
0.490
0.438
0.419
0.455
0.436
0.458
0.526
0.461
0.363
0.450
0.403
0.382
0.420
0.401
0.411
0.479
0.417
0.346
0.400
0.342
0.371
0.388
0.353
0.374
0.413
0.348
0.355
0.426
0.362
0.369
0.408
0.368
0.380
0.440
0.369
0.357
0.441
0.376
0.374
0.418
0.382
0.383
0.453
0.382
0.396
0.445
0.386
0.414
0.425
0.391
0.420
0.454
0.387
0.335
0.378
0.327
0.347
0.358
0.332
0.357
0.390
0.333
0.374
0.433
0.359
0.402
0.415
0.372
0.410
0.451
0.371
0.382
0.439
0.367
0.406
0.419
0.377
0.421
0.461
0.382
0.359
0.405
0.336
0.378
0.389
0.343
0.390
0.424
0.349
0.320
0.367
0.338
0.349
0.362
0.347
0.349
0.382
0.340
0.337
0.400
0.365
0.356
0.389
0.367
0.362
0.414
0.367
0.328
0.406
0.378
0.348
0.389
0.377
0.352
0.417
0.374
0.365
0.409
0.377
0.389
0.397
0.381
0.391
0.420
0.374
0.314
0.354
0.330
0.333
0.342
0.333
0.338
0.368
0.331
0.346
0.399
0.353
0.378
0.390
0.363
0.383
0.418
0.361
0.349
0.400
0.357
0.379
0.390
0.366
0.387
0.421
0.365
0.328
0.375
0.336
0.354
0.368
0.343
0.362
0.394
0.343
0.374
0.440
0.378
0.402
0.427
0.390
0.410
0.463
0.395
0.379
0.461
0.395
0.392
0.436
0.398
0.410
0.482
0.410
0.379
0.473
0.403
0.398
0.448
0.408
0.412
0.495
0.418
0.423
0.474
0.413
0.442
0.453
0.416
0.452
0.489
0.423
0.363
0.411
0.359
0.378
0.392
0.362
0.393
0.431
0.374
0.407
0.476
0.398
0.439
0.459
0.411
0.453
0.505
0.423
0.409
0.477
0.399
0.439
0.458
0.410
0.459
0.510
0.427
0.378
0.442
0.369
0.404
0.426
0.378
0.418
0.468
0.390
0.370
0.394
0.464
0.406
0.383
0.469
0.391
0.387
0.441
0.374
0.409
0.468
0.396
0.395
0.466
0.391
0.407
0.448
0.372
0.416
0.482
0.399
0.398
0.482
0.397
0.418
0.467
0.400
0.418
0.478
0.427
0.407
0.480
0.416
0.412
0.457
0.339
0.350
0.420
0.362
0.339
0.420
0.356
0.349
0.403
0.388
0.408
0.450
0.428
0.398
0.460
0.420
0.411
0.436
0.386
0.413
0.464
0.423
0.399
0.471
0.421
0.420
0.453
0.362
0.383
0.435
0.395
0.371
0.440
0.389
0.384
0.419
0.383
0.351
0.469
0.420
0.360
0.481
0.405
0.357
0.459
0.393
0.366
0.474
0.419
0.373
0.481
0.412
0.376
0.466
0.384
0.375
0.488
0.416
0.378
0.497
0.410
0.385
0.483
0.405
0.380
0.479
0.434
0.383
0.486
0.422
0.382
0.465
0.357
0.324
0.431
0.383
0.327
0.438
0.375
0.331
0.422
0.394
0.368
0.457
0.436
0.378
0.474
0.422
0.379
0.447
0.396
0.379
0.471
0.437
0.385
0.487
0.429
0.392
0.467
0.373
0.346
0.443
0.408
0.351
0.455
0.398
0.355
0.435
0.351
0.369
0.455
0.383
0.361
0.457
0.376
0.371
0.437
0.362
0.396
0.466
0.383
0.384
0.462
0.385
0.403
0.452
0.358
0.402
0.480
0.379
0.383
0.475
0.383
0.406
0.467
0.379
0.399
0.471
0.406
0.391
0.473
0.400
0.401
0.454
0.324
0.338
0.419
0.347
0.329
0.417
0.347
0.347
0.407
0.367
0.386
0.443
0.402
0.377
0.448
0.406
0.399
0.435
0.366
0.393
0.457
0.398
0.380
0.460
0.407
0.408
0.452
0.347
0.364
0.431
0.376
0.352
0.434
0.380
0.375
0.422
0.350
0.363
0.440
0.383
0.359
0.446
0.376
0.363
0.427
0.354
0.377
0.446
0.376
0.369
0.444
0.380
0.383
0.437
0.356
0.382
0.461
0.380
0.371
0.460
0.383
0.384
0.454
0.366
0.380
0.447
0.393
0.374
0.450
0.386
0.378
0.433
0.323
0.331
0.405
0.347
0.325
0.407
0.347
0.338
0.399
0.362
0.376
0.429
0.399
0.374
0.439
0.395
0.382
0.423
0.367
0.384
0.445
0.401
0.378
0.452
0.401
0.393
0.441
0.343
0.351
0.418
0.372
0.346
0.422
0.374
0.359
0.412
0.392
0.484
0.457
0.413
0.453
0.456
0.432
0.506
0.462
0.405
0.509
0.471
0.414
0.473
0.465
0.437
0.528
0.473
0.405
0.513
0.482
0.419
0.477
0.479
0.443
0.537
0.490
0.438
0.516
0.492
0.451
0.482
0.486
0.473
0.534
0.494
0.364
0.434
0.419
0.375
0.402
0.414
0.395
0.452
0.422
0.421
0.513
0.463
0.446
0.480
0.462
0.477
0.547
0.481
0.419
0.515
0.470
0.440
0.480
0.468
0.473
0.549
0.487
0.387
0.477
0.436
0.406
0.445
0.432
0.431
0.503
0.443
0.373
0.432
0.375
0.400
0.419
0.388
0.396
0.440
0.378
0.377
0.452
0.389
0.393
0.432
0.396
0.400
0.463
0.395
0.381
0.461
0.399
0.400
0.440
0.408
0.404
0.473
0.404
0.409
0.462
0.407
0.425
0.443
0.413
0.425
0.468
0.405
0.349
0.397
0.349
0.362
0.377
0.356
0.366
0.407
0.352
0.396
0.457
0.386
0.424
0.441
0.401
0.425
0.471
0.394
0.402
0.464
0.395
0.426
0.445
0.406
0.433
0.482
0.406
0.380
0.431
0.363
0.397
0.414
0.370
0.404
0.446
0.371
0.350
0.397
0.376
0.380
0.390
0.382
0.375
0.407
0.371
0.362
0.423
0.396
0.382
0.412
0.397
0.384
0.436
0.394
0.356
0.427
0.406
0.377
0.411
0.406
0.377
0.435
0.399
0.381
0.428
0.407
0.399
0.413
0.406
0.395
0.431
0.395
0.329
0.370
0.357
0.348
0.359
0.360
0.346
0.382
0.355
0.371
0.424
0.387
0.403
0.417
0.396
0.400
0.438
0.387
0.372
0.426
0.392
0.400
0.416
0.399
0.401
0.443
0.395
0.351
0.400
0.369
0.376
0.392
0.373
0.379
0.416
0.370
0.395
0.465
0.404
0.424
0.449
0.414
0.424
0.481
0.414
0.396
0.481
0.414
0.410
0.454
0.416
0.422
0.498
0.424
0.394
0.486
0.420
0.416
0.462
0.425
0.424
0.504
0.430
0.426
0.482
0.424
0.446
0.463
0.428
0.448
0.495
0.429
0.373
0.426
0.375
0.389
0.405
0.378
0.397
0.443
0.386
0.422
0.495
0.419
0.455
0.480
0.433
0.460
0.520
0.438
0.420
0.495
0.418
0.450
0.475
0.429
0.460
0.522
0.439
0.393
0.461
0.389
0.418
0.444
0.397
0.426
0.483
0.403
0.373
0.358
0.444
0.417
0.356
0.455
0.396
0.358
0.425
0.373
0.376
0.451
0.402
0.369
0.453
0.392
0.379
0.435
0.377
0.381
0.465
0.415
0.371
0.472
0.407
0.386
0.454
0.412
0.389
0.469
0.457
0.391
0.481
0.442
0.396
0.457
0.350
0.323
0.409
0.385
0.319
0.415
0.376
0.330
0.398
0.396
0.373
0.438
0.449
0.374
0.454
0.436
0.387
0.432
0.396
0.375
0.453
0.444
0.374
0.466
0.441
0.392
0.449
0.378
0.353
0.428
0.422
0.350
0.437
0.413
0.362
0.418
0.363
0.356
0.439
0.401
0.350
0.447
0.379
0.354
0.419
0.372
0.381
0.457
0.402
0.373
0.459
0.389
0.383
0.441
0.373
0.382
0.464
0.407
0.372
0.468
0.395
0.383
0.451
0.403
0.390
0.465
0.441
0.390
0.475
0.422
0.392
0.450
0.340
0.324
0.406
0.369
0.316
0.409
0.358
0.329
0.394
0.384
0.376
0.439
0.428
0.374
0.453
0.413
0.385
0.432
0.383
0.376
0.450
0.424
0.373
0.462
0.418
0.391
0.446
0.367
0.353
0.426
0.402
0.347
0.432
0.391
0.360
0.416
0.376
0.361
0.450
0.424
0.360
0.464
0.401
0.362
0.430
0.377
0.380
0.460
0.412
0.376
0.467
0.400
0.385
0.444
0.383
0.389
0.474
0.424
0.381
0.482
0.411
0.392
0.459
0.411
0.390
0.472
0.456
0.392
0.483
0.438
0.395
0.455
0.351
0.329
0.416
0.388
0.325
0.424
0.376
0.335
0.402
0.399
0.377
0.446
0.455
0.380
0.464
0.439
0.390
0.438
0.398
0.378
0.460
0.450
0.378
0.474
0.444
0.396
0.454
0.381
0.357
0.435
0.425
0.354
0.444
0.415
0.365
0.424
0.359
0.353
0.430
0.398
0.349
0.440
0.380
0.356
0.415
0.363
0.374
0.442
0.390
0.366
0.444
0.382
0.379
0.430
0.364
0.379
0.453
0.397
0.368
0.458
0.388
0.384
0.443
0.400
0.389
0.459
0.439
0.389
0.469
0.423
0.395
0.447
0.337
0.322
0.398
0.368
0.315
0.402
0.358
0.329
0.388
0.377
0.369
0.426
0.422
0.366
0.441
0.410
0.381
0.421
0.376
0.367
0.436
0.421
0.364
0.449
0.416
0.384
0.433
0.361
0.347
0.415
0.397
0.339
0.420
0.388
0.355
0.405
0.386
0.375
0.458
0.429
0.371
0.470
0.403
0.374
0.436
0.386
0.393
0.467
0.415
0.384
0.469
0.401
0.394
0.448
0.389
0.395
0.477
0.425
0.383
0.482
0.411
0.395
0.459
0.416
0.402
0.476
0.454
0.399
0.485
0.432
0.400
0.455
0.356
0.336
0.417
0.391
0.331
0.425
0.375
0.339
0.401
0.406
0.393
0.452
0.454
0.391
0.468
0.435
0.401
0.440
0.404
0.393
0.465
0.450
0.388
0.478
0.439
0.404
0.455
0.389
0.372
0.443
0.430
0.365
0.451
0.417
0.377
0.428
0.432
0.399
0.435
0.492
0.399
0.451
0.497
0.426
0.444
0.434
0.423
0.453
0.473
0.416
0.459
0.486
0.446
0.458
0.434
0.422
0.458
0.489
0.417
0.471
0.502
0.449
0.468
0.503
0.451
0.485
0.559
0.448
0.495
0.571
0.478
0.492
0.421
0.368
0.407
0.469
0.363
0.415
0.480
0.390
0.413
0.488
0.436
0.455
0.556
0.436
0.472
0.574
0.477
0.481
0.481
0.433
0.462
0.550
0.434
0.478
0.571
0.475
0.486
0.452
0.398
0.428
0.514
0.396
0.439
0.527
0.428
0.439
0.426
0.362
0.375
0.476
0.369
0.396
0.463
0.374
0.378
0.418
0.375
0.387
0.454
0.378
0.402
0.449
0.389
0.392
0.429
0.384
0.395
0.475
0.384
0.412
0.470
0.398
0.401
0.479
0.403
0.414
0.526
0.408
0.431
0.515
0.414
0.415
0.407
0.335
0.348
0.443
0.332
0.359
0.440
0.345
0.351
0.465
0.388
0.391
0.522
0.394
0.414
0.511
0.405
0.400
0.465
0.389
0.397
0.519
0.395
0.417
0.518
0.412
0.411
0.449
0.365
0.371
0.494
0.365
0.384
0.491
0.380
0.378
0.414
0.335
0.373
0.462
0.346
0.389
0.454
0.350
0.373
0.416
0.356
0.394
0.455
0.365
0.405
0.452
0.372
0.395
0.411
0.357
0.393
0.458
0.362
0.408
0.453
0.369
0.392
0.463
0.378
0.414
0.513
0.388
0.428
0.504
0.391
0.411
0.401
0.316
0.357
0.442
0.321
0.367
0.439
0.330
0.356
0.451
0.362
0.391
0.508
0.375
0.411
0.500
0.382
0.397
0.446
0.360
0.394
0.501
0.372
0.411
0.500
0.382
0.402
0.431
0.339
0.372
0.481
0.347
0.385
0.477
0.356
0.378
0.453
0.389
0.406
0.512
0.401
0.431
0.503
0.413
0.421
0.443
0.399
0.417
0.482
0.402
0.432
0.484
0.423
0.431
0.445
0.402
0.418
0.497
0.407
0.439
0.497
0.427
0.434
0.501
0.419
0.434
0.558
0.427
0.452
0.553
0.443
0.447
0.439
0.360
0.379
0.483
0.362
0.392
0.488
0.383
0.395
0.497
0.422
0.427
0.565
0.434
0.454
0.563
0.455
0.454
0.493
0.417
0.428
0.560
0.427
0.452
0.566
0.455
0.458
0.472
0.390
0.402
0.533
0.397
0.421
0.531
0.417
0.420
0.366
0.325
0.434
0.407
0.332
0.449
0.388
0.332
0.425
0.366
0.344
0.438
0.393
0.345
0.444
0.384
0.354
0.429
0.371
0.355
0.464
0.406
0.355
0.474
0.399
0.367
0.463
0.408
0.364
0.462
0.443
0.367
0.472
0.430
0.372
0.453
0.354
0.306
0.409
0.385
0.307
0.418
0.378
0.317
0.405
0.389
0.348
0.430
0.436
0.355
0.449
0.423
0.364
0.428
0.391
0.352
0.445
0.437
0.358
0.462
0.431
0.371
0.446
0.367
0.324
0.414
0.405
0.327
0.426
0.397
0.336
0.409
0.357
0.323
0.428
0.393
0.325
0.439
0.373
0.328
0.416
0.363
0.348
0.441
0.392
0.348
0.446
0.379
0.356
0.430
0.365
0.356
0.461
0.398
0.353
0.469
0.385
0.362
0.454
0.394
0.360
0.452
0.425
0.359
0.461
0.408
0.362
0.439
0.342
0.303
0.401
0.372
0.301
0.409
0.361
0.311
0.395
0.376
0.348
0.429
0.418
0.351
0.445
0.401
0.359
0.423
0.379
0.353
0.440
0.420
0.354
0.455
0.408
0.367
0.437
0.356
0.323
0.410
0.390
0.322
0.419
0.379
0.333
0.405
0.371
0.327
0.440
0.415
0.335
0.456
0.395
0.334
0.429
0.369
0.346
0.445
0.404
0.350
0.455
0.391
0.356
0.434
0.376
0.360
0.470
0.415
0.363
0.483
0.403
0.370
0.464
0.405
0.359
0.458
0.441
0.361
0.469
0.427
0.363
0.444
0.356
0.307
0.413
0.392
0.312
0.426
0.381
0.318
0.406
0.393
0.349
0.435
0.446
0.359
0.457
0.430
0.365
0.430
0.395
0.353
0.449
0.445
0.360
0.468
0.436
0.370
0.446
0.372
0.325
0.419
0.413
0.330
0.433
0.404
0.338
0.413
0.356
0.318
0.418
0.394
0.323
0.431
0.377
0.326
0.411
0.359
0.341
0.427
0.387
0.341
0.433
0.377
0.351
0.419
0.358
0.349
0.448
0.391
0.348
0.457
0.382
0.360
0.445
0.401
0.362
0.448
0.435
0.365
0.460
0.422
0.369
0.440
0.343
0.301
0.394
0.374
0.302
0.402
0.366
0.311
0.389
0.375
0.341
0.414
0.419
0.346
0.433
0.406
0.357
0.412
0.378
0.345
0.427
0.423
0.349
0.446
0.415
0.362
0.428
0.352
0.316
0.396
0.388
0.315
0.406
0.380
0.329
0.392
0.380
0.341
0.447
0.420
0.345
0.461
0.396
0.346
0.434
0.377
0.358
0.449
0.407
0.358
0.457
0.392
0.365
0.438
0.380
0.364
0.469
0.414
0.364
0.480
0.400
0.371
0.462
0.408
0.369
0.459
0.440
0.369
0.470
0.421
0.371
0.445
0.358
0.313
0.411
0.391
0.315
0.422
0.375
0.320
0.401
0.396
0.362
0.437
0.443
0.368
0.458
0.423
0.375
0.431
0.399
0.367
0.453
0.444
0.370
0.471
0.431
0.381
0.448
0.378
0.339
0.425
0.414
0.338
0.436
0.402
0.348
0.416
0.430
0.374
0.435
0.482
0.381
0.450
0.488
0.405
0.446
0.429
0.396
0.447
0.462
0.394
0.453
0.473
0.421
0.452
0.434
0.406
0.467
0.479
0.406
0.480
0.492
0.436
0.480
0.493
0.427
0.479
0.539
0.424
0.486
0.551
0.452
0.484
0.426
0.355
0.414
0.467
0.354
0.423
0.479
0.379
0.423
0.476
0.413
0.449
0.536
0.416
0.464
0.555
0.455
0.474
0.477
0.415
0.461
0.536
0.417
0.475
0.555
0.453
0.481
0.442
0.378
0.422
0.496
0.379
0.432
0.511
0.410
0.436
0.409
0.337
0.364
0.455
0.347
0.387
0.442
0.352
0.370
0.402
0.355
0.373
0.437
0.360
0.392
0.430
0.371
0.381
0.407
0.367
0.387
0.448
0.369
0.407
0.441
0.383
0.395
0.459
0.382
0.402
0.499
0.383
0.416
0.490
0.392
0.402
0.400
0.321
0.346
0.435
0.322
0.361
0.431
0.334
0.352
0.444
0.369
0.380
0.498
0.376
0.403
0.486
0.387
0.388
0.451
0.375
0.388
0.500
0.379
0.409
0.496
0.395
0.400
0.426
0.345
0.354
0.468
0.346
0.370
0.464
0.361
0.363
0.389
0.311
0.358
0.435
0.323
0.376
0.425
0.326
0.361
0.395
0.335
0.377
0.432
0.344
0.391
0.428
0.351
0.381
0.386
0.342
0.389
0.429
0.347
0.404
0.423
0.355
0.389
0.432
0.350
0.392
0.473
0.356
0.404
0.467
0.361
0.389
0.389
0.303
0.351
0.426
0.308
0.364
0.422
0.316
0.353
0.425
0.343
0.375
0.478
0.355
0.396
0.469
0.360
0.380
0.427
0.345
0.382
0.476
0.354
0.402
0.472
0.363
0.389
0.403
0.318
0.353
0.451
0.327
0.370
0.446
0.336
0.361
0.433
0.361
0.395
0.486
0.376
0.419
0.477
0.386
0.410
0.425
0.373
0.406
0.461
0.377
0.420
0.463
0.398
0.418
0.424
0.383
0.413
0.472
0.391
0.433
0.471
0.409
0.428
0.480
0.396
0.422
0.527
0.403
0.438
0.523
0.416
0.432
0.429
0.346
0.379
0.469
0.350
0.393
0.474
0.369
0.394
0.472
0.399
0.413
0.536
0.411
0.440
0.531
0.430
0.437
0.476
0.400
0.419
0.538
0.410
0.444
0.541
0.434
0.446
0.445
0.364
0.386
0.500
0.371
0.404
0.498
0.390
0.402
0.326
0.317
0.410
0.363
0.313
0.419
0.347
0.318
0.394
0.338
0.351
0.425
0.364
0.342
0.426
0.360
0.358
0.414
0.337
0.362
0.447
0.363
0.345
0.445
0.361
0.366
0.436
0.379
0.358
0.447
0.416
0.357
0.456
0.402
0.363
0.433
0.328
0.299
0.399
0.356
0.295
0.402
0.351
0.308
0.390
0.358
0.338
0.407
0.402
0.334
0.419
0.396
0.352
0.403
0.356
0.341
0.424
0.396
0.337
0.433
0.397
0.358
0.420
0.342
0.317
0.402
0.380
0.313
0.409
0.375
0.328
0.395
0.318
0.317
0.405
0.351
0.309
0.410
0.334
0.317
0.387
0.337
0.357
0.429
0.362
0.344
0.428
0.356
0.362
0.415
0.332
0.365
0.445
0.355
0.345
0.440
0.349
0.364
0.429
0.367
0.359
0.440
0.398
0.354
0.447
0.381
0.357
0.422
0.315
0.300
0.393
0.342
0.291
0.395
0.335
0.307
0.382
0.345
0.340
0.407
0.383
0.334
0.416
0.375
0.351
0.400
0.344
0.345
0.420
0.380
0.337
0.427
0.376
0.359
0.414
0.332
0.318
0.398
0.366
0.313
0.405
0.360
0.329
0.393
0.327
0.324
0.415
0.367
0.318
0.424
0.350
0.325
0.396
0.341
0.358
0.432
0.371
0.347
0.435
0.363
0.363
0.417
0.341
0.373
0.454
0.369
0.354
0.452
0.364
0.373
0.435
0.373
0.360
0.444
0.408
0.354
0.450
0.395
0.359
0.422
0.325
0.305
0.402
0.357
0.299
0.406
0.349
0.312
0.387
0.357
0.346
0.412
0.405
0.341
0.424
0.397
0.359
0.402
0.356
0.348
0.428
0.400
0.342
0.437
0.397
0.362
0.417
0.342
0.323
0.404
0.382
0.320
0.414
0.377
0.335
0.396
0.313
0.312
0.396
0.348
0.306
0.402
0.333
0.316
0.381
0.331
0.353
0.416
0.356
0.340
0.417
0.351
0.360
0.406
0.325
0.362
0.433
0.348
0.343
0.430
0.344
0.366
0.421
0.369
0.362
0.437
0.404
0.360
0.446
0.388
0.365
0.422
0.315
0.300
0.387
0.342
0.292
0.390
0.335
0.306
0.376
0.342
0.337
0.396
0.382
0.330
0.406
0.374
0.350
0.389
0.340
0.339
0.409
0.378
0.330
0.418
0.375
0.353
0.403
0.324
0.312
0.386
0.359
0.304
0.392
0.354
0.323
0.379
0.337
0.337
0.423
0.373
0.328
0.430
0.354
0.337
0.403
0.349
0.371
0.439
0.374
0.356
0.437
0.366
0.375
0.422
0.346
0.377
0.455
0.371
0.357
0.452
0.364
0.377
0.437
0.380
0.370
0.447
0.412
0.364
0.455
0.393
0.368
0.426
0.331
0.312
0.402
0.363
0.304
0.407
0.351
0.317
0.387
0.366
0.359
0.416
0.409
0.351
0.427
0.396
0.369
0.404
0.364
0.364
0.435
0.405
0.353
0.443
0.398
0.375
0.423
0.352
0.336
0.412
0.388
0.329
0.419
0.379
0.345
0.400
0.396
0.366
0.412
0.444
0.363
0.423
0.454
0.390
0.418
0.407
0.403
0.437
0.439
0.392
0.440
0.455
0.425
0.441
0.402
0.408
0.447
0.440
0.392
0.451
0.459
0.429
0.451
0.478
0.427
0.470
0.526
0.421
0.477
0.540
0.450
0.473
0.404
0.349
0.401
0.442
0.341
0.405
0.460
0.372
0.407
0.454
0.407
0.431
0.511
0.400
0.441
0.537
0.447
0.456
0.448
0.405
0.439
0.504
0.398
0.448
0.532
0.445
0.460
0.423
0.369
0.411
0.475
0.365
0.418
0.494
0.400
0.422
0.378
0.316
0.339
0.420
0.321
0.356
0.411
0.329
0.343
0.381
0.347
0.359
0.413
0.348
0.373
0.413
0.364
0.368
0.380
0.356
0.366
0.414
0.350
0.377
0.416
0.369
0.371
0.442
0.368
0.386
0.482
0.370
0.400
0.478
0.379
0.387
0.384
0.307
0.333
0.413
0.304
0.342
0.416
0.321
0.338
0.424
0.349
0.358
0.472
0.351
0.377
0.471
0.369
0.369
0.425
0.353
0.366
0.470
0.353
0.381
0.475
0.375
0.378
0.411
0.326
0.343
0.452
0.326
0.356
0.453
0.344
0.352
0.358
0.293
0.335
0.403
0.303
0.350
0.397
0.309
0.337
0.372
0.330
0.364
0.409
0.335
0.375
0.409
0.347
0.368
0.357
0.334
0.369
0.395
0.330
0.376
0.394
0.344
0.365
0.419
0.343
0.384
0.462
0.350
0.395
0.458
0.355
0.381
0.370
0.291
0.342
0.406
0.295
0.350
0.407
0.306
0.343
0.403
0.326
0.358
0.453
0.334
0.373
0.452
0.346
0.363
0.400
0.326
0.363
0.446
0.332
0.376
0.451
0.348
0.370
0.386
0.304
0.345
0.432
0.313
0.357
0.433
0.325
0.352
0.398
0.344
0.365
0.448
0.352
0.386
0.447
0.370
0.381
0.403
0.371
0.388
0.435
0.368
0.399
0.444
0.395
0.402
0.395
0.374
0.387
0.433
0.370
0.398
0.441
0.396
0.399
0.459
0.385
0.402
0.505
0.388
0.417
0.506
0.406
0.412
0.409
0.334
0.359
0.445
0.332
0.369
0.456
0.358
0.376
0.450
0.384
0.390
0.506
0.389
0.410
0.514
0.419
0.416
0.447
0.382
0.392
0.503
0.385
0.411
0.517
0.419
0.420
0.427
0.351
0.370
0.480
0.356
0.388
0.486
0.381
0.391
0.333
0.349
0.412
0.366
0.336
0.417
0.350
0.347
0.396
0.342
0.373
0.422
0.367
0.361
0.423
0.363
0.380
0.412
0.346
0.379
0.451
0.371
0.360
0.449
0.368
0.382
0.441
0.355
0.361
0.420
0.389
0.354
0.428
0.377
0.363
0.406
0.320
0.317
0.383
0.347
0.307
0.387
0.343
0.325
0.376
0.361
0.371
0.413
0.402
0.360
0.423
0.392
0.379
0.404
0.360
0.374
0.423
0.398
0.361
0.432
0.393
0.383
0.416
0.337
0.341
0.393
0.371
0.331
0.399
0.364
0.348
0.384
0.326
0.346
0.407
0.353
0.331
0.408
0.337
0.344
0.389
0.344
0.376
0.428
0.369
0.363
0.428
0.361
0.381
0.415
0.343
0.379
0.450
0.363
0.357
0.444
0.356
0.374
0.434
0.345
0.357
0.414
0.373
0.345
0.416
0.359
0.351
0.395
0.313
0.318
0.381
0.337
0.304
0.381
0.331
0.320
0.370
0.352
0.369
0.414
0.387
0.355
0.419
0.374
0.370
0.399
0.353
0.376
0.423
0.384
0.359
0.427
0.376
0.378
0.410
0.329
0.342
0.391
0.359
0.329
0.394
0.351
0.348
0.382
0.336
0.351
0.416
0.372
0.338
0.421
0.355
0.348
0.396
0.347
0.376
0.430
0.377
0.364
0.432
0.369
0.381
0.415
0.351
0.382
0.457
0.377
0.363
0.454
0.369
0.379
0.439
0.353
0.356
0.417
0.386
0.346
0.422
0.374
0.353
0.396
0.323
0.321
0.388
0.353
0.310
0.392
0.345
0.324
0.374
0.364
0.371
0.415
0.409
0.360
0.427
0.396
0.376
0.401
0.363
0.374
0.426
0.404
0.360
0.435
0.396
0.379
0.411
0.342
0.346
0.397
0.377
0.334
0.404
0.371
0.352
0.386
0.324
0.343
0.400
0.355
0.330
0.403
0.340
0.343
0.384
0.337
0.370
0.414
0.362
0.356
0.415
0.357
0.377
0.406
0.338
0.375
0.440
0.359
0.354
0.435
0.354
0.376
0.428
0.350
0.360
0.410
0.382
0.351
0.417
0.368
0.360
0.396
0.314
0.316
0.374
0.339
0.304
0.376
0.334
0.321
0.365
0.352
0.365
0.402
0.388
0.351
0.409
0.378
0.371
0.390
0.351
0.368
0.410
0.385
0.352
0.417
0.378
0.374
0.399
0.328
0.339
0.381
0.359
0.323
0.384
0.353
0.346
0.372
0.347
0.367
0.427
0.378
0.353
0.430
0.358
0.363
0.406
0.353
0.388
0.435
0.378
0.374
0.435
0.369
0.393
0.422
0.356
0.390
0.459
0.379
0.370
0.456
0.371
0.388
0.444
0.359
0.372
0.424
0.388
0.360
0.428
0.370
0.367
0.403
0.327
0.332
0.391
0.353
0.317
0.393
0.343
0.332
0.377
0.373
0.390
0.425
0.410
0.376
0.433
0.395
0.393
0.410
0.369
0.394
0.435
0.404
0.375
0.441
0.393
0.396
0.420
0.350
0.363
0.408
0.381
0.348
0.411
0.373
0.369
0.395
0.412
0.408
0.427
0.456
0.397
0.434
0.466
0.430
0.435
0.415
0.429
0.441
0.448
0.416
0.446
0.462
0.453
0.450
0.422
0.437
0.460
0.455
0.415
0.461
0.472
0.455
0.464
0.453
0.430
0.447
0.499
0.418
0.453
0.514
0.454
0.456
0.400
0.370
0.396
0.438
0.357
0.399
0.453
0.390
0.403
0.457
0.442
0.443
0.513
0.428
0.451
0.535
0.476
0.465
0.454
0.441
0.447
0.506
0.424
0.455
0.526
0.471
0.465
0.423
0.401
0.412
0.472
0.390
0.419
0.487
0.429
0.425
0.387
0.357
0.346
0.426
0.355
0.363
0.418
0.366
0.350
0.387
0.374
0.364
0.417
0.371
0.378
0.418
0.391
0.374
0.393
0.381
0.373
0.422
0.372
0.382
0.424
0.392
0.378
0.419
0.375
0.366
0.457
0.374
0.380
0.451
0.384
0.368
0.378
0.332
0.329
0.405
0.324
0.335
0.408
0.342
0.334
0.432
0.391
0.372
0.477
0.387
0.388
0.470
0.403
0.378
0.433
0.394
0.376
0.473
0.387
0.389
0.472
0.407
0.384
0.409
0.360
0.344
0.444
0.354
0.353
0.444
0.373
0.352
0.367
0.323
0.342
0.407
0.325
0.354
0.398
0.332
0.341
0.375
0.352
0.365
0.411
0.352
0.375
0.410
0.368
0.371
0.369
0.353
0.379
0.404
0.345
0.383
0.402
0.359
0.373
0.396
0.345
0.361
0.435
0.345
0.372
0.429
0.352
0.357
0.365
0.309
0.333
0.398
0.307
0.341
0.401
0.323
0.335
0.409
0.358
0.366
0.457
0.360
0.381
0.449
0.370
0.369
0.406
0.357
0.368
0.451
0.356
0.381
0.448
0.371
0.372
0.383
0.327
0.341
0.427
0.330
0.352
0.424
0.344
0.346
0.402
0.371
0.372
0.447
0.372
0.388
0.444
0.390
0.384
0.403
0.390
0.390
0.437
0.386
0.402
0.442
0.413
0.406
0.404
0.391
0.393
0.440
0.385
0.404
0.444
0.408
0.405
0.433
0.384
0.383
0.477
0.384
0.398
0.474
0.400
0.393
0.399
0.348
0.353
0.434
0.343
0.363
0.442
0.368
0.369
0.449
0.410
0.399
0.504
0.410
0.418
0.504
0.436
0.420
0.444
0.405
0.396
0.496
0.402
0.413
0.501
0.432
0.418
0.418
0.370
0.365
0.466
0.370
0.380
0.469
0.395
0.384
0.401
0.475
0.443
0.432
0.451
0.448
0.437
0.491
0.447
0.410
0.502
0.461
0.430
0.474
0.463
0.444
0.521
0.467
0.431
0.531
0.492
0.453
0.497
0.490
0.471
0.552
0.498
0.462
0.520
0.491
0.491
0.496
0.491
0.499
0.535
0.493
0.394
0.445
0.421
0.422
0.424
0.424
0.431
0.464
0.429
0.482
0.552
0.493
0.524
0.533
0.504
0.553
0.600
0.532
0.472
0.548
0.500
0.502
0.518
0.501
0.529
0.582
0.522
0.431
0.497
0.449
0.459
0.473
0.451
0.481
0.528
0.470
0.400
0.480
0.446
0.428
0.454
0.449
0.429
0.492
0.445
0.420
0.516
0.474
0.441
0.487
0.475
0.450
0.533
0.477
0.432
0.537
0.496
0.453
0.504
0.494
0.460
0.548
0.493
0.459
0.526
0.493
0.483
0.499
0.491
0.486
0.534
0.489
0.392
0.455
0.423
0.416
0.429
0.425
0.422
0.470
0.426
0.475
0.556
0.495
0.512
0.535
0.504
0.532
0.593
0.523
0.468
0.554
0.505
0.494
0.524
0.505
0.513
0.581
0.518
0.432
0.507
0.458
0.458
0.485
0.461
0.475
0.535
0.475
0.414
0.487
0.454
0.446
0.460
0.458
0.451
0.501
0.454
0.421
0.512
0.470
0.445
0.481
0.473
0.457
0.529
0.475
0.441
0.540
0.499
0.464
0.506
0.498
0.478
0.555
0.499
0.464
0.521
0.489
0.492
0.494
0.488
0.502
0.535
0.488
0.402
0.458
0.428
0.432
0.434
0.433
0.441
0.476
0.434
0.502
0.571
0.511
0.547
0.553
0.525
0.576
0.620
0.551
0.481
0.556
0.508
0.515
0.526
0.511
0.538
0.587
0.526
0.446
0.511
0.462
0.475
0.488
0.466
0.499
0.543
0.484
0.387
0.467
0.426
0.413
0.440
0.429
0.418
0.481
0.429
0.401
0.497
0.450
0.419
0.466
0.450
0.432
0.514
0.456
0.413
0.518
0.471
0.431
0.485
0.470
0.446
0.537
0.475
0.449
0.515
0.475
0.473
0.488
0.474
0.482
0.528
0.476
0.379
0.441
0.406
0.403
0.416
0.409
0.414
0.459
0.413
0.450
0.529
0.463
0.484
0.504
0.471
0.508
0.566
0.490
0.446
0.528
0.472
0.473
0.497
0.473
0.497
0.558
0.490
0.407
0.482
0.426
0.433
0.454
0.428
0.452
0.509
0.443
0.420
0.499
0.464
0.450
0.473
0.468
0.449
0.511
0.461
0.427
0.524
0.482
0.446
0.495
0.481
0.455
0.540
0.481
0.445
0.546
0.506
0.466
0.512
0.504
0.474
0.559
0.501
0.464
0.529
0.497
0.490
0.502
0.496
0.491
0.537
0.491
0.401
0.460
0.432
0.429
0.437
0.436
0.432
0.476
0.432
0.497
0.574
0.513
0.539
0.557
0.527
0.559
0.616
0.543
0.481
0.565
0.516
0.510
0.533
0.517
0.528
0.593
0.529
0.447
0.520
0.469
0.474
0.496
0.473
0.492
0.549
0.485
0.448
0.434
0.446
0.505
0.430
0.460
0.504
0.448
0.450
0.447
0.456
0.464
0.488
0.446
0.471
0.495
0.470
0.467
0.460
0.474
0.480
0.510
0.462
0.487
0.517
0.490
0.483
0.515
0.485
0.493
0.573
0.481
0.504
0.576
0.499
0.495
0.440
0.408
0.419
0.491
0.404
0.428
0.497
0.425
0.426
0.531
0.506
0.491
0.599
0.507
0.510
0.621
0.547
0.525
0.519
0.500
0.500
0.582
0.493
0.514
0.602
0.532
0.523
0.480
0.454
0.450
0.539
0.449
0.462
0.552
0.479
0.469
0.442
0.391
0.447
0.498
0.404
0.466
0.495
0.413
0.452
0.449
0.414
0.467
0.489
0.422
0.479
0.492
0.435
0.470
0.458
0.434
0.490
0.507
0.440
0.504
0.508
0.455
0.492
0.498
0.442
0.484
0.549
0.446
0.495
0.550
0.459
0.482
0.436
0.380
0.421
0.485
0.387
0.436
0.489
0.402
0.430
0.503
0.456
0.474
0.570
0.467
0.496
0.582
0.496
0.501
0.504
0.460
0.489
0.564
0.465
0.508
0.576
0.490
0.508
0.469
0.418
0.446
0.526
0.425
0.463
0.533
0.447
0.463
0.437
0.416
0.447
0.494
0.419
0.463
0.499
0.441
0.456
0.438
0.444
0.465
0.482
0.439
0.475
0.493
0.468
0.475
0.453
0.465
0.488
0.499
0.457
0.497
0.512
0.489
0.495
0.492
0.460
0.483
0.552
0.465
0.501
0.556
0.483
0.490
0.431
0.397
0.421
0.482
0.398
0.434
0.491
0.424
0.433
0.518
0.488
0.488
0.582
0.492
0.507
0.614
0.540
0.530
0.502
0.481
0.495
0.564
0.478
0.510
0.590
0.523
0.524
0.471
0.441
0.452
0.528
0.439
0.467
0.551
0.480
0.481
0.443
0.424
0.443
0.496
0.426
0.458
0.500
0.444
0.453
0.435
0.438
0.452
0.477
0.433
0.462
0.488
0.457
0.462
0.457
0.460
0.477
0.501
0.453
0.486
0.512
0.478
0.485
0.481
0.453
0.464
0.537
0.452
0.478
0.541
0.468
0.470
0.431
0.400
0.414
0.481
0.401
0.427
0.490
0.422
0.427
0.513
0.491
0.482
0.576
0.496
0.502
0.601
0.534
0.520
0.506
0.485
0.491
0.561
0.482
0.505
0.583
0.517
0.515
0.470
0.438
0.445
0.520
0.438
0.458
0.541
0.470
0.470
0.365
0.421
0.356
0.396
0.406
0.365
0.393
0.430
0.359
0.368
0.442
0.371
0.388
0.424
0.376
0.394
0.456
0.378
0.372
0.451
0.377
0.394
0.427
0.379
0.400
0.461
0.382
0.415
0.461
0.397
0.440
0.446
0.403
0.440
0.471
0.399
0.352
0.391
0.333
0.372
0.374
0.338
0.377
0.403
0.341
0.392
0.452
0.372
0.424
0.435
0.382
0.427
0.470
0.384
0.396
0.456
0.381
0.429
0.439
0.390
0.438
0.479
0.395
0.375
0.425
0.350
0.400
0.408
0.356
0.406
0.441
0.360
0.359
0.422
0.356
0.385
0.405
0.363
0.380
0.427
0.357
0.371
0.450
0.380
0.389
0.430
0.383
0.391
0.460
0.383
0.369
0.454
0.381
0.386
0.431
0.381
0.385
0.458
0.379
0.405
0.462
0.395
0.425
0.444
0.397
0.421
0.467
0.392
0.345
0.395
0.334
0.361
0.376
0.336
0.364
0.405
0.336
0.383
0.453
0.372
0.409
0.436
0.380
0.408
0.466
0.377
0.388
0.457
0.382
0.415
0.440
0.388
0.419
0.475
0.390
0.367
0.425
0.350
0.388
0.409
0.355
0.392
0.441
0.358
0.376
0.431
0.364
0.409
0.417
0.374
0.406
0.441
0.367
0.379
0.452
0.380
0.402
0.433
0.387
0.407
0.465
0.387
0.381
0.461
0.386
0.405
0.439
0.390
0.407
0.469
0.389
0.417
0.464
0.396
0.442
0.447
0.401
0.441
0.471
0.395
0.357
0.401
0.338
0.380
0.385
0.345
0.384
0.414
0.345
0.399
0.459
0.377
0.433
0.442
0.389
0.435
0.477
0.388
0.403
0.462
0.387
0.437
0.444
0.396
0.445
0.483
0.399
0.384
0.433
0.357
0.409
0.417
0.363
0.416
0.451
0.368
0.358
0.423
0.351
0.385
0.406
0.359
0.383
0.433
0.356
0.365
0.445
0.371
0.383
0.425
0.374
0.389
0.457
0.377
0.364
0.452
0.374
0.383
0.429
0.377
0.387
0.462
0.378
0.408
0.465
0.393
0.431
0.449
0.399
0.429
0.474
0.395
0.344
0.394
0.330
0.362
0.377
0.335
0.366
0.406
0.336
0.381
0.449
0.364
0.408
0.432
0.373
0.412
0.467
0.374
0.386
0.455
0.374
0.414
0.436
0.382
0.423
0.476
0.386
0.362
0.422
0.341
0.383
0.402
0.345
0.392
0.439
0.352
0.379
0.443
0.376
0.406
0.425
0.384
0.400
0.449
0.374
0.384
0.465
0.391
0.399
0.443
0.393
0.403
0.473
0.393
0.385
0.469
0.393
0.404
0.445
0.395
0.404
0.474
0.392
0.416
0.471
0.404
0.435
0.452
0.406
0.430
0.474
0.398
0.357
0.406
0.345
0.376
0.387
0.349
0.376
0.414
0.345
0.401
0.470
0.387
0.429
0.452
0.397
0.429
0.484
0.393
0.404
0.474
0.398
0.432
0.454
0.404
0.436
0.491
0.404
0.386
0.445
0.368
0.407
0.425
0.371
0.411
0.458
0.372
0.414
0.391
0.369
0.457
0.389
0.383
0.452
0.397
0.372
0.404
0.404
0.380
0.434
0.399
0.388
0.437
0.413
0.385
0.409
0.410
0.380
0.445
0.402
0.388
0.449
0.420
0.386
0.466
0.433
0.406
0.505
0.430
0.417
0.501
0.438
0.407
0.394
0.357
0.337
0.423
0.353
0.344
0.427
0.366
0.342
0.444
0.414
0.381
0.494
0.412
0.397
0.495
0.429
0.392
0.445
0.419
0.391
0.493
0.415
0.405
0.501
0.437
0.404
0.423
0.390
0.359
0.466
0.386
0.370
0.468
0.402
0.368
0.408
0.358
0.373
0.454
0.368
0.393
0.446
0.371
0.380
0.407
0.373
0.387
0.439
0.380
0.400
0.437
0.387
0.394
0.405
0.380
0.391
0.442
0.384
0.403
0.441
0.394
0.395
0.450
0.399
0.402
0.487
0.401
0.412
0.483
0.407
0.401
0.390
0.337
0.344
0.423
0.342
0.356
0.423
0.351
0.351
0.431
0.384
0.378
0.480
0.390
0.397
0.477
0.400
0.388
0.441
0.396
0.394
0.489
0.401
0.412
0.492
0.415
0.406
0.412
0.362
0.358
0.456
0.366
0.373
0.454
0.377
0.367
0.393
0.363
0.355
0.433
0.364
0.370
0.435
0.377
0.364
0.394
0.390
0.371
0.422
0.388
0.381
0.431
0.406
0.383
0.393
0.394
0.373
0.423
0.386
0.379
0.435
0.407
0.381
0.442
0.411
0.392
0.480
0.411
0.404
0.483
0.424
0.398
0.379
0.344
0.331
0.408
0.342
0.339
0.418
0.362
0.343
0.424
0.393
0.368
0.469
0.391
0.382
0.481
0.415
0.386
0.425
0.398
0.378
0.469
0.395
0.391
0.486
0.423
0.398
0.405
0.369
0.349
0.443
0.366
0.359
0.455
0.389
0.364
0.390
0.365
0.353
0.431
0.365
0.367
0.433
0.375
0.362
0.386
0.379
0.363
0.414
0.376
0.372
0.424
0.392
0.375
0.391
0.384
0.368
0.421
0.379
0.374
0.429
0.393
0.375
0.428
0.398
0.377
0.463
0.394
0.387
0.464
0.402
0.380
0.375
0.343
0.327
0.404
0.342
0.336
0.413
0.356
0.338
0.420
0.395
0.366
0.462
0.393
0.380
0.466
0.406
0.377
0.426
0.399
0.378
0.466
0.398
0.390
0.476
0.415
0.391
0.399
0.363
0.344
0.435
0.361
0.353
0.444
0.377
0.357
0.329
0.377
0.351
0.358
0.365
0.353
0.352
0.384
0.346
0.347
0.411
0.380
0.368
0.394
0.378
0.370
0.422
0.378
0.343
0.417
0.391
0.362
0.392
0.384
0.365
0.423
0.384
0.372
0.412
0.385
0.396
0.397
0.385
0.395
0.419
0.380
0.331
0.363
0.345
0.348
0.346
0.341
0.353
0.375
0.343
0.363
0.414
0.368
0.393
0.399
0.373
0.393
0.427
0.373
0.364
0.417
0.379
0.391
0.398
0.379
0.398
0.433
0.383
0.333
0.376
0.339
0.360
0.363
0.341
0.363
0.391
0.343
0.323
0.378
0.350
0.347
0.363
0.351
0.341
0.383
0.344
0.351
0.418
0.390
0.370
0.400
0.386
0.370
0.425
0.383
0.342
0.419
0.394
0.355
0.393
0.383
0.353
0.417
0.379
0.362
0.409
0.381
0.380
0.392
0.378
0.376
0.411
0.371
0.324
0.366
0.344
0.338
0.346
0.340
0.341
0.374
0.339
0.352
0.415
0.371
0.378
0.398
0.373
0.374
0.423
0.369
0.355
0.418
0.378
0.376
0.398
0.377
0.379
0.428
0.376
0.326
0.379
0.342
0.349
0.366
0.342
0.352
0.394
0.344
0.343
0.391
0.362
0.373
0.378
0.365
0.369
0.399
0.358
0.359
0.421
0.391
0.382
0.403
0.390
0.384
0.432
0.388
0.356
0.428
0.403
0.375
0.405
0.395
0.376
0.431
0.391
0.375
0.412
0.383
0.397
0.397
0.382
0.398
0.418
0.376
0.338
0.374
0.350
0.357
0.356
0.349
0.362
0.385
0.348
0.370
0.420
0.374
0.402
0.406
0.380
0.403
0.433
0.378
0.374
0.425
0.385
0.401
0.405
0.385
0.407
0.438
0.386
0.342
0.385
0.347
0.368
0.372
0.349
0.374
0.401
0.351
0.323
0.379
0.343
0.347
0.365
0.344
0.345
0.389
0.341
0.342
0.409
0.374
0.360
0.390
0.370
0.364
0.420
0.373
0.336
0.416
0.383
0.349
0.390
0.373
0.353
0.421
0.373
0.370
0.417
0.381
0.389
0.401
0.379
0.392
0.427
0.377
0.323
0.367
0.337
0.337
0.346
0.333
0.343
0.377
0.334
0.352
0.410
0.357
0.376
0.393
0.360
0.379
0.423
0.360
0.352
0.413
0.365
0.374
0.390
0.363
0.382
0.427
0.368
0.324
0.376
0.330
0.346
0.359
0.329
0.351
0.391
0.334
0.361
0.414
0.377
0.385
0.397
0.377
0.379
0.419
0.370
0.371
0.439
0.402
0.389
0.418
0.398
0.388
0.446
0.395
0.369
0.443
0.410
0.384
0.417
0.401
0.382
0.444
0.395
0.394
0.437
0.402
0.409
0.416
0.397
0.407
0.439
0.392
0.350
0.390
0.363
0.365
0.368
0.357
0.367
0.397
0.355
0.389
0.447
0.394
0.415
0.429
0.397
0.410
0.455
0.391
0.390
0.450
0.404
0.409
0.424
0.399
0.413
0.458
0.399
0.361
0.411
0.365
0.382
0.393
0.364
0.384
0.422
0.365
0.382
0.349
0.354
0.423
0.348
0.362
0.420
0.358
0.355
0.392
0.374
0.380
0.424
0.370
0.383
0.425
0.384
0.380
0.384
0.374
0.382
0.418
0.366
0.382
0.420
0.382
0.377
0.432
0.387
0.389
0.471
0.385
0.395
0.471
0.397
0.388
0.381
0.332
0.342
0.410
0.326
0.343
0.415
0.341
0.342
0.423
0.382
0.372
0.470
0.380
0.383
0.472
0.395
0.380
0.418
0.382
0.379
0.462
0.376
0.385
0.470
0.397
0.386
0.392
0.348
0.344
0.435
0.346
0.352
0.438
0.362
0.351
0.376
0.322
0.362
0.416
0.332
0.372
0.408
0.335
0.360
0.396
0.351
0.393
0.427
0.358
0.398
0.425
0.366
0.391
0.382
0.351
0.397
0.414
0.352
0.400
0.412
0.360
0.389
0.418
0.358
0.388
0.452
0.362
0.394
0.449
0.366
0.381
0.381
0.318
0.354
0.410
0.319
0.357
0.412
0.329
0.352
0.409
0.354
0.372
0.457
0.361
0.386
0.451
0.366
0.374
0.417
0.362
0.387
0.457
0.365
0.396
0.457
0.374
0.387
0.382
0.324
0.347
0.425
0.332
0.358
0.422
0.340
0.350
0.356
0.324
0.345
0.395
0.326
0.353
0.395
0.337
0.346
0.376
0.358
0.376
0.406
0.356
0.378
0.412
0.372
0.378
0.363
0.359
0.380
0.391
0.348
0.377
0.399
0.366
0.374
0.401
0.361
0.376
0.438
0.362
0.383
0.441
0.372
0.375
0.361
0.317
0.338
0.389
0.313
0.339
0.398
0.332
0.340
0.396
0.357
0.362
0.438
0.356
0.370
0.449
0.375
0.372
0.392
0.356
0.369
0.431
0.352
0.373
0.447
0.378
0.379
0.369
0.326
0.336
0.407
0.325
0.343
0.417
0.346
0.346
0.363
0.329
0.346
0.401
0.331
0.354
0.400
0.340
0.348
0.371
0.351
0.368
0.401
0.349
0.371
0.409
0.365
0.372
0.368
0.355
0.378
0.397
0.347
0.375
0.401
0.361
0.371
0.393
0.354
0.364
0.428
0.352
0.369
0.429
0.361
0.362
0.364
0.322
0.338
0.394
0.319
0.341
0.404
0.337
0.343
0.394
0.361
0.361
0.438
0.360
0.371
0.439
0.371
0.367
0.399
0.364
0.371
0.437
0.361
0.377
0.445
0.378
0.378
0.370
0.325
0.335
0.406
0.324
0.340
0.413
0.341
0.342
0.401
0.469
0.410
0.434
0.452
0.420
0.431
0.483
0.419
0.400
0.484
0.426
0.421
0.461
0.430
0.428
0.501
0.435
0.418
0.512
0.450
0.440
0.482
0.450
0.451
0.529
0.460
0.451
0.500
0.447
0.484
0.487
0.456
0.488
0.521
0.462
0.393
0.438
0.391
0.418
0.421
0.397
0.428
0.461
0.409
0.447
0.516
0.445
0.483
0.498
0.456
0.493
0.545
0.468
0.448
0.521
0.457
0.482
0.498
0.464
0.500
0.554
0.482
0.417
0.480
0.412
0.445
0.462
0.420
0.454
0.503
0.429
0.398
0.472
0.412
0.426
0.453
0.421
0.420
0.481
0.417
0.405
0.494
0.435
0.426
0.471
0.440
0.430
0.509
0.442
0.418
0.517
0.453
0.437
0.489
0.453
0.440
0.526
0.458
0.445
0.504
0.447
0.472
0.489
0.455
0.474
0.520
0.457
0.390
0.446
0.394
0.411
0.427
0.399
0.419
0.467
0.408
0.444
0.524
0.452
0.477
0.507
0.463
0.482
0.548
0.469
0.444
0.526
0.461
0.473
0.506
0.467
0.485
0.554
0.479
0.413
0.485
0.416
0.437
0.468
0.423
0.445
0.507
0.431
0.420
0.486
0.422
0.453
0.469
0.434
0.452
0.499
0.431
0.417
0.500
0.439
0.442
0.476
0.447
0.450
0.517
0.451
0.437
0.528
0.460
0.459
0.501
0.464
0.470
0.543
0.471
0.463
0.510
0.453
0.494
0.498
0.462
0.501
0.531
0.468
0.409
0.458
0.403
0.435
0.442
0.412
0.446
0.481
0.422
0.468
0.536
0.463
0.505
0.521
0.477
0.520
0.569
0.491
0.469
0.540
0.475
0.502
0.518
0.481
0.524
0.573
0.500
0.434
0.495
0.426
0.462
0.479
0.434
0.474
0.520
0.445
0.392
0.466
0.403
0.421
0.448
0.412
0.422
0.481
0.411
0.395
0.483
0.424
0.416
0.459
0.428
0.423
0.499
0.433
0.407
0.508
0.440
0.427
0.480
0.444
0.437
0.524
0.451
0.444
0.502
0.443
0.473
0.488
0.453
0.481
0.523
0.456
0.384
0.440
0.386
0.407
0.422
0.392
0.417
0.461
0.401
0.437
0.511
0.435
0.470
0.494
0.448
0.481
0.539
0.457
0.439
0.517
0.446
0.470
0.495
0.454
0.487
0.547
0.468
0.407
0.476
0.403
0.432
0.456
0.410
0.444
0.500
0.420
0.418
0.490
0.427
0.448
0.471
0.436
0.441
0.499
0.429
0.417
0.505
0.442
0.436
0.480
0.446
0.440
0.518
0.448
0.427
0.522
0.457
0.448
0.494
0.459
0.453
0.534
0.461
0.457
0.511
0.454
0.484
0.496
0.462
0.484
0.525
0.461
0.401
0.452
0.399
0.424
0.435
0.406
0.427
0.469
0.408
0.459
0.532
0.460
0.493
0.516
0.472
0.496
0.555
0.473
0.456
0.535
0.469
0.488
0.513
0.476
0.497
0.560
0.484
0.429
0.496
0.425
0.454
0.478
0.433
0.460
0.516
0.437
0.453
0.432
0.419
0.502
0.432
0.434
0.497
0.443
0.426
0.440
0.438
0.432
0.477
0.433
0.442
0.478
0.451
0.439
0.454
0.460
0.445
0.496
0.453
0.454
0.504
0.477
0.455
0.511
0.471
0.456
0.561
0.474
0.471
0.563
0.490
0.470
0.444
0.403
0.394
0.482
0.401
0.404
0.490
0.421
0.409
0.506
0.477
0.454
0.565
0.479
0.472
0.568
0.501
0.474
0.505
0.479
0.465
0.563
0.477
0.480
0.575
0.507
0.488
0.474
0.443
0.422
0.525
0.442
0.436
0.528
0.463
0.438
0.440
0.396
0.418
0.489
0.407
0.437
0.481
0.413
0.427
0.437
0.404
0.437
0.476
0.411
0.450
0.476
0.424
0.445
0.447
0.427
0.454
0.491
0.433
0.467
0.492
0.449
0.462
0.488
0.434
0.447
0.535
0.443
0.464
0.535
0.455
0.458
0.436
0.382
0.398
0.477
0.388
0.412
0.480
0.404
0.412
0.485
0.442
0.444
0.545
0.454
0.468
0.542
0.468
0.463
0.492
0.449
0.460
0.550
0.457
0.481
0.555
0.478
0.481
0.454
0.408
0.414
0.506
0.416
0.433
0.503
0.430
0.428
0.424
0.399
0.401
0.470
0.403
0.418
0.472
0.419
0.414
0.424
0.420
0.423
0.461
0.418
0.434
0.469
0.440
0.437
0.432
0.436
0.436
0.467
0.430
0.443
0.482
0.457
0.449
0.477
0.439
0.437
0.528
0.448
0.457
0.534
0.465
0.456
0.420
0.381
0.382
0.458
0.383
0.395
0.471
0.407
0.403
0.479
0.446
0.437
0.530
0.448
0.454
0.547
0.479
0.464
0.477
0.449
0.448
0.529
0.449
0.463
0.552
0.488
0.478
0.449
0.414
0.407
0.493
0.414
0.420
0.506
0.442
0.429
0.416
0.394
0.392
0.462
0.397
0.407
0.462
0.409
0.403
0.411
0.404
0.406
0.447
0.402
0.417
0.457
0.423
0.421
0.428
0.425
0.424
0.464
0.419
0.432
0.475
0.441
0.435
0.458
0.424
0.414
0.505
0.427
0.430
0.508
0.440
0.427
0.415
0.380
0.374
0.452
0.379
0.385
0.465
0.401
0.392
0.466
0.444
0.425
0.519
0.446
0.442
0.526
0.466
0.447
0.469
0.446
0.437
0.519
0.444
0.450
0.530
0.470
0.457
0.437
0.402
0.393
0.480
0.403
0.406
0.489
0.423
0.412
