1.211
1.234
1.247
1.217
1.181
1.227
1.214
1.232
1.245
1.230
1.180
1.219
1.034
1.061
1.069
1.010
0.995
1.029
1.205
1.230
1.252
1.215
1.177
1.229
1.178
1.202
1.224
1.195
1.149
1.210
1.167
1.185
1.198
1.187
1.142
1.189
0.872
0.910
0.975
0.850
0.812
0.917
1.091
1.116
1.140
1.126
1.092
1.142
1.145
1.183
1.199
1.176
1.156
1.196
1.087
1.207
1.135
1.123
1.204
1.114
1.174
1.245
1.178
1.171
1.226
1.146
1.169
1.277
1.190
1.153
1.237
1.125
1.146
1.262
1.183
1.177
1.279
1.179
1.084
1.165
1.118
1.076
1.141
1.090
0.962
1.029
0.971
0.939
1.003
0.923
1.106
1.178
1.118
1.076
1.146
1.069
1.239
1.224
1.268
1.263
1.203
1.262
1.249
1.241
1.277
1.272
1.201
1.248
1.053
1.063
1.080
1.054
1.026
1.060
1.224
1.237
1.273
1.256
1.205
1.260
1.200
1.204
1.243
1.232
1.167
1.233
1.177
1.168
1.203
1.229
1.169
1.219
0.909
0.919
1.002
0.908
0.822
0.948
1.120
1.130
1.167
1.162
1.120
1.171
1.169
1.186
1.222
1.212
1.166
1.218
1.096
1.214
1.138
1.149
1.224
1.125
1.180
1.246
1.177
1.208
1.257
1.172
1.191
1.296
1.197
1.203
1.279
1.156
1.158
1.271
1.193
1.208
1.303
1.197
1.094
1.175
1.123
1.126
1.180
1.128
0.979
1.045
0.983
0.969
1.026
0.948
1.132
1.198
1.134
1.120
1.181
1.104
1.201
1.243
1.249
1.225
1.226
1.251
1.204
1.244
1.250
1.238
1.217
1.240
1.017
1.056
1.052
1.019
1.026
1.043
1.179
1.224
1.235
1.225
1.214
1.250
1.158
1.205
1.216
1.201
1.185
1.226
1.143
1.178
1.181
1.194
1.174
1.202
0.863
0.935
0.975
0.885
0.902
0.959
1.075
1.112
1.130
1.132
1.125
1.158
1.123
1.182
1.189
1.186
1.200
1.218
1.058
1.205
1.120
1.152
1.243
1.153
1.159
1.244
1.169
1.177
1.244
1.163
1.149
1.281
1.187
1.178
1.276
1.164
1.124
1.263
1.176
1.193
1.306
1.205
1.062
1.163
1.102
1.107
1.178
1.127
0.955
1.037
0.971
0.949
1.023
0.950
1.093
1.177
1.113
1.098
1.169
1.103
1.246
1.264
1.285
1.227
1.173
1.230
1.242
1.261
1.276
1.242
1.182
1.226
1.061
1.089
1.094
1.035
1.019
1.047
1.243
1.269
1.289
1.238
1.187
1.244
1.223
1.237
1.265
1.220
1.160
1.228
1.206
1.226
1.241
1.198
1.146
1.195
0.912
0.947
1.007
0.903
0.857
0.954
1.117
1.147
1.165
1.151
1.116
1.161
1.180
1.214
1.234
1.212
1.172
1.222
1.109
1.235
1.152
1.146
1.232
1.129
1.201
1.283
1.207
1.182
1.243
1.150
1.208
1.323
1.227
1.179
1.267
1.141
1.193
1.308
1.220
1.189
1.284
1.167
1.116
1.207
1.148
1.101
1.169
1.109
0.995
1.072
1.002
0.971
1.036
0.952
1.141
1.219
1.149
1.096
1.167
1.083
1.215
1.230
1.254
1.227
1.196
1.242
1.221
1.242
1.255
1.237
1.195
1.229
1.037
1.064
1.069
1.018
1.006
1.037
1.198
1.225
1.245
1.221
1.187
1.235
1.189
1.202
1.230
1.204
1.152
1.215
1.158
1.174
1.190
1.193
1.154
1.196
0.846
0.875
0.944
0.877
0.808
0.921
1.082
1.109
1.129
1.131
1.107
1.146
1.150
1.186
1.205
1.186
1.169
1.208
1.085
1.218
1.127
1.126
1.218
1.110
1.164
1.250
1.167
1.165
1.235
1.141
1.169
1.296
1.190
1.174
1.268
1.138
1.139
1.270
1.172
1.177
1.284
1.166
1.074
1.175
1.111
1.101
1.175
1.115
0.967
1.047
0.970
0.930
1.006
0.912
1.099
1.187
1.110
1.092
1.169
1.082
1.230
1.236
1.264
1.213
1.176
1.225
1.230
1.254
1.268
1.220
1.173
1.205
1.042
1.069
1.072
1.009
1.007
1.026
1.218
1.248
1.265
1.216
1.177
1.224
1.200
1.217
1.243
1.187
1.140
1.198
1.182
1.197
1.213
1.179
1.136
1.172
0.884
0.925
0.987
0.864
0.832
0.926
1.103
1.129
1.150
1.128
1.106
1.141
1.164
1.199
1.216
1.177
1.147
1.185
1.094
1.225
1.140
1.125
1.222
1.114
1.177
1.260
1.182
1.170
1.238
1.137
1.176
1.298
1.196
1.152
1.252
1.118
1.159
1.280
1.189
1.159
1.270
1.148
1.089
1.179
1.120
1.080
1.159
1.086
0.967
1.043
0.971
0.930
1.012
0.916
1.117
1.194
1.123
1.078
1.157
1.065
1.223
1.259
1.265
1.224
1.206
1.238
1.233
1.267
1.273
1.236
1.203
1.229
1.044
1.078
1.077
1.026
1.025
1.046
1.229
1.264
1.281
1.217
1.198
1.240
1.192
1.223
1.241
1.199
1.159
1.213
1.193
1.222
1.226
1.200
1.172
1.205
0.909
0.972
1.008
0.871
0.859
0.943
1.117
1.147
1.166
1.155
1.137
1.174
1.166
1.213
1.223
1.187
1.183
1.210
1.117
1.248
1.174
1.162
1.248
1.156
1.186
1.264
1.194
1.183
1.247
1.162
1.188
1.308
1.215
1.159
1.258
1.136
1.162
1.293
1.208
1.182
1.294
1.185
1.099
1.188
1.134
1.081
1.160
1.098
0.972
1.043
0.980
0.937
1.012
0.930
1.122
1.202
1.137
1.088
1.165
1.082
1.314
1.336
1.343
1.321
1.297
1.315
1.324
1.346
1.358
1.349
1.319
1.332
1.133
1.157
1.152
1.120
1.114
1.123
1.342
1.365
1.372
1.334
1.299
1.332
1.302
1.326
1.336
1.321
1.278
1.314
1.274
1.292
1.301
1.301
1.269
1.290
1.054
1.102
1.130
1.040
1.032
1.074
1.198
1.220
1.236
1.234
1.210
1.234
1.252
1.293
1.296
1.298
1.282
1.298
1.198
1.307
1.241
1.239
1.310
1.217
1.355
1.421
1.357
1.352
1.398
1.319
1.307
1.404
1.330
1.325
1.394
1.292
1.298
1.399
1.327
1.330
1.410
1.311
1.216
1.290
1.242
1.255
1.306
1.251
1.116
1.179
1.123
1.109
1.164
1.093
1.235
1.297
1.243
1.218
1.270
1.202
1.200
1.239
1.246
1.226
1.212
1.242
1.202
1.241
1.250
1.221
1.201
1.223
1.026
1.059
1.060
1.023
1.027
1.044
1.206
1.245
1.259
1.227
1.205
1.245
1.178
1.217
1.235
1.196
1.171
1.219
1.161
1.193
1.198
1.200
1.172
1.201
0.851
0.922
0.969
0.844
0.861
0.929
1.121
1.146
1.169
1.151
1.133
1.170
1.132
1.183
1.193
1.179
1.177
1.202
1.067
1.216
1.135
1.132
1.229
1.141
1.176
1.267
1.192
1.185
1.252
1.168
1.155
1.286
1.186
1.166
1.264
1.152
1.132
1.267
1.183
1.180
1.288
1.190
1.071
1.172
1.113
1.094
1.167
1.114
0.955
1.040
0.971
0.942
1.018
0.943
1.093
1.181
1.112
1.091
1.166
1.096
1.269
1.261
1.282
1.251
1.214
1.252
1.270
1.271
1.280
1.249
1.197
1.226
1.072
1.081
1.081
1.042
1.021
1.043
1.254
1.262
1.273
1.233
1.190
1.233
1.247
1.243
1.260
1.219
1.162
1.212
1.217
1.216
1.225
1.214
1.169
1.203
0.971
0.976
1.025
0.924
0.870
0.954
1.157
1.166
1.176
1.150
1.119
1.152
1.200
1.219
1.224
1.204
1.173
1.199
1.131
1.239
1.145
1.140
1.216
1.112
1.220
1.281
1.205
1.196
1.246
1.159
1.228
1.319
1.224
1.187
1.262
1.147
1.209
1.300
1.211
1.209
1.296
1.190
1.139
1.206
1.145
1.123
1.179
1.118
1.015
1.072
1.006
0.969
1.024
0.944
1.152
1.212
1.144
1.118
1.177
1.098
1.225
1.249
1.270
1.258
1.236
1.275
1.219
1.255
1.264
1.255
1.220
1.245
1.040
1.075
1.076
1.042
1.040
1.061
1.209
1.248
1.261
1.252
1.232
1.266
1.193
1.227
1.245
1.226
1.196
1.242
1.187
1.211
1.221
1.224
1.197
1.228
0.943
1.007
1.043
0.929
0.938
1.000
1.094
1.133
1.151
1.164
1.152
1.184
1.160
1.208
1.220
1.225
1.203
1.235
1.087
1.214
1.144
1.147
1.235
1.150
1.183
1.262
1.195
1.212
1.270
1.190
1.187
1.298
1.219
1.188
1.274
1.175
1.163
1.283
1.212
1.214
1.308
1.217
1.100
1.193
1.141
1.132
1.199
1.145
0.974
1.044
0.987
0.966
1.034
0.962
1.112
1.191
1.130
1.107
1.180
1.108
1.190
1.126
1.144
1.203
1.178
1.146
1.256
1.206
1.192
1.253
1.215
1.185
1.265
1.209
1.205
1.253
1.224
1.183
1.245
1.187
1.199
1.271
1.239
1.217
1.182
1.119
1.134
1.174
1.120
1.131
1.037
0.999
0.991
1.005
0.967
0.948
1.188
1.139
1.137
1.165
1.134
1.112
1.203
1.129
1.138
1.217
1.184
1.149
1.255
1.197
1.178
1.263
1.227
1.187
1.272
1.203
1.193
1.251
1.219
1.172
1.251
1.185
1.183
1.277
1.247
1.208
1.185
1.106
1.114
1.174
1.126
1.122
1.038
0.985
0.977
1.009
0.968
0.940
1.184
1.118
1.115
1.156
1.117
1.093
1.008
0.956
0.963
1.032
1.013
0.987
1.055
1.019
1.003
1.060
1.035
1.003
1.064
1.029
1.012
1.062
1.045
1.008
1.057
1.020
1.014
1.087
1.072
1.042
0.992
0.940
0.944
1.001
0.975
0.962
0.866
0.837
0.819
0.878
0.857
0.829
1.015
0.976
0.966
1.004
0.983
0.954
1.194
1.127
1.152
1.215
1.187
1.167
1.248
1.199
1.195
1.250
1.225
1.193
1.267
1.201
1.209
1.242
1.222
1.179
1.253
1.194
1.207
1.269
1.245
1.220
1.170
1.097
1.124
1.172
1.134
1.135
1.031
0.988
0.985
1.023
0.996
0.975
1.180
1.127
1.134
1.167
1.144
1.119
1.174
1.084
1.118
1.174
1.147
1.119
1.243
1.179
1.178
1.234
1.200
1.165
1.253
1.177
1.187
1.224
1.200
1.153
1.230
1.157
1.176
1.255
1.228
1.199
1.165
1.083
1.110
1.154
1.105
1.111
1.019
0.975
0.970
0.998
0.962
0.940
1.167
1.104
1.113
1.143
1.111
1.088
1.172
1.101
1.124
1.185
1.154
1.134
1.228
1.175
1.166
1.216
1.182
1.150
1.241
1.179
1.181
1.198
1.162
1.125
1.219
1.155
1.167
1.233
1.202
1.177
1.149
1.080
1.096
1.135
1.086
1.087
1.015
0.971
0.967
0.990
0.953
0.935
1.160
1.100
1.106
1.125
1.089
1.068
0.934
0.807
0.834
0.950
0.882
0.838
1.025
0.937
0.927
1.036
0.967
0.919
0.980
0.875
0.829
0.984
0.929
0.830
0.976
0.869
0.870
1.012
0.944
0.901
0.945
0.801
0.831
0.962
0.861
0.865
0.820
0.743
0.690
0.827
0.767
0.689
0.948
0.863
0.820
0.937
0.873
0.809
1.141
1.078
1.092
1.124
1.090
1.068
1.174
1.124
1.121
1.157
1.117
1.095
1.183
1.131
1.121
1.135
1.107
1.066
1.166
1.115
1.115
1.166
1.139
1.112
1.110
1.049
1.060
1.097
1.058
1.054
0.969
0.933
0.923
0.962
0.935
0.910
1.113
1.067
1.063
1.069
1.037
1.017
1.159
1.090
1.100
1.153
1.129
1.091
1.232
1.181
1.164
1.213
1.178
1.142
1.226
1.173
1.156
1.191
1.172
1.113
1.222
1.162
1.162
1.218
1.196
1.159
1.138
1.071
1.081
1.120
1.077
1.078
1.008
0.975
0.958
0.981
0.951
0.924
1.153
1.106
1.093
1.112
1.086
1.055
