10
12
20
32
135
157
162
362
424
473
579
716
922
959
1136
1194
1446
1586
1609
1653
1669
1678
1713
1981
2170
2236
2349
2446
2599
2613
2631
2701
2771
2830
2844
2885
3377
3452
3459
3537
3581
3598
3630
3769
3805
3825
3826
3863
3929
3990
4021
4037
4114
4118
4121
4122
4134
4135
4138
4146
4147
4149
4155
4162
4164
4172
4175
4176
4178
4179
4183
4184
4185
4188
4189
4190
4191
4192
4193
4194
4197
4198
4200
4201
4204
4207
4208
4212
4213
4214
4215
4219
4220
4221
4224
4225
4227
4228
4229
4230
4232
4235
4236
4237
4238
4241
4242
4246
4248
4249
4250
4251
4252
4253
4254
4255
4257
4259
4260
4264
4268
4269
4273
4276
4278
4289
4290
4298
4314
4316
4318
4321
4322
4323
4324
4325
4327
4328
4330
4332
4336
4337
4342
4346
4347
4352
4353
4355
4357
4358
4363
4364
4365
4366
4367
4370
4372
4373
4376
4377
4387
4391
4394
4395
4397
4398
4403
4404
4405
4407
4408
4409
4410
4412
4413
4414
4415
4417
4419
4420
4421
4422
4424
4425
4428
4432
4433
4434
4438
4439
4441
4442
4444
4445
4448
4449
4455
4459
4462
4463
4465
4468
4469
4470
4473
4476
4477
4478
4479
4480
4481
4482
4483
4484
4485
4487
4493
4494
4496
4499
4500
4501
4503
4514
4516
4518
4519
4520
4524
4528
4531
4535
4536
4538
4539
4540
4541
4543
4545
4546
4550
4552
4554
4557
4559
4562
4564
4566
4567
4568
4570
4573
4575
4578
4581
4583
4584
4586
4588
4589
4590
4591
4594
4595
4597
4598
4599
4602
4603
4604
4605
4606
4609
4611
4612
4613
4615
4619
4620
4621
4622
4627
4628
4631
4632
4633
4635
4638
4639
4642
4648
4649
4652
4655
4661
4665
4666
4668
4671
4672
4674
4676
4677
4678
4679
4683
4684
4685
4689
4690
4691
4692
4693
4694
4696
4697
4698
4699
4705
4707
4708
4709
4710
4713
4714
4715
4719
4723
4724
4727
4728
4733
4734
4737
4739
4745
4749
4750
4752
4754
4755
4757
4759
4760
4761
4763
4767
4770
4771
4773
4775
4776
4779
4780
4783
4785
4787
4789
4790
4793
4794
4797
4801
4803
4806
4809
4812
4815
4816
4819
4829
4830
4834
4835
4838
4839
4840
4842
4844
4853
4857
4858
4860
4861
4862
4863
4865
4866
4868
4870
4872
4873
4874
4879
4880
4882
4886
4892
4895
4900
4905
4909
4910
4911
4914
4915
4919
4920
4922
4924
4927
4928
4929
4931
4932
4938
4939
4942
4944
4947
4949
4950
4951
4955
4957
4959
4967
4968
4969
4971
4972
4973
4974
4977
4979
4983
4984
4987
4988
4990
4991
4992
4994
4995
4997
4998
5005
5009
5010
5011
5013
5014
5015
5016
5017
5018
5021
5024
5025
5026
5029
5030
5031
5034
5037
5038
5041
5042
5043
5044
5048
5049
5050
5053
5054
5055
5056
5057
5059
5060
5061
5062
5063
5064
5065
5069
5071
5074
5075
5076
5082
5083
5085
5089
5090
5100
5101
5102
5104
5105
5108
5109
5112
5113
5114
5116
5118
5119
5120
5121
5123
5124
5128
5130
5131
5133
5134
5136
5137
5139
5141
5144
5147
5152
5158
5159
5160
5163
5164
5165
5166
5168
5169
5173
5174
5175
5180
5182
5184
5185
5189
5191
5194
5195
5196
5203
5204
5205
5206
5211
5212
5214
5215
5216
5218
5219
5220
5221
5222
5224
5226
5227
5228
5229
5230
5231
5232
5233
5235
5236
5238
5239
5240
5246
5248
5252
5254
5258
5260
5264
5266
5267
5271
5272
5275
5277
5279
5280
5282
5289
5290
5297
5298
5304
5306
5307
5310
5311
5314
5317
5318
5319
5320
5321
5322
5328
5331
5336
5339
5340
5341
5343
5349
5350
5351
5352
5356
5357
5358
5359
5360
5361
5372
5373
5374
5378
5382
5383
5386
5387
5389
5394
5398
5404
5407
5408
5414
5415
5416
5417
5419
5426
5427
5431
5432
5433
5436
5437
5438
5439
5442
5443
5444
5446
5448
5450
5451
5454
5455
5459
5464
5465
5467
5470
5471
5474
5475
5477
5479
5482
5484
5485
5486
5487
5488
5494
5497
5499
5500
5502
5505
5507
5508
5509
5510
5511
5512
5513
5518
5520
5521
5523
5525
5526
5528
5530
5533
5534
5535
5536
5537
5539
5540
5541
5542
5545
5547
5549
5551
5554
5559
5564
5565
5566
5574
5576
5577
5578
5582
5584
5585
5588
5589
5590
5597
5600
5601
5602
5603
5605
5606
5607
5608
5609
5611
5616
5618
5619
5620
5627
5630
5634
5636
5637
5638
5640
5641
5646
5648
5650
5653
5655
5657
5658
5660
5664
5665
5666
5667
5669
5670
5673
5675
5680
5683
5685
5686
5687
5689
5691
5692
5696
5700
5702
5703
5704
5705
5706
5708
5709
5710
5712
5713
5714
5720
5721
5722
5723
5725
5727
5730
5731
5732
5733
5737
5741
5746
5747
5748
5752
5759
5761
5762
5763
5764
5765
5769
5771
5772
5773
5776
5777
5780
5781
5782
5789
5791
5795
5796
5797
5801
5803
5804
5807
5808
5809
5811
5812
5816
5817
5818
5819
5820
5821
5822
5823
5824
5827
5828
5829
5831
5834
5835
5836
5838
5840
5841
5843
5849
5850
5851
5854
5855
5860
5863
5864
5868
5876
5880
5884
5897
5898
5900
5903
5904
5905
5906
5907
5908
5909
5913
5918
5920
5922
5924
5925
5927
5928
5930
5932
5933
5936
5941
5942
5944
5946
5947
5954
5955
5957
5959
5963
5966
5971
5973
5974
5975
5979
5982
5983
5985
5986
5987
5990
5994
5995
5997
5998
6000
6001
6002
6003
6005
6010
6011
6013
6014
6016
6020
6022
6024
6032
6033
6038
6039
6041
6042
6043
6045
6046
6047
6048
6051
6055
6057
6063
6067
6068
6072
6073
6076
6082
6083
6084
6085
6088
6091
6093
6094
6095
6099
6100
6102
6104
6105
6106
6108
6110
6111
6112
6114
6115
6116
6118
6119
6123
6125
6129
6130
6131
6132
6133
6135
6136
6141
6143
6147
6148
6156
6157
6160
6161
6165
6168
6169
6170
6178
6179
6182
6183
6184
6185
6186
6188
6190
6193
6194
6195
6198
6199
6203
6205
6206
6208
6209
6213
6214
6222
6224
6226
6227
6229
6231
6232
6233
6236
6237
6239
6240
6244
6245
6246
6251
6253
6256
6260
6266
6273
6274
6277
6281
6286
6291
6292
6294
6295
6297
6298
6300
6302
6303
6311
6313
6314
6315
6321
6323
6325
6328
6329
6330
6332
6334
6335
6338
6341
6345
6347
6350
6352
6353
6354
6355
6358
6359
6360
6366
6368
6370
6372
6373
6380
6382
6383
6384
6386
6387
6389
6390
6392
6394
6396
6398
6403
6404
6406
6408
6410
6416
6418
6420
6424
6425
6426
6430
6431
6433
6434
6435
6440
6443
6445
6448
6450
6451
6454
6455
6456
6457
6458
6459
6461
6462
6464
6467
6468
6469
6476
6477
6480
6483
6487
6491
6499
6502
6504
6505
6507
6509
6511
6515
6516
6517
6518
6519
6524
6526
6527
6529
6530
6531
6532
6538
6546
6551
6552
6554
6555
6559
6560
6561
6565
6566
6569
6572
6573
6574
6576
6579
6583
6584
6585
6589
6592
6594
6597
6598
6600
6602
6603
6608
6611
6614
6615
6616
6617
6620
6622
6625
6626
6627
6628
6630
6633
6635
6637
6640
6641
6642
6644
6645
6647
6651
6652
6656
6657
6659
6660
6663
6665
6666
6667
6670
6671
6679
6680
6681
6686
6687
6690
6691
6693
6694
6696
6697
6699
6700
6704
6705
6706
6709
6710
6711
6715
6717
6718
6720
6721
6722
6729
6732
6734
6735
6738
6739
6743
6744
6745
6746
6748
6749
6750
6751
6752
6753
6755
6757
6759
6764
6765
6768
6770
6774
6775
6777
6778
6781
6785
6787
6791
6792
6795
6799
6801
6803
6804
6805
6808
6809
6811
6812
6813
6814
6816
6817
6818
6819
6820
6822
6823
6825
6827
6829
6830
6832
6833
6835
6837
6839
6842
6844
6845
6847
6854
6856
6857
6863
6867
6868
6869
6875
6876
6877
6882
6883
6885
6886
6890
6891
6895
6898
6902
6904
6905
6906
6908
6909
6912
6915
6916
6917
6918
6919
6920
6922
6923
6927
6928
6929
6935
6937
6938
6940
6942
6943
6945
6950
6951
6952
6955
6958
6961
6963
6964
6965
6967
6971
6972
6973
6974
6975
6978
6979
6980
6984
6986
6987
6988
6990
6991
6992
6993
6995
6996
6998
6999
7000
7002
7006
7011
7012
7014
7017
7019
7020
7021
7025
7030
7033
7035
7036
7037
7041
7043
7050
7051
7052
7054
7055
7059
7064
7066
7068
7069
7071
7072
7075
7077
7079
7080
7081
7083
7084
7088
7093
7094
7095
7097
7102
7103
7105
7106
7107
7108
7111
7112
7113
7114
7120
7121
7123
7124
7127
7128
7129
7130
7134
7135
7137
7138
7142
7151
7157
7159
7161
7162
7163
7164
7165
7166
7172
7174
7176
7177
7179
7180
7183
7184
7185
7191
7193
7195
7196
7197
7200
7201
7202
7204
7206
7209
7210
7214
7216
7219
7222
7224
7226
7227
7228
7229
7237
7238
7240
7241
7247
7248
7250
7252
7253
7254
7255
7256
7257
7258
7264
7265
7266
7268
7269
7270
7271
7275
7276
7277
7278
7279
7280
7283
7285
7286
7290
7291
7292
7298
7299
7300
7301
7302
7306
7308
7309
7310
7315
7316
7320
7322
7323
7324
7329
7331
7332
7337
7340
7341
7342
7343
7344
7348
7352
7354
7355
7357
7360
7362
7363
7364
7367
7369
7370
7371
7372
7373
7375
7377
7381
7382
7383
7384
7387
7388
7389
7391
7392
7396
7397
7399
7400
7401
7404
7407
7408
7409
7410
7411
7412
7413
7416
7418
7420
7422
7426
7429
7430
7431
7434
7435
7438
7439
7440
7442
7443
7446
7448
7451
7453
7454
7456
7457
7459
7461
7463
7465
7466
7467
7469
7473
7474
7475
7477
7479
7482
7483
7488
7489
7490
7498
7502
7503
7505
7507
7509
7512
7513
7514
7515
7520
7521
7524
7526
7528
7534
7535
7536
7537
7538
7539
7541
7542
7543
7544
7546
7552
7554
7557
7560
7561
7563
7566
7571
7572
7573
7574
7575
7576
7577
7578
7581
7584
7586
7588
7590
7591
7592
7599
7602
7603
7604
7607
7610
7611
7614
7615
7616
7618
7619
7620
7621
7623
7625
7629
7633
7634
7635
7636
7637
7639
7643
7647
7650
7651
7653
7654
7657
7659
7661
7663
7665
7666
7667
7669
7671
7675
7677
7679
7681
7688
7689
7690
7691
7697
7698
7699
7703
7704
7705
7706
7708
7710
7714
7719
7721
7723
7725
7727
7728
7730
7731
7734
7736
7737
7738
7745
7746
7747
7748
7752
7753
7754
7756
7759
7762
7766
7767
7768
7769
7771
7772
7773
7774
7776
7777
7778
7783
7784
7787
7789
7791
7792
7793
7796
7799
7800
7801
7803
7806
7808
7810
7818
7819
7821
7823
7824
7825
7827
7828
7830
7833
7838
7840
7841
7842
7845
7848
7849
7853
7856
7861
7863
7864
7865
7869
7870
7873
7878
7880
7882
7884
7885
7894
7895
7899
7902
7908
7911
7912
7913
7914
7915
7916
7917
7918
7921
7922
7923
7924
7925
7928
7930
7933
7934
7935
7936
7940
7943
7944
7946
7947
7950
7953
7958
7959
7960
7964
7965
7966
7967
7968
7971
7973
7976
7981
7983
7984
7985
7986
7991
7992
7995
7998
8000
8005
8007
8011
8012
8014
8015
8019
8020
8025
8027
8029
8030
8032
8033
8036
8038
8040
8044
8045
8047
8051
8052
8053
8054
8055
8056
8059
8061
8063
8064
8066
8067
8069
8070
8071
8072
8073
8075
8076
8077
8078
8079
8081
8082
8083
8084
8088
8089
8091
8092
8094
8096
8097
8098
8099
8100
8104
8105
8108
8109
8113
8114
8116
8117
8119
8120
8129
8131
8132
8133
8135
8136
8139
8141
8146
8153
8155
8157
8160
8163
8164
8168
8174
8175
8180
8182
8183
8184
8185
8187
8191
8194
8197
8198
8199
8202
8204
8206
8215
8218
8219
8220
8224
8226
8227
8228
8229
8232
8233
8234
8244
8247
8250
8254
8257
8259
8264
8268
8269
8270
8272
8273
8278
8281
8282
8283
8284
8286
8288
8289
8290
8292
8295
8297
8298
8299
8301
8303
8304
8307
8308
8309
8312
8317
8319
8322
8323
8324
8325
8327
8328
8329
8331
8332
8334
8335
8336
8337
8340
8341
8342
8343
8344
8345
8346
8347
8348
8349
8359
8362
8364
8365
8366
8368
8369
8370
8372
8375
8376
8377
8382
8385
8387
8388
8391
8393
8396
8397
8398
8400
8401
8405
8407
8416
8419
8424
8425
8427
8428
8430
8434
8436
8438
8440
8441
8443
8444
8447
8450
8456
8457
8459
8461
8464
8466
8467
8471
8472
8481
8483
8484
8485
8486
8487
8489
8490
8491
8494
8496
8505
8507
8510
8511
8512
8515
8518
8519
8521
8522
8526
8527
8528
8531
8532
8533
8534
8536
8537
8538
8539
8540
8541
8543
8545
8548
8550
8553
8559
8562
8564
8567
8573
8574
8576
8577
8579
8581
8582
8584
8588
8590
8594
8595
8596
8597
8598
8599
8602
8603
8604
8611
8612
8613
8614
8615
8616
8620
8622
8623
8624
8626
8627
8628
8634
8635
8636
8637
8638
8640
8641
8643
8647
8648
8649
8654
8656
8657
8662
8665
8672
8674
8675
8678
8680
8682
8684
8685
8686
8688
8689
8690
8693
8694
8695
8696
8697
8698
8699
8700
8705
8707
8709
8710
8715
8717
8718
8719
8721
8722
8723
8724
8725
8730
8731
8732
8733
8737
8738
8740
8742
8743
8744
8746
8747
8748
8753
8758
8759
8760
8764
8765
8766
8768
8769
8770
8771
8773
8775
8777
8778
8779
8780
8784
8787
8788
8790
8794
8796
8798
8800
8801
8804
8805
8807
8812
8813
8814
8817
8818
8820
8821
8822
8826
8827
8830
8831
8832
8833
8834
8835
8837
8838
8840
8844
8846
8847
8853
8854
8860
8863
8864
8867
8868
8870
8873
8874
8875
8879
8880
8881
8883
8884
8885
8887
8888
8890
8895
8896
8897
8899
8900
8901
8904
8905
8906
8909
8910
8913
8915
8916
8917
8918
8921
8923
8924
8925
8927
8931
8932
8933
8934
8936
8942
8946
8948
8950
8952
8953
8955
8956
8958
8960
8963
8964
8968
8969
8971
8974
8978
8979
8980
8984
8985
8986
8987
8991
8992
8994
8996
8998
8999
9001
9002
9004
9005
9010
9012
9015
9017
9021
9023
9024
9025
9026
9030
9033
9034
9035
9036
9038
9040
9041
9042
9044
9047
9048
9051
9052
9054
9056
9059
9060
9062
9063
9064
9069
9070
9072
9073
9075
9076
9078
9082
9084
9091
9092
9100
9102
9104
9105
9107
9108
9110
9112
9113
9114
9116
9117
9121
9123
9124
9125
9126
9129
9130
9132
9133
9134
9136
9137
9139
9140
9141
9142
9144
9145
9147
9151
9152
9153
9156
9159
9160
9161
9163
9167
9168
9173
9176
9177
9179
9180
9182
9183
9184
9189
9193
9194
9195
9197
9198
9202
9204
9205
9206
9207
9208
9209
9211
9217
9218
9219
9220
9221
9225
9227
9231
9233
9238
9239
9241
9242
9244
9245
9246
9248
9251
9252
9253
9254
9255
9257
9258
9259
9260
9264
9266
9268
9269
9271
9272
9276
9282
9288
9289
9290
9292
9294
9298
9299
9301
9303
9306
9309
9312
9313
9314
9316
9319
9322
9323
9324
9329
9331
9333
9334
9335
9336
9339
9342
9343
9344
9345
9348
9349
9350
9354
9357
9358
9359
9360
9363
9364
9365
9367
9368
9371
9373
9374
9376
9377
9378
9383
9386
9389
9391
9394
9395
9396
9397
9398
9400
9403
9404
9406
9407
9409
9410
9411
9413
9414
9415
9420
9421
9425
9427
9429
9430
9431
9433
9438
9442
9443
9444
9446
9451
9454
9457
9461
9466
9468
9469
9470
9471
9473
9476
9478
9479
9480
9485
9488
9490
9491
9496
9497
9499
9501
9503
9504
9508
9510
9513
9514
9516
9518
9519
9522
9525
9527
9528
9529
9530
9533
9537
9538
9540
9541
9545
9546
9547
9550
9551
9552
9553
9554
9556
9557
9560
9561
9566
9567
9569
9574
9575
9576
9577
9578
9580
9581
9584
9588
9590
9591
9592
9597
9598
9599
9600
9604
9605
9606
9607
9608
9610
9618
9620
9621
9622
9628
9629
9631
9632
9636
9637
9638
9639
9640
9641
9643
9644
9645
9646
9647
9649
9651
9652
9653
9654
9660
9661
9662
9663
9664
9665
9667
9669
9674
9676
9677
9684
9685
9686
9687
9689
9690
9691
9692
9693
9696
9697
9698
9699
9702
9704
9706
9707
9710
9711
9713
9714
9715
9718
9719
9721
9722
9723
9727
9728
9729
9731
9732
9733
9735
9736
9737
9741
9742
9744
9746
9748
9749
9751
9753
9754
9755
9756
9757
9759
9763
9766
9767
9768
9769
9772
9775
9776
9777
9778
9782
9784
9787
9788
9789
9790
9792
9793
9794
9796
9798
9800
9801
9807
9809
9812
9813
9816
9817
9818
9820
9821
9822
9824
9827
9828
9829
9830
9831
9834
9835
9836
9837
9838
9839
9841
9842
9845
9847
9849
9853
9855
9859
9862
9864
9865
9868
9870
9872
9873
9875
9879
9882
9883
9886
9888
9891
9894
9895
9896
9899
9900
9902
9907
9909
9914
9915
9917
9919
9920
9921
9924
9926
9927
9930
9932
9933
9934
9935
9936
9937
9941
9942
9943
9945
9947
9948
9951
9953
9954
9958
9960
9961
9962
9963
9964
9965
9966
9967
9968
9971
9975
9977
9979
9981
9984
9986
9987
9991
9995
9996
9998
10000
10004
10005
10006
10007
10008
10010
10011
10012
10013
10014
10015
10016
10017
10018
10020
10021
10022
10025
10026
10027
10030
10031
10033
10035
10040
10041
10042
10046
10051
10054
10056
10060
10062
10064
10065
10066
10067
10071
10072
10073
10074
10075
10079
10080
10082
10083
10084
10086
10088
10093
10095
10097
10099
10102
10106
10109
10111
10112
10116
10117
10119
10120
10127
10129
10131
10132
10133
10135
10138
10139
10140
10141
10142
10144
10147
10148
10150
10151
10152
10154
10156
10157
10158
10162
10164
10165
10166
10167
10168
10170
10174
10177
10178
10179
10181
10182
10185
10188
10189
10191
10192
10193
10196
10197
10198
10199
10200
10203
10204
10205
10208
10210
10214
10218
10219
10220
10221
10223
10224
10225
10226
10227
10228
10232
10235
10239
10241
10243
10249
10250
10251
10252
10254
10255
10256
10258
10259
10260
10267
10268
10270
10271
10273
10274
10275
10278
10287
10289
10290
10293
10294
10295
10298
10299
10300
10301
10305
10306
10307
10308
10312
10313
10314
10318
10321
10326
10331
10335
10337
10338
10340
10342
10343
10344
10345
10346
10347
10357
10360
10361
10362
10365
10367
10369
10370
10372
10374
10375
10377
10378
10380
10382
10384
10385
10388
10391
10392
10393
10394
10395
10397
10398
10401
10402
10405
10406
10407
10408
10411
10420
10426
10427
10428
10429
10432
10435
10436
10437
10438
10439
10440
10441
10442
10444
10446
10447
10448
10449
10450
10451
10452
10454
10455
10456
10460
10461
10468
10469
10471
10475
10476
10477
10478
10479
10486
10489
10491
10494
10495
10496
10497
10500
10501
10503
10504
10506
10510
10517
10518
10519
10520
10522
10523
10524
10526
10527
10528
10531
10532
10535
10536
10537
10538
10539
10544
10549
10552
10553
10554
10556
10557
10560
10561
10563
10564
10565
10568
10569
10570
10572
10573
10574
10578
10579
10580
10581
10582
10584
10586
10587
10589
10592
10593
10594
10595
10597
10598
10599
10600
10602
10604
10605
10606
10609
10611
10615
10616
10618
10621
10623
10624
10628
10630
10631
10634
10636
10639
10640
10641
10644
10645
10646
10648
10652
10653
10655
10656
10660
10663
10665
10667
10669
10671
10672
10673
10674
10676
10677
10678
10679
10680
10682
10683
10684
10686
10687
10688
10690
10692
10693
10694
10695
10696
10700
10703
10704
10707
10709
10710
10711
10716
10719
10721
10723
10725
10726
10729
10730
10731
10732
10733
10734
10736
10738
10740
10741
10743
10744
10748
10753
10760
10761
10763
10764
10765
10767
10768
10770
10771
10773
10775
10777
10780
10782
10784
10785
10787
10789
10790
10791
10792
10795
10800
10804
10806
10808
10809
10813
10815
10819
10822
10826
10829
10830
10831
10833
10834
10839
10840
10841
10844
10845
10848
10849
10850
10851
10852
10853
10854
10856
10858
10860
10865
10869
10870
10871
10873
10876
10878
10880
10881
10883
10884
10887
10888
10890
10893
10897
10899
10902
10904
10905
10907
10908
10909
10910
10911
10913
10914
10915
10917
10919
10921
10922
10925
10932
10933
10934
10936
10937
10938
10940
10941
10942
10945
10950
10951
10952
10954
10955
10956
10957
10961
10962
10966
10967
10968
10975
10978
10979
10981
10985
10988
10990
10992
10993
10994
10995
10996
10998
10999
11000
11004
11005
11009
11011
11014
11018
11023
11027
11033
11034
11035
11037
11039
11043
11045
11047
11049
11051
11054
11056
11058
11059
11060
11061
11064
11065
11066
11067
11068
11069
11071
11072
11076
11078
11080
11083
11084
11088
11089
11090
11092
11093
11094
11096
11097
11099
11100
11101
11102
11103
11106
11109
11110
11113
11114
11116
11117
11121
11123
11125
11126
11130
11137
11138
11139
11142
11144
11145
11146
11147
11148
11149
11151
11152
11154
11157
11158
11163
11166
11167
11169
11171
11172
11173
11175
11176
11177
11180
11181
11185
11186
11187
11189
11192
11196
11198
11199
11200
11201
11204
11205
11207
11209
11210
11212
11214
11215
11216
11219
11220
11224
11228
11229
11230
11233
11234
11235
11237
11239
11240
11241
11242
11243
11244
11246
11249
11250
11251
11253
11257
11258
11261
11264
11265
11268
11271
11272
11276
11280
11281
11283
11286
11288
11289
11290
11294
11295
11296
11297
11298
11299
11300
11304
11306
11307
11312
11313
11315
11318
11321
11324
11327
11329
11331
11332
11333
11334
11335
11337
11338
11340
11342
11345
11348
11349
11352
11355
11357
11358
11359
11360
11361
11363
11364
11365
11366
11367
11368
11369
11371
11373
11374
11377
11381
11383
11384
11386
11389
11391
11392
11393
11394
11395
11398
11400
11401
11403
11405
11410
11411
11413
11414
11416
11420
11422
11424
11426
11427
11429
11431
11433
11434
11436
11444
11446
11448
11451
11452
11454
11457
11458
11459
11463
11464
11465
11467
11468
11471
11476
11477
11483
11485
11486
11487
11488
11491
11492
11493
11497
11500
11503
11504
11506
11507
11508
11510
11511
11512
11513
11515
11518
11522
11523
11524
11525
11526
11527
11528
11530
11533
11536
11538
11540
11542
11544
11545
11546
11548
11549
11550
11552
11553
11556
11557
11560
11564
11571
11572
11574
11576
11578
11581
11583
11584
11585
11588
11590
11591
11592
11593
11594
11595
11596
11597
11598
11600
11601
11602
11605
11606
11608
11609
11610
11611
11612
11614
11618
11620
11622
11623
11625
11626
11627
11632
11634
11635
11636
11639
11641
11643
11646
11649
11652
11653
11655
11659
11661
11662
11663
11666
11667
11668
11669
11671
11675
11685
11686
11687
11688
11693
11694
11695
11697
11698
11704
11710
11711
11713
11714
11717
11718
11724
11726
11728
11730
11731
11733
11739
11740
11744
11745
11746
11747
11750
11752
11754
11755
11757
11760
11763
11764
11765
11769
11770
11775
11778
11779
11780
11783
11786
11788
11789
11790
11791
11792
11793
11794
11795
11796
11797
11798
11801
11803
11806
11807
11808
11810
11815
11816
11820
11822
11823
11826
11830
11832
11837
11838
11839
11840
11842
11845
11850
11851
11852
11855
11856
11857
11858
11861
11862
11863
11865
11866
11870
11871
11874
11876
11880
11881
11882
11886
11890
11893
11895
11896
11898
11899
11901
11904
11905
11907
11908
11909
11911
11913
11921
11922
11923
11927
11928
11929
11931
11933
11937
11938
11939
11942
11943
11945
11948
11951
11952
11956
11958
11960
11962
11963
11964
11965
11966
11967
11968
11969
11971
11972
11981
11982
11984
11986
11987
11988
11989
11992
11995
11997
