1.187
1.251
1.177
2.081
2.063
2.042
0.557
0.633
0.685
1.762
1.773
1.777
2.838
2.850
2.830
1.233
1.259
1.262
1.048
1.121
1.072
2.623
2.635
2.600
2.991
3.014
3.011
2.732
2.770
2.743
1.475
1.494
1.491
1.123
1.164
1.140
1.324
1.443
1.395
1.612
1.667
1.601
1.297
1.348
1.299
1.258
1.272
1.227
0.796
0.842
0.750
2.954
2.998
2.964
1.488
1.522
1.523
2.635
2.677
2.588
1.541
1.568
1.558
2.310
2.364
2.313
0.855
0.889
0.911
2.224
2.234
2.139
0.999
1.164
1.147
1.493
1.497
1.495
1.467
1.514
1.528
0.858
0.859
0.854
0.902
0.938
0.950
1.214
1.229
1.220
1.012
1.005
1.087
2.119
2.149
2.120
1.116
1.162
1.156
2.099
2.082
2.117
0.696
0.756
0.735
2.851
2.875
2.841
1.206
1.227
1.214
1.138
1.184
1.195
2.180
2.177
2.164
1.048
1.055
1.049
2.257
2.292
2.275
1.148
1.138
1.145
1.217
1.272
1.265
1.888
1.989
2.010
1.057
1.114
1.100
1.625
1.647
1.617
1.355
1.406
1.257
1.156
1.170
1.159
1.960
1.993
1.955
1.095
1.165
1.132
1.641
1.669
1.650
2.379
2.409
2.400
1.553
1.587
1.598
2.581
2.602
2.601
1.633
1.729
1.730
1.402
1.464
1.472
2.205
2.218
2.224
1.490
1.522
1.519
1.304
1.303
1.311
3.152
3.132
3.267
1.031
1.059
1.070
2.411
2.445
2.443
2.134
2.139
2.197
1.403
1.446
1.334
2.477
2.487
2.554
1.704
1.717
1.711
2.042
2.038
2.052
2.417
2.462
2.377
1.883
2.115
2.100
1.966
1.970
2.001
1.262
1.310
1.312
0.789
0.789
0.792
2.438
2.460
2.491
2.502
2.516
2.493
2.574
2.588
2.596
1.959
1.975
1.987
2.365
2.381
2.366
1.595
1.631
1.637
1.890
1.913
1.912
1.694
1.701
1.725
2.947
3.012
2.985
2.645
2.646
2.550
1.511
1.484
1.499
1.565
1.583
1.592
2.112
2.186
2.243
0.824
0.847
0.816
0.850
0.981
0.951
1.294
1.323
1.315
0.888
0.971
0.977
1.545
1.593
1.575
0.865
0.848
0.864
2.564
2.595
2.574
2.044
2.053
2.046
1.289
1.339
1.383
1.746
1.763
1.738
0.741
0.742
0.741
1.695
1.741
1.829
0.922
0.961
0.938
0.791
0.805
0.797
0.321
0.376
0.373
0.660
0.943
0.881
2.454
2.544
2.654
1.646
1.739
1.705
2.779
2.750
2.721
0.653
0.699
0.695
0.814
0.820
0.841
2.406
2.455
2.452
0.787
1.059
0.909
3.308
3.301
3.290
0.883
0.933
0.947
1.146
1.246
1.164
1.046
1.051
1.046
1.090
1.133
1.126
2.173
2.173
2.140
3.223
3.229
3.235
1.075
1.124
1.103
3.574
3.602
3.678
0.636
0.652
0.662
1.844
1.838
1.833
0.853
0.908
0.903
2.232
2.240
2.182
0.936
0.971
0.972
0.577
0.677
0.662
0.949
0.953
0.961
4.324
4.336
4.300
1.257
1.257
1.202
1.949
1.969
1.958
1.230
1.262
1.251
1.774
1.759
1.735
1.986
1.939
1.937
2.442
2.497
2.487
2.254
2.262
2.278
1.946
1.943
1.948
1.766
1.836
1.841
1.477
1.528
1.494
2.472
2.494
2.528
1.147
1.272
1.356
2.353
2.360
2.354
1.165
1.200
1.193
1.159
1.177
1.175
0.913
0.889
0.892
0.944
0.969
0.959
3.557
3.652
3.592
1.278
1.250
1.271
1.067
1.047
1.060
1.654
1.669
1.614
1.654
1.773
1.578
2.258
2.252
2.228
1.584
1.606
1.613
2.260
2.223
2.224
1.684
1.652
1.690
2.078
2.056
1.990
1.598
1.604
1.638
1.565
1.601
1.557
0.363
0.427
0.411
1.655
1.682
1.730
0.498
0.541
0.547
1.041
1.015
1.030
1.965
1.988
1.995
0.886
0.879
0.878
1.212
1.249
1.233
2.765
2.761
2.757
2.456
2.511
2.505
1.547
1.572
1.559
1.772
1.811
1.878
2.126
2.159
2.146
2.178
2.204
2.159
0.827
0.873
0.836
1.066
1.097
1.058
1.459
1.502
1.450
1.221
1.252
1.188
1.006
1.024
1.044
1.782
1.806
1.754
1.051
1.102
1.093
1.040
1.000
1.022
1.279
1.354
1.356
1.926
1.918
1.934
3.146
3.128
3.133
1.309
1.453
1.341
2.056
2.074
2.045
0.405
0.424
0.437
1.843
1.853
1.852
1.211
1.531
1.509
1.856
1.865
1.859
1.877
1.954
1.925
0.831
0.855
0.850
1.872
2.022
1.856
1.872
2.002
1.856
1.872
1.973
1.856
1.586
1.642
1.655
1.445
1.506
1.483
2.084
2.109
2.113
1.072
1.145
1.145
1.741
1.717
1.706
1.202
1.251
1.311
2.195
2.225
2.221
1.852
1.820
1.838
2.823
2.807
2.753
2.898
2.883
2.821
1.325
1.334
1.376
1.831
1.830
1.835
2.270
2.281
2.275
1.371
1.368
1.423
1.297
1.302
1.287
1.559
1.578
1.596
1.946
1.939
1.945
1.798
1.945
1.804
0.991
0.995
0.973
1.940
1.965
1.946
1.635
1.699
1.648
2.174
2.193
2.195
1.368
1.484
1.488
1.391
1.395
1.390
1.192
1.277
1.253
2.426
2.452
2.423
2.809
2.814
2.853
2.735
2.803
2.905
1.253
1.291
1.286
1.143
1.154
1.171
2.426
2.469
2.481
2.840
2.862
2.883
2.442
2.462
2.472
0.906
0.926
0.907
1.144
1.161
1.127
1.383
1.388
1.394
2.632
2.658
2.604
1.366
1.376
1.395
1.830
1.917
1.872
2.066
2.115
2.082
1.878
1.871
1.796
1.876
1.886
1.878
1.481
1.506
1.501
1.272
1.300
1.293
1.633
1.742
1.642
2.001
2.006
1.974
2.235
2.277
2.296
1.685
1.704
1.707
0.477
0.512
0.519
2.186
2.229
2.102
1.216
1.212
1.160
0.691
0.927
0.788
1.821
1.859
1.854
3.226
3.240
3.268
1.517
1.550
1.479
0.979
1.055
1.084
0.997
1.047
1.069
1.681
1.702
1.693
3.131
3.148
3.220
0.644
0.666
0.742
1.223
1.328
1.381
1.414
1.502
1.473
1.953
1.964
1.957
1.729
1.764
1.803
2.478
2.527
2.513
1.242
1.262
1.228
2.998
3.011
3.007
3.297
3.438
3.421
2.798
2.848
2.795
1.678
1.684
1.745
1.215
1.255
1.267
1.143
1.136
1.135
1.748
1.756
1.734
1.527
1.532
1.516
0.886
0.945
0.949
0.870
0.901
0.910
1.484
1.514
1.560
2.067
2.062
2.062
0.807
0.874
0.874
2.051
2.062
2.062
1.445
1.466
1.452
1.677
1.671
1.699
2.058
2.071
2.061
0.758
0.841
0.829
0.784
0.864
0.903
2.010
2.051
2.113
3.126
3.135
3.141
2.223
2.290
2.291
0.589
0.593
0.575
0.536
0.638
0.628
2.018
2.073
2.086
2.219
2.235
2.203
1.498
1.494
1.492
1.542
1.534
1.604
1.327
1.356
1.254
1.256
1.271
1.274
0.889
0.925
0.938
1.994
2.016
2.006
1.628
1.637
1.625
1.357
1.388
1.385
2.280
2.284
2.260
2.280
2.284
2.260
1.894
1.925
1.955
1.528
1.541
1.557
2.388
2.409
2.395
0.677
0.690
0.732
1.717
1.742
1.739
1.022
1.087
1.078
1.203
1.240
1.220
1.424
1.527
1.502
0.789
0.809
0.818
2.982
3.040
3.003
0.798
0.844
0.859
1.518
1.516
1.498
0.602
0.605
0.619
1.356
1.377
1.524
1.724
1.751
1.747
2.830
2.829
2.866
1.968
1.982
1.984
2.631
2.639
2.615
0.854
0.912
0.938
1.215
1.213
1.245
1.692
1.771
1.680
0.946
1.026
1.060
0.994
1.017
1.047
3.064
3.069
2.991
0.565
0.672
0.687
4.432
4.437
4.412
0.461
0.502
0.510
0.849
0.879
0.881
1.094
1.132
1.163
1.293
1.305
1.318
1.792
1.810
1.787
1.070
1.141
1.092
2.503
2.477
2.495
1.535
1.645
1.608
0.708
0.794
0.829
1.815
1.824
1.821
1.922
1.964
2.008
1.840
1.843
1.827
2.742
2.742
2.732
1.576
1.656
1.521
0.895
0.933
0.905
0.760
0.750
0.745
0.779
0.856
0.882
1.214
1.265
1.256
0.689
0.766
0.760
1.295
1.337
1.371
1.714
1.738
1.763
3.135
3.146
3.119
2.132
2.205
2.178
1.168
1.440
1.471
2.131
2.203
2.232
2.660
2.680
2.680
1.425
1.452
1.454
1.450
1.495
1.487
2.912
2.922
2.926
2.298
2.290
2.268
0.971
0.980
0.996
0.981
1.029
1.091
1.259
1.245
1.249
0.741
0.796
0.805
1.756
1.770
1.768
2.346
2.340
2.339
2.279
2.344
2.380
2.291
2.285
2.262
0.765
0.789
0.802
2.267
2.268
2.230
2.083
2.135
2.052
1.561
1.599
1.594
1.938
1.996
1.975
2.006
2.062
2.012
1.606
1.611
1.553
2.223
2.227
2.274
1.605
1.675
1.643
1.650
1.696
1.692
4.514
4.527
4.610
2.428
2.469
2.450
1.729
1.730
1.744
1.072
1.074
1.121
0.401
0.530
0.512
0.424
0.475
0.440
0.414
0.435
0.428
1.633
1.629
1.621
1.611
1.655
1.636
1.666
2.035
2.026
2.116
2.123
2.122
0.797
0.824
0.828
2.368
2.363
2.390
2.778
2.813
2.774
2.131
2.127
2.135
1.914
1.953
1.952
2.038
2.124
2.065
1.757
1.778
1.763
1.248
1.282
1.310
1.402
1.546
1.367
0.997
1.007
1.005
1.249
1.264
1.268
0.908
0.962
0.931
1.297
1.298
1.311
2.588
2.637
2.651
1.491
1.526
1.767
2.049
2.086
2.065
0.970
1.334
1.131
1.349
1.974
2.018
1.186
1.167
1.138
0.836
0.910
0.864
2.377
2.422
2.460
1.872
2.056
2.068
0.806
0.817
0.787
0.890
0.894
0.874
1.689
1.697
1.776
1.027
1.057
1.053
1.119
1.200
1.195
1.531
1.529
1.545
2.145
2.134
2.152
1.891
1.911
1.905
2.059
2.055
2.073
1.182
1.182
1.172
1.678
1.611
1.593
2.782
2.815
2.782
2.702
2.717
2.697
2.006
2.051
1.983
1.130
1.152
1.159
2.717
2.787
2.741
2.574
2.584
2.632
1.355
1.323
1.330
1.360
1.373
1.390
2.118
2.087
2.138
1.184
1.242
1.244
1.480
1.466
1.440
1.239
1.271
1.219
1.024
1.074
1.089
2.338
2.363
2.261
1.370
1.303
1.377
1.975
2.033
2.035
2.246
2.400
2.454
1.937
1.904
1.933
1.748
1.788
1.779
2.031
2.035
2.007
1.340
1.346
1.311
2.062
2.107
2.080
1.416
1.472
1.469
2.400
2.467
2.447
1.367
1.426
1.411
1.694
1.717
1.680
1.309
1.342
1.274
1.529
1.605
1.531
1.165
1.180
1.191
1.714
1.737
1.717
1.397
1.422
1.385
1.189
1.260
1.297
1.293
1.332
1.322
1.125
1.125
1.168
1.888
1.924
1.966
3.033
3.048
3.025
3.033
3.048
3.025
2.510
2.534
2.536
0.670
0.731
0.709
1.379
1.392
1.394
1.740
1.751
1.748
1.939
1.960
1.964
2.905
2.919
2.891
0.670
0.731
0.709
1.735
1.739
1.762
2.375
2.428
2.390
0.670
0.718
0.657
3.372
3.437
3.415
1.952
2.009
1.983
2.131
2.131
2.142
1.479
1.532
1.509
1.925
1.940
1.920
1.070
1.089
1.107
1.812
1.851
1.809
1.365
1.412
1.383
1.627
1.679
1.652
2.434
2.452
2.480
1.298
1.277
1.275
0.858
0.889
0.866
1.501
1.514
1.568
2.036
2.044
1.989
1.903
1.939
1.944
1.682
1.652
1.678
2.903
2.981
2.945
1.657
1.650
1.647
2.749
2.929
2.706
2.085
2.171
2.122
1.402
1.416
1.398
1.268
1.348
1.330
1.186
1.189
1.181
1.306
1.308
1.302
2.585
2.567
2.575
2.725
2.763
2.749
2.535
2.583
2.570
2.187
2.203
2.198
2.015
2.056
2.006
1.316
1.311
1.323
1.500
1.498
1.469
1.992
2.051
2.185
0.691
0.709
0.647
1.086
1.084
1.019
1.050
1.032
1.082
1.894
1.925
1.877
1.849
1.898
1.879
1.601
1.633
1.638
1.107
1.110
1.139
0.904
1.036
1.053
1.171
1.228
1.211
0.679
0.723
0.712
0.997
1.109
1.111
1.978
1.992
1.996
1.492
1.519
1.471
1.788
1.799
1.817
1.691
1.722
1.684
1.988
1.977
1.933
2.513
2.538
2.510
1.388
1.447
1.475
1.214
1.291
1.264
1.955
1.993
1.984
1.955
1.993
1.984
2.638
2.710
2.713
2.366
2.417
2.439
1.790
1.885
1.864
0.575
0.673
0.678
3.056
3.138
3.047
1.697
1.720
1.723
1.529
1.549
1.524
1.493
1.496
1.486
1.445
1.477
1.490
1.018
1.063
1.024
0.573
0.657
0.627
1.739
1.826
1.755
2.274
2.333
2.307
0.923
0.933
0.934
2.543
2.552
2.555
2.537
2.526
2.548
1.041
1.151
1.133
1.906
1.921
1.919
3.049
3.073
3.031
2.322
2.437
2.487
2.004
2.024
1.987
2.743
2.784
2.764
1.867
1.841
1.821
2.573
2.660
2.580
2.573
2.669
2.580
1.586
1.584
1.573
1.985
2.008
1.992
2.192
2.296
2.303
2.058
2.110
2.071
1.170
1.166
1.224
1.800
1.833
1.825
1.079
1.152
1.164
2.436
2.570
2.503
1.708
1.723
1.704
2.337
2.382
2.341
2.654
2.705
2.697
2.372
2.441
2.434
2.986
2.993
2.980
2.255
2.316
2.282
0.983
1.020
1.000
2.235
2.253
2.226
1.472
1.498
1.507
1.636
1.717
1.645
1.233
1.270
1.246
2.828
2.851
2.806
1.651
1.685
1.692
1.270
1.285
1.271
2.265
2.260
2.235
2.265
2.228
2.166
0.485
0.501
0.520
0.936
0.948
0.811
1.567
1.577
1.574
1.250
1.262
1.248
0.446
0.483
0.502
1.577
1.695
1.704
0.407
0.488
0.497
0.694
0.790
0.777
1.574
1.597
1.618
1.070
1.089
1.081
0.858
0.862
0.940
1.787
1.873
1.897
2.244
2.282
2.294
0.935
0.922
0.948
0.285
0.320
0.313
2.905
2.944
2.944
3.182
3.258
3.161
2.510
2.538
2.503
1.036
1.037
1.045
1.569
1.560
1.594
1.202
1.207
1.203
2.042
2.096
2.094
2.555
2.554
2.541
1.902
1.929
1.906
0.953
0.998
0.969
2.265
2.300
2.296
1.093
1.159
1.106
1.622
1.657
1.638
2.773
2.767
2.754
2.625
2.712
2.682
1.501
1.451
1.505
0.761
0.797
0.779
1.048
1.053
1.043
1.173
1.266
1.224
2.052
2.130
2.123
1.288
1.347
1.275
0.723
0.745
0.754
1.478
1.629
1.693
1.172
1.192
1.196
1.709
1.773
1.782
1.382
1.377
1.342
2.646
2.672
2.645
1.618
1.639
1.607
0.925
0.931
0.948
2.508
2.510
2.507
1.369
1.402
1.399
2.429
2.553
2.648
2.499
2.518
2.465
1.329
1.356
1.362
1.383
1.458
1.446
1.358
1.369
1.376
1.618
1.733
1.731
1.195
1.201
1.195
0.698
0.739
0.760
1.712
1.781
1.755
2.157
2.086
2.115
1.415
1.477
1.501
0.616
0.656
0.680
0.665
0.731
0.731
1.702
1.752
1.731
1.729
1.785
1.799
1.779
1.813
1.806
0.959
0.929
0.968
2.018
2.027
2.031
0.956
1.030
0.928
0.956
1.056
0.928
1.697
1.700
1.701
2.921
2.928
2.945
0.932
0.976
0.974
1.422
1.469
1.418
2.065
2.112
2.066
2.496
2.513
2.487
1.728
1.744
1.791
2.306
2.308
2.303
1.445
1.464
1.495
1.586
1.763
1.767
0.465
0.453
0.499
1.370
1.442
1.426
1.000
0.987
1.026
0.776
0.823
0.819
1.149
1.279
1.259
1.819
1.832
1.811
0.952
0.955
0.975
0.663
0.749
0.829
1.114
1.161
1.132
1.772
1.724
1.722
1.211
1.206
1.259
4.221
4.239
4.292
0.646
0.680
0.681
0.433
0.495
0.512
0.272
0.291
0.311
1.641
1.676
1.563
1.529
1.576
1.595
1.474
1.480
1.464
2.852
3.225
3.177
1.162
1.193
1.155
2.582
2.640
2.647
1.474
1.486
1.508
1.462
1.476
1.412
2.966
2.931
2.897
1.743
1.751
1.756
1.449
1.480
1.480
1.194
1.218
1.218
2.220
2.240
2.232
0.994
0.950
0.950
1.392
1.405
1.399
1.462
1.500
1.490
1.891
1.697
1.676
2.516
2.516
2.486
2.058
2.118
2.093
1.224
1.232
1.220
2.806
2.806
2.814
1.109
1.113
1.116
1.377
1.704
1.684
1.820
2.013
1.856
2.171
2.183
2.166
1.391
1.382
1.397
1.131
1.131
1.110
2.198
2.188
2.227
2.467
2.515
2.459
3.075
3.082
3.074
0.576
0.623
0.633
1.592
1.627
1.700
1.495
1.526
1.507
1.800
1.864
1.842
1.713
1.733
1.734
1.200
1.216
1.171
2.348
2.319
2.332
1.304
1.616
1.677
0.550
0.576
0.555
2.891
2.864
2.886
1.530
1.545
1.543
1.633
1.605
1.618
1.755
1.758
1.733
3.157
3.150
3.171
0.970
0.970
0.985
2.166
2.214
2.198
3.153
3.192
3.218
0.981
1.049
1.081
3.315
3.331
3.333
0.981
1.024
0.941
1.757
1.911
1.818
1.035
1.058
1.035
3.831
3.826
3.915
2.687
2.685
2.634
1.489
1.557
1.423
2.092
2.144
2.129
0.783
0.846
0.844
2.626
2.627
2.585
1.433
1.485
1.486
3.092
3.114
3.102
1.877
1.874
1.873
1.236
1.149
1.136
2.978
2.982
2.976
2.079
2.060
2.057
1.093
1.144
1.170
1.796
1.832
1.858
0.840
0.957
0.909
0.840
0.987
0.909
1.176
1.285
1.204
1.388
1.461
1.469
1.855
1.868
1.774
1.855
1.849
1.749
1.507
1.525
1.496
1.122
1.142
1.134
1.508
1.521
1.518
1.876
1.868
1.881
1.690
1.738
1.751
0.825
0.960
0.892
0.758
0.804
0.794
3.756
3.755
3.837
0.482
0.573
0.565
1.442
1.471
1.434
0.865
1.030
0.925
1.088
1.082
1.044
1.088
1.082
1.044
1.135
1.143
1.157
0.726
0.732
0.731
0.842
0.868
0.871
2.344
2.319
2.354
0.903
0.858
0.867
2.236
2.186
2.171
2.386
2.587
2.360
0.564
0.653
0.621
1.675
1.738
1.671
1.409
1.439
1.414
2.189
2.212
2.212
2.254
2.317
2.346
1.099
1.195
1.133
1.554
1.596
1.541
1.640
1.717
1.688
1.976
2.056
2.005
1.752
1.775
1.850
0.626
0.607
0.614
1.049
1.074
1.045
1.684
1.629
1.658
2.025
2.038
2.008
3.092
3.121
3.168
1.212
1.211
1.182
0.697
0.922
0.918
1.219
1.314
1.416
1.191
1.209
1.230
0.874
0.906
0.874
0.909
0.912
0.905
1.538
1.559
1.524
1.193
1.326
1.313
2.206
2.219
2.223
2.230
2.326
2.271
2.183
2.169
2.145
1.558
1.559
1.559
0.960
0.974
0.963
1.166
1.201
1.201
1.237
1.237
1.248
0.999
1.020
1.024
1.548
1.568
1.535
0.840
0.904
0.894
1.440
1.463
1.404
1.205
1.222
1.179
1.337
1.350
1.277
2.883
2.908
2.869
1.443
1.498
1.498
1.725
1.908
2.103
1.861
2.049
2.238
1.725
1.908
2.103
1.861
2.049
2.238
1.861
2.049
2.238
1.725
1.908
2.103
1.674
1.847
2.005
1.566
1.552
1.557
1.830
1.837
1.818
0.690
0.688
0.706
1.034
1.077
1.037
1.953
2.003
1.988
2.169
2.192
2.216
1.321
1.349
1.387
0.946
0.956
0.951
0.848
0.832
0.841
1.055
1.088
1.061
2.462
2.532
2.826
1.187
1.225
1.190
1.290
1.345
1.312
0.667
0.755
0.643
1.044
1.027
0.994
1.416
1.430
1.429
1.724
1.774
1.747
0.779
0.843
0.869
1.308
1.317
1.316
1.077
1.305
1.291
0.797
0.925
0.796
0.986
1.048
1.047
1.524
1.496
1.504
2.708
2.729
2.708
0.796
0.788
0.856
1.228
1.262
1.312
2.409
2.401
2.375
1.697
1.755
1.772
1.915
1.993
1.944
1.915
1.993
1.944
1.572
1.652
1.651
2.655
2.636
2.654
1.630
1.676
1.664
1.681
1.735
1.717
2.419
2.479
2.406
1.262
1.303
1.273
2.058
2.103
2.061
1.543
1.536
1.505
1.824
1.838
1.827
1.742
1.783
1.785
2.071
2.082
2.064
1.507
1.630
1.583
1.233
1.254
1.241
2.001
2.025
2.051
0.622
0.638
0.645
1.193
1.204
1.193
2.072
2.107
2.073
0.627
0.661
0.634
1.556
1.576
1.576
1.498
1.506
1.497
0.386
0.448
0.429
1.578
1.568
1.537
1.317
1.389
1.366
0.704
0.734
0.709
3.486
3.506
3.534
2.146
2.133
2.155
1.888
1.882
1.878
1.626
1.643
1.640
0.522
0.556
0.526
0.994
1.026
1.012
1.100
1.319
1.540
1.854
1.981
1.997
2.876
3.009
2.934
0.795
0.843
0.860
0.883
0.988
0.961
1.029
1.026
0.963
1.467
1.486
1.497
1.627
1.602
1.553
2.025
2.101
2.121
0.730
0.739
0.756
0.838
0.865
0.873
1.660
1.686
1.645
1.745
1.789
1.752
0.826
0.872
0.894
0.726
0.788
0.744
1.077
1.099
1.091
0.702
0.732
0.655
1.644
1.649
1.687
1.846
1.858
1.872
0.537
0.604
0.578
1.003
1.048
1.099
1.530
1.538
1.525
1.811
1.838
1.829
1.827
1.911
1.998
1.297
1.373
1.456
0.735
0.808
0.798
1.632
1.689
1.674
2.365
2.362
2.358
2.315
2.356
2.350
1.300
1.350
1.359
0.829
0.904
0.896
0.911
0.923
0.919
1.369
1.476
1.505
1.763
1.797
1.746
1.531
1.530
1.552
2.276
2.259
2.219
2.245
2.283
2.262
1.630
1.680
1.676
4.010
3.932
3.994
1.417
1.373
1.338
0.781
1.015
1.228
1.263
1.327
1.338
0.458
0.516
0.554
2.661
2.650
2.609
0.983
1.031
1.023
0.488
0.525
0.525
0.739
0.768
0.766
3.358
3.336
3.355
1.186
1.276
1.262
1.400
1.413
1.403
1.569
1.675
1.712
0.775
0.797
0.814
0.956
1.006
0.974
0.848
0.824
0.922
1.068
1.054
1.048
1.310
1.341
1.360
1.146
1.219
1.194
0.607
0.636
0.607
0.607
0.632
0.653
0.704
0.780
0.795
1.443
1.488
1.450
1.776
1.797
1.771
1.650
1.644
1.640
1.029
1.043
1.072
1.583
1.546
1.558
1.049
1.095
1.098
0.572
0.637
0.611
0.786
0.795
0.812
1.376
1.402
1.416
2.336
2.329
2.316
0.934
0.945
0.895
0.572
0.637
0.611
1.774
1.784
1.767
0.550
0.611
0.586
0.550
0.611
0.586
0.550
0.611
0.586
0.916
0.927
0.946
0.550
0.611
0.586
1.086
1.113
1.112
0.846
0.873
0.877
0.495
0.591
0.583
0.572
0.637
0.611
0.648
0.690
0.674
0.856
0.840
0.804
1.463
1.474
1.443
0.720
0.765
0.750
2.867
2.814
2.835
0.550
0.611
0.586
0.810
0.916
0.886
1.277
1.283
1.282
1.860
1.850
1.852
0.790
0.841
0.826
2.162
2.201
2.150
1.475
1.464
1.406
1.882
1.904
1.900
3.812
3.874
3.856
0.562
0.619
0.625
1.181
1.264
1.224
1.115
1.132
1.115
2.586
2.600
2.574
0.388
0.460
0.440
1.477
1.487
1.482
0.585
0.604
0.648
1.046
1.062
1.068
2.750
2.765
2.738
1.319
1.353
1.358
2.483
2.509
2.464
0.822
0.841
0.803
1.713
1.754
1.659
1.365
1.421
1.395
1.862
1.889
1.880
1.450
1.478
1.473
1.104
1.209
1.212
1.567
1.610
1.606
1.181
1.265
1.219
1.392
1.396
1.355
2.735
2.716
2.747
1.141
1.122
1.124
2.767
2.778
2.753
0.959
1.043
1.001
1.815
1.849
1.904
1.551
1.518
1.507
1.677
1.651
1.643
1.036
1.101
1.098
1.366
1.382
1.372
1.218
1.249
1.193
2.508
2.668
2.640
0.691
0.713
0.711
2.031
2.038
2.014
1.933
1.931
1.921
1.673
1.699
1.713
0.919
0.914
0.921
1.705
1.716
1.708
1.946
2.002
1.954
0.522
0.564
0.553
1.525
1.558
1.534
0.695
0.749
0.733
1.788
1.816
1.806
1.897
1.893
1.834
0.469
0.490
0.507
1.846
1.858
1.839
2.761
2.854
2.838
1.321
1.296
1.315
1.063
1.113
1.085
1.575
1.529
1.550
1.115
1.132
1.115
1.383
1.457
1.418
0.754
0.782
0.775
0.331
0.353
0.372
0.548
0.573
0.599
0.510
0.560
0.538
0.336
0.384
0.368
0.397
0.443
0.427
0.629
0.674
0.655
0.961
0.964
0.976
1.572
1.582
1.548
0.619
0.657
0.675
1.013
1.007
1.028
0.398
0.438
0.423
1.340
1.388
1.301
0.808
0.857
0.880
1.507
1.514
1.508
0.646
0.676
0.614
2.203
2.211
2.207
1.280
1.315
1.294
0.945
0.971
0.959
0.591
0.658
0.575
1.877
1.901
1.924
0.811
0.838
0.986
0.340
0.386
0.372
2.709
2.734
2.687
2.562
2.543
2.557
1.006
0.969
1.013
0.954
0.946
0.889
0.743
0.809
0.825
0.743
0.809
0.825
1.974
1.967
1.982
0.784
0.895
0.840
1.621
1.620
1.619
0.667
0.673
0.635
1.255
1.278
1.302
0.759
0.754
0.767
0.826
0.843
0.847
0.576
0.654
0.622
0.439
0.517
0.535
1.629
1.659
1.669
1.049
1.101
1.082
1.880
2.013
1.901
0.695
0.734
0.718
1.972
1.988
1.985
2.888
2.915
2.878
1.020
1.034
1.037
0.938
0.946
0.952
0.781
0.813
0.837
1.840
1.991
1.903
1.583
1.563
1.590
1.359
1.345
1.360
1.880
1.874
1.837
0.654
0.692
0.680
0.699
0.737
0.722
1.581
1.553
1.545
1.569
1.525
1.560
0.699
0.737
0.722
0.654
0.692
0.680
0.755
0.782
0.759
0.695
0.734
0.718
0.930
0.957
0.953
0.703
0.829
0.783
1.943
1.998
1.944
1.642
1.668
1.649
0.699
0.737
0.722
1.225
1.265
1.250
1.082
1.098
1.115
0.595
0.649
0.645
0.699
0.737
0.722
1.762
1.771
1.757
1.423
1.556
1.462
1.570
1.555
1.539
1.623
1.616
1.612
1.025
1.109
1.086
1.421
1.455
1.496
2.008
1.973
1.959
1.158
1.195
1.181
1.583
1.637
1.715
1.386
1.411
1.407
1.509
1.518
1.454
2.750
2.766
2.744
1.479
1.572
1.597
1.437
1.518
1.529
1.825
1.805
1.780
0.727
0.715
0.709
1.139
1.133
1.226
2.691
2.753
2.731
0.486
0.473
0.510
1.967
2.002
2.075
1.194
1.203
1.211
1.962
1.941
1.930
2.374
2.371
2.490
1.199
1.230
1.247
1.641
1.657
1.648
1.060
1.129
1.136
0.915
0.944
0.941
0.873
0.876
0.845
2.615
2.597
2.580
0.883
0.903
0.858
1.231
1.247
1.232
3.117
3.136
3.126
1.789
1.799
1.805
0.317
0.338
0.335
1.096
1.141
1.120
1.313
1.362
1.373
0.613
0.696
0.671
0.613
0.645
0.671
1.593
1.639
1.615
0.792
0.890
0.839
1.350
1.368
1.375
0.753
0.802
0.783
1.069
1.079
1.091
1.610
1.594
1.565
0.582
0.608
0.622
0.699
0.737
0.722
0.699
0.737
0.722
0.644
0.683
0.670
0.729
0.750
0.789
1.462
1.455
1.480
3.505
3.517
3.527
1.768
1.759
1.750
0.586
0.681
0.674
0.708
0.738
0.723
1.042
1.062
1.018
1.185
1.225
1.198
1.605
1.625
1.632
1.295
1.310
1.287
0.764
0.803
0.786
0.862
0.914
0.891
1.754
1.837
1.746
0.996
1.047
1.044
0.621
0.703
0.675
1.499
1.524
1.444
1.035
1.074
1.036
1.035
1.156
1.097
0.773
0.812
0.794
0.773
0.799
0.798
1.588
1.701
1.565
2.232
2.232
2.222
0.746
0.761
0.788
0.568
0.609
0.594
0.773
0.880
0.848
0.484
0.607
0.576
1.420
1.499
1.498
1.059
1.025
1.042
0.819
0.831
0.830
1.817
1.811
1.839
0.467
0.699
0.645
0.932
0.995
0.960
1.246
1.229
1.252
1.400
1.417
1.419
0.851
0.951
0.949
0.656
0.670
0.676
0.437
0.517
0.473
0.967
0.961
0.960
0.732
0.796
0.754
0.842
0.833
0.848
1.176
1.191
1.159
0.752
0.799
0.809
0.632
0.703
0.717
0.812
0.865
0.871
1.151
1.329
1.324
0.831
0.838
0.881
1.633
1.691
1.638
2.020
2.032
2.030
1.852
1.877
1.807
2.138
2.126
2.087
0.321
0.363
0.348
1.058
1.135
1.104
0.923
0.935
0.939
1.586
1.617
1.609
1.685
1.724
1.683
1.566
1.573
1.579
1.265
1.333
1.273
1.945
2.000
1.956
1.573
1.636
1.614
0.390
0.430
0.416
1.049
1.070
1.052
0.390
0.430
0.416
0.381
0.430
0.413
0.390
0.430
0.416
2.613
2.604
2.596
1.587
1.596
1.585
1.261
1.303
1.363
0.469
0.510
0.496
0.716
0.729
0.745
2.450
2.466
2.430
0.470
0.499
0.544
0.762
0.849
0.878
1.151
1.222
1.215
1.547
1.592
1.560
1.791
1.807
1.767
2.243
2.245
2.282
1.919
1.911
1.905
1.697
1.770
1.727
1.434
1.435
1.428
1.004
1.044
0.995
3.057
3.101
3.048
1.451
1.476
1.502
0.927
1.419
1.417
1.612
1.668
1.653
1.273
1.311
1.248
1.171
1.299
1.255
1.893
1.923
1.908
1.110
1.158
1.156
1.215
1.233
1.226
1.515
1.563
1.537
1.685
1.697
1.645
1.816
1.868
1.870
2.132
2.141
2.142
0.756
0.740
0.739
1.540
1.570
1.540
1.489
1.494
1.487
1.654
1.695
1.693
2.949
2.961
2.957
2.638
2.637
2.622
1.716
1.722
1.692
2.495
2.522
2.480
0.707
0.724
0.786
1.744
1.781
1.781
1.915
1.916
1.950
0.957
1.280
1.065
0.645
0.713
0.676
2.160
2.151
2.147
0.451
0.478
0.504
1.449
1.545
1.480
0.972
0.975
0.966
1.059
1.298
1.176
1.440
1.517
1.596
1.805
1.799
1.850
0.968
1.069
1.052
1.613
1.653
1.631
1.954
2.016
1.959
0.385
0.430
0.412
0.545
0.573
0.591
0.907
0.938
0.929
1.284
1.335
1.279
2.541
2.535
2.554
1.113
1.158
1.152
0.700
0.902
0.912
0.448
0.485
0.471
1.440
1.475
1.447
1.160
1.191
1.159
0.385
0.430
0.412
1.610
1.686
1.676
1.479
1.496
1.516
0.987
1.026
1.033
0.312
0.413
0.439
0.706
0.727
0.737
1.835
1.842
1.780
0.162
0.246
0.246
1.405
1.477
1.463
0.984
1.055
1.061
0.399
0.441
0.426
1.556
1.570
1.590
1.975
2.000
1.972
0.536
0.611
0.558
1.475
1.523
1.498
1.003
1.004
1.080
1.729
1.689
1.722
1.275
1.303
1.263
1.734
1.730
1.761
1.037
1.016
1.015
2.011
2.014
2.017
0.808
0.857
0.882
0.678
0.748
0.700
1.675
1.766
1.711
1.435
1.479
1.402
1.082
1.058
1.068
0.709
0.731
0.705
1.360
1.363
1.469
1.538
1.543
1.552
0.873
0.900
0.922
1.287
1.313
1.389
1.334
1.378
1.346
1.018
1.066
1.088
1.603
1.624
1.628
0.980
1.019
0.996
1.301
1.301
1.338
1.119
1.179
1.194
1.316
1.346
1.387
1.449
1.508
1.433
2.231
2.247
2.255
2.111
2.104
2.110
2.717
2.704
2.690
1.974
1.971
1.962
1.059
1.158
1.154
1.419
1.471
1.349
0.781
0.782
0.804
2.179
2.241
2.159
0.908
1.050
0.981
1.530
1.592
1.583
1.574
1.598
1.606
0.456
0.470
0.475
1.180
1.235
1.193
0.934
0.970
1.015
2.473
2.466
2.430
1.964
2.014
2.018
1.130
1.158
1.152
0.947
0.985
0.995
1.775
1.771
1.756
2.105
2.117
2.104
0.763
0.767
0.790
2.054
2.074
2.005
1.030
1.063
1.036
1.634
1.757
1.730
2.111
2.151
2.112
0.996
1.030
1.034
1.610
1.615
1.619
1.223
1.277
1.150
0.606
0.700
0.711
0.783
0.793
0.824
1.224
1.244
1.251
0.673
0.719
0.713
1.021
1.212
1.154
1.677
1.706
1.694
1.436
1.442
1.434
1.614
1.623
1.627
1.368
1.401
1.563
1.150
1.188
1.220
0.749
0.804
0.798
0.596
0.869
0.833
1.278
1.318
1.311
1.437
1.464
1.410
1.730
1.784
1.773
1.638
1.644
1.636
1.535
1.835
1.572
1.323
1.340
1.334
1.243
1.358
1.252
1.043
1.085
1.073
0.931
0.980
0.977
1.811
1.855
1.857
1.448
1.601
1.451
1.032
1.101
1.084
1.097
1.195
1.199
1.065
1.071
1.061
0.463
0.477
0.480
0.600
0.627
0.619
1.558
1.582
1.580
0.789
0.812
0.719
1.846
1.904
1.889
1.612
1.675
1.649
0.947
0.977
0.950
0.814
0.852
0.833
1.729
1.728
1.742
2.909
2.918
2.904
1.563
1.567
1.606
1.697
1.731
1.709
1.727
1.782
1.770
1.112
1.157
1.143
1.495
1.546
1.544
1.489
1.511
1.510
1.174
1.188
1.192
1.712
1.760
1.791
1.787
1.774
1.743
1.327
1.365
1.347
2.047
2.076
2.090
1.483
1.502
1.504
1.460
1.485
1.486
1.283
1.276
1.256
1.065
1.076
1.072
1.079
1.187
1.087
1.432
1.440
1.436
1.388
1.570
1.459
1.853
1.848
1.850
0.451
0.693
0.539
0.842
0.840
0.800
1.895
1.906
1.934
1.152
1.205
1.139
3.150
3.149
3.158
1.991
2.047
2.010
2.412
2.516
2.526
1.108
1.135
1.146
1.005
1.282
1.006
0.855
0.888
0.891
1.807
1.830
1.836
0.407
0.455
0.454
0.908
0.959
0.976
1.905
1.932
1.968
0.448
0.506
0.488
