1.474
1.510
1.494
3.055
3.081
3.080
1.129
1.185
1.175
1.633
1.639
1.649
1.023
1.025
1.024
1.256
1.264
1.324
1.120
1.215
1.210
3.508
3.512
3.497
2.015
2.060
2.060
1.678
1.695
1.761
1.789
1.807
1.793
0.736
0.757
0.805
1.294
1.324
1.344
1.817
1.820
1.870
1.841
1.860
1.881
0.887
0.943
1.509
0.762
0.828
0.835
1.595
1.591
1.614
1.833
1.988
2.326
1.147
1.173
1.245
1.190
1.253
1.207
2.581
2.578
2.588
2.959
2.979
2.977
2.202
2.258
2.267
0.985
1.046
1.085
1.334
1.349
1.362
1.205
1.223
1.229
0.992
1.100
1.053
1.823
1.927
2.004
1.318
1.363
1.384
1.653
1.741
1.693
2.073
2.165
2.141
1.690
1.721
1.741
1.632
1.708
1.718
2.283
2.298
2.298
1.667
1.714
1.648
1.440
1.493
1.500
1.322
1.306
1.305
1.346
1.371
1.414
1.296
1.280
1.351
0.803
1.050
0.894
0.888
0.922
0.912
1.891
1.943
1.933
0.780
0.885
0.804
1.797
1.882
1.886
1.519
1.573
1.604
1.594
1.686
1.681
0.783
0.868
0.838
1.946
1.944
1.956
2.511
2.527
2.535
2.415
2.464
2.423
2.315
2.357
2.339
1.500
1.503
1.519
1.001
1.021
1.045
1.466
1.541
1.536
1.354
1.426
1.371
1.073
1.105
1.126
1.438
1.503
1.446
0.823
0.873
0.876
2.878
2.888
2.906
2.243
2.238
2.292
2.259
2.354
2.307
1.283
1.409
1.397
2.319
2.258
2.263
0.712
0.835
0.747
2.426
2.502
2.515
2.710
2.716
2.762
1.220
1.241
1.175
1.135
1.185
1.191
0.902
0.897
0.879
0.902
0.940
0.907
1.414
1.441
1.444
2.395
2.449
2.455
1.779
1.803
1.803
1.151
1.148
1.222
0.985
1.043
1.075
2.167
2.184
2.202
1.906
2.092
2.096
2.258
2.282
2.297
1.108
1.129
1.129
0.552
0.556
0.532
1.189
1.183
1.197
1.763
1.756
1.785
3.492
3.515
3.523
0.846
0.889
0.901
1.864
1.889
1.912
1.052
1.072
1.057
1.834
1.829
1.875
0.686
0.779
0.761
1.251
1.291
1.294
1.215
1.216
1.209
1.330
1.351
1.358
2.754
2.765
2.764
2.761
2.790
2.830
1.640
1.670
1.714
1.945
1.952
1.961
2.143
2.152
2.156
1.207
1.227
1.217
2.385
2.393
2.407
1.191
1.305
1.232
0.666
0.707
0.703
1.801
1.839
1.832
1.632
1.668
1.670
1.868
1.952
1.966
1.249
1.336
1.242
1.393
1.388
1.422
2.280
2.449
2.402
1.016
1.051
1.043
1.455
1.457
1.469
0.952
0.975
0.978
1.699
1.719
1.754
1.523
1.758
1.786
1.848
1.869
1.892
1.195
1.153
1.219
1.232
1.288
1.345
2.102
2.120
2.158
0.725
0.801
0.773
1.598
1.603
1.593
0.981
1.047
1.035
1.355
1.417
1.451
0.945
1.005
1.029
1.104
1.073
1.109
2.348
2.357
2.354
2.724
2.881
2.730
2.908
2.883
2.924
1.518
1.548
1.555
2.492
2.512
2.540
1.954
1.991
1.964
1.339
1.383
1.394
2.004
2.051
2.063
1.870
1.862
1.883
1.600
1.676
1.679
1.317
1.385
1.382
1.685
1.737
1.735
1.922
1.959
1.983
2.044
2.057
2.087
2.223
2.241
2.240
0.917
0.996
1.009
1.984
2.046
1.971
1.637
1.891
1.871
1.803
1.829
1.783
1.650
1.837
1.808
1.318
1.363
1.384
2.610
2.634
2.615
2.766
2.773
2.891
1.824
1.870
1.865
0.691
0.757
0.733
1.228
1.224
1.235
1.597
1.643
1.624
0.941
0.952
0.947
1.116
1.114
1.090
1.724
1.695
1.809
1.389
1.393
1.389
2.008
2.024
2.096
1.136
1.141
1.150
1.955
2.030
2.041
1.093
1.240
1.113
1.847
1.861
1.878
1.430
1.484
1.493
1.322
1.382
1.357
1.509
1.576
1.542
0.996
1.020
1.047
1.908
1.967
2.039
2.156
2.253
2.246
1.611
1.636
1.624
0.870
0.874
0.877
1.183
1.212
1.215
0.779
0.823
0.808
1.513
1.532
1.537
2.290
2.359
2.374
1.340
1.570
1.561
1.571
1.612
1.613
1.413
1.435
1.422
0.897
0.900
0.903
1.675
1.686
1.683
1.776
1.814
1.818
1.342
1.382
1.423
0.811
0.922
0.899
2.150
2.250
2.257
2.214
2.215
2.250
0.963
0.961
0.956
1.418
1.412
1.386
2.349
2.383
2.409
1.513
1.597
1.621
2.761
2.767
2.764
1.932
1.980
2.018
1.578
1.601
1.615
2.180
2.182
2.186
1.686
1.889
1.864
0.569
0.570
0.574
1.034
1.039
1.056
0.878
0.956
0.964
1.870
1.922
1.912
0.912
0.961
0.935
1.003
1.022
1.217
0.659
1.426
0.748
0.825
0.933
0.932
0.620
0.846
0.792
1.746
1.786
1.800
1.520
1.539
1.557
1.839
1.807
1.826
0.962
1.000
0.980
2.894
2.920
2.964
1.890
1.903
1.946
1.412
1.523
1.542
1.064
1.266
1.207
0.617
0.961
0.886
0.788
0.819
0.857
2.335
2.333
2.321
1.718
1.725
1.727
1.766
1.994
1.893
1.552
1.568
1.566
1.094
1.107
1.110
1.539
1.539
1.540
1.058
1.260
1.131
1.503
1.502
1.555
1.272
1.326
1.762
1.682
1.661
1.668
0.948
1.027
1.050
2.879
2.932
2.907
2.275
2.297
2.285
1.812
1.828
1.806
1.976
2.004
1.965
1.827
1.849
1.848
1.113
1.138
1.170
0.779
0.802
0.825
1.283
1.297
1.357
1.076
1.116
1.117
2.645
2.656
2.671
1.355
1.445
1.405
1.856
1.937
1.945
1.297
1.322
1.311
1.462
1.475
1.479
1.035
1.053
1.074
1.080
1.137
1.131
1.278
1.291
1.305
0.934
0.962
0.959
1.774
1.744
1.777
1.233
1.316
1.333
1.042
1.055
1.061
1.999
2.030
2.057
1.037
1.077
1.086
0.966
1.029
1.038
1.493
1.489
1.482
2.249
2.265
2.273
0.913
0.939
0.966
2.090
2.121
2.129
0.846
0.896
0.913
1.916
1.935
1.974
1.597
1.638
1.629
1.260
1.355
1.583
2.152
2.162
2.191
1.286
1.305
1.303
0.981
0.944
0.967
1.548
1.534
1.582
1.949
1.968
1.983
1.631
1.666
1.728
1.653
1.698
1.708
1.477
1.481
1.487
2.970
2.965
3.025
1.263
1.301
1.342
2.050
2.049
2.049
0.864
0.922
0.916
1.861
1.878
1.869
1.410
1.394
1.433
2.018
2.137
2.097
2.199
2.247
2.233
1.868
1.892
1.919
0.538
0.547
0.556
2.297
2.334
2.348
1.827
1.805
1.919
1.801
1.887
1.890
1.117
1.263
1.174
1.108
1.134
1.116
1.158
1.368
1.326
0.863
1.018
0.967
0.448
0.583
0.536
0.902
0.890
0.901
2.008
2.057
2.058
1.027
1.108
1.033
1.027
1.176
1.080
1.317
1.494
1.427
1.856
1.848
1.881
1.479
1.516
1.504
0.724
0.733
0.742
1.171
1.268
1.254
0.758
0.801
0.801
2.417
2.422
2.522
1.723
1.752
1.766
2.205
2.207
2.215
0.811
0.830
0.837
0.955
0.971
0.996
3.007
3.093
3.076
1.842
1.879
1.882
3.182
3.221
3.288
1.204
1.200
1.213
1.399
1.409
1.429
0.864
0.875
0.793
0.909
1.063
1.003
0.930
0.941
0.981
0.622
0.636
0.663
1.893
1.872
1.899
1.401
1.457
1.430
1.038
1.047
1.064
2.447
2.452
2.467
1.082
1.194
1.171
1.238
1.265
1.247
0.692
0.722
0.743
1.122
1.143
1.185
0.850
0.850
0.897
1.135
1.200
1.214
1.606
1.618
1.633
2.316
2.377
2.423
1.818
1.817
1.815
2.371
2.351
2.380
1.503
1.546
1.521
1.207
1.274
1.261
1.633
1.631
1.583
2.020
2.025
2.043
1.531
1.538
1.541
2.226
2.241
2.228
1.490
1.527
1.524
1.095
1.225
1.228
2.011
1.980
1.980
1.391
1.455
1.431
1.279
1.297
1.343
2.674
2.702
2.745
1.469
1.449
1.464
2.641
2.651
2.622
1.424
1.421
1.408
1.953
1.977
1.980
1.099
1.114
1.121
2.932
2.933
2.948
1.304
1.329
1.320
1.354
1.327
1.336
1.887
1.897
1.894
1.375
1.401
1.398
1.298
1.302
1.293
1.048
1.058
1.076
1.637
1.635
1.876
1.348
1.300
1.311
0.727
0.733
0.744
1.588
1.618
1.566
1.949
1.973
2.029
1.725
1.770
1.768
0.889
0.927
0.934
2.474
2.558
2.572
2.088
2.152
2.151
2.153
2.185
2.178
1.116
1.175
1.195
0.750
0.963
0.879
1.013
1.084
1.073
2.867
2.936
2.930
1.596
1.591
1.597
0.640
0.630
0.730
1.118
1.130
1.146
1.248
1.270
1.292
1.178
1.185
1.217
1.355
1.332
1.352
1.287
1.306
1.270
1.804
1.843
1.845
1.499
1.553
1.551
2.869
2.885
2.925
3.055
3.124
3.154
1.722
1.724
1.741
1.041
1.050
1.027
1.004
1.023
1.038
2.443
2.492
2.462
1.917
1.961
1.973
2.437
2.435
2.426
1.746
1.725
1.748
1.653
1.717
1.718
1.117
1.344
1.338
1.262
1.271
1.332
1.207
1.327
1.210
1.612
1.631
1.609
1.311
1.328
1.322
2.000
2.043
2.025
1.454
1.467
1.477
1.497
1.511
1.513
1.695
1.732
1.735
1.223
1.326
1.312
0.737
0.959
0.893
1.603
1.651
1.675
1.942
1.943
1.954
2.254
2.307
2.298
2.275
2.261
2.287
1.876
2.028
1.925
1.713
1.734
1.737
1.389
1.433
1.461
2.707
2.746
2.753
1.637
1.679
1.654
1.933
1.938
1.939
2.393
2.381
2.403
1.021
1.032
1.039
1.344
1.389
1.369
1.445
1.461
1.455
1.120
1.170
1.159
0.980
1.012
1.047
0.710
0.907
0.835
1.285
1.367
1.427
1.083
1.126
1.152
2.306
2.391
2.252
1.553
1.581
1.611
2.137
2.189
2.194
1.398
1.872
1.656
1.638
1.644
1.662
1.304
1.319
1.322
1.973
2.037
2.027
1.310
1.468
1.456
1.239
1.319
1.322
0.914
0.933
0.967
1.105
1.127
1.151
1.247
1.448
1.301
1.329
1.471
1.355
1.110
1.154
1.151
1.429
1.486
1.501
1.444
1.501
1.477
0.764
0.791
0.788
1.000
1.018
1.014
1.394
1.392
1.405
1.224
1.208
1.254
0.886
1.044
1.005
1.182
1.319
1.261
1.364
1.380
1.359
0.832
1.047
0.983
2.528
2.590
2.525
1.322
1.379
1.421
1.158
1.336
1.236
1.145
1.153
1.166
0.597
0.635
0.642
1.105
1.165
1.151
1.172
1.247
1.266
0.778
0.821
0.819
0.975
1.030
1.048
1.704
1.723
1.780
1.699
1.682
1.664
1.307
1.300
1.290
1.083
1.122
1.144
0.483
0.443
0.364
1.658
1.675
1.684
1.627
1.639
1.679
1.021
1.055
1.053
1.081
1.346
1.336
1.829
1.837
1.866
1.825
1.792
1.822
3.025
3.047
3.037
0.775
0.833
0.835
0.842
0.859
0.861
0.702
0.737
0.714
1.243
1.291
1.313
1.243
1.360
1.310
1.354
1.508
1.442
1.632
1.620
1.645
1.082
1.228
1.169
1.579
1.641
1.674
1.608
1.689
1.671
1.332
1.400
1.384
2.264
2.294
2.284
1.873
1.859
1.865
1.455
1.471
1.459
1.609
1.572
1.620
1.981
2.009
2.021
1.354
1.402
1.411
0.998
0.968
0.989
1.936
1.943
1.942
2.739
2.721
2.723
2.263
2.271
2.312
0.597
0.592
0.654
2.272
2.296
2.296
1.609
1.612
1.553
1.620
1.684
1.616
1.537
1.516
1.473
1.438
1.494
1.496
1.363
1.376
1.367
2.535
2.532
2.557
1.825
1.825
1.867
2.238
2.258
2.278
1.025
1.194
1.075
1.581
1.607
1.603
1.160
1.175
1.196
1.806
1.783
1.878
1.925
1.899
1.931
0.862
0.855
0.830
1.746
1.753
1.789
1.150
1.192
1.181
1.529
1.564
1.559
2.465
2.431
2.519
1.565
1.562
1.605
1.286
1.353
1.308
1.792
1.789
1.812
0.877
0.986
1.008
1.638
1.656
1.671
1.107
1.131
1.115
1.008
1.092
1.080
1.770
1.879
1.820
3.225
3.241
3.227
0.838
0.952
0.957
0.606
1.073
0.891
1.653
1.643
1.582
1.877
1.920
1.918
1.455
1.460
1.453
1.581
2.129
1.588
2.076
2.274
2.068
1.813
1.856
1.872
0.507
0.535
0.539
1.945
2.046
2.057
1.755
1.846
1.796
0.835
0.911
0.928
0.762
0.801
0.777
2.829
2.841
2.825
1.674
1.731
1.836
0.810
0.907
1.140
1.391
1.375
1.290
1.774
1.903
1.864
1.178
1.230
1.243
0.881
1.033
1.139
1.197
1.278
1.300
1.245
1.260
1.284
0.963
1.042
1.059
1.132
1.137
1.148
1.772
1.799
1.804
1.720
1.814
1.730
2.868
2.877
2.885
1.635
1.970
2.057
1.395
1.400
1.418
1.921
1.959
1.953
1.125
1.209
1.238
1.253
1.283
1.260
1.409
1.426
1.424
1.822
1.818
1.821
1.099
1.308
1.347
2.531
2.564
2.562
1.607
1.626
1.625
0.871
0.880
0.919
2.414
2.448
2.447
1.634
1.656
1.657
2.001
2.009
2.107
1.581
1.652
1.639
1.386
1.449
1.485
1.346
1.382
1.369
1.288
1.327
1.312
1.926
2.004
2.009
2.192
2.191
2.220
1.875
1.924
1.900
0.943
0.993
0.981
1.393
1.428
1.462
0.817
0.878
0.901
0.677
0.749
0.719
1.130
1.211
1.166
2.108
2.080
2.161
1.652
1.688
1.713
0.888
0.947
0.944
1.029
1.069
1.065
1.231
1.365
1.353
1.302
1.490
1.478
1.453
1.548
1.505
1.278
1.298
1.318
1.153
1.198
1.219
1.528
1.624
1.617
1.378
1.424
1.428
1.318
1.351
1.352
1.621
1.628
1.647
0.800
0.781
0.794
1.951
1.985
1.969
1.903
1.912
1.922
1.867
1.944
1.974
1.655
1.722
1.725
2.292
2.323
2.336
1.296
1.297
1.340
1.118
1.261
1.176
1.118
1.223
1.263
2.826
2.962
2.950
0.951
1.022
0.998
1.233
1.304
1.290
0.970
1.031
1.006
1.784
1.804
1.863
1.261
1.224
1.239
1.127
1.126
1.156
0.978
0.938
0.994
0.736
0.737
0.762
0.836
0.941
0.879
0.885
0.892
0.946
1.253
1.291
1.301
3.295
3.309
3.313
1.730
1.769
1.742
2.523
2.590
2.582
1.211
1.289
1.326
1.206
1.222
1.225
1.997
2.017
2.006
2.207
2.346
2.222
2.007
2.065
1.969
1.195
1.266
1.279
1.427
1.541
1.460
1.789
1.822
1.830
0.683
0.773
1.100
1.445
1.445
1.450
3.091
3.189
3.050
1.256
1.299
1.280
1.799
1.804
1.833
1.278
1.339
1.734
3.008
3.035
3.036
1.668
1.707
1.784
2.641
2.632
2.639
0.927
0.940
0.956
0.824
0.838
0.842
1.562
1.583
1.593
3.680
3.703
3.693
1.387
1.399
1.398
1.995
1.999
2.005
0.417
0.418
0.432
0.735
0.776
0.766
2.413
2.556
2.651
1.612
1.729
1.761
1.158
1.213
1.202
1.732
1.806
1.809
1.241
1.261
1.266
1.341
1.360
1.382
1.725
1.735
1.764
2.405
2.388
2.419
1.955
1.990
1.984
1.109
1.123
1.127
1.018
1.058
1.043
2.109
2.232
2.092
2.109
2.227
2.092
2.109
2.210
2.092
1.147
1.149
1.156
1.475
1.532
1.544
1.763
1.788
1.751
0.846
0.857
0.866
0.349
0.502
0.475
1.457
1.508
1.497
2.122
2.125
2.142
1.490
1.505
1.540
0.724
0.837
0.765
2.082
2.094
2.073
1.290
1.283
1.304
0.836
0.939
0.982
1.535
1.763
1.761
1.289
1.333
1.333
1.245
1.285
1.330
1.331
1.395
1.478
1.186
1.235
1.255
1.944
1.975
1.929
1.949
1.894
1.932
1.711
1.744
1.692
2.389
2.493
2.480
1.270
1.295
1.307
1.933
1.871
1.910
2.038
2.029
2.077
2.038
2.029
2.077
1.199
1.315
1.231
1.991
1.973
1.954
0.968
1.075
1.025
0.968
1.102
1.025
1.972
2.076
2.063
0.994
1.012
1.054
1.448
1.464
1.479
2.441
2.437
2.447
0.994
0.988
0.984
1.295
1.366
1.359
1.328
1.378
1.406
1.145
1.172
1.124
2.488
2.504
2.497
1.454
1.443
1.494
2.711
2.846
2.742
2.014
2.037
2.015
1.587
1.637
1.559
1.771
1.804
1.798
1.282
1.307
1.294
0.898
0.987
0.948
1.213
1.227
1.217
1.316
1.351
1.349
1.406
1.448
1.465
1.378
1.389
1.400
1.519
1.599
1.633
1.031
1.080
1.085
1.332
1.383
1.350
1.746
1.745
1.763
0.856
0.871
0.924
1.262
1.311
1.306
2.069
2.055
2.080
0.939
0.997
1.068
0.865
0.881
0.880
0.933
0.982
0.987
0.929
0.986
1.004
1.359
1.504
1.556
1.100
1.126
1.124
1.694
1.661
1.685
2.061
2.073
2.071
0.938
0.957
0.917
1.870
1.907
1.933
1.978
1.984
1.962
1.092
1.194
1.238
0.942
0.945
0.943
1.905
1.958
1.977
2.040
2.010
2.031
1.896
1.875
1.888
0.739
0.732
0.730
0.972
1.092
1.004
1.457
1.492
1.473
1.943
1.937
1.965
1.176
1.244
1.220
1.113
1.165
1.174
1.540
1.627
1.638
2.732
2.756
2.783
1.386
1.395
1.404
1.002
1.073
1.084
1.464
1.504
1.497
2.252
2.293
2.308
1.752
1.812
1.804
2.065
2.022
2.081
2.360
2.397
2.414
1.685
1.848
1.790
2.096
2.140
2.229
1.660
1.674
1.673
1.767
1.713
1.735
2.095
2.105
2.166
1.374
1.431
1.454
1.037
1.063
1.078
1.147
1.224
1.195
0.677
0.685
0.663
1.322
1.321
1.256
1.897
2.020
1.973
3.434
3.455
3.505
1.419
1.468
1.421
1.011
0.993
1.024
1.509
1.551
1.550
0.958
0.985
0.981
0.837
0.990
0.970
0.377
0.529
0.530
1.130
1.135
1.171
1.171
1.215
1.204
1.523
1.555
1.552
2.831
2.831
2.863
2.786
2.803
2.830
2.503
2.441
2.483
1.525
1.634
1.632
1.677
1.729
1.707
1.423
1.431
1.430
0.918
0.902
0.954
3.206
3.237
3.210
1.546
1.577
1.521
1.607
1.630
1.591
1.511
1.539
1.554
1.868
1.894
1.895
2.165
2.190
2.173
1.528
1.545
1.535
1.688
1.641
1.639
2.048
2.079
2.069
0.863
0.909
0.916
1.346
1.394
1.374
1.105
1.128
1.088
1.312
1.342
1.348
1.815
1.861
1.822
1.638
1.609
1.612
1.625
1.624
1.642
1.366
1.375
1.413
2.214
2.257
2.242
1.280
1.304
1.287
1.523
1.540
1.540
1.523
1.540
1.540
1.572
1.582
1.595
1.714
1.857
1.814
2.559
2.581
2.650
1.269
1.308
1.294
1.555
1.615
1.596
1.627
1.700
1.696
0.564
0.757
0.689
1.592
1.602
1.597
2.517
2.548
2.536
1.436
1.550
1.536
2.049
2.076
2.109
0.978
1.003
1.000
0.911
1.118
1.047
0.965
1.014
1.027
2.041
2.023
2.057
1.125
1.157
1.142
1.370
1.430
1.442
1.300
1.301
1.298
1.300
1.407
1.374
1.764
1.736
1.780
1.249
1.325
1.321
1.162
1.319
1.294
1.907
1.933
1.940
2.047
2.105
2.165
2.524
2.546
2.548
1.083
1.115
1.136
1.522
1.774
1.731
1.206
1.241
1.238
1.610
1.624
1.613
0.904
0.905
0.947
1.313
1.280
1.296
1.439
1.433
1.474
2.316
2.713
2.722
2.344
2.369
2.361
2.927
2.948
3.018
1.374
1.367
1.383
1.019
0.925
1.013
1.106
1.100
1.128
1.171
1.164
1.189
0.876
1.034
0.934
1.813
1.845
1.839
1.787
1.769
1.791
1.910
1.950
1.950
1.738
1.789
1.779
1.689
1.673
1.643
0.909
0.931
0.985
1.363
1.400
1.411
2.323
2.355
2.325
0.799
0.846
0.858
1.345
1.379
1.418
1.612
1.630
1.646
2.084
2.103
2.169
1.168
1.230
1.244
1.765
1.852
1.873
1.204
1.229
1.202
1.173
1.213
1.231
1.851
1.878
1.912
2.370
2.426
2.438
1.444
1.490
1.478
1.762
1.832
1.830
1.896
1.927
1.943
2.583
2.634
2.618
1.454
1.452
1.473
3.475
3.472
3.516
2.089
2.174
2.151
1.412
1.426
1.444
0.758
0.932
0.924
1.456
1.486
1.498
2.602
2.629
2.632
1.009
1.068
1.050
1.619
1.616
1.660
0.824
0.848
0.908
2.466
2.434
2.496
0.773
0.742
0.772
0.522
0.585
0.590
0.957
1.176
1.284
1.593
1.605
1.611
0.967
1.006
0.979
1.895
1.939
1.937
1.656
1.690
1.725
1.592
1.641
1.637
1.889
1.932
1.878
1.232
1.329
1.309
1.412
1.455
1.434
2.992
3.034
3.005
1.909
1.927
1.920
1.967
1.996
2.033
2.581
2.632
2.623
1.162
1.382
1.262
0.881
0.919
0.922
0.898
0.964
0.972
1.679
1.707
1.759
0.805
0.789
0.828
0.872
0.921
0.929
1.525
1.553
1.542
1.542
1.507
1.557
1.999
2.026
2.019
0.216
0.209
0.250
2.593
2.621
2.620
1.251
1.340
1.371
1.186
1.184
1.178
2.483
2.463
2.449
2.769
2.825
2.801
2.062
2.098
2.061
0.967
0.973
1.009
1.329
1.367
1.326
1.906
1.922
1.922
1.443
1.441
1.596
2.262
2.270
2.296
1.235
1.236
1.213
3.098
3.217
3.215
1.648
1.738
1.747
1.775
1.778
1.834
1.859
2.273
2.253
1.310
1.320
1.351
2.049
2.072
2.098
1.182
1.174
1.179
1.703
1.671
1.697
0.579
0.611
0.609
1.258
1.270
1.267
1.669
1.686
1.695
0.888
1.008
0.893
1.668
1.725
1.713
1.180
1.213
1.195
1.898
1.898
1.922
1.424
1.446
1.439
1.875
1.884
1.911
2.413
2.438
2.443
1.403
1.378
1.402
1.949
2.001
2.001
2.223
2.291
2.304
1.395
1.442
1.431
1.688
1.702
1.694
1.940
1.954
1.962
1.104
1.131
1.179
0.949
1.153
1.166
2.079
2.092
2.143
1.054
1.074
1.104
1.035
1.073
1.081
0.389
0.357
0.400
0.702
0.758
0.766
2.336
2.335
2.402
1.075
1.122
1.134
1.543
1.579
1.551
1.080
1.148
1.181
1.035
1.162
1.168
1.466
1.492
1.512
3.300
3.388
3.394
2.154
2.139
2.174
0.861
0.888
0.900
1.316
1.436
1.377
1.587
1.632
1.619
4.770
4.766
4.766
1.403
1.426
1.435
2.506
2.604
2.553
1.084
1.137
1.104
1.043
1.057
1.074
1.510
1.534
1.530
1.150
1.199
1.219
1.648
1.668
1.674
2.494
2.527
2.529
2.574
2.553
2.619
1.411
1.458
1.479
0.918
0.942
0.993
1.484
1.503
1.507
1.259
1.297
1.254
1.850
2.055
1.793
2.300
2.524
2.385
1.507
1.621
1.611
2.005
2.018
2.045
1.737
1.771
1.746
2.397
2.403
2.406
1.932
1.936
1.996
2.890
2.884
2.909
1.547
1.538
1.545
2.843
2.991
2.948
2.642
2.680
2.693
1.227
1.216
1.225
0.758
0.729
0.726
1.768
1.795
1.825
0.748
0.825
0.817
2.185
2.102
2.109
2.147
2.187
2.198
1.672
1.701
1.755
1.346
1.385
1.408
2.505
2.522
2.498
1.478
1.512
1.508
2.701
2.762
2.740
1.252
1.249
1.276
0.622
0.681
0.683
2.159
2.140
2.142
1.461
1.526
1.486
1.254
1.239
1.260
1.745
1.730
1.795
1.401
1.422
1.435
0.889
0.942
0.955
1.084
1.107
1.042
1.581
1.781
1.644
1.173
1.222
1.226
0.703
0.756
0.759
1.848
1.854
1.863
1.684
1.694
1.771
1.726
1.739
1.727
1.534
1.738
1.909
1.313
1.422
1.409
1.906
2.007
1.973
2.176
2.173
2.194
1.052
1.046
1.019
1.121
1.149
1.080
1.583
1.617
1.613
1.643
1.668
1.654
1.503
1.521
1.510
0.851
0.877
0.832
1.123
1.191
1.150
0.704
0.711
0.694
1.776
1.840
1.867
1.956
1.947
1.942
1.123
1.215
1.218
1.293
1.300
1.357
1.956
1.947
1.942
1.669
1.686
1.708
1.114
1.112
1.133
1.501
1.535
1.518
0.847
0.871
0.865
1.341
1.372
1.397
1.503
1.584
1.640
2.650
2.673
2.688
1.427
1.417
1.442
1.834
1.866
1.838
0.877
0.927
0.918
0.788
0.953
1.031
1.582
1.594
1.610
1.315
1.339
1.377
1.181
1.212
1.199
1.331
1.320
1.356
0.791
0.844
0.803
1.255
1.354
1.344
1.803
2.006
2.048
1.142
1.213
1.211
1.565
1.552
1.587
1.874
1.927
1.904
0.888
0.896
0.885
1.214
1.321
1.292
0.885
0.904
0.907
1.325
1.331
1.337
1.078
1.172
1.361
1.010
1.020
1.028
1.484
1.573
1.576
1.407
1.473
1.499
1.695
1.692
1.700
1.413
1.430
1.428
0.971
0.947
0.956
2.099
2.300
2.220
1.527
1.606
1.568
1.455
1.467
1.451
1.635
1.670
1.660
1.825
1.848
1.834
0.755
0.795
0.808
1.765
1.775
1.745
1.347
1.492
1.553
1.273
1.284
1.259
2.132
2.158
2.166
1.149
1.194
1.192
1.335
1.331
1.354
1.282
1.308
1.293
1.504
1.510
1.540
1.451
1.516
1.489
1.734
1.709
1.729
1.649
1.690
1.696
2.065
2.054
2.056
1.225
1.174
1.206
1.228
1.249
1.250
1.500
1.529
1.496
1.515
1.538
1.532
0.934
0.950
0.932
1.470
1.635
1.604
1.077
1.116
1.118
2.457
2.483
2.486
2.133
2.211
2.268
2.679
2.698
2.712
2.044
2.244
2.225
1.547
1.585
1.645
1.131
1.218
1.236
1.354
1.372
1.398
1.023
1.061
1.085
1.594
1.595
1.628
1.148
1.158
1.176
1.012
1.126
1.125
0.963
0.969
0.951
1.762
1.792
1.757
2.726
2.754
2.798
2.711
2.705
2.709
1.411
1.527
1.601
0.791
1.046
1.005
2.531
2.547
2.618
1.831
1.831
1.826
0.929
0.977
0.965
1.362
1.448
1.489
2.810
2.856
2.838
1.699
1.712
1.740
1.083
1.118
1.182
0.995
1.113
1.069
1.075
1.152
1.089
1.489
1.542
1.552
2.881
2.945
3.035
0.815
0.898
0.906
1.549
1.617
1.548
1.210
1.214
1.243
2.125
2.135
2.118
1.273
1.310
1.291
1.748
1.817
1.855
0.926
1.009
1.027
0.892
0.932
0.969
0.854
0.868
0.866
1.276
1.315
1.308
1.514
1.563
1.568
1.873
1.939
1.883
1.607
1.965
1.808
1.696
1.707
1.732
0.857
0.845
0.883
1.210
1.209
1.213
0.742
0.946
0.885
2.257
2.262
2.319
0.717
0.748
0.788
1.182
1.214
1.233
1.876
1.883
1.855
1.021
1.024
1.046
1.501
1.492
1.499
0.976
1.018
1.033
1.797
1.865
1.849
0.799
0.808
0.828
1.158
1.190
1.177
0.841
0.863
0.875
1.417
1.455
1.503
1.653
1.711
1.735
1.653
1.817
1.817
1.297
1.290
1.301
1.401
1.516
1.462
1.115
1.129
1.149
0.762
0.946
0.924
1.662
1.707
1.709
1.780
1.795
1.794
1.486
1.507
1.493
0.931
0.983
0.973
0.782
0.783
0.793
2.289
2.302
2.293
1.989
1.965
2.016
2.112
2.174
2.156
1.540
1.605
1.578
1.488
1.536
1.533
1.428
1.413
1.507
1.570
1.628
1.608
1.099
1.090
1.000
1.412
1.427
1.446
1.711
1.729
1.711
0.809
0.870
0.889
0.518
0.624
0.637
1.860
1.856
1.860
3.463
3.517
3.523
2.441
2.533
2.496
2.010
2.049
2.053
1.119
1.140
1.169
1.049
1.095
1.081
1.846
1.848
1.847
2.631
2.649
2.637
1.071
1.091
1.090
1.671
1.690
1.708
2.320
2.311
2.367
2.172
2.207
2.227
1.253
1.234
1.237
2.348
2.360
2.349
1.407
1.454
1.456
0.964
1.003
0.983
0.479
0.495
0.469
2.602
2.678
2.675
1.343
1.349
1.412
1.533
1.589
1.595
1.249
1.353
1.325
2.097
2.080
2.112
2.355
2.365
2.533
2.353
2.426
2.375
1.541
1.584
1.579
1.145
1.219
1.203
1.117
1.134
1.153
1.134
1.167
1.244
1.520
1.537
1.576
2.503
2.495
2.485
1.907
1.898
1.929
1.311
1.306
1.306
1.500
1.594
1.594
2.453
2.437
2.473
2.545
2.571
2.599
1.931
1.938
1.967
2.191
2.438
2.312
2.074
2.392
2.354
2.022
2.046
2.041
2.266
2.331
2.310
1.429
1.611
1.717
1.499
1.482
1.502
1.353
1.485
1.440
2.143
2.205
2.236
2.196
2.222
2.217
1.898
1.951
1.914
1.559
1.619
1.591
1.559
1.607
1.610
1.877
1.863
1.871
1.912
2.062
2.003
2.468
2.483
2.487
1.447
1.439
1.459
2.715
2.701
2.728
2.098
2.094
2.097
2.223
2.325
2.344
2.743
2.771
2.823
1.792
1.780
1.818
0.623
0.677
0.672
2.024
2.030
2.226
1.500
1.569
1.759
2.012
2.042
2.038
1.616
1.626
1.645
0.712
0.759
0.758
1.592
1.616
1.621
2.672
2.718
2.730
1.317
1.326
1.338
1.753
1.787
1.815
2.833
2.836
2.848
2.099
2.294
2.210
2.478
2.504
2.519
1.491
1.699
1.735
2.206
2.254
2.243
0.966
0.976
1.000
1.776
1.769
1.806
1.674
1.697
1.683
2.025
2.044
2.028
1.865
1.914
1.932
1.780
1.858
1.874
1.518
1.562
1.536
1.846
1.924
1.973
1.715
1.718
1.722
1.312
1.319
1.313
1.552
1.594
1.639
2.009
1.958
1.987
0.762
0.823
0.827
1.214
1.215
1.207
1.283
1.295
1.327
1.270
1.305
1.258
1.987
1.991
1.990
2.283
2.286
2.338
1.359
1.389
1.375
0.962
1.021
1.012
1.820
1.828
1.845
1.836
1.843
1.818
0.931
0.882
0.923
1.192
1.261
1.256
1.829
1.971
1.966
1.828
1.864
1.894
1.604
1.633
1.628
1.199
1.239
1.265
1.800
1.807
1.818
1.989
2.016
2.010
2.790
2.814
2.814
1.040
1.072
1.062
2.596
2.624
2.647
1.869
1.982
1.940
1.524
1.540
1.544
1.222
1.166
1.207
1.736
1.732
1.690
1.297
1.324
1.321
1.349
1.356
1.378
2.205
2.233
2.277
1.650
1.707
1.679
2.813
2.820
2.604
1.020
1.035
1.037
1.680
1.671
1.688
2.128
2.098
2.119
1.591
1.580
1.616
1.251
1.274
1.294
2.001
2.004
2.003
0.594
0.693
0.668
1.899
1.927
1.932
1.604
1.607
1.611
2.156
2.212
2.232
1.952
1.965
1.960
1.109
1.101
1.119
1.086
1.206
1.125
1.130
1.136
1.126
1.237
1.238
1.267
1.698
1.748
1.734
1.664
1.662
1.685
1.308
1.322
1.298
1.817
1.850
1.852
1.061
1.149
1.168
0.643
0.663
0.644
1.803
1.886
1.850
1.090
1.127
1.160
0.891
0.890
0.908
0.698
0.787
0.774
1.065
1.088
1.207
0.605
0.640
0.669
1.523
1.501
1.520
1.732
1.744
1.739
0.750
0.790
0.865
1.356
1.376
1.389
2.052
2.059
2.068
1.604
1.673
1.674
1.293
1.328
1.352
1.051
1.103
1.107
0.699
0.838
0.791
1.091
1.150
1.157
1.668
1.666
1.681
1.087
1.118
1.147
2.135
2.163
2.162
1.317
1.516
1.374
1.372
1.394
1.387
1.227
1.286
1.304
1.097
1.121
1.135
2.319
2.302
2.319
1.601
1.581
1.633
1.606
1.673
1.646
1.235
1.262
1.257
1.137
1.186
1.217
1.824
1.872
1.891
0.853
0.920
0.900
0.960
1.182
1.072
3.126
3.116
3.108
1.286
1.388
1.358
1.278
1.265
1.267
0.956
1.062
1.082
2.583
2.614
2.563
1.328
1.660
1.775
1.666
1.675
1.688
1.714
1.752
1.762
2.114
2.237
2.184
2.110
2.125
2.127
0.984
1.038
1.046
2.374
2.440
2.389
1.307
1.335
1.325
1.444
1.469
1.489
1.559
1.625
1.641
1.289
1.340
1.342
0.830
0.805
0.831
1.195
1.171
1.173
1.018
1.051
1.085
1.545
1.538
1.538
1.517
1.621
1.503
1.354
1.362
1.346
1.149
1.177
1.202
0.921
1.025
0.964
0.814
0.834
0.827
1.244
1.259
1.267
1.088
1.127
1.100
1.895
1.886
1.884
1.053
1.097
1.087
1.274
1.271
1.273
2.394
2.436
2.441
1.083
1.118
1.111
1.299
1.323
1.344
1.670
1.689
1.700
1.185
1.179
1.193
1.205
1.219
1.202
1.278
1.280
1.288
1.010
1.071
1.052
2.301
2.304
2.219
1.376
1.429
1.417
2.753
2.999
2.747
1.639
1.656
1.675
2.483
2.565
2.629
2.169
2.160
2.168
1.589
1.578
1.549
1.514
1.540
1.541
2.026
2.061
2.024
0.338
0.398
0.360
0.709
0.715
0.717
1.690
1.762
1.808
1.371
1.571
1.502
1.450
1.465
1.460
1.399
1.445
1.448
1.319
1.343
1.324
2.662
2.707
2.699
1.951
1.955
1.998
1.463
1.475
1.511
0.724
0.931
0.927
1.631
1.648
1.628
1.094
1.125
1.140
1.791
1.794
1.800
1.908
2.084
1.983
1.129
1.217
1.190
1.418
1.460
1.684
1.760
1.767
1.781
1.361
1.412
1.395
2.107
2.097
2.113
1.122
1.169
1.166
1.436
1.472
1.484
1.923
1.930
1.942
1.849
1.867
1.888
1.903
2.059
2.130
2.099
2.137
2.126
1.578
1.611
1.623
1.247
1.488
1.363
1.442
1.489
1.474
1.402
1.433
1.479
1.714
1.720
1.743
1.470
1.509
1.533
1.940
1.964
2.035
1.313
1.369
1.369
0.405
0.452
0.461
1.235
1.240
1.237
1.587
1.611
1.613
1.464
1.564
1.493
1.549
1.737
1.718
1.634
2.203
2.245
1.570
1.634
1.588
0.793
1.101
0.922
1.010
1.029
1.039
1.315
1.388
1.378
1.732
1.782
1.768
1.636
1.676
1.679
1.188
1.182
1.185
1.141
1.163
1.164
1.396
1.451
1.419
1.539
1.529
1.575
2.295
2.283
2.302
1.811
1.823
1.846
1.360
1.420
1.419
1.389
1.464
1.449
0.767
0.834
0.813
0.935
0.960
0.967
1.834
1.837
1.842
1.198
1.213
1.204
1.220
1.272
1.295
0.433
0.429
0.458
1.072
1.113
1.127
1.173
1.190
1.208
0.640
0.946
1.179
0.901
0.904
0.889
1.783
1.784
1.811
2.731
2.838
2.996
2.205
2.303
2.282
1.080
1.105
1.113
1.932
1.962
1.963
2.338
2.405
2.353
1.338
1.358
1.385
1.338
1.454
1.463
1.766
1.787
1.849
1.107
1.172
1.247
2.909
2.905
2.947
1.869
1.911
1.943
1.191
1.250
1.251
1.160
1.131
1.200
1.657
1.686
1.701
1.600
1.650
1.651
2.130
2.200
2.128
1.378
1.385
1.370
4.258
4.309
4.337
1.508
1.506
1.526
1.148
1.192
1.183
2.366
2.384
2.389
1.246
1.233
1.250
1.669
1.701
1.725
2.042
2.010
2.073
1.955
1.969
1.998
0.603
0.638
0.639
2.643
2.715
2.694
1.490
1.517
1.544
2.392
2.417
2.410
1.815
1.832
2.213
2.258
2.261
2.269
0.892
0.915
0.931
1.810
1.834
1.805
1.192
1.204
1.188
1.814
1.814
1.791
3.664
3.696
3.730
0.789
0.803
0.797
1.042
1.145
1.162
1.531
1.563
1.576
1.400
1.435
1.430
1.405
1.392
1.414
1.752
1.762
1.797
2.783
2.804
2.775
1.560
1.510
1.655
1.199
1.352
1.389
1.648
1.684
1.709
0.634
0.667
0.668
1.570
1.572
1.578
2.604
2.598
2.592
1.520
1.569
1.529
1.100
1.149
1.140
1.868
1.898
1.886
1.337
1.375
1.394
1.601
1.630
1.527
1.835
1.821
1.848
1.456
1.479
1.517
1.456
1.446
1.463
1.090
1.089
1.094
2.139
2.145
2.189
0.733
0.789
0.777
1.883
1.926
1.932
1.109
1.105
1.103
1.333
1.336
1.343
1.239
1.280
1.262
1.038
1.052
1.060
1.038
1.052
1.060
1.116
1.166
1.174
2.197
2.192
2.192
2.113
2.130
2.162
1.612
1.656
1.649
1.424
1.542
1.482
0.872
0.916
1.127
1.486
1.535
1.499
1.260
1.267
1.299
1.077
1.108
1.123
1.356
1.377
1.386
2.660
2.699
2.727
1.991
2.197
2.156
1.529
1.542
1.585
0.961
0.977
0.970
1.850
1.908
1.874
2.235
2.228
2.238
2.746
2.827
2.785
1.235
1.281
1.285
1.115
1.116
1.102
1.599
1.626
1.621
0.844
0.840
0.881
1.527
1.637
1.561
0.974
1.007
1.019
1.151
1.110
1.120
2.136
2.111
2.135
0.894
1.057
1.054
0.952
0.992
0.990
0.937
0.990
0.954
0.746
0.796
0.814
1.903
2.063
1.995
1.612
1.595
1.594
1.018
1.035
0.995
1.048
1.042
1.086
1.209
1.189
1.197
1.857
1.897
1.916
1.367
1.372
1.375
2.931
3.024
2.958
2.004
2.061
2.061
1.855
1.813
1.849
1.298
1.317
1.328
2.206
2.286
2.300
1.485
1.481
1.519
0.998
1.030
1.022
1.941
1.975
1.973
1.088
1.095
1.098
2.199
2.140
2.190
1.087
1.133
1.123
1.445
1.451
1.445
1.147
1.181
1.163
2.181
2.207
2.208
2.705
2.758
2.735
1.731
1.774
1.729
2.040
2.111
2.144
1.913
1.955
1.967
3.289
3.268
3.259
1.418
1.537
1.512
0.624
0.713
0.715
3.138
3.304
3.383
0.787
0.783
0.835
1.402
1.430
1.421
0.809
0.816
0.774
1.965
1.968
1.971
1.959
2.045
1.930
1.809
1.850
1.832
1.336
1.394
1.420
1.475
1.464
1.480
1.138
1.160
1.183
1.199
1.281
1.253
2.059
2.028
2.035
1.589
1.609
1.613
1.263
1.318
1.325
1.347
1.361
1.440
0.623
0.686
0.672
0.679
0.687
0.642
0.783
0.813
0.813
1.923
1.964
1.973
3.385
3.430
3.398
1.347
1.412
1.344
1.350
1.345
1.350
1.512
1.565
1.650
1.269
1.295
1.298
1.332
1.448
1.341
0.772
0.738
1.137
2.443
2.478
2.457
3.109
3.065
3.106
1.443
1.463
1.506
1.671
1.683
1.683
1.460
1.464
1.469
2.632
2.616
2.594
1.824
1.934
1.924
1.182
1.217
1.257
1.559
1.566
1.607
0.848
0.915
0.906
1.151
1.133
1.186
2.082
2.123
2.102
1.909
1.925
1.979
2.375
2.481
2.504
1.462
1.477
1.478
1.462
1.477
1.478
3.654
3.708
3.674
0.890
0.915
0.945
2.353
2.422
2.421
1.049
1.078
1.075
1.453
1.459
1.459
1.668
1.674
1.663
1.624
1.648
1.609
1.555
1.610
1.619
1.194
1.227
1.250
2.678
2.743
2.773
2.033
2.037
2.044
1.444
1.460
1.472
1.231
1.287
1.294
2.553
2.560
2.577
3.259
3.247
3.258
1.049
1.078
1.075
0.821
0.913
0.873
1.844
1.881
1.874
2.162
2.182
2.183
1.896
1.895
1.909
1.185
1.202
1.222
1.949
1.951
1.992
1.083
1.111
1.125
1.507
1.570
1.571
1.957
2.042
1.989
1.521
1.549
1.596
0.746
0.780
0.774
2.147
2.188
2.214
1.890
1.993
1.917
3.416
3.427
3.449
0.955
1.000
0.985
1.708
1.712
1.725
1.740
1.773
1.820
1.924
1.925
1.944
2.172
2.216
2.163
1.721
1.773
1.770
1.390
1.412
1.468
1.017
1.082
1.097
1.540
1.551
1.554
0.660
0.647
0.685
2.047
2.063
2.078
1.523
1.543
1.521
2.333
2.348
2.361
2.024
2.039
2.052
1.240
1.311
1.301
1.302
1.293
1.312
1.442
1.433
1.457
2.008
2.076
2.019
1.320
1.384
1.411
2.040
2.043
2.071
1.510
1.521
1.540
2.358
2.354
2.370
1.969
2.002
2.012
1.488
1.538
1.676
1.655
1.662
1.708
1.161
1.178
1.139
1.304
1.282
1.325
1.777
1.803
1.799
1.568
1.609
1.591
1.696
1.684
1.714
1.504
1.459
1.512
1.050
1.073
1.084
0.507
0.511
0.492
0.984
0.997
1.133
1.347
1.372
1.358
1.863
1.911
1.897
0.836
0.923
0.833
2.096
2.148
2.161
2.276
2.314
2.340
2.564
2.571
2.657
2.767
2.811
2.842
1.380
1.416
1.397
1.915
1.924
1.931
1.218
1.278
1.297
1.296
1.294
1.289
0.940
1.092
1.010
1.805
1.778
1.848
0.971
1.232
1.175
1.248
1.252
1.235
1.545
1.606
1.554
2.524
2.587
2.540
0.963
1.019
1.031
1.640
1.757
1.652
1.532
1.540
1.506
1.519
1.539
1.547
1.814
1.867
1.851
1.509
1.535
1.550
1.657
1.664
1.660
1.818
1.842
1.878
1.211
1.197
1.261
0.972
1.043
1.034
1.772
1.833
1.806
1.468
1.473
1.505
1.021
1.039
1.040
1.120
1.251
1.164
1.719
1.719
1.774
1.594
1.627
1.624
2.775
2.782
2.817
1.441
1.529
1.534
2.991
3.050
3.063
1.468
1.493
1.494
2.189
2.379
2.204
2.386
2.966
2.676
0.851
0.895
0.910
1.825
1.885
1.883
2.156
2.152
2.153
2.484
2.500
2.627
2.502
2.511
2.499
1.268
1.376
1.257
1.538
1.576
1.591
1.399
1.427
1.434
1.007
0.990
1.059
0.951
0.952
0.985
1.831
1.855
1.851
1.973
1.781
1.779
1.418
1.460
1.523
0.848
0.878
0.884
1.045
1.071
1.076
0.712
0.895
0.860
1.697
1.690
1.720
2.314
2.377
2.355
2.288
2.454
2.515
1.220
1.236
1.234
1.487
1.588
1.504
2.172
2.321
2.277
1.222
1.211
1.234
2.632
2.666
2.651
2.343
2.389
2.305
1.011
1.078
1.052
1.544
1.532
1.520
1.338
1.402
1.411
1.515
1.514
1.521
1.070
1.108
1.095
3.061
3.065
3.047
1.615
1.626
1.594
1.904
1.920
1.918
1.547
1.766
1.722
1.243
1.242
1.225
1.588
1.616
1.626
1.045
1.069
1.066
1.214
1.237
1.226
1.590
1.580
1.588
0.839
1.000
0.940
0.957
0.971
1.018
2.255
2.226
2.294
1.280
1.316
1.304
1.787
1.820
1.822
1.122
1.191
1.164
1.415
1.410
1.435
1.949
1.957
1.972
1.998
1.980
1.893
1.576
1.627
1.645
1.478
1.593
1.578
0.586
0.584
0.621
1.357
1.398
1.388
0.796
0.844
0.852
1.316
1.336
1.349
1.282
1.324
1.301
1.024
1.095
1.097
2.173
2.152
2.224
1.173
1.179
1.180
2.717
2.715
2.717
1.422
1.441
1.467
1.608
1.626
1.621
1.642
1.656
1.638
1.899
1.831
1.885
1.730
1.750
1.747
1.163
1.162
1.167
1.041
1.191
1.154
1.041
1.191
1.154
2.206
2.241
2.238
0.994
0.997
1.032
1.465
1.457
1.527
0.772
0.771
0.796
0.799
0.863
0.850
1.451
1.532
1.447
0.347
0.327
0.364
1.981
1.952
1.978
1.163
1.230
1.162
1.238
1.281
1.265
1.510
1.534
1.559
1.889
1.947
1.980
1.187
1.198
1.210
0.739
0.790
0.781
0.663
0.682
0.664
1.324
1.365
1.392
2.174
2.131
2.113
1.741
1.778
1.739
1.084
1.127
1.117
0.768
0.817
0.808
1.475
1.515
1.510
1.870
1.859
1.830
2.213
2.214
2.218
1.521
1.660
1.616
1.973
1.971
1.998
1.945
1.953
1.992
1.025
1.062
1.111
1.158
1.192
1.176
1.251
1.388
1.358
1.051
1.085
1.059
1.852
1.938
1.936
2.447
2.455
2.503
1.489
1.487
1.497
0.784
0.841
0.870
0.389
0.423
0.470
0.802
0.835
0.846
0.802
0.835
0.846
2.600
2.660
2.657
2.051
2.140
2.166
1.711
1.910
1.778
1.967
2.024
2.038
1.230
1.309
1.313
0.963
0.962
0.982
1.727
1.690
1.745
0.993
1.014
1.023
0.932
1.068
1.074
1.508
1.517
1.564
1.210
1.238
1.251
1.809
2.021
2.010
1.011
1.046
1.057
1.478
1.470
1.472
1.075
1.097
1.101
1.611
1.636
1.599
1.199
1.183
1.218
1.374
1.398
1.443
2.022
2.109
2.100
1.425
1.436
1.444
0.642
0.742
0.746
1.646
1.640
1.718
0.984
1.014
1.040
1.234
1.285
1.318
1.524
1.567
1.565
1.548
1.585
1.550
1.913
1.972
1.969
0.899
0.892
0.910
1.177
1.252
1.194
1.403
1.453
1.461
1.168
1.222
1.215
1.276
1.270
1.304
1.218
1.254
1.248
0.873
0.928
0.911
1.910
1.980
1.971
1.098
1.101
1.105
1.262
1.261
1.266
1.285
1.391
1.342
0.730
0.756
0.756
1.442
1.481
1.468
1.315
1.357
1.330
1.036
1.088
1.076
0.963
0.982
0.985
1.620
1.636
1.612
0.496
0.507
0.517
1.048
1.082
1.074
2.280
2.282
2.314
2.198
2.271
2.253
1.459
1.536
1.524
2.190
2.199
2.213
1.601
1.584
1.640
0.811
0.836
0.857
2.413
2.450
2.428
0.944
1.080
1.057
2.463
2.476
2.485
1.043
1.069
1.087
1.094
1.096
1.092
1.539
1.593
1.598
1.348
1.653
1.411
2.194
2.205
2.200
2.135
2.168
2.150
1.181
1.179
1.195
1.396
1.409
1.422
1.206
1.229
1.214
1.386
1.383
1.414
2.611
2.716
2.615
0.689
0.689
0.733
1.852
1.808
1.758
2.639
2.693
2.772
2.004
2.025
1.988
2.613
2.614
2.613
0.786
0.795
0.800
1.155
1.208
1.275
0.404
0.601
0.577
1.574
1.657
1.766
1.652
1.670
1.705
0.634
0.789
0.686
0.634
0.789
0.686
1.131
1.264
1.185
1.104
1.130
1.176
0.738
0.725
0.754
1.437
1.398
1.463
1.625
1.637
1.633
2.276
2.360
2.316
2.276
2.374
2.316
1.033
1.025
1.043
2.859
2.871
2.884
2.192
2.206
2.270
1.776
1.833
1.805
2.009
2.025
2.013
1.070
1.077
1.110
1.773
1.961
1.965
1.930
1.900
1.974
0.681
0.789
0.771
1.042
1.165
1.116
1.183
1.179
1.229
1.703
1.832
1.817
1.248
1.274
1.231
2.197
2.192
2.192
2.367
2.446
2.439
1.420
1.411
1.472
1.939
1.970
1.964
2.375
2.360
2.372
3.004
3.226
3.118
1.409
1.453
1.498
1.577
1.781
1.511
2.467
2.469
2.499
1.026
1.034
1.044
1.833
1.826
1.832
1.142
1.151
1.183
1.326
1.337
1.337
1.600
1.590
1.597
0.544
0.543
0.606
1.120
1.183
1.152
2.713
2.579
2.737
0.942
0.982
0.999
1.532
1.447
1.527
1.547
1.608
1.581
2.293
2.361
2.289
2.240
2.327
2.297
1.395
1.560
1.549
1.057
1.071
1.090
1.126
1.167
1.177
1.925
1.971
1.974
2.669
2.673
2.712
1.439
1.463
1.452
1.218
1.315
1.302
2.205
2.195
2.165
2.623
2.638
2.631
2.243
2.259
2.275
0.748
0.755
0.785
1.864
1.882
1.964
0.861
0.906
1.269
2.125
2.108
2.199
1.380
1.395
1.384
1.622
1.635
1.713
2.291
2.332
2.306
0.427
0.441
0.445
1.667
1.677
1.652
1.056
1.076
1.066
1.130
1.149
1.154
2.158
2.211
2.215
1.997
2.019
2.007
1.112
1.126
1.142
0.924
0.922
0.819
1.666
1.654
1.690
2.043
2.092
2.104
1.692
1.772
1.726
1.353
1.371
1.360
1.596
1.721
1.625
1.188
1.205
1.210
1.835
1.835
1.849
1.582
1.605
1.603
1.312
1.348
1.362
1.490
1.945
1.961
0.906
1.039
1.017
0.881
0.954
0.956
2.055
2.087
2.126
1.808
1.809
1.804
1.527
1.507
1.529
1.057
1.092
1.068
1.336
1.338
1.423
1.666
1.701
1.705
1.025
1.036
1.030
1.973
1.975
2.015
1.732
1.717
1.738
2.066
2.077
2.078
1.047
1.059
1.066
1.389
1.413
1.412
1.564
1.678
1.755
2.461
2.468
2.457
0.769
0.851
0.857
1.430
1.441
1.469
1.866
1.943
2.033
1.362
1.522
1.526
1.781
1.802
1.824
1.781
1.875
1.901
1.024
1.219
1.187
1.814
2.313
2.256
1.552
1.567
1.591
1.240
1.246
1.246
2.321
2.794
2.775
1.705
1.707
1.704
1.226
1.235
1.234
2.160
2.212
2.191
0.991
1.010
1.025
0.558
0.663
0.670
1.872
1.970
1.989
1.708
1.879
2.038
1.161
1.178
1.167
0.615
0.675
0.679
2.312
2.336
2.345
1.277
1.304
1.335
0.886
0.922
0.947
1.838
1.824
1.897
1.526
1.554
1.582
0.831
0.921
0.882
0.413
0.576
0.565
1.047
1.048
1.071
1.250
1.308
1.304
2.568
2.625
2.619
1.635
1.618
1.656
1.201
1.217
1.210
1.263
1.284
1.332
1.897
1.936
1.976
1.118
1.151
1.131
1.161
1.181
1.210
1.276
1.302
1.309
1.926
1.920
1.937
1.804
1.821
1.871
0.975
0.956
0.969
2.036
2.045
2.059
1.153
1.195
1.208
1.228
1.336
1.382
1.635
1.718
1.689
1.301
1.302
1.283
1.340
1.385
1.384
1.703
1.683
1.696
1.368
1.467
1.445
0.820
0.828
0.828
1.293
1.293
1.298
1.392
1.438
1.471
2.185
2.232
2.187
2.194
2.235
2.206
1.737
1.761
1.791
0.879
0.981
0.929
0.581
0.615
0.626
0.968
0.965
0.990
1.050
1.056
1.066
1.174
1.464
1.339
1.976
1.969
2.000
1.328
1.358
1.384
0.950
1.001
1.006
0.666
0.665
0.607
1.042
1.096
1.098
0.548
0.778
0.696
1.310
1.296
1.324
0.932
0.967
1.006
0.762
0.750
0.720
1.604
1.627
1.669
0.676
0.827
0.763
1.388
1.395
1.412
0.911
0.986
0.977
1.029
1.042
1.125
1.314
1.444
1.470
0.712
0.714
0.713
1.362
1.375
1.361
1.511
1.516
1.533
1.391
1.458
1.435
1.573
1.598
1.583
1.231
1.260
1.210
0.614
0.615
0.629
1.743
1.884
1.752
1.824
1.854
1.853
1.727
1.708
1.694
1.232
1.309
1.288
1.176
1.181
1.185
1.513
1.543
1.540
2.907
2.999
2.966
1.158
1.182
1.183
1.342
1.364
1.347
1.044
0.991
1.028
1.660
1.635
1.646
1.011
1.122
1.045
0.850
0.917
0.861
3.016
3.060
3.049
1.910
1.924
1.947
2.372
2.452
2.420
1.517
1.485
1.547
0.915
0.926
0.918
1.823
1.830
1.840
1.783
1.785
1.780
1.596
1.708
1.599
0.753
0.756
0.768
1.115
1.167
1.176
3.846
3.888
3.869
1.380
1.455
1.418
2.013
2.019
2.216
2.061
2.042
2.067
1.252
1.280
1.308
1.053
1.117
1.053
0.958
1.009
1.031
1.449
1.467
1.475
1.600
1.721
1.799
1.138
1.162
1.175
1.358
1.389
1.373
0.822
0.895
0.885
1.054
1.135
1.109
2.240
2.301
2.332
0.862
0.858
0.859
1.023
1.030
1.054
2.000
2.059
2.076
0.982
0.979
0.976
1.623
1.668
1.664
1.078
1.507
1.501
1.078
1.148
1.153
1.118
1.153
1.115
0.698
0.771
0.739
1.330
1.316
1.340
1.042
1.042
1.049
1.373
1.359
1.384
2.219
2.214
2.221
1.017
1.096
1.122
1.804
1.919
1.865
0.722
0.945
0.940
1.516
1.543
1.544
2.224
2.228
2.189
0.752
0.778
0.767
1.226
1.259
1.283
1.935
2.016
2.031
1.429
1.449
1.446
1.336
1.339
1.374
1.728
1.742
1.720
2.367
2.381
2.377
2.180
2.237
2.403
1.702
1.669
1.715
1.451
1.477
1.481
1.472
1.503
1.523
1.642
1.722
1.717
1.262
1.265
1.266
1.858
1.913
1.902
0.844
0.853
0.891
1.586
1.610
1.591
1.413
1.407
1.445
2.029
2.071
2.068
0.926
1.033
0.982
0.950
1.001
1.006
2.215
2.253
2.250
1.385
1.385
1.386
1.555
1.563
1.565
1.980
1.981
1.981
1.204
1.212
1.222
0.919
0.973
0.965
0.837
0.850
0.851
1.194
1.211
1.237
1.502
1.510
1.583
1.160
1.224
1.255
0.900
0.992
0.909
0.965
0.992
1.019
1.608
1.676
1.622
0.763
0.771
0.805
1.739
1.772
1.785
1.302
1.400
1.470
0.964
0.976
0.971
1.555
1.511
1.533
0.746
0.802
0.804
1.681
1.690
1.695
2.754
2.792
2.801
0.925
0.962
0.965
1.628
1.680
1.654
1.618
1.607
1.620
1.952
1.956
1.953
1.614
1.594
1.633
1.262
1.297
1.297
0.957
0.998
1.014
1.181
1.160
1.219
0.702
0.701
0.735
3.974
4.033
3.988
2.104
2.080
2.087
1.610
1.609
1.623
0.560
0.558
0.579
1.022
1.049
1.044
0.923
1.022
0.949
0.923
1.032
0.949
1.643
1.662
1.670
1.074
1.087
1.098
1.009
1.050
1.037
1.224
1.246
1.248
2.462
2.493
2.404
1.850
1.834
1.830
1.500
1.558
1.507
1.100
1.130
1.129
2.371
2.394
2.382
1.931
1.957
1.966
2.013
2.043
2.005
1.981
1.965
2.025
1.206
1.145
1.262
0.830
0.882
0.894
3.116
3.099
3.124
0.585
0.770
0.770
1.570
1.541
1.575
0.872
0.882
0.886
0.916
0.975
1.009
0.843
1.018
0.925
2.105
2.113
2.140
2.940
2.929
3.004
1.500
1.537
1.502
2.340
2.370
2.361
1.540
1.715
1.724
1.390
1.413
1.443
1.647
1.663
1.783
1.085
1.094
1.106
1.199
1.188
1.205
1.922
2.024
1.993
1.303
1.309
1.370
1.124
1.173
1.163
1.433
1.475
1.474
1.180
1.166
1.205
1.052
1.051
1.049
1.269
1.375
1.358
1.266
1.280
1.283
1.168
1.217
1.213
1.359
1.376
1.386
1.437
1.451
1.490
1.271
1.296
1.287
1.095
1.080
1.110
2.062
2.064
2.089
1.484
1.465
1.478
1.371
1.385
1.380
2.196
2.189
2.213
0.744
0.795
0.859
0.935
0.917
0.948
1.508
1.493
1.534
1.766
1.764
1.756
1.128
1.138
1.186
1.241
1.297
1.282
1.900
1.938
1.941
1.481
1.496
1.527
1.480
1.461
1.493
1.010
1.065
1.056
2.320
2.343
2.339
0.876
0.875
0.887
1.292
1.364
1.328
0.836
0.868
0.886
0.906
0.896
1.112
1.077
1.083
1.100
1.090
1.193
1.163
2.106
2.076
2.160
0.561
0.617
0.633
1.571
1.571
1.560
0.663
0.651
0.686
1.008
1.067
0.993
1.686
1.718
1.744
3.335
3.300
3.347
1.977
1.996
2.049
1.426
1.491
1.513
2.592
2.656
2.618
1.077
1.114
1.117
1.407
1.649
1.392
0.848
0.855
0.856
0.896
0.916
0.904
0.825
0.834
0.823
2.377
2.384
2.353
1.628
1.668
1.673
1.036
1.046
1.058
1.981
1.998
1.986
1.254
1.264
1.259
1.050
1.098
1.091
1.421
1.507
1.458
1.302
1.364
1.370
1.208
1.258
1.222
0.718
0.806
0.808
1.660
1.680
1.682
0.645
0.728
0.721
1.290
1.318
1.335
1.328
1.329
1.324
1.057
1.069
1.070
2.676
2.754
2.736
2.014
2.048
2.037
1.613
1.643
1.671
1.876
1.859
1.893
1.655
1.684
1.679
1.333
1.328
1.347
2.160
2.181
2.175
1.551
1.571
1.598
2.391
2.404
2.402
0.867
0.855
0.838
1.824
1.806
1.826
2.458
2.462
2.449
1.253
1.557
1.570
2.072
2.146
2.125
1.795
1.872
1.843
0.962
0.963
0.958
0.945
0.930
0.936
1.088
1.134
1.119
2.673
2.666
2.672
1.389
1.394
1.397
2.110
2.174
2.154
0.859
0.866
0.912
1.263
1.276
1.259
2.140
2.150
2.182
1.130
1.408
1.420
1.325
1.343
1.313
2.044
2.354
2.341
2.197
2.184
2.175
1.810
1.970
1.810
1.347
1.356
1.382
1.667
1.912
1.818
0.602
0.643
0.663
2.036
2.047
2.054
1.264
1.257
1.268
0.936
0.970
0.971
0.937
1.136
1.399
2.624
2.661
2.653
1.127
1.128
1.141
1.933
1.986
2.027
1.572
1.553
1.572
2.226
2.300
2.309
1.470
1.467
1.531
2.084
2.095
2.101
1.610
1.641
1.666
1.559
1.673
1.652
0.930
0.980
0.986
1.173
1.291
1.218
0.869
0.900
0.896
4.030
4.017
4.036
1.167
1.191
1.165
1.997
2.014
2.039
2.094
2.071
2.111
2.426
2.431
2.449
1.411
1.652
1.590
2.059
2.130
2.013
0.999
1.064
1.096
1.615
1.638
1.667
0.912
0.981
0.972
1.635
1.761
1.685
1.484
1.495
1.532
1.269
1.303
1.286
1.172
1.270
1.228
1.236
1.254
1.239
1.270
1.289
1.277
1.109
1.155
1.161
0.704
0.739
0.747
1.301
1.352
1.342
1.446
1.510
1.441
1.671
1.694
1.680
1.135
1.154
1.161
1.520
1.534
1.522
1.250
1.295
1.291
0.927
0.976
0.976
1.568
1.586
1.574
0.945
0.991
0.990
1.323
1.359
1.371
1.637
1.668
1.638
1.843
1.868
1.853
1.744
1.756
1.767
1.829
1.800
1.829
1.770
1.775
1.860
0.938
0.966
0.959
1.118
1.190
1.184
1.427
1.416
1.433
1.067
1.079
1.083
1.638
1.745
1.756
1.706
1.982
2.014
1.485
1.538
1.527
1.662
1.705
1.683
0.740
0.769
0.743
1.977
1.955
2.014
1.481
1.482
1.481
1.443
1.380
1.240
1.162
1.338
1.304
1.727
1.734
1.813
2.606
2.740
2.683
2.606
2.740
2.683
1.396
1.518
1.395
1.467
1.483
1.507
0.881
0.949
0.927
2.332
2.348
2.366
1.923
1.980
1.940
0.981
1.032
0.997
3.073
3.106
3.094
1.833
1.886
1.880
1.106
1.145
1.133
2.821
2.814
2.830
2.603
2.733
2.729
1.104
1.113
1.078
1.451
1.467
1.467
2.134
2.152
2.134
1.161
1.213
1.190
1.795
1.794
1.796
1.516
1.605
1.630
1.977
1.969
1.999
1.372
1.392
1.390
0.937
0.979
1.011
0.705
0.805
0.778
0.876
1.130
0.920
1.782
1.875
1.866
2.036
2.166
2.123
2.368
2.378
2.420
1.187
1.205
1.158
1.372
1.392
1.424
1.070
1.095
1.113
1.293
1.358
1.413
0.866
1.007
0.925
1.193
1.213
1.224
0.920
0.922
0.944
0.880
0.913
0.879
1.083
1.141
1.327
0.920
0.981
0.969
0.709
0.680
0.609
1.865
1.891
1.901
1.339
1.363
1.375
0.889
0.978
0.940
1.542
1.531
1.542
1.491
1.529
1.542
0.915
1.275
0.928
1.032
1.132
1.158
2.015
2.034
2.077
2.087
2.129
2.254
2.774
2.788
2.751
1.188
1.136
1.209
0.812
0.823
0.857
2.047
2.112
2.054
1.470
1.483
1.482
2.740
2.651
2.787
0.885
0.925
0.922
1.266
1.283
1.321
1.051
1.122
1.118
2.584
2.608
2.557
1.583
1.626
1.656
0.976
1.094
1.030
0.976
1.113
1.030
1.291
1.382
1.318
0.815
0.858
0.840
1.087
1.081
1.091
1.283
1.299
1.246
1.283
1.302
1.258
1.231
1.251
1.232
0.824
1.065
0.996
3.784
3.856
3.872
1.235
1.258
1.294
1.031
1.017
1.035
1.361
1.368
1.385
2.289
2.310
2.320
1.877
1.901
1.902
0.647
0.726
0.674
0.943
0.975
0.974
0.785
0.812
0.823
1.463
1.497
1.432
1.406
1.418
1.424
1.650
1.690
1.721
1.196
1.198
1.206
1.967
2.024
2.025
0.861
0.845
0.864
1.347
1.357
1.363
1.640
1.644
1.678
1.662
1.691
1.703
0.715
0.728
0.725
1.614
1.620
1.618
1.785
1.785
1.786
1.638
1.768
1.753
0.804
0.918
0.856
1.706
1.717
1.723
1.051
1.065
1.074
1.588
1.577
1.596
1.434
1.460
1.462
1.034
1.057
1.062
2.639
2.633
2.633
1.531
1.485
1.532
1.051
1.089
1.081
2.297
2.281
2.309
2.574
2.612
2.603
1.733
1.777
1.777
1.133
1.137
1.194
2.088
2.191
2.203
1.211
1.203
1.237
1.242
1.265
1.247
4.173
4.181
4.236
1.192
1.229
1.268
0.839
0.859
0.880
1.258
1.257
1.234
1.548
1.569
1.544
1.660
1.692
1.702
0.934
0.932
0.943
1.774
1.906
1.949
0.884
0.911
0.900
1.190
1.273
1.170
1.478
1.559
1.604
1.166
1.178
1.182
0.586
0.766
0.689
1.131
1.182
1.168
1.269
1.276
1.349
1.463
1.496
1.572
1.326
1.326
1.326
1.093
1.108
1.125
1.958
1.917
1.939
0.791
0.824
0.863
1.510
1.631
1.614
1.573
1.561
1.560
1.222
1.235
1.244
0.957
0.957
0.987
1.193
1.225
1.223
1.360
1.364
1.378
1.750
1.720
1.728
1.708
1.722
1.734
1.159
1.235
1.276
1.234
1.241
1.269
1.440
1.530
1.536
1.217
1.181
1.190
2.034
2.051
2.067
1.128
1.098
1.125
2.375
2.567
2.373
2.225
2.274
2.252
0.857
0.914
0.881
0.864
0.927
0.920
2.533
2.542
2.543
0.868
0.952
0.902
1.807
1.890
1.882
1.566
1.593
1.599
0.750
0.800
0.794
1.358
1.444
1.421
0.961
1.044
1.091
0.795
0.814
0.810
2.210
2.201
2.227
2.445
2.424
2.438
2.085
2.100
2.117
1.053
1.077
1.106
0.813
0.841
0.828
1.004
1.187
1.147
2.398
2.446
2.416
1.371
1.405
1.393
1.748
1.793
1.677
1.618
1.683
1.667
0.955
0.986
1.037
0.817
0.942
0.918
1.327
1.412
1.389
1.768
1.809
1.722
0.696
0.726
0.659
2.220
2.238
2.235
2.227
2.281
2.302
1.875
1.932
1.960
1.934
1.947
1.976
1.147
1.150
1.167
0.733
0.806
0.834
1.160
1.255
1.195
2.279
2.308
2.323
2.196
2.196
2.217
1.173
1.434
1.364
1.265
1.292
1.339
1.182
1.245
1.213
1.055
1.069
1.083
1.108
1.212
1.129
1.249
1.319
1.291
0.937
0.967
0.995
1.282
1.309
1.301
0.786
1.250
1.200
1.347
1.392
1.410
0.490
0.497
0.459
1.261
1.273
1.256
1.825
1.805
1.882
1.905
1.878
1.907
1.692
1.685
1.707
0.785
0.791
0.712
1.673
1.641
1.683
0.889
0.913
0.907
2.218
2.240
2.235
1.585
1.644
1.685
0.767
0.820
0.842
1.343
1.349
1.371
1.159
1.193
1.197
2.154
2.155
2.138
0.979
1.022
0.982
1.436
1.531
1.544
3.736
3.748
3.783
1.232
1.348
1.278
1.946
1.994
1.952
1.094
1.074
1.117
0.961
1.000
0.997
1.851
1.874
1.869
1.166
1.288
1.183
1.287
1.369
1.327
2.313
2.322
2.339
1.276
1.361
1.273
2.986
2.997
3.013
1.185
1.193
1.288
1.764
1.751
1.774
2.038
2.088
2.157
1.161
1.178
1.180
1.440
1.497
1.486
1.504
1.563
1.549
1.279
1.306
1.347
1.265
1.272
1.225
1.286
1.315
1.333
1.461
1.500
1.589
1.378
1.395
1.424
1.553
1.631
1.656
1.245
1.263
1.278
2.156
2.188
2.176
1.409
1.470
1.428
1.683
1.660
1.734
1.918
1.902
1.888
0.688
0.724
0.752
2.087
2.067
1.950
0.791
0.794
0.823
1.713
1.738
1.703
1.553
1.611
1.605
1.278
1.358
1.582
0.967
1.008
1.065
0.840
0.884
0.929
0.978
1.058
1.123
0.809
0.853
0.863
1.486
1.500
1.510
0.521
0.565
0.603
0.964
1.177
1.167
1.276
1.338
1.319
1.168
1.163
1.185
1.198
1.214
1.195
1.799
1.891
1.820
1.054
1.116
1.120
2.218
2.234
2.236
0.710
0.803
0.814
1.385
1.470
1.520
1.139
1.304
1.290
2.117
2.129
2.089
1.086
1.120
1.160
1.391
1.455
1.484
2.227
2.298
2.250
1.390
1.535
1.509
1.275
1.269
1.301
0.555
0.670
0.642
0.916
0.901
0.945
1.002
1.032
1.037
1.711
1.706
1.667
1.445
1.438
1.459
1.455
1.450
1.463
1.557
1.575
1.599
0.907
0.883
0.893
1.015
1.001
1.042
1.154
1.179
1.173
0.973
0.973
0.973
1.132
1.157
1.174
0.935
0.968
0.984
1.013
1.013
1.010
1.358
1.392
1.346
0.714
0.737
0.736
1.776
1.769
1.768
0.689
0.722
0.727
1.471
1.496
1.513
1.531
1.581
1.492
1.388
1.399
1.373
0.889
0.943
0.934
1.105
1.081
1.112
1.202
1.284
1.256
1.701
1.746
1.729
1.546
1.589
1.607
1.828
1.919
1.869
0.592
0.727
0.738
1.757
1.809
1.813
0.781
0.857
0.874
1.425
1.461
1.804
0.939
0.933
0.902
0.689
0.750
0.760
1.552
1.569
1.575
1.745
1.801
1.795
1.752
1.884
2.060
1.878
2.009
2.170
1.752
1.884
2.060
1.878
2.009
2.170
1.878
2.009
2.170
1.752
1.884
2.060
1.678
1.804
1.949
0.812
0.801
0.831
1.057
1.111
1.092
0.743
0.764
0.767
1.303
1.276
1.305
1.753
1.764
1.751
3.206
3.152
3.103
1.413
1.417
1.411
1.560
1.597
1.593
2.145
2.175
2.218
2.520
2.490
2.534
1.273
1.260
1.259
1.062
1.057
1.059
2.353
2.381
2.379
1.924
1.976
1.959
0.795
0.834
0.826
2.427
2.437
2.457
1.654
1.677
1.785
1.073
1.173
1.171
1.112
1.158
1.132
1.169
1.234
1.211
1.680
1.639
1.678
0.684
0.662
0.642
0.762
0.767
0.819
1.329
1.377
1.428
1.256
1.404
1.336
1.364
1.440
1.435
0.601
0.729
0.679
1.759
1.749
1.766
1.847
1.868
1.785
1.501
1.485
1.484
2.423
2.437
2.448
1.174
1.180
1.171
0.865
0.880
0.879
1.078
1.078
1.086
1.268
1.268
1.288
1.472
1.495
1.484
1.766
1.791
1.805
0.792
1.253
0.980
2.206
2.287
2.573
0.806
0.838
0.834
1.089
1.120
1.109
0.757
0.743
0.788
1.404
1.459
1.438
1.014
1.025
1.027
1.237
1.276
1.279
1.002
1.034
0.928
1.509
1.531
1.551
1.298
1.320
1.311
1.639
1.649
1.652
1.305
1.312
1.317
1.494
1.541
1.514
2.835
2.861
2.866
1.409
1.423
1.421
1.646
1.697
1.669
1.760
1.782
1.778
0.898
0.956
0.973
1.450
1.461
1.457
2.317
2.327
2.265
1.059
1.045
1.068
1.391
1.395
1.392
1.319
1.337
1.352
1.038
1.130
1.055
1.295
1.260
1.294
1.450
1.595
1.609
1.594
1.599
1.591
1.030
1.080
1.091
0.825
0.843
0.846
2.598
2.636
2.649
3.896
3.930
3.920
0.799
0.832
0.834
1.589
1.632
1.597
1.589
1.668
1.655
0.676
0.689
0.717
1.200
1.200
1.218
1.408
1.410
1.479
2.431
2.401
2.439
1.629
1.671
1.688
1.489
1.624
1.533
1.752
1.733
1.792
1.548
1.591
1.580
1.036
1.056
1.066
1.136
1.167
1.169
1.809
1.819
1.823
1.354
1.319
1.379
1.211
1.200
1.418
0.936
1.051
0.972
1.301
1.333
1.386
1.750
1.854
1.796
1.442
1.432
1.492
1.804
1.833
1.838
3.478
3.524
3.488
1.415
1.437
1.440
0.851
0.883
0.896
1.437
1.463
1.486
1.880
1.929
1.954
2.526
2.490
2.510
1.482
1.490
1.532
1.054
1.042
1.087
1.589
1.587
1.601
1.385
1.468
1.491
1.093
1.252
1.189
2.316
2.356
2.335
2.252
2.279
2.274
3.014
2.999
3.025
0.700
0.670
0.699
2.033
2.089
2.096
1.012
1.083
1.095
1.877
1.889
1.879
1.166
1.180
1.194
0.861
0.850
0.888
1.048
1.064
1.123
0.918
0.957
0.960
1.423
1.476
1.454
1.097
1.109
1.216
1.164
1.188
1.212
4.183
4.181
4.160
1.262
1.327
1.281
1.866
1.915
1.938
1.363
1.356
1.371
2.089
2.037
2.061
2.087
2.111
2.103
1.212
1.198
1.187
1.933
1.977
1.961
1.845
1.890
1.868
1.665
1.675
1.686
1.961
1.997
2.003
1.641
1.678
1.680
1.450
1.440
1.449
1.450
1.469
1.478
1.212
1.288
1.268
1.814
1.845
1.859
1.768
1.830
1.816
1.181
1.210
1.228
1.751
1.787
1.787
1.675
1.671
1.692
0.909
0.961
0.994
1.266
1.328
1.367
1.185
1.270
1.261
0.990
1.152
1.117
1.945
2.007
1.974
1.508
1.527
1.561
0.731
0.696
0.747
1.402
1.455
1.483
1.697
1.688
1.721
0.647
0.704
0.699
0.738
0.838
0.862
0.947
0.943
0.960
1.365
1.437
1.438
1.277
1.309
1.329
1.893
1.907
1.896
1.696
1.733
1.736
1.166
1.185
1.164
1.342
1.611
1.554
0.896
0.976
0.956
1.383
1.419
1.415
1.537
1.624
1.599
1.114
1.106
1.123
1.429
1.472
1.465
0.810
1.009
0.876
1.198
1.196
1.213
1.947
1.954
1.963
1.060
1.098
1.084
0.792
0.848
0.818
2.035
2.045
2.075
1.699
1.829
1.798
1.610
1.709
1.825
1.494
1.629
1.565
3.256
3.262
3.249
1.363
1.480
1.448
1.562
1.700
1.602
1.427
1.441
1.439
1.428
1.583
1.630
1.019
1.028
1.018
1.378
1.381
1.408
0.706
0.723
0.730
1.014
1.100
1.065
0.992
1.005
1.016
0.722
0.765
0.767
0.967
1.024
1.011
0.720
0.721
0.805
0.559
0.564
0.584
0.647
0.715
0.756
1.952
1.958
1.935
1.874
1.879
1.904
0.773
0.911
0.860
1.477
1.487
1.453
1.655
1.672
1.693
0.637
0.641
0.624
1.078
1.152
1.090
2.018
2.156
2.131
1.472
1.508
1.507
1.268
1.445
1.405
2.264
2.332
2.321
1.000
1.039
1.077
1.293
1.346
1.370
1.261
1.316
1.302
0.896
0.926
0.913
1.399
1.420
1.422
1.783
1.798
1.815
1.505
1.521
1.512
1.406
1.462
1.454
1.132
1.138
1.151
2.246
2.422
2.236
1.814
1.828
1.839
0.785
0.877
0.878
2.268
2.270
2.306
2.060
2.054
2.070
1.522
1.551
1.544
1.773
1.823
1.766
1.445
1.449
1.422
0.820
0.831
0.848
2.614
2.656
2.613
1.517
1.474
1.514
1.455
1.494
1.448
0.676
0.722
0.700
1.352
1.403
1.368
1.277
1.452
1.289
0.764
0.806
0.843
0.866
0.990
0.891
0.866
1.037
0.952
1.977
1.952
2.023
0.923
0.992
0.987
0.949
0.968
0.948
0.933
1.016
0.947
0.789
0.872
0.845
2.351
2.369
2.373
1.263
1.301
1.303
1.899
1.946
1.921
1.779
1.817
1.784
2.078
2.121
2.108
1.237
1.242
1.245
2.323
2.296
2.324
1.507
1.502
1.516
1.722
1.727
1.718
1.270
1.269
1.258
0.725
0.727
0.760
0.584
0.703
0.669
0.928
1.045
1.056
1.159
1.186
1.174
0.859
0.855
0.853
1.818
1.903
1.910
0.936
1.196
1.124
1.051
1.251
1.491
1.835
1.883
1.875
1.679
1.703
1.724
1.406
1.407
1.410
2.316
2.334
2.350
2.000
2.070
2.114
1.731
1.716
1.781
1.441
1.471
1.497
1.124
1.131
1.118
1.785
1.904
1.794
0.749
0.800
0.804
1.851
1.914
1.931
2.059
2.190
2.122
1.552
1.567
1.584
1.135
1.217
1.240
1.907
1.923
1.915
1.212
1.230
1.265
1.196
1.247
1.252
0.667
0.672
0.660
1.103
1.089
1.247
1.665
1.696
1.766
0.875
1.023
0.850
0.609
0.863
0.527
0.738
0.773
0.764
1.092
1.235
1.065
1.643
1.632
1.657
2.642
2.643
2.644
0.999
1.018
1.004
2.944
2.968
2.987
1.719
1.695
1.648
1.232
1.272
1.257
2.196
2.250
2.278
1.392
1.423
1.474
0.863
0.874
0.880
0.922
0.953
0.960
1.239
1.312
1.276
1.206
1.338
1.297
1.688
1.771
1.767
1.642
1.672
1.675
1.015
1.130
1.164
1.783
1.825
1.793
0.915
0.953
0.975
3.115
3.155
3.166
1.432
1.440
1.424
2.101
2.136
2.115
1.215
1.216
1.225
0.731
0.844
0.807
0.731
0.844
0.807
0.731
0.844
0.807
1.231
1.239
1.254
0.805
0.822
0.811
1.075
1.107
1.091
1.642
1.643
1.651
0.831
0.865
0.883
0.819
0.852
0.826
0.819
0.853
0.833
1.068
1.150
1.102
1.068
1.290
1.230
1.264
1.259
1.245
1.168
1.374
1.245
1.250
1.466
1.318
1.096
1.117
1.294
1.055
1.071
1.061
1.481
1.482
1.487
1.066
1.094
1.026
1.593
1.601
1.633
1.474
1.572
1.565
1.788
1.835
1.820
3.170
3.247
3.033
1.040
1.073
1.092
1.323
1.394
1.400
1.150
1.149
1.161
0.609
0.666
0.670
1.533
1.610
1.578
0.691
0.743
0.720
1.102
1.130
1.182
1.439
1.460
1.424
1.351
1.368
1.371
1.799
1.935
1.851
1.950
1.956
1.966
1.055
1.070
1.071
1.254
1.513
1.253
1.302
1.292
1.326
0.664
0.701
0.686
2.209
2.277
2.331
1.831
1.820
1.922
1.069
1.094
1.096
0.978
1.000
1.004
3.385
3.327
3.410
1.494
1.541
1.528
1.698
1.688
1.708
0.635
0.685
0.607
2.062
2.051
2.109
1.173
1.357
1.291
1.579
1.671
1.690
1.537
1.774
1.674
1.068
1.110
1.096
0.858
0.855
0.864
1.434
1.427
1.432
1.352
1.354
1.361
1.704
1.778
1.802
0.911
0.915
0.951
1.047
1.068
1.076
1.297
1.370
1.375
1.208
1.326
1.277
0.782
0.939
0.816
0.484
0.543
0.551
1.657
1.781
1.614
1.104
1.121
1.122
1.517
1.525
1.746
1.188
1.192
1.187
0.614
0.715
0.671
2.441
2.484
2.500
1.106
1.145
1.154
0.886
0.933
0.936
1.703
1.754
1.738
2.549
2.601
2.582
1.387
1.383
1.362
1.512
1.650
1.661
0.805
0.805
0.811
1.931
1.964
2.005
0.901
0.922
0.917
2.307
2.302
2.337
1.544
1.661
1.626
3.566
3.561
3.584
3.062
3.099
3.165
1.147
1.255
1.270
1.220
1.189
1.236
0.760
0.697
0.746
1.387
1.417
1.418
1.020
1.104
1.081
2.102
2.102
2.089
1.491
1.497
1.534
0.798
0.793
0.801
1.332
1.319
1.308
1.968
1.973
1.948
1.187
1.270
1.247
2.779
2.796
2.812
1.666
1.655
1.671
1.851
1.811
1.791
0.793
0.784
0.805
0.929
0.956
0.934
1.137
1.184
1.169
1.199
1.239
1.275
1.240
1.252
1.280
2.341
2.387
2.398
0.987
1.024
1.030
1.332
1.303
1.334
1.277
1.358
1.475
0.838
0.860
0.863
0.902
1.044
0.871
0.940
0.940
0.954
0.875
0.925
0.945
1.079
1.111
1.106
1.478
1.506
1.491
2.396
2.373
2.404
2.598
2.576
2.551
2.883
3.004
3.030
1.761
1.837
1.739
1.761
1.810
1.719
1.087
1.187
1.149
1.554
1.579
1.541
0.824
0.850
0.849
1.544
1.534
1.541
1.389
1.449
1.448
0.896
0.960
0.942
0.889
0.888
0.890
1.597
1.560
1.612
1.378
1.429
1.421
0.926
0.954
0.946
1.498
1.473
1.496
1.112
1.161
1.175
0.902
1.046
1.046
1.304
1.324
1.350
1.084
1.130
1.123
1.651
1.757
1.784
0.926
0.932
0.956
1.294
1.261
1.268
1.793
1.848
1.844
1.155
1.156
1.146
0.837
0.855
0.833
2.308
2.373
2.324
1.803
1.819
1.807
1.108
1.137
1.129
1.239
1.319
1.355
1.474
1.597
1.558
1.175
1.236
1.215
1.354
1.348
1.356
0.597
0.713
0.696
2.186
2.468
2.485
0.749
0.780
0.749
0.749
0.755
0.806
1.304
1.434
1.458
1.329
1.370
1.385
2.351
2.517
2.495
0.970
1.031
1.042
0.753
0.811
0.815
1.436
1.424
1.438
1.143
1.153
1.154
1.567
1.603
1.622
1.789
1.831
1.800
1.258
1.388
1.201
1.215
1.230
1.259
1.543
1.556
1.508
1.183
1.223
1.197
1.634
1.683
1.722
1.015
1.012
1.010
1.773
1.779
1.799
1.480
1.483
1.511
2.166
2.235
2.222
1.321
1.365
1.333
1.924
2.003
2.019
1.116
1.161
1.155
1.177
1.216
1.186
1.244
1.298
1.314
1.318
1.315
1.287
1.393
1.433
1.421
1.558
1.596
1.609
1.229
1.273
1.273
1.732
1.696
1.925
1.696
1.743
1.691
1.554
1.647
1.618
0.775
0.952
0.942
0.714
0.763
0.741
0.817
0.838
0.810
0.922
0.926
0.941
1.974
1.997
1.949
1.535
1.562
1.595
0.936
0.951
0.996
1.418
1.458
1.450
0.833
0.878
0.865
1.726
1.719
1.740
1.540
1.530
1.549
0.714
0.763
0.741
1.640
1.664
1.653
1.554
1.594
1.605
0.697
0.742
0.721
1.060
1.044
1.092
1.052
1.048
1.073
0.697
0.742
0.721
1.418
1.445
1.434
0.749
0.808
0.830
1.075
1.125
1.283
2.574
2.580
2.692
1.309
1.333
1.340
1.390
1.389
1.374
0.697
0.742
0.721
1.399
1.411
1.438
1.120
1.103
1.123
0.697
0.742
0.721
0.788
0.802
0.798
0.989
1.024
1.080
1.175
1.195
1.198
0.889
0.900
0.908
1.373
1.457
1.457
1.321
1.356
1.318
0.705
0.786
0.712
0.705
0.777
0.764
0.705
0.788
0.764
1.942
1.959
2.050
1.457
1.490
1.480
0.668
0.732
0.731
1.177
1.210
1.218
0.714
0.763
0.741
1.095
1.100
1.131
1.504
1.528
1.515
1.012
1.018
1.050
0.725
0.761
0.747
0.735
1.052
0.842
1.736
1.751
1.716
1.818
1.764
1.830
0.957
0.981
0.991
1.394
1.297
1.344
1.319
1.352
1.357
0.808
0.846
0.832
2.102
2.306
2.320
1.065
1.071
1.075
1.114
1.135
1.152
0.697
0.742
0.721
0.921
0.989
0.968
0.643
0.698
0.699
0.918
0.919
0.920
1.122
1.036
1.015
1.776
1.794
1.787
1.790
1.786
1.797
1.321
1.324
1.329
0.863
0.911
0.900
1.690
1.761
1.729
0.959
1.006
0.998
1.307
1.353
1.369
1.466
1.585
1.504
1.100
1.222
1.183
1.724
1.717
1.732
1.256
1.232
1.226
1.262
1.270
1.171
1.005
1.021
1.047
0.702
0.752
0.738
0.842
0.826
0.854
2.926
2.932
2.955
1.048
1.082
1.075
1.864
1.893
1.888
2.087
2.204
2.183
4.057
4.093
4.087
0.834
0.889
0.883
0.975
1.018
1.018
1.058
1.089
1.079
1.959
2.035
1.984
3.334
3.357
3.377
0.930
0.922
0.948
0.768
0.824
0.807
1.444
1.530
1.525
0.785
0.800
0.839
1.086
1.107
1.101
1.114
1.137
1.166
1.422
1.558
1.450
2.089
2.143
2.148
1.719
1.744
1.724
1.132
1.186
1.187
1.286
1.347
1.332
2.124
2.151
2.138
1.096
1.155
1.145
1.500
1.522
1.512
1.427
1.450
1.456
1.932
1.962
1.931
1.463
1.390
1.689
2.649
2.673
2.649
0.690
0.682
0.643
0.532
0.690
0.672
1.450
1.491
1.462
1.630
1.630
1.637
1.247
1.273
1.261
1.999
1.986
1.977
1.873
1.872
1.890
1.966
1.977
1.979
1.381
1.408
1.402
1.191
1.194
1.215
1.212
1.287
1.296
0.818
0.820
0.829
1.540
1.567
1.566
1.334
1.330
1.415
1.218
1.249
1.272
0.807
0.908
0.890
1.699
1.735
1.746
1.747
1.812
1.836
2.376
2.328
2.363
1.739
1.743
1.776
2.096
2.101
2.123
1.138
1.251
1.266
1.669
1.701
1.703
1.100
1.154
1.127
1.541
1.549
1.512
0.583
0.720
0.709
1.154
1.154
1.193
1.412
1.454
1.467
0.701
0.714
0.735
0.911
1.087
1.103
1.170
1.157
1.180
2.310
2.303
2.333
1.766
1.891
1.865
1.081
1.103
1.104
2.141
2.165
2.114
1.137
1.171
1.181
2.425
2.477
2.447
2.093
2.121
2.130
1.801
1.901
1.882
2.288
2.318
2.307
1.061
1.290
1.230
2.867
2.879
2.910
2.791
2.829
2.808
1.855
1.867
1.886
1.319
1.374
1.361
1.457
1.468
1.486
0.832
0.887
0.886
1.295
1.281
1.297
1.551
1.615
1.642
2.971
3.007
2.986
2.124
2.146
2.209
1.068
1.149
1.112
1.823
1.859
1.912
0.978
0.993
1.031
1.359
1.365
1.367
1.517
1.521
1.525
1.264
1.290
1.359
1.338
1.354
1.364
0.972
1.009
1.025
1.251
1.243
1.253
2.384
2.397
2.401
1.960
2.003
2.016
2.523
2.535
2.578
0.999
1.024
1.031
1.173
1.187
1.218
1.379
1.397
1.385
0.845
0.866
0.865
2.083
2.115
2.136
1.364
1.487
1.533
0.610
0.701
0.702
0.916
0.937
0.935
1.941
1.978
1.965
0.886
0.955
0.932
1.682
1.693
1.681
1.791
1.798
1.845
1.479
1.512
1.522
0.909
0.988
1.004
1.234
1.245
1.257
1.533
1.559
1.519
2.908
2.932
2.958
1.301
1.309
1.273
1.403
1.399
1.419
0.983
0.997
0.998
2.769
2.750
2.712
2.045
2.127
2.327
2.335
2.300
2.319
1.057
1.102
1.074
2.169
2.206
2.165
2.149
2.134
2.161
1.704
1.728
1.710
1.072
1.136
1.171
1.871
2.005
2.065
1.367
1.450
1.455
1.325
1.299
1.335
1.583
1.583
1.716
0.985
0.978
0.993
0.796
0.814
0.821
1.131
1.167
1.173
1.131
1.167
1.173
1.131
1.167
1.173
2.072
2.081
2.080
0.901
0.954
0.935
1.619
1.650
1.657
0.807
0.826
0.828
1.638
1.733
1.702
1.062
1.277
1.298
0.856
0.875
0.880
1.928
1.985
1.934
1.471
1.507
1.535
0.980
0.971
1.040
0.658
0.794
0.768
1.349
1.537
1.508
1.103
1.114
1.175
1.493
1.494
1.561
1.818
1.783
1.809
1.564
1.720
1.639
1.304
1.335
1.327
1.577
1.574
1.585
1.970
1.998
2.059
2.162
2.516
2.195
1.664
1.664
1.657
1.009
1.038
1.026
1.035
1.039
0.969
1.089
1.233
1.150
1.096
1.118
1.170
1.509
1.485
1.502
1.813
1.792
1.834
1.821
1.955
2.013
2.491
2.543
2.506
1.630
1.632
1.627
1.107
1.161
1.169
1.208
1.220
1.206
0.661
0.759
0.771
1.390
1.587
1.560
1.377
1.352
1.373
1.855
1.893
1.866
1.859
1.965
1.906
1.030
1.061
1.084
2.175
2.168
2.173
0.844
0.849
0.833
0.923
0.931
0.910
1.561
1.557
1.612
1.972
1.952
1.896
0.848
0.860
0.840
0.737
0.725
0.736
0.727
0.731
0.763
0.621
0.661
0.643
0.716
0.752
0.736
1.178
1.191
1.217
2.138
2.389
2.281
1.041
1.012
1.069
0.907
0.942
0.936
1.173
1.201
1.199
1.372
1.359
1.399
1.836
1.869
1.863
1.048
1.069
1.061
1.028
1.041
1.055
0.934
0.994
0.970
1.089
1.143
1.150
1.633
1.726
1.686
1.239
1.278
1.305
0.497
0.530
0.516
1.047
1.004
1.038
2.494
2.486
2.535
1.409
1.429
1.443
1.141
1.154
1.158
0.455
0.578
0.538
0.455
0.578
0.538
0.455
0.578
0.538
1.164
1.193
1.203
1.480
1.468
1.415
0.761
0.801
0.788
1.134
1.197
1.256
0.668
0.673
0.696
1.870
1.906
1.876
1.831
1.849
1.847
1.358
1.441
1.424
1.111
1.122
1.156
1.699
1.776
1.785
1.474
1.653
1.618
1.136
1.117
1.086
0.878
0.921
0.880
0.802
0.799
0.815
1.769
1.758
1.772
1.391
1.437
1.424
1.391
1.464
1.424
1.535
1.565
1.576
1.462
1.488
1.502
0.722
0.822
0.849
2.415
2.392
2.345
0.827
0.841
0.851
1.412
1.425
1.403
1.010
1.022
1.017
1.410
1.463
1.483
0.890
0.893
0.904
0.304
0.424
0.431
0.678
0.804
0.793
1.078
1.116
1.219
1.657
1.621
1.553
0.477
0.484
0.501
1.457
1.422
1.494
1.905
1.983
1.974
0.804
0.813
0.819
1.809
1.774
1.713
1.406
1.418
1.457
1.045
1.072
1.222
1.314
1.306
1.297
1.866
1.896
1.913
1.459
1.514
1.459
2.131
2.176
2.127
1.131
1.145
1.155
1.052
1.075
1.126
0.788
0.777
0.818
1.643
1.633
1.655
1.459
1.474
1.482
0.971
1.003
1.027
0.971
1.003
1.027
1.904
1.904
1.934
0.857
0.930
0.895
1.988
1.989
1.985
1.437
1.475
1.481
0.726
0.726
0.699
1.324
1.345
1.341
1.328
1.380
1.385
0.659
0.801
0.753
2.076
2.121
2.092
1.802
1.814
1.815
1.711
1.732
1.707
2.627
2.633
2.646
1.636
1.631
1.681
1.095
1.106
1.117
1.480
1.507
1.527
1.737
1.818
1.813
1.462
1.487
1.498
1.105
1.062
1.182
1.779
1.812
1.804
1.463
1.531
1.526
1.495
1.502
1.492
0.922
0.942
0.944
1.217
1.201
1.178
1.305
1.320
1.334
0.671
0.729
0.744
0.978
0.995
1.006
0.740
0.766
0.775
1.634
1.661
1.674
1.165
1.216
1.210
1.243
1.258
1.277
1.582
1.629
1.617
2.071
2.213
2.124
1.529
1.619
1.624
1.171
1.222
1.212
0.878
0.909
0.895
1.071
1.093
1.052
1.035
1.139
1.135
1.134
1.173
1.161
1.021
1.046
1.046
1.763
1.839
1.819
0.604
0.876
0.813
1.946
1.965
1.961
1.063
1.079
1.067
1.983
2.006
1.981
0.895
0.948
0.978
1.356
1.353
1.359
2.715
2.718
2.738
2.499
2.635
2.628
0.898
0.950
0.953
2.033
2.117
2.070
1.255
1.262
1.281
1.152
1.215
1.174
2.252
2.373
2.276
1.679
1.691
1.695
2.216
2.237
2.246
1.003
1.051
0.989
1.340
1.332
1.341
0.882
0.912
0.900
2.394
2.450
2.448
1.751
1.782
1.669
1.274
1.271
1.250
0.608
0.651
0.660
0.458
0.497
0.467
1.581
1.598
1.613
1.033
1.107
1.085
2.477
2.537
2.520
1.442
1.476
1.493
1.647
1.645
1.698
0.855
0.923
0.894
0.882
0.912
0.900
1.756
1.783
1.779
0.858
0.970
0.923
0.785
0.804
0.778
0.851
0.865
0.853
1.505
1.538
1.575
0.826
0.870
0.846
1.378
1.435
1.440
0.902
0.924
0.932
0.878
0.909
0.895
0.771
0.821
0.800
1.049
1.058
1.058
0.957
0.960
0.944
1.182
1.187
1.186
0.645
0.670
0.679
1.328
1.362
1.374
0.851
0.925
0.908
2.964
3.129
3.032
2.964
3.129
3.032
2.964
3.129
3.032
1.075
1.133
1.152
0.882
0.912
0.900
1.737
1.759
1.740
1.271
1.303
1.293
0.731
0.732
0.742
0.917
0.948
0.951
1.491
1.533
1.545
1.206
1.224
1.216
0.838
0.852
0.854
1.653
1.667
1.654
0.981
0.987
0.990
2.226
2.265
2.282
0.788
0.780
0.791
0.882
0.912
0.900
0.996
1.025
1.034
1.055
1.066
1.064
0.805
0.802
0.830
2.422
2.454
2.466
0.645
0.783
0.777
1.158
1.232
1.238
1.879
1.957
1.963
0.798
0.836
0.823
0.567
0.647
0.697
2.169
2.242
2.211
1.333
1.350
1.335
1.842
1.883
1.866
1.441
1.441
1.446
1.824
1.852
1.858
1.180
1.235
1.223
1.175
1.279
1.229
1.913
1.918
1.951
1.318
1.365
1.363
2.157
2.184
2.197
1.354
1.365
1.384
1.720
1.738
1.774
1.549
1.536
1.556
0.612
0.662
0.671
1.196
1.298
1.314
1.520
1.495
1.557
1.811
1.840
1.837
2.157
2.191
2.191
1.155
1.186
1.175
2.448
2.448
2.364
0.975
0.991
0.970
1.824
1.850
1.839
1.616
1.650
1.700
1.116
1.148
1.165
1.598
1.638
1.602
1.633
1.656
1.664
2.567
2.597
2.585
2.087
2.163
2.120
1.697
1.757
1.805
1.741
1.715
1.767
1.048
1.105
1.038
1.635
1.660
1.568
1.730
1.784
1.788
1.490
1.441
1.624
2.557
2.611
2.621
2.237
2.227
2.253
0.912
0.928
0.915
1.395
1.445
1.457
1.794
1.829
1.821
1.334
1.338
1.395
1.098
1.321
1.273
1.671
1.752
1.752
1.526
1.529
1.516
0.897
0.889
0.898
1.153
1.152
1.234
1.173
1.249
1.213
1.642
1.646
1.664
0.865
0.879
0.842
0.865
0.879
0.842
1.293
1.335
1.332
1.376
1.389
1.379
0.910
0.910
0.924
2.031
2.148
2.056
1.477
1.409
1.432
0.736
0.779
0.704
1.183
1.291
1.280
0.667
0.661
0.690
1.062
1.075
1.090
2.126
2.088
2.095
1.147
1.098
1.079
0.682
0.733
0.746
2.288
2.322
2.385
1.135
1.152
1.170
0.961
1.019
0.988
0.970
0.989
0.997
1.699
1.708
1.723
1.257
1.271
1.254
2.314
2.375
2.327
1.136
0.931
0.919
1.966
1.966
1.958
1.636
1.639
1.648
0.975
0.994
1.000
1.600
1.801
1.717
0.833
0.826
0.843
2.281
2.367
2.315
2.061
2.086
2.075
0.841
0.891
0.886
1.249
1.260
1.277
1.520
1.523
1.540
1.086
1.180
1.122
1.800
1.818
1.818
2.426
2.464
2.491
0.810
0.844
0.855
1.121
1.228
1.323
1.753
1.786
1.800
1.088
1.052
1.227
1.583
1.625
1.619
0.760
0.799
0.802
1.377
1.411
1.347
1.175
1.223
1.207
3.302
3.330
3.344
1.745
2.073
1.864
0.917
0.970
0.952
0.971
1.016
1.014
1.234
1.258
1.293
2.033
2.036
1.965
0.906
0.919
0.885
1.408
1.420
1.407
0.833
0.861
1.230
1.151
1.185
1.186
1.751
1.781
1.772
0.921
0.943
0.962
2.833
2.867
2.875
3.102
3.104
3.102
1.696
1.773
1.791
1.241
1.258
1.255
1.786
1.796
1.802
1.418
1.428
1.432
1.907
2.012
1.974
1.231
1.231
1.218
1.337
1.413
1.407
1.311
1.342
1.323
0.909
0.962
0.940
0.477
0.483
0.490
1.189
1.231
1.203
1.142
1.195
1.188
0.730
0.739
0.752
2.095
2.159
2.167
1.228
1.395
1.350
1.266
1.321
1.305
0.587
0.679
0.721
1.625
1.774
1.710
1.508
1.498
1.519
1.002
1.020
1.020
1.654
1.748
1.546
1.445
1.511
1.575
1.411
1.440
1.428
0.924
0.903
0.915
2.409
2.416
2.439
0.796
0.866
0.842
0.796
0.817
0.842
1.922
1.916
1.915
1.353
1.420
1.449
1.360
1.363
1.365
1.136
1.220
1.221
0.731
0.759
0.762
0.787
0.797
0.816
1.106
1.092
1.047
0.751
0.725
0.757
1.996
1.973
1.998
1.033
1.036
1.002
0.940
0.984
0.958
0.895
0.944
1.044
2.202
2.198
2.236
3.038
3.014
3.029
1.374
1.393
1.398
0.970
0.960
1.000
0.975
0.998
0.995
0.673
0.659
0.700
1.487
1.488
1.478
1.589
1.596
1.616
1.347
1.332
1.366
0.883
0.967
0.940
0.895
0.931
0.940
0.771
0.776
0.797
1.368
1.373
1.367
1.804
1.819
1.807
0.795
0.810
0.826
1.027
1.039
1.048
0.882
0.912
0.900
0.882
0.912
0.900
1.298
1.334
1.328
1.083
1.264
1.278
1.253
1.306
1.306
1.003
0.990
1.037
0.793
1.060
0.960
1.329
1.393
1.401
0.653
0.651
0.725
1.779
1.802
1.883
2.602
2.600
2.636
0.885
0.928
0.940
2.250
2.241
2.234
0.877
1.024
0.958
1.082
1.100
1.099
1.710
1.744
1.738
1.701
1.722
1.721
1.067
1.073
1.075
0.625
0.709
0.695
1.463
1.447
1.461
0.804
0.818
0.846
0.884
0.887
0.861
2.649
2.678
2.684
1.779
1.772
1.781
1.786
1.814
1.824
0.969
0.933
0.999
1.839
1.899
1.867
0.862
0.895
0.911
1.357
1.381
1.409
1.083
1.153
1.139
1.838
1.864
1.860
1.524
1.511
1.534
1.367
1.370
1.395
1.263
1.307
1.294
2.350
2.360
2.355
0.600
0.628
0.600
0.600
0.696
0.654
1.019
1.023
1.057
0.987
1.045
1.044
1.188
1.238
1.232
1.804
1.863
1.822
0.910
0.931
0.926
1.091
1.158
1.161
0.784
0.807
0.816
2.038
2.081
2.099
1.087
1.130
1.132
0.905
0.962
1.007
1.137
1.206
1.232
2.873
2.894
2.889
1.739
1.746
1.730
1.642
1.669
1.687
1.510
1.530
1.524
0.967
1.001
0.983
1.127
1.202
1.181
0.878
0.908
0.895
1.658
1.737
1.713
1.538
1.540
1.563
1.058
1.099
1.076
1.736
1.658
1.788
2.033
2.131
2.059
1.325
1.363
1.359
1.339
1.329
1.342
1.419
1.455
1.449
0.951
0.963
1.023
1.689
1.712
1.701
1.517
1.509
1.569
1.172
1.175
1.182
1.273
1.316
1.294
1.832
1.848
1.852
1.326
1.395
1.416
1.409
1.432
1.418
1.155
1.143
1.198
0.751
0.679
0.766
0.781
0.779
0.786
1.190
1.201
1.218
0.848
0.885
0.866
0.848
0.873
0.871
1.464
1.492
1.500
1.048
1.091
1.062
1.241
1.377
1.279
1.218
1.226
1.247
1.255
1.300
1.278
0.632
0.689
0.674
0.815
0.823
0.842
0.719
0.751
0.738
0.755
0.825
0.819
0.935
0.925
0.972
1.014
1.303
1.291
1.492
1.556
1.554
2.597
2.646
2.628
0.719
0.806
0.789
0.800
0.855
0.872
1.240
1.285
1.269
1.244
1.246
1.267
1.965
1.993
1.958
1.025
1.027
1.031
1.415
1.433
1.466
2.997
2.999
3.006
1.644
1.671
1.720
1.049
1.095
1.065
0.877
0.865
0.886
1.244
1.311
1.253
1.983
2.048
2.009
1.956
2.055
2.011
1.968
2.078
2.024
1.169
1.177
1.192
1.150
1.163
1.184
0.964
1.046
1.038
0.756
1.107
0.959
0.856
0.889
0.880
1.042
1.126
1.109
0.519
0.565
0.506
1.066
1.178
1.170
1.220
1.279
1.278
0.647
0.715
0.672
1.219
1.183
1.230
1.560
1.556
1.566
1.094
1.363
1.152
0.972
0.999
1.005
0.915
0.912
0.913
1.050
1.066
1.061
1.173
1.198
1.207
0.721
0.744
0.768
0.705
0.713
0.718
1.702
1.983
1.769
1.226
1.225
1.236
0.861
0.897
0.900
1.881
1.878
1.879
1.747
1.845
1.796
2.858
2.827
2.836
0.923
0.966
0.966
0.817
0.880
0.892
0.919
0.973
0.979
0.929
1.215
1.123
1.004
1.039
1.019
1.663
1.701
1.689
0.879
0.900
0.922
1.147
1.264
1.298
1.263
1.252
1.295
1.329
1.378
1.344
0.944
0.964
0.973
1.442
1.501
1.470
1.193
1.191
1.256
1.268
1.289
1.280
0.901
0.890
0.877
0.804
0.922
0.895
1.447
1.452
1.423
0.667
0.859
0.812
2.215
2.234
2.236
1.074
1.113
1.196
1.758
1.754
1.768
1.261
1.236
1.245
1.350
1.347
1.347
1.010
1.041
1.029
1.896
1.881
1.885
1.158
1.372
1.508
1.110
1.092
1.125
1.843
1.869
1.807
1.991
2.007
2.015
1.118
1.405
1.371
2.083
2.062
2.033
0.926
0.938
0.924
0.759
0.790
0.785
0.420
0.454
0.440
0.724
0.746
0.739
1.472
1.519
1.500
1.022
1.053
1.051
1.101
1.230
1.077
1.009
1.035
1.025
1.072
1.082
1.084
1.380
1.399
1.391
1.898
1.944
1.924
1.631
1.651
1.713
0.974
1.006
1.076
0.545
0.576
0.564
0.891
0.911
0.936
0.922
0.958
0.941
1.178
1.182
1.181
0.545
0.576
0.564
0.497
0.535
0.522
0.545
0.576
0.564
1.940
1.931
1.944
1.519
1.527
1.550
1.612
1.622
1.618
1.493
1.518
1.585
0.949
0.961
0.973
1.372
1.419
1.357
1.231
1.278
1.234
0.616
0.646
0.679
1.810
1.802
1.795
2.431
2.541
2.544
1.479
1.533
1.561
0.433
0.582
0.558
2.042
2.058
2.056
1.381
1.464
1.449
1.027
1.087
1.020
0.854
0.897
0.915
0.977
0.994
1.008
1.086
1.165
1.167
1.349
1.327
1.396
1.028
1.132
1.122
1.094
1.102
1.139
0.726
0.785
0.788
1.331
1.413
1.429
1.123
1.144
1.161
1.066
1.122
1.118
1.247
1.228
1.218
0.842
0.899
0.887
1.287
1.299
1.306
0.817
0.953
0.879
1.778
1.777
1.752
2.280
2.263
2.308
1.987
2.116
2.077
0.956
1.004
1.000
1.632
1.727
1.753
0.667
0.724
0.718
0.824
0.846
0.873
1.749
1.813
1.778
1.948
1.960
1.969
1.521
1.527
1.555
1.521
1.527
1.555
1.348
1.361
1.384
1.395
1.413
1.399
1.758
1.796
1.774
1.673
1.686
1.709
1.344
1.404
1.389
1.224
1.349
1.346
1.272
1.299
1.299
1.145
1.172
1.164
2.259
2.392
2.347
1.543
1.639
1.557
0.493
0.511
0.549
2.992
3.002
2.969
1.636
1.686
1.714
0.965
1.181
1.150
1.355
1.693
1.681
2.290
2.327
2.302
1.781
1.781
1.776
1.266
1.355
1.340
0.942
0.952
0.935
1.959
1.936
1.996
1.713
1.756
1.759
2.132
2.160
2.219
1.799
1.814
1.820
0.843
0.898
0.905
1.270
1.310
1.310
1.896
1.926
1.914
1.169
1.208
1.207
1.059
1.110
1.112
1.084
1.150
1.173
1.621
1.609
1.636
1.107
1.078
1.104
1.912
1.923
1.926
1.220
1.245
1.238
1.561
1.616
1.634
2.330
2.379
2.404
0.919
0.908
0.965
1.347
1.340
1.326
1.093
1.122
1.080
1.556
1.606
1.600
0.598
0.629
0.611
1.658
1.710
1.648
1.635
1.597
1.668
1.698
1.690
1.701
1.754
1.761
1.803
2.160
2.160
2.193
1.846
1.888
1.891
1.422
1.414
1.501
1.610
1.656
1.616
1.964
2.014
2.009
1.107
1.133
1.118
1.226
1.241
1.299
1.769
1.911
1.999
1.963
1.953
1.948
1.052
1.032
1.058
1.334
1.360
1.366
3.180
3.212
3.200
3.032
3.210
3.134
1.502
1.523
1.513
1.901
1.902
1.950
0.659
0.815
0.827
1.218
1.278
1.247
0.898
0.969
0.944
1.246
1.306
1.307
1.283
1.361
1.350
0.983
1.138
1.009
0.983
1.129
1.062
0.640
0.803
0.782
1.518
1.496
1.536
1.575
1.665
1.731
0.275
0.268
0.276
0.813
0.860
0.833
1.317
1.326
1.328
1.849
1.859
1.892
2.338
2.393
2.372
2.277
2.289
2.344
1.845
1.859
1.899
1.276
1.261
1.277
1.596
1.663
1.617
0.863
0.899
0.921
1.086
1.040
1.126
2.067
2.069
2.065
1.424
1.427
1.425
1.731
1.757
1.772
1.090
1.142
1.125
1.436
1.467
1.508
1.337
1.373
1.403
0.655
0.607
0.630
1.022
1.017
1.031
1.245
1.214
1.240
1.606
1.717
1.707
0.910
0.909
0.884
1.475
1.470
1.481
0.888
0.870
0.947
1.518
1.536
1.555
1.037
1.172
1.133
0.761
0.762
0.746
1.472
1.477
1.478
1.762
1.787
1.779
1.089
1.113
1.108
1.390
1.456
1.469
1.233
1.478
1.307
2.548
2.573
2.598
1.716
1.769
1.751
0.874
0.940
0.906
1.728
1.790
1.788
1.130
1.174
1.221
1.294
1.318
1.344
1.921
1.922
1.954
1.463
1.598
1.549
0.771
0.854
0.776
0.771
0.854
0.776
1.027
1.070
1.124
0.672
0.869
0.860
0.695
0.864
0.822
1.888
1.973
1.954
0.755
0.772
1.082
1.112
1.125
1.194
1.956
1.950
1.951
1.204
1.308
1.272
1.227
1.263
1.320
1.145
1.097
1.140
0.813
0.823
0.849
1.512
1.517
1.542
1.184
1.234
1.229
0.808
0.944
0.886
1.116
1.114
1.121
1.326
1.360
1.387
0.731
0.799
0.765
1.111
1.132
1.157
1.833
1.875
1.890
1.450
1.508
1.469
0.990
0.982
0.976
0.797
0.825
0.797
1.240
1.241
1.249
1.210
1.418
1.317
1.165
1.177
1.262
1.316
1.358
1.338
1.316
1.394
1.477
1.840
1.858
1.867
1.395
1.379
1.378
1.103
1.142
1.165
1.115
1.338
1.260
2.729
2.741
2.736
1.276
1.310
1.325
1.476
1.555
1.533
1.248
1.300
1.275
0.793
0.962
0.964
1.344
1.347
1.368
0.553
0.586
0.572
0.923
0.968
0.980
1.704
1.694
1.716
2.054
2.050
2.063
0.874
0.885
0.863
1.131
1.126
1.151
1.848
1.896
1.876
0.982
1.007
0.998
1.469
1.517
1.467
2.105
2.089
2.137
1.172
1.175
1.157
2.773
2.829
2.780
1.452
1.499
1.490
1.574
1.624
1.617
1.245
1.281
1.296
1.095
1.100
1.078
1.394
1.403
1.405
1.377
1.581
1.548
1.410
1.408
1.420
1.186
1.245
1.207
1.316
1.325
1.318
1.195
1.209
1.216
2.657
2.668
2.680
1.748
1.781
1.763
0.988
1.113
1.007
1.160
1.196
1.191
0.927
0.958
0.954
0.934
0.958
0.964
0.721
0.739
0.702
0.833
1.013
1.026
1.738
1.730
1.733
0.830
0.842
0.845
1.717
1.723
1.704
1.460
1.537
1.720
1.155
1.180
1.163
1.285
1.308
1.307
1.453
1.510
1.503
0.901
0.917
0.895
1.959
1.975
1.974
1.693
1.666
1.727
1.851
1.945
1.973
1.333
1.352
1.377
1.654
1.716
1.716
0.553
0.586
0.572
1.271
1.241
1.297
1.635
1.710
1.632
1.367
1.395
1.408
1.489
1.483
1.512
1.247
1.326
1.269
1.586
1.644
1.635
1.500
1.501
1.510
1.373
1.408
1.414
1.244
1.338
1.343
1.004
1.028
1.015
1.044
1.038
1.065
0.947
0.963
0.995
0.799
0.932
0.875
0.962
0.970
1.024
1.834
2.063
2.112
1.078
1.107
1.097
0.797
0.813
0.816
1.063
1.631
1.405
1.270
1.299
1.277
2.722
2.724
2.751
0.820
0.893
0.896
0.552
0.563
0.584
0.781
0.763
0.711
0.885
0.890
0.891
0.666
0.714
0.733
1.965
1.992
2.030
0.395
0.472
0.464
1.389
1.454
1.441
0.674
0.788
0.733
1.297
1.347
1.334
0.557
0.589
0.576
1.945
1.931
1.942
1.215
1.235
1.268
1.110
1.296
1.222
1.230
1.226
1.242
1.293
1.295
1.323
1.451
1.440
1.447
1.982
1.995
1.995
0.717
0.735
0.718
1.809
1.852
1.743
1.780
1.861
1.972
1.065
1.089
1.084
1.392
1.544
1.530
0.746
0.733
0.775
1.122
1.205
1.187
2.053
2.041
2.065
0.970
1.011
1.027
1.139
1.238
1.251
1.725
1.723
1.742
1.103
1.138
1.162
0.873
0.915
0.961
1.299
1.290
1.286
1.451
1.482
1.459
1.421
1.520
1.481
1.130
1.117
1.094
1.314
1.323
1.321
1.285
1.366
1.332
0.918
0.944
0.946
1.416
1.432
1.421
1.449
1.496
1.432
1.818
2.150
2.152
1.972
1.986
1.965
1.992
1.966
2.029
1.259
1.225
1.254
1.351
1.333
1.347
2.211
2.198
2.241
1.979
2.021
2.003
1.595
1.635
1.658
0.824
0.905
0.890
1.221
1.191
1.215
1.483
1.486
1.494
2.215
2.212
2.265
1.093
1.262
1.235
2.746
2.807
2.781
1.657
1.651
1.662
0.913
0.943
0.957
0.884
0.881
0.885
1.341
1.339
1.377
1.595
1.631
1.598
0.761
0.788
0.782
1.607
1.614
1.604
1.623
1.649
1.641
1.045
1.121
1.112
1.034
1.031
1.066
1.227
1.248
1.495
1.123
1.131
1.114
1.642
1.671
1.635
2.075
2.149
2.181
0.884
0.889
0.888
1.412
1.445
1.444
1.415
1.438
1.504
0.664
0.843
0.873
0.607
0.767
0.578
1.276
1.330
1.291
1.165
1.175
1.205
1.014
1.088
1.105
0.871
1.012
0.984
1.202
1.318
1.273
1.383
1.391
1.402
1.826
1.928
1.926
1.218
1.274
1.248
2.121
2.135
2.139
1.161
1.199
1.207
1.810
1.863
1.864
1.051
1.077
1.100
1.755
1.811
1.815
1.527
1.512
1.533
0.932
1.005
1.018
2.117
2.141
2.133
0.789
0.874
0.841
1.513
1.454
1.434
1.669
1.664
1.669
0.842
0.857
0.853
0.997
1.033
1.025
0.581
0.823
0.734
1.278
1.319
1.337
1.689
1.686
1.717
1.960
1.966
1.969
1.165
1.282
1.234
1.885
1.936
1.960
0.988
0.985
0.997
1.866
1.892
1.939
0.931
1.017
1.011
1.333
1.492
1.429
1.744
1.817
1.780
1.278
1.346
1.342
1.715
1.840
1.714
1.715
1.839
1.821
2.198
2.205
2.201
1.277
1.278
1.278
2.108
2.109
2.118
1.337
1.366
1.358
1.695
1.701
1.700
1.844
1.898
1.877
1.886
1.877
1.884
2.538
2.555
2.547
1.319
1.466
1.417
0.956
1.023
1.026
1.375
1.348
1.696
0.882
0.937
0.935
1.410
1.384
1.411
2.483
2.449
2.424
1.390
1.348
1.258
1.485
1.501
1.508
1.008
1.022
1.029
1.013
1.167
1.089
1.140
1.129
1.136
1.179
1.385
1.403
1.118
1.109
1.134
1.101
1.274
1.248
1.576
1.654
1.613
1.238
1.192
1.213
1.338
1.374
1.601
0.960
1.033
1.006
0.302
0.576
0.442
1.464
1.487
1.497
0.979
0.959
1.003
0.969
0.971
1.016
0.849
0.989
0.922
1.886
1.961
1.973
1.280
1.328
1.338
1.295
1.455
1.393
1.535
1.595
1.476
1.506
1.503
1.553
1.055
1.069
1.044
0.838
0.847
0.899
1.128
1.338
1.210
1.278
1.300
1.342
1.459
1.576
1.538
1.281
1.384
1.400
1.348
1.267
1.345
2.403
2.394
2.405
1.640
1.594
1.672
0.773
0.785
0.809
1.999
2.054
2.072
1.482
1.506
1.550
1.843
1.889
1.937
1.215
1.329
1.317
2.227
2.246
2.292
3.092
3.077
3.126
1.936
1.980
1.970
1.644
1.694
1.668
1.116
1.155
1.160
1.880
1.905
1.893
1.389
1.392
1.370
1.063
1.358
1.082
1.861
1.916
1.930
1.631
2.273
2.446
0.985
1.021
1.037
1.984
1.966
1.984
1.703
1.750
1.795
0.896
0.916
0.927
2.122
2.166
2.162
1.561
1.544
1.609
1.926
1.933
1.894
1.443
1.490
1.488
1.129
1.157
1.133
1.344
1.428
1.413
0.837
0.869
0.955
1.625
1.665
1.636
1.679
1.617
1.673
1.575
1.578
1.539
0.833
0.850
0.856
1.536
1.599
1.606
1.935
1.973
1.928
1.074
1.140
1.115
1.007
1.057
1.094
0.709
0.718
0.737
1.902
1.837
1.897
0.793
0.952
0.891
0.736
0.788
0.711
0.780
0.783
0.801
0.747
0.816
0.825
2.160
2.169
2.186
1.452
1.446
1.438
0.794
0.811
0.808
1.248
1.295
1.304
1.782
1.949
1.832
1.074
1.090
1.122
1.085
1.114
1.423
2.195
2.281
2.301
2.158
2.183
2.197
1.409
1.474
1.380
2.103
2.142
2.176
1.488
1.543
1.532
0.797
0.854
0.966
0.918
0.987
0.990
0.530
0.718
0.682
1.341
1.351
1.414
1.130
1.143
1.144
1.229
1.300
1.287
1.027
1.063
1.063
0.739
0.795
0.814
1.707
1.724
1.743
1.484
1.556
1.509
2.042
2.035
2.039
2.327
2.344
2.332
0.880
0.936
0.923
1.822
1.811
1.803
1.572
1.743
1.634
0.951
0.967
0.971
1.201
1.183
1.194
1.243
1.457
1.167
1.102
1.233
1.163
2.025
2.010
2.048
0.576
0.609
0.630
1.187
1.208
1.236
0.903
0.958
0.945
0.632
0.720
0.766
0.892
0.915
0.899
0.756
0.824
0.822
0.949
0.952
0.986
0.522
0.648
0.615
1.252
1.312
1.318
0.749
0.858
0.820
1.520
1.584
1.528
1.441
1.473
1.618
1.701
1.704
1.738
1.428
1.454
1.457
1.052
1.032
1.040
1.165
1.184
1.184
1.704
1.744
1.738
1.329
1.302
1.369
1.329
1.373
1.361
1.465
1.499
1.514
1.082
1.130
1.153
1.520
1.498
1.527
1.069
1.111
1.131
1.113
1.149
1.146
2.883
2.875
2.869
1.256
1.388
1.325
1.485
1.472
1.521
1.578
1.605
1.899
1.460
1.500
1.449
1.935
1.978
1.988
0.480
0.770
0.771
0.769
0.796
0.801
1.394
1.412
1.413
1.306
1.330
1.339
1.222
1.251
1.242
1.526
1.501
1.539
0.588
0.877
0.789
1.007
1.039
1.041
0.990
1.024
1.002
1.241
1.231
1.236
1.240
1.307
1.295
1.779
2.007
1.808
0.390
0.406
0.408
0.515
0.707
0.619
1.932
1.958
1.950
0.698
0.766
0.768
0.973
1.020
1.017
0.986
0.990
1.049
0.946
1.025
1.009
1.139
1.188
1.213
0.958
1.003
1.032
0.904
0.904
0.912
1.116
1.113
1.132
1.166
1.214
1.211
1.156
1.321
1.252
0.997
1.057
1.038
0.870
0.875
0.874
1.915
1.936
1.947
1.432
1.491
1.529
1.289
1.281
1.253
1.368
1.415
1.428
0.772
0.802
0.763
0.945
1.072
0.961
1.111
1.165
1.139
1.078
1.072
1.060
1.457
1.502
1.489
1.212
1.221
1.274
0.529
0.576
0.541
0.944
1.024
1.008
1.171
1.156
1.232
1.402
1.504
1.491
1.607
1.638
1.625
1.530
1.596
1.604
1.071
1.070
1.049
1.706
1.719
1.732
1.299
1.305
1.297
1.900
1.899
1.956
0.875
0.887
0.881
1.705
1.726
1.752
0.980
1.043
1.029
0.814
0.829
0.822
2.123
2.139
2.134
1.037
1.054
1.076
1.550
1.622
1.661
0.942
0.990
0.974
1.015
1.014
1.019
1.750
1.783
1.790
2.363
2.394
2.393
1.403
1.452
1.424
1.116
1.185
1.158
1.253
1.256
1.252
1.136
1.205
1.201
0.882
0.900
0.901
0.902
0.921
0.920
0.854
0.874
0.868
0.920
0.931
0.906
0.980
1.010
0.989
1.336
1.368
1.372
0.562
0.596
0.589
0.716
0.742
0.735
1.853
1.860
1.861
1.687
1.630
1.680
1.606
1.607
1.624
1.239
1.243
1.265
1.252
1.290
1.259
1.104
1.124
1.057
1.179
1.372
1.229
1.067
1.055
1.065
1.760
1.809
1.799
2.095
2.128
2.098
0.718
0.738
0.741
1.348
1.353
1.353
1.025
1.032
1.025
1.685
1.670
1.701
2.072
2.031
2.011
1.160
1.187
1.176
1.644
1.652
1.672
0.761
0.799
0.771
1.430
1.455
1.445
1.503
1.537
1.547
2.123
2.143
2.143
1.982
1.988
2.005
1.315
1.337
1.353
1.317
1.316
1.331
2.804
2.787
2.792
1.480
1.513
1.503
1.386
1.412
1.445
1.268
1.339
1.328
1.749
1.779
1.759
1.846
1.861
1.869
1.648
1.658
1.658
1.247
1.282
1.267
1.282
1.359
1.329
1.217
1.193
1.125
1.253
1.250
1.283
0.895
0.948
0.951
1.501
1.501
1.511
1.745
1.751
1.755
1.782
1.787
1.756
1.194
1.245
1.240
1.212
1.418
1.536
1.224
1.228
1.193
0.986
1.186
1.214
1.518
1.543
1.550
1.216
1.326
1.569
1.931
1.964
2.037
0.368
0.549
0.563
1.496
1.515
1.513
1.882
1.929
1.961
0.869
0.936
1.237
2.119
2.168
2.211
1.991
2.010
2.025
1.112
1.119
1.124
0.924
0.943
0.945
1.539
1.539
1.547
1.620
1.634
1.640
0.929
0.961
1.000
1.687
1.759
1.694
0.946
0.982
1.342
1.275
1.262
1.269
1.480
1.483
1.493
1.095
1.113
1.127
1.246
1.363
1.285
2.042
2.070
2.068
2.927
2.918
2.937
1.249
1.284
1.277
1.121
1.135
1.127
1.115
1.102
1.112
1.241
1.291
1.275
1.820
1.828
1.843
1.568
1.576
1.578
2.011
2.023
2.022
1.784
1.798
1.764
1.285
1.284
1.326
1.118
1.119
1.135
1.089
1.108
1.116
0.910
0.921
0.922
1.928
1.996
1.924
1.267
1.245
1.290
1.542
1.553
1.549
2.210
2.197
2.206
2.472
2.453
2.546
2.413
2.451
2.444
1.680
1.830
1.777
1.310
1.382
1.360
0.796
0.805
0.830
1.143
1.323
1.228
2.089
2.110
2.086
1.209
1.202
1.207
1.438
1.503
1.514
1.496
1.612
1.622
1.014
1.046
1.036
1.013
1.347
1.332
1.198
1.451
1.352
1.158
1.351
1.222
1.098
1.146
1.147
1.310
1.393
1.343
1.136
1.143
1.185
1.061
1.105
1.074
1.251
1.299
1.243
0.769
0.777
0.784
1.396
1.443
1.413
1.855
1.861
1.851
1.671
1.666
1.749
1.861
1.906
1.909
1.303
1.365
1.319
0.878
0.902
0.898
0.592
0.622
0.611
0.697
0.693
0.699
1.941
1.959
1.950
1.022
1.173
1.164
0.784
0.780
0.766
0.853
0.872
0.896
1.292
1.291
1.363
0.620
0.643
0.647
1.201
1.276
1.266
0.781
0.792
0.827
1.532
1.609
1.559
0.789
0.775
0.786
1.704
1.662
1.718
2.005
2.003
2.046
1.285
1.331
1.317
1.799
1.909
1.971
1.559
1.571
1.581
1.126
1.118
1.151
1.164
1.214
1.211
0.924
0.940
0.973
1.206
1.224
1.236
1.236
1.260
1.283
1.464
1.614
1.450
1.678
1.682
1.698
1.085
1.117
1.123
1.514
1.758
1.628
1.386
1.503
1.451
0.677
0.670
0.692
0.795
0.806
0.792
0.919
0.928
0.929
1.411
2.200
1.583
1.820
1.818
1.832
0.879
0.884
0.895
1.518
1.506
1.496
1.129
1.129
1.114
1.223
1.256
1.279
2.454
2.449
2.503
2.035
1.955
2.028
1.693
1.693
1.693
