1.963
1.279
1.364
0.962
0.413
1.302
0.261
0.436
0.593
0.638
1.626
1.135
0.375
0.689
0.626
0.927
0.325
1.189
0.734
0.230
0.835
0.607
1.098
1.162
0.869
1.449
1.434
0.362
1.205
0.987
1.123
0.651
1.284
0.228
0.569
0.602
0.918
0.268
1.063
0.601
0.259
0.995
1.571
0.606
1.749
0.320
0.798
0.818
1.050
1.622
1.379
1.249
1.649
1.533
0.236
0.485
0.572
0.236
1.016
0.679
0.279
1.039
0.721
0.278
0.831
0.702
0.378
0.579
0.716
1.077
1.262
0.494
0.281
0.486
0.306
0.540
0.999
0.895
1.739
2.418
2.395
0.201
0.612
0.622
1.294
0.983
1.408
1.223
1.817
1.849
1.767
0.938
1.857
0.706
0.398
1.084
1.369
1.614
1.511
0.242
1.112
0.897
1.074
0.332
0.900
2.284
1.255
2.596
1.121
1.621
0.993
0.219
0.667
0.718
1.852
1.865
2.075
0.250
1.251
0.916
2.397
2.124
2.500
0.209
0.858
0.650
0.672
0.237
0.961
0.869
0.683
0.789
1.026
0.811
0.274
0.349
1.101
1.069
1.611
1.022
1.823
0.423
1.171
1.232
1.148
0.349
0.986
1.189
0.260
1.191
1.633
1.633
2.159
1.034
1.056
0.324
1.920
2.539
2.422
0.448
0.592
0.231
1.692
1.517
1.909
0.582
1.066
0.695
0.288
0.832
0.732
1.506
1.524
2.052
1.492
1.564
1.247
1.685
0.793
1.521
0.958
1.677
1.711
0.229
0.995
0.858
2.161
1.790
1.851
0.712
1.049
1.035
0.467
0.602
0.302
1.260
0.685
1.529
0.509
1.213
1.245
0.714
1.440
1.088
1.168
1.103
1.364
1.043
1.365
0.896
2.027
1.564
2.177
2.306
1.231
1.948
0.869
1.349
1.169
1.619
1.663
1.039
1.127
0.591
1.287
1.129
1.070
0.610
1.360
1.367
0.924
0.545
1.272
1.064
1.042
1.381
1.184
1.132
0.225
1.079
1.175
1.654
1.614
1.330
1.708
1.880
1.423
1.929
1.722
1.506
1.912
2.097
1.329
1.465
0.842
0.252
0.886
0.570
1.124
0.520
1.197
0.341
0.591
0.745
0.298
1.192
0.948
1.112
2.044
2.042
1.324
1.757
1.489
1.020
1.049
0.263
1.847
2.067
1.777
2.177
1.611
2.686
0.925
0.677
1.166
2.079
1.328
2.134
1.334
1.736
1.574
1.347
0.332
1.119
0.196
0.736
0.721
1.690
1.560
1.569
0.283
1.106
0.938
0.916
0.321
0.884
0.655
0.244
0.775
0.892
0.563
1.104
1.129
0.638
1.170
2.107
2.414
2.322
0.834
1.026
0.723
0.872
1.139
0.719
1.049
1.373
1.569
0.229
1.010
0.920
0.773
0.239
0.870
1.314
1.245
0.622
1.168
1.096
1.616
1.479
1.586
1.078
1.455
1.526
1.629
0.950
1.095
0.288
1.480
0.227
1.091
0.250
0.698
0.724
0.805
0.843
0.390
1.552
1.651
1.154
0.258
0.663
0.661
0.562
1.114
0.897
1.478
1.661
1.075
0.915
1.438
1.547
0.737
0.213
0.807
1.850
2.311
2.434
1.434
0.290
1.203
0.768
0.837
0.603
1.248
1.932
1.815
1.571
2.305
1.908
2.063
1.481
2.432
1.456
1.346
0.866
0.815
1.070
0.296
2.562
2.544
1.658
0.308
1.417
1.062
1.457
1.824
1.306
0.435
0.907
0.253
0.785
1.021
0.315
0.790
1.575
1.489
0.976
0.668
1.202
0.331
0.933
0.772
0.467
0.241
0.593
0.705
0.214
0.692
0.275
1.030
0.908
0.982
1.271
0.354
0.775
1.115
0.284
0.257
0.995
0.798
1.146
1.408
1.047
1.569
0.633
1.075
0.317
1.070
0.960
1.231
1.526
0.376
0.707
1.267
1.498
0.225
0.796
0.645
0.560
0.279
0.711
0.246
0.907
0.751
1.074
0.265
1.089
0.988
0.259
1.050
0.237
0.525
0.656
1.211
0.747
1.047
1.029
0.200
0.978
0.628
0.171
0.588
2.876
2.886
2.208
1.794
1.752
1.387
1.249
1.561
1.584
1.006
0.427
1.073
0.655
0.274
0.922
1.812
2.296
2.152
0.257
0.939
0.958
1.645
0.988
1.240
0.669
0.251
0.613
0.625
0.928
0.267
1.871
1.611
2.114
0.441
0.576
0.276
0.836
0.209
0.952
1.696
0.871
1.530
0.232
0.655
0.578
0.485
0.790
0.629
0.667
1.278
0.889
0.500
1.152
0.931
1.267
0.986
1.360
1.960
1.598
1.609
1.749
1.593
1.459
0.251
0.792
0.528
1.791
1.331
1.459
0.857
0.460
1.033
0.278
0.891
0.878
0.335
0.835
0.630
0.334
1.020
1.059
1.584
1.588
1.742
0.384
0.508
0.294
0.884
0.429
1.241
0.956
0.247
0.821
0.936
0.649
1.327
0.659
0.220
0.699
1.211
0.900
1.423
3.052
2.760
2.685
0.580
1.293
0.894
0.244
0.759
0.542
1.049
0.240
1.064
0.532
0.547
0.264
0.526
0.603
0.293
2.332
1.764
1.935
0.521
1.169
0.761
0.483
1.138
0.962
0.252
0.326
0.522
0.541
0.231
0.646
0.366
0.701
0.303
1.673
1.872
1.405
1.325
0.552
1.407
0.233
0.898
0.673
0.692
1.040
0.775
0.364
0.429
0.320
1.399
2.040
2.144
0.252
0.773
0.675
0.937
1.116
0.293
0.774
0.732
0.272
0.226
0.916
0.746
1.319
0.475
0.922
1.001
0.241
1.140
1.882
1.408
2.134
0.656
0.989
0.263
0.624
1.002
0.269
0.232
1.055
0.878
0.213
0.661
0.597
1.018
1.813
1.526
0.621
0.231
0.819
1.060
0.261
1.322
1.671
1.608
1.418
0.232
0.681
0.608
1.035
1.004
0.292
0.876
0.253
0.769
1.530
1.416
2.000
0.454
1.339
0.705
0.207
0.627
0.527
0.779
0.523
0.960
1.029
1.669
1.499
0.265
0.720
0.758
0.991
1.174
0.301
1.188
0.246
1.049
1.387
1.092
1.681
1.494
1.171
0.974
0.767
0.201
0.884
0.180
0.711
0.589
1.151
0.281
1.209
1.646
2.030
1.589
0.941
1.447
1.268
0.206
0.759
0.670
0.261
0.746
0.640
0.396
1.060
1.095
0.645
0.986
0.273
0.292
0.832
0.519
0.803
1.326
0.955
0.564
0.707
0.263
0.316
0.840
0.821
0.759
0.518
0.965
0.721
0.616
1.127
1.622
1.835
1.491
0.540
0.778
0.284
0.962
0.389
1.306
0.795
0.500
1.049
0.792
0.830
0.424
0.533
0.593
0.284
0.230
0.488
0.536
0.572
1.423
1.289
0.986
1.724
1.608
0.321
0.560
0.630
0.290
0.968
0.696
0.249
0.903
0.944
0.833
0.919
1.320
2.049
2.436
2.005
1.331
1.684
1.662
2.068
1.689
2.459
0.526
0.938
0.933
0.263
0.605
0.664
0.746
0.226
1.008
1.549
1.592
1.337
1.412
0.239
0.925
1.053
0.231
0.835
1.074
0.920
1.400
0.223
0.807
0.705
0.233
0.663
0.516
0.252
0.684
0.699
0.309
0.876
0.901
1.312
1.021
1.525
0.218
0.715
0.705
1.818
2.645
1.860
0.688
0.835
0.913
1.813
1.363
1.860
0.848
0.979
0.259
1.278
2.201
2.073
1.234
0.242
1.284
0.220
0.585
0.536
0.565
0.563
0.321
0.536
0.229
0.611
0.618
0.210
0.856
0.198
0.869
0.785
0.910
1.066
0.819
2.002
1.577
2.369
0.443
0.963
1.015
1.316
0.992
1.209
0.212
0.656
0.603
0.830
1.328
1.338
0.721
1.332
1.285
1.149
0.277
1.115
0.210
0.852
0.731
0.541
0.247
0.525
0.294
0.715
0.545
1.098
0.592
1.379
0.301
0.576
0.740
1.117
1.190
0.271
0.858
1.206
0.946
0.717
1.308
0.776
0.439
1.280
1.167
0.704
1.046
0.467
0.909
0.491
0.950
0.846
0.435
1.132
0.477
0.714
0.721
0.516
1.238
1.052
1.373
1.064
1.568
0.667
0.745
0.260
0.231
0.720
0.686
0.535
0.864
0.265
0.375
1.060
0.781
0.324
1.006
0.737
1.131
0.245
1.116
0.555
0.798
1.099
2.474
2.468
2.109
0.276
0.862
0.714
0.239
0.526
0.668
1.548
0.806
1.626
1.734
1.816
1.253
1.957
1.260
2.118
0.626
0.378
0.846
1.125
1.206
1.715
0.312
0.709
0.555
0.240
0.767
0.739
1.699
1.498
1.614
0.239
0.694
0.688
0.421
0.573
0.682
0.475
0.915
0.803
0.689
0.942
1.006
0.907
0.259
0.807
0.554
1.043
0.911
0.272
0.309
0.519
1.120
0.457
1.506
0.234
0.558
0.520
0.256
1.268
0.996
0.966
0.271
1.252
0.950
1.376
1.150
0.249
0.996
0.682
0.603
0.215
0.776
0.632
0.190
0.715
1.856
1.579
2.056
1.012
0.862
0.245
0.203
0.688
0.626
1.870
1.122
2.055
0.260
0.759
0.760
0.381
0.271
0.414
0.225
1.002
0.842
0.613
1.015
0.264
0.843
1.106
0.555
1.067
1.059
0.691
1.143
0.231
1.234
1.245
1.756
1.776
0.845
1.642
1.635
0.667
0.207
0.785
0.453
0.654
0.214
0.531
0.856
0.974
1.427
0.515
1.438
0.592
0.751
0.432
0.424
0.527
0.683
0.241
0.817
0.823
1.920
1.622
2.102
0.287
0.786
0.721
1.899
1.836
1.565
0.641
0.852
0.278
2.109
1.884
2.450
1.425
0.501
1.097
1.106
1.022
0.287
0.555
0.862
0.282
0.298
1.529
1.042
0.531
0.494
0.626
0.608
0.542
0.613
0.852
0.940
0.257
0.614
0.633
0.276
0.427
0.823
0.348
0.960
0.487
1.002
1.431
0.763
1.677
0.956
0.247
1.050
1.337
0.263
1.128
0.753
0.434
0.820
0.907
1.139
0.374
0.882
0.208
0.755
1.317
0.210
1.223
2.477
1.580
2.546
0.953
0.220
0.673
0.738
0.779
0.306
0.263
0.925
0.855
0.575
0.822
0.624
0.882
1.179
0.923
0.903
0.219
1.146
0.398
1.106
1.243
1.292
0.796
1.492
0.528
0.229
0.604
0.939
0.201
0.855
0.321
0.529
0.541
0.773
0.712
0.337
0.259
1.126
1.030
0.862
0.538
1.198
0.221
0.556
0.694
0.768
0.234
0.916
0.301
0.612
0.631
0.482
0.826
0.348
1.374
1.037
1.543
0.497
0.933
0.999
1.381
1.919
1.279
1.106
0.261
1.109
0.884
0.630
0.673
0.209
0.529
0.633
1.245
0.594
1.313
0.594
0.801
0.261
0.268
0.687
0.446
0.222
0.824
0.694
0.516
0.663
0.241
0.729
1.288
1.253
2.409
2.670
2.265
1.051
0.270
0.656
0.564
0.510
0.268
0.850
1.561
1.253
0.792
1.246
0.841
0.682
0.775
0.300
1.606
1.160
2.052
0.620
0.857
0.721
0.756
1.286
1.127
1.080
1.399
1.434
0.291
0.999
0.763
0.849
0.206
0.722
1.656
1.576
1.920
0.782
0.941
0.478
0.566
0.819
0.890
0.291
0.891
0.678
1.908
1.477
1.650
1.366
0.475
0.763
2.442
1.701
2.104
1.841
2.757
2.487
0.686
1.162
0.692
1.040
1.715
1.466
0.934
1.771
1.381
1.587
1.692
1.527
0.210
0.834
0.731
0.724
1.440
1.471
1.000
0.847
0.934
1.534
1.367
0.764
0.852
0.777
0.748
0.653
0.826
0.252
0.551
0.996
0.289
0.717
0.191
0.948
0.728
0.195
1.000
0.389
0.619
0.296
1.452
0.873
1.271
2.559
2.045
2.597
0.895
0.299
1.015
0.202
0.699
0.571
1.317
1.435
1.080
0.231
0.841
0.702
1.236
0.574
1.250
0.883
0.251
1.130
1.122
1.649
1.326
0.381
0.566
0.322
0.243
1.226
0.859
0.997
1.280
1.270
0.255
0.483
0.548
1.639
1.712
1.853
0.937
0.280
1.091
1.614
2.238
2.418
0.551
0.559
0.220
1.203
0.248
1.081
1.519
1.609
0.899
1.147
1.338
0.640
0.279
0.893
0.526
0.534
1.123
0.827
1.259
0.789
1.380
0.867
0.216
1.049
0.836
0.658
0.335
2.427
1.480
2.312
1.384
2.276
1.987
0.786
0.229
0.900
0.260
0.523
0.671
0.684
0.843
0.300
0.629
0.389
0.918
0.257
0.738
0.485
0.206
0.718
0.683
0.892
0.519
1.114
0.929
0.425
1.086
1.295
0.968
1.557
0.839
0.236
0.577
0.864
1.199
1.356
0.277
0.846
0.912
0.817
0.927
1.240
0.319
0.520
0.471
0.856
1.348
1.327
1.736
1.856
2.317
0.695
0.236
0.751
0.229
0.776
0.593
0.370
1.002
0.931
0.592
1.081
1.216
1.048
0.956
0.955
0.575
0.984
0.865
1.106
0.236
0.910
0.947
1.017
0.401
0.710
0.205
0.988
1.303
0.729
1.302
0.652
0.280
0.902
0.311
0.787
0.450
0.556
0.604
0.769
1.581
1.466
1.274
0.542
0.495
0.284
1.411
1.367
1.465
0.286
0.726
0.707
0.609
1.284
1.168
0.374
0.507
0.522
0.618
1.025
1.064
1.596
2.053
1.623
1.311
1.347
1.648
0.237
0.839
0.721
1.016
1.048
0.298
0.310
0.715
0.685
1.238
2.074
1.988
0.531
0.975
0.761
1.407
0.539
1.221
0.862
0.271
0.940
1.445
2.433
1.960
0.215
0.875
0.551
0.654
0.451
0.430
0.957
0.570
1.096
0.246
0.624
0.618
0.555
0.222
0.789
0.239
0.799
0.750
0.742
0.228
0.902
1.550
1.532
1.228
0.703
0.748
0.777
0.794
1.828
1.545
0.829
0.871
0.439
1.114
1.825
1.774
1.325
0.235
1.198
0.286
0.742
0.713
0.241
1.171
0.977
0.210
0.772
0.674
0.501
0.651
0.237
1.129
0.203
1.217
0.388
0.804
0.907
0.552
0.620
0.274
1.623
2.018
1.539
1.020
1.816
1.683
0.237
0.764
0.782
0.253
0.933
0.932
0.217
0.686
0.724
0.255
0.907
0.804
0.854
0.244
0.996
1.000
1.341
0.281
1.049
0.365
1.329
0.548
1.251
1.143
0.369
0.596
0.249
1.000
1.323
1.493
0.246
1.086
0.795
0.586
0.622
0.525
1.617
2.345
2.104
0.283
0.962
0.901
1.072
0.231
1.077
1.371
1.304
1.454
0.234
0.551
0.558
0.181
0.535
0.581
1.042
0.229
1.027
0.674
1.021
1.203
0.229
0.625
0.567
0.661
0.700
0.307
1.812
1.182
2.105
0.653
1.415
1.183
0.567
0.663
0.287
1.061
0.241
1.081
0.235
0.505
0.462
1.747
1.457
1.090
0.229
0.668
0.624
1.732
1.732
2.243
0.540
0.658
0.226
1.108
1.215
1.202
0.794
0.523
0.293
0.547
0.576
0.295
1.349
1.149
0.755
0.229
0.542
0.690
0.380
0.956
0.804
0.906
0.244
1.071
0.646
0.218
0.865
0.226
1.143
0.821
0.198
0.569
0.533
1.151
2.057
1.635
0.511
0.609
0.334
0.251
0.974
0.730
1.315
0.832
0.982
0.495
0.202
0.756
1.185
0.899
1.376
0.257
0.918
0.818
0.315
0.524
0.325
0.259
0.841
0.830
0.491
0.290
0.816
1.361
1.310
1.346
1.023
1.374
1.278
0.222
0.605
0.662
1.595
2.265
1.936
0.762
0.458
0.985
0.252
0.974
0.690
0.276
0.664
0.378
0.682
0.199
0.892
1.257
1.168
0.596
1.730
0.832
1.616
0.846
1.926
1.676
0.232
1.189
0.939
0.897
0.929
0.462
1.184
1.212
0.766
0.198
0.748
0.570
0.247
0.973
0.837
0.990
1.738
1.337
0.939
0.225
0.912
0.597
0.644
0.265
2.168
1.615
1.779
0.312
0.608
0.609
0.231
0.492
0.506
0.719
0.206
0.823
0.690
0.853
0.579
1.829
1.139
1.434
0.240
0.862
0.792
2.055
2.484
2.609
1.074
1.599
1.492
0.310
0.732
0.736
0.644
1.301
1.052
1.014
1.025
0.330
0.233
0.935
0.819
0.383
0.815
0.454
2.076
2.471
2.475
1.058
0.786
0.864
0.597
0.538
0.262
1.255
1.681
1.353
0.644
0.625
0.257
0.544
1.128
1.108
1.177
0.796
1.142
0.883
0.279
0.917
0.223
0.674
0.575
0.399
0.453
0.338
0.889
1.172
1.192
1.226
0.762
1.095
0.206
0.786
0.625
0.243
0.841
0.518
0.715
1.071
0.462
1.464
2.040
1.783
0.269
0.769
0.645
0.938
1.422
0.927
0.485
0.799
0.868
0.548
0.752
0.292
0.266
0.995
0.926
1.075
1.798
1.672
1.020
1.145
0.977
0.975
0.327
1.054
0.506
0.357
1.057
0.854
0.280
1.209
0.291
0.761
0.856
0.439
1.028
0.951
0.470
0.218
0.757
0.810
1.440
1.014
0.967
1.184
1.035
0.752
0.175
0.721
0.227
0.785
0.671
1.081
1.056
0.722
0.860
0.838
0.302
1.022
0.357
0.994
1.086
1.242
0.936
1.094
1.401
1.565
0.521
0.860
0.698
1.271
0.255
1.183
0.305
0.582
0.700
0.806
1.114
0.908
0.699
0.273
0.687
0.656
0.753
0.825
0.809
0.252
0.640
1.514
0.918
1.462
0.709
0.199
0.797
0.281
0.943
0.993
0.920
0.810
0.380
0.626
0.245
0.543
0.401
0.706
0.294
0.706
0.794
0.466
0.227
0.723
0.741
1.049
1.715
1.368
0.670
0.259
0.956
1.985
1.026
1.825
0.210
0.646
0.652
1.527
1.303
1.881
0.228
0.576
0.480
0.626
0.737
0.262
0.690
0.670
0.307
0.218
0.621
0.702
0.179
0.748
0.437
0.222
0.904
0.813
0.388
1.035
0.969
0.470
0.895
0.241
0.234
0.873
0.505
1.231
0.410
1.252
0.767
1.063
0.308
1.457
0.689
1.274
0.420
0.761
0.387
1.864
1.727
2.137
0.292
0.990
0.850
1.281
0.257
1.157
0.769
1.520
1.257
0.443
0.614
0.247
0.250
1.101
0.918
1.022
1.198
0.896
0.946
1.170
0.270
1.060
1.256
0.263
0.612
0.845
0.250
0.713
1.109
0.878
0.379
1.126
0.708
1.284
0.222
1.141
0.840
0.211
0.797
0.201
0.824
0.630
0.326
0.870
0.863
0.977
1.123
1.101
0.218
0.646
0.637
1.753
1.724
1.147
1.565
1.704
1.254
0.209
0.840
0.555
0.974
0.286
1.199
0.587
0.801
0.274
0.585
1.305
1.136
0.234
0.734
0.679
1.117
0.223
1.010
0.466
0.535
0.266
0.172
0.567
0.541
0.653
0.962
0.879
0.212
0.539
0.601
0.734
1.132
0.949
0.603
0.920
0.850
0.344
0.282
0.539
1.156
1.437
1.509
0.665
0.661
0.718
1.778
1.621
1.887
0.697
0.792
0.264
0.986
1.515
1.325
0.262
0.945
1.039
0.464
0.614
0.534
0.772
1.522
1.442
0.224
0.642
0.621
1.608
1.965
1.705
1.542
1.360
1.712
1.197
1.095
1.734
0.527
0.651
0.219
0.262
0.400
0.478
0.332
0.566
0.468
0.953
1.353
0.436
0.629
0.752
0.454
0.250
0.693
0.585
0.718
0.229
0.548
1.081
0.271
0.980
0.535
0.633
0.279
0.585
0.313
0.399
1.608
2.047
2.191
1.155
2.080
1.665
1.143
0.234
1.056
1.886
2.441
2.384
2.186
1.271
1.547
0.662
0.250
0.770
0.960
0.813
0.276
0.712
0.199
0.693
0.518
1.269
0.948
0.749
1.559
1.495
0.302
0.541
0.915
0.245
0.603
0.690
0.987
1.119
0.280
0.457
0.330
0.699
0.212
0.419
0.552
0.234
0.836
0.834
0.998
1.020
0.295
1.514
0.799
1.431
1.578
2.191
1.792
0.921
0.312
0.979
0.633
1.411
1.314
0.488
1.035
1.160
0.976
0.232
1.054
0.830
0.202
0.735
0.611
0.701
0.303
0.813
0.519
0.900
1.127
0.242
0.803
0.491
1.056
0.911
0.839
0.234
0.974
1.133
0.298
0.870
0.248
0.401
0.435
0.259
1.025
0.993
1.066
0.236
1.078
0.718
0.606
0.302
1.046
1.591
1.491
0.747
0.243
0.757
1.122
0.525
1.167
0.460
0.830
0.681
1.629
1.975
1.545
1.730
1.026
1.710
0.979
1.322
1.451
1.672
1.807
1.532
0.180
0.657
0.521
0.238
1.143
0.729
0.411
0.647
0.232
0.251
0.553
0.648
0.786
0.303
0.978
0.659
1.140
0.623
0.659
1.100
1.041
0.974
0.224
1.012
1.031
0.278
1.139
0.211
0.507
0.657
1.218
0.546
0.937
1.154
0.382
0.983
0.533
0.549
0.270
1.400
1.543
1.588
0.700
0.960
0.880
0.275
0.998
0.845
0.240
0.548
0.462
1.405
1.457
1.561
1.798
2.214
2.139
1.039
0.238
0.927
0.532
0.815
0.332
0.938
0.275
0.924
0.554
0.598
0.274
2.262
2.677
2.399
0.779
0.783
0.679
0.245
0.996
0.769
0.379
1.207
0.913
0.875
0.961
0.286
0.233
0.909
0.705
0.865
0.244
0.690
0.256
0.608
0.815
1.286
1.579
1.092
0.286
0.950
0.828
0.697
0.210
0.755
0.663
0.364
0.752
1.080
0.337
1.013
0.930
0.249
0.907
0.670
0.361
0.271
0.431
0.749
0.659
1.085
0.526
0.878
1.005
0.298
0.947
0.358
0.953
0.993
0.935
0.289
1.229
2.148
1.494
2.084
0.481
0.618
0.244
1.063
1.593
1.397
0.685
0.205
0.851
0.810
0.230
0.979
0.534
0.231
0.706
1.002
0.322
0.734
0.235
0.825
0.581
0.369
0.512
0.748
0.613
0.683
0.238
1.188
0.513
1.299
0.646
0.308
0.888
0.993
0.217
0.825
0.527
0.247
0.787
0.410
0.261
0.813
0.708
0.767
0.366
0.269
1.165
0.880
0.638
0.240
0.736
0.472
1.159
0.567
0.401
0.247
0.377
0.590
0.266
0.697
0.215
0.610
0.604
1.992
1.622
2.062
1.010
0.208
0.900
1.028
0.921
0.313
0.273
0.798
0.565
0.434
0.930
1.194
1.094
0.496
0.997
1.667
1.195
0.743
0.626
0.675
0.253
0.855
0.228
1.000
1.128
0.310
1.178
0.572
0.852
0.654
0.600
0.887
0.311
0.926
0.624
1.240
1.287
1.725
1.197
0.509
0.592
0.233
0.228
0.799
0.639
1.066
1.088
0.452
0.502
0.725
0.241
0.445
0.703
0.299
0.960
0.912
1.340
0.926
1.093
0.292
0.286
0.516
0.643
0.997
0.262
1.024
0.216
1.043
0.791
0.893
0.244
0.683
0.661
0.580
0.935
1.419
1.950
1.826
0.229
0.834
0.649
0.481
0.693
0.365
0.235
1.164
0.880
0.207
0.869
0.790
0.342
0.211
0.433
0.816
1.041
0.256
1.258
1.431
1.183
2.586
2.364
2.816
1.139
1.296
0.632
0.225
0.963
0.599
0.229
0.911
0.791
1.323
1.339
0.837
0.836
0.209
0.790
0.746
1.005
0.276
0.912
0.244
1.017
0.900
1.430
0.621
0.960
1.097
0.734
0.619
0.730
0.265
0.719
0.271
0.828
0.227
1.119
0.792
0.814
1.022
0.703
1.084
0.232
1.127
0.676
0.224
0.724
0.292
1.047
0.955
1.234
0.590
1.217
0.399
0.729
0.336
1.027
1.817
1.695
0.216
0.318
0.441
0.526
1.173
0.963
0.361
0.778
0.657
1.122
0.320
1.244
0.865
1.211
0.862
1.353
1.016
1.548
1.689
1.370
1.282
1.407
2.126
1.939
1.728
0.706
1.735
0.285
1.022
0.857
0.191
0.829
0.762
1.059
0.831
1.247
0.255
1.189
1.017
1.192
0.204
0.836
0.258
0.677
0.566
1.518
2.227
1.807
0.514
0.762
0.752
0.210
0.579
0.602
1.352
0.637
1.112
0.762
0.414
1.062
0.979
1.285
0.236
0.772
0.923
0.724
1.247
0.286
1.237
1.104
0.233
1.245
0.857
1.364
0.981
0.260
0.877
0.600
1.465
1.959
2.150
0.823
1.606
1.116
0.763
0.322
0.784
0.711
0.224
1.028
1.282
0.236
1.230
1.415
1.737
1.754
0.458
0.556
0.304
0.806
1.115
0.291
0.833
1.454
1.095
1.004
1.191
0.324
0.682
0.239
0.848
0.705
0.710
0.353
0.668
0.234
0.969
0.592
0.596
0.301
0.874
0.269
0.836
1.741
2.199
1.143
0.811
0.193
0.843
0.818
0.351
0.665
0.825
0.980
0.271
0.227
0.682
0.602
0.236
0.583
0.703
0.533
0.699
0.298
0.279
1.251
0.995
1.030
1.418
1.246
0.758
0.232
0.694
0.216
0.697
0.673
0.488
1.349
1.239
1.193
0.282
1.141
0.685
0.228
0.679
2.265
1.540
2.692
0.229
0.570
0.696
1.426
0.708
1.302
0.737
1.473
0.569
1.790
1.390
2.219
0.281
0.728
0.736
0.231
0.690
0.730
0.226
0.652
0.673
0.710
0.376
0.726
0.251
0.764
0.688
0.808
0.734
0.328
0.233
0.669
0.497
0.909
0.755
1.113
0.254
0.373
0.457
0.219
1.015
0.768
0.909
0.242
0.989
1.038
0.749
0.913
1.558
2.280
1.269
0.281
0.656
0.587
0.230
0.478
0.558
0.237
0.738
0.729
0.495
0.238
0.561
0.314
1.227
0.968
0.395
1.242
0.886
0.597
0.502
0.339
1.930
1.984
1.953
1.527
0.589
1.279
0.845
0.411
1.087
0.992
1.414
1.478
0.205
0.508
0.672
0.561
0.375
0.742
0.998
0.231
0.771
0.250
0.727
0.644
0.210
0.834
0.783
0.640
0.242
0.823
0.875
0.228
0.992
1.161
0.334
1.118
1.166
2.232
2.042
0.539
0.607
0.269
0.235
0.813
0.780
0.850
0.200
0.769
0.599
0.831
0.263
1.296
1.016
0.412
0.319
0.514
0.888
0.536
0.337
0.835
0.993
0.349
0.967
0.256
0.529
0.583
0.267
0.623
0.632
1.107
1.017
0.351
1.675
1.097
1.297
1.274
1.445
0.740
1.003
0.580
1.374
1.088
0.732
1.354
0.503
1.201
0.812
1.250
0.770
1.340
0.642
0.829
0.271
1.391
1.763
0.880
1.488
1.852
1.292
1.151
0.245
1.109
0.587
0.954
0.310
0.749
1.330
0.508
1.731
2.198
2.171
1.459
0.347
1.213
1.788
2.139
2.163
0.810
0.976
0.539
0.681
0.851
0.849
2.372
1.620
2.327
0.219
0.360
0.471
0.412
0.326
0.435
1.138
0.220
1.200
0.238
0.808
0.705
0.581
0.228
0.608
0.950
0.260
1.031
0.636
0.221
0.617
0.609
0.197
0.606
0.593
0.860
0.796
0.404
0.535
0.225
1.036
1.437
1.294
0.850
0.245
0.943
1.993
1.363
1.719
0.540
0.836
0.296
0.409
0.790
0.852
0.542
0.629
0.276
2.312
1.368
2.346
0.569
0.939
1.107
1.093
0.333
0.921
1.271
0.294
1.082
0.267
0.447
0.599
0.228
0.714
0.679
1.168
1.680
1.390
0.909
1.403
1.387
1.235
0.777
1.176
0.814
0.810
0.412
0.257
0.602
0.517
0.480
0.740
0.293
0.461
0.797
0.260
1.085
1.087
0.356
0.236
0.578
0.471
0.923
0.870
0.353
1.028
0.258
1.039
0.703
1.210
1.115
1.170
1.499
0.879
0.758
0.234
0.777
0.739
0.308
0.603
1.125
1.483
1.097
0.671
0.236
0.880
0.806
0.303
0.881
0.252
1.030
0.717
0.252
1.058
0.783
1.296
0.970
1.205
0.886
0.550
0.957
0.706
0.567
0.336
0.836
1.571
1.536
0.267
0.660
0.666
0.796
0.322
0.905
0.219
0.523
0.440
0.247
0.823
0.713
0.556
1.035
0.616
0.508
0.710
0.574
1.096
0.298
1.268
1.615
0.716
1.475
1.238
1.158
0.433
1.037
0.193
0.880
0.476
0.200
0.705
0.607
0.236
0.776
0.632
0.239
0.729
0.197
0.638
0.591
1.855
2.146
2.281
0.251
0.836
0.774
0.796
0.943
0.745
0.426
1.216
0.554
0.262
0.606
0.574
1.153
1.183
0.369
0.496
0.636
0.325
0.973
0.477
0.838
1.060
0.476
1.526
0.812
0.317
0.966
0.188
0.947
0.683
0.225
1.032
0.684
0.214
0.949
0.671
0.292
0.627
0.613
0.336
0.673
0.757
1.080
0.512
1.302
1.138
0.225
0.918
0.503
1.091
0.763
0.537
0.837
0.813
0.493
0.270
0.675
0.726
0.180
0.772
0.486
0.243
0.518
0.519
0.988
0.414
0.804
0.415
0.968
0.336
0.593
0.329
0.397
0.576
0.695
1.466
1.731
0.597
1.294
1.866
1.646
0.605
0.203
0.536
1.262
0.906
1.551
1.784
1.692
1.498
0.892
0.461
1.247
0.330
0.712
0.311
0.266
0.944
0.855
0.626
0.814
0.255
1.540
1.860
1.721
2.403
1.423
2.222
0.287
1.008
0.872
0.552
0.193
0.632
0.362
1.120
1.126
1.672
2.468
2.000
0.299
0.672
0.293
0.508
0.962
1.151
0.967
0.214
0.990
0.889
0.460
0.872
1.658
1.762
2.236
0.528
0.510
0.251
0.520
0.722
0.286
1.018
1.233
0.265
1.123
1.339
1.386
0.980
0.919
0.779
0.201
0.750
0.578
0.234
0.617
0.583
0.433
0.665
0.244
1.542
2.553
2.084
1.353
1.509
0.679
0.951
0.516
0.793
0.247
0.749
0.761
1.553
2.036
1.904
0.303
0.573
0.797
1.501
2.170
1.654
0.521
0.719
0.250
0.535
1.030
1.043
0.253
0.882
0.911
0.703
0.247
0.866
0.357
1.159
0.962
0.234
0.573
0.640
0.248
0.994
0.710
0.272
1.042
0.785
0.450
0.246
0.642
0.778
0.844
0.345
0.240
1.003
0.799
0.247
0.838
0.712
0.247
0.838
0.605
0.196
0.734
0.529
0.234
0.591
0.570
0.980
0.229
1.040
0.270
0.600
0.490
2.191
1.232
2.342
0.440
0.617
0.280
0.876
0.244
0.787
0.812
0.341
0.764
0.362
0.658
0.275
0.564
0.610
0.253
0.521
0.615
0.246
0.615
0.723
0.300
1.522
1.105
1.411
0.286
0.595
0.669
0.621
0.817
0.232
0.232
0.947
0.783
0.781
0.223
1.166
0.257
1.075
0.783
1.172
1.368
1.571
1.327
0.503
1.057
0.351
1.534
0.869
0.660
0.211
0.604
0.192
0.713
0.620
0.772
1.180
0.282
0.935
0.210
0.851
0.711
0.503
0.720
1.178
0.536
1.294
0.271
0.626
0.652
1.092
1.135
1.074
1.108
0.352
1.204
0.720
0.315
1.036
1.018
0.933
0.323
0.727
1.169
0.808
0.898
1.060
0.307
0.803
0.459
1.002
0.492
0.942
1.012
1.139
0.226
1.013
1.310
1.400
1.301
0.198
0.968
0.819
1.339
2.188
2.057
0.223
0.878
0.800
0.425
0.848
0.715
0.965
1.430
1.116
0.748
0.782
0.263
0.225
0.776
0.778
0.655
1.156
1.025
1.600
1.097
1.910
0.586
0.658
0.245
0.936
1.028
0.229
0.244
1.045
0.843
0.360
0.818
0.991
0.787
0.931
0.314
0.929
0.258
0.817
1.516
0.911
1.636
1.527
0.823
1.793
1.922
2.214
1.599
0.479
0.880
0.287
1.392
1.013
0.417
0.245
0.732
0.526
0.606
0.625
0.402
2.049
1.246
2.129
0.955
0.966
0.777
0.975
0.887
0.464
0.376
0.830
0.986
0.602
0.855
0.332
0.837
1.168
1.441
0.275
0.582
0.496
0.596
0.634
0.267
0.508
0.690
0.404
0.315
0.782
0.455
1.830
1.132
1.728
0.486
0.772
0.785
1.051
1.601
1.098
0.757
0.762
0.335
0.198
0.583
0.475
0.379
0.659
0.438
1.379
1.906
1.537
0.626
0.291
0.708
0.495
0.825
0.257
1.072
1.379
1.645
1.516
1.722
1.936
0.260
0.796
0.702
1.131
0.372
1.240
0.990
0.238
1.186
1.094
0.214
1.038
0.311
0.665
0.686
1.105
0.264
1.054
0.259
1.219
0.939
0.487
0.969
0.916
0.190
0.699
0.694
0.187
0.773
0.526
1.343
0.293
1.129
0.291
0.844
0.663
1.152
0.514
1.157
1.171
0.812
1.137
0.216
0.535
0.522
1.130
0.580
1.030
0.200
0.547
0.619
0.215
0.622
0.670
0.603
0.262
0.552
0.796
1.162
0.261
0.259
0.929
0.808
0.437
1.007
0.762
0.933
1.425
1.533
0.221
0.568
0.540
0.525
0.211
0.728
0.586
0.695
0.313
1.078
0.245
1.103
0.237
0.676
0.763
0.684
1.432
1.082
0.234
0.769
0.668
0.260
0.962
0.801
0.857
1.098
1.198
1.143
1.583
1.636
0.822
0.295
1.153
0.214
0.603
0.520
0.724
1.053
0.277
1.457
0.758
1.254
0.806
0.248
0.757
1.226
0.268
1.459
1.288
0.238
1.001
1.189
0.228
0.933
0.371
0.552
0.748
0.278
0.604
0.729
0.218
0.857
0.785
0.208
0.698
0.723
1.335
1.413
1.234
0.862
0.923
0.294
0.240
0.928
0.680
0.487
1.282
1.113
0.254
0.823
0.835
0.812
0.517
0.761
0.499
0.676
0.249
1.374
1.697
1.350
0.261
0.800
0.636
0.302
1.012
0.598
0.295
0.909
0.959
0.235
1.017
0.859
0.794
0.293
1.167
0.984
1.437
1.194
0.565
0.188
0.694
0.850
1.199
0.461
0.238
0.921
0.710
0.228
1.044
0.815
0.332
1.342
1.032
0.791
0.232
0.723
0.596
0.839
0.607
1.207
0.235
1.106
0.827
0.298
0.974
0.646
0.229
0.809
1.199
1.787
1.433
0.226
0.671
0.716
0.347
0.827
0.939
1.025
0.209
1.079
0.228
0.799
0.683
0.257
0.912
0.576
0.220
0.797
0.726
0.617
0.335
0.808
0.226
0.942
0.714
0.983
0.314
0.888
0.722
0.891
0.345
0.232
1.066
0.817
0.225
0.719
0.715
0.252
0.747
0.664
0.344
1.025
0.946
1.190
0.480
1.272
0.248
0.982
0.710
1.056
1.670
1.749
0.941
1.113
0.264
0.209
0.700
0.661
0.563
1.032
1.099
0.687
0.181
0.599
1.036
0.238
1.217
0.549
0.701
0.492
1.363
0.575
1.099
0.249
0.722
0.596
1.806
2.138
2.079
0.513
0.944
0.824
0.469
0.623
0.241
0.813
0.223
0.850
0.386
1.047
0.960
0.211
0.604
0.675
0.235
0.544
0.607
1.128
0.307
1.169
1.078
0.225
0.928
0.898
0.914
0.356
1.064
1.220
0.268
0.709
1.193
0.343
0.619
0.229
0.812
0.608
0.223
0.758
1.044
0.277
1.291
0.824
1.491
1.590
0.435
0.935
0.771
0.524
0.764
0.588
0.912
1.092
0.306
0.215
0.778
0.778
1.032
0.442
1.104
0.845
1.037
0.272
0.267
0.813
0.942
1.881
1.306
1.870
0.202
0.725
0.530
0.567
0.814
1.289
1.082
1.408
0.462
1.091
0.620
1.258
0.486
0.593
0.249
0.283
0.672
0.898
0.270
0.731
0.729
0.321
0.730
0.620
0.241
0.738
0.647
1.480
1.333
1.646
0.203
0.927
0.857
0.252
0.832
0.694
0.292
0.837
0.366
0.284
0.228
0.425
0.655
0.198
0.822
0.863
0.509
0.729
0.901
1.259
1.474
2.102
2.079
1.726
0.231
0.885
0.819
0.846
1.135
0.621
0.618
0.654
1.009
1.605
1.896
1.817
0.236
0.789
0.835
0.723
0.285
0.800
0.505
0.488
0.315
0.989
0.250
0.955
0.304
0.902
0.796
0.224
0.601
0.676
0.296
0.685
0.559
1.217
0.276
0.971
0.230
0.427
0.490
0.896
0.249
0.901
1.145
0.923
0.306
0.952
0.240
1.059
0.245
0.829
0.635
1.142
1.889
1.560
0.267
0.786
0.734
0.472
0.237
0.733
1.087
0.245
1.039
0.620
0.868
0.288
0.877
1.219
0.312
0.630
0.732
0.330
1.201
1.457
1.065
0.219
0.668
0.587
0.462
0.579
0.255
1.853
1.039
2.011
0.448
0.703
0.254
0.989
1.415
1.276
0.960
0.509
1.227
0.646
1.016
0.289
0.228
1.055
0.805
0.542
0.873
0.255
0.535
1.079
0.270
0.526
0.783
0.223
0.391
0.701
0.845
1.442
2.098
1.865
0.387
0.312
0.486
0.999
0.222
0.737
0.941
0.393
1.070
0.699
1.202
1.299
0.595
0.951
0.852
0.223
0.660
0.734
1.281
1.602
1.589
0.348
0.343
0.328
0.385
0.540
0.342
0.270
0.911
0.906
0.274
0.978
0.874
0.884
1.342
0.804
1.135
0.239
1.099
0.238
0.835
0.718
0.574
0.219
0.430
0.298
1.277
1.050
0.574
0.891
0.372
1.813
1.316
1.715
1.067
0.330
0.995
0.219
0.612
0.607
1.304
0.739
1.448
1.600
1.790
2.104
0.842
0.235
0.861
0.720
0.875
0.379
0.750
0.861
0.354
1.101
0.839
0.860
0.962
0.260
0.816
1.354
1.401
1.324
0.992
0.237
0.979
1.459
1.489
1.200
0.411
0.712
0.824
0.876
1.286
0.980
1.005
0.242
0.905
0.564
0.856
0.891
0.256
0.522
0.595
1.372
0.492
1.034
0.977
0.396
0.911
1.208
0.357
1.225
0.288
0.906
1.001
0.227
1.113
0.788
0.210
0.550
0.447
0.771
0.372
0.757
1.715
1.312
1.337
0.765
0.243
0.861
0.771
0.282
1.233
1.077
1.007
0.667
1.118
0.238
0.975
0.732
0.235
0.724
0.207
0.778
0.656
1.200
0.763
1.374
0.506
0.834
0.211
0.753
0.213
0.836
0.295
0.552
0.482
0.683
1.086
1.167
1.108
0.351
0.806
0.716
0.198
0.784
0.357
0.916
0.882
0.936
0.482
1.070
0.465
1.293
1.210
1.035
1.162
0.308
0.677
0.730
0.277
0.215
1.125
0.696
1.816
1.285
1.487
0.789
0.226
0.840
1.730
0.959
1.925
1.165
0.227
1.197
1.081
0.308
1.157
1.027
0.974
0.399
0.221
0.842
0.755
0.702
0.644
0.989
0.320
0.744
0.385
0.623
0.187
0.773
0.254
1.020
0.915
1.724
1.093
2.127
0.328
0.751
0.752
0.286
0.923
0.954
0.270
0.955
0.938
0.243
0.481
0.674
0.576
1.138
1.045
0.707
0.798
0.434
0.805
0.881
0.284
0.905
0.280
0.939
0.963
0.211
0.936
0.754
0.214
0.828
0.812
0.185
0.759
0.273
1.041
1.034
1.069
1.516
1.039
1.193
1.335
0.628
0.945
0.242
0.771
0.227
0.994
0.857
0.411
1.178
0.736
0.238
0.669
0.611
0.711
0.230
0.802
1.076
0.694
1.460
0.244
0.917
0.823
0.225
0.795
0.764
0.243
0.571
0.718
0.793
0.972
0.285
0.753
0.192
0.748
0.868
0.282
0.835
0.467
0.518
0.318
0.844
1.268
1.169
1.081
1.300
1.196
0.657
0.835
0.279
1.017
1.109
1.517
0.624
0.775
0.246
0.520
0.675
0.297
0.216
0.667
0.626
0.240
0.507
0.708
0.261
0.945
0.831
0.467
0.236
0.519
