1.533
1.430
1.540
1.478
1.544
1.454
1.696
1.490
1.670
1.670
1.759
1.753
2.831
2.882
2.796
1.824
1.718
1.758
1.046
1.235
1.075
2.393
2.540
2.420
2.864
2.960
2.887
2.457
2.733
2.648
2.114
2.074
1.988
0.852
1.184
0.865
1.346
1.758
1.458
1.660
1.943
1.575
0.801
1.037
0.850
0.961
1.104
0.953
0.441
0.892
0.606
1.546
1.782
1.602
1.433
1.603
1.549
2.433
2.687
2.435
1.669
1.747
1.656
2.251
2.477
2.342
0.875
1.062
0.981
2.525
2.701
2.284
1.044
1.461
1.283
1.504
1.541
1.492
1.483
1.345
1.402
0.848
0.798
0.771
0.917
1.111
1.015
0.782
0.862
0.829
0.946
1.077
1.054
2.277
2.423
2.424
1.150
1.262
1.199
2.216
2.189
2.133
1.331
1.130
1.096
2.680
2.830
2.691
1.813
1.598
1.703
1.222
1.413
1.203
1.845
1.992
1.903
1.043
1.141
1.002
1.871
2.203
2.020
1.091
1.102
1.074
2.503
2.364
2.344
1.856
2.146
2.073
1.091
1.292
1.145
1.565
1.697
1.588
1.238
1.455
1.336
0.707
0.866
0.764
1.447
1.678
1.568
1.170
1.132
1.183
1.621
1.481
1.556
2.376
2.524
2.432
1.575
1.771
1.666
2.525
2.631
2.588
1.699
1.926
1.745
1.393
1.684
1.488
2.164
2.327
2.214
0.469
0.758
0.611
1.378
1.405
1.326
2.695
2.825
2.884
1.386
1.221
1.279
2.307
2.469
2.382
2.064
2.192
2.076
0.866
1.236
0.917
1.903
2.126
2.114
1.016
1.090
0.878
2.029
2.043
2.035
2.181
2.338
2.278
1.244
1.597
1.484
2.655
2.518
2.560
1.703
1.686
1.693
0.817
0.836
0.793
2.432
2.548
2.508
2.760
2.804
2.762
1.726
1.921
1.881
1.468
1.642
1.510
1.777
2.016
1.845
1.987
1.998
1.996
1.675
1.796
1.832
1.472
1.596
1.540
2.915
3.068
2.996
2.752
2.544
2.616
0.689
0.828
0.754
1.255
1.450
1.398
2.105
2.329
2.311
0.767
1.115
0.735
1.393
1.126
1.264
2.176
2.105
1.987
1.179
1.051
1.198
1.640
1.798
1.606
1.499
1.363
1.364
1.886
2.022
1.938
1.122
1.265
1.164
1.290
1.444
1.338
1.926
1.874
1.864
0.839
1.085
0.969
1.829
1.664
1.808
0.906
1.122
0.973
1.190
1.112
1.099
1.310
1.193
1.268
1.864
1.587
1.812
3.152
3.037
3.177
2.280
2.288
2.304
1.969
2.222
2.085
1.050
1.181
1.097
0.812
0.873
0.893
2.631
2.439
2.524
0.758
1.488
0.960
3.403
3.317
3.378
0.863
1.096
0.968
2.180
2.087
1.771
2.138
2.007
1.797
2.108
1.872
1.919
1.455
1.655
1.368
3.084
3.164
3.128
1.351
1.341
1.315
3.594
3.586
3.761
0.774
0.757
0.781
1.470
1.445
1.283
1.257
1.299
1.284
2.286
2.448
2.373
1.473
1.386
1.374
2.462
2.034
1.923
0.825
0.938
0.854
3.766
3.778
3.858
0.877
1.055
0.816
1.601
1.585
1.506
1.558
1.474
1.502
1.560
1.712
1.618
2.014
1.972
1.988
2.395
2.632
2.510
2.759
2.634
2.667
2.015
2.031
1.994
1.761
1.923
1.880
0.931
1.145
0.994
0.506
0.798
0.649
1.130
1.515
1.524
1.447
1.514
1.485
1.283
1.199
1.263
1.118
1.255
1.165
0.372
0.563
0.462
1.118
0.910
0.924
2.625
2.836
2.665
1.298
1.111
1.157
1.267
1.394
1.155
1.097
1.293
1.221
1.097
1.372
1.203
2.078
2.230
2.069
1.163
1.350
1.180
1.012
1.233
0.940
1.263
1.219
1.238
1.363
1.475
1.344
1.615
1.659
1.621
1.439
1.616
1.486
0.795
0.773
0.787
2.525
2.377
2.491
0.474
0.779
0.607
1.054
1.069
1.055
2.035
2.205
2.004
1.152
1.713
1.474
1.780
1.663
1.646
1.792
1.861
1.783
2.474
2.624
2.572
1.581
1.723
1.626
1.920
2.086
2.068
1.186
1.336
1.237
1.679
1.953
1.662
0.694
0.986
0.823
0.428
0.684
0.513
0.944
1.193
1.012
0.662
0.959
0.755
1.034
1.064
1.031
0.896
1.126
0.995
1.082
1.306
1.143
0.726
0.785
0.754
1.420
1.536
1.354
2.296
2.242
2.239
3.178
3.182
3.184
1.292
1.608
1.310
1.869
2.070
1.921
0.424
0.423
0.415
1.452
1.545
1.451
1.338
1.828
1.622
1.864
1.962
1.883
2.155
2.118
2.000
0.821
0.991
0.872
1.869
2.268
1.900
1.869
2.179
1.900
1.869
2.150
1.900
1.543
1.765
1.694
1.473
1.659
1.515
2.591
2.447
2.502
2.477
2.285
2.287
1.334
1.457
1.358
1.173
1.334
1.272
1.988
2.085
2.079
1.869
1.859
1.870
1.226
1.495
1.310
1.262
1.545
1.351
1.395
1.224
1.287
1.747
1.822
1.704
1.556
1.760
1.630
1.460
1.434
1.421
1.437
1.645
1.560
1.484
1.465
1.492
1.916
1.987
1.939
1.121
1.556
1.143
0.839
1.002
0.884
1.402
1.579
1.420
1.661
1.871
1.713
2.053
2.190
2.090
1.371
1.712
1.465
0.890
1.038
0.916
1.172
1.434
1.374
2.238
2.182
2.143
2.609
2.674
2.722
2.513
2.694
2.769
1.271
1.426
1.320
2.344
2.184
2.224
2.426
2.555
2.530
3.081
3.055
3.110
1.297
1.378
1.381
1.134
0.986
0.965
1.222
1.219
1.129
1.071
1.196
1.127
1.941
2.228
1.952
1.577
1.453
1.529
2.318
2.028
2.147
2.510
2.452
2.453
2.536
2.393
2.361
2.742
2.606
2.347
0.955
1.186
1.044
1.501
1.810
1.470
1.466
1.762
1.742
1.770
1.977
1.822
1.699
2.185
2.078
1.330
1.424
1.313
0.479
0.599
0.502
2.067
2.177
2.032
1.177
1.283
1.160
0.698
1.516
0.852
1.850
1.969
1.884
1.281
1.556
1.381
1.427
1.578
1.422
0.953
1.252
1.157
1.181
1.283
0.963
1.369
1.589
1.495
2.236
2.463
2.412
0.640
0.756
0.759
2.007
1.841
2.080
1.964
1.831
1.892
1.934
2.018
1.974
1.716
1.897
1.879
2.416
2.572
2.481
0.646
0.796
0.709
2.305
2.474
2.426
3.123
3.393
3.415
1.989
2.167
1.964
1.619
1.685
1.728
1.327
1.159
1.279
0.912
0.969
0.851
1.807
1.916
1.760
0.815
0.933
0.794
0.898
1.150
1.019
0.876
1.033
0.906
2.196
1.941
2.076
1.609
1.653
1.611
1.304
1.289
1.366
2.722
2.651
2.647
1.453
1.544
1.464
0.820
0.945
0.832
2.082
1.935
2.004
0.936
1.006
0.797
1.159
1.041
1.175
2.256
1.949
2.125
2.871
2.992
2.949
2.520
2.438
2.469
1.423
1.203
0.988
0.590
1.024
0.750
2.088
2.285
2.063
2.064
2.167
2.090
0.843
1.093
0.830
1.551
1.550
1.569
0.964
1.103
0.846
0.926
1.052
0.961
1.427
1.400
1.423
1.500
1.672
1.541
1.439
1.522
1.459
1.352
1.459
1.370
2.065
2.186
1.996
2.065
2.186
1.996
1.064
1.245
1.175
2.195
1.969
2.000
1.225
1.298
1.031
1.485
1.346
1.183
1.662
1.851
1.784
1.082
1.258
1.062
1.241
1.374
1.202
1.877
1.892
1.749
0.793
0.944
0.781
3.054
2.963
2.942
1.439
1.401
1.310
0.927
1.075
0.964
0.636
0.656
0.661
1.344
1.374
1.564
1.921
2.003
1.952
2.386
2.453
2.509
1.998
2.159
2.089
2.537
2.667
2.573
1.140
0.820
0.993
1.101
1.425
1.256
1.148
1.103
1.082
0.961
1.282
1.150
1.320
1.107
1.213
2.347
2.455
2.289
0.628
1.067
0.802
3.960
4.119
3.984
0.855
0.722
0.656
0.802
1.000
0.893
1.080
1.277
1.204
1.113
1.131
0.960
1.549
1.721
1.603
1.024
1.246
1.144
2.602
2.527
2.492
1.609
2.011
1.619
0.693
1.000
0.811
2.315
2.258
2.272
2.150
2.069
2.169
2.033
2.096
2.027
2.780
2.794
2.724
1.586
1.788
1.521
0.978
1.112
0.942
1.114
0.954
0.954
1.382
1.069
1.097
1.161
1.387
1.221
1.593
1.363
1.504
1.735
1.634
1.750
1.738
1.574
1.706
2.795
2.652
2.722
2.187
2.455
2.182
1.408
1.527
1.722
2.110
2.296
2.228
2.940
2.862
2.790
2.750
2.658
2.553
1.928
1.842
1.935
2.390
2.569
2.469
2.133
2.312
2.156
0.419
0.565
0.398
1.068
1.363
1.063
1.299
1.313
1.228
1.579
1.523
1.571
1.253
1.467
1.372
1.657
1.697
1.600
2.854
2.774
2.753
1.599
1.640
1.591
0.650
0.844
0.753
0.861
1.240
1.001
1.576
1.919
1.799
1.699
1.779
1.628
2.425
2.300
2.327
1.515
1.653
1.586
1.715
1.779
1.568
2.027
2.076
2.109
1.599
1.776
1.687
2.191
2.032
2.154
4.374
4.449
4.370
0.717
0.927
0.677
2.750
2.418
2.226
1.895
1.704
1.801
0.416
0.742
0.695
1.875
1.778
1.630
2.539
2.435
2.389
1.356
1.407
1.393
1.733
1.675
1.602
1.294
1.867
1.766
1.657
1.749
1.702
1.669
1.767
1.702
2.526
2.501
2.302
2.945
2.804
2.724
2.305
2.352
2.330
1.960
2.144
1.983
2.087
2.340
2.079
1.038
1.370
1.130
1.195
1.401
1.314
1.381
1.991
1.424
1.956
1.774
1.757
1.464
1.377
1.378
1.160
1.382
1.325
2.318
1.983
2.150
2.626
2.788
2.642
1.453
1.553
1.867
3.133
3.047
2.992
0.941
2.100
1.046
1.310
2.085
2.064
1.085
1.165
1.109
0.891
1.142
0.882
2.417
2.595
2.498
2.509
2.482
2.495
1.394
1.690
1.511
0.713
0.749
0.613
1.640
1.733
1.734
0.958
1.116
1.173
1.225
1.501
1.324
1.556
1.592
1.565
1.470
1.589
1.467
1.507
1.614
1.516
1.890
2.049
1.966
0.637
0.911
0.667
0.872
1.251
1.125
1.459
1.692
1.568
2.038
1.980
1.908
1.597
1.853
1.633
2.038
2.013
1.983
1.650
1.993
1.801
0.950
1.162
0.986
0.923
1.254
1.039
1.378
1.493
1.435
2.210
2.166
2.155
1.230
1.452
1.237
1.160
1.293
1.031
1.316
1.537
1.393
0.718
0.809
0.818
1.703
2.133
1.869
1.356
1.360
1.345
1.994
2.168
2.109
1.499
1.793
1.896
2.288
2.211
2.246
1.743
1.948
1.782
1.824
1.912
1.800
1.070
1.187
1.093
2.426
2.332
2.305
1.384
1.642
1.506
2.352
2.599
2.406
1.610
1.376
1.454
1.410
1.549
1.416
0.739
1.106
0.880
1.512
1.678
1.504
1.241
1.367
1.282
1.640
1.734
1.668
1.576
1.339
1.404
2.199
2.065
2.169
2.216
2.061
2.080
1.748
1.642
1.655
2.711
2.628
2.663
1.272
1.382
1.264
1.272
1.382
1.264
2.462
2.559
2.531
1.763
1.709
1.612
1.360
1.448
1.375
1.395
1.446
1.417
1.976
2.077
2.031
2.631
2.786
2.681
1.763
1.709
1.612
1.777
1.756
1.790
2.504
2.714
2.423
0.894
0.813
0.838
3.623
3.476
3.524
0.955
1.110
0.929
1.708
1.774
1.731
1.585
1.667
1.602
1.476
1.619
1.453
1.581
1.530
1.602
1.011
1.297
1.184
1.461
1.448
1.521
1.893
1.809
1.834
1.423
1.714
1.538
1.209
1.377
1.312
0.912
1.094
0.952
2.544
2.337
2.432
1.832
1.962
1.777
1.462
1.765
1.575
1.356
1.398
1.385
3.030
3.215
3.166
1.324
1.439
1.370
1.836
2.644
1.908
2.128
2.401
2.170
1.285
1.442
1.325
2.029
1.893
1.990
1.015
1.162
1.073
0.821
1.247
1.025
2.579
2.569
2.529
2.071
2.500
2.226
2.585
2.708
2.650
2.284
2.368
2.275
2.056
2.226
2.011
1.277
1.411
1.337
1.467
1.592
1.218
2.941
2.980
3.219
1.153
0.810
0.947
0.357
0.803
0.513
0.394
0.464
0.455
2.058
1.923
1.891
2.059
2.038
2.052
1.673
1.847
1.740
1.655
1.599
1.618
0.814
1.185
1.072
1.390
1.437
1.392
2.493
2.373
2.279
0.979
1.292
1.112
1.321
1.438
1.240
1.255
1.412
1.250
1.571
1.768
1.726
1.842
1.947
1.679
2.389
2.332
2.265
3.413
3.336
3.288
1.921
1.635
1.684
1.314
1.698
1.432
0.797
1.085
0.803
0.797
1.085
0.803
2.635
2.826
2.777
3.149
2.821
2.947
2.358
2.250
2.342
1.180
0.924
1.067
1.908
2.310
2.073
1.168
1.599
1.350
1.292
1.460
1.370
0.909
1.088
1.020
1.654
1.719
1.550
0.958
1.354
1.018
1.274
1.165
1.152
1.702
1.914
1.754
2.254
2.528
2.336
1.642
1.619
1.603
1.934
1.892
1.939
1.807
1.670
1.739
0.440
0.768
0.587
2.127
2.109
2.086
1.468
1.803
1.611
2.234
2.484
2.466
2.054
2.098
1.999
2.830
2.881
2.830
1.515
1.658
1.579
2.282
2.510
2.410
2.282
2.564
2.410
1.834
1.785
1.786
2.059
2.113
2.055
1.490
1.811
1.707
2.825
3.023
2.793
1.022
1.055
0.960
2.671
2.458
2.549
1.349
1.138
1.235
3.473
3.296
3.291
1.341
1.428
1.286
1.049
1.374
1.201
2.632
2.706
2.681
2.333
2.596
2.440
2.670
2.768
2.690
2.270
2.512
2.315
1.176
1.086
1.150
2.011
2.092
2.012
1.387
1.235
1.326
1.734
1.919
1.745
2.954
2.892
2.796
2.159
2.138
2.092
2.512
2.308
2.333
1.089
1.012
1.054
2.826
2.644
2.761
2.826
2.636
2.784
0.492
0.742
0.552
0.900
0.985
0.825
1.512
1.581
1.573
1.121
1.169
1.126
1.392
1.103
1.190
1.643
1.849
1.800
0.388
0.746
0.600
0.711
1.076
0.819
2.133
1.961
2.108
1.037
1.196
1.117
0.910
1.148
0.979
2.119
2.047
2.063
1.351
1.599
1.450
0.759
0.784
0.738
0.404
0.548
0.311
1.413
1.741
1.508
2.197
2.638
2.217
2.224
2.341
2.226
1.233
1.074
1.070
1.347
1.473
1.361
1.266
1.493
1.251
0.855
1.356
1.148
1.413
1.458
1.220
1.346
1.458
1.386
1.258
1.676
1.237
1.120
1.300
1.091
1.194
1.517
1.152
1.563
1.853
1.499
2.666
2.822
2.662
2.631
2.824
2.678
1.546
1.714
1.472
0.752
0.874
0.795
0.733
0.812
0.757
1.255
1.511
1.264
4.251
4.040
3.866
1.018
1.198
0.976
0.726
0.766
0.734
1.939
2.002
2.102
1.025
1.178
1.120
2.202
2.271
2.291
0.596
0.692
0.645
0.735
0.945
0.813
1.511
1.694
1.590
1.805
1.622
1.511
2.822
2.826
2.775
1.374
1.500
1.431
2.420
2.623
2.827
2.272
2.363
2.259
1.304
1.441
1.340
0.849
0.920
0.902
1.864
1.799
1.808
1.597
1.935
1.757
1.045
1.142
1.046
1.753
1.701
1.723
2.550
2.686
2.587
1.626
1.764
1.686
1.197
1.346
1.295
0.980
0.878
0.872
0.660
0.846
0.782
1.780
1.919
1.723
2.918
3.035
2.949
0.869
1.136
0.953
0.487
0.481
0.319
0.699
0.867
0.707
0.735
1.022
0.765
0.735
1.010
0.765
1.238
1.301
1.214
2.705
2.874
2.734
1.782
1.737
1.714
1.158
1.485
1.248
1.465
1.637
1.359
2.598
2.746
2.578
1.789
1.979
1.770
2.116
2.259
2.225
1.486
1.595
1.473
1.686
1.985
1.775
0.605
0.547
0.500
1.367
1.598
1.495
0.999
1.042
1.035
0.642
0.912
0.748
1.175
1.524
1.389
1.192
1.428
1.180
1.981
1.932
1.749
0.674
1.057
1.014
1.068
1.217
0.919
1.553
1.666
1.584
1.311
1.386
1.345
3.561
3.716
3.688
1.429
1.420
1.420
0.401
0.554
0.501
0.944
0.813
0.852
0.896
1.081
0.845
1.581
1.695
1.607
1.455
1.512
1.436
3.572
3.762
3.756
0.465
0.866
0.624
2.520
2.616
2.599
1.039
1.249
1.100
1.060
1.113
1.006
2.505
2.817
2.588
1.731
1.827
1.687
1.470
1.601
1.521
2.153
2.032
2.057
2.167
2.269
2.209
0.881
0.898
0.794
1.517
1.570
1.380
2.244
2.110
2.130
2.046
1.987
1.894
2.580
2.651
2.517
2.061
2.151
2.094
0.723
0.794
0.653
3.392
3.312
3.286
1.118
1.156
1.098
0.610
1.179
1.211
1.950
2.217
1.919
1.355
1.525
1.415
1.160
1.162
1.115
1.148
1.320
1.212
1.666
1.805
1.777
2.272
2.576
2.455
2.384
2.344
2.334
0.525
0.721
0.671
1.956
1.983
1.964
1.895
1.769
1.790
2.293
2.211
2.132
1.949
1.794
1.901
0.647
0.841
0.698
1.547
1.486
1.516
1.338
1.738
1.725
0.684
0.805
0.531
2.906
2.934
2.910
1.407
1.443
1.413
1.128
1.223
1.182
1.942
1.825
1.857
2.146
2.218
2.053
0.985
1.125
1.037
2.501
2.380
2.407
3.104
3.290
3.246
1.797
1.532
1.683
2.480
2.690
2.571
1.909
1.903
1.801
0.627
1.113
0.714
0.659
0.793
0.722
4.430
4.236
4.345
3.047
2.969
2.903
1.275
1.581
1.283
1.953
2.148
2.026
1.690
1.502
1.594
1.600
1.786
1.542
1.458
1.697
1.517
0.801
1.194
1.058
1.343
1.393
1.252
0.847
1.030
0.809
2.734
2.770
2.750
2.066
2.085
2.022
1.771
1.658
1.754
1.644
1.847
1.725
0.844
1.097
0.910
0.844
1.160
0.910
1.204
1.560
1.231
1.450
1.860
1.620
1.280
1.528
1.251
1.280
1.494
1.248
1.262
1.333
1.261
1.082
1.180
1.118
1.271
1.388
1.277
1.884
1.837
1.867
1.707
1.851
1.803
0.818
1.263
0.957
0.796
0.877
0.759
3.748
3.764
3.842
2.147
2.043
2.028
0.711
0.826
0.687
1.246
1.093
1.245
0.882
0.963
0.855
0.882
0.963
0.855
1.064
1.202
1.144
0.846
0.911
0.748
0.864
0.997
0.921
2.392
2.337
2.365
0.909
0.969
0.904
1.165
1.376
1.181
2.545
2.557
2.418
0.687
1.114
0.650
1.143
1.383
1.204
0.577
0.930
0.642
2.205
2.281
2.222
2.188
2.397
2.359
1.110
1.529
1.184
1.125
1.304
1.149
1.148
1.403
1.305
2.097
2.254
2.097
1.539
1.309
1.641
0.676
0.680
0.608
0.345
0.577
0.461
1.675
1.703
1.733
2.003
2.137
2.031
3.113
3.206
3.223
0.747
0.966
0.780
1.641
1.204
1.609
2.196
1.851
2.083
1.312
1.375
1.323
1.928
1.981
1.916
2.075
1.866
1.900
1.117
1.223
1.124
1.159
1.493
1.345
2.401
2.464
2.399
2.187
2.468
2.156
2.279
2.376
2.240
1.090
1.201
1.108
1.453
1.458
1.414
0.985
1.124
0.982
0.636
0.735
0.724
1.035
1.097
1.053
1.663
1.633
1.575
0.834
1.103
0.911
0.930
1.162
1.037
0.571
0.965
0.701
0.707
0.900
0.686
1.770
2.106
1.772
1.507
1.679
1.536
1.987
2.075
2.532
2.142
2.227
2.731
1.987
2.075
2.532
2.142
2.227
2.731
2.142
2.227
2.731
1.987
2.075
2.532
1.946
2.029
2.452
1.234
1.312
1.252
1.734
1.797
1.707
0.687
0.704
0.700
2.123
2.027
1.894
1.608
1.848
1.710
1.960
2.041
2.146
0.673
0.905
0.797
0.970
1.001
0.952
1.001
1.093
1.003
1.084
1.261
1.049
2.208
2.376
2.609
1.841
1.755
1.721
1.328
1.388
1.202
0.669
0.769
0.630
1.401
1.281
1.200
1.451
1.525
1.396
1.743
1.976
1.754
0.776
1.043
0.809
1.342
1.421
1.375
1.108
1.886
1.464
0.818
1.045
0.838
1.297
1.320
1.241
1.259
1.467
1.349
2.004
1.931
1.978
1.436
1.353
1.396
1.223
1.340
1.343
1.397
1.506
1.358
1.664
1.816
1.766
1.896
2.013
1.950
1.896
2.013
1.950
1.652
1.834
1.674
1.651
1.571
1.475
1.760
1.868
1.792
1.667
1.865
1.746
2.008
2.384
2.174
0.556
1.057
0.773
1.717
1.911
1.742
0.629
0.961
0.665
1.808
1.910
1.821
1.766
1.892
1.794
0.830
1.159
0.764
1.465
1.699
1.602
1.234
1.441
1.300
2.404
2.365
2.381
0.646
0.749
0.661
0.726
0.836
0.809
2.081
2.236
2.065
0.643
0.831
0.617
1.582
1.642
1.598
1.478
1.503
1.469
0.401
0.662
0.470
1.120
1.186
1.146
0.912
1.263
1.030
1.161
1.106
1.132
2.674
2.763
2.757
2.118
1.909
1.952
1.499
1.605
1.543
1.231
1.333
1.236
1.122
1.150
1.108
1.035
1.144
1.009
0.912
1.400
1.512
2.095
2.051
2.172
1.977
2.479
2.080
0.821
0.975
0.953
1.030
1.399
0.958
1.042
0.991
0.938
2.068
2.039
1.894
1.588
1.591
1.536
2.639
2.509
2.558
0.728
0.811
0.737
0.834
0.964
0.911
1.256
1.362
0.932
1.752
1.900
1.763
0.867
1.000
0.932
0.812
0.989
0.813
1.492
1.378
1.403
0.724
0.853
0.693
1.649
1.739
1.688
0.982
1.071
0.979
0.607
0.829
0.724
1.049
1.159
1.092
1.146
1.278
1.041
2.269
2.190
2.184
1.932
2.293
1.992
1.799
1.405
1.456
1.520
1.163
1.243
1.770
1.904
1.655
0.764
1.049
0.819
1.745
2.050
1.774
1.340
1.468
1.384
1.410
1.367
1.402
0.750
0.850
0.789
0.569
0.969
0.618
2.534
2.448
2.397
1.564
1.541
1.580
2.072
2.058
1.969
2.591
2.626
2.592
1.734
1.579
1.648
4.167
4.104
4.212
1.156
1.108
1.148
0.790
1.193
1.317
2.572
2.200
2.336
0.448
0.707
0.581
2.814
2.764
2.693
0.956
1.107
1.034
0.539
0.660
0.518
0.876
0.998
0.725
3.567
3.391
3.430
1.964
1.755
1.834
1.431
1.533
1.490
1.328
1.578
1.627
1.601
1.510
1.511
1.438
1.303
1.380
0.866
0.885
0.877
0.854
0.978
0.817
1.337
1.484
1.446
1.163
1.314
1.217
0.608
0.684
0.598
0.608
0.694
0.670
1.874
1.641
1.716
1.515
1.748
1.444
1.080
1.282
1.202
1.452
1.465
1.339
1.823
1.811
1.843
0.824
1.076
0.888
1.217
1.447
1.086
0.646
0.867
0.758
0.746
0.965
0.811
1.395
1.481
1.466
1.582
1.819
1.663
0.965
1.023
0.880
0.646
0.867
0.758
2.129
2.001
2.017
0.625
0.841
0.735
0.625
0.841
0.735
0.625
0.841
0.735
1.810
1.593
1.636
0.625
0.841
0.735
1.214
1.213
1.236
1.069
0.978
1.061
0.503
0.876
0.655
0.646
0.867
0.758
0.660
0.811
0.731
0.805
1.048
0.832
1.456
1.715
1.455
0.734
0.913
0.824
2.960
2.972
2.931
0.625
0.841
0.735
0.818
1.246
0.947
1.262
1.310
1.266
1.727
1.774
1.684
0.883
1.102
0.925
1.423
1.653
1.344
0.881
1.369
0.998
1.870
1.967
1.877
3.958
4.047
3.877
0.568
0.779
0.676
0.735
1.058
0.861
0.805
0.926
0.549
0.915
1.283
0.724
0.357
0.625
0.510
0.719
1.087
0.851
1.298
1.263
1.205
1.455
1.128
1.210
2.216
2.332
2.212
1.318
1.463
1.402
1.991
2.082
1.927
0.576
0.918
0.635
2.328
2.093
2.210
2.261
2.091
2.161
2.350
2.361
2.365
1.394
1.551
1.452
1.775
1.630
1.782
1.850
1.835
1.879
1.182
1.372
1.254
1.379
1.474
1.387
2.217
2.262
2.260
1.375
1.258
1.114
2.509
2.670
2.577
0.975
1.214
1.057
1.822
1.947
1.932
1.356
1.416
1.369
1.529
1.575
1.538
1.577
1.330
1.494
1.441
1.481
1.413
0.772
0.912
0.799
1.261
1.798
1.755
0.726
0.817
0.659
1.942
2.065
1.888
1.559
1.592
1.512
1.272
1.385
1.359
1.315
1.253
1.203
1.873
1.889
1.830
2.125
2.171
1.925
1.263
1.338
1.213
1.485
1.589
1.524
1.075
1.064
1.087
0.519
0.761
0.465
1.433
1.685
1.562
0.477
0.571
0.580
1.327
1.612
1.447
2.440
2.683
2.669
1.436
1.441
1.289
1.578
1.436
1.474
1.518
1.421
1.346
0.805
0.926
0.549
1.420
1.586
1.442
0.755
0.879
0.784
0.321
0.418
0.390
1.132
1.000
0.937
0.510
0.702
0.598
0.338
0.527
0.436
0.401
0.560
0.479
0.655
0.812
0.725
0.997
1.043
1.029
1.251
1.329
1.167
1.578
1.343
1.258
1.037
1.017
0.974
0.410
0.560
0.478
1.744
1.658
1.555
1.910
1.685
1.762
0.907
1.159
0.891
0.584
0.867
0.526
1.062
1.125
1.013
1.244
1.334
1.257
1.344
1.317
1.311
0.210
0.614
0.445
2.057
2.002
2.020
2.137
2.088
2.171
0.355
0.512
0.437
1.905
2.058
1.884
2.654
2.774
2.705
0.604
0.887
0.700
1.069
1.321
1.196
1.300
1.225
1.282
1.300
1.225
1.282
1.931
2.012
1.991
0.783
1.092
0.814
1.642
1.758
1.670
0.673
0.775
0.655
1.268
1.510
1.327
0.698
0.741
0.709
0.805
1.014
0.880
0.592
0.787
0.676
0.446
0.726
0.537
1.663
1.764
1.716
1.033
1.176
1.044
1.501
2.323
1.664
0.694
0.842
0.762
1.931
2.095
2.041
1.953
2.142
1.807
0.759
0.862
0.729
1.632
1.524
1.389
0.796
0.970
0.920
1.841
2.183
1.953
1.290
1.464
1.212
1.424
1.383
1.372
1.543
1.751
1.622
0.649
0.781
0.707
0.701
0.850
0.768
1.427
1.660
1.560
1.448
1.667
1.632
0.701
0.850
0.768
0.649
0.781
0.707
0.766
0.941
0.787
0.694
0.842
0.762
1.033
1.206
0.965
0.698
1.051
0.869
1.910
1.659
1.759
1.797
1.727
1.654
0.701
0.850
0.768
1.206
1.300
1.238
1.068
1.142
1.040
1.038
0.784
0.873
0.701
0.850
0.768
1.231
1.139
1.177
1.376
1.725
1.480
1.591
1.626
1.513
1.177
1.296
1.165
1.016
1.509
1.209
1.427
1.546
1.534
1.545
1.538
1.517
1.275
1.349
1.177
1.628
1.916
1.844
1.658
1.592
1.661
1.461
1.802
1.528
2.500
2.606
2.525
3.412
3.328
3.433
1.387
1.774
1.507
1.418
1.482
1.349
0.870
0.968
0.907
1.182
1.171
1.301
2.721
3.006
2.739
0.478
0.559
0.514
1.911
2.026
2.037
1.566
1.691
1.515
1.939
1.940
1.914
2.047
2.158
2.244
2.621
2.538
2.538
1.725
1.835
1.626
2.599
2.365
2.407
1.332
1.283
1.252
0.682
0.895
0.744
2.878
3.130
2.993
0.969
1.062
0.872
1.263
1.341
1.290
3.070
3.012
2.982
1.792
1.822
1.799
1.562
1.469
1.441
1.095
1.196
1.187
1.346
1.512
1.398
0.611
0.934
0.652
0.611
0.804
0.652
2.157
1.945
1.840
1.180
1.008
1.066
1.385
1.467
1.388
0.799
0.975
0.795
1.087
1.193
1.117
1.677
1.816
1.697
0.904
0.839
0.807
0.701
0.850
0.768
0.701
0.850
0.768
0.633
0.768
0.693
1.355
1.188
1.213
1.694
1.784
1.746
1.300
1.477
1.448
1.606
1.710
1.641
0.915
0.789
0.908
0.729
0.874
0.729
0.830
1.104
0.932
0.542
0.783
0.653
1.019
1.176
1.069
0.971
1.153
1.019
0.762
0.911
0.826
0.847
1.047
0.947
1.402
1.867
1.495
1.057
1.170
1.036
0.634
0.881
0.722
1.624
1.826
1.723
1.034
1.076
0.991
1.034
1.194
1.128
0.767
0.868
0.796
0.767
0.875
0.812
1.284
1.581
1.363
1.325
1.399
1.317
0.740
0.843
0.816
0.572
0.727
0.643
0.799
1.103
0.832
0.572
0.961
0.681
1.353
1.626
1.495
1.089
1.095
1.077
0.827
0.911
0.850
1.392
1.693
1.481
0.446
1.193
0.737
0.950
1.124
1.037
0.770
0.763
0.606
0.500
0.651
0.550
0.973
1.314
0.932
0.382
0.558
0.430
0.397
0.658
0.491
0.858
0.862
0.804
1.853
1.774
1.722
0.405
0.589
0.442
1.491
1.488
1.263
0.925
1.171
0.789
0.614
0.812
0.771
0.832
0.972
0.916
1.513
1.643
1.735
1.488
1.327
1.401
1.312
1.451
1.278
2.419
2.395
2.356
1.761
1.862
1.727
1.939
1.864
1.840
0.338
0.491
0.409
1.936
1.805
1.743
0.935
1.045
0.964
1.541
1.699
1.604
1.233
1.388
1.298
1.607
1.597
1.554
1.534
1.370
1.399
1.091
1.276
1.222
0.837
1.045
0.909
0.402
0.555
0.473
0.920
1.029
0.926
0.402
0.555
0.473
0.395
0.582
0.489
0.402
0.555
0.473
2.074
1.981
1.993
1.607
1.685
1.575
2.310
2.122
2.275
0.475
0.607
0.531
0.722
0.835
0.742
1.766
1.663
1.631
0.488
0.668
0.533
0.730
1.103
0.898
1.171
1.379
1.243
0.949
1.333
1.081
1.749
2.021
1.725
2.576
2.455
2.523
1.014
1.411
1.349
1.699
1.969
1.788
1.117
1.203
1.165
0.959
1.264
0.973
3.088
3.197
3.034
1.408
1.816
1.577
0.913
1.633
1.440
0.599
0.895
0.726
1.363
1.511
1.267
0.965
0.816
0.880
1.927
2.024
1.982
1.126
1.297
1.231
1.008
1.328
1.139
1.546
1.647
1.528
1.868
1.708
1.732
1.818
1.955
1.869
0.671
0.945
0.742
0.767
0.869
0.730
1.106
1.443
1.272
1.647
1.731
1.535
2.706
2.661
2.697
1.118
1.198
1.044
1.673
1.947
1.775
1.784
1.827
1.691
1.010
1.379
1.085
1.377
1.116
1.261
1.833
1.974
1.846
1.939
2.010
1.980
0.931
1.878
1.190
0.997
1.069
0.670
2.200
2.125
2.086
1.020
0.949
0.960
1.460
1.673
1.536
0.945
1.050
0.958
1.120
1.620
1.219
1.464
1.742
1.596
0.885
0.878
1.028
1.436
1.187
1.256
1.104
1.412
1.123
1.985
2.323
1.953
0.395
0.560
0.466
0.869
0.703
0.681
0.871
1.013
0.865
1.254
1.469
1.244
2.567
2.666
2.625
1.109
1.246
1.187
0.704
0.965
0.917
1.326
1.149
1.086
1.932
1.885
1.868
1.046
1.200
1.074
0.395
0.560
0.466
1.595
1.824
1.676
1.453
1.513
1.483
0.996
1.158
1.059
2.167
1.892
2.088
0.722
0.845
0.689
1.538
1.625
1.531
0.151
0.427
0.303
1.367
1.542
1.436
0.945
1.252
1.161
0.411
0.564
0.484
2.005
1.945
1.938
1.894
2.032
1.934
0.587
0.824
0.624
1.158
1.313
1.262
1.056
1.095
1.076
0.316
0.543
0.410
0.684
0.971
0.799
1.822
1.795
1.779
0.642
0.784
0.730
1.572
1.621
1.532
0.895
1.021
1.001
1.664
1.473
1.427
3.058
2.783
2.916
1.518
1.746
1.349
1.264
1.274
1.213
0.653
0.761
0.451
2.423
2.198
2.391
1.513
1.562
1.486
1.172
1.034
1.063
1.182
1.325
1.350
1.388
1.603
1.374
1.051
1.320
1.170
1.502
1.704
1.552
0.651
0.848
0.703
2.105
2.008
2.042
1.026
1.292
1.162
1.848
1.639
1.704
1.034
1.569
1.272
1.753
1.867
1.824
2.118
2.206
2.114
1.956
1.978
1.973
1.876
1.971
1.908
1.172
1.522
1.168
0.922
1.379
1.028
2.422
2.228
2.031
2.730
2.604
2.567
0.934
1.291
1.018
0.929
1.193
1.107
1.606
1.711
1.646
0.484
0.659
0.506
0.951
1.414
1.172
0.959
1.233
1.140
3.093
2.987
2.927
2.498
2.450
2.463
1.387
1.479
1.455
1.577
1.475
1.564
1.503
1.607
1.530
1.860
1.968
1.852
0.788
0.842
0.798
1.771
1.956
1.823
1.020
1.176
0.980
1.764
2.102
1.828
1.624
1.745
1.626
2.007
1.928
1.973
0.759
0.847
0.777
0.648
0.989
0.784
0.695
0.942
0.694
0.759
0.884
0.817
1.220
1.374
1.260
0.695
0.868
0.731
2.279
1.965
1.904
1.689
1.820
1.675
1.448
1.556
1.498
0.783
0.988
0.849
1.321
1.492
1.582
2.436
2.088
2.298
0.787
1.030
0.828
0.234
0.846
0.668
1.671
1.645
1.663
0.885
1.101
0.996
1.118
1.365
1.257
1.078
1.150
1.025
1.730
2.005
1.679
1.381
1.395
1.316
1.325
1.807
1.225
1.773
1.653
1.705
1.588
1.646
1.599
2.254
2.136
2.109
1.087
1.220
1.066
1.049
1.295
1.112
1.154
1.435
1.210
1.089
1.134
1.058
0.434
0.539
0.474
0.642
0.742
0.662
1.875
1.942
1.894
0.880
0.957
0.727
1.836
2.029
1.935
3.001
3.017
2.911
1.704
1.742
1.601
0.845
0.972
0.845
1.571
1.645
1.648
3.139
3.144
3.124
1.182
1.246
1.221
1.662
1.799
1.701
2.323
2.076
2.242
1.122
1.294
1.158
1.204
1.331
1.287
1.465
1.571
1.477
1.160
1.112
1.108
1.704
1.875
1.848
1.245
1.245
1.092
1.357
1.483
1.390
2.026
2.192
2.149
2.011
1.908
1.953
1.855
1.857
1.756
1.102
1.101
1.057
1.761
1.650
1.636
1.029
1.287
1.091
1.413
1.466
1.428
0.900
1.353
1.018
0.903
1.382
1.111
0.468
1.248
0.540
0.821
0.971
0.866
0.999
1.024
1.049
1.348
1.393
1.094
3.428
3.319
3.305
2.487
2.596
2.537
2.778
2.525
2.567
2.009
1.839
1.929
1.360
1.430
1.268
1.708
1.645
1.658
2.253
2.102
2.209
0.681
0.529
0.581
1.397
1.308
1.383
2.338
2.214
2.332
1.683
1.457
1.533
