0.346
0.361
0.407
0.342
0.368
0.397
0.331
0.408
0.409
0.348
0.372
0.385
0.320
0.339
0.390
0.304
0.321
0.353
0.319
0.412
0.427
0.322
0.387
0.405
0.368
0.343
0.430
0.362
0.326
0.403
0.326
0.358
0.387
0.353
0.324
0.367
0.303
0.403
0.406
0.289
0.379
0.383
0.350
0.352
0.413
0.344
0.332
0.395
0.339
0.364
0.401
0.336
0.354
0.386
0.334
0.570
0.382
0.368
0.560
0.346
0.381
0.545
0.318
0.377
0.535
0.295
0.384
0.557
0.322
0.418
0.571
0.311
0.346
0.568
0.342
0.351
0.571
0.332
0.365
0.509
0.322
0.360
0.511
0.327
0.344
0.495
0.293
0.342
0.485
0.270
0.393
0.534
0.316
0.392
0.539
0.303
0.356
0.356
0.411
0.360
0.360
0.399
0.340
0.403
0.413
0.369
0.367
0.389
0.334
0.324
0.384
0.327
0.304
0.347
0.319
0.414
0.428
0.331
0.382
0.399
0.371
0.343
0.430
0.382
0.321
0.404
0.337
0.353
0.390
0.366
0.321
0.370
0.308
0.396
0.403
0.301
0.360
0.373
0.362
0.346
0.412
0.364
0.324
0.389
0.343
0.365
0.400
0.346
0.353
0.379
0.344
0.559
0.377
0.398
0.561
0.342
0.396
0.541
0.317
0.403
0.538
0.295
0.402
0.556
0.323
0.453
0.585
0.317
0.356
0.562
0.344
0.371
0.570
0.331
0.384
0.503
0.322
0.387
0.513
0.324
0.363
0.492
0.290
0.367
0.487
0.269
0.414
0.534
0.317
0.420
0.542
0.303
0.339
0.358
0.403
0.341
0.367
0.388
0.322
0.418
0.408
0.352
0.372
0.379
0.314
0.330
0.376
0.312
0.311
0.340
0.306
0.424
0.420
0.320
0.391
0.390
0.352
0.343
0.420
0.361
0.328
0.393
0.315
0.363
0.380
0.350
0.327
0.359
0.294
0.410
0.399
0.292
0.374
0.369
0.345
0.344
0.406
0.351
0.326
0.382
0.327
0.368
0.392
0.338
0.357
0.373
0.326
0.581
0.379
0.375
0.570
0.346
0.368
0.553
0.312
0.380
0.543
0.290
0.368
0.565
0.316
0.417
0.580
0.311
0.331
0.577
0.338
0.350
0.577
0.328
0.359
0.518
0.314
0.369
0.519
0.320
0.337
0.502
0.287
0.349
0.493
0.268
0.382
0.545
0.308
0.395
0.547
0.298
0.365
0.356
0.417
0.363
0.349
0.398
0.345
0.397
0.410
0.363
0.363
0.385
0.343
0.328
0.396
0.331
0.301
0.353
0.326
0.409
0.426
0.334
0.374
0.398
0.385
0.342
0.437
0.384
0.319
0.405
0.341
0.355
0.395
0.369
0.318
0.370
0.316
0.391
0.403
0.304
0.356
0.373
0.373
0.345
0.425
0.372
0.317
0.395
0.354
0.365
0.406
0.351
0.347
0.382
0.346
0.561
0.379
0.387
0.562
0.346
0.402
0.555
0.326
0.399
0.536
0.297
0.397
0.559
0.328
0.440
0.578
0.316
0.363
0.566
0.345
0.372
0.570
0.329
0.384
0.514
0.331
0.384
0.513
0.330
0.372
0.506
0.301
0.370
0.493
0.280
0.412
0.541
0.323
0.413
0.539
0.305
0.346
0.351
0.403
0.361
0.361
0.403
0.324
0.400
0.402
0.360
0.369
0.388
0.322
0.327
0.382
0.329
0.305
0.352
0.308
0.414
0.418
0.328
0.382
0.396
0.366
0.331
0.421
0.386
0.316
0.404
0.325
0.349
0.380
0.371
0.320
0.373
0.298
0.394
0.395
0.299
0.360
0.372
0.353
0.338
0.408
0.369
0.316
0.390
0.330
0.360
0.392
0.346
0.351
0.380
0.331
0.563
0.370
0.395
0.573
0.342
0.388
0.544
0.313
0.398
0.546
0.296
0.379
0.553
0.317
0.445
0.588
0.315
0.345
0.564
0.333
0.371
0.578
0.329
0.369
0.509
0.322
0.386
0.521
0.330
0.356
0.495
0.288
0.369
0.495
0.272
0.397
0.534
0.312
0.419
0.549
0.305
0.341
0.334
0.389
0.354
0.360
0.392
0.316
0.390
0.389
0.354
0.370
0.380
0.315
0.313
0.370
0.323
0.299
0.344
0.302
0.403
0.407
0.332
0.378
0.392
0.356
0.323
0.411
0.375
0.318
0.395
0.316
0.344
0.369
0.360
0.317
0.361
0.288
0.387
0.386
0.295
0.359
0.366
0.349
0.323
0.398
0.365
0.311
0.384
0.324
0.351
0.380
0.342
0.348
0.371
0.326
0.563
0.360
0.392
0.578
0.342
0.368
0.542
0.303
0.393
0.549
0.290
0.379
0.552
0.305
0.439
0.588
0.310
0.341
0.559
0.321
0.372
0.578
0.321
0.359
0.501
0.306
0.378
0.521
0.321
0.347
0.490
0.276
0.358
0.494
0.268
0.389
0.528
0.300
0.407
0.545
0.296
0.360
0.366
0.403
0.355
0.356
0.382
0.345
0.416
0.408
0.360
0.371
0.376
0.334
0.330
0.379
0.328
0.298
0.339
0.331
0.423
0.419
0.333
0.376
0.387
0.373
0.351
0.423
0.378
0.316
0.393
0.340
0.367
0.384
0.365
0.318
0.358
0.314
0.402
0.394
0.301
0.357
0.360
0.365
0.350
0.407
0.366
0.318
0.382
0.348
0.376
0.396
0.348
0.351
0.371
0.367
0.596
0.394
0.397
0.577
0.340
0.396
0.562
0.323
0.393
0.547
0.286
0.399
0.572
0.327
0.437
0.586
0.307
0.361
0.576
0.345
0.366
0.575
0.318
0.382
0.521
0.323
0.381
0.525
0.318
0.363
0.505
0.293
0.359
0.494
0.262
0.406
0.550
0.320
0.408
0.547
0.295
0.381
0.427
0.438
0.378
0.399
0.416
0.375
0.490
0.460
0.388
0.421
0.421
0.359
0.403
0.420
0.334
0.354
0.370
0.359
0.497
0.465
0.365
0.426
0.428
0.403
0.415
0.462
0.409
0.371
0.434
0.358
0.432
0.421
0.383
0.367
0.391
0.347
0.482
0.445
0.322
0.413
0.398
0.389
0.414
0.444
0.375
0.358
0.404
0.371
0.445
0.435
0.374
0.388
0.407
0.386
0.631
0.436
0.424
0.612
0.391
0.436
0.625
0.397
0.457
0.611
0.370
0.433
0.623
0.390
0.491
0.643
0.380
0.402
0.637
0.404
0.425
0.635
0.391
0.427
0.581
0.382
0.424
0.573
0.382
0.407
0.569
0.361
0.414
0.559
0.342
0.444
0.597
0.374
0.441
0.585
0.348
0.337
0.380
0.403
0.340
0.378
0.390
0.325
0.437
0.415
0.346
0.395
0.383
0.315
0.352
0.382
0.308
0.326
0.340
0.313
0.441
0.428
0.321
0.400
0.392
0.349
0.360
0.420
0.360
0.333
0.394
0.316
0.384
0.384
0.349
0.338
0.357
0.300
0.432
0.405
0.289
0.390
0.370
0.342
0.369
0.409
0.344
0.338
0.381
0.327
0.390
0.396
0.334
0.365
0.370
0.334
0.587
0.383
0.371
0.578
0.351
0.375
0.560
0.326
0.379
0.549
0.295
0.380
0.567
0.327
0.424
0.588
0.317
0.341
0.578
0.350
0.356
0.578
0.332
0.365
0.520
0.326
0.365
0.523
0.326
0.346
0.507
0.300
0.348
0.494
0.274
0.391
0.541
0.320
0.399
0.546
0.304
0.341
0.353
0.392
0.340
0.375
0.390
0.319
0.417
0.395
0.340
0.384
0.377
0.319
0.328
0.368
0.304
0.317
0.335
0.305
0.430
0.409
0.314
0.401
0.388
0.351
0.341
0.406
0.352
0.329
0.382
0.316
0.361
0.367
0.341
0.337
0.357
0.293
0.409
0.389
0.285
0.384
0.365
0.340
0.350
0.396
0.340
0.331
0.375
0.325
0.375
0.383
0.331
0.359
0.368
0.325
0.580
0.374
0.354
0.571
0.340
0.371
0.558
0.312
0.363
0.549
0.292
0.372
0.565
0.315
0.414
0.583
0.308
0.333
0.573
0.337
0.341
0.575
0.328
0.369
0.517
0.315
0.360
0.526
0.321
0.342
0.501
0.288
0.337
0.493
0.267
0.391
0.541
0.307
0.388
0.551
0.298
0.333
0.360
0.405
0.347
0.372
0.406
0.315
0.416
0.408
0.349
0.374
0.385
0.308
0.334
0.380
0.310
0.314
0.350
0.302
0.430
0.422
0.319
0.394
0.397
0.345
0.344
0.421
0.365
0.325
0.399
0.311
0.364
0.384
0.345
0.332
0.367
0.288
0.413
0.401
0.289
0.384
0.378
0.335
0.349
0.406
0.350
0.330
0.391
0.322
0.373
0.394
0.347
0.351
0.383
0.322
0.573
0.384
0.368
0.574
0.353
0.363
0.549
0.314
0.377
0.551
0.297
0.362
0.557
0.316
0.412
0.585
0.313
0.330
0.568
0.335
0.352
0.579
0.331
0.364
0.515
0.320
0.383
0.537
0.336
0.335
0.495
0.287
0.349
0.493
0.272
0.380
0.538
0.310
0.391
0.550
0.303
0.442
0.378
0.351
0.470
0.414
0.333
0.479
0.401
0.307
0.465
0.395
0.289
0.475
0.401
0.313
0.496
0.441
0.308
0.439
0.376
0.326
0.431
0.402
0.322
0.473
0.385
0.302
0.451
0.391
0.308
0.430
0.376
0.280
0.425
0.370
0.263
0.480
0.405
0.301
0.470
0.423
0.295
0.455
0.379
0.353
0.488
0.444
0.336
0.493
0.394
0.314
0.483
0.421
0.294
0.490
0.396
0.317
0.514
0.472
0.312
0.453
0.378
0.332
0.451
0.439
0.321
0.503
0.387
0.311
0.471
0.418
0.313
0.457
0.372
0.283
0.449
0.394
0.268
0.499
0.399
0.309
0.491
0.443
0.299
0.405
0.317
0.316
0.431
0.370
0.313
0.433
0.349
0.269
0.425
0.361
0.273
0.431
0.357
0.274
0.455
0.407
0.291
0.405
0.320
0.293
0.405
0.357
0.305
0.424
0.348
0.268
0.411
0.359
0.287
0.388
0.339
0.250
0.394
0.353
0.250
0.437
0.366
0.267
0.437
0.392
0.278
0.419
0.385
0.362
0.457
0.441
0.335
0.456
0.402
0.304
0.457
0.421
0.286
0.449
0.400
0.308
0.488
0.468
0.305
0.415
0.391
0.325
0.412
0.436
0.319
0.450
0.393
0.302
0.432
0.409
0.305
0.415
0.386
0.277
0.415
0.395
0.261
0.458
0.411
0.302
0.463
0.441
0.293
0.452
0.341
0.356
0.462
0.389
0.338
0.476
0.374
0.307
0.467
0.391
0.296
0.468
0.379
0.308
0.495
0.435
0.313
0.440
0.350
0.326
0.433
0.382
0.328
0.461
0.377
0.302
0.443
0.393
0.314
0.423
0.363
0.275
0.423
0.375
0.268
0.474
0.395
0.299
0.471
0.422
0.301
0.452
0.346
0.342
0.469
0.406
0.325
0.481
0.355
0.298
0.457
0.388
0.276
0.480
0.355
0.300
0.492
0.433
0.293
0.446
0.336
0.317
0.426
0.396
0.307
0.483
0.348
0.290
0.448
0.384
0.294
0.433
0.334
0.270
0.422
0.364
0.253
0.476
0.356
0.288
0.464
0.410
0.279
0.386
0.373
0.323
0.444
0.435
0.318
0.436
0.388
0.283
0.447
0.416
0.278
0.429
0.400
0.281
0.475
0.460
0.296
0.388
0.374
0.297
0.405
0.424
0.304
0.424
0.377
0.283
0.425
0.404
0.301
0.393
0.369
0.259
0.407
0.383
0.253
0.433
0.397
0.276
0.445
0.430
0.279
0.446
0.345
0.354
0.479
0.399
0.345
0.469
0.370
0.302
0.465
0.374
0.301
0.464
0.376
0.302
0.495
0.421
0.313
0.440
0.340
0.324
0.438
0.379
0.328
0.448
0.371
0.295
0.451
0.383
0.314
0.414
0.353
0.273
0.431
0.363
0.274
0.457
0.387
0.292
0.465
0.401
0.298
0.420
0.355
0.339
0.462
0.409
0.322
0.459
0.375
0.302
0.461
0.402
0.284
0.452
0.381
0.302
0.495
0.453
0.302
0.421
0.364
0.322
0.427
0.409
0.316
0.455
0.375
0.292
0.447
0.396
0.301
0.418
0.368
0.269
0.429
0.382
0.259
0.463
0.396
0.290
0.469
0.427
0.289
