0.863
0.870
0.933
0.408
0.441
0.464
0.989
0.954
1.061
0.482
0.500
0.533
1.024
0.941
1.094
0.522
0.496
0.549
1.036
0.954
1.093
0.528
0.506
0.564
0.931
0.916
1.022
0.455
0.475
0.513
1.093
1.030
1.184
0.561
0.551
0.604
1.127
1.012
1.227
0.567
0.519
0.594
1.142
1.014
1.214
0.568
0.518
0.602
0.908
0.886
0.993
0.427
0.441
0.484
1.053
0.987
1.142
0.520
0.516
0.575
1.098
0.971
1.181
0.538
0.476
0.558
1.089
0.959
1.158
0.538
0.478
0.570
0.828
0.812
0.922
0.358
0.389
0.427
0.960
0.896
1.062
0.420
0.435
0.488
1.003
0.880
1.102
0.458
0.418
0.492
0.999
0.852
1.078
0.458
0.420
0.506
0.962
0.928
1.051
0.475
0.505
0.543
1.120
1.034
1.209
0.573
0.579
0.627
1.180
1.031
1.262
0.614
0.554
0.641
1.177
1.026
1.238
0.602
0.547
0.636
0.948
0.903
1.023
0.455
0.465
0.505
1.094
1.002
1.174
0.537
0.532
0.584
1.158
0.995
1.228
0.564
0.503
0.576
1.163
1.006
1.220
0.572
0.519
0.602
0.901
0.869
0.995
0.467
0.489
0.530
1.062
0.982
1.155
0.551
0.544
0.605
1.077
0.925
1.174
0.549
0.487
0.579
1.081
0.940
1.153
0.530
0.483
0.571
1.042
1.014
1.114
0.552
0.573
0.610
1.194
1.121
1.276
0.643
0.647
0.701
1.227
1.090
1.304
0.662
0.611
0.685
1.236
1.093
1.289
0.654
0.609
0.694
0.927
0.910
1.016
0.502
0.522
0.558
1.080
1.014
1.167
0.598
0.603
0.649
1.112
0.973
1.197
0.621
0.555
0.641
1.121
0.984
1.182
0.602
0.555
0.639
0.811
0.764
0.898
0.335
0.346
0.392
0.946
0.852
1.035
0.394
0.378
0.443
0.974
0.813
1.061
0.430
0.363
0.448
1.002
0.855
1.066
0.459
0.406
0.490
0.868
0.853
0.931
0.416
0.427
0.459
1.018
0.969
1.081
0.527
0.514
0.555
1.036
0.939
1.100
0.545
0.489
0.559
1.057
0.978
1.112
0.561
0.516
0.588
0.945
0.908
1.027
0.506
0.505
0.548
1.141
1.067
1.222
0.679
0.636
0.695
1.163
1.030
1.259
0.647
0.566
0.660
1.188
1.062
1.263
0.688
0.610
0.710
0.927
0.887
1.001
0.466
0.455
0.504
1.092
1.019
1.172
0.603
0.564
0.626
1.133
0.996
1.212
0.591
0.501
0.597
1.118
1.003
1.195
0.610
0.526
0.630
0.851
0.802
0.932
0.402
0.407
0.456
1.018
0.939
1.108
0.520
0.499
0.561
1.049
0.904
1.139
0.523
0.447
0.544
1.048
0.909
1.127
0.530
0.465
0.569
0.966
0.919
1.050
0.501
0.507
0.555
1.139
1.049
1.227
0.632
0.607
0.664
1.193
1.034
1.277
0.652
0.562
0.668
1.195
1.056
1.268
0.653
0.578
0.681
0.965
0.894
1.025
0.465
0.448
0.494
1.138
1.028
1.200
0.593
0.549
0.602
1.196
1.014
1.255
0.587
0.489
0.578
1.194
1.037
1.252
0.620
0.536
0.635
0.929
0.879
1.016
0.557
0.548
0.605
1.113
1.028
1.204
0.695
0.646
0.722
1.123
0.964
1.220
0.647
0.548
0.665
1.119
0.989
1.200
0.655
0.565
0.681
1.052
1.003
1.116
0.589
0.578
0.624
1.222
1.142
1.296
0.732
0.698
0.755
1.248
1.100
1.321
0.716
0.625
0.719
1.273
1.138
1.328
0.726
0.647
0.750
0.949
0.924
1.035
0.557
0.557
0.600
1.123
1.060
1.211
0.689
0.663
0.716
1.154
1.013
1.243
0.684
0.595
0.694
1.166
1.046
1.238
0.712
0.639
0.739
0.824
0.754
0.901
0.339
0.328
0.381
0.987
0.878
1.063
0.450
0.401
0.467
1.004
0.823
1.082
0.450
0.353
0.454
1.053
0.891
1.110
0.509
0.426
0.526
0.865
0.873
0.941
0.406
0.448
0.467
1.008
0.980
1.084
0.493
0.506
0.542
1.014
0.955
1.100
0.511
0.488
0.544
1.052
0.988
1.114
0.541
0.519
0.579
0.937
0.930
1.035
0.447
0.477
0.507
1.125
1.079
1.224
0.567
0.559
0.610
1.136
1.057
1.259
0.554
0.509
0.587
1.168
1.069
1.254
0.594
0.540
0.630
0.917
0.891
0.999
0.455
0.469
0.507
1.071
1.013
1.162
0.558
0.547
0.603
1.103
0.994
1.196
0.563
0.498
0.583
1.108
1.000
1.185
0.589
0.525
0.622
0.838
0.814
0.931
0.379
0.416
0.451
0.992
0.931
1.095
0.462
0.474
0.529
1.011
0.910
1.121
0.475
0.436
0.514
1.025
0.899
1.110
0.497
0.456
0.548
0.965
0.943
1.060
0.502
0.546
0.576
1.132
1.067
1.230
0.616
0.622
0.672
1.172
1.057
1.273
0.639
0.588
0.676
1.197
1.073
1.266
0.662
0.604
0.697
0.956
0.912
1.033
0.463
0.480
0.513
1.120
1.040
1.204
0.556
0.549
0.598
1.162
1.032
1.252
0.563
0.503
0.578
1.182
1.054
1.254
0.606
0.552
0.640
0.913
0.886
1.012
0.529
0.553
0.593
1.098
1.030
1.200
0.632
0.615
0.681
1.100
0.973
1.214
0.604
0.545
0.642
1.117
1.000
1.203
0.625
0.564
0.665
1.033
1.012
1.112
0.567
0.597
0.626
1.197
1.136
1.284
0.681
0.684
0.733
1.209
1.102
1.303
0.674
0.624
0.698
1.245
1.130
1.309
0.686
0.638
0.725
0.937
0.931
1.033
0.518
0.544
0.578
1.106
1.058
1.204
0.620
0.622
0.672
1.118
1.013
1.223
0.630
0.570
0.658
1.149
1.040
1.223
0.654
0.598
0.692
0.809
0.767
0.903
0.337
0.349
0.392
0.969
0.882
1.063
0.417
0.396
0.462
0.971
0.837
1.078
0.429
0.359
0.449
1.025
0.894
1.097
0.491
0.427
0.517
0.889
0.882
0.947
0.454
0.467
0.498
1.028
0.994
1.090
0.555
0.547
0.590
1.055
0.977
1.124
0.572
0.528
0.592
1.071
1.017
1.137
0.588
0.559
0.623
0.965
0.932
1.043
0.527
0.525
0.568
1.153
1.087
1.232
0.670
0.628
0.693
1.179
1.066
1.279
0.645
0.578
0.665
1.180
1.089
1.274
0.673
0.611
0.704
0.931
0.898
1.001
0.512
0.513
0.553
1.084
1.020
1.163
0.635
0.603
0.667
1.123
1.008
1.203
0.625
0.558
0.640
1.111
1.022
1.196
0.635
0.573
0.666
0.860
0.818
0.936
0.413
0.432
0.476
1.012
0.941
1.101
0.504
0.504
0.559
1.047
0.923
1.139
0.520
0.477
0.556
1.042
0.927
1.130
0.514
0.483
0.571
0.987
0.946
1.065
0.543
0.565
0.604
1.154
1.069
1.237
0.666
0.654
0.709
1.210
1.071
1.296
0.684
0.622
0.711
1.202
1.087
1.283
0.681
0.642
0.727
0.980
0.918
1.036
0.499
0.507
0.541
1.142
1.048
1.209
0.602
0.580
0.633
1.198
1.045
1.268
0.607
0.549
0.622
1.193
1.076
1.270
0.626
0.586
0.666
0.940
0.894
1.022
0.548
0.537
0.591
1.121
1.042
1.206
0.662
0.616
0.691
1.128
0.985
1.227
0.629
0.542
0.648
1.124
1.018
1.216
0.641
0.575
0.678
1.079
1.031
1.134
0.617
0.616
0.658
1.246
1.163
1.310
0.752
0.726
0.786
1.271
1.134
1.342
0.740
0.669
0.753
1.273
1.160
1.338
0.735
0.677
0.770
0.972
0.950
1.054
0.568
0.569
0.612
1.140
1.084
1.225
0.690
0.668
0.727
1.171
1.051
1.263
0.698
0.614
0.708
1.173
1.076
1.256
0.693
0.636
0.732
0.848
0.777
0.920
0.357
0.340
0.395
1.004
0.895
1.083
0.436
0.390
0.466
1.018
0.854
1.106
0.453
0.365
0.463
1.049
0.926
1.135
0.497
0.430
0.525
0.877
0.863
0.931
0.444
0.441
0.480
1.021
0.971
1.071
0.531
0.511
0.555
1.043
0.946
1.097
0.556
0.498
0.567
1.072
0.980
1.109
0.572
0.523
0.595
0.957
0.921
1.030
0.495
0.476
0.525
1.146
1.074
1.215
0.632
0.579
0.639
1.167
1.045
1.253
0.609
0.524
0.614
1.186
1.052
1.245
0.645
0.556
0.656
0.948
0.911
1.014
0.495
0.474
0.525
1.103
1.028
1.169
0.608
0.565
0.625
1.143
1.017
1.212
0.605
0.518
0.606
1.143
1.010
1.197
0.631
0.541
0.641
0.866
0.816
0.936
0.446
0.432
0.492
1.023
0.940
1.096
0.550
0.515
0.580
1.059
0.916
1.132
0.554
0.472
0.569
1.061
0.898
1.111
0.556
0.475
0.583
0.974
0.928
1.045
0.539
0.523
0.579
1.150
1.059
1.217
0.659
0.617
0.675
1.204
1.044
1.264
0.680
0.584
0.683
1.224
1.058
1.259
0.697
0.605
0.706
0.998
0.935
1.053
0.540
0.513
0.563
1.162
1.056
1.216
0.649
0.598
0.656
1.211
1.045
1.267
0.652
0.559
0.645
1.229
1.064
1.267
0.678
0.585
0.684
0.963
0.913
1.038
0.575
0.549
0.609
1.140
1.053
1.212
0.699
0.640
0.712
1.147
0.988
1.226
0.668
0.565
0.672
1.159
1.009
1.214
0.677
0.582
0.692
1.095
1.048
1.149
0.641
0.620
0.670
1.267
1.181
1.323
0.756
0.713
0.774
1.295
1.153
1.354
0.759
0.674
0.762
1.315
1.169
1.346
0.774
0.691
0.792
0.976
0.949
1.050
0.574
0.556
0.605
1.155
1.083
1.221
0.690
0.650
0.705
1.179
1.041
1.251
0.697
0.599
0.695
1.197
1.058
1.242
0.716
0.629
0.729
0.820
0.746
0.888
0.355
0.322
0.384
0.981
0.863
1.042
0.435
0.370
0.444
0.998
0.818
1.064
0.449
0.343
0.446
1.050
0.874
1.087
0.507
0.410
0.513
0.928
0.919
0.985
0.463
0.497
0.512
1.061
1.004
1.113
0.532
0.523
0.561
1.091
1.003
1.144
0.569
0.526
0.578
1.148
1.054
1.176
0.619
0.572
0.634
0.976
0.958
1.059
0.478
0.495
0.523
1.148
1.063
1.215
0.586
0.539
0.596
1.173
1.061
1.257
0.584
0.513
0.588
1.237
1.106
1.287
0.651
0.563
0.653
0.969
0.944
1.045
0.486
0.497
0.529
1.115
1.037
1.190
0.582
0.545
0.603
1.161
1.050
1.238
0.599
0.520
0.599
1.189
1.071
1.245
0.652
0.561
0.654
0.918
0.881
0.991
0.417
0.442
0.473
1.058
0.964
1.131
0.474
0.455
0.512
1.103
0.972
1.173
0.508
0.447
0.517
1.144
0.984
1.183
0.571
0.497
0.585
1.036
1.007
1.115
0.541
0.582
0.598
1.201
1.100
1.266
0.639
0.616
0.662
1.265
1.123
1.330
0.679
0.604
0.677
1.300
1.151
1.337
0.729
0.643
0.724
1.033
0.984
1.097
0.504
0.525
0.551
1.189
1.086
1.251
0.599
0.566
0.619
1.251
1.104
1.310
0.615
0.540
0.609
1.298
1.145
1.335
0.695
0.610
0.694
0.947
0.915
1.032
0.526
0.546
0.578
1.125
1.027
1.195
0.615
0.577
0.638
1.132
0.992
1.218
0.604
0.524
0.616
1.176
1.038
1.229
0.650
0.563
0.656
1.070
1.029
1.125
0.589
0.601
0.629
1.221
1.121
1.275
0.680
0.647
0.701
1.255
1.115
1.311
0.692
0.615
0.687
1.307
1.155
1.327
0.731
0.645
0.736
0.993
0.970
1.068
0.585
0.606
0.631
1.159
1.069
1.220
0.696
0.668
0.717
1.197
1.054
1.260
0.708
0.626
0.706
1.248
1.099
1.276
0.756
0.671
0.760
0.899
0.856
0.982
0.390
0.402
0.441
1.043
0.933
1.112
0.464
0.414
0.480
1.066
0.916
1.144
0.486
0.396
0.483
1.134
0.986
1.176
0.569
0.475
0.565
0.879
0.875
0.940
0.437
0.452
0.476
1.023
0.978
1.079
0.514
0.512
0.543
1.031
0.956
1.100
0.534
0.493
0.550
1.053
0.980
1.105
0.548
0.513
0.570
0.944
0.930
1.033
0.492
0.494
0.528
1.129
1.066
1.210
0.616
0.584
0.635
1.124
1.046
1.239
0.592
0.530
0.609
1.142
1.048
1.232
0.609
0.539
0.626
0.916
0.889
0.991
0.476
0.483
0.518
1.075
1.002
1.150
0.587
0.564
0.618
1.085
0.979
1.174
0.573
0.508
0.588
1.084
0.981
1.164
0.595
0.526
0.615
0.839
0.812
0.921
0.378
0.389
0.427
0.994
0.919
1.078
0.447
0.440
0.490
1.004
0.903
1.103
0.470
0.411
0.491
1.010
0.881
1.088
0.480
0.426
0.510
0.977
0.948
1.061
0.541
0.550
0.584
1.152
1.066
1.230
0.643
0.630
0.672
1.179
1.059
1.272
0.666
0.598
0.681
1.175
1.053
1.249
0.662
0.595
0.679
0.959
0.906
1.026
0.491
0.483
0.522
1.129
1.029
1.196
0.575
0.547
0.599
1.155
1.018
1.236
0.581
0.506
0.583
1.165
1.029
1.233
0.606
0.538
0.623
0.902
0.874
0.994
0.524
0.529
0.568
1.083
1.008
1.167
0.626
0.598
0.652
1.068
0.951
1.178
0.589
0.521
0.613
1.072
0.967
1.160
0.575
0.509
0.599
1.053
1.021
1.118
0.592
0.590
0.626
1.220
1.137
1.285
0.686
0.664
0.714
1.224
1.102
1.305
0.689
0.616
0.695
1.233
1.107
1.290
0.682
0.619
0.704
0.938
0.931
1.028
0.541
0.548
0.580
1.113
1.051
1.194
0.639
0.624
0.667
1.114
1.008
1.212
0.636
0.565
0.649
1.121
1.014
1.194
0.632
0.572
0.655
0.824
0.766
0.902
0.350
0.340
0.383
0.989
0.882
1.062
0.423
0.387
0.445
0.976
0.832
1.070
0.427
0.351
0.436
1.014
0.879
1.082
0.471
0.402
0.484
0.862
0.860
0.931
0.419
0.446
0.474
0.988
0.957
1.058
0.512
0.513
0.555
1.005
0.944
1.095
0.518
0.501
0.563
1.061
0.996
1.126
0.572
0.548
0.612
0.925
0.904
1.019
0.482
0.503
0.542
1.094
1.032
1.184
0.622
0.594
0.657
1.104
1.026
1.240
0.585
0.546
0.634
1.154
1.061
1.253
0.639
0.585
0.678
0.904
0.875
0.987
0.453
0.461
0.505
1.047
0.983
1.131
0.565
0.536
0.603
1.068
0.982
1.183
0.554
0.498
0.592
1.094
1.003
1.188
0.606
0.540
0.642
0.847
0.810
0.936
0.404
0.429
0.475
0.988
0.913
1.080
0.493
0.486
0.552
1.012
0.907
1.129
0.498
0.460
0.552
1.031
0.907
1.124
0.523
0.480
0.580
0.964
0.939
1.058
0.497
0.541
0.573
1.113
1.039
1.204
0.618
0.616
0.670
1.154
1.051
1.273
0.620
0.594
0.681
1.196
1.086
1.284
0.664
0.624
0.713
0.946
0.897
1.022
0.474
0.485
0.528
1.096
1.009
1.174
0.574
0.554
0.617
1.130
1.008
1.236
0.563
0.511
0.602
1.166
1.049
1.253
0.620
0.568
0.664
0.906
0.874
1.005
0.553
0.555
0.613
1.076
1.001
1.173
0.663
0.622
0.705
1.071
0.954
1.200
0.618
0.545
0.663
1.104
0.995
1.199
0.650
0.586
0.695
1.049
1.011
1.121
0.588
0.587
0.635
1.209
1.128
1.282
0.701
0.674
0.738
1.215
1.101
1.316
0.689
0.626
0.722
1.256
1.137
1.322
0.721
0.654
0.756
0.936
0.922
1.032
0.526
0.548
0.590
1.095
1.038
1.187
0.637
0.627
0.687
1.109
1.009
1.226
0.633
0.580
0.681
1.148
1.046
1.234
0.670
0.623
0.720
0.810
0.760
0.904
0.338
0.342
0.396
0.953
0.858
1.042
0.419
0.383
0.459
0.957
0.821
1.076
0.425
0.355
0.462
1.036
0.907
1.117
0.510
0.440
0.542
0.871
0.887
0.950
0.410
0.451
0.479
0.999
0.966
1.076
0.494
0.499
0.544
1.026
0.959
1.103
0.524
0.491
0.559
1.065
0.995
1.120
0.562
0.529
0.597
0.937
0.937
1.038
0.459
0.489
0.527
1.105
1.046
1.199
0.587
0.565
0.627
1.129
1.037
1.235
0.576
0.518
0.607
1.169
1.058
1.238
0.622
0.557
0.648
0.912
0.907
1.007
0.435
0.461
0.504
1.054
0.993
1.150
0.533
0.516
0.581
1.093
0.994
1.185
0.551
0.483
0.575
1.108
1.002
1.178
0.588
0.518
0.612
0.841
0.839
0.944
0.386
0.428
0.472
0.987
0.925
1.091
0.478
0.481
0.545
1.017
0.922
1.122
0.498
0.451
0.541
1.034
0.907
1.106
0.516
0.465
0.560
0.971
0.964
1.072
0.487
0.525
0.564
1.133
1.062
1.227
0.594
0.585
0.643
1.182
1.063
1.274
0.621
0.555
0.650
1.204
1.079
1.265
0.649
0.581
0.671
0.949
0.925
1.037
0.461
0.490
0.530
1.100
1.021
1.190
0.563
0.550
0.609
1.155
1.023
1.233
0.576
0.507
0.593
1.186
1.047
1.239
0.626
0.560
0.649
0.902
0.887
1.004
0.518
0.532
0.583
1.074
1.001
1.168
0.629
0.597
0.671
1.083
0.956
1.184
0.609
0.531
0.639
1.110
0.991
1.181
0.621
0.546
0.649
1.036
1.027
1.120
0.567
0.592
0.633
1.187
1.119
1.274
0.681
0.667
0.728
1.216
1.103
1.297
0.696
0.629
0.715
1.252
1.130
1.300
0.717
0.655
0.746
0.928
0.932
1.027
0.527
0.557
0.595
1.086
1.031
1.180
0.638
0.629
0.684
1.112
0.997
1.203
0.642
0.570
0.666
1.135
1.021
1.195
0.666
0.601
0.694
0.817
0.783
0.914
0.325
0.348
0.394
0.960
0.870
1.052
0.410
0.378
0.451
0.978
0.835
1.069
0.426
0.348
0.446
1.028
0.888
1.079
0.488
0.419
0.508
0.862
0.710
0.871
0.388
0.309
0.404
1.035
0.826
1.037
0.448
0.354
0.471
1.060
0.817
1.077
0.436
0.331
0.451
1.075
0.829
1.064
0.511
0.366
0.497
0.946
0.802
0.959
0.472
0.442
0.510
1.131
0.931
1.138
0.553
0.507
0.590
1.161
0.932
1.188
0.536
0.485
0.575
1.179
0.945
1.176
0.591
0.510
0.620
0.860
0.711
0.870
0.381
0.307
0.395
1.030
0.825
1.037
0.443
0.360
0.468
1.053
0.821
1.070
0.417
0.342
0.445
1.065
0.838
1.065
0.492
0.373
0.495
0.929
0.776
0.933
0.458
0.384
0.476
1.096
0.890
1.101
0.517
0.433
0.543
1.121
0.892
1.128
0.518
0.427
0.533
1.152
0.921
1.148
0.591
0.475
0.600
0.928
0.776
0.932
0.438
0.353
0.445
1.103
0.887
1.099
0.518
0.407
0.521
1.137
0.893
1.142
0.514
0.396
0.513
1.161
0.915
1.139
0.584
0.432
0.559
0.879
0.734
0.878
0.396
0.321
0.402
1.037
0.841
1.034
0.454
0.369
0.467
1.073
0.833
1.078
0.443
0.357
0.449
1.081
0.850
1.070
0.507
0.382
0.499
0.869
0.728
0.886
0.386
0.346
0.427
1.065
0.871
1.070
0.463
0.402
0.503
1.060
0.834
1.099
0.411
0.383
0.479
1.087
0.857
1.087
0.511
0.410
0.531
0.907
0.763
0.902
0.429
0.337
0.425
1.074
0.876
1.072
0.499
0.397
0.507
1.088
0.853
1.096
0.468
0.371
0.469
1.098
0.871
1.083
0.533
0.390
0.515
0.883
0.734
0.890
0.408
0.340
0.424
1.065
0.859
1.066
0.473
0.397
0.501
1.082
0.839
1.098
0.450
0.374
0.480
1.114
0.869
1.099
0.547
0.418
0.544
0.879
0.741
0.885
0.416
0.357
0.430
1.028
0.840
1.033
0.462
0.392
0.488
1.069
0.843
1.088
0.468
0.398
0.494
1.083
0.866
1.074
0.530
0.432
0.540
0.874
0.720
0.868
0.393
0.317
0.400
1.020
0.815
1.008
0.427
0.337
0.436
1.061
0.816
1.056
0.445
0.331
0.440
1.097
0.840
1.057
0.542
0.383
0.508
0.958
0.810
0.953
0.479
0.454
0.510
1.126
0.929
1.116
0.539
0.501
0.564
1.166
0.933
1.172
0.538
0.495
0.571
1.207
0.962
1.178
0.614
0.537
0.632
0.869
0.712
0.863
0.393
0.313
0.393
1.017
0.813
1.010
0.429
0.345
0.437
1.059
0.820
1.053
0.431
0.346
0.441
1.087
0.842
1.061
0.525
0.391
0.505
0.947
0.790
0.936
0.467
0.393
0.472
1.095
0.889
1.082
0.501
0.418
0.505
1.142
0.908
1.127
0.527
0.424
0.518
1.184
0.938
1.152
0.614
0.483
0.599
0.921
0.770
0.913
0.437
0.356
0.436
1.072
0.862
1.056
0.487
0.387
0.477
1.124
0.878
1.109
0.510
0.393
0.491
1.164
0.904
1.116
0.601
0.441
0.554
0.891
0.736
0.875
0.406
0.333
0.405
1.032
0.829
1.013
0.436
0.359
0.440
1.081
0.834
1.064
0.452
0.360
0.446
1.106
0.850
1.068
0.534
0.399
0.506
0.882
0.736
0.891
0.395
0.369
0.437
1.060
0.860
1.051
0.455
0.405
0.486
1.061
0.832
1.090
0.420
0.407
0.489
1.117
0.871
1.091
0.538
0.444
0.551
0.918
0.763
0.901
0.426
0.341
0.417
1.061
0.859
1.048
0.473
0.381
0.471
1.091
0.847
1.081
0.470
0.369
0.459
1.120
0.873
1.079
0.545
0.401
0.513
0.892
0.747
0.889
0.405
0.346
0.416
1.049
0.854
1.042
0.453
0.386
0.466
1.079
0.841
1.080
0.455
0.377
0.469
1.136
0.887
1.098
0.565
0.435
0.546
0.880
0.730
0.871
0.420
0.357
0.424
1.009
0.817
1.003
0.447
0.379
0.461
1.064
0.823
1.060
0.473
0.392
0.484
1.098
0.859
1.061
0.550
0.441
0.541
0.760
0.619
0.773
0.329
0.285
0.363
0.917
0.714
0.916
0.394
0.324
0.419
0.922
0.697
0.927
0.377
0.304
0.391
0.987
0.736
0.954
0.477
0.353
0.475
0.840
0.706
0.858
0.407
0.396
0.453
1.019
0.825
1.023
0.488
0.453
0.520
1.027
0.816
1.042
0.463
0.429
0.494
1.091
0.853
1.069
0.550
0.477
0.578
0.755
0.620
0.767
0.321
0.284
0.353
0.910
0.716
0.910
0.387
0.323
0.409
0.912
0.704
0.916
0.362
0.311
0.382
0.966
0.737
0.945
0.458
0.357
0.464
0.826
0.676
0.829
0.383
0.339
0.415
0.988
0.778
0.979
0.454
0.380
0.473
0.996
0.773
0.985
0.448
0.374
0.454
1.059
0.815
1.024
0.543
0.429
0.547
0.803
0.661
0.812
0.367
0.320
0.396
0.957
0.757
0.955
0.448
0.362
0.454
0.974
0.752
0.969
0.436
0.353
0.436
1.040
0.794
0.999
0.533
0.404
0.516
0.779
0.632
0.780
0.336
0.293
0.363
0.922
0.718
0.912
0.400
0.332
0.414
0.935
0.707
0.931
0.381
0.322
0.390
0.986
0.738
0.954
0.473
0.365
0.474
0.754
0.621
0.778
0.340
0.331
0.394
0.941
0.746
0.945
0.417
0.380
0.460
0.914
0.701
0.947
0.370
0.365
0.432
0.984
0.743
0.962
0.483
0.404
0.513
0.798
0.651
0.800
0.354
0.296
0.373
0.945
0.740
0.940
0.426
0.341
0.437
0.942
0.713
0.941
0.397
0.324
0.399
1.002
0.753
0.964
0.486
0.361
0.478
0.771
0.638
0.781
0.351
0.310
0.380
0.941
0.744
0.938
0.431
0.361
0.449
0.934
0.715
0.936
0.405
0.342
0.420
1.017
0.775
0.980
0.520
0.408
0.521
0.762
0.633
0.772
0.362
0.328
0.394
0.900
0.717
0.902
0.416
0.362
0.446
0.915
0.711
0.924
0.412
0.363
0.436
0.978
0.755
0.951
0.495
0.417
0.517
0.886
0.697
0.880
0.408
0.300
0.410
1.044
0.798
1.039
0.466
0.341
0.477
1.070
0.784
1.069
0.456
0.324
0.454
1.102
0.828
1.078
0.538
0.370
0.522
0.968
0.792
0.966
0.494
0.432
0.513
1.145
0.915
1.147
0.560
0.486
0.587
1.177
0.911
1.186
0.558
0.474
0.576
1.199
0.953
1.190
0.615
0.522
0.645
0.876
0.693
0.874
0.414
0.302
0.408
1.028
0.796
1.036
0.466
0.344
0.475
1.057
0.793
1.062
0.445
0.339
0.454
1.082
0.835
1.077
0.520
0.384
0.521
0.955
0.771
0.946
0.480
0.370
0.476
1.112
0.872
1.107
0.539
0.412
0.543
1.142
0.874
1.132
0.533
0.411
0.526
1.172
0.923
1.157
0.601
0.462
0.603
0.945
0.759
0.938
0.470
0.354
0.461
1.104
0.855
1.098
0.545
0.399
0.531
1.143
0.860
1.134
0.537
0.397
0.520
1.177
0.907
1.149
0.615
0.449
0.591
0.896
0.713
0.886
0.415
0.309
0.403
1.040
0.804
1.038
0.467
0.348
0.466
1.083
0.805
1.074
0.458
0.344
0.447
1.104
0.842
1.086
0.527
0.381
0.515
0.880
0.705
0.888
0.405
0.335
0.434
1.064
0.834
1.068
0.477
0.388
0.508
1.055
0.800
1.088
0.432
0.374
0.486
1.101
0.850
1.095
0.531
0.424
0.557
0.934
0.746
0.918
0.439
0.316
0.420
1.088
0.845
1.081
0.504
0.368
0.497
1.102
0.822
1.095
0.478
0.351
0.461
1.128
0.865
1.102
0.545
0.381
0.524
0.896
0.716
0.891
0.429
0.322
0.424
1.064
0.828
1.063
0.497
0.376
0.500
1.081
0.803
1.083
0.479
0.358
0.478
1.128
0.868
1.106
0.570
0.418
0.557
0.886
0.713
0.881
0.430
0.339
0.431
1.018
0.798
1.025
0.469
0.373
0.487
1.060
0.798
1.065
0.476
0.378
0.487
1.089
0.850
1.075
0.535
0.429
0.549
0.851
0.669
0.854
0.384
0.300
0.401
1.011
0.776
1.008
0.439
0.342
0.461
1.044
0.772
1.055
0.447
0.337
0.457
1.090
0.809
1.066
0.559
0.396
0.537
0.925
0.752
0.931
0.450
0.415
0.489
1.101
0.877
1.102
0.527
0.480
0.565
1.132
0.872
1.152
0.521
0.472
0.563
1.193
0.925
1.179
0.628
0.535
0.654
0.844
0.669
0.849
0.385
0.307
0.400
0.994
0.774
1.004
0.436
0.356
0.465
1.030
0.773
1.044
0.434
0.357
0.461
1.072
0.813
1.064
0.540
0.411
0.540
0.900
0.723
0.899
0.431
0.347
0.445
1.050
0.822
1.050
0.482
0.389
0.500
1.087
0.828
1.087
0.494
0.392
0.498
1.137
0.879
1.118
0.596
0.458
0.593
0.924
0.742
0.924
0.446
0.351
0.451
1.085
0.841
1.079
0.523
0.405
0.521
1.134
0.856
1.132
0.538
0.416
0.529
1.183
0.901
1.149
0.645
0.478
0.612
0.866
0.682
0.861
0.395
0.309
0.402
1.008
0.776
1.002
0.443
0.352
0.456
1.056
0.777
1.055
0.450
0.356
0.457
1.095
0.815
1.070
0.547
0.404
0.534
0.847
0.672
0.862
0.386
0.350
0.432
1.024
0.801
1.030
0.454
0.399
0.500
1.035
0.775
1.070
0.424
0.401
0.496
1.091
0.819
1.081
0.546
0.448
0.574
0.887
0.700
0.879
0.414
0.310
0.409
1.039
0.806
1.036
0.479
0.366
0.482
1.067
0.788
1.071
0.472
0.356
0.466
1.107
0.828
1.078
0.567
0.401
0.538
0.866
0.694
0.871
0.399
0.335
0.422
1.029
0.807
1.032
0.469
0.395
0.497
1.057
0.792
1.071
0.465
0.387
0.491
1.120
0.849
1.099
0.587
0.454
0.585
0.851
0.680
0.852
0.408
0.347
0.427
0.990
0.775
0.993
0.453
0.390
0.485
1.038
0.778
1.051
0.475
0.404
0.503
1.084
0.826
1.065
0.565
0.459
0.573
0.860
0.686
0.870
0.392
0.300
0.406
1.009
0.784
1.012
0.459
0.350
0.475
1.035
0.780
1.053
0.436
0.331
0.447
1.081
0.824
1.059
0.538
0.377
0.517
0.948
0.778
0.961
0.474
0.441
0.516
1.124
0.908
1.127
0.563
0.512
0.597
1.148
0.898
1.174
0.539
0.485
0.577
1.193
0.947
1.180
0.624
0.529
0.645
0.847
0.684
0.861
0.383
0.301
0.394
0.987
0.792
1.005
0.441
0.357
0.460
1.014
0.781
1.037
0.412
0.342
0.437
1.046
0.829
1.048
0.512
0.384
0.509
0.905
0.731
0.910
0.432
0.346
0.447
1.049
0.829
1.054
0.491
0.398
0.510
1.080
0.841
1.089
0.477
0.390
0.490
1.125
0.887
1.108
0.578
0.441
0.578
0.926
0.754
0.934
0.452
0.356
0.458
1.081
0.854
1.083
0.534
0.417
0.535
1.120
0.866
1.128
0.516
0.409
0.516
1.164
0.910
1.134
0.609
0.452
0.583
0.864
0.695
0.868
0.394
0.306
0.396
0.994
0.797
1.000
0.443
0.359
0.454
1.035
0.788
1.048
0.426
0.346
0.434
1.064
0.833
1.056
0.520
0.387
0.508
0.846
0.691
0.875
0.394
0.358
0.438
1.025
0.825
1.043
0.474
0.415
0.512
1.020
0.791
1.072
0.423
0.397
0.488
1.076
0.842
1.077
0.542
0.431
0.555
0.897
0.718
0.897
0.417
0.315
0.414
1.039
0.819
1.043
0.487
0.380
0.495
1.053
0.798
1.067
0.449
0.352
0.451
1.091
0.844
1.070
0.541
0.389
0.522
0.874
0.706
0.886
0.410
0.338
0.429
1.035
0.818
1.043
0.489
0.405
0.512
1.057
0.804
1.076
0.458
0.381
0.482
1.123
0.869
1.100
0.575
0.437
0.568
0.863
0.701
0.872
0.421
0.354
0.437
0.988
0.792
1.001
0.476
0.407
0.504
1.029
0.793
1.055
0.476
0.403
0.501
1.072
0.849
1.061
0.550
0.447
0.559
0.799
0.636
0.810
0.344
0.287
0.371
0.957
0.744
0.960
0.418
0.346
0.439
0.968
0.722
0.980
0.396
0.300
0.408
0.995
0.752
0.989
0.465
0.343
0.471
0.883
0.727
0.901
0.446
0.427
0.491
1.058
0.853
1.069
0.541
0.509
0.574
1.080
0.843
1.103
0.513
0.464
0.551
1.113
0.882
1.117
0.563
0.494
0.605
0.794
0.640
0.808
0.341
0.288
0.367
0.941
0.743
0.953
0.414
0.350
0.432
0.958
0.728
0.970
0.383
0.315
0.407
0.980
0.760
0.988
0.454
0.355
0.473
0.854
0.691
0.860
0.389
0.334
0.417
1.007
0.791
1.009
0.462
0.390
0.479
1.026
0.786
1.025
0.452
0.363
0.459
1.048
0.817
1.045
0.509
0.404
0.530
0.857
0.694
0.866
0.397
0.330
0.417
1.007
0.787
1.010
0.487
0.392
0.488
1.032
0.787
1.036
0.478
0.367
0.473
1.065
0.822
1.048
0.541
0.406
0.530
0.820
0.653
0.821
0.366
0.302
0.382
0.954
0.741
0.953
0.433
0.360
0.440
0.983
0.734
0.983
0.417
0.329
0.420
1.000
0.760
0.995
0.472
0.362
0.482
0.793
0.647
0.822
0.357
0.346
0.415
0.973
0.776
0.990
0.443
0.416
0.490
0.955
0.732
0.999
0.382
0.373
0.456
1.005
0.774
1.010
0.477
0.409
0.522
0.847
0.677
0.846
0.390
0.316
0.400
0.992
0.773
0.992
0.472
0.385
0.475
0.999
0.746
1.001
0.438
0.338
0.434
1.025
0.781
1.011
0.494
0.368
0.492
0.807
0.653
0.821
0.362
0.313
0.391
0.976
0.767
0.981
0.449
0.387
0.470
0.975
0.732
0.989
0.412
0.337
0.437
1.026
0.789
1.020
0.502
0.396
0.518
0.801
0.650
0.812
0.379
0.335
0.405
0.937
0.739
0.944
0.441
0.385
0.465
0.962
0.730
0.978
0.434
0.363
0.458
0.994
0.775
0.991
0.490
0.412
0.520
0.800
0.691
0.814
0.342
0.305
0.368
0.947
0.792
0.962
0.400
0.352
0.426
0.963
0.777
0.990
0.383
0.325
0.416
1.008
0.823
1.014
0.492
0.390
0.499
0.886
0.780
0.906
0.443
0.442
0.486
1.047
0.897
1.067
0.510
0.501
0.549
1.066
0.889
1.106
0.482
0.471
0.540
1.128
0.948
1.145
0.590
0.543
0.633
0.797
0.695
0.812
0.344
0.309
0.365
0.939
0.797
0.961
0.403
0.365
0.427
0.954
0.784
0.984
0.368
0.342
0.416
0.998
0.830
1.016
0.480
0.400
0.498
0.833
0.715
0.843
0.385
0.350
0.412
0.975
0.819
0.992
0.435
0.395
0.464
0.994
0.815
1.009
0.426
0.376
0.455
1.048
0.861
1.054
0.525
0.439
0.547
0.849
0.742
0.863
0.406
0.365
0.428
0.992
0.842
1.009
0.482
0.424
0.494
1.026
0.844
1.045
0.472
0.407
0.494
1.079
0.893
1.076
0.579
0.472
0.576
0.814
0.700
0.821
0.361
0.315
0.374
0.941
0.792
0.957
0.407
0.364
0.426
0.972
0.780
0.990
0.399
0.346
0.423
1.011
0.824
1.019
0.498
0.405
0.509
0.799
0.694
0.831
0.359
0.371
0.418
0.969
0.821
0.998
0.428
0.428
0.486
0.954
0.783
1.016
0.369
0.409
0.464
1.019
0.841
1.044
0.504
0.466
0.560
0.841
0.728
0.845
0.394
0.337
0.400
0.987
0.831
1.000
0.461
0.402
0.471
0.989
0.802
1.012
0.424
0.366
0.445
1.036
0.850
1.035
0.520
0.416
0.519
0.821
0.721
0.836
0.374
0.336
0.395
0.978
0.830
0.993
0.435
0.393
0.458
0.981
0.799
1.009
0.406
0.366
0.444
1.060
0.881
1.066
0.540
0.449
0.552
0.807
0.706
0.824
0.379
0.350
0.404
0.932
0.791
0.958
0.418
0.388
0.453
0.959
0.785
0.993
0.416
0.381
0.459
1.016
0.851
1.029
0.512
0.458
0.548
0.862
0.700
0.868
0.396
0.302
0.403
1.010
0.806
1.019
0.434
0.336
0.454
1.044
0.798
1.055
0.435
0.325
0.443
1.088
0.836
1.072
0.519
0.376
0.514
0.939
0.787
0.949
0.475
0.420
0.498
1.107
0.916
1.119
0.536
0.482
0.565
1.142
0.910
1.164
0.537
0.472
0.563
1.190
0.955
1.185
0.595
0.507
0.625
0.856
0.702
0.863
0.392
0.304
0.394
1.001
0.813
1.017
0.428
0.348
0.447
1.037
0.811
1.051
0.421
0.349
0.443
1.069
0.848
1.071
0.508
0.399
0.521
0.913
0.756
0.915
0.465
0.367
0.465
1.056
0.863
1.067
0.502
0.406
0.513
1.101
0.873
1.103
0.518
0.415
0.516
1.141
0.914
1.135
0.585
0.456
0.590
0.916
0.747
0.919
0.445
0.339
0.438
1.063
0.845
1.068
0.497
0.375
0.492
1.109
0.857
1.110
0.502
0.379
0.491
1.159
0.905
1.133
0.588
0.434
0.568
0.871
0.723
0.867
0.407
0.310
0.395
1.007
0.820
1.012
0.435
0.347
0.438
1.055
0.821
1.056
0.442
0.348
0.437
1.082
0.854
1.070
0.515
0.388
0.508
0.867
0.715
0.885
0.409
0.353
0.441
1.047
0.853
1.061
0.464
0.393
0.497
1.046
0.820
1.088
0.426
0.399
0.491
1.101
0.864
1.100
0.527
0.437
0.558
0.901
0.745
0.895
0.431
0.315
0.410
1.043
0.849
1.051
0.472
0.361
0.467
1.072
0.833
1.074
0.462
0.346
0.445
1.104
0.869
1.086
0.535
0.384
0.514
0.881
0.736
0.891
0.416
0.321
0.413
1.045
0.853
1.055
0.469
0.371
0.476
1.072
0.832
1.085
0.458
0.359
0.464
1.135
0.896
1.119
0.562
0.424
0.553
0.871
0.724
0.874
0.429
0.351
0.433
0.998
0.816
1.011
0.450
0.382
0.476
1.044
0.817
1.060
0.470
0.388
0.487
1.090
0.871
1.081
0.537
0.445
0.555
0.927
0.873
0.888
0.551
0.514
0.500
1.028
0.922
0.988
0.623
0.561
0.571
1.094
0.942
1.049
0.682
0.584
0.613
1.120
0.973
1.066
0.687
0.586
0.621
0.868
0.822
0.844
0.413
0.436
0.397
0.967
0.874
0.947
0.432
0.442
0.425
1.032
0.889
1.014
0.476
0.466
0.461
1.055
0.922
1.034
0.522
0.478
0.494
1.043
0.938
0.987
0.617
0.557
0.549
1.173
1.019
1.119
0.694
0.600
0.625
1.257
1.040
1.199
0.754
0.626
0.670
1.273
1.062
1.205
0.743
0.608
0.666
0.981
0.937
0.956
0.518
0.574
0.522
1.104
1.013
1.082
0.560
0.613
0.572
1.175
1.041
1.166
0.596
0.637
0.611
1.189
1.062
1.176
0.616
0.625
0.624
1.001
0.913
0.953
0.562
0.506
0.499
1.116
0.975
1.072
0.639
0.551
0.573
1.196
0.993
1.141
0.676
0.552
0.596
1.198
1.008
1.143
0.695
0.565
0.626
0.858
0.821
0.837
0.400
0.431
0.383
0.959
0.871
0.947
0.425
0.446
0.417
1.018
0.891
1.009
0.456
0.475
0.455
1.034
0.917
1.028
0.503
0.485
0.488
0.962
0.855
0.915
0.523
0.469
0.460
1.074
0.915
1.030
0.574
0.492
0.510
1.164
0.944
1.111
0.653
0.532
0.569
1.168
0.943
1.103
0.634
0.500
0.557
0.925
0.878
0.904
0.454
0.483
0.439
1.024
0.934
1.010
0.472
0.490
0.464
1.096
0.960
1.078
0.533
0.537
0.520
1.124
0.990
1.111
0.560
0.536
0.547
1.069
0.958
1.013
0.652
0.585
0.574
1.192
1.024
1.135
0.726
0.627
0.643
1.296
1.062
1.227
0.803
0.659
0.707
1.310
1.073
1.220
0.791
0.641
0.699
0.918
0.884
0.893
0.456
0.487
0.437
1.018
0.936
0.999
0.496
0.511
0.479
1.089
0.956
1.069
0.544
0.543
0.527
1.119
0.993
1.093
0.590
0.563
0.563
1.043
0.922
0.988
0.611
0.546
0.544
1.161
0.990
1.110
0.685
0.594
0.617
1.255
1.012
1.188
0.740
0.607
0.650
1.266
1.034
1.192
0.752
0.612
0.670
0.882
0.837
0.859
0.418
0.444
0.403
0.981
0.893
0.967
0.445
0.466
0.440
1.050
0.905
1.033
0.486
0.493
0.477
1.062
0.927
1.047
0.523
0.499
0.506
1.022
0.908
0.980
0.628
0.569
0.575
1.151
0.992
1.103
0.710
0.616
0.649
1.208
0.977
1.158
0.742
0.614
0.672
1.215
1.004
1.160
0.724
0.594
0.662
0.892
0.845
0.879
0.415
0.472
0.427
1.015
0.922
0.993
0.455
0.497
0.466
1.046
0.919
1.055
0.462
0.530
0.504
1.085
0.959
1.078
0.525
0.530
0.534
1.141
1.045
1.086
0.716
0.660
0.653
1.268
1.121
1.216
0.791
0.709
0.730
1.333
1.124
1.271
0.842
0.722
0.764
1.342
1.145
1.275
0.835
0.711
0.770
0.925
0.884
0.895
0.475
0.492
0.444
1.034
0.950
1.013
0.516
0.521
0.495
1.080
0.946
1.062
0.545
0.539
0.521
1.092
0.971
1.069
0.567
0.532
0.539
1.041
0.950
0.989
0.687
0.632
0.624
1.163
1.019
1.108
0.763
0.678
0.695
1.243
1.024
1.181
0.825
0.695
0.744
1.253
1.051
1.181
0.819
0.687
0.749
0.899
0.869
0.872
0.438
0.473
0.420
1.011
0.925
0.982
0.473
0.496
0.461
1.067
0.934
1.048
0.500
0.514
0.496
1.104
0.981
1.078
0.562
0.539
0.544
0.922
0.782
0.863
0.471
0.393
0.398
1.033
0.844
0.974
0.523
0.416
0.447
1.102
0.840
1.032
0.577
0.428
0.482
1.155
0.908
1.068
0.613
0.465
0.526
0.869
0.833
0.846
0.450
0.485
0.444
0.959
0.875
0.945
0.469
0.497
0.478
1.022
0.890
1.011
0.515
0.537
0.526
1.057
0.940
1.041
0.555
0.554
0.558
0.941
0.860
0.885
0.487
0.434
0.402
1.074
0.941
1.022
0.556
0.479
0.483
1.110
0.932
1.051
0.587
0.475
0.507
1.138
0.960
1.076
0.622
0.494
0.544
0.844
0.778
0.806
0.363
0.373
0.300
0.977
0.856
0.948
0.401
0.395
0.365
1.004
0.837
0.980
0.399
0.370
0.368
1.023
0.860
1.004
0.464
0.398
0.424
1.018
0.883
0.946
0.527
0.445
0.421
1.187
0.993
1.116
0.628
0.510
0.535
1.225
0.972
1.157
0.628
0.475
0.531
1.256
0.998
1.179
0.673
0.503
0.581
0.915
0.856
0.885
0.419
0.459
0.378
1.071
0.956
1.049
0.487
0.513
0.473
1.085
0.929
1.079
0.468
0.473
0.457
1.116
0.963
1.111
0.533
0.506
0.525
0.988
0.864
0.925
0.516
0.437
0.416
1.135
0.954
1.076
0.599
0.492
0.509
1.186
0.947
1.122
0.615
0.465
0.520
1.182
0.951
1.123
0.644
0.482
0.560
0.832
0.769
0.800
0.352
0.369
0.291
0.970
0.853
0.950
0.396
0.398
0.364
0.988
0.835
0.973
0.380
0.374
0.362
0.999
0.853
0.998
0.446
0.401
0.422
0.908
0.766
0.840
0.443
0.368
0.340
1.051
0.853
0.988
0.502
0.399
0.411
1.095
0.839
1.023
0.530
0.382
0.432
1.107
0.842
1.031
0.565
0.395
0.470
0.932
0.859
0.896
0.426
0.434
0.363
1.064
0.942
1.043
0.467
0.456
0.424
1.092
0.929
1.069
0.467
0.437
0.433
1.123
0.961
1.115
0.535
0.481
0.510
1.071
0.929
0.993
0.619
0.530
0.490
1.235
1.027
1.155
0.708
0.584
0.585
1.309
1.036
1.222
0.737
0.567
0.615
1.307
1.026
1.207
0.754
0.568
0.637
0.889
0.838
0.848
0.421
0.434
0.341
1.015
0.910
0.986
0.468
0.461
0.410
1.054
0.899
1.025
0.478
0.450
0.433
1.070
0.913
1.046
0.538
0.475
0.487
1.041
0.882
0.966
0.540
0.454
0.430
1.199
0.988
1.130
0.615
0.502
0.517
1.260
0.982
1.181
0.633
0.476
0.526
1.264
0.993
1.188
0.679
0.510
0.586
0.849
0.782
0.813
0.364
0.375
0.301
0.976
0.857
0.953
0.402
0.399
0.364
1.004
0.840
0.985
0.398
0.380
0.369
1.013
0.853
1.008
0.456
0.403
0.428
0.964
0.821
0.898
0.574
0.496
0.474
1.132
0.936
1.070
0.663
0.553
0.575
1.155
0.886
1.096
0.632
0.485
0.549
1.157
0.909
1.095
0.655
0.498
0.579
0.835
0.774
0.807
0.375
0.412
0.326
0.995
0.875
0.970
0.435
0.450
0.410
0.981
0.833
0.992
0.392
0.422
0.402
1.016
0.866
1.014
0.482
0.450
0.472
1.116
0.982
1.044
0.632
0.555
0.528
1.268
1.075
1.201
0.711
0.613
0.626
1.305
1.051
1.231
0.717
0.577
0.628
1.317
1.073
1.242
0.753
0.599
0.671
0.881
0.814
0.837
0.397
0.396
0.313
1.007
0.893
0.979
0.441
0.426
0.390
1.023
0.861
0.997
0.429
0.398
0.385
1.035
0.881
1.014
0.481
0.417
0.439
0.980
0.854
0.910
0.568
0.492
0.462
1.141
0.958
1.076
0.658
0.554
0.567
1.184
0.929
1.111
0.664
0.511
0.565
1.188
0.944
1.112
0.692
0.530
0.605
0.854
0.801
0.814
0.383
0.403
0.313
0.996
0.885
0.969
0.430
0.436
0.394
1.007
0.852
0.988
0.416
0.407
0.388
1.047
0.892
1.028
0.497
0.446
0.464
0.903
0.731
0.823
0.424
0.333
0.305
1.054
0.832
0.979
0.489
0.369
0.392
1.082
0.783
0.997
0.505
0.336
0.392
1.124
0.837
1.029
0.557
0.384
0.457
0.842
0.781
0.801
0.386
0.400
0.319
0.958
0.846
0.938
0.419
0.424
0.396
0.989
0.837
0.974
0.423
0.414
0.404
1.009
0.868
1.000
0.483
0.451
0.470
0.914
0.862
0.878
0.497
0.472
0.428
1.038
0.931
1.000
0.562
0.510
0.490
1.088
0.936
1.045
0.612
0.522
0.532
1.129
0.967
1.075
0.654
0.549
0.574
0.848
0.806
0.828
0.356
0.405
0.317
0.977
0.879
0.960
0.381
0.421
0.350
1.019
0.883
1.011
0.386
0.418
0.371
1.061
0.904
1.041
0.484
0.457
0.446
1.016
0.907
0.963
0.532
0.481
0.449
1.177
1.017
1.127
0.621
0.535
0.535
1.243
1.026
1.190
0.636
0.512
0.539
1.268
1.032
1.203
0.687
0.540
0.594
0.950
0.913
0.935
0.437
0.510
0.424
1.107
1.013
1.091
0.483
0.557
0.477
1.157
1.029
1.160
0.488
0.553
0.495
1.204
1.054
1.196
0.570
0.590
0.566
0.984
0.888
0.942
0.558
0.507
0.478
1.127
0.977
1.087
0.652
0.573
0.563
1.197
0.986
1.148
0.662
0.537
0.569
1.199
0.981
1.152
0.698
0.560
0.615
0.842
0.808
0.831
0.348
0.399
0.313
0.975
0.880
0.970
0.385
0.431
0.352
1.016
0.892
1.019
0.373
0.424
0.369
1.045
0.899
1.048
0.465
0.457
0.440
0.917
0.811
0.872
0.472
0.430
0.389
1.053
0.890
1.012
0.532
0.464
0.443
1.124
0.907
1.073
0.571
0.455
0.472
1.139
0.889
1.078
0.602
0.464
0.509
0.944
0.896
0.927
0.416
0.463
0.381
1.073
0.971
1.061
0.450
0.491
0.418
1.128
0.993
1.115
0.459
0.485
0.440
1.173
1.009
1.164
0.549
0.537
0.526
1.054
0.946
0.998
0.604
0.556
0.497
1.208
1.035
1.151
0.693
0.611
0.574
1.296
1.060
1.228
0.733
0.600
0.619
1.311
1.051
1.225
0.771
0.620
0.657
0.895
0.871
0.874
0.402
0.455
0.347
1.023
0.928
1.006
0.443
0.482
0.384
1.077
0.944
1.064
0.449
0.481
0.420
1.120
0.961
1.096
0.539
0.521
0.490
1.017
0.895
0.966
0.557
0.505
0.472
1.163
0.985
1.116
0.642
0.564
0.546
1.246
1.003
1.182
0.661
0.540
0.557
1.267
1.011
1.197
0.709
0.571
0.613
0.859
0.825
0.844
0.366
0.411
0.333
0.988
0.889
0.979
0.396
0.437
0.361
1.040
0.900
1.031
0.398
0.434
0.381
1.070
0.907
1.062
0.481
0.468
0.451
0.970
0.845
0.925
0.607
0.560
0.528
1.126
0.951
1.076
0.692
0.606
0.601
1.170
0.923
1.120
0.678
0.551
0.591
1.184
0.944
1.128
0.688
0.552
0.606
0.859
0.814
0.848
0.378
0.459
0.360
1.016
0.913
0.996
0.417
0.483
0.395
1.025
0.899
1.044
0.385
0.485
0.418
1.078
0.928
1.073
0.496
0.514
0.487
1.118
1.017
1.068
0.670
0.622
0.585
1.270
1.113
1.224
0.753
0.684
0.673
1.322
1.109
1.266
0.766
0.652
0.677
1.325
1.104
1.265
0.788
0.662
0.711
0.896
0.860
0.874
0.410
0.445
0.356
1.030
0.947
1.017
0.449
0.483
0.408
1.061
0.933
1.051
0.433
0.464
0.410
1.084
0.944
1.068
0.502
0.481
0.467
1.001
0.902
0.952
0.622
0.579
0.537
1.149
0.996
1.097
0.702
0.633
0.607
1.218
0.990
1.157
0.722
0.594
0.623
1.238
1.007
1.171
0.748
0.615
0.661
0.867
0.837
0.846
0.371
0.434
0.333
1.008
0.916
0.984
0.412
0.466
0.372
1.050
0.916
1.037
0.403
0.453
0.392
1.102
0.952
1.082
0.513
0.507
0.481
0.901
0.757
0.843
0.415
0.350
0.329
1.040
0.848
0.982
0.464
0.371
0.370
1.098
0.830
1.026
0.497
0.357
0.390
1.155
0.890
1.070
0.571
0.424
0.475
0.849
0.818
0.829
0.383
0.440
0.361
0.966
0.877
0.954
0.398
0.453
0.386
1.022
0.894
1.015
0.411
0.461
0.414
1.058
0.918
1.042
0.495
0.507
0.484
0.920
0.859
0.885
0.459
0.430
0.404
1.049
0.935
1.008
0.520
0.464
0.451
1.099
0.937
1.059
0.555
0.465
0.482
1.115
0.960
1.066
0.587
0.489
0.512
0.846
0.792
0.829
0.360
0.392
0.334
0.979
0.874
0.960
0.394
0.405
0.357
1.020
0.867
1.014
0.397
0.396
0.376
1.031
0.881
1.019
0.466
0.425
0.421
1.018
0.908
0.971
0.499
0.449
0.430
1.183
1.014
1.130
0.588
0.498
0.503
1.246
1.015
1.198
0.603
0.479
0.517
1.257
1.025
1.199
0.633
0.499
0.549
0.934
0.888
0.922
0.430
0.489
0.425
1.089
0.987
1.073
0.485
0.527
0.472
1.127
0.984
1.135
0.487
0.523
0.491
1.142
0.997
1.145
0.539
0.542
0.533
0.989
0.884
0.950
0.484
0.429
0.420
1.135
0.970
1.092
0.571
0.488
0.493
1.203
0.980
1.157
0.580
0.456
0.500
1.185
0.970
1.141
0.609
0.476
0.533
0.845
0.798
0.836
0.347
0.389
0.328
0.982
0.877
0.974
0.392
0.414
0.366
1.020
0.882
1.024
0.379
0.409
0.382
1.026
0.891
1.034
0.447
0.433
0.427
0.922
0.809
0.882
0.456
0.412
0.396
1.066
0.894
1.021
0.520
0.444
0.439
1.132
0.899
1.084
0.558
0.439
0.474
1.129
0.885
1.071
0.578
0.447
0.492
0.931
0.877
0.918
0.420
0.452
0.399
1.063
0.958
1.049
0.464
0.472
0.426
1.111
0.962
1.101
0.480
0.479
0.461
1.128
0.972
1.123
0.535
0.508
0.509
1.064
0.946
1.011
0.594
0.532
0.505
1.227
1.043
1.164
0.689
0.592
0.576
1.314
1.066
1.250
0.727
0.583
0.620
1.306
1.048
1.220
0.732
0.577
0.620
0.891
0.853
0.872
0.394
0.431
0.358
1.025
0.929
1.004
0.444
0.457
0.390
1.077
0.933
1.064
0.454
0.455
0.424
1.089
0.939
1.070
0.518
0.487
0.468
1.036
0.908
0.988
0.541
0.482
0.469
1.187
0.999
1.136
0.620
0.530
0.531
1.269
1.014
1.211
0.643
0.511
0.548
1.266
1.017
1.206
0.679
0.539
0.588
0.858
0.809
0.845
0.369
0.404
0.348
0.983
0.878
0.970
0.404
0.422
0.373
1.030
0.877
1.027
0.408
0.421
0.395
1.036
0.881
1.037
0.468
0.449
0.441
0.971
0.847
0.933
0.559
0.509
0.499
1.134
0.956
1.088
0.644
0.554
0.563
1.183
0.929
1.142
0.634
0.511
0.562
1.177
0.943
1.129
0.638
0.509
0.566
0.850
0.798
0.845
0.368
0.429
0.367
1.007
0.898
0.992
0.419
0.448
0.402
1.017
0.879
1.043
0.391
0.460
0.425
1.044
0.900
1.051
0.480
0.482
0.474
1.106
0.996
1.057
0.632
0.582
0.566
1.263
1.096
1.213
0.721
0.645
0.645
1.308
1.078
1.255
0.735
0.616
0.654
1.312
1.088
1.250
0.750
0.627
0.675
0.881
0.834
0.861
0.390
0.418
0.354
1.014
0.920
0.998
0.441
0.450
0.401
1.040
0.893
1.035
0.430
0.436
0.407
1.051
0.911
1.039
0.479
0.453
0.442
0.996
0.886
0.949
0.590
0.540
0.518
1.154
0.987
1.100
0.680
0.603
0.594
1.218
0.976
1.162
0.701
0.571
0.612
1.221
0.987
1.153
0.727
0.594
0.644
0.858
0.817
0.839
0.373
0.421
0.348
1.003
0.902
0.980
0.422
0.452
0.389
1.038
0.891
1.031
0.415
0.437
0.404
1.065
0.921
1.051
0.499
0.483
0.468
0.906
0.749
0.848
0.414
0.339
0.334
1.050
0.835
0.987
0.472
0.364
0.378
1.102
0.816
1.035
0.500
0.347
0.397
1.139
0.860
1.054
0.551
0.399
0.453
0.850
0.816
0.834
0.386
0.430
0.366
0.963
0.874
0.956
0.409
0.438
0.394
1.018
0.884
1.022
0.423
0.447
0.422
1.033
0.906
1.032
0.487
0.484
0.474
0.903
0.822
0.863
0.453
0.406
0.393
1.047
0.910
0.992
0.549
0.473
0.468
1.081
0.907
1.031
0.564
0.452
0.490
1.101
0.933
1.026
0.600
0.485
0.520
0.828
0.750
0.804
0.338
0.340
0.304
0.974
0.843
0.940
0.405
0.390
0.360
1.008
0.836
0.987
0.393
0.355
0.364
1.010
0.857
0.969
0.463
0.403
0.416
0.979
0.848
0.923
0.500
0.432
0.416
1.157
0.967
1.088
0.623
0.520
0.516
1.187
0.946
1.130
0.615
0.477
0.514
1.197
0.966
1.115
0.643
0.498
0.544
0.910
0.836
0.889
0.414
0.438
0.395
1.075
0.943
1.042
0.498
0.510
0.466
1.101
0.935
1.091
0.479
0.477
0.468
1.125
0.972
1.097
0.543
0.518
0.523
0.941
0.826
0.892
0.490
0.424
0.406
1.091
0.921
1.033
0.583
0.488
0.474
1.141
0.915
1.080
0.594
0.462
0.491
1.125
0.921
1.054
0.610
0.476
0.511
0.828
0.754
0.804
0.347
0.349
0.302
0.970
0.844
0.940
0.419
0.403
0.359
0.997
0.837
0.977
0.401
0.380
0.367
1.005
0.858
0.977
0.473
0.422
0.424
0.895
0.757
0.844
0.444
0.375
0.363
1.043
0.849
0.983
0.535
0.439
0.432
1.092
0.846
1.032
0.553
0.408
0.451
1.083
0.835
0.998
0.572
0.422
0.469
0.912
0.830
0.889
0.403
0.409
0.374
1.053
0.923
1.026
0.472
0.462
0.426
1.092
0.924
1.068
0.470
0.441
0.446
1.116
0.951
1.085
0.530
0.484
0.500
1.013
0.871
0.954
0.579
0.497
0.475
1.179
0.973
1.105
0.698
0.582
0.561
1.244
0.981
1.169
0.717
0.554
0.592
1.234
0.978
1.128
0.726
0.562
0.596
0.874
0.801
0.848
0.399
0.401
0.352
1.016
0.892
0.986
0.480
0.464
0.410
1.064
0.894
1.035
0.480
0.438
0.431
1.072
0.913
1.025
0.545
0.484
0.476
0.977
0.833
0.920
0.498
0.428
0.407
1.139
0.938
1.071
0.592
0.494
0.480
1.196
0.934
1.123
0.600
0.460
0.487
1.198
0.954
1.109
0.637
0.495
0.529
0.832
0.753
0.808
0.356
0.355
0.312
0.966
0.834
0.933
0.419
0.405
0.361
1.003
0.828
0.979
0.411
0.383
0.373
1.012
0.851
0.977
0.470
0.420
0.423
0.938
0.804
0.889
0.539
0.469
0.464
1.110
0.917
1.051
0.644
0.537
0.539
1.122
0.873
1.072
0.618
0.478
0.530
1.112
0.889
1.040
0.620
0.480
0.532
0.830
0.751
0.810
0.356
0.383
0.340
1.002
0.865
0.964
0.445
0.445
0.405
0.999
0.833
0.996
0.401
0.416
0.410
1.013
0.863
0.980
0.487
0.459
0.459
1.050
0.924
0.995
0.602
0.536
0.516
1.211
1.028
1.148
0.715
0.621
0.610
1.243
1.003
1.177
0.699
0.568
0.603
1.247
1.026
1.163
0.715
0.581
0.624
0.855
0.774
0.825
0.372
0.359
0.313
0.997
0.869
0.962
0.449
0.422
0.382
1.015
0.839
0.990
0.426
0.383
0.381
1.028
0.873
0.982
0.479
0.418
0.424
0.967
0.853
0.912
0.534
0.468
0.450
1.119
0.944
1.054
0.647
0.551
0.538
1.170
0.932
1.101
0.652
0.508
0.547
1.157
0.940
1.070
0.669
0.529
0.569
0.877
0.810
0.843
0.362
0.371
0.319
1.016
0.892
0.978
0.439
0.436
0.385
1.050
0.886
1.022
0.422
0.399
0.388
1.058
0.909
1.014
0.512
0.469
0.466
0.883
0.723
0.822
0.405
0.323
0.310
1.040
0.817
0.963
0.493
0.378
0.378
1.061
0.778
0.990
0.507
0.345
0.385
1.105
0.838
1.005
0.563
0.403
0.448
0.818
0.752
0.797
0.367
0.379
0.329
0.947
0.829
0.922
0.424
0.425
0.381
0.982
0.826
0.967
0.428
0.412
0.401
1.012
0.869
0.977
0.492
0.467
0.458
0.795
0.733
0.758
0.402
0.372
0.357
0.928
0.806
0.875
0.490
0.433
0.428
0.941
0.792
0.893
0.499
0.408
0.436
0.977
0.833
0.910
0.545
0.440
0.478
0.695
0.662
0.681
0.279
0.304
0.268
0.823
0.728
0.796
0.338
0.352
0.317
0.827
0.711
0.813
0.326
0.317
0.308
0.852
0.748
0.827
0.399
0.355
0.370
0.846
0.747
0.797
0.427
0.379
0.375
1.007
0.844
0.942
0.541
0.455
0.466
1.022
0.825
0.961
0.524
0.408
0.447
1.045
0.850
0.971
0.567
0.435
0.495
0.777
0.747
0.765
0.351
0.395
0.353
0.928
0.833
0.901
0.429
0.471
0.423
0.929
0.819
0.921
0.407
0.427
0.406
0.960
0.855
0.947
0.476
0.464
0.473
0.827
0.745
0.784
0.434
0.386
0.382
0.969
0.820
0.915
0.532
0.452
0.459
0.996
0.811
0.939
0.531
0.417
0.455
1.000
0.827
0.936
0.565
0.435
0.493
0.695
0.666
0.681
0.283
0.310
0.269
0.822
0.731
0.801
0.345
0.362
0.319
0.825
0.720
0.812
0.326
0.331
0.310
0.845
0.745
0.829
0.394
0.362
0.370
0.770
0.672
0.724
0.370
0.326
0.319
0.905
0.742
0.847
0.457
0.382
0.382
0.932
0.735
0.869
0.472
0.357
0.391
0.940
0.735
0.862
0.507
0.374
0.428
0.767
0.729
0.747
0.332
0.352
0.317
0.892
0.794
0.865
0.392
0.399
0.361
0.900
0.782
0.879
0.392
0.375
0.367
0.931
0.808
0.907
0.459
0.420
0.436
0.885
0.784
0.836
0.483
0.425
0.415
1.035
0.862
0.970
0.592
0.498
0.493
1.080
0.866
1.008
0.598
0.464
0.502
1.089
0.877
0.995
0.633
0.484
0.537
0.741
0.721
0.726
0.332
0.357
0.310
0.863
0.779
0.840
0.402
0.413
0.360
0.880
0.772
0.858
0.398
0.383
0.364
0.910
0.805
0.876
0.467
0.425
0.424
0.864
0.754
0.812
0.434
0.383
0.374
1.006
0.833
0.941
0.527
0.446
0.447
1.045
0.829
0.972
0.526
0.409
0.438
1.058
0.851
0.975
0.578
0.445
0.498
0.708
0.674
0.690
0.295
0.316
0.276
0.827
0.734
0.801
0.354
0.366
0.323
0.841
0.726
0.822
0.346
0.342
0.320
0.858
0.747
0.835
0.408
0.375
0.382
0.809
0.709
0.768
0.461
0.417
0.414
0.967
0.805
0.912
0.553
0.470
0.480
0.963
0.758
0.917
0.528
0.413
0.460
0.971
0.782
0.908
0.543
0.417
0.477
0.693
0.664
0.686
0.297
0.346
0.299
0.844
0.748
0.816
0.365
0.398
0.353
0.815
0.717
0.831
0.325
0.373
0.347
0.849
0.750
0.833
0.414
0.400
0.405
0.924
0.836
0.878
0.510
0.465
0.457
1.065
0.909
1.005
0.604
0.532
0.534
1.087
0.892
1.023
0.600
0.492
0.527
1.100
0.918
1.026
0.637
0.514
0.568
0.728
0.692
0.705
0.308
0.321
0.280
0.847
0.753
0.816
0.373
0.376
0.336
0.851
0.735
0.827
0.358
0.343
0.327
0.870
0.766
0.835
0.416
0.371
0.381
0.821
0.735
0.776
0.467
0.423
0.417
0.975
0.822
0.916
0.568
0.493
0.494
0.991
0.789
0.928
0.564
0.444
0.485
1.018
0.827
0.940
0.591
0.462
0.518
0.710
0.684
0.690
0.295
0.324
0.281
0.849
0.756
0.817
0.364
0.382
0.336
0.843
0.732
0.826
0.345
0.347
0.328
0.889
0.782
0.859
0.432
0.399
0.406
0.750
0.626
0.696
0.337
0.282
0.278
0.895
0.706
0.827
0.418
0.328
0.339
0.904
0.669
0.832
0.424
0.294
0.330
0.949
0.727
0.858
0.487
0.349
0.402
0.696
0.669
0.681
0.309
0.336
0.294
0.813
0.726
0.790
0.359
0.378
0.339
0.827
0.721
0.815
0.362
0.363
0.347
0.853
0.756
0.830
0.428
0.406
0.409
0.890
0.829
0.862
0.455
0.429
0.406
1.018
0.916
0.979
0.540
0.493
0.473
1.059
0.917
1.032
0.564
0.482
0.513
1.087
0.940
1.039
0.605
0.523
0.548
0.825
0.773
0.815
0.340
0.384
0.329
0.953
0.864
0.936
0.393
0.426
0.369
0.990
0.860
0.995
0.404
0.421
0.411
1.006
0.880
0.999
0.470
0.455
0.452
0.990
0.880
0.948
0.522
0.477
0.459
1.141
0.990
1.091
0.625
0.553
0.549
1.193
0.986
1.157
0.647
0.536
0.581
1.212
1.000
1.152
0.672
0.558
0.604
0.909
0.863
0.901
0.429
0.497
0.430
1.055
0.966
1.037
0.505
0.565
0.494
1.096
0.976
1.111
0.505
0.564
0.535
1.116
0.990
1.115
0.560
0.589
0.568
0.960
0.864
0.923
0.527
0.482
0.462
1.091
0.954
1.049
0.623
0.550
0.537
1.150
0.957
1.113
0.646
0.535
0.580
1.145
0.956
1.099
0.671
0.557
0.607
0.830
0.785
0.822
0.345
0.391
0.328
0.958
0.874
0.947
0.406
0.442
0.373
0.992
0.879
1.002
0.404
0.446
0.423
1.005
0.889
1.008
0.481
0.481
0.469
0.889
0.776
0.853
0.424
0.383
0.367
1.017
0.861
0.975
0.500
0.442
0.426
1.085
0.872
1.047
0.542
0.433
0.477
1.085
0.855
1.026
0.568
0.454
0.500
0.898
0.845
0.888
0.432
0.477
0.417
1.025
0.936
1.010
0.492
0.524
0.459
1.080
0.951
1.077
0.510
0.532
0.515
1.102
0.962
1.094
0.570
0.568
0.562
1.037
0.925
0.992
0.577
0.523
0.497
1.178
1.015
1.122
0.674
0.594
0.570
1.254
1.031
1.205
0.710
0.579
0.625
1.256
1.021
1.178
0.721
0.591
0.636
0.870
0.837
0.858
0.386
0.430
0.362
0.995
0.917
0.980
0.456
0.488
0.413
1.043
0.922
1.043
0.474
0.486
0.468
1.057
0.932
1.043
0.534
0.522
0.507
0.999
0.872
0.956
0.521
0.467
0.456
1.134
0.971
1.090
0.608
0.538
0.531
1.210
0.981
1.163
0.638
0.519
0.566
1.218
0.989
1.156
0.670
0.550
0.603
0.836
0.787
0.827
0.361
0.403
0.349
0.954
0.871
0.944
0.417
0.455
0.394
1.003
0.875
1.007
0.426
0.456
0.436
1.011
0.880
1.011
0.483
0.484
0.476
0.949
0.827
0.914
0.555
0.505
0.504
1.105
0.946
1.060
0.651
0.574
0.580
1.142
0.912
1.110
0.657
0.540
0.604
1.132
0.922
1.083
0.637
0.525
0.588
0.840
0.786
0.837
0.365
0.440
0.383
0.996
0.900
0.976
0.442
0.498
0.440
1.001
0.882
1.031
0.420
0.511
0.480
1.025
0.901
1.027
0.496
0.522
0.514
1.100
0.995
1.061
0.650
0.603
0.588
1.249
1.102
1.206
0.761
0.694
0.686
1.294
1.088
1.256
0.771
0.664
0.712
1.296
1.095
1.242
0.776
0.668
0.722
0.873
0.824
0.862
0.396
0.427
0.369
1.005
0.924
0.994
0.471
0.494
0.439
1.032
0.907
1.038
0.469
0.481
0.466
1.042
0.925
1.036
0.510
0.497
0.495
0.971
0.872
0.932
0.591
0.545
0.530
1.107
0.964
1.060
0.690
0.621
0.610
1.165
0.952
1.121
0.719
0.599
0.652
1.164
0.958
1.103
0.724
0.609
0.662
0.853
0.812
0.840
0.365
0.417
0.353
0.987
0.904
0.969
0.432
0.476
0.408
1.019
0.896
1.022
0.429
0.466
0.445
1.052
0.927
1.040
0.512
0.516
0.505
0.876
0.725
0.824
0.401
0.334
0.330
1.009
0.820
0.951
0.468
0.378
0.385
1.056
0.796
1.003
0.504
0.366
0.425
1.105
0.854
1.025
0.557
0.431
0.480
0.819
0.781
0.811
0.377
0.425
0.372
0.932
0.857
0.926
0.422
0.467
0.417
0.979
0.868
0.991
0.443
0.481
0.468
1.001
0.892
0.998
0.507
0.525
0.513
