1.441
1.547
1.439
2.938
3.056
2.978
1.085
1.316
1.169
1.393
1.427
1.394
1.029
1.110
0.784
1.069
1.181
1.182
0.993
1.170
0.990
3.568
3.577
3.480
2.006
2.104
2.027
1.593
1.709
1.648
1.788
1.960
1.818
0.737
0.879
0.826
1.167
1.246
1.215
1.539
1.688
1.612
1.765
1.838
1.836
0.764
0.967
1.415
0.788
1.003
0.921
1.417
1.496
1.456
2.063
2.451
2.565
1.188
1.419
1.382
1.010
1.162
1.023
2.322
2.397
2.315
2.943
3.015
2.948
2.201
2.401
2.322
0.959
1.183
1.135
1.402
1.426
1.387
1.114
1.194
1.108
1.039
1.262
1.104
1.689
1.928
2.049
1.364
1.596
1.492
1.703
1.970
1.707
2.176
2.399
2.225
1.862
1.916
1.821
1.604
1.871
1.750
2.211
2.342
2.268
1.812
2.055
1.675
1.439
1.590
1.489
1.334
1.323
1.265
1.204
1.477
1.371
1.398
1.355
1.228
0.865
1.177
0.991
0.823
0.977
0.829
2.180
2.150
2.057
0.885
1.235
1.006
1.706
1.925
1.758
1.599
1.790
1.643
1.551
1.775
1.712
0.804
1.044
0.865
1.700
1.893
1.751
2.513
2.555
2.536
2.224
2.402
2.194
2.356
2.531
2.414
1.538
1.553
1.479
0.973
0.998
0.923
1.497
1.712
1.628
1.413
1.681
1.326
0.942
1.085
1.013
1.498
1.628
1.282
0.931
1.125
1.025
2.833
2.957
2.867
2.388
2.388
2.330
2.449
2.534
2.430
1.325
1.622
1.496
2.247
2.228
2.132
0.616
1.018
0.682
2.527
2.724
2.644
2.713
2.799
2.647
1.231
1.312
1.123
1.182
1.505
1.279
0.851
0.919
0.845
0.851
0.990
0.895
1.447
1.567
1.499
2.286
2.414
2.366
1.621
1.763
1.649
0.947
0.967
0.989
1.002
1.156
1.078
1.926
2.057
2.053
1.978
2.288
2.220
2.231
2.318
2.286
1.202
1.310
1.244
0.827
0.884
0.460
1.196
1.286
1.094
1.905
1.826
1.758
3.369
3.486
3.403
0.759
0.897
0.825
1.841
1.999
1.925
1.060
1.193
0.997
1.745
1.819
1.821
0.616
1.024
0.823
1.182
1.334
1.248
1.084
1.210
1.163
1.436
1.547
1.388
2.709
2.735
2.699
2.698
2.830
2.737
1.622
1.711
1.671
2.109
2.219
2.150
2.162
2.200
2.174
0.964
1.062
0.943
2.194
2.290
2.190
0.890
1.266
0.961
0.594
0.899
0.613
1.775
1.868
1.781
1.527
1.619
1.568
1.779
1.901
1.851
1.130
1.377
1.224
1.414
1.451
1.429
2.360
2.616
2.500
1.047
1.145
1.066
1.400
1.459
1.447
0.878
0.971
0.925
1.441
1.627
1.514
1.534
1.813
1.829
1.837
1.945
1.908
1.090
1.207
1.124
0.863
1.151
1.002
1.823
1.953
1.928
0.689
0.970
0.703
1.567
1.688
1.616
1.019
1.143
1.060
1.314
1.353
1.314
0.875
1.078
1.064
0.989
0.931
0.966
2.336
2.436
2.372
2.649
2.988
2.645
3.137
3.192
3.114
1.551
1.692
1.618
2.614
2.697
2.666
2.113
2.270
2.127
1.347
1.451
1.414
1.922
2.079
2.002
1.713
1.736
1.748
1.554
1.649
1.519
1.365
1.651
1.438
1.733
1.909
1.780
1.675
1.744
1.659
2.043
2.090
1.995
2.307
2.410
2.341
0.596
0.778
0.705
1.919
2.064
1.883
1.564
1.978
1.905
1.794
1.830
1.723
1.637
2.081
1.860
1.364
1.596
1.492
2.636
2.839
2.679
2.702
2.787
2.837
1.899
2.089
1.971
0.571
0.796
0.620
1.157
1.292
1.162
1.560
1.713
1.617
1.011
1.029
0.913
1.203
1.182
1.073
1.896
1.829
1.731
1.420
1.513
1.434
1.956
2.043
1.958
1.239
1.233
1.080
1.845
1.994
1.959
0.852
1.141
0.891
1.767
1.868
1.786
1.243
1.348
1.289
1.207
1.581
1.325
1.486
1.587
1.506
0.972
1.189
1.045
1.845
1.914
1.945
2.190
2.360
2.304
1.410
1.479
1.300
0.805
0.815
0.795
1.179
1.257
1.214
0.814
0.875
0.834
1.437
1.510
1.471
2.181
2.269
2.215
1.350
1.585
1.501
1.414
1.474
1.436
1.420
1.518
1.432
0.904
0.931
0.894
1.599
1.700
1.621
1.649
1.836
1.726
1.292
1.509
1.445
0.827
1.124
0.974
2.286
2.592
2.450
2.230
2.318
2.248
1.035
1.036
0.946
1.626
1.530
1.336
2.466
2.524
2.499
1.389
1.704
1.521
2.686
2.734
2.696
1.866
1.985
1.962
1.471
1.547
1.520
2.182
2.243
2.091
1.703
2.217
1.821
0.411
0.505
0.424
0.959
1.013
1.002
0.877
1.069
0.910
2.152
2.327
2.210
0.683
0.997
0.726
0.976
1.111
1.368
0.829
1.860
0.805
0.789
1.035
0.925
0.647
1.132
0.852
1.841
1.891
1.788
1.436
1.422
1.387
1.784
1.896
1.798
1.124
1.193
1.009
2.792
2.920
2.964
1.897
1.992
2.025
1.457
1.653
1.557
1.082
1.410
1.286
0.653
1.236
1.059
0.807
1.006
0.957
2.186
2.230
2.144
1.741
1.819
1.731
2.250
2.818
2.132
1.487
1.589
1.313
1.135
1.265
1.098
1.437
1.477
1.432
0.979
1.303
1.043
1.499
1.614
1.573
1.252
1.425
1.857
1.730
1.799
1.700
0.883
1.221
1.012
2.804
2.940
2.878
2.252
2.469
2.339
1.835
1.950
1.823
1.599
1.658
1.484
1.810
1.842
1.726
0.744
0.772
0.748
0.664
0.843
0.735
1.249
1.405
1.346
1.037
1.145
1.064
2.623
2.700
2.648
1.317
1.535
1.383
1.753
1.963
1.877
1.229
1.297
1.180
1.515
1.665
1.566
0.985
1.076
0.968
0.817
0.986
0.740
0.988
1.216
1.071
0.936
1.072
0.989
1.731
1.713
1.692
1.410
1.661
1.392
1.085
1.105
1.073
1.791
1.873
1.868
0.924
1.027
0.992
0.963
1.205
1.063
1.503
1.506
1.377
2.065
2.247
2.195
0.836
1.031
0.968
2.178
2.270
2.247
1.090
1.136
0.828
1.766
1.860
1.839
1.491
1.582
1.439
1.281
1.574
1.536
2.025
2.163
2.033
1.170
1.311
1.188
0.951
0.904
0.864
1.635
1.559
1.605
2.024
2.128
2.061
1.585
1.652
1.650
1.488
1.718
1.563
1.491
1.591
1.509
2.952
3.063
3.072
1.358
1.446
1.368
2.025
2.090
1.922
0.738
0.961
0.850
1.745
1.836
1.748
1.380
1.507
1.432
2.113
2.353
2.234
2.010
2.188
2.117
1.713
1.813
1.710
0.505
0.637
0.519
2.140
2.343
2.243
1.517
1.696
1.641
1.575
1.764
1.563
1.151
1.853
1.215
1.060
1.213
1.103
1.125
1.501
1.363
0.841
1.118
0.968
0.444
0.676
0.564
0.831
0.872
0.810
1.921
2.030
1.973
1.030
1.139
1.078
1.030
1.161
1.087
1.291
1.576
1.490
1.830
1.891
1.808
1.463
1.555
1.434
0.496
0.603
0.545
0.896
1.133
1.028
0.661
0.783
0.705
2.270
2.365
2.338
1.727
1.837
1.817
2.538
2.600
2.534
0.698
0.806
0.727
0.932
1.067
1.002
2.809
2.934
2.914
1.708
1.972
1.744
3.301
3.390
3.429
1.162
1.251
1.133
1.331
1.606
1.434
0.885
1.036
0.835
0.965
1.271
1.107
0.941
1.049
0.982
0.667
0.796
0.764
1.882
2.036
1.820
1.245
1.380
1.239
0.918
0.912
0.949
2.343
2.379
2.378
1.168
1.415
1.158
1.063
1.164
1.098
0.698
0.838
0.777
1.110
1.282
1.206
0.667
0.792
0.771
1.104
1.370
1.222
1.453
1.521
1.484
2.446
2.522
2.418
1.786
1.818
1.775
2.169
2.289
2.237
1.458
1.566
1.487
1.006
1.164
0.957
1.652
1.828
1.587
2.003
2.147
2.085
1.691
1.920
1.745
2.125
2.261
2.104
1.413
1.579
1.519
0.813
1.054
0.923
2.110
2.137
1.872
1.204
1.346
1.252
1.175
1.300
1.253
2.743
2.922
2.845
1.346
1.523
1.328
2.653
2.703
2.590
1.456
1.618
1.364
1.973
2.044
1.999
0.965
1.125
0.994
2.897
2.957
2.920
1.165
1.280
1.182
1.272
1.305
1.221
1.796
1.854
1.797
1.458
1.791
1.536
1.253
1.303
1.243
0.988
1.010
1.007
1.661
1.663
1.935
1.169
1.276
1.115
0.678
0.721
0.713
1.644
1.795
1.563
1.935
1.985
2.018
1.615
1.596
1.459
0.858
0.931
0.889
2.573
2.736
2.685
2.174
2.307
2.239
2.170
2.295
2.225
1.042
1.169
1.079
0.788
1.125
0.834
1.057
1.283
1.182
2.893
3.004
2.944
1.731
1.785
1.594
0.734
0.738
0.652
0.985
1.093
0.978
0.934
1.284
0.800
0.955
0.969
0.930
1.365
1.447
1.397
1.289
1.550
1.292
1.884
2.027
2.009
1.618
1.788
1.757
2.863
2.925
2.895
3.034
3.291
3.102
1.766
1.769
1.751
0.866
1.010
0.815
1.002
1.174
1.038
2.580
2.789
2.633
2.044
2.094
2.052
2.374
2.431
2.379
1.662
1.537
1.545
1.514
1.777
1.547
1.155
1.691
1.332
1.316
1.484
1.348
1.208
1.619
1.018
1.637
1.684
1.513
1.302
1.412
1.343
1.946
2.194
1.948
1.419
1.445
1.405
1.414
1.493
1.454
1.586
1.717
1.645
1.161
1.402
1.375
0.887
1.332
1.017
1.651
1.855
1.757
1.902
1.943
1.920
2.125
2.305
2.205
2.452
2.456
2.468
1.967
2.208
1.922
1.665
1.707
1.675
1.183
1.455
1.413
2.463
2.472
2.365
1.553
1.680
1.580
2.016
2.022
1.998
2.353
2.396
2.339
0.920
1.051
0.969
1.323
1.453
1.409
1.361
1.395
1.369
1.025
1.197
1.062
0.969
1.180
1.065
0.718
1.172
0.902
1.179
1.412
1.389
1.047
1.163
1.153
2.410
2.580
2.347
1.487
1.558
1.545
2.039
2.287
2.145
1.484
2.263
1.777
1.497
1.547
1.529
1.283
1.355
1.330
2.153
2.422
2.106
1.342
1.700
1.373
1.267
1.513
1.391
0.996
1.057
0.940
0.969
1.024
1.045
1.151
1.535
1.277
1.221
1.530
1.301
1.021
1.044
0.972
1.607
1.815
1.724
1.397
1.537
1.465
0.753
0.854
0.724
0.880
1.004
0.904
1.247
1.312
1.296
1.192
1.339
1.242
0.941
1.245
1.145
1.226
1.508
1.366
1.384
1.419
1.266
0.797
1.147
0.958
2.636
2.696
2.564
1.215
1.386
1.325
1.151
1.844
1.368
1.100
1.168
1.102
0.563
0.601
0.607
1.086
1.292
1.148
1.070
1.268
1.149
0.646
0.788
0.727
1.042
1.276
1.110
1.382
1.506
1.446
1.673
1.720
1.624
1.242
1.380
1.264
1.107
1.273
1.192
0.879
0.854
0.246
1.456
1.521
1.465
1.571
1.734
1.605
0.888
1.042
0.970
1.202
1.689
1.488
1.781
1.888
1.829
1.929
2.072
1.851
3.037
3.198
3.100
0.639
0.765
0.658
0.822
0.866
0.854
0.681
0.758
0.683
1.056
1.194
1.177
1.056
1.294
1.173
1.279
1.533
1.375
1.720
1.852
1.751
1.167
1.491
1.328
1.627
1.734
1.653
1.690
1.824
1.729
1.399
1.500
1.391
2.291
2.344
2.342
1.858
1.888
1.765
1.425
1.531
1.457
1.492
1.600
1.549
1.899
2.075
1.969
1.198
1.350
1.217
1.071
1.226
1.000
1.865
1.906
1.863
3.148
3.209
2.818
2.191
2.301
2.295
0.655
0.630
0.544
2.201
2.281
2.240
1.769
1.675
1.684
1.632
1.798
1.575
1.278
1.367
1.263
1.415
1.584
1.469
1.570
1.704
1.506
2.422
2.486
2.433
1.691
1.762
1.754
2.270
2.347
2.265
0.951
1.316
1.038
1.520
1.644
1.456
1.125
1.291
1.212
1.882
2.039
2.033
1.955
1.996
1.826
1.031
1.025
0.857
1.691
1.735
1.700
1.189
1.316
1.171
1.504
1.661
1.513
2.611
2.497
2.424
1.529
1.565
1.566
1.198
1.420
1.263
1.692
1.777
1.688
0.863
1.141
1.002
1.706
1.795
1.591
1.072
1.166
1.090
1.004
1.256
1.027
1.818
2.031
1.880
3.291
3.316
3.213
0.460
0.711
0.516
0.613
1.390
0.902
1.756
1.756
1.627
1.921
2.051
1.912
1.378
1.488
1.398
1.669
2.412
1.633
2.100
2.534
2.087
1.564
1.720
1.580
0.443
0.561
0.499
2.014
2.345
2.016
1.686
1.902
1.755
0.753
0.972
0.910
0.714
0.760
0.699
2.658
2.785
2.619
1.590
1.738
2.016
0.992
1.356
1.429
1.391
1.522
1.311
1.844
2.173
1.974
1.075
1.162
1.158
0.850
1.127
1.158
1.148
1.327
1.246
1.068
1.206
1.149
0.878
1.047
0.945
1.255
1.394
1.266
1.741
1.893
1.739
1.910
2.188
1.753
2.715
2.831
2.773
1.643
2.260
2.256
1.319
1.498
1.358
1.851
1.926
1.771
1.154
1.497
1.334
1.296
1.453
1.329
1.404
1.602
1.420
1.688
1.809
1.676
1.104
1.479
1.354
2.551
2.622
2.557
1.674
1.726
1.721
0.694
0.869
0.759
2.385
2.491
2.447
1.671
1.718
1.654
2.126
2.196
2.229
1.549
1.750
1.409
1.114
1.328
1.248
1.273
1.367
1.302
1.240
1.469
1.305
1.776
1.921
1.829
2.183
2.216
2.153
1.920
2.101
1.919
0.936
1.158
1.001
1.338
1.508
1.428
0.843
1.073
0.974
0.497
0.709
0.586
0.948
1.159
1.023
2.120
2.317
2.257
1.611
1.739
1.678
0.863
1.069
0.940
0.968
1.096
1.022
1.339
1.628
1.356
1.405
1.759
1.577
1.372
1.592
1.472
1.290
1.323
1.291
1.218
1.294
1.287
1.369
1.519
1.442
1.377
1.480
1.382
1.402
1.529
1.418
1.545
1.596
1.585
0.876
0.913
0.891
1.915
2.026
1.914
1.804
1.915
1.858
1.550
1.693
1.670
1.638
1.751
1.622
2.317
2.551
2.333
1.253
1.404
1.212
0.976
1.440
1.059
0.976
1.239
1.154
2.885
3.082
3.057
0.846
0.985
0.913
1.102
1.174
1.203
0.971
1.125
0.972
1.769
1.855
1.856
1.333
1.232
1.213
1.262
1.337
1.270
0.939
0.894
0.928
0.738
0.750
0.645
0.708
1.089
0.801
0.650
0.734
0.657
1.103
1.196
1.182
3.042
3.043
3.043
1.806
1.965
1.853
2.908
3.079
2.939
1.109
1.302
1.111
1.162
1.213
1.159
1.990
2.012
1.829
1.823
2.273
1.848
1.896
2.022
1.881
1.184
1.292
1.272
1.217
1.446
1.242
1.904
2.032
1.952
0.505
0.678
1.003
1.545
1.530
1.514
2.861
3.120
2.762
1.369
1.534
1.305
1.812
1.788
1.800
1.156
1.323
1.705
3.015
3.104
3.062
1.532
1.722
1.681
2.551
2.621
2.439
0.794
0.986
0.871
0.591
0.735
0.603
1.486
1.562
1.491
3.732
3.791
3.751
1.545
1.630
1.552
2.082
2.259
2.052
0.473
0.478
0.407
0.812
1.127
0.875
2.305
2.640
2.583
1.298
1.592
1.510
1.188
1.292
1.189
1.591
1.739
1.600
1.084
1.156
1.099
1.239
1.313
1.244
1.568
1.649
1.620
2.368
2.388
2.352
1.948
2.164
1.892
1.118
1.193
1.133
0.843
0.926
0.859
2.113
2.456
2.155
2.113
2.366
2.155
2.113
2.367
2.155
1.183
1.222
1.171
1.512
1.654
1.624
1.756
1.829
1.736
0.971
1.049
0.799
0.379
0.789
0.557
1.368
1.522
1.411
1.953
2.067
1.989
1.429
1.592
1.440
0.856
1.003
0.758
1.989
2.136
1.909
1.277
1.363
1.289
0.852
1.096
1.082
1.528
1.826
1.693
1.235
1.422
1.309
1.189
1.289
1.235
1.238
1.319
1.279
1.097
1.294
1.202
1.901
2.090
1.864
2.123
2.113
1.907
1.705
1.803
1.684
2.486
2.702
2.528
1.293
1.299
1.256
1.991
1.977
1.988
1.809
1.843
1.906
1.809
1.843
1.906
1.041
1.409
1.068
2.075
2.080
1.864
0.907
1.252
0.956
0.907
1.244
0.956
1.987
2.208
2.103
0.888
1.021
0.967
1.575
1.847
1.501
2.466
2.501
2.427
0.827
0.960
0.843
1.215
1.432
1.277
1.211
1.329
1.308
1.265
1.342
1.066
2.425
2.519
2.449
1.426
1.522
1.467
2.763
3.049
2.810
1.909
2.039
1.930
1.449
1.590
1.451
1.856
1.933
1.787
1.372
1.440
1.377
1.003
1.283
1.100
1.212
1.312
1.087
1.250
1.305
1.131
1.335
1.374
1.315
1.285
1.357
1.322
1.358
1.561
1.501
0.881
1.008
0.914
1.293
1.497
1.269
1.636
1.751
1.686
0.757
1.029
0.829
1.422
1.570
1.385
2.021
2.066
2.032
0.902
1.192
1.087
0.833
0.917
0.837
0.943
1.101
1.052
0.854
1.141
1.038
1.065
1.386
1.154
1.091
1.332
1.121
1.540
1.562
1.536
2.226
2.328
2.217
0.864
0.964
0.889
1.920
2.144
2.054
2.057
2.114
1.971
0.994
1.192
1.051
0.986
1.108
1.019
1.915
2.085
1.971
2.049
2.088
2.089
1.681
1.785
1.596
0.796
0.930
0.759
0.926
1.307
0.970
1.428
1.556
1.424
1.852
1.792
1.807
1.192
1.355
1.262
1.030
1.164
1.129
1.526
1.742
1.576
2.952
2.941
2.935
1.325
1.454
1.351
1.085
1.359
1.214
1.339
1.442
1.323
2.328
2.420
2.365
1.840
1.902
1.883
2.295
2.329
2.130
2.225
2.332
2.269
1.733
2.046
1.849
2.028
2.141
2.204
1.588
1.652
1.583
1.904
1.794
1.819
2.108
2.184
2.202
1.233
1.415
1.329
0.859
0.980
0.891
1.214
1.445
1.353
0.700
0.711
0.598
1.375
1.359
1.246
1.947
2.269
2.065
3.344
3.394
3.424
1.410
1.592
1.397
1.174
1.137
1.004
1.613
1.703
1.636
1.033
1.242
1.059
0.874
1.160
1.092
0.425
0.703
0.612
1.136
1.190
1.195
1.136
1.241
1.171
1.485
1.593
1.452
2.755
2.822
2.814
2.719
2.900
2.835
2.057
2.154
2.071
1.582
1.797
1.729
1.609
1.633
1.586
1.507
1.601
1.451
0.993
1.122
1.022
3.232
3.315
3.228
1.462
1.647
1.438
1.652
1.845
1.400
1.521
1.550
1.554
2.051
2.263
2.019
2.066
2.183
2.036
1.545
1.608
1.522
1.575
1.612
1.612
2.026
2.094
2.063
0.845
1.117
0.981
1.330
1.428
1.407
1.208
1.337
1.034
1.302
1.398
1.352
1.700
1.893
1.678
1.577
1.570
1.477
1.603
1.771
1.626
1.310
1.371
1.368
2.078
2.267
2.196
1.151
1.331
1.224
1.497
1.512
1.537
1.497
1.512
1.537
1.569
1.658
1.574
1.817
2.114
1.913
2.509
2.567
2.662
1.156
1.276
1.124
1.477
1.637
1.489
1.642
1.806
1.721
0.622
0.957
0.681
1.345
1.568
1.369
2.612
2.678
2.495
1.474
1.732
1.579
1.927
2.027
1.936
0.834
0.978
0.853
0.977
1.528
1.166
1.247
1.393
1.305
2.050
2.143
2.013
1.410
1.419
1.113
1.498
1.679
1.431
1.315
1.336
1.241
1.315
1.465
1.353
1.541
1.587
1.516
1.301
1.625
1.468
1.199
1.525
1.368
1.937
2.053
1.950
2.059
2.356
2.306
2.621
2.713
2.643
1.116
1.234
1.114
1.604
2.186
1.970
1.304
1.414
1.310
1.622
1.601
1.481
0.791
0.931
0.789
1.510
1.582
1.470
1.341
1.448
1.403
2.287
2.743
2.711
2.310
2.363
2.274
2.872
2.948
3.002
1.231
1.312
1.240
0.833
0.894
0.862
1.253
1.252
1.079
1.136
1.201
1.161
0.804
1.343
0.868
1.783
1.865
1.803
1.760
1.720
1.742
1.674
1.837
1.724
1.719
1.876
1.763
1.753
1.726
1.613
0.803
0.981
0.906
1.378
1.477
1.408
2.456
2.402
2.333
0.776
1.009
0.882
1.162
1.316
1.208
1.611
1.734
1.607
2.067
2.337
2.189
0.926
1.095
1.035
1.807
1.984
1.984
1.233
1.276
1.180
1.221
1.272
1.011
2.056
2.207
2.101
2.300
2.456
2.386
1.546
1.587
1.486
1.765
1.993
1.864
1.854
1.980
1.820
2.488
2.611
2.515
1.489
1.655
1.563
3.228
3.297
3.257
2.126
2.455
2.310
1.575
1.755
1.672
1.210
1.576
1.280
1.363
1.509
1.449
2.535
2.615
2.547
0.966
1.077
0.879
1.463
1.629
1.490
0.743
0.793
0.795
2.286
2.447
2.495
0.871
0.775
0.781
0.561
0.704
0.609
0.954
1.234
1.279
1.693
1.713
1.650
0.872
0.957
0.903
1.875
1.997
1.946
1.625
1.755
1.742
1.612
1.786
1.678
2.033
2.150
1.998
1.177
1.652
1.356
1.240
1.444
1.281
2.769
2.887
2.772
1.835
1.840
1.818
1.980
2.123
2.120
2.572
2.695
2.622
0.859
1.677
1.025
0.662
0.783
0.711
0.922
1.152
1.074
1.764
2.143
1.912
0.894
0.970
0.882
0.904
1.074
1.004
1.464
1.562
1.515
1.613
1.571
1.533
1.970
2.047
1.981
0.251
0.263
0.200
2.557
2.639
2.589
1.203
1.494
1.427
1.202
1.185
1.123
2.452
2.505
2.428
2.723
2.857
2.765
1.814
1.936
1.821
0.968
1.128
1.007
1.297
1.403
1.167
1.971
2.058
2.003
1.250
1.406
1.403
2.260
2.359
2.368
1.169
1.195
1.100
3.120
3.419
3.409
1.435
1.642
1.516
1.735
1.785
1.805
1.776
2.313
2.189
0.861
1.042
0.938
1.928
1.997
1.978
1.251
1.284
1.179
1.650
1.634
1.517
0.412
0.538
0.447
1.131
1.145
1.091
1.658
1.721
1.695
0.978
1.399
0.851
1.514
1.683
1.613
1.282
1.304
1.190
1.936
2.015
1.953
1.397
1.441
1.374
1.938
2.117
1.878
2.396
2.484
2.467
1.530
1.552
1.484
1.874
1.960
1.919
2.177
2.383
2.274
1.373
1.461
1.378
1.706
1.820
1.599
1.806
1.864
1.875
1.127
1.248
1.214
1.044
1.534
1.379
1.913
2.121
2.061
1.121
1.344
1.208
0.893
1.035
0.989
0.475
0.419
0.337
0.668
1.031
0.804
2.288
2.386
2.403
1.017
1.092
0.961
1.515
1.612
1.528
0.810
0.918
0.848
1.036
1.370
1.201
1.491
1.605
1.458
3.228
3.498
3.308
2.207
2.164
2.187
0.792
0.869
0.825
1.417
1.638
1.385
1.493
1.650
1.579
4.685
4.676
4.625
1.346
1.538
1.428
2.386
2.604
2.528
0.985
1.310
1.070
1.076
1.099
1.027
1.477
1.667
1.556
1.050
1.207
1.155
1.576
1.628
1.500
2.495
2.661
2.603
2.645
2.596
2.622
1.140
1.273
1.231
0.817
1.040
0.950
1.416
1.488
1.434
1.188
1.305
1.149
1.921
2.269
1.825
2.177
2.504
2.325
1.450
1.574
1.535
1.990
1.995
2.012
1.664
1.801
1.687
1.994
2.032
1.973
1.910
2.094
2.006
2.799
2.861
2.850
1.591
1.764
1.569
2.977
3.300
3.075
2.572
2.682
2.621
1.126
1.182
1.065
0.850
0.951
0.639
1.693
1.906
1.815
0.718
0.966
0.810
2.096
2.089
1.970
1.977
2.012
1.888
1.652
1.717
1.697
1.278
1.424
1.355
2.515
2.593
2.502
1.451
1.665
1.504
2.774
2.880
2.789
1.413
1.399
1.271
0.555
0.705
0.647
2.191
2.218
2.180
1.467
1.615
1.455
0.877
1.089
0.868
1.605
1.556
1.599
1.178
1.302
1.216
0.928
1.083
0.955
1.111
1.228
1.049
1.635
1.982
1.768
0.979
1.082
1.007
0.678
0.795
0.743
1.915
2.049
1.951
2.181
2.213
1.585
1.696
1.787
1.661
1.504
1.890
1.941
1.168
1.327
1.262
1.863
2.062
1.955
2.202
2.287
2.201
1.133
1.250
1.145
0.917
1.082
0.888
1.454
1.597
1.486
1.509
1.731
1.575
1.400
1.485
1.433
0.735
0.916
0.768
1.128
1.288
1.132
0.572
0.764
0.685
1.701
1.752
1.790
2.060
2.141
1.981
0.783
0.993
0.892
1.313
1.361
1.348
2.060
2.141
1.981
1.675
1.737
1.709
0.952
1.070
1.012
1.419
1.520
1.454
0.842
0.947
0.886
1.196
1.328
1.254
1.384
1.499
1.488
2.661
2.752
2.702
1.561
1.666
1.573
1.852
1.993
1.857
0.706
0.867
0.731
0.792
1.113
1.139
1.580
1.623
1.622
1.351
1.414
1.267
1.215
1.326
1.228
1.421
1.534
1.298
0.711
0.885
0.659
1.360
1.719
1.549
1.814
2.209
2.206
0.996
1.162
1.011
1.483
1.566
1.466
1.645
1.779
1.683
1.008
1.080
0.909
1.059
1.277
0.994
0.820
0.877
0.806
1.259
1.262
1.217
0.827
0.990
1.233
0.980
1.106
1.020
1.317
1.485
1.462
1.415
1.685
1.547
1.982
2.080
1.928
1.446
1.493
1.461
1.139
1.187
0.927
2.230
2.528
2.271
1.257
1.434
1.407
1.456
1.536
1.397
1.714
1.834
1.726
1.898
1.953
1.841
0.787
0.979
0.707
1.694
1.925
1.686
1.214
1.423
1.463
1.201
1.276
1.210
2.059
2.148
2.101
1.101
1.180
1.016
1.240
1.290
1.276
1.252
1.324
1.185
1.180
1.275
1.211
1.424
1.684
1.460
1.778
1.794
1.686
1.501
1.653
1.472
2.163
2.143
2.092
1.293
1.230
1.162
1.298
1.404
1.280
1.501
1.592
1.435
1.335
1.525
1.388
0.865
1.010
0.875
1.472
1.814
1.588
0.865
1.038
0.901
2.533
2.718
2.529
2.017
2.216
2.233
2.822
2.934
2.828
1.923
2.245
2.175
1.469
1.584
1.688
1.097
1.228
1.206
1.208
1.320
1.188
0.866
0.987
0.959
1.525
1.561
1.544
1.067
1.191
1.145
1.097
1.309
1.195
0.814
0.931
0.672
1.897
1.944
1.713
2.690
2.885
2.825
2.778
2.826
2.626
1.464
1.700
1.578
0.965
1.500
1.180
2.486
2.514
2.574
1.972
2.051
1.967
0.882
1.114
0.938
1.377
1.601
1.473
2.699
2.807
2.722
1.667
1.888
1.711
0.948
1.100
1.050
0.993
1.371
1.070
0.983
1.097
0.996
1.453
1.610
1.544
2.926
3.050
3.133
0.807
1.023
0.803
1.452
1.677
1.502
1.123
1.235
1.190
2.289
2.322
2.113
1.179
1.243
1.140
1.807
2.141
2.033
0.789
1.008
0.878
0.880
1.044
0.953
0.851
0.971
0.854
1.351
1.432
1.410
1.512
1.610
1.570
1.929
2.063
1.883
1.907
2.664
2.098
1.601
1.659
1.602
0.808
0.990
0.882
1.294
1.451
1.351
0.875
1.231
1.014
2.267
2.351
2.423
0.636
0.821
0.763
1.237
1.370
1.314
1.811
1.881
1.784
1.072
1.103
0.941
1.393
1.447
1.387
0.965
1.133
0.979
1.766
1.917
1.844
0.745
0.834
0.789
0.999
1.102
1.002
0.884
0.969
0.825
1.316
1.426
1.475
1.612
1.787
1.786
1.612
1.919
1.881
1.170
1.271
1.176
1.386
1.627
1.490
1.098
1.344
1.152
0.671
1.007
0.874
1.630
1.781
1.719
1.676
1.809
1.722
1.551
1.736
1.570
0.840
1.063
0.867
0.733
0.924
0.783
2.010
2.038
1.940
2.209
2.057
2.120
2.166
2.340
2.266
1.374
1.546
1.289
1.344
1.378
1.340
1.409
1.477
1.513
1.742
1.920
1.713
0.778
0.994
0.837
1.350
1.386
1.391
1.613
1.648
1.553
0.810
1.003
0.876
0.558
0.815
0.717
1.787
1.861
1.803
3.464
3.608
3.474
2.426
2.600
2.513
1.852
1.958
1.812
1.158
1.253
1.201
1.041
1.186
1.019
1.806
1.844
1.799
2.683
2.661
2.597
0.982
1.078
0.999
1.632
1.684
1.674
2.432
2.339
2.348
2.079
2.285
2.123
0.831
0.786
0.725
2.598
2.624
2.382
1.388
1.542
1.456
1.010
1.103
0.984
0.619
0.652
0.391
2.406
2.505
2.305
1.407
1.579
1.417
1.446
1.586
1.522
1.122
1.402
1.274
2.063
2.062
2.101
2.389
2.623
2.750
2.075
2.256
2.160
1.609
1.739
1.620
1.088
1.289
1.183
1.056
1.249
1.148
1.127
1.197
1.219
1.448
1.631
1.575
2.481
2.500
2.434
1.758
1.811
1.813
1.323
1.342
1.270
1.501
1.750
1.581
2.328
2.386
2.336
2.380
2.439
2.481
2.019
2.145
2.022
2.362
2.795
2.400
2.404
2.840
2.598
1.970
2.032
1.969
2.368
2.602
2.371
1.404
1.641
1.707
1.377
1.539
1.443
1.344
1.646
1.485
2.096
2.228
2.193
2.194
2.229
2.206
1.756
1.930
1.720
1.499
1.701
1.585
1.499
1.619
1.607
1.809
1.867
1.715
2.153
2.389
2.109
2.851
2.783
2.673
1.430
1.477
1.445
2.751
2.818
2.722
2.115
2.139
2.103
2.054
2.395
2.202
2.750
2.901
2.800
1.784
1.881
1.860
0.460
0.573
0.504
2.136
2.151
2.190
1.485
1.623
1.832
1.870
1.959
1.892
1.542
1.619
1.596
0.619
0.747
0.702
1.593
1.732
1.565
2.681
2.781
2.726
1.409
1.637
1.385
1.769
1.901
1.844
3.012
2.959
2.757
2.162
2.524
2.321
2.354
2.466
2.426
1.587
1.988
1.959
2.186
2.311
2.181
0.638
0.708
0.601
1.608
1.670
1.603
1.887
2.091
1.807
1.974
2.066
1.935
1.874
1.984
1.982
1.833
2.074
1.994
1.472
1.628
1.404
1.776
1.956
1.884
1.476
1.460
1.323
1.184
1.281
1.249
1.595
1.796
1.591
2.152
2.102
1.810
0.725
0.922
0.833
1.217
1.278
1.142
1.224
1.326
1.283
1.185
1.275
1.135
2.028
2.013
1.957
2.278
2.394
2.178
1.335
1.407
1.331
0.946
1.045
0.965
2.090
2.065
1.938
1.928
1.981
1.799
1.006
0.954
0.862
0.855
1.120
0.951
1.514
1.765
1.719
1.815
2.070
1.996
1.563
1.609
1.494
1.119
1.259
1.090
1.757
1.800
1.720
1.862
1.990
1.874
2.921
2.944
2.896
1.032
1.118
1.034
2.572
2.740
2.590
1.970
2.140
2.026
1.458
1.577
1.518
1.158
1.099
1.122
1.820
1.846
1.685
1.181
1.371
1.274
1.248
1.404
1.275
2.132
2.166
2.184
1.605
1.713
1.654
2.837
2.830
2.575
0.927
0.972
0.915
1.508
1.573
1.551
2.286
2.405
2.034
1.455
1.633
1.503
1.278
1.302
1.269
2.129
2.151
2.109
0.475
0.739
0.639
1.906
1.901
1.876
1.657
1.647
1.603
2.258
2.285
2.234
1.911
1.937
1.901
1.169
1.355
1.226
0.911
1.069
0.943
1.217
1.381
1.157
1.112
1.228
1.196
1.658
1.761
1.683
1.718
1.839
1.571
1.205
1.266
1.135
1.899
2.020
1.911
0.951
1.077
1.068
0.617
0.710
0.560
2.258
2.411
2.266
0.980
1.144
1.078
0.792
0.876
0.864
0.748
0.964
0.768
0.938
0.995
0.991
0.754
0.807
0.751
1.404
1.440
1.422
1.730
1.848
1.679
0.701
0.765
0.780
1.342
1.411
1.425
2.136
2.306
2.214
1.569
1.799
1.691
1.282
1.373
1.348
0.925
0.978
0.912
0.703
0.905
0.800
1.014
1.202
1.100
1.657
1.722
1.690
0.951
1.028
1.026
2.042
2.091
2.061
1.018
1.617
0.980
1.383
1.422
1.334
1.027
1.182
1.054
0.953
1.149
0.988
2.358
2.360
2.389
1.596
1.649
1.620
1.694
1.794
1.723
1.394
1.456
1.140
1.098
1.312
1.220
1.776
1.894
1.820
0.882
1.037
0.898
0.991
1.348
1.080
2.929
3.000
2.754
1.339
1.521
1.415
1.420
1.461
1.257
0.933
1.202
1.110
2.739
2.837
2.529
1.131
1.802
1.697
1.580
1.652
1.504
1.733
1.924
1.832
2.135
2.362
2.174
1.996
1.993
1.974
1.400
1.595
1.286
2.274
2.379
2.195
1.161
1.287
1.191
1.400
1.625
1.452
1.322
1.636
1.451
1.203
1.403
1.285
0.830
0.854
0.775
0.993
0.994
0.922
1.019
1.157
1.086
1.693
1.754
1.660
1.378
1.760
1.328
1.445
1.464
1.355
1.009
1.083
0.982
1.063
1.242
0.951
0.727
0.849
0.800
1.240
1.238
1.248
0.936
1.036
0.952
1.731
1.798
1.700
0.947
1.105
1.030
1.033
1.212
1.026
2.185
2.276
2.252
0.944
1.189
1.005
1.262
1.494
1.352
1.517
1.594
1.571
1.064
1.164
1.096
1.109
1.160
1.087
1.173
1.255
1.193
0.915
1.149
0.982
2.353
2.375
2.242
1.299
1.467
1.404
2.394
3.048
2.344
1.686
1.845
1.734
2.425
2.541
2.375
2.211
2.180
2.117
1.606
1.625
1.498
1.526
1.623
1.525
2.027
2.063
1.944
0.369
0.483
0.294
0.614
0.712
0.578
1.544
1.729
1.812
1.432
1.704
1.467
1.423
1.518
1.400
1.457
1.682
1.540
1.483
1.570
1.375
2.818
2.928
2.909
1.734
1.950
1.869
1.724
1.872
1.733
0.949
1.414
1.060
1.610
1.736
1.518
1.041
1.103
1.091
1.645
1.650
1.613
1.920
2.485
2.133
0.986
1.162
1.064
1.417
1.496
1.787
1.750
1.843
1.814
1.348
1.522
1.401
2.011
2.105
1.983
0.953
1.075
0.987
1.598
1.753
1.708
1.846
1.875
1.845
1.811
1.854
1.840
1.891
2.621
2.644
2.097
2.203
2.091
1.623
1.809
1.676
0.995
1.720
1.006
1.443
1.755
1.513
1.313
1.314
1.317
1.902
2.035
1.928
1.541
1.744
1.655
1.853
2.116
2.093
1.346
1.474
1.392
0.391
0.644
0.528
1.168
1.290
1.164
1.618
1.814
1.693
1.725
1.966
1.492
1.854
2.165
1.996
1.562
2.179
2.188
1.591
1.691
1.393
0.763
1.259
0.936
0.986
1.092
1.031
1.183
1.421
1.298
1.760
1.875
1.707
1.559
1.684
1.550
1.161
1.173
1.129
1.088
1.157
1.100
1.410
1.576
1.385
1.483
1.490
1.501
2.120
2.143
2.133
1.763
1.796
1.796
1.303
1.498
1.370
1.201
1.389
1.277
0.636
0.835
0.754
0.722
0.806
0.766
1.782
1.837
1.805
1.088
1.175
1.094
0.933
1.184
1.041
0.771
0.802
0.336
0.895
1.053
0.963
1.081
1.214
1.012
0.695
1.241
1.205
0.944
1.001
0.876
1.654
1.757
1.661
2.790
2.991
3.076
2.206
2.349
2.239
1.196
1.327
1.191
1.975
2.158
1.970
2.215
2.350
2.252
1.328
1.483
1.426
1.328
1.618
1.538
1.723
1.733
1.745
1.016
1.175
1.208
2.941
2.930
2.931
1.990
2.065
2.007
1.216
1.416
1.289
1.255
1.286
1.206
1.512
1.593
1.543
1.469
1.559
1.497
2.103
2.250
2.154
1.324
1.498
1.252
4.312
4.380
4.404
1.446
1.539
1.469
1.286
1.451
1.302
2.398
2.440
2.434
1.272
1.383
1.317
1.638
1.725
1.680
1.969
2.138
1.987
2.055
2.167
2.119
0.642
0.838
0.661
2.717
2.963
2.735
1.470
1.621
1.544
2.358
2.381
2.366
2.078
2.134
2.495
2.099
2.202
2.162
0.814
0.962
0.886
2.130
2.332
2.149
1.250
1.388
1.179
1.838
1.894
1.785
3.495
3.546
3.512
0.588
0.681
0.586
1.058
1.292
1.191
1.327
1.453
1.343
1.379
1.574
1.470
1.292
1.311
1.318
1.671
1.792
1.561
2.734
2.852
2.730
1.451
1.465
1.612
1.209
1.562
1.416
1.666
1.790
1.732
0.587
0.754
0.643
1.591
1.640
1.597
2.457
2.522
2.405
1.613
1.800
1.633
0.983
1.105
0.994
1.798
1.912
1.841
1.213
1.299
1.260
1.602
1.688
1.450
1.969
1.888
1.939
1.464
1.504
1.492
1.464
1.501
1.470
1.353
1.489
1.300
2.270
2.418
2.252
0.667
0.878
0.709
2.031
2.266
2.077
1.069
1.212
1.048
1.402
1.405
1.310
1.044
1.142
1.054
0.835
0.966
0.874
0.835
0.966
0.874
0.909
1.057
1.017
2.164
2.249
2.147
1.943
1.978
1.948
1.645
1.846
1.731
1.549
1.749
1.628
0.803
0.982
1.107
1.494
1.649
1.393
1.228
1.238
1.285
0.859
1.049
0.893
1.339
1.417
1.377
2.558
2.676
2.617
2.136
2.505
2.281
1.605
1.651
1.724
1.009
1.142
0.935
1.514
1.658
1.486
2.281
2.258
2.226
2.774
2.889
2.787
1.156
1.266
1.152
1.030
1.089
0.885
1.694
1.845
1.716
0.921
0.996
0.843
1.433
1.662
1.491
0.961
1.053
0.988
1.318
1.267
1.073
1.960
2.017
1.927
0.800
1.183
1.015
0.965
1.184
0.971
0.823
0.959
0.858
0.808
0.896
0.923
1.594
1.880
1.704
1.538
1.651
1.506
1.176
1.195
1.009
1.137
1.278
0.932
1.213
1.283
1.119
1.786
1.899
1.838
1.514
1.529
1.358
2.978
3.438
2.921
1.853
1.963
1.933
1.740
1.774
1.767
1.313
1.416
1.400
2.235
2.518
2.365
1.531
1.706
1.620
0.853
0.914
0.834
2.041
2.189
2.068
1.042
1.177
1.054
2.200
2.189
2.198
0.979
1.216
1.080
1.331
1.497
1.384
1.116
1.192
1.115
2.303
2.483
2.387
2.753
2.971
2.808
1.760
1.798
1.679
2.111
2.387
2.340
1.916
2.104
2.051
3.072
3.120
3.044
1.391
1.599
1.477
0.601
0.858
0.730
3.194
3.394
3.642
0.811
1.011
0.747
1.513
1.693
1.534
0.787
0.840
0.677
2.030
2.083
1.855
2.195
2.337
1.893
1.678
1.820
1.689
1.470
1.751
1.615
1.432
1.567
1.438
1.033
1.175
1.104
1.209
1.432
1.292
1.918
1.921
1.848
1.519
1.615
1.527
1.122
1.390
1.221
1.263
1.435
1.293
0.620
0.829
0.678
0.748
0.720
0.614
0.736
0.871
0.811
1.960
2.088
2.003
3.474
3.594
3.436
1.227
1.367
1.219
1.509
1.530
1.344
1.364
1.519
1.424
1.329
1.426
1.351
1.380
1.783
1.394
0.946
0.868
1.221
2.386
2.442
2.375
3.171
3.095
3.102
1.178
1.263
1.228
1.661
1.827
1.750
1.372
1.476
1.335
2.726
2.690
2.643
1.876
2.222
2.012
1.077
1.210
1.154
1.415
1.548
1.434
0.852
1.069
0.913
1.144
1.169
1.135
2.150
2.268
2.193
1.972
2.120
2.065
2.276
2.523
2.455
1.297
1.379
1.299
1.297
1.379
1.299
3.546
3.716
3.584
0.720
0.842
0.756
2.343
2.385
2.334
0.851
1.052
0.824
1.338
1.357
1.328
1.722
1.766
1.756
1.506
1.622
1.509
1.355
1.482
1.373
1.004
1.182
1.018
2.578
2.713
2.653
2.005
2.171
2.036
1.401
1.429
1.414
1.311
1.477
1.358
2.442
2.569
2.483
3.360
3.389
3.344
0.851
1.052
0.824
0.658
0.884
0.728
1.916
2.012
1.957
2.269
2.295
2.177
1.869
1.817
1.837
1.261
1.186
1.268
2.075
2.057
1.948
1.121
1.320
1.201
1.645
1.601
1.633
1.907
2.210
1.935
1.475
1.625
1.567
0.649
0.830
0.732
2.124
2.187
2.183
1.881
2.115
1.918
3.366
3.485
3.432
1.028
1.165
1.007
1.679
1.746
1.702
1.651
1.868
1.749
1.809
1.937
1.902
2.107
2.216
2.207
1.631
1.701
1.678
1.407
1.749
1.582
1.057
1.173
1.073
1.429
1.515
1.452
0.700
0.706
0.589
2.015
2.135
2.036
1.511
1.602
1.465
2.277
2.318
2.301
2.015
2.086
2.058
0.962
1.127
1.073
1.246
1.487
1.276
1.534
1.557
1.510
2.042
2.123
1.897
1.200
1.360
1.278
2.360
2.415
2.241
1.509
1.721
1.547
2.344
2.479
2.371
1.936
2.046
1.996
1.363
1.530
1.604
1.593
1.764
1.706
1.147
1.275
1.061
1.350
1.465
1.414
1.632
1.749
1.618
1.516
1.614
1.491
1.375
1.576
1.558
1.425
1.448
1.335
1.001
1.165
1.049
0.819
0.827
0.411
0.850
0.977
0.985
1.172
1.270
1.202
1.898
2.018
1.947
0.710
0.921
0.730
1.999
2.170
2.116
2.203
2.287
2.337
2.555
2.660
2.712
2.587
2.710
2.616
1.336
1.461
1.368
1.946
2.080
1.960
1.329
1.519
1.495
1.423
1.455
1.345
0.768
1.022
0.880
1.855
1.961
1.930
1.098
1.610
1.358
1.359
1.375
1.275
1.699
1.758
1.680
2.566
2.729
2.494
0.859
1.023
0.987
1.729
1.986
1.736
1.493
1.417
1.409
1.420
1.550
1.468
1.793
2.028
1.850
1.407
1.522
1.489
1.622
1.700
1.631
1.746
1.975
1.830
0.946
1.147
1.112
0.949
1.120
0.999
1.660
1.894
1.738
1.339
1.384
1.377
0.903
0.934
0.927
0.829
1.157
0.920
1.542
1.694
1.631
1.539
1.660
1.580
2.613
2.763
2.751
1.428
1.679
1.577
2.927
3.087
3.049
1.343
1.424
1.372
1.612
2.222
1.698
2.488
3.557
2.795
0.746
0.924
0.846
1.680
1.996
1.853
2.033
2.035
2.000
2.423
2.522
2.459
2.450
2.500
2.427
1.143
1.364
1.127
1.528
1.633
1.586
1.274
1.394
1.301
0.963
1.183
1.048
0.932
1.156
1.035
1.746
1.873
1.770
1.937
1.739
1.706
1.253
1.450
1.394
0.682
0.787
0.701
0.970
1.085
1.019
0.777
1.294
0.923
1.565
1.720
1.581
2.338
2.408
2.350
2.303
2.728
2.748
1.234
1.395
1.266
1.433
1.696
1.443
1.937
2.250
2.084
1.155
1.189
1.113
2.504
2.536
2.531
2.630
2.784
2.363
1.158
1.434
1.214
1.741
1.745
1.492
1.350
1.637
1.499
1.503
1.489
1.431
1.103
1.241
1.076
3.088
3.042
3.049
1.798
1.831
1.589
1.946
2.106
2.055
1.623
2.024
1.815
1.135
1.290
1.180
1.564
1.700
1.651
0.989
1.085
0.898
1.094
1.371
1.062
1.607
1.726
1.544
0.597
0.916
0.731
0.706
0.877
0.836
2.239
2.225
2.277
1.351
1.457
1.333
1.900
2.005
1.940
1.232
1.440
1.297
1.270
1.318
1.300
1.809
1.917
1.858
1.976
2.011
1.738
1.400
1.522
1.447
1.325
1.474
1.361
0.610
0.624
0.625
1.287
1.405
1.304
0.784
0.942
0.837
1.273
1.354
1.364
1.248
1.392
1.255
1.095
1.416
1.257
2.373
2.335
2.072
1.135
1.171
1.101
2.542
2.572
2.492
1.362
1.398
1.432
1.552
1.625
1.580
1.523
1.629
1.536
1.866
1.829
1.801
1.723
1.769
1.719
1.188
1.276
1.047
1.240
1.448
1.252
1.240
1.448
1.252
2.088
2.155
2.147
0.953
1.055
0.976
1.303
1.382
1.368
0.700
0.784
0.640
0.856
1.027
0.901
1.414
1.659
1.311
0.367
0.324
0.314
1.856
1.808
1.782
1.177
1.378
1.132
1.225
1.350
1.217
1.506
1.556
1.524
1.799
1.979
1.956
1.321
1.503
1.327
0.758
0.933
0.857
0.605
0.662
0.647
1.282
1.504
1.441
2.182
2.158
2.087
1.753
1.841
1.612
1.054
1.226
1.110
0.705
0.858
0.766
1.365
1.481
1.371
1.764
1.831
1.732
2.097
2.162
2.084
1.614
1.868
1.661
1.993
2.093
2.042
1.757
1.880
1.760
0.943
1.129
1.126
1.232
1.388
1.254
1.190
1.451
1.344
1.131
1.309
1.176
1.827
2.006
1.932
2.443
2.573
2.536
1.409
1.647
1.318
0.657
0.841
0.769
0.426
0.409
0.399
0.909
1.118
0.906
0.909
1.118
0.906
2.619
2.767
2.733
1.842
2.115
2.041
1.930
2.271
1.871
1.959
2.171
2.072
0.937
1.131
0.979
1.117
1.179
1.014
1.974
1.829
1.673
0.935
1.084
0.990
1.029
1.230
1.099
1.432
1.458
1.494
1.129
1.260
1.180
1.818
2.179
2.145
0.840
1.070
0.935
1.431
1.390
1.400
1.085
1.166
1.098
1.724
1.809
1.693
1.024
1.129
1.054
1.353
1.446
1.468
2.126
2.408
2.242
1.416
1.580
1.485
0.600
0.827
0.737
1.715
1.625
1.690
0.935
1.074
1.027
1.183
1.263
1.203
1.547
1.578
1.425
1.574
1.622
1.531
1.827
1.928
1.920
0.758
0.855
0.750
1.003
1.194
1.024
1.259
1.375
1.333
1.262
1.506
1.273
1.163
1.307
1.215
1.126
1.201
1.136
0.921
1.175
0.960
1.801
1.949
1.892
1.076
1.125
1.066
1.196
1.297
1.207
1.191
1.334
1.229
0.725
0.823
0.695
1.334
1.496
1.349
1.284
1.410
1.224
1.020
1.141
0.901
0.953
1.019
0.946
1.474
1.537
1.390
0.379
0.471
0.423
1.015
1.113
1.020
2.159
2.254
2.178
2.406
2.620
2.454
1.502
1.765
1.570
2.208
2.273
2.248
1.467
1.531
1.515
0.796
1.000
0.885
2.530
2.639
2.512
0.973
1.225
1.082
2.543
2.627
2.548
1.032
1.130
1.102
1.096
1.140
1.067
1.526
1.686
1.566
1.247
1.961
1.426
2.025
2.077
2.024
2.114
2.212
2.146
1.199
1.254
1.120
1.499
1.747
1.596
1.141
1.247
1.163
1.440
1.483
1.363
2.797
2.881
2.672
0.564
0.682
0.622
1.976
1.908
1.847
2.502
2.663
2.705
2.032
2.090
1.972
2.613
2.663
2.611
0.836
0.839
0.761
0.922
1.113
1.137
0.456
0.755
0.656
1.542
1.711
1.795
1.603
1.690
1.665
0.618
0.881
0.776
0.618
0.881
0.776
1.118
1.322
1.226
1.229
1.379
1.122
0.732
0.734
0.693
1.562
1.510
1.419
1.621
1.665
1.635
2.121
2.315
2.245
2.121
2.356
2.245
0.963
1.033
0.948
2.927
2.964
2.952
1.974
2.065
2.044
1.631
1.831
1.605
1.859
1.898
1.861
0.931
1.023
0.903
1.817
2.187
2.077
1.974
2.064
2.089
0.725
1.077
0.877
1.103
1.353
1.143
1.143
1.204
1.214
1.519
1.735
1.676
1.014
1.124
0.944
2.229
2.416
2.177
2.409
2.575
2.447
1.140
1.159
1.088
1.879
1.919
1.881
2.284
2.361
2.262
3.065
3.247
3.120
1.324
1.572
1.517
1.547
1.821
1.409
2.660
2.665
2.661
1.011
1.065
1.000
1.716
1.857
1.738
1.036
1.196
1.102
1.322
1.363
1.300
1.595
1.663
1.515
0.621
0.732
0.538
1.019
1.226
1.078
2.719
2.977
2.834
0.941
1.152
0.988
1.637
1.428
1.526
1.592
1.804
1.558
2.349
2.591
2.384
2.221
2.389
2.277
1.365
1.576
1.523
1.028
1.151
1.068
1.077
1.255
1.139
1.886
1.969
1.952
2.643
2.708
2.706
1.349
1.408
1.293
1.169
1.319
1.205
2.279
2.282
2.126
2.585
2.633
2.606
2.091
2.260
2.149
0.629
0.807
0.666
1.818
1.784
1.845
0.913
1.094
1.483
2.226
2.334
2.325
1.331
1.524
1.292
1.691
1.760
1.707
2.194
2.377
2.212
0.548
0.567
0.378
1.546
1.652
1.508
1.029
1.100
1.070
1.082
1.217
1.116
2.130
2.304
2.193
2.009
2.078
2.018
0.990
1.145
1.112
0.937
0.966
0.772
1.635
1.675
1.682
2.150
2.284
2.203
1.668
1.768
1.644
1.180
1.319
1.130
1.605
1.904
1.666
1.064
1.111
1.017
1.853
1.984
1.887
1.504
1.545
1.469
1.505
1.705
1.525
1.592
2.133
2.001
0.886
1.206
1.070
0.997
1.217
1.056
2.063
2.099
2.031
1.673
1.690
1.658
1.728
1.835
1.672
0.976
1.043
0.949
1.287
1.361
1.456
1.630
1.741
1.654
0.830
0.892
0.773
1.752
1.822
1.794
1.769
1.699
1.751
2.034
2.041
2.060
0.824
0.899
0.815
1.339
1.441
1.349
1.458
1.701
1.729
2.441
2.515
2.420
0.726
0.906
0.795
1.458
1.504
1.463
1.820
1.992
2.055
1.402
1.702
1.622
1.716
1.876
1.831
1.716
1.953
1.911
1.045
1.432
1.311
1.905
2.504
2.328
1.580
1.632
1.637
1.220
1.234
1.197
2.214
2.728
2.642
1.885
1.913
1.630
1.189
1.209
1.181
2.199
2.369
2.145
0.810
0.943
0.854
0.565
0.770
0.724
1.795
1.972
1.930
1.736
2.106
2.116
1.076
1.109
1.021
0.487
0.697
0.597
2.225
2.254
2.249
1.176
1.358
1.261
0.710
0.880
0.725
1.851
1.992
1.911
1.402
1.485
1.480
0.795
1.029
0.904
0.456
0.946
0.644
1.019
1.085
1.017
1.109
1.332
1.195
1.895
2.032
1.933
1.492
1.518
1.566
1.043
1.175
1.111
1.054
1.137
0.992
1.856
2.024
1.935
1.055
1.161
1.025
1.026
1.114
1.059
1.118
1.184
1.135
1.734
1.935
1.779
1.821
1.863
1.750
1.150
1.186
1.039
1.906
1.979
1.767
1.186
1.382
1.262
1.197
1.618
1.428
1.503
1.621
1.457
1.262
1.228
1.233
1.348
1.516
1.450
1.754
1.784
1.773
1.494
1.697
1.485
0.728
0.828
0.786
1.309
1.321
1.293
1.500
1.749
1.565
2.332
2.605
2.311
2.135
2.218
2.120
1.669
1.887
1.766
0.779
1.222
0.827
0.516
0.649
0.602
1.004
1.109
1.018
0.977
1.109
1.038
1.331
1.792
1.333
1.863
1.856
1.825
1.343
1.439
1.309
0.782
1.074
0.943
0.745
0.681
0.560
0.912
1.160
0.949
0.667
1.135
0.768
1.186
1.284
1.207
0.990
1.079
1.080
0.607
0.726
0.623
1.599
1.688
1.594
0.729
1.026
0.787
1.526
1.670
1.500
0.767
0.975
0.830
1.014
1.233
1.178
0.927
1.156
1.062
0.803
0.817
0.670
1.265
1.320
1.135
1.622
1.746
1.670
1.424
1.440
1.218
1.536
1.637
1.569
1.361
1.529
1.250
0.458
0.583
0.503
1.734
2.163
1.856
1.762
1.824
1.766
1.906
1.749
1.773
1.153
1.364
1.054
1.140
1.297
1.163
1.726
1.776
1.669
2.863
3.071
2.955
1.200
1.351
1.241
1.398
1.656
1.398
0.936
0.994
0.907
2.066
2.158
1.970
0.954
1.272
0.998
0.840
0.996
0.742
2.984
3.092
3.004
1.892
1.943
1.856
2.324
2.478
2.368
1.492
1.589
1.369
0.924
1.033
0.960
1.410
1.463
1.416
1.796
1.866
1.788
1.606
1.961
1.538
0.774
0.830
0.791
1.048
1.254
1.253
3.984
4.046
3.959
1.475
1.657
1.453
2.047
2.075
2.337
2.120
2.188
1.960
1.201
1.331
1.289
1.022
1.173
0.992
0.823
0.956
0.906
1.374
1.469
1.414
1.648
1.909
1.881
1.192
1.319
1.267
1.170
1.254
1.214
0.716
0.958
0.872
1.099
1.282
1.076
2.156
2.307
2.274
0.660
0.714
0.686
0.752
0.858
0.778
2.119
2.368
2.226
1.021
1.013
0.959
1.722
1.906
1.751
1.262
1.721
1.464
1.262
1.411
1.179
0.981
1.074
0.935
0.576
0.798
0.697
1.351
1.477
1.237
0.911
0.991
0.964
1.400
1.438
1.387
2.338
2.405
2.246
1.057
1.239
1.210
1.599
1.862
1.678
0.711
1.268
1.014
1.405
1.497
1.451
2.110
2.163
2.090
0.659
0.768
0.650
1.051
1.240
1.190
1.840
1.974
1.974
1.322
1.405
1.312
1.233
1.326
1.304
1.530
1.599
1.470
2.334
2.364
2.296
2.313
2.399
2.293
1.628
1.688
1.664
1.268
1.365
1.284
1.305
1.475
1.399
1.585
1.805
1.678
1.173
1.245
1.163
1.773
1.858
1.832
0.830
0.966
0.870
1.578
1.640
1.523
1.281
1.330
1.349
1.961
2.026
1.992
0.859
1.124
1.003
0.782
1.074
0.943
1.987
2.219
2.087
1.466
1.466
1.335
1.602
1.627
1.543
1.935
2.002
1.955
1.175
1.309
1.136
0.868
1.078
0.975
0.738
0.937
0.782
1.128
1.235
1.094
1.477
1.629
1.609
1.159
1.314
1.266
0.936
1.108
0.756
0.839
1.087
0.955
1.595
1.756
1.627
0.690
0.791
0.686
1.752
1.784
1.768
1.085
1.300
1.176
0.914
1.064
0.939
1.674
1.532
1.559
0.732
0.856
0.822
1.553
1.693
1.613
2.923
3.066
2.903
0.867
1.014
0.982
1.618
1.741
1.581
1.520
1.431
1.440
1.872
1.963
1.917
1.608
1.699
1.584
1.256
1.440
1.363
1.017
1.217
1.081
1.301
1.299
1.121
0.482
0.525
0.403
3.927
4.034
3.971
1.920
1.915
1.837
1.753
1.813
1.751
0.452
0.534
0.468
0.904
1.031
0.860
0.855
1.077
0.847
0.855
1.085
0.847
1.235
1.285
1.209
0.986
1.077
0.967
1.084
1.310
1.137
1.318
1.402
1.245
2.452
2.551
2.397
1.921
1.959
1.806
1.442
1.559
1.338
1.128
1.193
1.126
2.442
2.515
2.407
1.904
2.002
1.956
2.168
2.242
1.918
2.210
2.179
2.271
1.337
1.226
1.201
0.655
0.863
0.764
3.115
3.147
3.056
0.700
1.120
0.838
1.700
1.743
1.657
0.751
0.747
0.751
0.958
1.051
1.007
0.861
1.146
0.961
2.111
2.215
2.201
2.874
2.827
2.953
1.673
1.736
1.455
2.358
2.423
2.346
1.604
1.792
1.643
1.500
1.638
1.614
1.381
1.555
1.568
1.112
1.179
1.103
1.200
1.249
1.141
1.985
2.245
2.043
1.474
1.596
1.543
1.083
1.205
1.112
1.357
1.466
1.413
1.194
1.204
1.210
1.198
1.146
1.008
1.207
1.421
1.290
1.153
1.280
1.192
1.159
1.340
1.177
1.354
1.428
1.388
1.528
1.608
1.463
1.306
1.316
1.207
1.102
1.209
0.969
1.836
2.049
1.838
1.463
1.531
1.421
1.360
1.463
1.378
1.957
2.023
1.997
0.772
1.023
0.986
0.884
0.954
0.902
1.562
1.510
1.563
1.707
1.872
1.721
0.827
0.891
0.861
1.048
1.133
0.905
1.877
1.967
1.883
1.402
1.488
1.425
1.451
1.395
1.360
0.946
1.036
0.982
2.381
2.458
2.386
0.832
0.946
0.808
1.289
1.502
1.275
0.836
0.899
0.818
0.900
0.925
1.149
1.199
1.213
1.106
1.114
1.270
1.189
2.068
2.108
2.152
0.454
0.583
0.549
1.580
1.607
1.535
0.631
0.761
0.672
0.854
1.013
0.841
1.482
1.741
1.592
3.441
3.365
3.356
1.887
1.956
1.908
1.598
1.755
1.674
2.525
2.671
2.570
0.997
1.128
1.100
1.523
2.179
1.371
0.936
0.901
0.799
0.787
0.884
0.765
0.741
0.797
0.720
2.338
2.577
2.312
1.662
1.724
1.643
1.023
1.129
1.013
1.943
2.108
1.915
1.313
1.353
1.305
1.129
1.181
1.092
1.348
1.548
1.370
1.100
1.291
1.185
1.116
1.206
1.045
0.557
0.824
0.668
1.964
1.971
1.779
0.566
0.804
0.646
1.229
1.336
1.285
1.427
1.458
1.372
1.023
1.074
0.950
2.690
2.903
2.739
1.882
1.993
1.894
1.831
1.856
1.716
1.824
1.889
1.846
1.601
1.691
1.638
1.163
1.332
1.214
2.118
2.189
2.147
1.546
1.635
1.596
1.800
1.897
1.823
0.826
0.878
0.758
1.896
1.898
1.881
2.321
2.335
2.218
1.071
1.409
1.291
2.022
2.075
2.041
1.849
2.026
1.891
0.997
1.059
0.946
0.823
0.862
0.821
0.859
1.019
0.919
2.664
2.713
2.636
1.320
1.357
1.325
2.121
2.366
2.130
0.837
1.082
0.946
1.489
1.520
1.198
2.198
2.295
2.223
0.929
1.284
1.346
1.275
1.395
1.233
2.116
2.503
2.431
2.232
2.326
2.178
1.915
2.141
1.837
1.381
1.517
1.432
1.656
2.228
1.956
0.551
0.799
0.663
2.141
2.188
2.114
1.240
1.225
1.190
0.987
1.158
1.027
0.936
1.470
1.617
2.573
2.645
2.570
1.281
1.363
1.303
1.852
1.934
1.947
1.435
1.534
1.421
2.095
2.363
2.241
1.343
1.384
1.399
1.833
1.880
1.797
1.755
1.827
1.607
1.366
1.607
1.541
0.800
0.961
0.886
1.129
1.673
1.241
0.940
1.057
0.922
3.965
3.999
3.962
1.145
1.205
1.057
2.122
2.179
2.085
2.009
2.070
1.966
2.318
2.412
2.325
1.518
1.946
1.830
2.080
2.243
2.068
0.975
1.279
1.135
1.331
1.412
1.256
1.004
1.211
1.110
1.641
2.086
1.759
1.408
1.548
1.471
1.139
1.277
1.178
1.024
1.231
1.067
1.248
1.313
1.170
1.146
1.300
1.211
1.022
1.139
1.081
0.517
0.635
0.605
1.214
1.343
1.213
1.540
1.594
1.469
1.617
1.785
1.623
1.211
1.251
1.207
1.492
1.566
1.490
1.225
1.410
1.311
0.931
1.006
0.850
1.496
1.576
1.511
0.953
1.025
0.868
1.537
1.621
1.534
1.520
1.577
1.503
1.775
1.841
1.769
1.748
1.924
1.726
1.800
1.883
1.838
1.916
2.010
2.013
0.837
0.910
0.836
1.220
1.450
1.102
1.497
1.478
1.378
0.954
0.991
0.948
1.820
2.050
1.925
1.639
1.923
1.920
1.817
2.009
1.732
1.658
1.819
1.624
0.778
0.862
0.635
1.946
1.989
1.953
1.599
1.685
1.556
1.614
1.646
1.301
1.191
1.661
1.371
1.757
1.866
1.930
2.647
2.896
2.768
2.647
2.896
2.768
1.317
1.482
1.302
1.332
1.429
1.389
0.960
1.094
1.005
2.397
2.506
2.417
1.849
1.937
1.882
0.941
1.038
0.942
3.160
3.219
3.185
1.914
2.040
1.994
1.369
1.424
1.128
2.671
2.675
2.646
2.574
2.756
2.712
1.153
1.261
1.023
1.370
1.485
1.407
2.007
2.081
2.000
1.150
1.284
1.229
1.748
1.809
1.767
1.625
1.793
1.771
1.994
2.062
1.911
1.390
1.440
1.352
1.139
1.195
1.087
0.643
0.955
0.799
0.825
1.510
0.958
1.663
1.866
1.815
2.045
2.298
2.205
2.349
2.479
2.395
1.014
1.193
0.985
1.450
1.653
1.433
1.114
1.190
0.968
1.230
1.345
1.294
0.650
1.057
0.737
1.046
1.146
1.120
0.819
0.906
0.863
0.969
1.095
0.846
0.937
1.088
1.227
0.799
0.967
0.856
0.816
0.725
0.487
1.972
2.137
2.021
1.229
1.346
1.298
0.873
1.035
0.931
1.557
1.670
1.515
1.392
1.569
1.459
0.981
1.484
0.839
0.820
1.055
0.973
2.139
2.120
2.047
1.987
2.147
2.122
2.763
2.829
2.745
1.371
1.285
1.047
0.777
0.888
0.828
1.915
1.984
1.784
1.548
1.686
1.571
2.492
2.429
2.548
0.914
0.996
0.836
1.351
1.460
1.404
0.981
1.158
1.012
2.614
2.616
2.380
1.570
1.710
1.635
0.919
1.196
0.959
0.919
1.194
0.959
1.346
1.648
1.374
0.846
1.012
0.900
1.117
1.139
1.044
1.279
1.449
1.248
1.279
1.438
1.252
1.235
1.293
1.236
0.926
1.212
1.054
3.717
3.792
3.739
1.207
1.391
1.262
0.937
1.063
0.841
1.360
1.459
1.430
2.068
2.116
2.106
1.798
1.924
1.817
0.597
0.784
0.641
0.968
1.006
0.959
0.769
0.912
0.862
1.548
1.670
1.413
1.393
1.445
1.341
1.595
1.697
1.692
1.156
1.297
1.195
1.891
2.032
1.983
0.816
0.867
0.662
1.173
1.280
1.193
1.771
1.753
1.741
1.528
1.615
1.595
0.712
0.744
0.614
1.494
1.521
1.472
1.621
1.656
1.619
1.573
1.814
1.788
0.841
1.206
0.960
1.711
1.760
1.756
0.969
1.050
0.960
1.423
1.511
1.483
1.464
1.610
1.460
0.966
1.147
1.057
2.556
2.605
2.540
1.706
1.779
1.609
1.027
1.089
1.000
1.983
2.112
2.056
2.683
2.687
2.490
1.737
1.900
1.842
1.225
1.252
1.136
2.035
2.278
2.184
1.140
1.222
1.127
1.179
1.300
1.161
4.038
4.034
4.093
1.007
1.137
1.095
0.691
0.873
0.719
1.222
1.271
1.195
1.522
1.604
1.524
1.676
1.832
1.698
1.038
1.076
0.950
1.876
2.224
2.143
0.884
1.010
0.844
1.108
1.317
1.179
1.524
1.772
1.730
1.102
1.220
1.160
0.675
0.938
0.632
1.068
1.205
1.094
1.208
1.367
1.302
1.480
1.553
1.598
1.193
1.298
1.176
1.098
1.195
1.151
1.846
1.895
1.749
0.951
1.155
1.051
1.419
1.577
1.497
1.450
1.594
1.319
1.156
1.306
1.205
0.728
0.910
0.814
1.139
1.327
1.159
1.429
1.445
1.331
1.859
1.851
1.703
1.682
1.722
1.673
1.172
1.471
1.338
1.321
1.321
1.236
1.422
1.638
1.564
1.119
1.110
1.079
2.100
2.203
2.113
1.047
1.207
1.079
2.337
2.546
2.333
2.251
2.336
2.289
0.883
1.018
0.833
0.806
0.915
0.695
2.464
2.579
2.540
0.699
0.988
0.682
1.841
2.047
1.987
1.497
1.574
1.528
0.663
0.764
0.715
1.149
1.328
1.227
0.796
1.031
0.988
0.796
0.809
0.631
2.142
2.357
2.159
2.475
2.565
2.315
2.088
2.087
2.098
0.736
0.987
0.798
0.733
0.883
0.741
1.101
1.443
1.221
2.366
2.481
2.395
1.233
1.386
1.296
2.201
2.348
1.642
1.557
1.749
1.625
0.720
0.976
0.822
0.905
1.138
0.969
1.486
1.670
1.509
1.686
1.781
1.620
0.902
0.942
0.568
2.160
2.205
2.166
2.050
2.180
2.155
1.740
1.937
1.932
1.888
2.028
1.985
1.106
1.223
1.124
0.587
0.807
0.744
1.044
1.432
1.112
2.385
2.547
2.450
2.263
2.439
2.233
1.438
1.910
1.610
1.135
1.286
1.273
1.162
1.286
1.168
1.034
1.145
1.083
1.240
1.490
1.099
1.044
1.244
1.168
0.808
0.868
0.836
1.179
1.277
1.186
0.809
1.415
1.277
1.335
1.526
1.457
0.625
0.689
0.398
1.284
1.375
1.230
1.637
1.735
1.795
1.874
1.823
1.870
1.578
1.651
1.593
0.897
0.866
0.737
1.613
1.599
1.627
0.753
0.865
0.836
1.893
1.992
1.905
1.654
1.987
1.838
0.803
0.996
0.908
1.307
1.457
1.367
1.160
1.238
1.209
2.173
2.175
2.059
0.810
1.279
0.850
1.337
1.588
1.456
3.677
3.705
3.706
1.214
1.638
1.317
1.950
2.034
1.903
1.223
1.040
1.139
0.796
1.018
0.833
1.860
2.152
1.882
1.074
1.483
1.109
1.379
1.567
1.368
2.221
2.277
2.264
1.576
1.777
1.325
3.048
3.064
3.017
1.200
1.537
1.420
1.846
1.813
1.737
1.799
2.008
1.953
1.160
1.180
1.149
1.457
1.567
1.462
1.603
1.798
1.484
1.262
1.414
1.402
1.419
1.440
1.258
1.262
1.407
1.328
1.551
1.799
1.717
1.381
1.539
1.429
1.643
1.831
1.754
1.196
1.254
1.205
2.025
2.160
2.082
1.345
1.458
1.334
1.702
1.714
1.795
1.929
1.874
1.795
0.720
0.922
0.807
2.226
2.260
1.946
0.658
0.782
0.732
1.670
1.754
1.669
1.351
1.569
1.420
1.184
1.290
1.635
0.871
1.217
0.984
0.878
1.173
1.041
0.938
1.305
1.111
0.809
0.936
0.841
1.404
1.531
1.474
0.378
0.640
0.510
0.999
1.480
1.294
1.272
1.463
1.278
1.049
1.119
1.027
1.079
1.148
1.082
1.868
2.083
1.699
0.934
1.116
0.988
2.218
2.301
2.207
0.743
0.982
0.893
1.320
1.528
1.536
1.164
1.488
1.329
2.231
2.252
2.133
0.845
1.019
0.919
1.299
1.452
1.334
2.266
2.438
2.195
1.397
1.794
1.544
1.165
1.195
1.184
0.586
0.856
0.669
1.188
1.165
0.939
0.931
0.979
0.954
1.740
1.784
1.594
1.249
1.322
1.257
1.437
1.467
1.412
1.291
1.360
1.320
0.989
0.930
0.829
1.051
1.256
1.068
1.059
1.184
1.121
0.945
0.981
0.934
1.059
1.158
1.033
0.770
0.863
0.839
0.860
0.960
0.794
1.497
1.536
1.420
0.667
0.788
0.748
1.710
1.857
1.679
0.813
0.971
0.653
1.430
1.573
1.456
1.628
1.638
1.485
1.255
1.337
1.285
0.851
1.073
0.907
0.961
1.045
0.911
1.124
1.305
1.223
1.688
1.808
1.734
1.408
1.567
1.459
1.981
2.189
1.928
0.577
0.849
0.801
1.661
1.795
1.605
0.582
0.830
0.605
1.558
1.668
1.931
0.816
0.923
0.768
0.501
0.647
0.571
1.640
1.839
1.591
1.656
1.792
1.692
1.779
1.985
2.265
1.932
2.137
2.435
1.779
1.985
2.265
1.932
2.137
2.435
1.932
2.137
2.435
1.779
1.985
2.265
1.714
1.912
2.158
0.872
0.839
0.825
0.950
1.044
0.957
0.769
1.039
0.802
1.181
1.204
1.169
1.713
1.770
1.687
3.287
3.263
2.991
1.297
1.455
1.224
1.442
1.613
1.493
2.082
2.130
2.251
2.559
2.535
2.529
1.425
1.479
1.352
1.139
1.262
1.155
2.290
2.391
2.335
1.763
1.963
1.803
0.637
0.722
0.668
2.586
2.547
2.462
1.780
1.764
1.727
1.134
1.395
1.140
1.084
1.292
1.196
1.142
1.298
1.217
1.637
1.665
1.470
0.819
0.840
0.625
0.770
0.882
0.808
1.318
1.575
1.408
1.348
1.629
1.467
1.244
1.404
1.311
0.671
0.959
0.706
1.701
1.731
1.693
1.736
1.838
1.686
1.874
1.913
1.489
2.528
2.749
2.556
1.090
1.189
1.109
0.785
0.902
0.849
0.962
1.003
0.940
1.250
1.304
1.277
1.278
1.405
1.243
1.778
1.913
1.818
0.832
1.704
1.064
2.141
2.294
2.528
0.777
0.875
0.807
1.015
1.096
1.033
0.596
0.806
0.694
1.536
1.675
1.350
0.912
0.989
0.901
1.150
1.241
1.093
0.886
1.005
0.838
1.487
1.590
1.507
1.204
1.380
1.214
1.568
1.560
1.551
1.343
1.510
1.344
1.542
1.582
1.418
2.742
2.761
2.666
1.368
1.421
1.314
1.653
1.832
1.657
1.736
1.785
1.682
0.807
0.930
0.781
1.468
1.505
1.476
2.392
2.476
2.282
0.798
0.886
0.852
1.392
1.425
1.377
1.078
1.162
1.103
0.839
0.955
0.840
1.149
1.152
1.098
1.433
1.637
1.667
1.523
1.685
1.531
1.013
1.147
0.998
0.800
0.871
0.829
2.537
2.650
2.639
3.941
4.013
3.956
0.852
0.970
0.784
1.734
1.811
1.637
1.734
1.873
1.746
0.714
0.747
0.643
1.277
1.393
1.292
1.410
1.495
1.444
2.301
2.332
2.211
1.729
1.851
1.761
1.410
1.813
1.506
1.503
1.506
1.446
1.622
1.742
1.549
0.825
1.031
0.933
1.160
1.269
1.171
1.742
1.806
1.794
1.211
1.325
1.251
1.152
1.218
1.419
0.832
1.191
0.906
1.183
1.272
1.281
1.690
1.862
1.757
1.388
1.494
1.466
1.786
1.875
1.840
3.576
3.664
3.475
1.347
1.411
1.395
0.602
0.932
0.753
1.410
1.573
1.432
1.652
1.773
1.745
2.660
2.518
2.529
1.606
1.697
1.645
1.001
1.079
1.061
1.497
1.522
1.524
1.343
1.591
1.372
1.132
1.557
1.243
2.374
2.510
2.372
2.252
2.255
2.188
2.813
2.893
2.832
0.708
0.652
0.667
2.207
2.338
2.232
0.971
1.174
1.161
1.837
1.926
1.786
1.078
1.110
0.989
0.625
0.710
0.515
1.109
1.153
1.054
0.828
0.886
0.828
1.393
1.535
1.444
1.052
1.114
1.217
1.153
1.222
1.184
4.151
4.162
4.066
1.235
1.464
1.265
1.792
2.018
1.828
1.320
1.356
1.322
2.200
2.075
2.029
2.183
2.258
2.196
1.212
1.348
1.137
1.912
2.041
1.958
1.871
1.964
1.865
1.567
1.712
1.502
2.024
2.102
2.078
1.657
1.824
1.702
1.355
1.400
1.361
1.355
1.428
1.377
1.231
1.483
1.344
1.790
1.899
1.786
1.798
2.038
1.915
1.082
1.231
1.135
1.724
1.883
1.701
1.734
1.813
1.741
0.730
0.963
0.807
1.260
1.401
1.411
1.178
1.337
1.277
0.728
1.048
0.879
1.887
2.031
1.915
1.420
1.556
1.457
1.164
1.222
0.636
1.494
1.701
1.605
1.685
1.804
1.608
0.535
0.676
0.646
0.793
1.087
0.929
0.867
0.881
0.884
1.725
1.917
1.727
1.363
1.530
1.464
1.788
1.838
1.764
1.586
1.654
1.590
1.242
1.533
1.181
1.488
1.903
1.639
0.948
1.208
0.961
1.281
1.360
1.249
1.502
1.677
1.613
1.315
1.301
1.030
1.501
1.615
1.464
0.889
1.585
1.087
1.179
1.222
1.111
1.890
1.990
1.930
0.890
0.944
0.908
0.812
0.921
0.712
1.861
1.946
1.904
1.718
1.938
1.882
1.626
1.814
1.972
1.467
1.730
1.568
3.335
3.347
3.299
1.215
1.427
1.351
1.613
2.073
1.706
1.283
1.442
1.293
1.408
1.627
1.644
0.886
0.943
0.878
1.458
1.483
1.251
0.699
0.780
0.714
1.028
1.301
1.092
0.926
0.983
0.920
0.621
0.725
0.634
0.754
0.889
0.839
0.594
0.839
0.838
0.482
0.652
0.553
0.787
1.041
0.724
1.943
2.004
1.883
1.931
1.994
1.959
0.989
1.241
0.945
1.439
1.533
1.467
1.725
1.742
1.722
0.722
0.816
0.585
0.998
1.187
0.990
2.004
2.209
2.088
1.407
1.462
1.309
1.377
1.586
1.438
2.152
2.352
2.206
0.815
1.003
0.905
1.392
1.536
1.498
1.226
1.364
1.247
0.684
0.809
0.664
1.509
1.729
1.562
1.515
1.581
1.514
1.461
1.550
1.393
1.436
1.761
1.481
1.164
1.173
1.139
2.209
2.753
2.221
1.749
1.767
1.713
0.594
0.666
0.439
2.271
2.285
2.317
2.063
2.104
2.069
1.447
1.516
1.463
1.641
1.754
1.537
1.508
1.479
1.393
0.859
0.870
0.835
2.702
2.852
2.642
1.478
1.445
1.264
1.462
1.527
1.294
0.525
0.691
0.561
1.306
1.453
1.346
0.862
1.420
0.864
0.699
0.887
0.837
0.800
1.176
0.825
0.800
1.177
0.925
2.090
2.089
2.117
0.919
1.192
1.015
0.824
0.898
0.845
0.781
1.081
0.758
0.818
0.994
0.893
2.295
2.348
2.297
1.235
1.380
1.280
1.741
2.074
1.892
1.615
1.714
1.635
2.089
2.182
2.059
1.148
1.267
1.163
2.104
2.173
2.107
1.396
1.496
1.439
1.568
1.762
1.515
1.292
1.314
1.201
0.730
0.812
0.754
0.717
0.955
0.757
0.913
1.247
1.138
1.061
1.144
1.037
0.878
0.991
0.804
1.914
2.208
2.039
0.941
1.427
1.102
1.111
1.563
1.661
1.650
1.762
1.619
1.659
1.719
1.735
1.212
1.293
1.183
2.275
2.349
2.303
1.916
2.097
2.067
1.467
1.528
1.512
1.397
1.469
1.400
1.064
1.127
1.049
1.771
2.179
1.771
0.750
0.942
0.845
1.638
1.718
1.708
2.200
2.618
2.284
1.537
1.623
1.579
1.245
1.548
1.400
1.859
1.924
1.881
1.339
1.342
1.251
1.050
1.149
1.047
0.652
0.759
0.551
1.125
1.134
1.294
1.789
1.925
1.874
0.801
1.301
0.698
0.820
1.605
0.526
0.691
0.788
0.667
1.034
1.503
0.919
1.778
1.922
1.677
2.617
2.724
2.610
1.059
1.158
1.051
2.941
3.034
2.979
1.653
1.656
1.593
1.237
1.349
1.259
2.137
2.296
2.188
1.117
1.280
1.197
0.957
1.026
0.960
0.824
0.914
0.875
1.218
1.290
0.959
1.258
1.553
1.351
1.652
1.932
1.766
1.579
1.644
1.619
0.930
1.357
1.468
1.701
1.799
1.695
0.897
1.003
0.946
3.027
3.099
3.051
1.379
1.417
1.337
2.111
2.219
2.127
1.207
1.226
1.235
0.674
0.904
0.849
0.674
0.904
0.849
0.674
0.904
0.849
1.242
1.421
1.225
0.740
0.855
0.726
0.964
1.130
0.962
1.680
1.737
1.667
0.786
0.917
0.849
0.775
0.998
0.861
0.825
0.932
0.804
0.933
1.113
0.957
0.933
1.275
1.133
1.380
1.335
1.177
1.018
1.631
1.123
1.216
1.768
1.313
1.058
1.119
1.281
0.937
1.089
0.995
1.428
1.567
1.463
0.996
1.109
0.999
1.558
1.605
1.577
1.487
1.762
1.683
1.809
1.982
1.889
3.166
3.282
2.966
1.012
1.124
1.083
1.192
1.347
1.232
1.342
1.326
1.112
0.860
0.947
0.643
1.547
1.728
1.602
0.642
0.803
0.719
1.016
1.087
1.024
1.583
1.763
1.519
1.265
1.312
1.295
1.727
2.315
1.805
1.933
1.977
1.908
0.992
1.075
1.016
1.319
2.068
1.210
1.254
1.238
1.234
0.649
0.707
0.531
2.151
2.364
2.186
1.570
1.706
1.630
1.014
1.044
1.001
0.718
1.022
0.753
3.453
3.374
3.489
1.567
1.644
1.478
1.412
1.461
1.423
0.483
0.653
0.496
2.114
2.230
2.047
1.290
1.476
1.306
1.313
1.518
1.345
1.655
2.011
1.760
0.942
1.141
0.948
0.805
0.866
0.792
1.368
1.476
1.366
1.306
1.405
1.236
1.679
1.835
1.781
0.914
1.076
0.930
1.116
1.143
1.004
1.173
1.291
1.274
1.214
1.431
1.321
0.864
1.167
0.869
0.631
0.691
0.625
1.620
1.844
1.604
1.043
1.095
1.037
1.352
1.406
1.574
1.134
1.192
1.129
0.500
0.787
0.539
2.409
2.442
2.408
1.111
1.271
1.196
0.916
1.073
0.974
1.645
1.794
1.687
2.456
2.615
2.453
1.542
1.544
1.402
1.613
1.608
1.698
0.763
0.805
0.786
1.932
2.045
2.029
0.906
0.995
0.919
2.181
2.242
2.260
1.550
1.778
1.640
3.516
3.558
3.447
3.037
3.157
3.192
1.097
1.368
1.114
1.280
1.226
1.156
1.051
0.956
0.695
1.351
1.415
1.318
1.057
1.211
1.102
2.257
2.375
2.236
1.421
1.524
1.427
0.862
0.939
0.725
1.635
1.693
1.365
2.047
2.045
1.956
1.033
1.278
1.099
2.717
2.784
2.745
1.572
1.619
1.605
1.849
1.950
1.818
0.813
0.941
0.851
0.990
1.099
0.925
1.143
1.084
1.090
0.858
1.106
0.942
1.282
1.526
1.372
2.287
2.527
2.407
1.009
1.106
0.909
1.313
1.344
1.277
0.979
1.190
1.178
0.755
0.884
0.798
0.850
1.325
0.728
1.026
1.124
0.942
0.592
0.741
0.661
0.963
1.061
1.020
1.468
1.526
1.481
2.231
2.147
2.184
3.057
3.136
2.749
2.907
3.206
3.094
1.827
2.025
1.755
1.827
1.963
1.761
1.061
1.303
1.164
1.530
1.696
1.506
0.830
0.885
0.780
1.637
1.607
1.519
1.318
1.491
1.388
0.932
1.145
1.063
0.945
1.009
0.937
1.482
1.630
1.466
1.257
1.379
1.308
1.160
1.215
1.026
1.627
1.611
1.547
0.947
1.062
1.005
0.946
1.269
1.174
1.258
1.345
1.282
1.001
1.122
1.042
1.532
1.737
1.779
0.769
0.906
0.773
1.450
1.410
1.208
1.716
1.874
1.730
0.912
1.003
0.943
0.746
0.820
0.714
2.256
2.430
2.244
1.506
1.571
1.520
1.080
1.197
1.082
1.112
1.297
1.343
1.481
1.793
1.586
1.186
1.319
1.239
1.315
1.446
1.320
0.618
0.959
0.759
2.288
2.530
2.503
0.739
0.780
0.689
0.739
0.769
0.783
1.282
1.416
1.362
1.209
1.417
1.261
2.369
2.695
2.460
0.986
1.204
0.968
0.779
0.917
0.819
1.454
1.474
1.406
1.025
1.061
1.041
1.428
1.514
1.471
1.326
1.438
1.239
1.215
1.462
1.177
1.075
1.206
1.143
1.614
1.662
1.483
1.202
1.428
1.195
1.776
2.011
1.705
1.187
1.169
1.000
1.820
1.895
1.856
1.546
1.542
1.515
2.291
2.333
2.095
1.293
1.444
1.367
1.724
1.839
1.818
1.049
1.213
1.127
1.096
1.248
1.057
1.148
1.330
1.221
1.202
1.230
1.145
1.386
1.500
1.462
1.510
1.718
1.558
1.408
1.562
1.302
1.555
1.747
1.737
1.866
2.002
1.741
1.646
1.843
1.750
0.743
1.218
0.954
0.672
0.831
0.744
1.062
1.190
0.812
0.683
0.796
0.716
2.043
2.185
1.939
1.580
1.669
1.549
0.974
1.239
1.082
1.287
1.387
1.300
0.655
0.808
0.721
1.561
1.675
1.591
1.804
1.954
1.525
0.672
0.831
0.744
1.567
1.623
1.561
1.531
1.670
1.542
0.657
0.814
0.728
0.842
1.055
0.869
1.105
1.226
1.147
0.657
0.814
0.728
1.374
1.466
1.387
0.887
1.044
0.986
0.882
0.970
1.192
2.290
2.372
2.372
1.368
1.568
1.482
1.342
1.415
1.296
0.657
0.814
0.728
1.519
1.582
1.324
0.927
1.022
0.909
0.657
0.814
0.728
0.698
0.820
0.697
0.987
1.153
1.033
1.176
1.224
1.214
0.852
0.937
0.907
1.169
1.508
1.321
1.546
1.629
1.350
0.739
0.910
0.661
0.739
0.894
0.718
0.739
0.921
0.718
1.856
2.020
1.978
1.459
1.739
1.538
0.575
0.790
0.662
1.068
1.209
1.144
0.672
0.831
0.744
1.123
1.280
1.202
1.480
1.527
1.431
0.872
1.056
0.889
0.668
0.782
0.721
0.613
1.317
0.839
1.816
1.908
1.745
1.743
1.665
1.664
0.957
1.005
0.976
1.361
1.476
1.384
1.332
1.458
1.309
0.743
0.881
0.811
2.167
2.598
2.373
0.917
1.068
0.954
1.002
1.186
1.102
0.657
0.814
0.728
0.868
1.144
0.935
0.726
0.921
0.645
0.936
0.926
0.871
1.161
1.196
0.967
1.692
1.734
1.686
1.787
1.828
1.755
1.248
1.262
1.239
0.762
0.918
0.789
1.589
1.722
1.641
0.895
1.024
0.870
1.322
1.526
1.404
1.377
1.540
1.315
0.914
1.546
1.107
1.685
1.925
1.743
0.949
1.174
0.959
1.337
1.463
1.230
0.952
1.055
1.017
0.717
0.815
0.718
0.735
0.757
0.722
2.494
2.554
2.443
1.019
1.081
1.000
1.819
1.871
1.793
2.066
2.355
2.192
3.932
3.955
3.818
0.788
0.907
0.853
1.067
1.307
1.164
1.031
1.155
0.934
1.700
1.859
1.683
3.323
3.446
3.399
1.029
1.259
0.863
0.812
0.985
0.908
1.232
1.491
1.316
0.710
0.766
0.678
1.034
1.118
1.081
1.113
1.393
1.208
1.341
1.652
1.404
2.126
2.338
2.212
1.692
1.798
1.700
1.111
1.309
1.205
1.229
1.431
1.264
2.143
2.252
2.152
1.085
1.197
1.128
1.543
1.606
1.505
1.435
1.540
1.496
1.934
2.020
1.896
1.476
1.401
1.768
2.592
2.656
2.609
0.765
0.743
0.557
0.589
0.867
0.701
1.568
1.847
1.655
1.609
1.735
1.647
1.208
1.290
1.224
2.123
2.080
1.970
1.724
1.792
1.749
1.875
1.909
1.893
1.237
1.372
1.283
1.022
1.088
1.042
1.025
1.209
1.112
0.709
0.761
0.757
1.389
1.480
1.434
1.153
1.386
1.332
1.077
1.267
1.151
0.816
1.155
0.968
1.499
1.523
1.524
1.465
1.639
1.598
2.341
2.391
2.315
1.575
1.636
1.569
2.046
2.166
2.098
1.140
1.376
1.341
1.586
1.666
1.639
1.082
1.263
1.110
1.499
1.580
1.515
0.593
0.888
0.813
1.124
1.126
1.170
1.426
1.602
1.526
0.542
0.659
0.646
0.900
1.082
1.029
1.143
1.288
1.164
2.085
2.116
2.108
1.586
1.856
1.697
1.122
1.207
1.087
2.184
2.262
2.143
1.070
1.240
1.160
2.256
2.351
2.252
1.977
2.120
2.006
1.832
2.082
1.897
2.232
2.356
2.236
0.862
1.700
1.101
2.957
3.138
3.042
2.697
2.762
2.654
1.822
2.013
1.877
1.213
1.290
1.218
1.458
1.552
1.509
0.775
0.872
0.823
1.152
1.191
1.163
1.592
1.700
1.699
2.736
2.821
2.761
2.201
2.268
2.232
0.988
1.131
1.028
1.780
1.886
1.876
0.813
1.021
0.900
1.306
1.362
1.317
1.492
1.533
1.499
1.392
1.666
1.525
1.119
1.298
1.194
0.934
1.084
1.034
1.360
1.346
1.160
2.309
2.329
2.306
2.001
1.998
2.041
2.316
2.367
2.386
1.030
1.174
1.124
1.248
1.355
1.295
1.378
1.394
1.333
0.799
0.896
0.813
2.048
2.115
2.118
1.272
1.729
1.698
0.551
0.784
0.723
0.738
0.785
0.668
1.828
1.899
1.768
0.966
1.171
1.062
1.601
1.622
1.557
1.720
1.898
1.757
1.431
1.507
1.489
0.927
1.173
1.089
1.143
1.211
1.104
1.594
1.608
1.375
2.886
2.993
2.971
1.443
1.415
1.224
1.351
1.474
1.340
0.797
0.970
0.859
2.757
2.788
2.516
1.611
1.606
1.990
2.527
2.558
2.449
1.043
1.166
1.012
2.254
2.255
2.048
2.025
2.180
2.001
1.627
1.712
1.659
0.945
1.123
1.027
1.814
2.115
2.133
1.205
1.374
1.361
1.499
1.559
1.301
1.503
1.566
1.697
0.943
1.039
1.002
0.683
0.795
0.740
1.069
1.246
1.155
1.069
1.246
1.155
1.069
1.246
1.155
2.152
2.237
2.130
0.965
1.133
0.903
1.619
1.810
1.724
0.567
0.579
0.588
1.526
1.719
1.596
1.011
1.325
1.289
0.784
0.912
0.798
1.910
1.999
1.695
1.444
1.633
1.453
0.996
1.097
1.026
0.828
1.130
0.985
1.500
1.998
1.747
1.070
1.191
1.118
1.541
1.486
1.607
2.020
2.121
1.724
1.852
2.109
1.837
1.244
1.370
1.293
1.618
1.630
1.529
2.037
2.179
2.163
2.487
3.514
2.445
1.535
1.649
1.566
1.002
1.091
0.991
1.068
1.099
0.934
0.996
1.248
1.193
1.053
1.205
1.166
1.620
1.588
1.469
1.631
1.797
1.563
1.823
2.055
2.089
2.446
2.588
2.490
1.575
1.684
1.469
1.022
1.222
1.147
1.176
1.289
1.214
0.506
0.753
0.626
1.466
1.738
1.616
1.442
1.370
1.291
1.561
1.603
1.500
1.695
1.947
1.797
0.897
1.050
1.001
2.090
2.132
1.939
0.879
0.893
0.793
1.054
1.163
0.912
1.537
1.655
1.551
2.085
2.150
1.845
0.815
0.891
0.783
0.640
0.710
0.612
0.627
0.728
0.607
0.544
0.691
0.610
0.678
0.796
0.727
1.081
1.222
1.144
2.172
2.561
2.268
1.086
1.060
1.045
0.827
0.997
0.884
1.071
1.146
1.046
1.307
1.388
1.225
1.719
1.835
1.761
1.027
1.118
1.065
1.010
1.085
1.054
0.910
1.074
0.952
1.193
1.308
1.167
1.520
1.764
1.546
1.179
1.357
1.316
0.444
0.557
0.492
1.027
1.002
0.979
2.434
2.382
2.421
1.354
1.551
1.419
1.021
1.196
1.072
0.428
0.690
0.572
0.428
0.690
0.572
0.428
0.690
0.572
1.058
1.139
1.077
1.358
1.475
1.260
0.872
0.929
0.647
1.105
1.301
1.278
0.614
0.710
0.611
1.781
1.935
1.817
1.837
1.923
1.872
1.233
1.423
1.236
0.902
1.056
0.965
1.591
1.800
1.681
1.537
1.908
1.754
1.100
1.197
1.102
0.879
1.050
0.798
0.727
0.741
0.684
1.594
1.680
1.641
1.238
1.349
1.314
1.238
1.443
1.314
1.532
1.761
1.637
1.600
1.795
1.579
0.689
0.911
0.846
2.280
2.388
2.243
0.715
0.801
0.744
1.301
1.360
1.302
0.949
1.007
0.963
1.363
1.511
1.459
1.037
1.076
0.894
0.348
0.642
0.525
0.676
0.941
0.825
1.052
1.295
1.306
1.484
1.604
1.421
0.587
0.599
0.456
1.519
1.489
1.474
1.911
2.080
1.980
0.754
0.833
0.791
1.657
1.774
1.605
1.333
1.446
1.314
0.964
0.956
1.025
1.472
1.650
1.439
1.860
2.032
1.936
1.360
1.531
1.367
1.978
2.098
1.955
1.086
1.247
1.177
1.104
1.351
1.197
0.944
1.155
1.020
1.668
1.750
1.707
1.205
1.332
1.269
0.778
0.949
0.871
0.778
0.949
0.871
1.925
1.996
1.984
0.786
1.005
0.793
1.725
1.748
1.685
1.391
1.583
1.419
0.767
0.884
0.761
1.258
1.343
1.241
1.400
1.530
1.362
0.755
0.980
0.801
2.105
2.176
2.025
1.754
1.887
1.797
1.567
1.701
1.589
2.728
2.745
2.678
1.447
1.747
1.571
0.932
0.990
0.925
1.278
1.401
1.304
1.561
1.765
1.661
1.389
1.512
1.357
0.888
0.936
0.961
1.805
1.924
1.782
1.600
1.826
1.673
1.490
1.598
1.496
0.779
0.926
0.829
1.435
1.405
1.157
1.219
1.309
1.287
0.515
0.621
0.503
0.842
0.906
0.824
0.762
0.888
0.811
1.598
1.665
1.638
1.004
1.067
1.025
1.061
1.308
1.089
1.672
1.855
1.745
1.983
2.594
2.104
1.632
1.852
1.799
1.172
1.323
1.197
0.888
0.997
0.941
1.162
1.108
0.938
0.879
1.161
0.995
1.060
1.151
1.094
0.972
1.056
0.980
1.784
1.950
1.828
0.641
1.113
0.904
1.986
2.113
2.069
1.049
1.128
1.026
2.071
2.227
1.946
0.719
0.747
0.670
1.361
1.447
1.283
2.726
2.813
2.784
2.418
2.650
2.514
0.740
0.925
0.838
1.956
2.103
1.993
1.262
1.389
1.226
1.061
1.297
1.115
2.121
2.514
2.168
1.690
1.779
1.696
2.086
2.139
2.111
0.841
0.975
0.837
1.507
1.482
1.302
0.890
1.001
0.943
2.278
2.462
2.283
1.737
1.850
1.552
1.182
1.317
1.201
0.525
0.725
0.611
0.611
0.606
0.490
1.546
1.651
1.601
1.082
1.304
1.130
2.617
2.808
2.734
1.377
1.550
1.436
1.557
1.699
1.695
0.750
0.950
0.865
0.890
1.001
0.943
1.761
1.841
1.756
0.819
1.176
0.946
0.829
0.943
0.684
0.811
0.878
0.795
1.484
1.583
1.524
0.838
0.985
0.870
1.402
1.570
1.481
0.871
0.924
0.921
0.888
0.997
0.941
0.655
0.717
0.617
1.142
1.150
1.079
0.936
1.054
0.897
1.098
1.125
1.095
0.629
0.791
0.670
1.520
1.611
1.519
0.703
0.888
0.779
2.968
3.309
3.083
2.968
3.309
3.083
2.968
3.309
3.083
0.917
1.049
0.970
0.890
1.001
0.943
1.688
1.745
1.671
1.214
1.301
1.245
0.727
0.726
0.596
0.927
1.043
0.913
1.449
1.579
1.411
1.158
1.275
1.139
0.773
0.841
0.823
1.677
1.737
1.670
0.941
1.102
0.981
2.079
2.188
2.044
0.908
0.774
0.819
0.890
1.001
0.943
0.913
1.065
0.999
0.970
1.110
1.020
0.816
0.908
0.784
2.579
2.633
2.513
0.652
0.974
0.803
1.021
1.312
1.169
2.058
2.239
2.042
0.746
0.814
0.761
0.537
0.906
0.671
2.164
2.332
2.249
1.353
1.435
1.320
1.749
1.855
1.762
1.359
1.463
1.375
1.751
1.789
1.749
1.138
1.268
1.199
0.990
1.354
1.111
1.891
2.023
1.906
1.224
1.401
1.277
1.991
2.185
2.123
1.179
1.272
1.225
1.674
1.730
1.733
1.457
1.429
1.421
0.679
0.987
0.739
1.176
1.382
1.226
1.546
1.498
1.547
1.860
1.993
1.913
2.154
2.328
2.222
1.187
1.250
1.116
2.708
2.546
2.402
1.145
1.142
0.854
1.886
1.922
1.847
1.582
1.769
1.713
1.055
1.182
1.123
1.813
2.058
1.834
1.666
1.972
1.788
2.417
2.484
2.425
1.993
2.101
2.025
1.626
1.883
1.801
1.808
1.789
1.773
1.079
1.448
1.131
1.626
1.720
1.559
1.673
1.806
1.748
1.614
1.561
1.564
2.608
2.701
2.664
2.322
2.304
2.312
0.732
0.845
0.730
1.233
1.451
1.362
1.841
1.946
1.895
1.399
1.651
1.410
1.277
1.756
1.415
1.499
1.657
1.534
1.794
1.786
1.676
0.888
0.966
0.920
1.107
1.079
1.182
1.205
1.368
1.273
1.573
1.624
1.540
0.796
0.960
0.800
0.796
0.960
0.800
1.293
1.397
1.338
1.340
1.350
1.284
0.786
0.882
0.689
2.085
2.229
2.066
1.552
1.462
1.454
0.860
0.985
0.770
1.083
1.317
1.194
0.560
0.579
0.560
1.030
1.171
1.078
2.594
2.700
2.112
1.467
1.345
1.018
0.524
0.694
0.541
2.106
2.190
2.249
1.052
1.161
1.103
0.932
1.075
0.970
1.139
1.438
1.123
1.771
1.863
1.712
1.217
1.259
1.180
2.166
2.384
2.202
1.239
1.065
0.929
1.995
2.005
1.979
1.584
1.688
1.619
1.109
1.175
0.966
1.637
2.011
1.775
0.751
0.825
0.688
2.383
2.536
2.369
2.031
2.149
2.087
0.812
0.960
0.882
1.169
1.257
1.137
1.502
1.600
1.499
1.252
1.486
1.128
1.737
1.818
1.653
2.521
2.559
2.552
0.793
0.965
0.872
1.121
1.332
1.249
1.612
1.898
1.645
1.020
1.094
1.204
1.524
1.654
1.605
0.661
0.791
0.687
1.285
1.397
1.263
0.972
1.058
0.907
3.233
3.352
3.293
1.786
2.193
1.930
0.769
0.849
0.775
0.928
1.036
0.927
1.125
1.192
1.172
2.282
2.209
1.931
1.087
1.182
1.004
1.375
1.428
1.383
0.859
0.910
1.249
1.095
1.224
1.153
1.713
1.942
1.737
0.876
1.013
0.921
2.933
3.013
2.988
2.899
2.943
2.872
1.819
2.116
1.925
1.113
1.244
1.180
1.725
1.728
1.718
1.484
1.702
1.505
1.936
2.126
2.030
1.218
1.279
1.203
1.349
1.581
1.484
1.351
1.546
1.417
0.910
1.073
0.963
0.404
0.480
0.390
1.154
1.246
1.227
0.980
1.191
1.058
0.761
0.851
0.778
2.095
2.257
2.203
1.264
1.656
1.499
1.151
1.337
1.231
0.570
0.923
0.786
1.545
1.826
1.694
1.645
1.673
1.426
0.906
0.949
0.893
1.606
1.798
1.522
1.389
1.465
1.509
1.349
1.510
1.383
1.106
1.204
0.939
2.216
2.258
2.192
0.810
1.063
0.858
0.810
0.966
0.858
2.022
2.147
1.897
1.402
1.562
1.475
1.314
1.391
1.289
1.094
1.305
1.192
0.656
0.760
0.688
0.748
0.890
0.776
1.097
1.196
1.102
0.638
0.642
0.619
2.108
2.188
2.048
1.123
1.219
1.038
0.895
1.042
0.925
1.019
1.157
1.016
2.133
2.267
2.089
3.048
3.093
2.986
1.345
1.414
1.355
0.882
0.958
0.930
0.883
0.965
0.952
0.658
0.860
0.718
1.443
1.466
1.420
1.612
1.532
1.599
1.399
1.399
1.302
1.041
1.283
1.103
0.682
0.861
0.758
0.596
0.700
0.597
1.330
1.426
1.334
1.694
1.791
1.700
0.869
0.926
0.851
0.964
0.966
0.955
0.890
1.001
0.943
0.890
1.001
0.943
1.258
1.327
1.271
1.083
1.445
1.311
1.145
1.280
1.203
0.837
0.940
0.861
1.042
1.524
1.051
1.412
1.701
1.562
0.484
0.667
0.624
1.576
1.703
1.730
2.411
2.385
2.418
0.807
0.978
0.892
2.347
2.370
2.239
1.063
1.366
1.065
1.115
1.198
0.931
1.789
1.900
1.822
1.688
1.775
1.678
0.977
1.043
0.985
0.694
0.857
0.704
1.513
1.580
1.473
0.705
0.914
0.836
0.835
0.918
0.756
2.561
2.666
2.620
1.743
1.773
1.726
1.684
1.758
1.717
1.026
0.990
0.979
1.871
2.071
1.912
0.794
0.985
0.909
1.154
1.222
1.163
1.104
1.213
1.112
1.668
1.814
1.754
1.464
1.613
1.274
1.309
1.551
1.307
1.234
1.356
1.275
2.550
2.668
2.521
0.596
0.613
0.564
0.596
0.700
0.636
0.985
1.040
1.034
0.935
1.047
0.938
1.089
1.283
1.159
1.704
1.839
1.714
0.829
0.960
0.848
1.096
1.321
1.203
0.688
0.858
0.762
1.995
2.156
1.970
0.987
1.124
1.015
0.834
1.024
0.974
1.174
1.463
1.280
2.762
2.919
2.816
1.753
1.818
1.758
1.534
1.609
1.518
1.301
1.373
1.262
0.972
1.054
0.834
1.168
1.410
1.271
0.822
0.935
0.870
1.676
1.743
1.722
1.540
1.600
1.526
1.090
1.237
1.159
1.589
1.799
1.696
2.035
2.369
2.096
1.483
1.585
1.476
1.544
1.645
1.511
1.360
1.457
1.374
0.786
0.894
0.915
1.605
1.659
1.586
1.239
1.241
1.258
1.162
1.241
1.194
1.134
1.279
1.207
1.692
1.837
1.754
1.244
1.310
1.247
1.355
1.441
1.388
1.020
1.183
0.957
0.781
0.645
0.701
0.738
0.798
0.762
1.162
1.237
1.206
0.808
0.890
0.821
0.808
0.902
0.836
1.466
1.489
1.456
1.060
1.210
1.108
1.252
1.533
1.332
1.165
1.323
1.254
1.221
1.300
1.222
0.486
0.708
0.558
0.786
0.849
0.831
0.659
0.772
0.709
0.582
0.792
0.645
0.935
1.096
1.016
1.127
1.582
1.507
1.240
1.454
1.359
2.684
2.753
2.609
0.806
0.937
0.863
0.722
0.932
0.850
1.269
1.494
1.358
1.263
1.281
1.286
2.040
2.100
1.946
1.074
1.135
1.095
1.290
1.415
1.295
3.050
3.100
3.016
1.733
1.924
1.874
0.929
1.066
1.002
0.853
0.882
0.763
1.130
1.389
1.200
1.964
2.185
2.059
1.908
2.117
1.994
1.949
2.097
1.963
0.905
1.104
0.958
0.969
1.082
1.005
0.928
1.068
0.857
1.001
1.599
1.055
0.785
0.878
0.815
0.798
1.017
0.854
0.598
0.648
0.468
1.076
1.323
1.191
0.999
1.184
1.056
0.525
0.739
0.572
1.167
1.302
1.175
1.403
1.445
1.368
1.011
1.534
1.058
0.982
1.108
1.047
0.869
0.873
0.826
0.918
1.046
0.896
1.123
1.206
1.194
0.603
0.717
0.629
0.666
0.780
0.665
1.612
2.156
1.730
0.958
0.996
0.961
0.868
1.013
0.921
1.765
1.898
1.629
1.472
1.831
1.577
2.819
2.880
2.731
1.033
1.114
0.866
0.691
0.821
0.801
0.889
0.990
0.956
0.940
1.389
1.151
1.060
1.092
0.931
1.696
1.853
1.725
0.908
1.192
1.002
1.078
1.323
1.341
1.153
1.238
1.212
1.316
1.487
1.333
0.957
1.085
0.996
1.407
1.515
1.403
0.887
1.041
1.059
1.153
1.240
1.116
0.964
0.935
0.870
0.598
0.921
0.817
1.346
1.422
1.352
0.921
1.177
0.846
2.083
2.124
2.081
0.980
1.058
1.046
1.773
1.856
1.636
1.323
1.334
1.119
1.409
1.463
1.347
1.050
1.158
1.068
1.830
1.875
1.801
1.093
1.315
1.448
0.985
1.043
0.993
1.817
1.900
1.781
1.846
1.999
1.870
0.934
1.419
1.353
1.999
2.005
1.958
0.877
1.126
0.899
0.636
0.704
0.611
0.365
0.482
0.416
0.702
0.781
0.723
1.463
1.649
1.428
0.983
1.056
1.031
1.352
1.671
1.099
0.945
0.960
0.946
1.023
1.106
1.046
1.137
1.222
1.157
2.027
2.115
1.963
1.699
1.828
1.880
1.043
1.136
1.122
0.487
0.600
0.537
0.842
1.017
0.914
0.953
1.170
0.865
1.050
1.130
1.051
0.487
0.600
0.537
0.423
0.562
0.492
0.487
0.600
0.537
1.842
1.872
1.819
1.610
1.694
1.581
1.546
1.611
1.537
1.467
1.680
1.584
0.990
1.090
1.020
1.377
1.553
1.359
1.141
1.211
1.077
0.492
0.586
0.476
1.712
1.779
1.682
2.460
2.655
2.577
1.427
1.587
1.499
0.478
0.730
0.560
2.016
2.034
1.987
1.174
1.364
1.251
0.918
1.195
0.957
0.752
0.854
0.815
1.000
1.065
1.033
1.016
1.322
1.118
1.366
1.320
1.349
1.147
1.326
1.076
0.880
1.013
0.946
0.633
0.791
0.737
1.370
1.527
1.458
1.068
1.073
1.050
1.092
1.244
1.161
1.234
1.417
1.245
0.835
1.030
0.896
1.044
1.098
0.980
0.790
1.001
0.841
1.665
1.723
1.561
2.314
2.368
2.344
2.097
2.274
2.122
1.117
1.269
1.024
1.654
1.882
1.815
0.559
0.688
0.635
0.928
0.929
0.827
1.654
1.850
1.713
1.886
1.882
1.866
1.478
1.566
1.536
1.478
1.566
1.536
1.240
1.336
1.318
1.568
1.595
1.374
1.793
1.884
1.807
1.655
1.694
1.581
1.247
1.368
1.290
1.198
1.515
1.370
1.374
1.443
1.408
1.366
1.591
1.355
2.280
2.620
2.399
1.675
1.881
1.699
0.459
0.690
0.547
3.083
3.131
2.982
1.782
1.978
1.860
1.056
1.468
1.216
1.302
1.765
1.623
2.303
2.421
2.294
1.758
1.776
1.712
1.122
1.364
1.275
1.070
1.087
0.825
2.085
2.188
2.003
1.702
1.943
1.811
2.177
2.396
2.299
1.874
1.958
1.820
0.918
1.013
0.981
1.344
1.560
1.380
1.902
1.980
1.953
1.096
1.227
1.169
0.945
1.154
1.030
0.852
0.952
0.819
1.432
1.554
1.457
1.317
1.379
1.144
1.822
1.979
1.841
1.264
1.299
1.162
1.422
1.564
1.499
2.273
2.380
2.309
0.984
1.096
0.976
1.172
1.358
1.190
1.277
1.342
1.004
1.590
1.759
1.651
0.655
0.740
0.570
1.624
1.799
1.563
1.770
1.673
1.658
1.671
1.729
1.481
1.597
1.685
1.570
2.126
2.200
2.160
1.810
1.978
1.874
1.354
1.581
1.546
1.483
1.642
1.496
1.940
2.049
1.984
1.055
1.272
1.057
1.263
1.474
1.319
1.874
2.152
2.148
1.784
1.949
1.757
0.861
0.920
0.826
1.086
1.344
1.188
3.433
3.536
3.135
3.003
3.281
3.114
1.646
1.714
1.566
1.797
1.894
1.883
0.620
0.937
0.834
1.156
1.321
1.215
0.848
1.030
0.890
1.657
1.840
1.744
1.211
1.437
1.346
0.864
1.301
0.878
0.864
1.158
0.944
0.683
1.016
0.842
1.613
1.569
1.538
1.452
1.726
1.584
0.591
0.593
0.183
0.692
0.902
0.707
1.284
1.366
1.238
1.893
1.933
1.898
2.288
2.463
2.364
2.181
2.340
2.253
1.857
1.900
1.858
1.084
1.202
1.109
1.633
1.796
1.675
0.819
1.020
0.919
1.376
1.294
0.997
1.779
1.831
1.810
1.339
1.429
1.250
1.569
1.687
1.631
1.193
1.460
1.213
1.244
1.261
1.298
1.262
1.464
1.367
0.855
0.708
0.620
0.976
0.957
0.855
1.307
1.253
1.241
1.428
1.635
1.408
0.837
0.939
0.860
1.543
1.572
1.277
0.669
0.799
0.762
1.496
1.614
1.478
1.292
1.504
1.296
0.707
0.749
0.679
1.474
1.543
1.463
1.816
1.924
1.798
1.126
1.304
1.135
1.341
1.523
1.446
0.980
1.683
1.148
2.341
2.483
2.420
1.597
1.742
1.638
0.966
1.018
0.695
1.811
1.899
1.871
1.133
1.222
1.207
1.272
1.341
1.397
1.817
1.893
1.847
1.559
1.816
1.631
0.828
0.940
0.796
0.828
0.940
0.796
0.949
1.157
1.091
0.717
1.079
0.974
0.746
1.196
0.858
1.763
1.941
1.857
0.617
0.732
0.987
1.102
1.327
1.238
2.060
2.102
1.949
1.129
1.410
1.244
1.262
1.413
1.389
1.102
1.033
1.001
0.741
0.824
0.761
1.283
1.413
1.392
1.159
1.265
1.178
0.832
1.167
0.930
1.174
1.238
1.173
1.191
1.309
1.176
0.887
1.037
0.809
0.980
1.033
1.008
1.675
1.738
1.685
1.423
1.580
1.474
0.921
1.008
0.930
0.786
0.868
0.811
1.248
1.280
1.203
1.176
1.462
1.130
1.067
1.205
1.234
1.332
1.482
1.281
1.332
1.522
1.474
1.883
2.016
1.966
1.418
1.574
1.422
1.145
1.231
1.217
1.211
1.584
1.411
2.675
2.761
2.678
1.066
1.254
1.153
1.480
1.688
1.487
1.279
1.379
1.253
0.657
0.835
0.688
1.063
1.217
1.121
0.499
0.629
0.554
0.895
0.988
0.845
1.670
1.680
1.636
1.630
1.662
1.548
0.862
0.993
0.810
1.064
1.163
1.047
1.746
1.877
1.764
0.893
0.998
0.880
1.441
1.646
1.450
1.784
1.820
1.892
1.231
1.322
1.255
2.624
2.759
2.631
1.477
1.711
1.502
1.613
1.718
1.664
0.837
0.992
0.885
1.106
1.158
1.107
1.429
1.446
1.388
1.425
1.856
1.718
1.425
1.500
1.432
1.240
1.486
1.306
1.200
1.276
1.183
1.102
1.365
1.131
2.558
2.627
2.607
1.787
1.892
1.745
0.894
1.210
0.988
1.073
1.160
1.123
0.941
0.884
0.895
0.996
1.048
0.993
0.715
0.773
0.674
0.729
0.939
0.908
1.931
1.921
1.854
0.868
1.051
0.805
1.592
1.661
1.574
1.260
1.507
1.673
1.225
1.351
1.241
1.211
1.305
1.197
1.403
1.611
1.464
0.926
1.036
0.946
1.847
1.908
1.878
1.711
1.741
1.672
1.606
1.821
1.798
1.193
1.306
1.239
1.553
1.675
1.610
0.499
0.629
0.554
0.968
1.061
1.008
1.578
1.792
1.585
1.328
1.365
1.358
1.519
1.483
1.477
1.113
1.271
1.102
1.463
1.616
1.531
1.513
1.589
1.530
1.302
1.407
1.347
1.171
1.436
1.377
1.017
1.107
0.985
1.076
0.989
1.007
0.874
0.966
0.890
0.867
1.080
0.859
1.000
1.311
1.094
1.785
2.127
2.168
1.069
1.161
1.079
0.757
0.815
0.691
1.094
2.336
1.620
1.316
1.417
1.200
2.758
2.784
2.715
0.635
0.733
0.652
0.632
0.645
0.520
0.692
0.831
0.695
0.778
0.850
0.754
0.553
0.711
0.591
1.785
1.812
1.883
0.369
0.572
0.487
1.336
1.472
1.393
0.673
0.842
0.739
1.395
1.551
1.405
0.496
0.607
0.548
1.737
1.748
1.660
1.194
1.337
1.296
1.106
1.489
1.223
1.193
1.267
1.142
1.329
1.545
1.375
1.412
1.508
1.407
1.909
2.022
1.940
0.595
0.724
0.588
1.857
1.944
1.685
1.753
1.836
1.939
0.979
1.143
0.941
1.359
1.671
1.491
0.789
0.965
0.865
1.080
1.244
1.150
2.062
2.100
2.012
1.053
1.287
1.174
1.002
1.286
1.114
1.861
1.903
1.838
1.240
1.329
1.336
0.779
0.932
0.815
1.332
1.326
1.259
1.414
1.520
1.448
1.422
1.632
1.470
0.916
1.048
0.846
1.306
1.546
1.307
1.060
1.221
1.123
0.781
0.879
0.844
1.204
1.311
1.168
1.515
1.673
1.369
1.766
2.219
2.161
1.958
1.984
1.870
1.945
1.924
2.008
1.223
1.268
1.195
1.210
1.244
1.193
2.230
2.320
2.102
1.778
2.011
1.763
1.346
1.490
1.422
0.998
1.224
0.944
1.269
1.249
1.121
1.447
1.473
1.408
2.066
2.184
2.168
1.231
1.553
1.366
2.710
2.880
2.784
1.854
1.837
1.643
0.920
1.066
0.969
0.725
0.917
0.702
1.235
1.259
1.222
1.671
1.867
1.683
0.764
0.856
0.805
1.562
1.621
1.556
1.266
1.383
1.263
0.962
1.116
1.038
0.963
1.021
0.939
1.093
1.143
1.361
0.923
1.014
0.903
1.643
1.816
1.629
2.080
2.322
2.146
0.801
0.843
0.804
1.401
1.517
1.437
1.106
1.162
1.203
0.790
1.138
0.979
0.735
0.985
0.592
1.220
1.386
1.237
1.031
1.183
1.094
0.804
1.029
0.898
0.914
1.167
1.085
1.216
1.453
1.298
1.451
1.596
1.492
1.781
1.996
1.940
1.156
1.290
1.239
2.150
2.244
2.175
1.007
1.170
1.089
1.712
1.864
1.756
1.011
1.205
1.063
1.820
1.915
1.772
1.469
1.545
1.386
0.933
1.055
1.010
1.974
2.034
1.953
0.616
0.881
0.657
1.768
1.897
1.580
1.466
1.473
1.401
0.766
0.822
0.734
0.866
0.922
0.551
0.789
1.129
0.907
1.007
1.190
1.111
1.732
1.896
1.759
1.956
2.026
1.966
0.939
1.361
1.086
1.636
1.708
1.682
0.972
1.012
0.925
1.796
1.888
1.904
0.840
1.065
0.991
1.187
1.480
1.360
1.546
1.763
1.611
1.314
1.566
1.520
1.658
1.971
1.649
1.658
1.904
1.797
2.180
2.226
2.164
1.253
1.248
1.241
2.008
2.031
2.030
1.306
1.397
1.320
1.639
1.650
1.609
1.858
1.923
1.857
1.977
2.024
1.984
2.519
2.597
2.534
1.448
1.779
1.466
0.960
1.121
0.876
1.595
1.410
1.857
0.869
0.988
0.793
1.424
1.593
1.231
2.501
2.535
2.424
1.086
1.176
1.014
1.518
1.582
1.536
1.079
1.236
1.053
0.935
1.262
1.022
1.114
1.067
0.892
1.197
1.564
1.472
1.044
1.096
1.035
1.160
1.501
1.355
1.570
1.732
1.500
1.229
1.149
1.063
1.278
1.327
1.500
1.153
1.210
0.901
0.672
1.076
0.615
1.361
1.425
1.379
0.940
0.979
0.833
0.687
0.866
0.681
0.893
1.115
0.955
1.998
2.090
1.912
1.411
1.756
1.579
1.211
1.663
1.385
1.543
1.748
1.450
1.576
1.830
1.705
1.083
1.156
1.026
0.840
0.905
0.802
1.053
1.605
1.156
1.178
1.286
1.274
1.450
1.948
1.568
1.242
1.475
1.330
1.527
1.261
1.290
2.282
2.371
2.246
1.685
1.781
1.689
0.685
0.892
0.705
1.772
1.975
1.875
1.505
1.695
1.618
1.698
1.907
1.831
1.309
1.536
1.389
2.305
2.453
2.438
3.170
3.082
3.173
1.825
1.966
1.877
1.712
1.771
1.707
1.048
1.140
1.094
1.820
1.910
1.818
1.359
1.417
1.335
1.126
1.872
1.042
1.730
1.898
1.820
1.552
2.304
2.543
0.812
0.970
0.886
2.083
2.120
1.927
1.595
1.714
1.682
0.840
0.900
0.849
1.996
2.091
1.990
1.376
1.555
1.496
1.754
1.862
1.750
1.312
1.375
1.257
1.011
1.136
0.982
1.373
1.569
1.381
0.679
0.824
0.840
1.572
1.693
1.578
1.552
1.458
1.456
1.610
1.706
1.479
0.815
0.871
0.814
1.586
1.709
1.569
1.920
2.038
1.930
1.051
1.423
1.158
0.985
1.116
1.056
0.521
0.618
0.575
1.909
1.765
1.673
0.715
0.986
0.816
0.693
0.791
0.632
0.500
0.640
0.473
0.762
0.922
0.755
2.027
2.227
2.034
1.603
1.690
1.505
0.751
0.867
0.772
1.293
1.490
1.370
1.706
1.949
1.710
0.954
1.248
0.910
1.052
1.173
1.397
2.095
2.336
2.242
2.134
2.193
2.029
1.435
1.686
1.347
2.148
2.386
2.322
1.488
1.593
1.559
0.702
0.817
0.884
0.711
0.940
0.795
0.697
0.898
0.627
1.112
1.326
1.225
1.170
1.205
1.206
1.138
1.317
1.231
1.016
1.103
1.037
0.502
0.663
0.592
1.555
1.710
1.610
1.694
1.895
1.671
2.325
2.365
2.002
2.300
2.368
2.281
0.788
0.914
0.829
1.744
1.779
1.708
1.376
1.936
1.513
0.894
0.945
0.870
1.122
1.129
1.115
1.287
1.842
1.181
1.108
1.436
1.233
1.948
1.926
1.866
0.648
0.680
0.662
0.971
1.068
1.016
0.873
1.042
0.960
0.684
1.045
0.770
0.788
0.867
0.751
0.580
0.786
0.621
0.811
0.793
0.826
0.545
0.788
0.625
0.891
1.044
0.968
0.788
0.950
0.819
1.432
1.606
1.398
1.342
1.487
1.577
1.733
1.911
1.862
1.325
1.381
1.361
0.828
0.810
0.812
1.113
1.150
1.094
1.639
1.806
1.716
1.197
1.303
1.300
1.209
1.360
1.236
1.457
1.544
1.498
1.121
1.260
1.171
1.527
1.549
1.538
1.018
1.162
1.131
0.901
0.999
0.928
2.806
2.728
2.671
1.255
1.520
1.332
1.473
1.545
1.548
1.668
1.680
2.035
1.336
1.644
1.256
1.869
1.943
1.923
0.339
0.844
0.711
0.752
0.906
0.772
1.270
1.363
1.303
1.279
1.413
1.337
1.156
1.312
1.251
1.521
1.655
1.475
0.869
1.452
0.994
1.136
1.315
1.181
0.886
0.965
0.859
1.220
1.276
1.177
1.320
1.475
1.241
1.875
2.120
1.815
0.410
0.502
0.390
0.648
0.969
0.754
2.058
2.071
2.006
0.697
0.901
0.730
0.941
1.098
1.023
0.881
1.043
0.921
1.039
1.217
1.096
1.003
1.131
1.058
0.667
0.862
0.838
0.814
0.833
0.804
1.040
1.118
1.078
1.103
1.169
1.114
1.241
1.467
1.270
0.990
1.130
1.030
0.834
0.906
0.845
2.016
2.115
1.976
1.368
1.605
1.536
1.370
1.375
1.189
1.388
1.487
1.491
0.666
0.766
0.660
0.878
1.098
0.896
1.007
1.175
1.070
1.105
1.228
0.992
1.469
1.672
1.530
1.100
1.121
1.114
0.429
0.605
0.376
0.868
1.033
0.929
1.354
1.533
1.496
1.144
1.308
1.187
1.468
1.566
1.489
1.409
1.796
1.567
1.003
1.109
0.967
1.538
1.582
1.501
1.275
1.363
1.276
1.846
1.977
1.768
1.086
1.220
0.995
1.830
1.873
1.688
0.847
1.034
0.921
0.695
0.774
0.686
2.162
2.200
2.156
1.012
1.160
1.093
1.406
1.575
1.532
0.848
1.061
0.890
1.141
1.254
0.967
1.852
2.146
1.911
2.356
2.449
2.348
1.415
1.542
1.362
1.007
1.190
1.019
1.268
1.303
1.231
1.090
1.301
1.136
0.819
0.882
0.839
0.805
0.883
0.845
0.867
0.921
0.740
1.124
1.119
0.885
1.265
1.297
0.944
1.063
1.233
1.155
0.529
0.694
0.570
0.607
0.691
0.630
1.873
1.943
1.855
1.555
1.569
1.539
1.548
1.618
1.575
1.165
1.299
1.221
1.234
1.466
1.272
1.035
1.093
0.892
1.062
1.636
1.106
1.131
1.104
0.983
1.793
1.862
1.835
2.074
2.165
1.970
0.667
0.721
0.703
1.264
1.290
1.286
1.050
1.180
1.054
1.650
1.875
1.634
1.977
1.974
1.731
1.130
1.208
1.126
1.651
1.732
1.721
0.836
0.977
0.821
1.331
1.393
1.386
1.377
1.471
1.397
2.052
2.180
2.106
1.746
1.822
1.774
1.327
1.424
1.412
1.198
1.262
1.194
2.775
2.814
2.777
1.585
1.664
1.503
1.178
1.254
1.224
1.425
1.667
1.447
1.711
1.809
1.737
1.890
2.109
2.033
1.700
1.764
1.575
1.229
1.358
1.247
1.362
1.486
1.333
1.321
1.236
1.022
1.082
1.241
0.948
0.971
1.138
1.056
1.459
1.500
1.353
1.703
1.726
1.674
1.796
1.818
1.624
1.015
1.109
1.018
1.253
1.523
1.695
1.390
1.437
1.165
1.097
1.559
1.328
1.436
1.520
1.369
1.430
1.689
1.498
2.027
2.032
2.093
0.367
0.744
0.581
1.412
1.488
1.437
1.883
1.914
1.924
0.720
0.902
1.127
2.157
2.259
2.287
1.926
2.037
2.000
1.091
1.098
1.042
0.863
0.926
0.876
1.473
1.500
1.488
1.733
1.710
1.631
0.877
0.970
0.869
1.661
1.795
1.627
0.829
0.964
1.248
1.454
1.590
1.247
1.443
1.494
1.387
1.098
1.229
1.146
1.248
1.424
1.364
1.971
2.073
2.023
3.101
3.129
3.068
1.392
1.570
1.384
1.014
1.089
1.041
1.034
1.147
1.018
1.266
1.406
1.220
1.764
1.857
1.829
1.782
1.864
1.772
1.926
1.961
1.956
1.792
1.817
1.706
1.234
1.257
1.310
1.089
1.176
1.138
1.023
1.135
1.104
0.878
0.938
0.890
1.861
1.986
1.842
1.301
1.365
1.132
1.523
1.560
1.535
2.292
2.320
2.167
2.323
2.519
2.381
2.380
2.462
2.418
1.672
1.950
1.776
1.292
1.421
1.337
0.681
0.742
0.725
0.949
1.345
1.076
2.047
2.115
2.004
1.154
1.239
1.133
1.291
1.531
1.214
1.329
1.647
1.522
1.019
1.071
0.948
0.901
1.309
1.201
1.313
1.675
1.377
1.062
1.698
1.123
1.057
1.249
1.110
1.323
1.445
1.347
1.161
1.270
1.219
1.017
1.139
1.051
1.503
1.582
1.306
0.775
0.837
0.700
1.439
1.556
1.411
1.769
1.838
1.763
1.727
1.811
1.800
2.017
2.293
2.122
1.146
1.308
1.214
0.843
0.947
0.825
0.766
1.036
0.774
0.681
0.785
0.683
1.972
2.105
2.007
1.026
1.609
1.241
0.802
0.892
0.726
0.831
0.928
0.756
1.263
1.437
1.298
0.623
0.717
0.636
1.093
1.300
1.147
0.690
0.833
0.658
1.512
1.795
1.615
0.688
0.703
0.678
1.664
1.564
1.609
1.911
2.111
1.896
1.368
1.453
1.269
1.756
1.931
1.990
1.527
1.672
1.589
1.016
1.030
0.950
1.109
1.306
1.144
0.854
0.981
0.854
1.021
1.187
1.070
1.155
1.281
1.251
1.169
1.465
1.147
1.681
1.790
1.718
0.922
1.058
0.961
1.500
1.842
1.584
1.412
1.633
1.499
0.640
0.623
0.571
0.700
0.784
0.685
0.769
0.945
0.770
1.491
2.560
1.672
1.721
1.785
1.751
0.789
0.853
0.800
1.349
1.440
1.317
1.166
1.286
1.082
1.100
1.203
1.158
2.611
2.625
2.647
2.064
2.056
2.006
1.788
1.879
1.645
