0.350
0.450
0.532
0.537
0.715
0.716
0.547
0.659
0.699
0.375
0.398
0.448
0.378
0.444
0.474
0.376
0.422
0.429
0.354
0.422
0.407
0.350
0.418
0.407
0.510
0.390
0.468
0.567
0.552
0.561
0.396
0.578
0.590
0.559
0.802
0.753
0.570
0.774
0.732
0.397
0.495
0.482
0.414
0.516
0.519
0.386
0.500
0.455
0.370
0.484
0.436
0.360
0.490
0.435
0.493
0.479
0.477
0.565
0.601
0.549
0.368
0.443
0.546
0.574
0.721
0.751
0.598
0.645
0.725
0.410
0.401
0.457
0.432
0.413
0.498
0.442
0.387
0.462
0.405
0.396
0.435
0.398
0.384
0.432
0.551
0.400
0.478
0.609
0.561
0.588
0.335
0.475
0.518
0.526
0.721
0.714
0.542
0.686
0.700
0.347
0.422
0.429
0.367
0.433
0.464
0.363
0.430
0.420
0.352
0.432
0.408
0.339
0.431
0.399
0.444
0.414
0.424
0.511
0.538
0.521
0.308
0.372
0.490
0.521
0.683
0.710
0.557
0.623
0.687
0.358
0.315
0.414
0.377
0.328
0.449
0.397
0.362
0.414
0.370
0.365
0.397
0.355
0.358
0.387
0.499
0.336
0.424
0.561
0.461
0.532
0.334
0.602
0.434
0.533
0.837
0.654
0.581
0.892
0.595
0.401
0.604
0.342
0.399
0.585
0.380
0.381
0.553
0.364
0.360
0.555
0.371
0.358
0.554
0.359
0.569
0.688
0.333
0.580
0.781
0.476
0.345
0.611
0.431
0.543
0.860
0.671
0.574
0.900
0.597
0.395
0.623
0.344
0.396
0.602
0.398
0.393
0.569
0.378
0.376
0.563
0.373
0.372
0.561
0.362
0.554
0.707
0.337
0.615
0.808
0.486
0.327
0.608
0.478
0.536
0.844
0.687
0.553
0.882
0.622
0.362
0.600
0.364
0.371
0.580
0.406
0.353
0.541
0.375
0.342
0.546
0.377
0.331
0.540
0.369
0.496
0.658
0.343
0.558
0.773
0.490
0.302
0.567
0.438
0.510
0.808
0.657
0.522
0.834
0.587
0.334
0.557
0.325
0.348
0.548
0.372
0.350
0.522
0.355
0.334
0.526
0.358
0.322
0.514
0.346
0.481
0.614
0.313
0.539
0.754
0.465
0.301
0.577
0.417
0.500
0.808
0.653
0.515
0.839
0.580
0.332
0.561
0.319
0.348
0.555
0.365
0.349
0.530
0.357
0.335
0.529
0.357
0.325
0.520
0.345
0.460
0.634
0.306
0.537
0.750
0.467
0.349
0.388
0.511
0.531
0.650
0.674
0.577
0.600
0.672
0.398
0.360
0.423
0.404
0.389
0.434
0.390
0.357
0.401
0.356
0.352
0.377
0.367
0.353
0.383
0.540
0.347
0.458
0.587
0.510
0.521
0.369
0.491
0.543
0.532
0.698
0.685
0.573
0.660
0.674
0.398
0.412
0.433
0.411
0.427
0.451
0.375
0.409
0.408
0.355
0.396
0.390
0.354
0.407
0.389
0.516
0.415
0.448
0.581
0.521
0.495
0.368
0.353
0.504
0.559
0.639
0.694
0.635
0.579
0.696
0.445
0.347
0.421
0.479
0.349
0.448
0.461
0.332
0.435
0.425
0.332
0.404
0.426
0.330
0.406
0.568
0.356
0.458
0.638
0.503
0.545
0.324
0.398
0.483
0.510
0.638
0.664
0.561
0.602
0.664
0.365
0.365
0.394
0.392
0.364
0.419
0.380
0.366
0.392
0.359
0.369
0.380
0.355
0.365
0.373
0.470
0.359
0.401
0.530
0.473
0.469
0.330
0.298
0.471
0.530
0.607
0.672
0.617
0.569
0.682
0.403
0.281
0.406
0.425
0.295
0.426
0.430
0.320
0.405
0.404
0.321
0.386
0.397
0.317
0.383
0.526
0.303
0.413
0.608
0.413
0.494
0.337
0.541
0.373
0.543
0.776
0.578
0.638
0.863
0.560
0.449
0.601
0.317
0.452
0.570
0.337
0.405
0.522
0.321
0.378
0.516
0.323
0.395
0.529
0.320
0.608
0.667
0.310
0.627
0.766
0.436
0.353
0.552
0.352
0.550
0.801
0.586
0.631
0.870
0.544
0.441
0.614
0.310
0.431
0.576
0.343
0.406
0.537
0.325
0.387
0.525
0.320
0.399
0.535
0.316
0.579
0.686
0.314
0.656
0.793
0.439
0.316
0.528
0.405
0.529
0.772
0.610
0.603
0.833
0.566
0.397
0.572
0.319
0.408
0.548
0.344
0.367
0.499
0.322
0.344
0.493
0.324
0.348
0.498
0.320
0.531
0.627
0.306
0.594
0.741
0.436
0.304
0.485
0.365
0.513
0.740
0.580
0.569
0.783
0.534
0.386
0.541
0.293
0.403
0.521
0.328
0.374
0.486
0.314
0.354
0.480
0.315
0.355
0.479
0.308
0.516
0.583
0.282
0.582
0.719
0.411
0.303
0.510
0.347
0.497
0.742
0.578
0.558
0.801
0.536
0.371
0.543
0.290
0.387
0.537
0.323
0.368
0.499
0.316
0.351
0.492
0.315
0.352
0.491
0.306
0.492
0.618
0.279
0.580
0.735
0.417
0.326
0.463
0.521
0.521
0.724
0.711
0.533
0.653
0.687
0.356
0.407
0.438
0.365
0.444
0.444
0.345
0.407
0.410
0.327
0.413
0.390
0.325
0.410
0.392
0.479
0.373
0.452
0.546
0.532
0.521
0.361
0.582
0.568
0.524
0.803
0.734
0.540
0.760
0.715
0.364
0.491
0.457
0.378
0.497
0.474
0.347
0.484
0.430
0.333
0.471
0.407
0.329
0.478
0.411
0.461
0.452
0.457
0.524
0.551
0.493
0.334
0.438
0.523
0.543
0.724
0.736
0.567
0.627
0.704
0.387
0.393
0.426
0.412
0.388
0.447
0.402
0.360
0.428
0.368
0.374
0.403
0.367
0.363
0.401
0.508
0.373
0.447
0.582
0.527
0.540
0.310
0.477
0.503
0.498
0.726
0.702
0.519
0.670
0.686
0.326
0.423
0.414
0.347
0.414
0.427
0.334
0.412
0.399
0.326
0.422
0.389
0.316
0.419
0.382
0.424
0.389
0.406
0.484
0.502
0.471
0.283
0.372
0.470
0.499
0.706
0.703
0.537
0.628
0.671
0.332
0.317
0.391
0.359
0.326
0.411
0.363
0.347
0.387
0.342
0.352
0.370
0.329
0.349
0.361
0.464
0.316
0.402
0.533
0.434
0.490
0.310
0.630
0.436
0.512
0.863
0.656
0.562
0.915
0.591
0.380
0.633
0.338
0.380
0.602
0.358
0.346
0.567
0.346
0.333
0.566
0.355
0.333
0.568
0.345
0.538
0.686
0.318
0.552
0.775
0.436
0.326
0.630
0.427
0.529
0.874
0.662
0.564
0.907
0.586
0.387
0.641
0.336
0.386
0.612
0.376
0.363
0.573
0.358
0.351
0.565
0.356
0.346
0.567
0.347
0.532
0.700
0.324
0.601
0.801
0.454
0.303
0.625
0.463
0.516
0.864
0.683
0.539
0.902
0.616
0.342
0.623
0.356
0.353
0.589
0.376
0.325
0.552
0.358
0.317
0.555
0.362
0.309
0.555
0.356
0.456
0.648
0.327
0.528
0.759
0.443
0.285
0.602
0.437
0.494
0.836
0.655
0.512
0.860
0.578
0.325
0.595
0.325
0.340
0.573
0.356
0.323
0.538
0.344
0.315
0.542
0.349
0.304
0.534
0.340
0.456
0.615
0.299
0.517
0.749
0.424
0.279
0.591
0.405
0.481
0.827
0.650
0.503
0.858
0.580
0.314
0.580
0.315
0.334
0.564
0.347
0.319
0.534
0.339
0.310
0.535
0.342
0.302
0.529
0.332
0.437
0.631
0.292
0.520
0.744
0.431
0.333
0.426
0.503
0.527
0.687
0.689
0.534
0.636
0.679
0.358
0.384
0.425
0.366
0.422
0.448
0.363
0.401
0.410
0.343
0.403
0.389
0.340
0.403
0.392
0.477
0.372
0.445
0.556
0.530
0.532
0.379
0.529
0.550
0.548
0.743
0.710
0.563
0.718
0.704
0.385
0.471
0.462
0.399
0.485
0.491
0.374
0.472
0.432
0.359
0.461
0.416
0.353
0.470
0.417
0.477
0.458
0.461
0.557
0.555
0.513
0.335
0.384
0.487
0.548
0.678
0.697
0.579
0.602
0.676
0.387
0.369
0.411
0.413
0.374
0.446
0.405
0.357
0.419
0.374
0.369
0.398
0.371
0.362
0.399
0.507
0.363
0.434
0.591
0.517
0.539
0.314
0.431
0.472
0.511
0.675
0.676
0.527
0.636
0.669
0.333
0.402
0.401
0.356
0.402
0.430
0.349
0.405
0.398
0.340
0.411
0.388
0.328
0.411
0.383
0.423
0.390
0.397
0.502
0.501
0.481
0.301
0.332
0.480
0.518
0.647
0.701
0.563
0.606
0.691
0.347
0.302
0.406
0.360
0.318
0.440
0.381
0.346
0.402
0.359
0.352
0.385
0.344
0.350
0.381
0.467
0.321
0.410
0.554
0.434
0.515
0.328
0.569
0.386
0.535
0.812
0.616
0.596
0.868
0.576
0.411
0.606
0.330
0.406
0.583
0.362
0.380
0.540
0.349
0.359
0.539
0.356
0.361
0.542
0.347
0.558
0.676
0.317
0.585
0.765
0.448
0.331
0.577
0.381
0.540
0.829
0.631
0.583
0.869
0.564
0.397
0.617
0.325
0.391
0.589
0.371
0.376
0.545
0.355
0.361
0.541
0.352
0.362
0.544
0.345
0.531
0.687
0.318
0.618
0.795
0.458
0.306
0.560
0.414
0.525
0.803
0.638
0.560
0.843
0.586
0.357
0.584
0.336
0.364
0.562
0.371
0.342
0.518
0.352
0.331
0.521
0.354
0.324
0.520
0.351
0.473
0.633
0.317
0.554
0.742
0.447
0.299
0.527
0.388
0.508
0.777
0.624
0.540
0.804
0.566
0.349
0.561
0.315
0.367
0.539
0.358
0.352
0.508
0.346
0.337
0.511
0.350
0.328
0.507
0.345
0.487
0.600
0.301
0.553
0.737
0.439
0.294
0.534
0.358
0.493
0.774
0.609
0.521
0.808
0.554
0.335
0.549
0.301
0.348
0.543
0.344
0.340
0.508
0.338
0.329
0.509
0.339
0.321
0.504
0.332
0.446
0.619
0.287
0.543
0.732
0.435
0.349
0.399
0.490
0.530
0.676
0.664
0.554
0.612
0.655
0.396
0.378
0.415
0.391
0.416
0.437
0.380
0.387
0.408
0.349
0.385
0.381
0.356
0.381
0.386
0.523
0.361
0.455
0.571
0.518
0.518
0.390
0.519
0.543
0.557
0.739
0.694
0.583
0.699
0.687
0.408
0.465
0.459
0.416
0.481
0.488
0.385
0.458
0.432
0.364
0.442
0.408
0.365
0.448
0.409
0.512
0.443
0.466
0.578
0.540
0.510
0.365
0.364
0.486
0.566
0.661
0.679
0.618
0.592
0.673
0.427
0.368
0.417
0.449
0.369
0.449
0.441
0.354
0.436
0.402
0.359
0.405
0.411
0.351
0.409
0.553
0.366
0.454
0.617
0.505
0.537
0.326
0.404
0.467
0.514
0.659
0.655
0.547
0.615
0.656
0.361
0.385
0.396
0.378
0.384
0.427
0.369
0.391
0.403
0.349
0.394
0.386
0.346
0.387
0.381
0.460
0.367
0.405
0.517
0.476
0.469
0.323
0.321
0.483
0.524
0.640
0.689
0.577
0.583
0.677
0.373
0.304
0.411
0.389
0.317
0.443
0.408
0.341
0.412
0.377
0.345
0.388
0.373
0.337
0.384
0.498
0.316
0.422
0.577
0.425
0.509
0.343
0.567
0.362
0.540
0.810
0.586
0.619
0.882
0.560
0.439
0.626
0.324
0.433
0.603
0.349
0.398
0.556
0.337
0.369
0.547
0.338
0.384
0.553
0.331
0.585
0.684
0.315
0.607
0.773
0.433
0.354
0.579
0.356
0.547
0.824
0.597
0.607
0.874
0.543
0.432
0.635
0.320
0.422
0.607
0.355
0.400
0.565
0.342
0.380
0.551
0.336
0.390
0.556
0.329
0.568
0.702
0.323
0.637
0.797
0.442
0.319
0.563
0.407
0.531
0.811
0.622
0.579
0.854
0.574
0.386
0.603
0.336
0.391
0.586
0.366
0.360
0.535
0.346
0.340
0.531
0.346
0.342
0.532
0.342
0.514
0.649
0.320
0.572
0.750
0.441
0.305
0.512
0.359
0.509
0.769
0.589
0.548
0.797
0.532
0.371
0.567
0.304
0.380
0.549
0.340
0.360
0.516
0.330
0.337
0.513
0.331
0.338
0.508
0.322
0.500
0.603
0.292
0.568
0.729
0.416
0.308
0.538
0.344
0.502
0.775
0.587
0.545
0.821
0.545
0.359
0.567
0.304
0.373
0.568
0.341
0.358
0.525
0.333
0.341
0.522
0.331
0.341
0.515
0.320
0.477
0.634
0.287
0.560
0.742
0.425
0.355
0.506
0.530
0.545
0.735
0.699
0.546
0.696
0.681
0.387
0.436
0.455
0.394
0.473
0.461
0.369
0.450
0.431
0.352
0.455
0.412
0.346
0.460
0.417
0.476
0.429
0.456
0.577
0.586
0.555
0.415
0.649
0.605
0.573
0.831
0.747
0.583
0.831
0.739
0.414
0.578
0.515
0.427
0.588
0.530
0.392
0.550
0.471
0.386
0.545
0.461
0.373
0.551
0.457
0.485
0.560
0.510
0.574
0.667
0.565
0.356
0.473
0.527
0.557
0.720
0.717
0.573
0.649
0.688
0.399
0.416
0.445
0.420
0.417
0.465
0.416
0.392
0.440
0.382
0.413
0.422
0.372
0.405
0.415
0.511
0.418
0.457
0.604
0.569
0.566
0.343
0.520
0.519
0.523
0.722
0.685
0.537
0.697
0.676
0.356
0.454
0.435
0.378
0.447
0.453
0.357
0.448
0.419
0.348
0.458
0.409
0.334
0.463
0.402
0.429
0.450
0.428
0.526
0.560
0.511
0.304
0.478
0.496
0.513
0.737
0.699
0.523
0.690
0.665
0.339
0.386
0.406
0.361
0.386
0.429
0.360
0.403
0.400
0.342
0.420
0.390
0.327
0.421
0.386
0.442
0.387
0.411
0.542
0.519
0.518
0.348
0.652
0.472
0.538
0.842
0.657
0.574
0.896
0.616
0.413
0.643
0.371
0.408
0.618
0.398
0.377
0.584
0.379
0.365
0.583
0.388
0.359
0.587
0.380
0.542
0.712
0.360
0.592
0.814
0.496
0.369
0.666
0.482
0.563
0.870
0.680
0.584
0.909
0.621
0.418
0.660
0.374
0.415
0.634
0.418
0.394
0.596
0.397
0.379
0.588
0.393
0.373
0.595
0.388
0.548
0.740
0.378
0.636
0.846
0.518
0.341
0.666
0.502
0.542
0.861
0.687
0.558
0.904
0.639
0.371
0.646
0.394
0.377
0.620
0.419
0.354
0.582
0.393
0.348
0.582
0.396
0.336
0.586
0.394
0.465
0.696
0.380
0.563
0.805
0.501
0.301
0.600
0.449
0.500
0.792
0.640
0.509
0.811
0.573
0.337
0.577
0.338
0.355
0.566
0.373
0.345
0.523
0.352
0.330
0.528
0.358
0.320
0.527
0.353
0.458
0.623
0.322
0.554
0.769
0.469
0.314
0.628
0.450
0.505
0.814
0.649
0.514
0.849
0.595
0.338
0.593
0.351
0.354
0.585
0.388
0.346
0.556
0.373
0.336
0.556
0.376
0.325
0.556
0.370
0.436
0.661
0.336
0.545
0.780
0.483
0.321
0.425
0.445
0.517
0.689
0.648
0.520
0.617
0.613
0.351
0.391
0.378
0.356
0.433
0.404
0.346
0.385
0.375
0.321
0.382
0.354
0.321
0.384
0.358
0.473
0.362
0.420
0.544
0.528
0.497
0.366
0.540
0.501
0.538
0.757
0.673
0.539
0.708
0.644
0.372
0.489
0.422
0.386
0.504
0.454
0.357
0.463
0.403
0.343
0.443
0.385
0.336
0.453
0.385
0.458
0.448
0.435
0.545
0.554
0.486
0.325
0.380
0.440
0.534
0.672
0.659
0.553
0.576
0.618
0.370
0.369
0.368
0.395
0.367
0.403
0.402
0.332
0.391
0.367
0.338
0.367
0.364
0.333
0.367
0.484
0.356
0.406
0.572
0.505
0.506
0.307
0.421
0.418
0.501
0.668
0.627
0.513
0.612
0.605
0.325
0.402
0.354
0.348
0.397
0.386
0.343
0.378
0.367
0.326
0.383
0.354
0.318
0.379
0.349
0.414
0.374
0.372
0.502
0.493
0.454
0.285
0.328
0.441
0.503
0.649
0.660
0.525
0.573
0.622
0.328
0.300
0.359
0.340
0.313
0.387
0.376
0.321
0.370
0.346
0.323
0.350
0.339
0.320
0.346
0.449
0.308
0.385
0.544
0.425
0.480
0.315
0.596
0.350
0.517
0.824
0.588
0.563
0.869
0.537
0.383
0.624
0.304
0.380
0.592
0.335
0.359
0.542
0.316
0.338
0.537
0.318
0.339
0.540
0.312
0.522
0.679
0.294
0.573
0.775
0.426
0.320
0.606
0.361
0.524
0.849
0.611
0.547
0.878
0.540
0.373
0.633
0.304
0.370
0.600
0.348
0.362
0.554
0.327
0.343
0.542
0.318
0.345
0.547
0.314
0.509
0.698
0.305
0.597
0.802
0.439
0.298
0.590
0.376
0.515
0.821
0.613
0.535
0.854
0.550
0.340
0.606
0.311
0.348
0.576
0.345
0.332
0.523
0.323
0.315
0.520
0.320
0.310
0.522
0.319
0.461
0.649
0.299
0.545
0.754
0.428
0.285
0.549
0.340
0.494
0.789
0.584
0.510
0.811
0.518
0.329
0.583
0.282
0.341
0.553
0.320
0.331
0.507
0.306
0.311
0.503
0.305
0.306
0.501
0.300
0.459
0.609
0.278
0.539
0.747
0.409
0.291
0.569
0.325
0.489
0.795
0.579
0.508
0.824
0.519
0.323
0.578
0.282
0.333
0.569
0.323
0.335
0.522
0.313
0.315
0.516
0.311
0.311
0.514
0.303
0.439
0.641
0.273
0.536
0.751
0.420
0.349
0.355
0.468
0.529
0.627
0.650
0.588
0.598
0.668
0.409
0.352
0.408
0.398
0.385
0.425
0.398
0.348
0.400
0.362
0.357
0.375
0.367
0.345
0.379
0.525
0.346
0.458
0.575
0.491
0.520
0.343
0.447
0.478
0.508
0.663
0.638
0.564
0.633
0.644
0.385
0.396
0.407
0.383
0.419
0.434
0.362
0.391
0.388
0.351
0.395
0.380
0.342
0.392
0.376
0.474
0.392
0.432
0.548
0.479
0.472
0.366
0.341
0.471
0.559
0.625
0.673
0.637
0.585
0.685
0.434
0.355
0.409
0.455
0.357
0.442
0.447
0.334
0.426
0.417
0.342
0.402
0.415
0.331
0.402
0.533
0.351
0.448
0.612
0.486
0.537
0.324
0.379
0.437
0.511
0.627
0.636
0.575
0.608
0.651
0.367
0.370
0.377
0.382
0.372
0.411
0.381
0.370
0.391
0.363
0.380
0.378
0.354
0.369
0.372
0.453
0.361
0.401
0.523
0.465
0.465
0.316
0.292
0.458
0.520
0.603
0.671
0.610
0.579
0.682
0.387
0.285
0.392
0.394
0.297
0.418
0.419
0.314
0.399
0.389
0.320
0.378
0.383
0.310
0.375
0.488
0.304
0.421
0.578
0.405
0.504
0.344
0.560
0.339
0.538
0.788
0.575
0.637
0.878
0.565
0.443
0.621
0.319
0.436
0.603
0.347
0.402
0.545
0.324
0.385
0.542
0.331
0.388
0.540
0.319
0.565
0.670
0.309
0.609
0.759
0.433
0.351
0.566
0.335
0.544
0.805
0.579
0.622
0.879
0.551
0.432
0.623
0.312
0.425
0.600
0.346
0.402
0.550
0.326
0.387
0.542
0.325
0.393
0.542
0.316
0.543
0.681
0.314
0.634
0.782
0.441
0.318
0.537
0.347
0.528
0.779
0.584
0.610
0.849
0.559
0.402
0.591
0.311
0.405
0.577
0.342
0.373
0.516
0.318
0.356
0.517
0.324
0.352
0.511
0.313
0.512
0.635
0.305
0.585
0.733
0.426
0.310
0.505
0.333
0.512
0.750
0.572
0.582
0.815
0.550
0.390
0.569
0.295
0.399
0.552
0.330
0.376
0.508
0.317
0.360
0.509
0.321
0.354
0.499
0.309
0.503
0.597
0.291
0.579
0.728
0.418
0.304
0.540
0.321
0.502
0.765
0.567
0.572
0.836
0.549
0.370
0.569
0.290
0.375
0.569
0.327
0.370
0.524
0.318
0.354
0.520
0.319
0.351
0.516
0.308
0.470
0.629
0.283
0.561
0.732
0.422
0.352
0.484
0.552
0.532
0.707
0.717
0.561
0.654
0.706
0.372
0.414
0.464
0.382
0.461
0.486
0.400
0.410
0.441
0.364
0.410
0.412
0.364
0.416
0.424
0.485
0.380
0.473
0.571
0.534
0.541
0.376
0.594
0.588
0.528
0.781
0.725
0.555
0.746
0.720
0.377
0.503
0.476
0.391
0.520
0.506
0.376
0.477
0.444
0.358
0.464
0.422
0.354
0.480
0.433
0.450
0.462
0.470
0.547
0.559
0.514
0.338
0.448
0.527
0.534
0.693
0.710
0.581
0.627
0.691
0.377
0.395
0.428
0.403
0.399
0.461
0.433
0.367
0.442
0.390
0.374
0.410
0.386
0.374
0.418
0.490
0.372
0.444
0.580
0.519
0.535
0.318
0.490
0.512
0.496
0.694
0.685
0.529
0.649
0.676
0.327
0.428
0.418
0.351
0.428
0.446
0.366
0.405
0.412
0.346
0.412
0.396
0.337
0.417
0.396
0.412
0.392
0.411
0.505
0.507
0.483
0.308
0.398
0.514
0.512
0.684
0.709
0.557
0.633
0.699
0.345
0.341
0.425
0.369
0.356
0.453
0.413
0.366
0.426
0.378
0.368
0.401
0.363
0.373
0.400
0.467
0.342
0.424
0.567
0.456
0.518
0.332
0.653
0.459
0.521
0.853
0.639
0.590
0.916
0.603
0.397
0.650
0.355
0.402
0.625
0.387
0.386
0.576
0.367
0.361
0.572
0.369
0.360
0.580
0.369
0.540
0.697
0.331
0.584
0.794
0.459
0.332
0.648
0.444
0.529
0.868
0.647
0.574
0.914
0.590
0.384
0.647
0.343
0.379
0.623
0.393
0.389
0.576
0.368
0.365
0.564
0.358
0.361
0.573
0.360
0.523
0.707
0.327
0.612
0.812
0.458
0.320
0.657
0.494
0.519
0.854
0.668
0.555
0.907
0.623
0.349
0.641
0.373
0.363
0.615
0.406
0.353
0.559
0.373
0.338
0.558
0.370
0.330
0.567
0.378
0.440
0.664
0.343
0.549
0.774
0.462
0.304
0.617
0.458
0.501
0.817
0.637
0.529
0.855
0.585
0.336
0.606
0.339
0.354
0.589
0.381
0.359
0.541
0.358
0.336
0.542
0.358
0.329
0.544
0.360
0.460
0.625
0.312
0.549
0.764
0.442
0.307
0.626
0.434
0.493
0.815
0.635
0.524
0.858
0.583
0.332
0.595
0.336
0.350
0.591
0.385
0.359
0.546
0.366
0.340
0.543
0.362
0.332
0.544
0.361
0.447
0.653
0.310
0.550
0.764
0.450
0.460
0.305
0.484
0.599
0.565
0.669
0.573
0.648
0.692
0.343
0.376
0.384
0.372
0.368
0.414
0.372
0.361
0.403
0.357
0.352
0.381
0.360
0.334
0.381
0.353
0.466
0.424
0.448
0.590
0.512
0.465
0.309
0.512
0.613
0.578
0.707
0.580
0.666
0.722
0.327
0.393
0.432
0.365
0.380
0.466
0.384
0.380
0.421
0.372
0.382
0.406
0.375
0.360
0.404
0.363
0.499
0.464
0.435
0.588
0.525
0.470
0.352
0.522
0.585
0.590
0.680
0.557
0.689
0.702
0.352
0.439
0.437
0.382
0.423
0.471
0.399
0.426
0.452
0.386
0.415
0.431
0.384
0.401
0.427
0.398
0.552
0.469
0.478
0.657
0.553
0.456
0.323
0.505
0.599
0.585
0.694
0.568
0.666
0.713
0.352
0.411
0.415
0.374
0.407
0.454
0.381
0.382
0.419
0.370
0.377
0.406
0.367
0.362
0.397
0.353
0.506
0.439
0.468
0.601
0.524
0.466
0.331
0.540
0.608
0.591
0.727
0.580
0.660
0.735
0.351
0.403
0.456
0.383
0.383
0.482
0.392
0.386
0.436
0.373
0.385
0.417
0.386
0.361
0.414
0.365
0.508
0.467
0.481
0.630
0.550
0.632
0.335
0.418
0.720
0.586
0.607
0.784
0.670
0.582
0.578
0.428
0.343
0.621
0.396
0.382
0.543
0.381
0.365
0.530
0.367
0.373
0.523
0.364
0.356
0.661
0.556
0.321
0.714
0.619
0.458
0.587
0.346
0.401
0.705
0.599
0.616
0.753
0.681
0.580
0.557
0.443
0.335
0.599
0.406
0.384
0.526
0.394
0.371
0.513
0.384
0.364
0.503
0.379
0.354
0.627
0.576
0.324
0.718
0.668
0.463
0.631
0.321
0.455
0.714
0.587
0.638
0.764
0.640
0.599
0.557
0.390
0.351
0.606
0.373
0.396
0.526
0.348
0.372
0.514
0.340
0.373
0.505
0.329
0.362
0.620
0.489
0.328
0.691
0.579
0.462
0.612
0.292
0.420
0.694
0.546
0.605
0.740
0.589
0.564
0.538
0.353
0.313
0.582
0.341
0.361
0.524
0.333
0.350
0.501
0.329
0.350
0.491
0.317
0.339
0.604
0.451
0.300
0.674
0.554
0.428
0.563
0.300
0.383
0.675
0.548
0.598
0.713
0.603
0.553
0.512
0.371
0.302
0.556
0.355
0.349
0.507
0.349
0.344
0.491
0.341
0.343
0.483
0.329
0.331
0.570
0.480
0.291
0.660
0.589
0.435
0.430
0.309
0.472
0.579
0.557
0.646
0.552
0.636
0.680
0.328
0.390
0.389
0.364
0.376
0.425
0.366
0.386
0.417
0.355
0.364
0.388
0.354
0.345
0.390
0.337
0.498
0.440
0.443
0.597
0.527
0.448
0.310
0.500
0.598
0.570
0.679
0.563
0.652
0.702
0.321
0.401
0.429
0.364
0.387
0.472
0.389
0.397
0.433
0.382
0.384
0.409
0.383
0.368
0.412
0.356
0.519
0.472
0.434
0.583
0.535
0.452
0.358
0.509
0.569
0.587
0.660
0.548
0.664
0.682
0.353
0.448
0.437
0.387
0.430
0.474
0.405
0.453
0.464
0.395
0.431
0.440
0.389
0.417
0.436
0.395
0.561
0.479
0.479
0.647
0.562
0.441
0.319
0.488
0.592
0.567
0.671
0.560
0.631
0.690
0.341
0.407
0.415
0.373
0.403
0.454
0.381
0.396
0.426
0.374
0.384
0.407
0.371
0.366
0.400
0.346
0.501
0.437
0.462
0.573
0.526
0.444
0.330
0.529
0.593
0.577
0.698
0.564
0.648
0.720
0.333
0.421
0.459
0.373
0.383
0.476
0.390
0.396
0.446
0.379
0.383
0.419
0.385
0.367
0.420
0.353
0.533
0.476
0.464
0.616
0.551
0.652
0.335
0.387
0.746
0.577
0.585
0.816
0.643
0.578
0.605
0.429
0.335
0.659
0.400
0.378
0.569
0.388
0.363
0.558
0.369
0.365
0.548
0.366
0.352
0.677
0.537
0.319
0.728
0.590
0.452
0.608
0.339
0.381
0.725
0.583
0.592
0.773
0.639
0.562
0.573
0.427
0.323
0.628
0.393
0.377
0.547
0.397
0.366
0.535
0.376
0.355
0.523
0.373
0.347
0.635
0.548
0.316
0.726
0.618
0.457
0.665
0.313
0.438
0.737
0.567
0.624
0.792
0.599
0.593
0.579
0.374
0.349
0.639
0.359
0.398
0.560
0.348
0.380
0.549
0.337
0.374
0.543
0.325
0.369
0.633
0.458
0.326
0.705
0.544
0.463
0.637
0.296
0.397
0.723
0.540
0.587
0.776
0.575
0.560
0.564
0.367
0.315
0.620
0.354
0.369
0.555
0.349
0.358
0.534
0.340
0.354
0.526
0.327
0.346
0.623
0.456
0.305
0.707
0.558
0.446
0.594
0.306
0.374
0.707
0.544
0.584
0.756
0.592
0.560
0.542
0.373
0.309
0.599
0.361
0.363
0.549
0.359
0.361
0.530
0.347
0.353
0.522
0.333
0.344
0.591
0.484
0.295
0.682
0.565
0.449
0.327
0.232
0.389
0.492
0.497
0.572
0.477
0.554
0.586
0.265
0.294
0.324
0.278
0.293
0.329
0.312
0.277
0.332
0.302
0.272
0.318
0.306
0.257
0.317
0.279
0.365
0.348
0.349
0.449
0.422
0.344
0.244
0.426
0.522
0.514
0.616
0.496
0.565
0.622
0.273
0.310
0.376
0.294
0.314
0.391
0.342
0.295
0.364
0.324
0.304
0.351
0.339
0.281
0.350
0.301
0.396
0.394
0.351
0.447
0.442
0.343
0.300
0.429
0.497
0.539
0.598
0.481
0.607
0.604
0.290
0.367
0.376
0.307
0.370
0.390
0.350
0.358
0.385
0.337
0.356
0.377
0.339
0.336
0.367
0.337
0.457
0.392
0.397
0.539
0.474
0.316
0.242
0.391
0.487
0.506
0.588
0.471
0.554
0.596
0.268
0.309
0.345
0.280
0.323
0.360
0.319
0.284
0.339
0.306
0.290
0.333
0.313
0.273
0.325
0.276
0.379
0.349
0.358
0.433
0.423
0.351
0.250
0.450
0.516
0.504
0.628
0.490
0.532
0.619
0.283
0.305
0.392
0.304
0.290
0.394
0.341
0.278
0.364
0.322
0.282
0.351
0.338
0.268
0.348
0.296
0.372
0.382
0.378
0.447
0.451
0.484
0.252
0.301
0.623
0.519
0.506
0.684
0.577
0.497
0.473
0.325
0.276
0.508
0.312
0.288
0.459
0.285
0.304
0.453
0.283
0.308
0.448
0.275
0.297
0.552
0.428
0.256
0.584
0.453
0.352
0.450
0.261
0.297
0.600
0.521
0.514
0.643
0.569
0.481
0.448
0.333
0.262
0.481
0.314
0.285
0.440
0.291
0.303
0.430
0.290
0.297
0.425
0.283
0.290
0.515
0.437
0.251
0.590
0.490
0.361
0.499
0.232
0.347
0.615
0.508
0.537
0.660
0.533
0.505
0.461
0.282
0.288
0.492
0.278
0.305
0.456
0.257
0.320
0.445
0.258
0.315
0.444
0.248
0.308
0.510
0.358
0.264
0.566
0.409
0.363
0.492
0.224
0.324
0.599
0.482
0.513
0.642
0.513
0.487
0.446
0.277
0.260
0.482
0.280
0.283
0.456
0.263
0.304
0.444
0.262
0.304
0.437
0.251
0.293
0.508
0.357
0.243
0.564
0.422
0.350
0.453
0.229
0.300
0.591
0.490
0.511
0.619
0.515
0.477
0.428
0.284
0.253
0.463
0.284
0.276
0.443
0.264
0.301
0.433
0.263
0.299
0.430
0.251
0.292
0.480
0.364
0.242
0.549
0.432
0.351
0.482
0.277
0.491
0.613
0.518
0.671
0.563
0.560
0.671
0.359
0.309
0.385
0.380
0.316
0.414
0.374
0.327
0.398
0.353
0.323
0.376
0.371
0.303
0.384
0.355
0.397
0.405
0.447
0.553
0.495
0.496
0.276
0.523
0.631
0.530
0.707
0.575
0.565
0.703
0.344
0.312
0.423
0.373
0.320
0.464
0.396
0.333
0.417
0.372
0.339
0.397
0.394
0.320
0.406
0.362
0.425
0.446
0.429
0.527
0.507
0.487
0.316
0.520
0.592
0.536
0.674
0.536
0.597
0.671
0.351
0.364
0.415
0.373
0.366
0.449
0.399
0.377
0.435
0.379
0.380
0.417
0.387
0.361
0.416
0.380
0.476
0.438
0.475
0.602
0.529
0.483
0.292
0.513
0.628
0.537
0.706
0.571
0.581
0.707
0.369
0.335
0.419
0.379
0.351
0.454
0.388
0.344
0.417
0.367
0.345
0.400
0.384
0.326
0.401
0.356
0.416
0.421
0.472
0.544
0.514
0.488
0.304
0.559
0.633
0.554
0.740
0.598
0.578
0.737
0.382
0.331
0.467
0.415
0.323
0.494
0.410
0.336
0.442
0.382
0.338
0.417
0.408
0.322
0.425
0.377
0.417
0.451
0.488
0.566
0.542
0.637
0.315
0.398
0.758
0.556
0.609
0.800
0.624
0.574
0.585
0.389
0.333
0.641
0.366
0.367
0.553
0.354
0.353
0.540
0.341
0.356
0.537
0.343
0.348
0.651
0.511
0.309
0.726
0.591
0.444
0.611
0.316
0.414
0.731
0.557
0.619
0.752
0.612
0.559
0.557
0.385
0.326
0.618
0.357
0.377
0.538
0.351
0.361
0.522
0.347
0.350
0.514
0.342
0.346
0.614
0.509
0.316
0.734
0.627
0.454
0.664
0.297
0.452
0.756
0.549
0.649
0.788
0.578
0.593
0.586
0.338
0.354
0.636
0.330
0.391
0.550
0.315
0.373
0.532
0.312
0.365
0.534
0.304
0.366
0.620
0.429
0.326
0.711
0.547
0.453
0.630
0.273
0.406
0.724
0.511
0.610
0.748
0.540
0.552
0.548
0.320
0.305
0.601
0.312
0.352
0.535
0.310
0.343
0.514
0.306
0.338
0.509
0.298
0.337
0.597
0.423
0.288
0.692
0.543
0.417
0.581
0.275
0.379
0.703
0.513
0.598
0.721
0.555
0.545
0.523
0.317
0.304
0.574
0.312
0.347
0.522
0.313
0.345
0.504
0.312
0.340
0.501
0.302
0.335
0.557
0.424
0.282
0.667
0.561
0.429
0.509
0.317
0.509
0.659
0.565
0.701
0.646
0.612
0.714
0.407
0.379
0.413
0.442
0.373
0.438
0.429
0.339
0.414
0.421
0.330
0.391
0.419
0.319
0.396
0.412
0.415
0.437
0.494
0.526
0.536
0.540
0.333
0.561
0.693
0.583
0.749
0.672
0.635
0.760
0.408
0.382
0.479
0.451
0.383
0.500
0.467
0.355
0.446
0.449
0.358
0.427
0.455
0.343
0.428
0.429
0.446
0.488
0.485
0.524
0.553
0.527
0.374
0.561
0.652
0.596
0.722
0.619
0.643
0.732
0.415
0.437
0.476
0.453
0.430
0.499
0.460
0.402
0.463
0.447
0.396
0.445
0.440
0.380
0.442
0.446
0.490
0.490
0.514
0.588
0.578
0.517
0.329
0.545
0.668
0.576
0.740
0.640
0.607
0.749
0.411
0.387
0.452
0.440
0.389
0.482
0.442
0.349
0.431
0.426
0.353
0.417
0.426
0.337
0.413
0.408
0.423
0.454
0.506
0.513
0.542
0.516
0.341
0.572
0.676
0.587
0.757
0.654
0.623
0.759
0.413
0.393
0.498
0.459
0.376
0.513
0.451
0.356
0.449
0.437
0.356
0.432
0.445
0.342
0.432
0.420
0.442
0.479
0.507
0.549
0.563
0.690
0.347
0.488
0.784
0.584
0.682
0.854
0.633
0.653
0.635
0.415
0.400
0.681
0.398
0.432
0.607
0.361
0.408
0.589
0.360
0.408
0.579
0.351
0.394
0.682
0.475
0.370
0.743
0.541
0.494
0.645
0.345
0.472
0.756
0.587
0.683
0.801
0.626
0.634
0.591
0.414
0.378
0.639
0.391
0.421
0.579
0.362
0.404
0.557
0.357
0.392
0.549
0.350
0.383
0.637
0.494
0.357
0.728
0.565
0.487
0.677
0.340
0.511
0.766
0.588
0.707
0.826
0.615
0.673
0.609
0.390
0.409
0.656
0.383
0.440
0.584
0.343
0.412
0.567
0.343
0.407
0.559
0.331
0.400
0.643
0.432
0.381
0.722
0.530
0.502
0.651
0.312
0.468
0.737
0.552
0.661
0.797
0.580
0.622
0.582
0.367
0.361
0.637
0.357
0.405
0.577
0.333
0.384
0.555
0.335
0.380
0.545
0.323
0.372
0.632
0.412
0.350
0.702
0.511
0.467
0.624
0.312
0.447
0.737
0.549
0.666
0.778
0.581
0.619
0.562
0.366
0.353
0.611
0.361
0.395
0.564
0.336
0.381
0.549
0.332
0.376
0.538
0.321
0.367
0.599
0.427
0.338
0.684
0.517
0.466
0.381
0.268
0.461
0.565
0.531
0.664
0.529
0.618
0.682
0.282
0.337
0.366
0.305
0.344
0.388
0.322
0.329
0.388
0.317
0.310
0.363
0.315
0.298
0.370
0.306
0.443
0.410
0.394
0.545
0.487
0.408
0.276
0.501
0.601
0.548
0.713
0.553
0.620
0.720
0.288
0.342
0.425
0.325
0.347
0.447
0.359
0.330
0.415
0.355
0.322
0.394
0.354
0.311
0.398
0.331
0.461
0.455
0.395
0.513
0.499
0.390
0.338
0.501
0.560
0.578
0.686
0.532
0.669
0.696
0.311
0.418
0.423
0.339
0.415
0.444
0.367
0.411
0.441
0.359
0.391
0.419
0.353
0.383
0.420
0.365
0.540
0.455
0.436
0.618
0.524
0.367
0.293
0.468
0.569
0.560
0.693
0.530
0.637
0.707
0.291
0.381
0.402
0.316
0.391
0.428
0.340
0.346
0.404
0.336
0.335
0.388
0.332
0.325
0.385
0.307
0.481
0.422
0.411
0.538
0.493
0.378
0.301
0.513
0.573
0.560
0.721
0.538
0.633
0.728
0.288
0.376
0.450
0.316
0.359
0.457
0.339
0.347
0.422
0.330
0.342
0.400
0.336
0.326
0.402
0.320
0.494
0.455
0.417
0.571
0.515
0.576
0.300
0.352
0.717
0.560
0.590
0.777
0.624
0.556
0.545
0.382
0.298
0.589
0.368
0.331
0.515
0.331
0.334
0.509
0.319
0.338
0.500
0.318
0.324
0.631
0.499
0.287
0.676
0.535
0.402
0.528
0.313
0.340
0.694
0.571
0.596
0.732
0.635
0.544
0.512
0.395
0.288
0.560
0.372
0.331
0.492
0.341
0.335
0.484
0.331
0.327
0.473
0.329
0.317
0.597
0.520
0.289
0.676
0.588
0.410
0.570
0.280
0.393
0.704
0.555
0.630
0.743
0.591
0.566
0.516
0.338
0.306
0.561
0.335
0.343
0.495
0.301
0.346
0.489
0.293
0.343
0.479
0.286
0.336
0.587
0.443
0.294
0.650
0.506
0.415
0.573
0.263
0.379
0.694
0.522
0.610
0.732
0.552
0.551
0.507
0.328
0.281
0.551
0.322
0.325
0.504
0.299
0.335
0.495
0.289
0.336
0.482
0.279
0.326
0.577
0.427
0.276
0.652
0.503
0.399
0.527
0.274
0.345
0.678
0.527
0.599
0.708
0.567
0.542
0.486
0.331
0.276
0.535
0.330
0.320
0.496
0.309
0.334
0.487
0.297
0.332
0.476
0.289
0.322
0.543
0.446
0.267
0.629
0.529
0.401
0.319
0.298
0.428
0.512
0.557
0.632
0.509
0.653
0.663
0.279
0.388
0.371
0.303
0.365
0.389
0.310
0.377
0.379
0.303
0.363
0.362
0.304
0.352
0.365
0.294
0.480
0.407
0.387
0.576
0.475
0.343
0.292
0.465
0.547
0.565
0.681
0.528
0.655
0.700
0.286
0.390
0.419
0.317
0.369
0.444
0.341
0.381
0.405
0.334
0.377
0.390
0.337
0.368
0.392
0.320
0.498
0.447
0.379
0.544
0.485
0.346
0.391
0.476
0.525
0.609
0.661
0.522
0.711
0.673
0.320
0.477
0.422
0.343
0.448
0.448
0.369
0.470
0.442
0.360
0.456
0.430
0.358
0.449
0.430
0.364
0.567
0.447
0.442
0.666
0.526
0.321
0.318
0.442
0.522
0.574
0.663
0.511
0.669
0.684
0.295
0.419
0.397
0.316
0.407
0.425
0.330
0.396
0.392
0.321
0.389
0.380
0.325
0.377
0.379
0.300
0.511
0.412
0.400
0.586
0.480
0.327
0.315
0.485
0.535
0.573
0.692
0.517
0.652
0.704
0.286
0.419
0.440
0.308
0.372
0.446
0.322
0.385
0.413
0.316
0.378
0.394
0.322
0.373
0.399
0.307
0.516
0.447
0.406
0.595
0.509
0.513
0.320
0.304
0.671
0.587
0.539
0.745
0.671
0.532
0.531
0.425
0.297
0.569
0.385
0.315
0.488
0.377
0.314
0.474
0.361
0.316
0.472
0.368
0.310
0.612
0.528
0.282
0.659
0.596
0.392
0.484
0.321
0.306
0.651
0.583
0.548
0.708
0.659
0.521
0.504
0.423
0.287
0.540
0.379
0.318
0.475
0.377
0.317
0.463
0.367
0.310
0.458
0.370
0.308
0.568
0.520
0.280
0.658
0.609
0.395
0.499
0.284
0.338
0.647
0.563
0.569
0.706
0.629
0.535
0.487
0.378
0.296
0.531
0.348
0.324
0.456
0.336
0.320
0.445
0.326
0.320
0.444
0.322
0.320
0.555
0.464
0.278
0.622
0.554
0.392
0.522
0.272
0.334
0.649
0.529
0.553
0.698
0.582
0.518
0.494
0.356
0.280
0.536
0.339
0.316
0.481
0.331
0.320
0.465
0.321
0.320
0.455
0.315
0.314
0.556
0.442
0.265
0.629
0.534
0.378
0.474
0.288
0.304
0.631
0.546
0.544
0.668
0.601
0.514
0.472
0.373
0.275
0.512
0.348
0.311
0.469
0.340
0.317
0.455
0.335
0.316
0.450
0.326
0.309
0.525
0.470
0.262
0.611
0.568
0.390
0.396
0.263
0.443
0.546
0.527
0.623
0.525
0.604
0.644
0.295
0.349
0.355
0.316
0.342
0.375
0.328
0.351
0.374
0.322
0.340
0.361
0.323
0.319
0.360
0.310
0.422
0.388
0.402
0.547
0.476
0.419
0.271
0.483
0.585
0.535
0.676
0.548
0.611
0.683
0.297
0.353
0.408
0.325
0.356
0.437
0.357
0.370
0.405
0.351
0.371
0.395
0.358
0.345
0.394
0.333
0.451
0.436
0.401
0.531
0.494
0.409
0.320
0.473
0.546
0.552
0.638
0.520
0.648
0.650
0.318
0.418
0.399
0.341
0.411
0.427
0.373
0.432
0.430
0.367
0.423
0.422
0.364
0.400
0.412
0.360
0.510
0.429
0.446
0.632
0.525
0.368
0.286
0.438
0.545
0.546
0.644
0.523
0.621
0.660
0.303
0.386
0.379
0.321
0.389
0.413
0.341
0.381
0.389
0.337
0.379
0.383
0.338
0.355
0.373
0.307
0.455
0.392
0.416
0.560
0.476
0.423
0.282
0.508
0.584
0.531
0.694
0.549
0.583
0.683
0.314
0.352
0.427
0.336
0.337
0.437
0.354
0.351
0.410
0.344
0.351
0.396
0.358
0.330
0.398
0.329
0.425
0.430
0.433
0.546
0.503
0.546
0.314
0.347
0.687
0.566
0.565
0.759
0.667
0.555
0.533
0.430
0.315
0.575
0.396
0.344
0.500
0.387
0.338
0.494
0.369
0.346
0.490
0.371
0.337
0.606
0.520
0.299
0.663
0.587
0.414
0.532
0.309
0.359
0.679
0.565
0.577
0.724
0.642
0.543
0.506
0.422
0.304
0.552
0.386
0.343
0.485
0.384
0.336
0.477
0.369
0.333
0.471
0.365
0.328
0.569
0.509
0.302
0.674
0.614
0.429
0.564
0.281
0.393
0.680
0.549
0.593
0.724
0.607
0.556
0.499
0.361
0.314
0.548
0.346
0.350
0.481
0.333
0.344
0.474
0.328
0.347
0.477
0.317
0.346
0.555
0.428
0.299
0.631
0.526
0.412
0.569
0.264
0.372
0.669
0.512
0.572
0.710
0.561
0.532
0.500
0.339
0.289
0.547
0.329
0.331
0.499
0.325
0.339
0.487
0.322
0.343
0.480
0.307
0.336
0.555
0.414
0.277
0.636
0.512
0.401
0.518
0.267
0.343
0.647
0.515
0.559
0.683
0.572
0.524
0.470
0.339
0.282
0.516
0.335
0.320
0.479
0.331
0.327
0.469
0.327
0.329
0.467
0.310
0.322
0.516
0.426
0.268
0.610
0.541
0.404
0.446
0.289
0.468
0.597
0.535
0.651
0.555
0.609
0.669
0.323
0.382
0.378
0.349
0.377
0.402
0.347
0.364
0.393
0.336
0.353
0.370
0.334
0.333
0.371
0.334
0.457
0.417
0.432
0.589
0.500
0.453
0.294
0.496
0.613
0.544
0.684
0.566
0.622
0.697
0.318
0.390
0.430
0.350
0.387
0.454
0.367
0.373
0.409
0.360
0.374
0.392
0.360
0.357
0.393
0.352
0.480
0.454
0.422
0.573
0.509
0.458
0.339
0.504
0.581
0.567
0.665
0.543
0.645
0.677
0.343
0.451
0.430
0.370
0.439
0.453
0.381
0.431
0.437
0.373
0.421
0.421
0.367
0.410
0.417
0.384
0.542
0.457
0.470
0.646
0.536
0.446
0.308
0.487
0.613
0.555
0.686
0.562
0.619
0.695
0.339
0.413
0.415
0.362
0.423
0.445
0.364
0.384
0.408
0.355
0.382
0.394
0.352
0.367
0.388
0.343
0.493
0.432
0.460
0.582
0.515
0.453
0.311
0.532
0.616
0.557
0.712
0.568
0.619
0.717
0.331
0.399
0.461
0.360
0.377
0.468
0.366
0.371
0.419
0.349
0.374
0.400
0.356
0.357
0.399
0.349
0.491
0.460
0.455
0.614
0.532
0.623
0.327
0.380
0.736
0.561
0.598
0.791
0.641
0.583
0.587
0.451
0.333
0.641
0.422
0.363
0.539
0.373
0.347
0.525
0.360
0.348
0.518
0.361
0.335
0.659
0.538
0.314
0.724
0.605
0.445
0.585
0.327
0.375
0.714
0.566
0.603
0.750
0.633
0.563
0.549
0.443
0.315
0.599
0.410
0.355
0.516
0.373
0.346
0.504
0.364
0.337
0.494
0.365
0.328
0.622
0.544
0.312
0.722
0.631
0.444
0.641
0.308
0.425
0.733
0.556
0.634
0.771
0.611
0.596
0.557
0.401
0.339
0.611
0.385
0.371
0.523
0.341
0.357
0.511
0.336
0.353
0.503
0.325
0.346
0.616
0.476
0.320
0.700
0.573
0.449
0.623
0.289
0.394
0.710
0.532
0.598
0.746
0.581
0.563
0.540
0.380
0.308
0.594
0.371
0.347
0.526
0.338
0.339
0.504
0.334
0.335
0.493
0.323
0.326
0.603
0.458
0.296
0.691
0.560
0.426
0.578
0.298
0.367
0.699
0.533
0.596
0.722
0.588
0.556
0.523
0.395
0.302
0.577
0.381
0.342
0.513
0.351
0.337
0.496
0.346
0.331
0.486
0.334
0.322
0.576
0.487
0.288
0.676
0.588
0.434
0.458
0.640
0.421
0.646
0.836
0.653
0.646
0.913
0.690
0.421
0.675
0.455
0.440
0.649
0.477
0.435
0.621
0.470
0.423
0.595
0.450
0.420
0.591
0.442
0.453
0.728
0.480
0.544
0.826
0.591
0.500
0.642
0.461
0.701
0.878
0.684
0.693
0.969
0.722
0.451
0.695
0.507
0.479
0.678
0.540
0.489
0.678
0.518
0.473
0.654
0.499
0.474
0.651
0.492
0.495
0.773
0.542
0.562
0.837
0.626
0.488
0.685
0.459
0.646
0.854
0.673
0.640
0.928
0.698
0.449
0.716
0.501
0.469
0.692
0.525
0.475
0.682
0.515
0.459
0.659
0.500
0.453
0.657
0.487
0.493
0.772
0.523
0.581
0.871
0.632
0.459
0.670
0.433
0.651
0.865
0.656
0.649
0.951
0.690
0.435
0.713
0.473
0.454
0.706
0.502
0.448
0.655
0.479
0.434
0.638
0.465
0.432
0.631
0.454
0.453
0.769
0.487
0.563
0.846
0.589
0.492
0.712
0.455
0.683
0.913
0.684
0.688
0.988
0.717
0.451
0.736
0.502
0.477
0.711
0.505
0.458
0.673
0.497
0.444
0.653
0.481
0.450
0.654
0.476
0.484
0.789
0.520
0.580
0.876
0.634
0.637
0.542
0.466
0.775
0.783
0.672
0.830
0.770
0.682
0.654
0.530
0.500
0.676
0.576
0.516
0.594
0.502
0.483
0.562
0.489
0.461
0.570
0.485
0.456
0.708
0.525
0.499
0.779
0.664
0.621
0.695
0.637
0.510
0.814
0.837
0.698
0.880
0.856
0.710
0.678
0.608
0.522
0.722
0.636
0.546
0.610
0.566
0.495
0.575
0.541
0.475
0.589
0.543
0.471
0.753
0.631
0.517
0.779
0.686
0.609
0.612
0.486
0.457
0.770
0.742
0.680
0.831
0.702
0.698
0.643
0.483
0.490
0.687
0.498
0.518
0.628
0.458
0.509
0.591
0.453
0.482
0.590
0.445
0.479
0.703
0.486
0.502
0.789
0.619
0.616
0.590
0.522
0.422
0.739
0.756
0.642
0.792
0.754
0.651
0.578
0.512
0.443
0.624
0.527
0.471
0.562
0.500
0.457
0.534
0.492
0.442
0.539
0.492
0.431
0.654
0.533
0.439
0.701
0.617
0.553
0.623
0.442
0.404
0.750
0.706
0.633
0.815
0.687
0.661
0.618
0.414
0.446
0.638
0.432
0.473
0.596
0.435
0.470
0.570
0.426
0.453
0.565
0.422
0.439
0.674
0.444
0.449
0.754
0.536
0.582
0.388
0.501
0.256
0.576
0.758
0.519
0.551
0.798
0.516
0.317
0.555
0.277
0.322
0.520
0.302
0.310
0.487
0.302
0.310
0.469
0.284
0.316
0.462
0.273
0.343
0.592
0.305
0.428
0.732
0.454
0.408
0.501
0.274
0.611
0.776
0.537
0.584
0.835
0.532
0.326
0.553
0.300
0.338
0.529
0.331
0.348
0.512
0.313
0.346
0.508
0.305
0.358
0.498
0.290
0.367
0.601
0.336
0.434
0.729
0.465
0.436
0.559
0.316
0.586
0.782
0.552
0.546
0.818
0.535
0.352
0.601
0.336
0.359
0.581
0.368
0.369
0.554
0.356
0.364
0.541
0.345
0.371
0.529
0.326
0.394
0.656
0.374
0.483
0.793
0.510
0.403
0.519
0.262
0.583
0.769
0.523
0.553
0.803
0.505
0.335
0.573
0.287
0.332
0.557
0.320
0.330
0.494
0.297
0.328
0.491
0.293
0.334
0.479
0.277
0.343
0.616
0.303
0.466
0.748
0.448
0.385
0.543
0.284
0.600
0.794
0.536
0.583
0.830
0.522
0.342
0.587
0.301
0.361
0.558
0.311
0.347
0.514
0.303
0.339
0.510
0.298
0.359
0.501
0.285
0.371
0.628
0.318
0.474
0.776
0.476
0.514
0.404
0.279
0.674
0.663
0.518
0.703
0.626
0.483
0.510
0.385
0.285
0.547
0.403
0.304
0.473
0.360
0.286
0.459
0.357
0.274
0.458
0.366
0.269
0.559
0.389
0.301
0.672
0.527
0.455
0.577
0.496
0.331
0.708
0.724
0.541
0.747
0.714
0.518
0.558
0.482
0.327
0.606
0.486
0.346
0.505
0.435
0.310
0.491
0.424
0.305
0.489
0.433
0.297
0.615
0.489
0.340
0.689
0.579
0.457
0.506
0.387
0.288
0.670
0.646
0.536
0.685
0.570
0.505
0.505
0.361
0.303
0.554
0.349
0.334
0.489
0.325
0.329
0.476
0.333
0.312
0.460
0.335
0.300
0.554
0.360
0.328
0.686
0.511
0.476
0.507
0.410
0.268
0.658
0.654
0.507
0.685
0.626
0.484
0.489
0.406
0.277
0.529
0.387
0.302
0.460
0.368
0.286
0.453
0.369
0.282
0.445
0.373
0.268
0.549
0.413
0.286
0.628
0.514
0.425
0.511
0.341
0.245
0.687
0.658
0.518
0.715
0.613
0.497
0.508
0.311
0.264
0.537
0.311
0.292
0.485
0.318
0.297
0.477
0.319
0.286
0.461
0.329
0.270
0.558
0.334
0.282
0.656
0.433
0.441
0.449
0.559
0.294
0.613
0.794
0.525
0.600
0.845
0.523
0.403
0.603
0.295
0.393
0.574
0.322
0.378
0.534
0.314
0.371
0.519
0.305
0.384
0.512
0.290
0.420
0.647
0.338
0.477
0.767
0.463
0.441
0.526
0.300
0.628
0.794
0.540
0.608
0.862
0.534
0.383
0.578
0.311
0.389
0.563
0.345
0.401
0.553
0.329
0.386
0.548
0.329
0.408
0.547
0.316
0.416
0.640
0.366
0.455
0.737
0.463
0.466
0.602
0.341
0.596
0.804
0.553
0.560
0.861
0.544
0.396
0.633
0.346
0.397
0.624
0.378
0.404
0.591
0.365
0.394
0.583
0.361
0.402
0.574
0.342
0.437
0.708
0.411
0.502
0.810
0.508
0.447
0.584
0.298
0.617
0.818
0.536
0.600
0.872
0.524
0.411
0.634
0.309
0.395
0.622
0.343
0.391
0.561
0.320
0.378
0.556
0.320
0.396
0.547
0.304
0.408
0.688
0.340
0.505
0.787
0.459
0.425
0.594
0.317
0.613
0.813
0.543
0.607
0.871
0.540
0.401
0.631
0.320
0.410
0.610
0.333
0.394
0.565
0.325
0.383
0.561
0.323
0.401
0.555
0.312
0.424
0.684
0.366
0.492
0.789
0.476
0.545
0.477
0.323
0.693
0.727
0.538
0.730
0.706
0.515
0.553
0.471
0.328
0.579
0.489
0.346
0.508
0.434
0.319
0.494
0.432
0.312
0.494
0.440
0.305
0.621
0.473
0.365
0.688
0.570
0.471
0.611
0.573
0.389
0.725
0.797
0.568
0.770
0.808
0.559
0.606
0.573
0.378
0.641
0.568
0.398
0.548
0.517
0.357
0.522
0.501
0.349
0.528
0.510
0.341
0.676
0.573
0.406
0.699
0.614
0.478
0.530
0.451
0.333
0.690
0.708
0.558
0.707
0.654
0.536
0.536
0.440
0.340
0.577
0.427
0.365
0.511
0.387
0.354
0.498
0.396
0.340
0.487
0.398
0.331
0.605
0.443
0.385
0.697
0.549
0.487
0.521
0.470
0.304
0.660
0.713
0.517
0.691
0.707
0.503
0.513
0.482
0.304
0.543
0.461
0.329
0.486
0.441
0.312
0.474
0.440
0.309
0.474
0.447
0.297
0.584
0.480
0.329
0.628
0.551
0.431
0.529
0.380
0.280
0.676
0.674
0.521
0.699
0.640
0.506
0.525
0.367
0.286
0.544
0.360
0.314
0.500
0.371
0.318
0.488
0.366
0.311
0.477
0.379
0.294
0.579
0.378
0.316
0.656
0.460
0.445
0.348
0.553
0.290
0.535
0.774
0.551
0.549
0.877
0.585
0.312
0.591
0.313
0.320
0.575
0.341
0.325
0.550
0.342
0.320
0.526
0.320
0.318
0.522
0.314
0.340
0.642
0.351
0.428
0.755
0.456
0.371
0.531
0.308
0.578
0.799
0.574
0.571
0.902
0.596
0.319
0.597
0.351
0.340
0.587
0.386
0.357
0.571
0.364
0.356
0.564
0.350
0.359
0.559
0.341
0.364
0.659
0.394
0.429
0.742
0.473
0.396
0.616
0.348
0.555
0.810
0.585
0.551
0.901
0.599
0.347
0.645
0.375
0.363
0.635
0.402
0.379
0.619
0.398
0.372
0.607
0.386
0.368
0.599
0.371
0.396
0.715
0.418
0.477
0.816
0.506
0.360
0.593
0.305
0.558
0.825
0.568
0.557
0.919
0.585
0.333
0.638
0.336
0.340
0.634
0.372
0.343
0.585
0.349
0.339
0.572
0.339
0.340
0.562
0.326
0.343
0.692
0.362
0.457
0.789
0.459
0.370
0.612
0.325
0.564
0.834
0.579
0.568
0.919
0.595
0.334
0.642
0.357
0.347
0.620
0.366
0.345
0.588
0.355
0.344
0.576
0.344
0.351
0.569
0.333
0.360
0.694
0.387
0.461
0.795
0.486
0.490
0.417
0.329
0.642
0.675
0.563
0.693
0.642
0.561
0.521
0.396
0.352
0.537
0.439
0.366
0.468
0.390
0.345
0.448
0.390
0.323
0.451
0.392
0.322
0.586
0.385
0.383
0.664
0.538
0.475
0.547
0.522
0.368
0.674
0.739
0.579
0.733
0.732
0.585
0.542
0.482
0.373
0.577
0.507
0.394
0.484
0.459
0.356
0.467
0.450
0.344
0.470
0.455
0.336
0.607
0.481
0.387
0.665
0.568
0.469
0.485
0.382
0.337
0.659
0.659
0.584
0.718
0.611
0.591
0.520
0.380
0.355
0.565
0.388
0.383
0.506
0.359
0.380
0.481
0.360
0.356
0.467
0.356
0.351
0.585
0.380
0.385
0.688
0.524
0.486
0.477
0.434
0.298
0.626
0.667
0.540
0.670
0.649
0.544
0.471
0.416
0.314
0.506
0.413
0.341
0.449
0.398
0.328
0.434
0.402
0.315
0.432
0.405
0.306
0.541
0.419
0.325
0.605
0.520
0.426
0.483
0.330
0.281
0.643
0.637
0.546
0.708
0.605
0.555
0.488
0.308
0.302
0.513
0.317
0.329
0.480
0.337
0.337
0.465
0.338
0.321
0.446
0.337
0.307
0.556
0.329
0.329
0.644
0.427
0.438
0.326
0.429
0.281
0.518
0.676
0.522
0.523
0.758
0.567
0.313
0.505
0.295
0.317
0.488
0.315
0.307
0.452
0.319
0.301
0.433
0.304
0.299
0.421
0.289
0.351
0.544
0.316
0.413
0.669
0.453
0.334
0.431
0.305
0.543
0.693
0.542
0.542
0.784
0.591
0.318
0.513
0.329
0.330
0.497
0.357
0.339
0.478
0.337
0.332
0.469
0.328
0.335
0.458
0.309
0.360
0.561
0.361
0.415
0.664
0.459
0.372
0.481
0.340
0.532
0.700
0.560
0.527
0.792
0.603
0.343
0.549
0.359
0.349
0.542
0.387
0.361
0.525
0.384
0.356
0.510
0.376
0.350
0.494
0.354
0.394
0.604
0.388
0.458
0.721
0.508
0.330
0.451
0.292
0.519
0.699
0.534
0.517
0.789
0.577
0.323
0.531
0.315
0.320
0.532
0.349
0.318
0.477
0.329
0.314
0.470
0.324
0.313
0.454
0.303
0.340
0.574
0.327
0.430
0.682
0.443
0.321
0.474
0.318
0.523
0.712
0.542
0.526
0.790
0.583
0.319
0.542
0.334
0.328
0.517
0.343
0.321
0.489
0.339
0.315
0.479
0.331
0.321
0.463
0.312
0.354
0.580
0.341
0.435
0.697
0.464
0.464
0.352
0.303
0.624
0.603
0.527
0.679
0.594
0.538
0.486
0.373
0.316
0.516
0.387
0.328
0.450
0.345
0.315
0.435
0.338
0.302
0.430
0.343
0.290
0.553
0.392
0.323
0.627
0.492
0.453
0.508
0.424
0.339
0.645
0.642
0.534
0.709
0.661
0.553
0.517
0.445
0.339
0.553
0.441
0.354
0.467
0.402
0.323
0.453
0.389
0.319
0.447
0.395
0.303
0.597
0.467
0.348
0.632
0.528
0.429
0.475
0.340
0.321
0.639
0.600
0.554
0.706
0.576
0.576
0.506
0.366
0.339
0.547
0.356
0.364
0.484
0.329
0.360
0.468
0.333
0.346
0.450
0.330
0.325
0.564
0.373
0.353
0.661
0.489
0.484
0.458
0.359
0.292
0.616
0.604
0.520
0.670
0.612
0.535
0.466
0.390
0.304
0.504
0.380
0.327
0.443
0.359
0.312
0.434
0.358
0.309
0.424
0.358
0.287
0.544
0.414
0.300
0.591
0.486
0.416
0.465
0.275
0.274
0.626
0.572
0.518
0.692
0.571
0.534
0.469
0.305
0.275
0.493
0.303
0.299
0.456
0.307
0.307
0.446
0.304
0.300
0.428
0.309
0.277
0.536
0.338
0.281
0.608
0.414
0.424
0.309
0.445
0.224
0.482
0.658
0.439
0.474
0.691
0.433
0.285
0.486
0.231
0.289
0.466
0.249
0.290
0.434
0.242
0.290
0.428
0.239
0.295
0.421
0.229
0.303
0.512
0.265
0.353
0.600
0.357
0.328
0.439
0.235
0.510
0.671
0.453
0.498
0.704
0.450
0.288
0.482
0.252
0.303
0.461
0.272
0.326
0.446
0.254
0.318
0.453
0.258
0.329
0.448
0.245
0.311
0.506
0.291
0.355
0.592
0.366
0.339
0.494
0.281
0.483
0.675
0.473
0.457
0.718
0.468
0.300
0.532
0.293
0.310
0.524
0.315
0.325
0.497
0.305
0.321
0.492
0.305
0.324
0.483
0.288
0.336
0.573
0.336
0.395
0.665
0.421
0.325
0.471
0.229
0.495
0.683
0.447
0.478
0.712
0.431
0.307
0.516
0.244
0.301
0.507
0.267
0.311
0.461
0.249
0.305
0.461
0.253
0.316
0.452
0.238
0.307
0.545
0.267
0.386
0.626
0.352
0.302
0.472
0.246
0.481
0.673
0.454
0.471
0.705
0.441
0.292
0.508
0.256
0.303
0.491
0.265
0.303
0.456
0.253
0.300
0.456
0.255
0.313
0.451
0.242
0.313
0.534
0.278
0.372
0.622
0.366
0.422
0.362
0.246
0.573
0.596
0.452
0.602
0.564
0.429
0.432
0.364
0.255
0.463
0.385
0.267
0.403
0.349
0.249
0.394
0.349
0.245
0.394
0.354
0.239
0.484
0.362
0.276
0.549
0.448
0.372
0.447
0.421
0.268
0.574
0.621
0.446
0.603
0.607
0.428
0.443
0.426
0.266
0.475
0.420
0.279
0.419
0.395
0.257
0.402
0.385
0.253
0.404
0.393
0.247
0.503
0.416
0.287
0.532
0.466
0.347
0.407
0.338
0.259
0.565
0.571
0.465
0.585
0.516
0.451
0.421
0.335
0.271
0.459
0.331
0.287
0.400
0.303
0.281
0.393
0.312
0.274
0.384
0.316
0.261
0.476
0.331
0.304
0.556
0.428
0.391
0.410
0.365
0.234
0.554
0.584
0.436
0.577
0.561
0.417
0.408
0.380
0.241
0.437
0.364
0.258
0.395
0.353
0.246
0.387
0.358
0.250
0.385
0.361
0.236
0.465
0.372
0.255
0.504
0.431
0.340
0.411
0.288
0.222
0.566
0.554
0.446
0.595
0.522
0.428
0.404
0.290
0.229
0.428
0.292
0.248
0.400
0.304
0.247
0.393
0.307
0.251
0.385
0.317
0.233
0.459
0.298
0.249
0.520
0.367
0.350
0.458
0.638
0.363
0.630
0.854
0.591
0.629
0.909
0.596
0.409
0.666
0.395
0.420
0.658
0.425
0.402
0.617
0.409
0.392
0.592
0.397
0.394
0.586
0.381
0.451
0.723
0.413
0.507
0.817
0.554
0.476
0.619
0.379
0.670
0.880
0.608
0.657
0.938
0.612
0.416
0.658
0.422
0.441
0.655
0.463
0.438
0.637
0.432
0.431
0.628
0.429
0.435
0.623
0.409
0.469
0.728
0.452
0.512
0.808
0.572
0.482
0.677
0.405
0.632
0.865
0.616
0.608
0.920
0.620
0.426
0.705
0.448
0.443
0.698
0.485
0.448
0.671
0.462
0.437
0.654
0.455
0.436
0.651
0.434
0.475
0.761
0.477
0.542
0.858
0.593
0.471
0.682
0.386
0.652
0.895
0.608
0.644
0.960
0.614
0.438
0.720
0.426
0.445
0.726
0.465
0.430
0.661
0.431
0.421
0.644
0.427
0.422
0.635
0.407
0.460
0.774
0.434
0.542
0.852
0.562
0.483
0.701
0.395
0.673
0.922
0.616
0.674
0.970
0.616
0.446
0.725
0.433
0.472
0.719
0.449
0.435
0.667
0.428
0.425
0.650
0.425
0.432
0.644
0.408
0.485
0.773
0.441
0.556
0.870
0.588
0.600
0.524
0.408
0.739
0.779
0.614
0.784
0.758
0.606
0.607
0.498
0.442
0.647
0.537
0.464
0.560
0.484
0.420
0.535
0.475
0.408
0.544
0.483
0.397
0.671
0.518
0.445
0.733
0.621
0.580
0.660
0.617
0.445
0.776
0.830
0.630
0.827
0.840
0.627
0.643
0.592
0.459
0.699
0.618
0.485
0.584
0.559
0.431
0.553
0.535
0.422
0.563
0.542
0.407
0.723
0.620
0.459
0.741
0.660
0.567
0.573
0.477
0.399
0.729
0.738
0.624
0.757
0.684
0.618
0.588
0.457
0.440
0.645
0.466
0.478
0.574
0.433
0.454
0.549
0.434
0.435
0.540
0.430
0.421
0.653
0.471
0.457
0.747
0.588
0.586
0.586
0.532
0.381
0.721
0.766
0.593
0.761
0.755
0.590
0.567
0.516
0.404
0.616
0.521
0.437
0.539
0.489
0.405
0.521
0.484
0.402
0.523
0.487
0.381
0.651
0.548
0.407
0.677
0.601
0.527
0.567
0.426
0.328
0.706
0.721
0.559
0.741
0.685
0.557
0.550
0.395
0.358
0.584
0.403
0.393
0.526
0.408
0.389
0.508
0.403
0.384
0.500
0.410
0.362
0.621
0.431
0.368
0.672
0.490
0.516
