1.434
1.540
1.417
2.932
3.059
2.972
1.090
1.321
1.173
1.405
1.444
1.403
1.045
1.124
0.796
1.074
1.192
1.190
1.012
1.209
1.009
3.574
3.585
3.480
2.010
2.114
2.029
1.604
1.731
1.651
1.787
1.952
1.817
0.751
0.891
0.830
1.168
1.258
1.218
1.567
1.708
1.624
1.785
1.860
1.852
0.781
1.009
1.436
0.814
1.025
0.935
1.443
1.517
1.476
2.116
2.492
2.599
1.207
1.439
1.388
1.025
1.173
1.029
2.333
2.412
2.324
2.968
3.034
2.966
2.198
2.394
2.307
0.961
1.195
1.129
1.396
1.414
1.364
1.114
1.200
1.101
1.089
1.303
1.141
1.755
1.982
2.089
1.379
1.611
1.496
1.685
1.961
1.695
2.253
2.444
2.284
1.916
1.961
1.854
1.621
1.900
1.757
2.193
2.321
2.246
1.832
2.061
1.683
1.462
1.621
1.505
1.348
1.347
1.271
1.211
1.480
1.371
1.424
1.370
1.240
0.888
1.202
1.016
0.835
0.989
0.831
2.166
2.157
2.054
0.891
1.245
0.999
1.718
1.950
1.766
1.616
1.807
1.652
1.549
1.773
1.715
0.833
1.070
0.885
1.678
1.878
1.729
2.511
2.558
2.532
2.253
2.437
2.202
2.361
2.538
2.417
1.547
1.554
1.476
0.977
1.007
0.929
1.492
1.723
1.627
1.465
1.727
1.359
0.947
1.097
1.013
1.515
1.648
1.295
0.941
1.143
1.028
2.849
2.969
2.872
2.387
2.388
2.324
2.472
2.564
2.454
1.344
1.651
1.507
2.264
2.242
2.151
0.625
1.040
0.685
2.529
2.742
2.645
2.738
2.808
2.658
1.274
1.361
1.148
1.182
1.503
1.273
0.850
0.922
0.838
0.850
1.002
0.896
1.467
1.595
1.516
2.283
2.414
2.357
1.585
1.718
1.604
0.955
0.982
0.987
1.021
1.187
1.103
1.929
2.064
2.060
1.985
2.294
2.216
2.255
2.353
2.309
1.186
1.300
1.230
0.861
0.918
0.470
1.225
1.305
1.114
1.926
1.845
1.762
3.369
3.475
3.395
0.776
0.924
0.839
1.858
2.020
1.939
1.077
1.209
1.002
1.744
1.822
1.828
0.605
1.007
0.794
1.203
1.367
1.272
1.089
1.213
1.159
1.447
1.562
1.396
2.713
2.746
2.702
2.710
2.833
2.745
1.616
1.710
1.663
2.106
2.218
2.143
2.166
2.213
2.178
0.983
1.085
0.954
2.238
2.328
2.225
0.899
1.283
0.969
0.616
0.929
0.631
1.792
1.897
1.792
1.531
1.629
1.566
1.779
1.916
1.849
1.154
1.395
1.227
1.423
1.454
1.434
2.356
2.620
2.494
1.060
1.165
1.073
1.405
1.464
1.449
0.890
0.982
0.933
1.434
1.624
1.502
1.578
1.836
1.858
1.830
1.940
1.895
1.098
1.210
1.127
0.892
1.212
1.009
1.829
1.977
1.938
0.703
0.985
0.702
1.569
1.683
1.606
1.037
1.163
1.074
1.327
1.380
1.322
0.879
1.083
1.063
1.019
0.957
0.987
2.347
2.450
2.380
2.654
2.990
2.654
3.173
3.218
3.135
1.562
1.721
1.630
2.619
2.696
2.670
2.125
2.279
2.140
1.354
1.456
1.406
1.926
2.081
2.002
1.719
1.748
1.754
1.560
1.659
1.517
1.385
1.685
1.451
1.748
1.948
1.799
1.673
1.757
1.661
2.044
2.103
2.008
2.317
2.435
2.349
0.603
0.803
0.714
1.939
2.083
1.894
1.567
1.993
1.912
1.798
1.835
1.728
1.629
2.077
1.847
1.379
1.611
1.496
2.668
2.862
2.706
2.701
2.793
2.833
1.892
2.080
1.956
0.581
0.818
0.623
1.171
1.308
1.170
1.573
1.726
1.621
1.034
1.046
0.916
1.239
1.198
1.077
1.933
1.875
1.758
1.448
1.538
1.452
1.971
2.056
1.955
1.269
1.240
1.086
1.826
1.986
1.942
0.866
1.161
0.899
1.744
1.855
1.754
1.235
1.345
1.278
1.225
1.596
1.327
1.501
1.610
1.520
0.986
1.209
1.057
1.847
1.926
1.950
2.203
2.384
2.313
1.426
1.500
1.309
0.810
0.824
0.799
1.187
1.272
1.222
0.822
0.890
0.843
1.442
1.524
1.475
2.182
2.271
2.216
1.368
1.620
1.524
1.427
1.494
1.441
1.432
1.531
1.442
0.910
0.937
0.895
1.619
1.708
1.635
1.652
1.852
1.728
1.297
1.514
1.438
0.855
1.140
1.005
2.301
2.616
2.457
2.240
2.329
2.251
1.042
1.057
0.946
1.636
1.548
1.319
2.449
2.515
2.491
1.408
1.729
1.528
2.696
2.741
2.703
1.883
2.001
1.975
1.490
1.572
1.534
2.202
2.259
2.107
1.775
2.284
1.877
0.416
0.512
0.420
0.964
1.034
1.014
0.893
1.087
0.919
2.169
2.354
2.221
0.695
1.033
0.733
0.993
1.132
1.376
0.922
1.945
0.871
0.786
1.053
0.922
0.666
1.191
0.865
1.858
1.928
1.805
1.448
1.442
1.401
1.811
1.912
1.808
1.146
1.219
1.024
2.780
2.894
2.947
1.897
1.992
2.015
1.468
1.671
1.548
1.086
1.425
1.283
0.658
1.267
1.052
0.803
1.007
0.947
2.196
2.237
2.148
1.748
1.825
1.736
2.278
2.866
2.183
1.529
1.619
1.334
1.150
1.273
1.103
1.444
1.491
1.440
0.986
1.302
1.047
1.510
1.615
1.573
1.270
1.455
1.870
1.764
1.824
1.724
0.895
1.231
1.005
2.805
2.943
2.878
2.268
2.481
2.346
1.821
1.938
1.804
1.625
1.704
1.501
1.821
1.856
1.734
0.742
0.787
0.752
0.677
0.861
0.732
1.256
1.409
1.349
1.064
1.179
1.086
2.621
2.698
2.642
1.333
1.554
1.390
1.762
1.972
1.880
1.234
1.310
1.177
1.524
1.665
1.566
1.000
1.084
0.981
0.824
1.019
0.750
0.981
1.223
1.063
0.933
1.081
0.978
1.751
1.741
1.708
1.451
1.712
1.418
1.095
1.125
1.084
1.789
1.874
1.861
0.924
1.034
0.989
0.986
1.241
1.074
1.524
1.523
1.388
2.079
2.269
2.202
0.846
1.035
0.965
2.189
2.283
2.253
1.149
1.177
0.851
1.766
1.860
1.836
1.513
1.614
1.457
1.296
1.601
1.558
2.026
2.162
2.029
1.182
1.324
1.195
0.978
0.922
0.877
1.641
1.557
1.595
2.047
2.141
2.076
1.597
1.672
1.658
1.508
1.754
1.563
1.484
1.586
1.501
2.981
3.088
3.089
1.375
1.466
1.379
2.037
2.094
1.926
0.745
0.974
0.851
1.750
1.837
1.748
1.393
1.517
1.436
2.148
2.388
2.251
1.994
2.184
2.097
1.704
1.816
1.701
0.516
0.649
0.515
2.136
2.336
2.234
1.533
1.715
1.642
1.578
1.780
1.567
1.184
1.906
1.232
1.074
1.229
1.112
1.125
1.526
1.360
0.847
1.142
0.971
0.454
0.707
0.577
0.844
0.883
0.816
1.943
2.041
1.991
1.040
1.139
1.077
1.040
1.163
1.086
1.300
1.583
1.480
1.849
1.912
1.827
1.466
1.569
1.438
0.513
0.615
0.545
0.924
1.152
1.034
0.676
0.803
0.714
2.275
2.335
2.347
1.721
1.837
1.805
2.551
2.626
2.547
0.714
0.820
0.740
0.939
1.073
1.004
2.817
2.943
2.925
1.747
2.002
1.770
3.318
3.397
3.444
1.167
1.253
1.121
1.344
1.618
1.430
0.920
1.064
0.853
1.000
1.304
1.131
0.963
1.066
0.996
0.677
0.811
0.768
1.917
2.058
1.840
1.259
1.404
1.245
0.926
0.921
0.950
2.348
2.384
2.374
1.228
1.457
1.182
1.069
1.177
1.100
0.712
0.856
0.786
1.126
1.289
1.220
0.677
0.809
0.781
1.119
1.414
1.243
1.453
1.518
1.478
2.443
2.529
2.422
1.801
1.830
1.787
2.220
2.329
2.272
1.477
1.589
1.503
1.029
1.222
0.980
1.663
1.811
1.591
2.024
2.161
2.100
1.705
1.922
1.749
2.138
2.262
2.108
1.429
1.593
1.528
0.822
1.080
0.933
2.132
2.145
1.880
1.208
1.357
1.255
1.184
1.303
1.259
2.740
2.913
2.843
1.359
1.528
1.333
2.664
2.720
2.601
1.475
1.633
1.379
1.987
2.054
2.012
0.983
1.153
1.010
2.906
2.960
2.925
1.174
1.288
1.182
1.284
1.305
1.215
1.802
1.855
1.798
1.481
1.820
1.556
1.251
1.298
1.232
0.994
1.017
1.012
1.679
1.688
1.947
1.203
1.306
1.132
0.696
0.737
0.721
1.671
1.809
1.585
1.931
1.994
2.017
1.612
1.591
1.456
0.865
0.938
0.894
2.619
2.773
2.725
2.206
2.334
2.269
2.167
2.294
2.218
1.067
1.216
1.101
0.819
1.206
0.869
1.058
1.296
1.181
2.901
3.017
2.951
1.761
1.799
1.586
0.800
0.789
0.663
0.998
1.104
0.984
0.957
1.319
0.810
0.972
0.980
0.927
1.380
1.459
1.406
1.336
1.591
1.325
1.899
2.048
2.019
1.626
1.804
1.761
2.858
2.913
2.881
3.049
3.313
3.113
1.786
1.801
1.767
0.888
1.026
0.828
1.016
1.173
1.037
2.587
2.794
2.635
2.068
2.119
2.075
2.374
2.434
2.375
1.684
1.550
1.557
1.558
1.834
1.574
1.227
1.755
1.388
1.377
1.535
1.393
1.257
1.669
1.033
1.638
1.690
1.516
1.314
1.416
1.350
1.963
2.220
1.956
1.422
1.452
1.402
1.410
1.499
1.452
1.592
1.731
1.652
1.160
1.412
1.366
0.933
1.392
1.046
1.643
1.847
1.740
1.909
1.948
1.920
2.142
2.334
2.224
2.469
2.464
2.482
2.002
2.229
1.934
1.665
1.698
1.668
1.194
1.469
1.414
2.467
2.489
2.365
1.573
1.705
1.589
2.030
2.038
2.006
2.380
2.413
2.351
0.939
1.070
0.980
1.330
1.469
1.414
1.363
1.407
1.373
1.026
1.196
1.054
0.986
1.193
1.070
0.753
1.206
0.924
1.185
1.439
1.392
1.054
1.181
1.159
2.484
2.668
2.411
1.488
1.569
1.547
2.029
2.271
2.127
1.499
2.311
1.779
1.492
1.539
1.521
1.286
1.357
1.327
2.205
2.439
2.137
1.400
1.809
1.435
1.272
1.542
1.390
1.033
1.093
0.953
0.974
1.035
1.048
1.160
1.543
1.281
1.241
1.550
1.322
1.021
1.054
0.964
1.585
1.808
1.697
1.408
1.557
1.467
0.762
0.875
0.731
0.900
1.035
0.913
1.260
1.324
1.301
1.204
1.351
1.252
0.977
1.278
1.185
1.255
1.531
1.390
1.405
1.439
1.278
0.819
1.198
0.969
2.641
2.704
2.566
1.208
1.405
1.319
1.163
1.868
1.365
1.110
1.187
1.109
0.570
0.614
0.611
1.101
1.317
1.159
1.069
1.289
1.146
0.648
0.798
0.729
1.055
1.297
1.115
1.392
1.514
1.458
1.696
1.743
1.635
1.258
1.392
1.281
1.105
1.270
1.181
0.966
0.908
0.277
1.465
1.525
1.469
1.580
1.748
1.609
0.888
1.045
0.965
1.261
1.729
1.528
1.785
1.893
1.827
1.905
2.023
1.806
3.027
3.194
3.086
0.655
0.772
0.650
0.840
0.887
0.875
0.687
0.769
0.686
1.069
1.218
1.181
1.069
1.306
1.178
1.289
1.552
1.373
1.718
1.851
1.742
1.204
1.533
1.341
1.650
1.763
1.670
1.700
1.844
1.727
1.413
1.520
1.399
2.310
2.371
2.364
1.899
1.920
1.788
1.431
1.534
1.459
1.515
1.611
1.564
1.917
2.089
1.978
1.187
1.347
1.203
1.099
1.254
1.014
1.875
1.916
1.869
3.178
3.233
2.835
2.170
2.284
2.264
0.691
0.655
0.545
2.193
2.271
2.225
1.772
1.681
1.683
1.638
1.801
1.567
1.289
1.379
1.273
1.427
1.609
1.478
1.602
1.757
1.535
2.442
2.499
2.446
1.693
1.764
1.757
2.294
2.373
2.293
0.970
1.338
1.050
1.533
1.663
1.458
1.129
1.296
1.213
1.858
2.035
2.004
2.002
2.021
1.852
1.053
1.044
0.861
1.705
1.750
1.711
1.193
1.349
1.181
1.540
1.703
1.541
2.655
2.568
2.447
1.535
1.570
1.565
1.195
1.429
1.256
1.704
1.791
1.694
0.891
1.173
1.033
1.730
1.817
1.601
1.083
1.184
1.101
1.009
1.282
1.029
1.821
2.050
1.882
3.283
3.323
3.205
0.471
0.743
0.521
0.640
1.472
0.940
1.753
1.747
1.608
1.926
2.047
1.909
1.390
1.498
1.400
1.678
2.410
1.627
2.111
2.558
2.093
1.564
1.754
1.579
0.452
0.570
0.500
2.018
2.355
2.024
1.691
1.906
1.759
0.771
0.999
0.925
0.719
0.771
0.700
2.675
2.788
2.624
1.613
1.768
2.045
1.087
1.447
1.561
1.430
1.557
1.336
1.878
2.202
2.000
1.071
1.166
1.153
0.865
1.147
1.171
1.158
1.352
1.248
1.084
1.220
1.157
0.887
1.071
0.949
1.268
1.398
1.265
1.748
1.882
1.738
1.939
2.217
1.761
2.734
2.843
2.783
1.632
2.254
2.235
1.349
1.516
1.376
1.843
1.929
1.774
1.163
1.518
1.344
1.297
1.453
1.319
1.390
1.591
1.396
1.690
1.813
1.667
1.149
1.537
1.404
2.530
2.606
2.536
1.674
1.729
1.721
0.712
0.875
0.769
2.386
2.496
2.444
1.683
1.736
1.666
2.133
2.199
2.233
1.575
1.790
1.429
1.126
1.363
1.265
1.282
1.389
1.310
1.264
1.489
1.318
1.760
1.931
1.823
2.202
2.229
2.163
1.944
2.133
1.918
0.930
1.154
0.991
1.364
1.524
1.433
0.850
1.079
0.967
0.491
0.709
0.576
0.941
1.157
1.014
2.134
2.326
2.266
1.629
1.752
1.689
0.869
1.083
0.942
0.980
1.120
1.030
1.375
1.670
1.357
1.439
1.799
1.602
1.340
1.568
1.431
1.289
1.323
1.289
1.227
1.309
1.288
1.377
1.529
1.451
1.382
1.496
1.385
1.412
1.549
1.421
1.548
1.598
1.586
0.886
0.939
0.902
1.925
2.030
1.909
1.824
1.935
1.882
1.560
1.714
1.679
1.649
1.766
1.633
2.342
2.570
2.353
1.281
1.422
1.233
0.986
1.475
1.074
0.986
1.257
1.170
2.902
3.116
3.079
0.836
0.993
0.904
1.109
1.186
1.199
0.983
1.135
0.976
1.784
1.883
1.866
1.334
1.233
1.215
1.268
1.339
1.272
0.946
0.911
0.930
0.754
0.756
0.631
0.717
1.104
0.806
0.654
0.762
0.663
1.097
1.198
1.174
3.051
3.055
3.054
1.816
1.969
1.857
2.885
3.071
2.912
1.116
1.340
1.111
1.173
1.232
1.167
2.010
2.033
1.846
1.832
2.294
1.845
1.944
2.079
1.928
1.201
1.316
1.278
1.216
1.448
1.230
1.900
2.032
1.942
0.513
0.691
1.017
1.558
1.544
1.522
2.857
3.125
2.752
1.390
1.564
1.326
1.813
1.790
1.791
1.152
1.344
1.714
3.018
3.110
3.064
1.539
1.731
1.684
2.576
2.644
2.454
0.802
1.002
0.878
0.609
0.747
0.618
1.492
1.576
1.490
3.728
3.786
3.740
1.547
1.635
1.553
2.101
2.267
2.057
0.492
0.486
0.411
0.845
1.158
0.898
2.310
2.634
2.597
1.312
1.624
1.527
1.194
1.301
1.186
1.600
1.756
1.602
1.090
1.169
1.105
1.250
1.320
1.248
1.588
1.679
1.638
2.375
2.396
2.348
1.963
2.188
1.908
1.118
1.193
1.125
0.850
0.943
0.856
2.128
2.480
2.164
2.128
2.383
2.164
2.128
2.386
2.164
1.182
1.223
1.159
1.513
1.664
1.622
1.760
1.830
1.732
0.996
1.057
0.794
0.416
0.830
0.591
1.371
1.529
1.409
1.973
2.081
2.007
1.450
1.607
1.458
0.869
1.012
0.766
1.980
2.126
1.896
1.282
1.365
1.289
0.875
1.136
1.096
1.533
1.839
1.694
1.236
1.436
1.311
1.188
1.294
1.239
1.302
1.382
1.336
1.097
1.294
1.193
1.938
2.125
1.889
2.119
2.108
1.885
1.694
1.794
1.678
2.507
2.709
2.543
1.299
1.310
1.245
1.999
1.982
1.994
1.829
1.860
1.924
1.829
1.860
1.924
1.043
1.422
1.062
2.142
2.127
1.911
0.933
1.280
0.971
0.933
1.277
0.971
1.990
2.197
2.087
0.905
1.039
0.982
1.601
1.893
1.524
2.493
2.521
2.443
0.840
0.973
0.840
1.239
1.475
1.293
1.220
1.349
1.309
1.275
1.349
1.063
2.425
2.517
2.440
1.458
1.548
1.483
2.793
3.079
2.835
1.926
2.063
1.941
1.464
1.608
1.465
1.897
1.958
1.817
1.379
1.456
1.382
1.013
1.298
1.099
1.247
1.329
1.105
1.251
1.313
1.126
1.345
1.391
1.318
1.300
1.365
1.322
1.364
1.559
1.483
0.888
1.021
0.919
1.283
1.499
1.250
1.646
1.757
1.684
0.770
1.050
0.833
1.451
1.597
1.394
2.015
2.055
2.018
0.915
1.247
1.086
0.833
0.924
0.834
0.937
1.101
1.041
0.864
1.162
1.037
1.087
1.417
1.170
1.120
1.366
1.142
1.562
1.582
1.560
2.238
2.330
2.216
0.865
0.976
0.894
1.930
2.152
2.066
2.071
2.132
1.982
1.007
1.221
1.060
0.994
1.119
1.024
1.923
2.091
1.975
2.103
2.130
2.126
1.701
1.797
1.602
0.813
0.942
0.764
0.924
1.323
0.964
1.443
1.570
1.428
1.876
1.814
1.821
1.192
1.366
1.258
1.039
1.177
1.131
1.527
1.753
1.573
3.009
2.998
2.997
1.320
1.448
1.344
1.109
1.371
1.233
1.354
1.462
1.328
2.346
2.446
2.383
1.873
1.940
1.912
2.290
2.319
2.132
2.203
2.320
2.247
1.733
2.059
1.851
2.040
2.159
2.213
1.599
1.669
1.592
1.883
1.766
1.789
2.111
2.196
2.207
1.239
1.448
1.340
0.872
1.001
0.899
1.226
1.459
1.361
0.717
0.741
0.609
1.415
1.406
1.274
1.966
2.300
2.091
3.350
3.403
3.430
1.424
1.610
1.403
1.187
1.162
1.023
1.626
1.730
1.652
1.055
1.284
1.074
0.878
1.184
1.088
0.435
0.736
0.625
1.157
1.198
1.209
1.148
1.251
1.182
1.481
1.588
1.440
2.746
2.812
2.800
2.758
2.935
2.864
2.077
2.170
2.084
1.609
1.820
1.749
1.625
1.659
1.602
1.532
1.621
1.466
1.028
1.160
1.049
3.221
3.302
3.209
1.468
1.648
1.442
1.718
1.889
1.429
1.523
1.558
1.557
2.068
2.267
2.020
2.046
2.176
2.021
1.544
1.606
1.513
1.580
1.616
1.612
2.027
2.106
2.064
0.866
1.133
0.975
1.342
1.439
1.406
1.270
1.381
1.050
1.309
1.409
1.356
1.694
1.896
1.672
1.587
1.571
1.472
1.620
1.785
1.640
1.329
1.398
1.386
2.087
2.274
2.198
1.171
1.348
1.234
1.500
1.513
1.533
1.500
1.513
1.533
1.585
1.671
1.584
1.824
2.156
1.926
2.510
2.570
2.662
1.170
1.296
1.136
1.490
1.666
1.500
1.662
1.833
1.729
0.656
1.013
0.707
1.366
1.578
1.375
2.645
2.697
2.505
1.510
1.789
1.603
1.904
2.034
1.910
0.845
0.990
0.854
1.017
1.568
1.186
1.257
1.413
1.309
2.070
2.159
2.030
1.440
1.471
1.144
1.516
1.711
1.453
1.347
1.362
1.252
1.347
1.496
1.368
1.563
1.607
1.530
1.315
1.656
1.478
1.216
1.577
1.382
1.952
2.075
1.963
2.047
2.356
2.291
2.638
2.727
2.652
1.156
1.257
1.127
1.654
2.237
2.006
1.314
1.425
1.312
1.625
1.605
1.481
0.793
0.943
0.784
1.527
1.595
1.476
1.344
1.449
1.399
2.294
2.750
2.708
2.300
2.363
2.264
2.858
2.932
2.986
1.240
1.315
1.240
0.869
0.917
0.883
1.322
1.303
1.102
1.155
1.209
1.167
0.819
1.373
0.867
1.782
1.875
1.803
1.744
1.712
1.729
1.700
1.869
1.745
1.736
1.905
1.782
1.763
1.727
1.616
0.801
0.982
0.901
1.390
1.494
1.415
2.476
2.390
2.323
0.773
1.013
0.874
1.175
1.335
1.220
1.611
1.735
1.602
2.077
2.349
2.192
0.927
1.108
1.030
1.798
1.982
1.961
1.248
1.280
1.186
1.243
1.294
1.020
2.067
2.218
2.097
2.310
2.465
2.389
1.554
1.606
1.494
1.780
2.033
1.882
1.870
2.009
1.831
2.505
2.615
2.523
1.502
1.667
1.575
3.237
3.302
3.257
2.139
2.469
2.306
1.586
1.767
1.687
1.212
1.599
1.266
1.365
1.509
1.441
2.544
2.628
2.556
0.983
1.096
0.886
1.488
1.642
1.499
0.752
0.811
0.802
2.304
2.457
2.497
0.884
0.787
0.782
0.574
0.729
0.618
0.968
1.252
1.290
1.727
1.736
1.660
0.880
0.972
0.907
1.877
2.017
1.952
1.626
1.758
1.737
1.614
1.790
1.676
2.060
2.175
2.011
1.184
1.672
1.348
1.248
1.456
1.290
2.760
2.890
2.769
1.848
1.857
1.825
1.983
2.135
2.117
2.553
2.686
2.600
0.873
1.729
1.032
0.665
0.800
0.714
0.925
1.176
1.085
1.774
2.131
1.911
0.921
0.999
0.899
0.902
1.100
1.010
1.472
1.567
1.522
1.616
1.564
1.520
1.966
2.051
1.975
0.275
0.280
0.208
2.554
2.642
2.585
1.216
1.524
1.433
1.195
1.184
1.113
2.449
2.495
2.419
2.731
2.862
2.768
1.822
1.942
1.821
0.971
1.135
1.008
1.295
1.405
1.153
1.990
2.086
2.022
1.237
1.398
1.387
2.258
2.357
2.353
1.181
1.199
1.105
3.136
3.441
3.438
1.442
1.659
1.520
1.724
1.777
1.790
1.808
2.333
2.200
0.881
1.085
0.951
1.920
1.991
1.963
1.261
1.289
1.181
1.667
1.653
1.529
0.416
0.557
0.456
1.128
1.152
1.088
1.657
1.728
1.695
1.022
1.458
0.871
1.521
1.693
1.611
1.292
1.314
1.196
1.990
2.070
2.008
1.410
1.462
1.385
1.966
2.136
1.888
2.385
2.482
2.455
1.542
1.568
1.490
1.870
1.963
1.917
2.186
2.417
2.293
1.371
1.439
1.390
1.726
1.838
1.609
1.796
1.852
1.859
1.124
1.262
1.204
1.067
1.561
1.392
1.920
2.130
2.067
1.144
1.370
1.221
0.902
1.044
0.992
0.501
0.459
0.340
0.682
1.063
0.800
2.305
2.397
2.407
1.034
1.114
0.973
1.524
1.623
1.534
0.819
0.931
0.851
1.074
1.404
1.237
1.504
1.638
1.467
3.257
3.521
3.338
2.213
2.181
2.185
0.794
0.884
0.826
1.447
1.649
1.394
1.491
1.654
1.573
4.688
4.678
4.627
1.353
1.545
1.424
2.404
2.619
2.543
0.993
1.312
1.071
1.096
1.134
1.043
1.477
1.661
1.549
1.052
1.211
1.148
1.603
1.661
1.514
2.482
2.663
2.590
2.658
2.625
2.636
1.141
1.293
1.234
0.829
1.051
0.956
1.428
1.512
1.446
1.191
1.312
1.148
1.854
2.252
1.776
2.178
2.508
2.328
1.465
1.582
1.535
1.992
1.993
2.006
1.654
1.792
1.677
2.010
2.044
1.978
1.908
2.102
2.000
2.806
2.866
2.848
1.620
1.781
1.598
3.019
3.343
3.115
2.577
2.680
2.615
1.165
1.218
1.083
0.908
0.992
0.664
1.698
1.908
1.815
0.725
1.003
0.820
2.100
2.084
1.967
2.008
2.040
1.908
1.658
1.732
1.681
1.289
1.449
1.369
2.540
2.609
2.512
1.472
1.680
1.519
2.791
2.904
2.808
1.427
1.446
1.280
0.556
0.720
0.646
2.202
2.224
2.181
1.474
1.641
1.458
0.895
1.107
0.877
1.601
1.561
1.592
1.191
1.311
1.219
0.956
1.114
0.963
1.134
1.246
1.056
1.661
2.016
1.785
0.983
1.089
1.005
0.684
0.816
0.745
1.937
2.059
1.955
2.233
2.321
1.612
1.711
1.797
1.676
1.518
1.895
1.942
1.183
1.349
1.272
1.862
2.074
1.952
2.198
2.277
2.191
1.150
1.269
1.162
0.943
1.110
0.901
1.461
1.611
1.486
1.523
1.745
1.571
1.410
1.502
1.442
0.738
0.924
0.766
1.153
1.311
1.150
0.575
0.767
0.679
1.700
1.758
1.781
2.089
2.163
1.994
0.782
1.026
0.893
1.334
1.377
1.359
2.089
2.163
1.994
1.676
1.736
1.709
0.959
1.082
1.014
1.420
1.528
1.451
0.856
0.972
0.897
1.216
1.342
1.263
1.395
1.518
1.491
2.675
2.764
2.711
1.576
1.679
1.581
1.860
1.996
1.857
0.713
0.887
0.726
0.799
1.124
1.140
1.576
1.615
1.613
1.367
1.421
1.249
1.216
1.328
1.220
1.473
1.574
1.338
0.734
0.915
0.667
1.375
1.751
1.552
1.822
2.235
2.214
1.006
1.202
1.021
1.509
1.590
1.482
1.664
1.797
1.693
1.037
1.095
0.923
1.081
1.304
1.002
0.832
0.892
0.812
1.260
1.266
1.216
0.836
1.004
1.238
0.987
1.104
1.015
1.332
1.510
1.472
1.439
1.710
1.553
1.987
2.068
1.918
1.451
1.496
1.463
1.156
1.192
0.929
2.265
2.598
2.299
1.271
1.458
1.421
1.447
1.530
1.380
1.733
1.850
1.734
1.913
1.979
1.854
0.801
0.993
0.710
1.707
1.922
1.684
1.196
1.418
1.437
1.202
1.276
1.207
2.066
2.153
2.108
1.108
1.185
1.017
1.231
1.281
1.263
1.258
1.339
1.188
1.186
1.279
1.210
1.442
1.696
1.453
1.820
1.818
1.702
1.518
1.667
1.478
2.174
2.148
2.093
1.324
1.253
1.180
1.308
1.425
1.288
1.531
1.634
1.459
1.348
1.533
1.402
0.852
0.984
0.842
1.511
1.857
1.622
0.880
1.073
0.909
2.547
2.728
2.539
2.052
2.250
2.255
2.826
2.923
2.821
1.919
2.236
2.163
1.475
1.592
1.695
1.109
1.253
1.216
1.236
1.344
1.206
0.877
0.992
0.952
1.539
1.566
1.548
1.079
1.206
1.156
1.142
1.339
1.217
0.838
0.955
0.679
1.939
1.967
1.728
2.695
2.888
2.833
2.777
2.819
2.618
1.469
1.703
1.575
1.007
1.559
1.218
2.503
2.534
2.591
1.938
2.031
1.945
0.906
1.150
0.955
1.398
1.612
1.483
2.661
2.779
2.689
1.666
1.887
1.690
0.965
1.142
1.044
1.005
1.402
1.080
0.979
1.091
0.983
1.461
1.629
1.545
2.914
3.060
3.141
0.817
1.065
0.819
1.450
1.682
1.495
1.132
1.252
1.197
2.311
2.357
2.122
1.207
1.281
1.166
1.797
2.134
2.009
0.799
1.052
0.896
0.889
1.070
0.959
0.871
0.992
0.865
1.351
1.427
1.397
1.513
1.621
1.567
1.969
2.098
1.915
1.959
2.758
2.143
1.616
1.682
1.608
0.819
0.990
0.890
1.297
1.444
1.346
0.902
1.249
1.028
2.263
2.345
2.419
0.644
0.835
0.765
1.236
1.379
1.302
1.811
1.886
1.779
1.084
1.111
0.951
1.407
1.451
1.387
0.967
1.149
0.977
1.767
1.928
1.843
0.751
0.836
0.791
1.002
1.117
1.002
0.889
0.977
0.832
1.352
1.461
1.502
1.622
1.792
1.786
1.622
1.937
1.886
1.206
1.299
1.202
1.408
1.646
1.507
1.127
1.366
1.173
0.677
1.046
0.876
1.621
1.778
1.699
1.675
1.806
1.712
1.593
1.787
1.607
0.856
1.104
0.885
0.754
0.953
0.799
2.044
2.060
1.956
2.203
2.060
2.101
2.156
2.335
2.254
1.397
1.580
1.304
1.349
1.389
1.345
1.399
1.461
1.495
1.736
1.909
1.693
0.793
1.013
0.851
1.367
1.404
1.411
1.645
1.688
1.581
0.815
1.016
0.860
0.584
0.867
0.745
1.804
1.874
1.814
3.471
3.625
3.472
2.437
2.613
2.517
1.873
1.980
1.824
1.159
1.252
1.195
1.054
1.203
1.030
1.801
1.838
1.791
2.678
2.655
2.587
0.985
1.081
0.996
1.643
1.706
1.688
2.454
2.374
2.370
2.107
2.307
2.137
0.874
0.822
0.750
2.640
2.673
2.416
1.394
1.543
1.451
1.019
1.112
0.986
0.644
0.714
0.397
2.439
2.549
2.328
1.422
1.598
1.422
1.462
1.605
1.533
1.127
1.421
1.275
2.083
2.085
2.121
2.395
2.618
2.730
2.090
2.265
2.165
1.612
1.750
1.617
1.084
1.293
1.176
1.069
1.264
1.156
1.133
1.218
1.214
1.451
1.637
1.577
2.475
2.504
2.433
1.757
1.808
1.803
1.335
1.347
1.269
1.527
1.776
1.605
2.348
2.400
2.346
2.379
2.440
2.481
2.014
2.124
2.008
2.399
2.823
2.424
2.454
2.888
2.646
1.965
2.041
1.965
2.390
2.615
2.382
1.418
1.651
1.720
1.384
1.540
1.444
1.366
1.658
1.500
2.083
2.221
2.176
2.194
2.231
2.204
1.731
1.900
1.685
1.505
1.720
1.591
1.505
1.629
1.615
1.811
1.864
1.708
2.187
2.418
2.131
2.912
2.836
2.702
1.443
1.488
1.453
2.752
2.817
2.717
2.104
2.127
2.089
2.066
2.447
2.204
2.772
2.910
2.805
1.792
1.902
1.861
0.463
0.588
0.503
2.172
2.170
2.206
1.488
1.632
1.831
1.875
1.963
1.892
1.547
1.626
1.600
0.624
0.761
0.703
1.606
1.736
1.563
2.679
2.791
2.725
1.443
1.663
1.406
1.769
1.895
1.837
3.071
3.029
2.807
2.205
2.577
2.363
2.366
2.497
2.438
1.591
1.998
1.953
2.185
2.317
2.182
0.658
0.723
0.603
1.616
1.672
1.602
1.908
2.104
1.818
1.978
2.059
1.924
1.873
1.987
1.971
1.844
2.104
2.004
1.491
1.653
1.406
1.793
1.969
1.896
1.505
1.494
1.338
1.173
1.274
1.231
1.622
1.853
1.618
2.188
2.136
1.837
0.736
0.951
0.848
1.244
1.302
1.154
1.261
1.361
1.327
1.187
1.291
1.139
2.034
2.025
1.959
2.288
2.401
2.185
1.332
1.400
1.318
0.976
1.089
0.983
2.108
2.092
1.952
1.930
1.974
1.780
1.034
0.980
0.865
0.870
1.157
0.974
1.518
1.774
1.718
1.811
2.064
1.976
1.570
1.626
1.501
1.124
1.265
1.082
1.770
1.810
1.730
1.873
2.000
1.881
2.943
2.975
2.911
1.043
1.138
1.046
2.602
2.754
2.599
1.989
2.157
2.038
1.466
1.587
1.521
1.177
1.118
1.134
1.813
1.846
1.670
1.187
1.377
1.269
1.275
1.433
1.293
2.132
2.169
2.177
1.599
1.716
1.647
2.844
2.842
2.573
0.947
0.990
0.924
1.508
1.569
1.548
2.309
2.418
2.040
1.468
1.645
1.504
1.298
1.313
1.274
2.128
2.153
2.104
0.484
0.749
0.652
1.904
1.902
1.870
1.667
1.659
1.610
2.270
2.306
2.247
1.919
1.943
1.906
1.205
1.385
1.259
0.917
1.081
0.951
1.226
1.391
1.153
1.121
1.232
1.196
1.663
1.769
1.684
1.736
1.854
1.578
1.208
1.280
1.137
1.905
2.042
1.915
0.960
1.092
1.075
0.628
0.722
0.562
2.253
2.421
2.258
0.983
1.156
1.083
0.799
0.880
0.862
0.780
1.000
0.788
0.978
1.030
1.040
0.758
0.839
0.769
1.406
1.441
1.421
1.735
1.852
1.681
0.713
0.779
0.781
1.355
1.424
1.432
2.148
2.313
2.219
1.576
1.804
1.698
1.279
1.373
1.338
0.925
1.000
0.926
0.713
0.933
0.810
1.019
1.226
1.104
1.666
1.732
1.695
0.953
1.040
1.026
2.058
2.113
2.076
1.038
1.657
0.986
1.399
1.430
1.330
1.031
1.201
1.056
0.957
1.153
0.981
2.355
2.354
2.380
1.586
1.637
1.606
1.680
1.786
1.717
1.432
1.478
1.137
1.094
1.309
1.205
1.786
1.925
1.825
0.902
1.068
0.915
1.012
1.387
1.098
2.931
3.001
2.761
1.350
1.543
1.421
1.440
1.470
1.266
0.937
1.210
1.105
2.757
2.845
2.544
1.148
1.835
1.716
1.620
1.685
1.528
1.760
1.959
1.860
2.127
2.363
2.163
2.003
2.003
1.979
1.449
1.649
1.327
2.295
2.404
2.209
1.167
1.315
1.204
1.411
1.623
1.454
1.344
1.652
1.455
1.216
1.420
1.289
0.842
0.853
0.768
1.039
1.024
0.950
1.030
1.169
1.085
1.690
1.751
1.648
1.406
1.797
1.342
1.473
1.484
1.373
1.039
1.109
0.987
1.091
1.277
0.970
0.732
0.855
0.801
1.243
1.243
1.246
0.949
1.058
0.962
1.719
1.796
1.683
0.950
1.123
1.031
1.044
1.225
1.028
2.192
2.290
2.254
0.954
1.187
1.009
1.248
1.483
1.326
1.504
1.595
1.567
1.068
1.166
1.095
1.125
1.180
1.098
1.190
1.265
1.196
0.915
1.135
0.970
2.390
2.403
2.270
1.280
1.454
1.379
2.384
3.055
2.322
1.722
1.875
1.763
2.436
2.559
2.390
2.184
2.161
2.080
1.632
1.648
1.512
1.545
1.635
1.531
2.056
2.094
1.965
0.397
0.491
0.292
0.632
0.721
0.581
1.575
1.780
1.835
1.459
1.750
1.485
1.439
1.528
1.403
1.462
1.684
1.532
1.517
1.592
1.395
2.832
2.942
2.913
1.746
1.960
1.868
1.759
1.907
1.737
1.011
1.476
1.107
1.624
1.751
1.530
1.040
1.106
1.087
1.648
1.662
1.615
1.977
2.514
2.161
0.989
1.172
1.064
1.420
1.504
1.784
1.753
1.848
1.813
1.380
1.539
1.419
2.010
2.099
1.968
0.956
1.104
0.992
1.620
1.775
1.726
1.849
1.885
1.847
1.816
1.870
1.850
1.890
2.625
2.657
2.101
2.202
2.094
1.632
1.821
1.678
1.012
1.739
1.000
1.458
1.765
1.523
1.321
1.329
1.322
1.885
2.015
1.900
1.553
1.753
1.656
1.843
2.121
2.083
1.357
1.492
1.396
0.399
0.673
0.532
1.183
1.304
1.171
1.630
1.820
1.700
1.771
1.997
1.529
1.904
2.211
2.040
1.554
2.184
2.182
1.635
1.738
1.432
0.779
1.271
0.949
1.006
1.109
1.043
1.173
1.422
1.277
1.802
1.873
1.737
1.581
1.721
1.568
1.165
1.181
1.132
1.091
1.167
1.106
1.416
1.589
1.386
1.492
1.495
1.507
2.120
2.139
2.129
1.790
1.822
1.816
1.331
1.544
1.392
1.217
1.418
1.288
0.636
0.836
0.746
0.728
0.808
0.766
1.792
1.847
1.812
1.099
1.183
1.096
0.951
1.188
1.042
0.824
0.833
0.355
0.904
1.058
0.967
1.097
1.229
1.017
0.735
1.241
1.186
0.964
1.017
0.889
1.662
1.759
1.664
2.851
3.057
3.127
2.249
2.377
2.266
1.251
1.381
1.235
1.984
2.169
1.971
2.224
2.358
2.247
1.344
1.499
1.432
1.344
1.642
1.550
1.738
1.753
1.752
1.029
1.192
1.217
2.954
2.937
2.932
1.977
2.068
1.991
1.220
1.432
1.288
1.276
1.301
1.216
1.534
1.634
1.565
1.477
1.570
1.493
2.107
2.255
2.147
1.323
1.495
1.245
4.330
4.390
4.414
1.467
1.558
1.483
1.299
1.484
1.321
2.401
2.446
2.430
1.288
1.403
1.326
1.640
1.742
1.679
1.961
2.109
1.969
2.051
2.168
2.112
0.653
0.864
0.667
2.758
2.995
2.757
1.474
1.624
1.543
2.373
2.401
2.382
2.081
2.145
2.505
2.106
2.202
2.162
0.824
0.968
0.888
2.159
2.336
2.165
1.300
1.414
1.204
1.861
1.914
1.797
3.493
3.543
3.513
0.600
0.688
0.588
1.079
1.326
1.200
1.335
1.476
1.347
1.398
1.596
1.476
1.294
1.312
1.314
1.698
1.815
1.572
2.729
2.844
2.724
1.455
1.472
1.606
1.225
1.598
1.411
1.665
1.791
1.721
0.605
0.776
0.650
1.597
1.642
1.601
2.475
2.532
2.415
1.599
1.782
1.611
0.989
1.120
0.991
1.804
1.922
1.841
1.220
1.310
1.256
1.595
1.677
1.431
1.970
1.885
1.928
1.521
1.550
1.549
1.521
1.556
1.536
1.373
1.509
1.315
2.283
2.427
2.257
0.687
0.904
0.719
2.058
2.282
2.094
1.108
1.243
1.070
1.416
1.433
1.318
1.046
1.168
1.063
0.845
0.978
0.879
0.845
0.978
0.879
0.902
1.062
1.007
2.181
2.267
2.154
1.953
1.999
1.960
1.653
1.853
1.732
1.578
1.778
1.659
0.811
0.983
1.109
1.512
1.680
1.391
1.232
1.238
1.278
0.872
1.080
0.905
1.348
1.438
1.385
2.527
2.675
2.597
2.152
2.522
2.290
1.614
1.660
1.730
1.017
1.146
0.933
1.514
1.694
1.499
2.303
2.273
2.235
2.827
2.931
2.830
1.157
1.287
1.159
1.045
1.106
0.892
1.745
1.880
1.762
1.003
1.069
0.885
1.432
1.668
1.484
0.965
1.066
0.988
1.372
1.302
1.098
1.967
2.039
1.938
0.818
1.220
1.024
0.987
1.207
0.981
0.837
0.973
0.863
0.807
0.894
0.914
1.610
1.900
1.710
1.560
1.675
1.518
1.217
1.226
1.037
1.153
1.286
0.939
1.251
1.305
1.138
1.781
1.890
1.824
1.504
1.517
1.348
2.952
3.413
2.886
1.841
1.960
1.919
1.762
1.795
1.781
1.318
1.422
1.399
2.262
2.537
2.363
1.558
1.736
1.646
0.859
0.926
0.832
2.046
2.197
2.065
1.043
1.198
1.057
2.212
2.199
2.205
0.993
1.235
1.088
1.349
1.516
1.401
1.125
1.204
1.119
2.314
2.493
2.391
2.772
2.988
2.820
1.769
1.812
1.682
2.095
2.383
2.328
1.923
2.113
2.070
3.067
3.104
3.032
1.423
1.633
1.499
0.618
0.890
0.741
3.155
3.369
3.604
0.825
1.022
0.757
1.527
1.692
1.537
0.802
0.852
0.687
2.034
2.087
1.847
2.247
2.371
1.905
1.694
1.857
1.707
1.471
1.754
1.603
1.453
1.588
1.452
1.047
1.184
1.111
1.226
1.451
1.308
1.927
1.929
1.853
1.536
1.629
1.538
1.133
1.397
1.223
1.305
1.466
1.321
0.652
0.877
0.706
0.755
0.739
0.615
0.749
0.891
0.819
1.973
2.108
2.018
3.485
3.593
3.439
1.237
1.383
1.224
1.546
1.552
1.367
1.378
1.554
1.430
1.374
1.474
1.387
1.376
1.790
1.386
0.951
0.913
1.231
2.388
2.449
2.374
3.188
3.099
3.102
1.190
1.275
1.239
1.675
1.853
1.756
1.393
1.501
1.343
2.720
2.687
2.638
1.895
2.238
2.021
1.083
1.229
1.161
1.445
1.583
1.456
0.870
1.103
0.924
1.166
1.180
1.139
2.152
2.272
2.190
1.975
2.130
2.060
2.289
2.550
2.473
1.307
1.391
1.303
1.307
1.391
1.303
3.566
3.757
3.602
0.732
0.840
0.750
2.353
2.399
2.341
0.882
1.080
0.837
1.336
1.359
1.328
1.719
1.767
1.756
1.508
1.624
1.508
1.384
1.520
1.403
1.025
1.196
1.022
2.590
2.730
2.658
1.998
2.164
2.018
1.401
1.428
1.407
1.346
1.520
1.389
2.454
2.581
2.490
3.385
3.412
3.359
0.882
1.080
0.837
0.670
0.913
0.738
1.927
2.027
1.963
2.275
2.307
2.186
1.886
1.833
1.847
1.270
1.184
1.265
2.087
2.073
1.941
1.136
1.337
1.209
1.685
1.617
1.655
1.908
2.220
1.931
1.480
1.627
1.579
0.659
0.842
0.736
2.140
2.202
2.198
1.884
2.114
1.912
3.353
3.467
3.418
1.050
1.189
1.023
1.681
1.743
1.699
1.675
1.887
1.755
1.827
1.956
1.911
2.108
2.218
2.198
1.606
1.684
1.649
1.439
1.782
1.602
1.081
1.191
1.087
1.417
1.507
1.437
0.721
0.719
0.586
2.023
2.133
2.035
1.519
1.618
1.469
2.267
2.311
2.289
2.028
2.103
2.068
0.951
1.132
1.062
1.267
1.505
1.284
1.549
1.575
1.517
2.066
2.141
1.924
1.203
1.385
1.281
2.354
2.380
2.210
1.523
1.727
1.546
2.362
2.495
2.376
1.955
2.067
2.004
1.354
1.517
1.568
1.598
1.770
1.702
1.185
1.294
1.072
1.365
1.480
1.421
1.627
1.746
1.616
1.535
1.637
1.501
1.393
1.595
1.548
1.456
1.468
1.344
1.022
1.177
1.056
0.856
0.888
0.456
0.906
1.024
1.053
1.189
1.285
1.207
1.910
2.035
1.951
0.719
0.938
0.732
2.004
2.191
2.116
2.196
2.284
2.327
2.549
2.652
2.702
2.597
2.725
2.624
1.350
1.486
1.381
1.946
2.093
1.947
1.320
1.512
1.483
1.441
1.468
1.350
0.778
1.041
0.888
1.871
1.968
1.919
1.131
1.649
1.375
1.368
1.372
1.267
1.723
1.787
1.702
2.584
2.744
2.495
0.876
1.038
0.994
1.746
2.004
1.746
1.517
1.434
1.417
1.429
1.555
1.474
1.811
2.029
1.856
1.411
1.528
1.484
1.605
1.685
1.608
1.712
1.947
1.787
0.962
1.164
1.122
0.965
1.150
1.013
1.682
1.916
1.757
1.334
1.382
1.370
0.909
0.938
0.927
0.832
1.172
0.916
1.568
1.715
1.646
1.550
1.682
1.588
2.625
2.766
2.752
1.442
1.694
1.579
2.919
3.081
3.039
1.342
1.430
1.368
1.632
2.255
1.713
2.504
3.601
2.828
0.758
0.930
0.847
1.708
2.022
1.876
2.041
2.038
2.001
2.484
2.584
2.510
2.480
2.530
2.455
1.141
1.367
1.121
1.533
1.639
1.590
1.272
1.403
1.297
0.976
1.211
1.042
0.934
1.159
1.026
1.742
1.863
1.760
1.956
1.751
1.716
1.236
1.444
1.374
0.700
0.821
0.719
0.981
1.098
1.024
0.849
1.357
0.982
1.578
1.735
1.587
2.359
2.435
2.364
2.291
2.746
2.752
1.246
1.405
1.272
1.435
1.706
1.440
1.923
2.246
2.069
1.172
1.196
1.118
2.493
2.528
2.516
2.653
2.800
2.368
1.186
1.451
1.236
1.790
1.785
1.520
1.325
1.626
1.478
1.522
1.512
1.443
1.124
1.287
1.098
3.062
3.018
3.023
1.828
1.848
1.582
1.956
2.123
2.055
1.659
2.082
1.860
1.157
1.312
1.203
1.561
1.701
1.637
1.021
1.120
0.912
1.129
1.406
1.074
1.640
1.744
1.554
0.597
0.923
0.723
0.701
0.877
0.823
2.256
2.236
2.291
1.371
1.480
1.347
1.906
2.025
1.949
1.255
1.480
1.325
1.278
1.324
1.300
1.830
1.930
1.868
1.994
2.017
1.738
1.425
1.548
1.462
1.352
1.527
1.384
0.617
0.631
0.621
1.295
1.411
1.305
0.802
0.968
0.842
1.277
1.358
1.363
1.252
1.399
1.255
1.101
1.451
1.259
2.390
2.373
2.099
1.156
1.194
1.114
2.556
2.580
2.496
1.364
1.409
1.431
1.552
1.628
1.580
1.543
1.654
1.546
1.891
1.848
1.812
1.726
1.776
1.717
1.228
1.298
1.080
1.278
1.487
1.277
1.278
1.487
1.277
2.107
2.177
2.163
0.970
1.059
0.981
1.327
1.401
1.385
0.732
0.804
0.653
0.897
1.056
0.932
1.419
1.675
1.312
0.381
0.347
0.317
1.881
1.836
1.802
1.180
1.390
1.129
1.231
1.359
1.217
1.507
1.563
1.535
1.803
1.986
1.956
1.339
1.521
1.344
0.787
0.945
0.878
0.613
0.673
0.648
1.289
1.511
1.450
2.179
2.155
2.061
1.773
1.867
1.617
1.074
1.253
1.122
0.711
0.880
0.773
1.364
1.492
1.372
1.777
1.839
1.736
2.105
2.160
2.084
1.657
1.908
1.698
1.997
2.093
2.041
1.754
1.882
1.757
0.959
1.153
1.136
1.274
1.457
1.297
1.212
1.486
1.361
1.141
1.322
1.181
1.826
2.004
1.926
2.430
2.552
2.518
1.434
1.675
1.339
0.653
0.848
0.754
0.424
0.418
0.384
0.919
1.124
0.907
0.919
1.124
0.907
2.644
2.798
2.749
1.840
2.127
2.039
1.953
2.282
1.885
1.963
2.176
2.074
0.957
1.190
1.003
1.133
1.186
1.019
1.996
1.862
1.679
0.944
1.106
0.993
1.056
1.277
1.129
1.447
1.474
1.502
1.140
1.277
1.175
1.852
2.234
2.169
0.871
1.099
0.952
1.414
1.376
1.381
1.101
1.182
1.110
1.742
1.818
1.698
1.036
1.141
1.065
1.375
1.466
1.484
2.136
2.413
2.243
1.417
1.580
1.482
0.608
0.846
0.738
1.731
1.623
1.678
0.943
1.084
1.030
1.203
1.300
1.218
1.571
1.618
1.454
1.579
1.642
1.536
1.839
1.928
1.914
0.765
0.856
0.750
1.002
1.199
1.016
1.267
1.388
1.334
1.261
1.502
1.250
1.185
1.326
1.225
1.130
1.207
1.135
0.931
1.186
0.960
1.800
1.952
1.886
1.081
1.132
1.069
1.192
1.292
1.195
1.200
1.343
1.229
0.747
0.845
0.709
1.348
1.495
1.341
1.318
1.445
1.234
1.046
1.191
0.930
0.968
1.044
0.957
1.476
1.545
1.382
0.389
0.479
0.423
1.020
1.123
1.022
2.185
2.276
2.196
2.398
2.606
2.443
1.540
1.803
1.600
2.198
2.263
2.235
1.472
1.539
1.517
0.812
1.014
0.896
2.537
2.649
2.515
0.993
1.262
1.099
2.541
2.626
2.539
1.045
1.148
1.107
1.121
1.163
1.081
1.516
1.688
1.552
1.262
1.975
1.426
2.032
2.078
2.026
2.127
2.226
2.154
1.225
1.270
1.129
1.530
1.776
1.616
1.135
1.238
1.153
1.458
1.497
1.373
2.875
2.924
2.725
0.567
0.683
0.618
2.001
1.927
1.861
2.486
2.638
2.679
2.023
2.080
1.961
2.616
2.651
2.606
0.861
0.854
0.773
0.950
1.153
1.162
0.477
0.789
0.674
1.547
1.716
1.793
1.619
1.705
1.682
0.637
0.906
0.781
0.637
0.906
0.781
1.131
1.332
1.220
1.277
1.412
1.133
0.727
0.740
0.678
1.608
1.546
1.439
1.640
1.688
1.653
2.126
2.317
2.240
2.126
2.367
2.240
1.014
1.074
0.972
2.918
2.961
2.941
1.979
2.069
2.044
1.645
1.872
1.620
1.867
1.909
1.865
0.944
1.034
0.903
1.870
2.236
2.113
2.002
2.081
2.102
0.762
1.101
0.908
1.136
1.389
1.161
1.148
1.209
1.212
1.506
1.729
1.662
1.023
1.164
0.956
2.237
2.418
2.176
2.440
2.594
2.474
1.192
1.205
1.119
1.880
1.920
1.882
2.294
2.370
2.263
3.046
3.226
3.102
1.338
1.603
1.526
1.567
1.832
1.413
2.665
2.670
2.668
1.026
1.075
1.006
1.698
1.831
1.716
1.051
1.210
1.114
1.327
1.369
1.299
1.621
1.667
1.519
0.701
0.796
0.593
1.029
1.233
1.081
2.708
2.976
2.827
0.957
1.170
0.991
1.684
1.453
1.546
1.598
1.815
1.563
2.374
2.630
2.416
2.222
2.398
2.276
1.367
1.591
1.523
1.036
1.160
1.072
1.093
1.292
1.154
1.884
1.971
1.946
2.643
2.706
2.695
1.352
1.419
1.288
1.166
1.323
1.197
2.292
2.287
2.130
2.582
2.637
2.603
2.105
2.275
2.152
0.658
0.834
0.683
1.811
1.782
1.828
0.912
1.108
1.487
2.246
2.356
2.367
1.345
1.542
1.298
1.730
1.806
1.756
2.186
2.383
2.205
0.592
0.635
0.405
1.542
1.647
1.507
1.027
1.097
1.060
1.085
1.225
1.121
2.143
2.312
2.198
2.029
2.096
2.033
1.001
1.154
1.117
0.976
0.988
0.783
1.642
1.682
1.687
2.149
2.301
2.198
1.680
1.790
1.657
1.195
1.338
1.136
1.597
1.905
1.658
1.067
1.116
1.013
1.878
2.006
1.893
1.503
1.549
1.468
1.519
1.708
1.537
1.582
2.161
1.999
0.896
1.238
1.077
0.994
1.225
1.045
2.056
2.099
2.021
1.656
1.676
1.635
1.753
1.859
1.689
0.984
1.054
0.951
1.301
1.372
1.463
1.646
1.759
1.665
0.841
0.919
0.781
1.744
1.817
1.780
1.779
1.708
1.754
2.048
2.053
2.066
0.845
0.913
0.819
1.346
1.449
1.351
1.450
1.702
1.718
2.436
2.508
2.410
0.729
0.919
0.795
1.462
1.512
1.462
1.832
2.009
2.057
1.400
1.710
1.614
1.715
1.872
1.823
1.715
1.954
1.904
1.069
1.468
1.318
1.910
2.497
2.330
1.597
1.649
1.655
1.224
1.243
1.200
2.246
2.750
2.645
1.901
1.916
1.636
1.201
1.215
1.186
2.217
2.398
2.176
0.821
0.951
0.850
0.577
0.788
0.720
1.812
1.990
1.941
1.798
2.198
2.173
1.080
1.118
1.018
0.494
0.717
0.600
2.236
2.263
2.260
1.204
1.379
1.279
0.744
0.928
0.744
1.861
1.992
1.915
1.399
1.486
1.473
0.817
1.061
0.920
0.503
1.011
0.665
1.019
1.080
1.014
1.123
1.364
1.204
1.906
2.048
1.935
1.491
1.509
1.554
1.056
1.195
1.123
1.079
1.177
1.010
1.868
2.024
1.932
1.078
1.192
1.042
1.033
1.135
1.062
1.108
1.189
1.129
1.770
1.969
1.804
1.819
1.867
1.747
1.205
1.223
1.065
1.919
1.981
1.764
1.192
1.390
1.259
1.225
1.635
1.447
1.498
1.631
1.436
1.265
1.227
1.229
1.350
1.520
1.438
1.764
1.792
1.772
1.495
1.690
1.479
0.732
0.831
0.781
1.319
1.326
1.295
1.496
1.739
1.541
2.350
2.611
2.323
2.143
2.233
2.122
1.666
1.885
1.765
0.797
1.231
0.835
0.520
0.667
0.604
1.009
1.118
1.028
0.989
1.122
1.045
1.352
1.824
1.343
1.853
1.842
1.805
1.373
1.462
1.308
0.798
1.094
0.947
0.752
0.703
0.570
0.937
1.202
0.963
0.705
1.224
0.807
1.181
1.278
1.204
1.006
1.104
1.097
0.610
0.729
0.619
1.606
1.700
1.594
0.769
1.059
0.809
1.527
1.670
1.487
0.775
1.009
0.839
1.010
1.233
1.162
0.967
1.213
1.096
0.833
0.854
0.680
1.306
1.360
1.161
1.623
1.743
1.667
1.428
1.448
1.217
1.538
1.639
1.565
1.399
1.561
1.270
0.464
0.593
0.503
1.736
2.166
1.844
1.771
1.839
1.767
1.852
1.702
1.706
1.154
1.381
1.050
1.164
1.330
1.178
1.739
1.803
1.678
2.892
3.104
2.982
1.210
1.352
1.242
1.421
1.672
1.410
0.949
1.005
0.910
2.088
2.186
1.981
0.954
1.290
0.998
0.866
1.020
0.753
2.994
3.118
3.016
1.909
1.952
1.871
2.335
2.500
2.372
1.527
1.611
1.406
0.931
1.040
0.957
1.415
1.462
1.409
1.821
1.885
1.801
1.614
1.965
1.529
0.783
0.835
0.794
1.073
1.288
1.269
3.980
4.047
3.953
1.487
1.675
1.463
2.047
2.074
2.344
2.151
2.205
1.976
1.196
1.339
1.282
1.037
1.190
0.996
0.839
0.991
0.922
1.374
1.474
1.412
1.656
1.918
1.882
1.201
1.330
1.269
1.173
1.261
1.215
0.726
0.980
0.873
1.138
1.343
1.101
2.170
2.324
2.279
0.657
0.709
0.673
0.775
0.863
0.779
2.150
2.397
2.247
1.043
1.018
0.962
1.728
1.916
1.745
1.280
1.724
1.469
1.280
1.428
1.200
1.004
1.102
0.952
0.594
0.827
0.711
1.339
1.477
1.230
0.923
1.006
0.965
1.417
1.447
1.395
2.351
2.406
2.243
1.069
1.263
1.210
1.609
1.868
1.673
0.750
1.310
1.031
1.387
1.486
1.430
2.120
2.169
2.091
0.663
0.779
0.654
1.059
1.248
1.189
1.878
2.003
2.022
1.319
1.401
1.302
1.237
1.342
1.304
1.545
1.603
1.473
2.356
2.383
2.321
2.385
2.439
2.331
1.640
1.706
1.665
1.271
1.380
1.282
1.317
1.488
1.406
1.574
1.815
1.673
1.177
1.248
1.165
1.772
1.858
1.827
0.841
0.973
0.871
1.591
1.656
1.530
1.289
1.333
1.351
1.950
2.024
1.983
0.881
1.150
1.009
0.798
1.094
0.947
1.987
2.220
2.080
1.488
1.492
1.346
1.609
1.627
1.538
1.953
2.015
1.966
1.199
1.335
1.150
0.874
1.112
0.980
0.754
0.953
0.787
1.133
1.248
1.091
1.479
1.643
1.603
1.160
1.319
1.265
0.994
1.156
0.793
0.849
1.089
0.952
1.617
1.778
1.638
0.705
0.805
0.691
1.754
1.798
1.771
1.085
1.322
1.173
0.924
1.064
0.940
1.708
1.552
1.578
0.742
0.874
0.830
1.565
1.706
1.615
2.902
3.037
2.876
0.881
1.025
0.983
1.635
1.765
1.592
1.530
1.450
1.447
1.873
1.964
1.910
1.622
1.710
1.591
1.266
1.452
1.363
1.021
1.224
1.078
1.338
1.325
1.130
0.497
0.549
0.406
3.945
4.054
3.988
1.920
1.907
1.824
1.758
1.820
1.752
0.456
0.540
0.466
0.909
1.038
0.855
0.877
1.101
0.858
0.877
1.113
0.858
1.245
1.298
1.215
0.999
1.083
0.973
1.114
1.345
1.162
1.317
1.421
1.247
2.468
2.566
2.404
1.929
1.962
1.795
1.458
1.578
1.350
1.139
1.207
1.135
2.442
2.528
2.397
1.902
1.998
1.958
2.201
2.263
1.911
2.217
2.173
2.259
1.359
1.265
1.219
0.667
0.887
0.766
3.120
3.138
3.056
0.732
1.187
0.862
1.716
1.751
1.660
0.753
0.753
0.751
0.964
1.059
1.010
0.879
1.177
0.973
2.112
2.215
2.196
2.901
2.853
2.978
1.703
1.765
1.459
2.366
2.438
2.353
1.616
1.813
1.652
1.500
1.636
1.603
1.390
1.557
1.545
1.133
1.201
1.119
1.222
1.256
1.141
2.031
2.297
2.078
1.477
1.624
1.537
1.092
1.224
1.119
1.362
1.479
1.417
1.203
1.219
1.217
1.226
1.192
1.023
1.218
1.437
1.293
1.157
1.279
1.185
1.172
1.370
1.178
1.365
1.432
1.396
1.573
1.639
1.462
1.331
1.328
1.202
1.144
1.242
0.996
1.872
2.068
1.853
1.479
1.551
1.430
1.368
1.483
1.381
1.964
2.033
1.998
0.782
1.043
0.989
0.897
0.963
0.908
1.581
1.522
1.572
1.721
1.883
1.731
0.844
0.921
0.873
1.060
1.155
0.916
1.903
1.994
1.899
1.415
1.510
1.445
1.461
1.396
1.358
0.950
1.046
0.981
2.385
2.471
2.387
0.849
0.957
0.814
1.332
1.538
1.295
0.840
0.906
0.820
0.913
0.935
1.157
1.207
1.224
1.108
1.128
1.298
1.211
2.088
2.121
2.167
0.458
0.591
0.543
1.580
1.607
1.527
0.628
0.761
0.670
0.896
1.058
0.860
1.498
1.764
1.608
3.426
3.356
3.332
1.919
1.979
1.928
1.594
1.766
1.662
2.550
2.701
2.593
1.014
1.153
1.114
1.555
2.224
1.380
0.968
0.940
0.818
0.803
0.908
0.779
0.747
0.800
0.722
2.367
2.594
2.316
1.682
1.759
1.664
1.035
1.133
1.016
1.978
2.137
1.939
1.295
1.337
1.281
1.152
1.215
1.103
1.350
1.562
1.369
1.104
1.301
1.180
1.110
1.200
1.029
0.563
0.861
0.673
1.973
1.972
1.781
0.571
0.833
0.655
1.229
1.333
1.277
1.436
1.463
1.377
1.037
1.099
0.957
2.717
2.931
2.756
1.895
2.010
1.901
1.830
1.852
1.701
1.850
1.906
1.867
1.609
1.708
1.645
1.183
1.354
1.229
2.089
2.166
2.116
1.553
1.650
1.603
1.822
1.912
1.834
0.832
0.882
0.758
1.920
1.921
1.905
2.349
2.370
2.245
1.073
1.433
1.305
2.036
2.094
2.055
1.855
2.051
1.893
1.008
1.062
0.948
0.834
0.871
0.823
0.867
1.032
0.920
2.670
2.715
2.632
1.333
1.369
1.329
2.121
2.380
2.129
0.863
1.117
0.973
1.515
1.530
1.205
2.226
2.323
2.243
0.927
1.294
1.342
1.270
1.388
1.228
2.115
2.521
2.429
2.230
2.326
2.176
1.953
2.178
1.878
1.386
1.521
1.429
1.674
2.261
1.970
0.560
0.811
0.662
2.172
2.201
2.101
1.235
1.227
1.182
1.003
1.171
1.026
0.957
1.493
1.612
2.586
2.661
2.580
1.290
1.367
1.305
1.837
1.922
1.928
1.453
1.546
1.426
2.104
2.386
2.262
1.349
1.388
1.393
1.854
1.903
1.812
1.789
1.876
1.626
1.407
1.663
1.573
0.809
0.986
0.890
1.085
1.632
1.189
0.943
1.070
0.926
3.967
3.995
3.962
1.154
1.216
1.060
2.142
2.202
2.100
2.017
2.077
1.965
2.334
2.422
2.337
1.553
1.953
1.863
2.100
2.247
2.077
0.981
1.290
1.126
1.361
1.441
1.272
0.992
1.203
1.089
1.664
2.111
1.784
1.424
1.560
1.484
1.147
1.278
1.180
1.027
1.241
1.064
1.276
1.345
1.186
1.176
1.328
1.223
1.033
1.160
1.089
0.518
0.647
0.598
1.211
1.352
1.210
1.566
1.609
1.479
1.617
1.782
1.600
1.221
1.261
1.214
1.504
1.575
1.496
1.238
1.415
1.312
0.955
1.038
0.868
1.509
1.588
1.521
0.981
1.058
0.889
1.534
1.621
1.535
1.521
1.585
1.503
1.775
1.844
1.767
1.773
1.951
1.746
1.808
1.890
1.844
1.923
2.020
2.015
0.836
0.911
0.829
1.254
1.497
1.129
1.528
1.527
1.399
0.961
1.006
0.954
1.844
2.101
1.944
1.642
1.939
1.918
1.849
2.046
1.748
1.659
1.822
1.618
0.798
0.885
0.645
1.960
2.004
1.963
1.615
1.702
1.567
1.659
1.668
1.324
1.216
1.694
1.373
1.778
1.883
1.943
2.663
2.923
2.769
2.663
2.923
2.769
1.323
1.485
1.301
1.341
1.435
1.399
0.988
1.116
1.022
2.381
2.486
2.395
1.869
1.963
1.899
0.948
1.053
0.950
3.167
3.228
3.187
1.886
2.021
1.965
1.407
1.476
1.167
2.674
2.683
2.652
2.578
2.774
2.717
1.179
1.279
1.041
1.368
1.476
1.400
2.015
2.099
2.006
1.153
1.295
1.225
1.753
1.815
1.770
1.632
1.812
1.776
2.020
2.078
1.931
1.389
1.444
1.346
1.153
1.224
1.099
0.667
0.998
0.814
0.847
1.541
0.969
1.674
1.884
1.821
2.064
2.308
2.208
2.345
2.465
2.388
1.013
1.195
0.976
1.496
1.676
1.460
1.140
1.231
0.976
1.234
1.355
1.295
0.650
1.074
0.730
1.057
1.160
1.127
0.819
0.900
0.853
1.000
1.129
0.859
0.945
1.105
1.233
0.801
0.986
0.858
0.836
0.761
0.496
1.975
2.143
2.026
1.242
1.360
1.306
0.882
1.044
0.934
1.576
1.681
1.518
1.418
1.606
1.483
0.990
1.513
0.837
0.837
1.096
0.991
2.172
2.159
2.085
2.001
2.165
2.129
2.770
2.836
2.746
1.419
1.350
1.073
0.789
0.901
0.834
1.942
2.015
1.807
1.566
1.704
1.589
2.520
2.486
2.574
0.949
1.032
0.873
1.359
1.463
1.405
1.002
1.185
1.024
2.633
2.631
2.388
1.587
1.730
1.635
0.923
1.210
0.958
0.923
1.206
0.958
1.370
1.675
1.385
0.852
1.021
0.902
1.131
1.146
1.051
1.300
1.470
1.258
1.300
1.456
1.263
1.237
1.296
1.235
0.939
1.240
1.073
3.723
3.815
3.748
1.215
1.401
1.264
0.997
1.114
0.880
1.376
1.464
1.418
2.071
2.123
2.102
1.829
1.962
1.843
0.618
0.805
0.653
0.994
1.025
0.975
0.771
0.914
0.859
1.576
1.701
1.439
1.403
1.453
1.334
1.603
1.703
1.694
1.160
1.301
1.191
1.896
2.038
1.985
0.839
0.883
0.669
1.181
1.289
1.200
1.786
1.769
1.753
1.540
1.635
1.604
0.727
0.766
0.621
1.483
1.507
1.458
1.627
1.659
1.617
1.588
1.834
1.786
0.843
1.218
0.957
1.713
1.765
1.757
0.978
1.057
0.961
1.435
1.521
1.487
1.477
1.632
1.466
0.972
1.156
1.060
2.570
2.615
2.545
1.747
1.803
1.634
1.035
1.104
1.003
2.009
2.135
2.071
2.711
2.717
2.514
1.732
1.894
1.823
1.266
1.270
1.137
2.056
2.297
2.188
1.139
1.212
1.105
1.190
1.310
1.162
4.040
4.046
4.100
1.015
1.160
1.107
0.708
0.885
0.720
1.226
1.270
1.193
1.512
1.596
1.512
1.680
1.835
1.694
1.050
1.087
0.960
1.881
2.249
2.152
0.893
1.015
0.843
1.113
1.324
1.174
1.525
1.792
1.739
1.109
1.239
1.169
0.694
0.975
0.650
1.078
1.234
1.098
1.223
1.385
1.316
1.501
1.575
1.607
1.202
1.306
1.176
1.090
1.195
1.138
1.870
1.910
1.759
0.969
1.176
1.053
1.434
1.598
1.512
1.477
1.595
1.319
1.165
1.316
1.211
0.738
0.931
0.819
1.156
1.345
1.165
1.453
1.469
1.349
1.886
1.869
1.710
1.692
1.739
1.680
1.191
1.489
1.336
1.332
1.341
1.234
1.422
1.663
1.571
1.137
1.139
1.097
2.118
2.207
2.118
1.098
1.255
1.132
2.320
2.523
2.327
2.262
2.348
2.295
0.907
1.031
0.849
0.801
0.928
0.700
2.484
2.597
2.550
0.724
1.044
0.708
1.846
2.053
1.982
1.491
1.567
1.519
0.680
0.786
0.720
1.154
1.336
1.229
0.810
1.064
0.997
0.816
0.832
0.647
2.189
2.389
2.188
2.504
2.590
2.342
2.088
2.094
2.104
0.751
1.006
0.806
0.744
0.911
0.753
1.125
1.506
1.261
2.354
2.468
2.379
1.236
1.394
1.293
2.273
2.390
1.650
1.563
1.763
1.622
0.748
1.013
0.830
0.921
1.173
0.978
1.500
1.694
1.521
1.675
1.780
1.608
0.935
1.010
0.591
2.165
2.210
2.164
2.044
2.181
2.148
1.728
1.924
1.918
1.889
2.029
1.982
1.126
1.238
1.136
0.608
0.856
0.771
1.053
1.430
1.117
2.355
2.524
2.413
2.260
2.416
2.215
1.482
1.942
1.626
1.130
1.300
1.270
1.168
1.298
1.170
1.032
1.144
1.077
1.276
1.539
1.118
1.026
1.232
1.145
0.811
0.886
0.847
1.191
1.297
1.194
0.893
1.529
1.418
1.338
1.527
1.443
0.655
0.713
0.401
1.279
1.371
1.223
1.646
1.754
1.801
1.874
1.818
1.860
1.592
1.663
1.600
0.912
0.886
0.748
1.624
1.612
1.640
0.756
0.871
0.833
1.900
1.996
1.898
1.662
1.993
1.832
0.825
1.038
0.928
1.307
1.457
1.365
1.149
1.231
1.193
2.177
2.183
2.049
0.842
1.317
0.862
1.348
1.587
1.448
3.688
3.715
3.710
1.214
1.648
1.306
1.952
2.025
1.898
1.247
1.052
1.145
0.806
1.026
0.835
1.887
2.173
1.900
1.085
1.504
1.112
1.407
1.629
1.398
2.238
2.283
2.270
1.607
1.809
1.341
3.077
3.102
3.042
1.229
1.560
1.435
1.849
1.838
1.754
1.793
2.018
1.930
1.176
1.195
1.158
1.455
1.571
1.451
1.655
1.845
1.513
1.294
1.445
1.423
1.406
1.411
1.256
1.275
1.418
1.326
1.559
1.804
1.721
1.378
1.535
1.416
1.643
1.833
1.754
1.206
1.269
1.210
2.026
2.183
2.091
1.355
1.468
1.339
1.734
1.745
1.827
1.925
1.863
1.777
0.743
0.942
0.814
2.262
2.285
1.953
0.657
0.783
0.727
1.672
1.754
1.665
1.353
1.580
1.413
1.173
1.288
1.624
0.884
1.258
0.965
0.882
1.188
1.027
0.990
1.374
1.134
0.827
0.948
0.845
1.424
1.543
1.483
0.394
0.660
0.514
1.012
1.488
1.291
1.294
1.500
1.296
1.042
1.109
1.009
1.081
1.153
1.081
1.911
2.127
1.732
0.933
1.140
0.983
2.208
2.286
2.189
0.758
1.007
0.888
1.337
1.535
1.520
1.162
1.484
1.320
2.255
2.278
2.146
0.851
1.027
0.914
1.301
1.479
1.341
2.272
2.451
2.200
1.405
1.822
1.548
1.175
1.215
1.194
0.622
0.886
0.698
1.246
1.233
1.008
0.944
0.995
0.965
1.767
1.807
1.605
1.265
1.335
1.263
1.442
1.469
1.412
1.299
1.388
1.328
0.980
0.927
0.805
1.096
1.289
1.095
1.070
1.197
1.125
0.965
0.997
0.946
1.066
1.165
1.035
0.766
0.866
0.831
0.880
0.975
0.794
1.525
1.573
1.438
0.675
0.795
0.755
1.751
1.876
1.704
0.861
1.002
0.670
1.448
1.589
1.469
1.630
1.654
1.485
1.266
1.356
1.292
0.861
1.076
0.903
0.981
1.056
0.921
1.125
1.310
1.222
1.704
1.826
1.747
1.390
1.570
1.444
1.983
2.200
1.921
0.598
0.874
0.813
1.687
1.827
1.625
0.603
0.868
0.619
1.576
1.700
1.948
0.841
0.942
0.770
0.506
0.663
0.574
1.652
1.845
1.601
1.667
1.813
1.703
1.760
1.970
2.228
1.912
2.123
2.401
1.760
1.970
2.228
1.912
2.123
2.401
1.912
2.123
2.401
1.760
1.970
2.228
1.699
1.900
2.125
0.894
0.855
0.827
0.963
1.062
0.962
0.797
1.071
0.826
1.202
1.218
1.179
1.717
1.772
1.686
3.324
3.313
3.003
1.323
1.478
1.231
1.470
1.636
1.519
2.101
2.151
2.267
2.554
2.514
2.512
1.461
1.496
1.362
1.156
1.268
1.159
2.289
2.406
2.332
1.748
1.958
1.786
0.642
0.732
0.671
2.627
2.572
2.474
1.828
1.818
1.779
1.163
1.459
1.171
1.090
1.305
1.197
1.144
1.306
1.216
1.657
1.684
1.480
0.861
0.872
0.648
0.797
0.891
0.809
1.348
1.611
1.434
1.387
1.661
1.504
1.247
1.419
1.308
0.742
1.006
0.763
1.705
1.731
1.690
1.741
1.853
1.684
1.908
1.942
1.517
2.558
2.778
2.580
1.090
1.191
1.105
0.793
0.909
0.849
0.964
1.021
0.950
1.255
1.309
1.274
1.287
1.422
1.245
1.789
1.928
1.827
0.852
1.763
1.081
2.162
2.318
2.547
0.775
0.880
0.804
1.022
1.101
1.036
0.615
0.826
0.706
1.562
1.717
1.375
0.918
1.011
0.904
1.169
1.251
1.094
0.889
1.027
0.843
1.510
1.626
1.520
1.208
1.385
1.214
1.569
1.562
1.546
1.364
1.534
1.362
1.557
1.601
1.427
2.756
2.776
2.671
1.380
1.440
1.321
1.647
1.848
1.647
1.771
1.816
1.704
0.812
0.944
0.782
1.463
1.505
1.471
2.429
2.508
2.310
0.800
0.888
0.851
1.410
1.442
1.388
1.081
1.164
1.102
0.856
0.970
0.850
1.175
1.169
1.111
1.433
1.641
1.660
1.550
1.700
1.537
1.029
1.158
1.011
0.800
0.869
0.828
2.558
2.670
2.646
3.942
4.020
3.952
0.875
1.007
0.814
1.781
1.865
1.673
1.781
1.923
1.810
0.747
0.769
0.646
1.294
1.416
1.294
1.428
1.507
1.449
2.321
2.344
2.213
1.736
1.861
1.760
1.420
1.838
1.519
1.519
1.520
1.450
1.647
1.777
1.578
0.832
1.053
0.935
1.185
1.287
1.179
1.743
1.804
1.789
1.198
1.315
1.234
1.153
1.218
1.419
0.828
1.190
0.896
1.192
1.286
1.289
1.692
1.875
1.758
1.395
1.494
1.473
1.781
1.873
1.833
3.577
3.649
3.456
1.375
1.439
1.421
0.621
0.942
0.764
1.452
1.599
1.460
1.647
1.781
1.741
2.677
2.524
2.526
1.626
1.720
1.662
1.016
1.091
1.072
1.499
1.524
1.518
1.381
1.640
1.401
1.189
1.593
1.280
2.429
2.547
2.408
2.263
2.270
2.201
2.854
2.933
2.860
0.724
0.658
0.668
2.206
2.349
2.229
0.966
1.170
1.148
1.855
1.947
1.791
1.106
1.145
1.009
0.645
0.729
0.525
1.140
1.172
1.073
0.837
0.902
0.835
1.394
1.541
1.442
1.054
1.121
1.207
1.154
1.225
1.182
4.185
4.184
4.084
1.256
1.483
1.272
1.815
2.039
1.840
1.337
1.362
1.327
2.169
2.056
2.006
2.181
2.253
2.188
1.230
1.363
1.142
1.899
2.036
1.939
1.876
1.977
1.868
1.569
1.720
1.500
2.012
2.094
2.064
1.656
1.827
1.696
1.373
1.411
1.364
1.373
1.436
1.381
1.229
1.481
1.323
1.802
1.935
1.801
1.806
2.053
1.922
1.072
1.228
1.119
1.734
1.898
1.700
1.747
1.826
1.745
0.739
0.974
0.809
1.278
1.423
1.422
1.194
1.370
1.295
0.732
1.061
0.875
1.888
2.038
1.909
1.450
1.579
1.472
1.230
1.285
0.655
1.505
1.708
1.610
1.727
1.833
1.634
0.538
0.684
0.645
0.806
1.118
0.937
0.883
0.894
0.893
1.727
1.941
1.725
1.368
1.533
1.446
1.803
1.857
1.773
1.595
1.668
1.595
1.257
1.551
1.200
1.542
1.950
1.680
0.978
1.244
0.982
1.289
1.376
1.255
1.502
1.682
1.604
1.347
1.338
1.049
1.508
1.632
1.469
0.909
1.623
1.096
1.206
1.240
1.125
1.895
2.011
1.941
0.890
0.948
0.901
0.826
0.939
0.724
1.867
1.952
1.906
1.713
1.950
1.873
1.630
1.832
1.979
1.478
1.767
1.579
3.361
3.382
3.314
1.212
1.434
1.348
1.629
2.098
1.711
1.290
1.450
1.286
1.434
1.651
1.658
0.892
0.953
0.880
1.495
1.516
1.277
0.706
0.794
0.719
1.054
1.333
1.110
0.947
1.007
0.936
0.622
0.743
0.638
0.764
0.901
0.845
0.598
0.842
0.823
0.497
0.664
0.558
0.819
1.108
0.751
1.965
2.020
1.898
1.936
2.000
1.961
1.010
1.282
0.971
1.449
1.543
1.469
1.715
1.742
1.712
0.763
0.853
0.606
1.008
1.199
0.995
2.000
2.216
2.082
1.413
1.476
1.307
1.386
1.612
1.463
2.157
2.352
2.211
0.818
1.019
0.904
1.404
1.554
1.512
1.233
1.384
1.252
0.690
0.821
0.662
1.537
1.760
1.590
1.527
1.603
1.526
1.478
1.573
1.402
1.441
1.760
1.469
1.189
1.186
1.142
2.215
2.772
2.214
1.752
1.774
1.712
0.611
0.689
0.445
2.275
2.291
2.322
2.068
2.102
2.065
1.453
1.523
1.465
1.650
1.779
1.545
1.518
1.476
1.385
0.857
0.873
0.834
2.712
2.868
2.645
1.515
1.474
1.285
1.455
1.529
1.288
0.531
0.712
0.567
1.324
1.469
1.352
0.885
1.461
0.865
0.710
0.908
0.840
0.807
1.210
0.834
0.807
1.199
0.941
2.108
2.105
2.123
0.932
1.225
1.030
0.827
0.899
0.838
0.798
1.111
0.767
0.835
1.021
0.909
2.296
2.352
2.292
1.234
1.378
1.277
1.752
2.104
1.900
1.617
1.725
1.636
2.107
2.191
2.067
1.157
1.274
1.166
2.083
2.150
2.083
1.422
1.513
1.460
1.600
1.788
1.531
1.304
1.332
1.201
0.744
0.822
0.758
0.755
0.995
0.789
0.936
1.283
1.144
1.070
1.157
1.039
0.903
1.004
0.813
1.935
2.241
2.051
0.969
1.482
1.106
1.131
1.582
1.668
1.665
1.796
1.625
1.666
1.727
1.738
1.234
1.310
1.190
2.268
2.348
2.301
1.934
2.113
2.080
1.483
1.540
1.518
1.404
1.492
1.402
1.066
1.125
1.040
1.798
2.218
1.782
0.768
0.985
0.860
1.646
1.740
1.714
2.184
2.624
2.267
1.540
1.619
1.573
1.257
1.566
1.401
1.853
1.922
1.869
1.363
1.370
1.275
1.052
1.165
1.051
0.677
0.780
0.553
1.152
1.144
1.324
1.829
1.959
1.905
0.844
1.337
0.716
0.902
1.675
0.571
0.708
0.807
0.674
1.088
1.545
0.950
1.810
1.937
1.685
2.621
2.724
2.605
1.050
1.145
1.037
2.949
3.046
2.982
1.651
1.654
1.585
1.252
1.368
1.269
2.136
2.294
2.183
1.126
1.288
1.200
0.967
1.043
0.965
0.837
0.933
0.879
1.238
1.314
0.970
1.286
1.611
1.373
1.656
1.969
1.768
1.584
1.654
1.622
0.936
1.376
1.497
1.700
1.802
1.686
0.924
1.025
0.958
3.015
3.084
3.028
1.376
1.416
1.328
2.111
2.224
2.126
1.215
1.239
1.240
0.682
0.916
0.846
0.682
0.916
0.846
0.682
0.916
0.846
1.262
1.439
1.241
0.766
0.872
0.739
0.972
1.152
0.968
1.673
1.730
1.656
0.800
0.950
0.862
0.796
1.017
0.869
0.857
0.970
0.831
0.954
1.127
0.970
0.954
1.294
1.159
1.407
1.362
1.179
1.052
1.685
1.143
1.255
1.803
1.347
1.071
1.135
1.286
0.946
1.097
0.998
1.435
1.576
1.468
1.006
1.133
1.006
1.576
1.625
1.588
1.485
1.764
1.673
1.824
2.008
1.902
3.184
3.299
2.987
1.001
1.121
1.067
1.181
1.353
1.221
1.367
1.355
1.128
0.893
0.996
0.671
1.549
1.739
1.601
0.653
0.821
0.724
1.041
1.114
1.052
1.605
1.795
1.537
1.269
1.319
1.297
1.731
2.313
1.800
1.961
1.997
1.930
0.998
1.081
1.011
1.330
2.083
1.209
1.263
1.240
1.229
0.665
0.731
0.538
2.179
2.411
2.215
1.574
1.720
1.641
1.007
1.049
0.993
0.742
1.042
0.764
3.476
3.412
3.508
1.584
1.677
1.484
1.423
1.468
1.429
0.479
0.660
0.487
2.137
2.256
2.065
1.309
1.523
1.333
1.316
1.526
1.330
1.664
2.053
1.772
0.936
1.142
0.937
0.794
0.853
0.776
1.376
1.476
1.357
1.324
1.422
1.237
1.677
1.841
1.778
0.948
1.110
0.959
1.134
1.153
1.003
1.177
1.303
1.271
1.227
1.438
1.319
0.879
1.184
0.873
0.640
0.701
0.634
1.625
1.852
1.603
1.048
1.106
1.039
1.351
1.406
1.566
1.154
1.217
1.146
0.514
0.822
0.547
2.439
2.479
2.435
1.116
1.280
1.200
0.929
1.103
0.981
1.646
1.802
1.682
2.462
2.632
2.456
1.550
1.534
1.391
1.625
1.613
1.696
0.770
0.811
0.788
1.929
2.047
2.033
0.909
1.004
0.917
2.190
2.248
2.264
1.560
1.795
1.638
3.537
3.566
3.459
3.046
3.168
3.203
1.117
1.400
1.128
1.305
1.243
1.164
1.162
1.036
0.768
1.341
1.415
1.307
1.067
1.230
1.107
2.269
2.385
2.244
1.429
1.533
1.425
0.897
0.967
0.739
1.671
1.722
1.388
2.059
2.058
1.962
1.037
1.286
1.092
2.722
2.792
2.757
1.601
1.639
1.622
1.877
1.975
1.837
0.818
0.953
0.855
0.993
1.105
0.932
1.149
1.082
1.080
0.845
1.087
0.912
1.315
1.558
1.400
2.290
2.521
2.403
1.032
1.142
0.926
1.332
1.361
1.284
0.987
1.226
1.195
0.763
0.891
0.798
0.898
1.363
0.751
1.045
1.146
0.957
0.596
0.765
0.664
0.970
1.072
1.021
1.478
1.538
1.484
2.261
2.176
2.203
3.074
3.144
2.755
2.922
3.232
3.103
1.844
2.044
1.755
1.844
1.986
1.764
1.080
1.325
1.169
1.521
1.694
1.489
0.847
0.907
0.788
1.647
1.624
1.525
1.335
1.512
1.398
0.927
1.136
1.048
0.961
1.023
0.946
1.497
1.648
1.468
1.270
1.402
1.319
1.166
1.243
1.033
1.631
1.612
1.542
0.960
1.093
1.022
0.955
1.287
1.164
1.284
1.363
1.284
1.003
1.129
1.043
1.544
1.752
1.781
0.784
0.921
0.772
1.458
1.425
1.204
1.737
1.899
1.745
0.922
1.009
0.935
0.748
0.820
0.708
2.258
2.431
2.243
1.514
1.584
1.527
1.111
1.235
1.106
1.118
1.301
1.340
1.561
1.871
1.642
1.177
1.299
1.218
1.336
1.447
1.325
0.652
0.997
0.779
2.304
2.548
2.511
0.771
0.811
0.709
0.771
0.801
0.817
1.307
1.458
1.393
1.220
1.432
1.267
2.396
2.719
2.474
1.029
1.265
0.999
0.798
0.930
0.827
1.474
1.480
1.411
1.028
1.061
1.036
1.427
1.518
1.467
1.345
1.472
1.249
1.241
1.495
1.198
1.078
1.209
1.139
1.631
1.700
1.494
1.225
1.445
1.199
1.811
2.040
1.726
1.199
1.179
0.997
1.811
1.885
1.844
1.545
1.546
1.510
2.313
2.378
2.083
1.294
1.451
1.364
1.739
1.862
1.823
1.065
1.226
1.133
1.109
1.259
1.059
1.166
1.359
1.227
1.234
1.251
1.165
1.406
1.519
1.472
1.525
1.748
1.566
1.449
1.621
1.334
1.568
1.771
1.736
1.870
2.010
1.739
1.699
1.897
1.788
0.798
1.276
0.986
0.686
0.853
0.752
1.103
1.226
0.831
0.687
0.819
0.719
2.041
2.172
1.926
1.613
1.707
1.577
1.007
1.275
1.107
1.281
1.399
1.297
0.664
0.823
0.718
1.556
1.673
1.577
1.840
1.984
1.554
0.686
0.853
0.752
1.566
1.635
1.559
1.539
1.685
1.541
0.668
0.833
0.733
0.875
1.080
0.878
1.110
1.227
1.147
0.668
0.833
0.733
1.362
1.463
1.375
0.898
1.073
0.987
0.927
1.021
1.248
2.327
2.399
2.389
1.367
1.572
1.471
1.351
1.418
1.294
0.668
0.833
0.733
1.583
1.623
1.363
0.954
1.047
0.915
0.668
0.833
0.733
0.707
0.826
0.697
0.993
1.177
1.037
1.180
1.228
1.215
0.861
0.947
0.911
1.183
1.548
1.327
1.577
1.629
1.348
0.741
0.920
0.663
0.741
0.907
0.724
0.741
0.929
0.724
1.868
2.039
1.993
1.471
1.754
1.546
0.596
0.830
0.682
1.078
1.227
1.154
0.686
0.853
0.752
1.144
1.306
1.216
1.492
1.544
1.438
0.882
1.071
0.891
0.668
0.788
0.717
0.620
1.347
0.843
1.830
1.939
1.754
1.758
1.663
1.663
0.961
1.015
0.979
1.386
1.497
1.413
1.346
1.480
1.325
0.740
0.885
0.804
2.176
2.623
2.403
0.930
1.086
0.963
1.005
1.192
1.099
0.668
0.833
0.733
0.882
1.163
0.929
0.774
0.976
0.683
0.958
0.950
0.885
1.176
1.215
0.977
1.697
1.741
1.691
1.785
1.822
1.746
1.263
1.281
1.252
0.781
0.958
0.814
1.601
1.743
1.653
0.916
1.061
0.889
1.328
1.554
1.413
1.391
1.551
1.328
0.936
1.577
1.109
1.691
1.925
1.743
0.982
1.196
0.959
1.370
1.497
1.255
0.955
1.066
1.016
0.742
0.836
0.730
0.746
0.757
0.718
2.513
2.584
2.448
1.026
1.096
0.998
1.823
1.881
1.792
2.095
2.383
2.213
3.933
3.964
3.814
0.791
0.914
0.845
1.078
1.322
1.168
1.036
1.168
0.935
1.707
1.870
1.679
3.339
3.463
3.412
1.076
1.290
0.884
0.808
0.988
0.895
1.247
1.514
1.326
0.726
0.780
0.687
1.039
1.128
1.081
1.130
1.413
1.217
1.335
1.644
1.395
2.171
2.381
2.256
1.708
1.809
1.715
1.127
1.337
1.215
1.262
1.476
1.286
2.134
2.246
2.145
1.094
1.214
1.133
1.532
1.597
1.496
1.444
1.557
1.504
1.955
2.038
1.908
1.476
1.407
1.752
2.596
2.665
2.609
0.829
0.794
0.579
0.606
0.901
0.716
1.600
1.878
1.680
1.627
1.747
1.654
1.210
1.304
1.227
2.162
2.119
2.000
1.727
1.807
1.756
1.882
1.913
1.895
1.237
1.383
1.279
1.033
1.098
1.045
1.029
1.243
1.120
0.728
0.776
0.764
1.382
1.471
1.428
1.180
1.408
1.355
1.100
1.285
1.162
0.855
1.184
0.983
1.504
1.529
1.524
1.468
1.662
1.604
2.345
2.405
2.315
1.560
1.620
1.541
2.062
2.180
2.108
1.137
1.375
1.329
1.582
1.663
1.631
1.093
1.282
1.113
1.511
1.604
1.526
0.605
0.906
0.817
1.142
1.144
1.189
1.432
1.610
1.526
0.553
0.671
0.650
0.914
1.098
1.038
1.175
1.326
1.186
2.095
2.118
2.110
1.587
1.872
1.699
1.132
1.235
1.094
2.201
2.284
2.151
1.088
1.256
1.173
2.272
2.373
2.264
1.975
2.115
2.002
1.834
2.093
1.890
2.250
2.367
2.246
0.878
1.721
1.110
2.963
3.149
3.047
2.686
2.747
2.649
1.837
2.033
1.880
1.214
1.305
1.224
1.461
1.555
1.509
0.780
0.884
0.819
1.172
1.207
1.175
1.613
1.717
1.716
2.727
2.822
2.750
2.198
2.272
2.230
0.994
1.144
1.030
1.790
1.900
1.885
0.833
1.036
0.905
1.309
1.371
1.319
1.497
1.542
1.502
1.390
1.672
1.518
1.129
1.312
1.196
0.942
1.119
1.049
1.396
1.346
1.155
2.322
2.343
2.321
2.023
2.014
2.049
2.340
2.388
2.405
1.042
1.190
1.124
1.246
1.344
1.291
1.387
1.412
1.340
0.799
0.893
0.807
2.051
2.123
2.116
1.279
1.749
1.713
0.563
0.800
0.727
0.749
0.806
0.669
1.847
1.935
1.786
0.982
1.187
1.075
1.604
1.631
1.559
1.742
1.924
1.770
1.425
1.507
1.476
0.946
1.214
1.106
1.164
1.239
1.120
1.624
1.638
1.390
2.877
2.985
2.955
1.454
1.436
1.213
1.389
1.499
1.360
0.809
0.984
0.864
2.777
2.796
2.530
1.611
1.624
1.983
2.442
2.540
2.406
1.055
1.204
1.028
2.272
2.278
2.077
2.062
2.217
2.031
1.634
1.722
1.662
0.966
1.144
1.041
1.804
2.107
2.113
1.211
1.386
1.361
1.517
1.566
1.306
1.506
1.567
1.693
0.950
1.045
1.005
0.686
0.798
0.739
1.084
1.265
1.156
1.084
1.265
1.156
1.084
1.265
1.156
2.166
2.249
2.143
0.981
1.148
0.909
1.645
1.832
1.751
0.565
0.587
0.581
1.531
1.732
1.586
1.015
1.324
1.293
0.784
0.915
0.791
1.925
2.028
1.703
1.427
1.621
1.427
1.005
1.112
1.013
0.862
1.163
1.012
1.553
2.068
1.785
1.070
1.188
1.114
1.567
1.507
1.621
2.089
2.167
1.752
1.895
2.149
1.871
1.244
1.387
1.295
1.635
1.640
1.533
2.076
2.210
2.188
2.626
3.680
2.607
1.554
1.665
1.582
1.010
1.096
0.989
1.078
1.119
0.937
1.016
1.272
1.202
1.072
1.220
1.168
1.634
1.609
1.481
1.669
1.833
1.589
1.857
2.091
2.123
2.467
2.612
2.505
1.596
1.701
1.474
1.051
1.247
1.170
1.197
1.308
1.225
0.519
0.796
0.623
1.468
1.776
1.614
1.454
1.378
1.297
1.576
1.622
1.513
1.676
1.933
1.773
0.906
1.070
1.010
2.131
2.165
1.967
0.886
0.900
0.796
1.074
1.182
0.918
1.550
1.664
1.554
2.106
2.156
1.846
0.819
0.898
0.789
0.654
0.735
0.616
0.659
0.756
0.616
0.543
0.697
0.605
0.683
0.808
0.729
1.097
1.233
1.144
2.136
2.527
2.222
1.111
1.067
1.057
0.836
1.012
0.889
1.073
1.156
1.040
1.329
1.398
1.233
1.736
1.846
1.769
1.028
1.127
1.059
1.010
1.083
1.048
0.913
1.086
0.943
1.212
1.323
1.187
1.549
1.777
1.564
1.188
1.370
1.320
0.449
0.569
0.495
1.034
1.019
0.983
2.434
2.381
2.419
1.370
1.565
1.434
1.027
1.198
1.072
0.446
0.732
0.571
0.446
0.732
0.571
0.446
0.732
0.571
1.059
1.147
1.072
1.397
1.504
1.279
0.887
0.954
0.660
1.122
1.330
1.281
0.635
0.727
0.619
1.785
1.940
1.817
1.849
1.930
1.877
1.238
1.434
1.240
0.918
1.065
0.970
1.617
1.822
1.700
1.600
1.963
1.810
1.100
1.195
1.093
0.886
1.066
0.794
0.738
0.754
0.687
1.610
1.696
1.651
1.229
1.342
1.292
1.229
1.431
1.292
1.542
1.766
1.633
1.644
1.824
1.601
0.708
0.942
0.858
2.278
2.397
2.250
0.727
0.820
0.746
1.301
1.369
1.299
0.960
1.013
0.965
1.349
1.520
1.455
1.092
1.128
0.920
0.364
0.659
0.532
0.701
0.958
0.840
1.063
1.305
1.307
1.481
1.602
1.417
0.610
0.628
0.465
1.543
1.506
1.489
1.940
2.111
2.002
0.760
0.841
0.794
1.659
1.776
1.606
1.353
1.460
1.329
0.984
0.972
1.017
1.514
1.683
1.467
1.868
2.036
1.942
1.363
1.542
1.370
1.976
2.098
1.950
1.102
1.267
1.188
1.128
1.382
1.218
0.960
1.178
1.029
1.668
1.763
1.708
1.210
1.335
1.267
0.782
0.958
0.868
0.782
0.958
0.868
1.944
2.011
1.999
0.795
1.022
0.791
1.736
1.765
1.691
1.419
1.614
1.437
0.769
0.884
0.757
1.266
1.355
1.245
1.408
1.550
1.368
0.760
1.007
0.808
2.139
2.222
2.061
1.774
1.901
1.815
1.571
1.711
1.587
2.724
2.741
2.664
1.467
1.767
1.590
0.940
1.006
0.932
1.290
1.440
1.320
1.578
1.806
1.681
1.398
1.533
1.357
0.912
0.963
0.980
1.809
1.931
1.784
1.602
1.840
1.672
1.495
1.601
1.492
0.800
0.966
0.855
1.430
1.408
1.137
1.229
1.318
1.288
0.522
0.637
0.501
0.836
0.912
0.815
0.768
0.903
0.810
1.597
1.675
1.638
1.010
1.090
1.036
1.088
1.338
1.113
1.674
1.860
1.741
1.992
2.624
2.098
1.642
1.867
1.803
1.180
1.338
1.201
0.893
1.007
0.942
1.166
1.121
0.941
0.890
1.204
1.017
1.054
1.146
1.084
0.983
1.068
0.989
1.798
1.965
1.841
0.656
1.156
0.921
1.978
2.109
2.057
1.068
1.150
1.037
2.097
2.231
1.947
0.731
0.753
0.659
1.399
1.476
1.310
2.720
2.808
2.774
2.434
2.653
2.509
0.748
0.953
0.843
1.962
2.117
1.986
1.278
1.404
1.231
1.050
1.294
1.099
2.125
2.527
2.168
1.697
1.785
1.699
2.078
2.137
2.099
0.853
0.989
0.840
1.518
1.518
1.299
0.895
1.012
0.944
2.277
2.465
2.275
1.771
1.890
1.566
1.190
1.320
1.202
0.532
0.752
0.615
0.659
0.660
0.536
1.554
1.650
1.605
1.097
1.325
1.140
2.626
2.809
2.739
1.389
1.578
1.459
1.562
1.712
1.697
0.763
0.968
0.872
0.895
1.012
0.944
1.785
1.867
1.768
0.841
1.206
0.964
0.841
0.956
0.689
0.826
0.891
0.803
1.495
1.601
1.527
0.846
0.999
0.875
1.405
1.600
1.492
0.883
0.941
0.928
0.893
1.007
0.942
0.664
0.731
0.623
1.145
1.154
1.082
0.944
1.063
0.896
1.104
1.135
1.095
0.649
0.833
0.686
1.519
1.619
1.512
0.708
0.900
0.779
2.968
3.305
3.064
2.968
3.305
3.064
2.968
3.305
3.064
0.924
1.082
0.979
0.895
1.012
0.944
1.693
1.757
1.673
1.217
1.304
1.244
0.738
0.739
0.602
0.941
1.068
0.925
1.488
1.605
1.426
1.175
1.301
1.153
0.779
0.853
0.827
1.675
1.741
1.667
0.955
1.114
0.979
2.097
2.214
2.053
0.919
0.784
0.825
0.895
1.012
0.944
0.923
1.086
1.002
0.967
1.108
1.009
0.829
0.939
0.786
2.596
2.661
2.526
0.681
0.991
0.811
1.033
1.348
1.174
2.060
2.239
2.035
0.753
0.831
0.766
0.559
0.943
0.676
2.190
2.368
2.275
1.368
1.445
1.324
1.747
1.869
1.755
1.363
1.468
1.376
1.754
1.800
1.750
1.145
1.276
1.199
0.994
1.369
1.107
1.887
2.017
1.892
1.230
1.421
1.291
2.006
2.197
2.122
1.191
1.305
1.230
1.680
1.742
1.740
1.454
1.434
1.415
0.705
1.017
0.765
1.184
1.406
1.240
1.559
1.502
1.538
1.882
1.999
1.926
2.157
2.325
2.215
1.205
1.273
1.126
2.693
2.542
2.404
1.156
1.169
0.858
1.874
1.925
1.833
1.615
1.798
1.720
1.063
1.188
1.120
1.809
2.057
1.821
1.681
1.977
1.789
2.394
2.466
2.398
2.043
2.146
2.081
1.638
1.886
1.802
1.812
1.809
1.757
1.116
1.478
1.139
1.639
1.746
1.567
1.682
1.838
1.758
1.657
1.626
1.606
2.637
2.724
2.680
2.330
2.303
2.315
0.747
0.866
0.735
1.235
1.464
1.364
1.856
1.965
1.906
1.419
1.674
1.419
1.340
1.836
1.474
1.485
1.666
1.513
1.784
1.783
1.668
0.901
0.983
0.933
1.117
1.086
1.181
1.226
1.379
1.283
1.580
1.629
1.539
0.806
0.973
0.805
0.806
0.973
0.805
1.307
1.410
1.349
1.348
1.363
1.287
0.815
0.906
0.708
2.119
2.258
2.086
1.568
1.475
1.456
0.897
1.013
0.795
1.088
1.341
1.202
0.575
0.602
0.570
1.040
1.185
1.084
2.583
2.684
2.114
1.501
1.416
1.052
0.533
0.723
0.546
2.101
2.197
2.245
1.053
1.161
1.103
0.935
1.083
0.970
1.167
1.459
1.138
1.788
1.881
1.731
1.230
1.275
1.187
2.171
2.397
2.206
1.245
1.101
0.944
2.012
2.023
1.994
1.604
1.706
1.634
1.115
1.150
0.951
1.668
2.072
1.799
0.777
0.838
0.694
2.432
2.585
2.407
2.014
2.132
2.063
0.813
0.962
0.877
1.187
1.268
1.146
1.501
1.589
1.495
1.294
1.516
1.153
1.751
1.826
1.656
2.503
2.547
2.530
0.810
0.988
0.889
1.138
1.348
1.251
1.637
1.931
1.666
1.040
1.120
1.217
1.532
1.666
1.610
0.678
0.819
0.702
1.281
1.401
1.255
0.992
1.098
0.922
3.232
3.365
3.295
1.777
2.185
1.925
0.780
0.871
0.783
0.943
1.053
0.936
1.132
1.208
1.174
2.296
2.231
1.935
1.098
1.182
1.008
1.378
1.441
1.385
0.863
0.923
1.261
1.105
1.245
1.157
1.734
1.956
1.749
0.876
1.012
0.910
2.903
2.988
2.956
2.913
2.958
2.875
1.860
2.162
1.957
1.128
1.258
1.191
1.726
1.736
1.718
1.479
1.701
1.492
1.969
2.160
2.053
1.239
1.293
1.219
1.367
1.596
1.496
1.357
1.550
1.421
0.917
1.087
0.963
0.409
0.488
0.393
1.152
1.242
1.221
0.980
1.209
1.053
0.787
0.880
0.801
2.105
2.273
2.210
1.295
1.693
1.509
1.151
1.336
1.223
0.583
0.963
0.798
1.575
1.854
1.713
1.648
1.671
1.407
0.927
0.965
0.902
1.586
1.791
1.492
1.370
1.470
1.480
1.363
1.518
1.392
1.116
1.213
0.942
2.216
2.260
2.188
0.821
1.082
0.850
0.821
0.979
0.850
2.041
2.171
1.905
1.411
1.596
1.488
1.321
1.390
1.287
1.098
1.312
1.190
0.662
0.774
0.690
0.763
0.907
0.787
1.116
1.209
1.111
0.647
0.651
0.624
2.149
2.223
2.077
1.151
1.244
1.043
0.924
1.065
0.940
1.035
1.170
1.020
2.152
2.281
2.095
3.075
3.105
2.993
1.359
1.433
1.361
0.890
0.964
0.937
0.896
0.978
0.957
0.708
0.915
0.737
1.436
1.464
1.411
1.639
1.544
1.606
1.424
1.410
1.308
1.055
1.320
1.114
0.692
0.881
0.764
0.611
0.715
0.601
1.347
1.436
1.338
1.696
1.801
1.702
0.882
0.934
0.857
0.959
0.962
0.945
0.895
1.012
0.944
0.895
1.012
0.944
1.266
1.341
1.276
1.130
1.489
1.343
1.145
1.290
1.195
0.853
0.951
0.879
1.128
1.612
1.121
1.420
1.728
1.558
0.482
0.670
0.617
1.593
1.720
1.743
2.420
2.389
2.420
0.818
0.997
0.894
2.359
2.374
2.242
1.089
1.401
1.089
1.090
1.172
0.895
1.805
1.917
1.829
1.687
1.773
1.664
0.982
1.052
0.983
0.719
0.890
0.719
1.521
1.583
1.465
0.724
0.933
0.856
0.864
0.951
0.774
2.561
2.664
2.617
1.755
1.785
1.731
1.683
1.757
1.715
1.045
1.013
0.971
1.868
2.093
1.904
0.791
0.981
0.896
1.161
1.244
1.162
1.112
1.231
1.118
1.672
1.821
1.751
1.489
1.645
1.297
1.329
1.573
1.312
1.244
1.367
1.276
2.560
2.672
2.518
0.614
0.622
0.570
0.614
0.716
0.648
0.998
1.048
1.042
0.947
1.070
0.951
1.088
1.298
1.163
1.708
1.841
1.700
0.800
0.937
0.808
1.135
1.374
1.237
0.696
0.866
0.756
1.971
2.139
1.935
0.994
1.136
1.015
0.846
1.047
0.970
1.177
1.488
1.284
2.774
2.934
2.824
1.748
1.822
1.754
1.548
1.626
1.531
1.313
1.399
1.271
0.961
1.061
0.824
1.181
1.433
1.279
0.825
0.944
0.870
1.705
1.758
1.734
1.558
1.614
1.533
1.105
1.258
1.167
1.601
1.791
1.698
2.037
2.388
2.094
1.498
1.601
1.473
1.562
1.662
1.521
1.363
1.468
1.372
0.795
0.901
0.916
1.618
1.669
1.589
1.251
1.260
1.265
1.180
1.261
1.208
1.156
1.306
1.218
1.687
1.833
1.742
1.259
1.343
1.266
1.360
1.449
1.387
1.045
1.212
0.963
0.814
0.658
0.697
0.750
0.811
0.768
1.163
1.247
1.209
0.814
0.900
0.824
0.814
0.909
0.839
1.478
1.503
1.460
1.062
1.213
1.106
1.261
1.540
1.334
1.169
1.330
1.251
1.222
1.309
1.219
0.495
0.724
0.565
0.787
0.855
0.823
0.664
0.783
0.710
0.600
0.828
0.649
0.947
1.127
1.040
1.185
1.657
1.546
1.233
1.459
1.344
2.685
2.762
2.617
0.839
0.966
0.888
0.740
0.968
0.868
1.267
1.489
1.354
1.258
1.281
1.274
2.064
2.107
1.954
1.080
1.144
1.098
1.309
1.453
1.308
3.077
3.120
3.031
1.757
1.945
1.894
0.940
1.082
1.009
0.885
0.904
0.767
1.142
1.401
1.203
1.975
2.202
2.067
1.916
2.138
1.996
1.952
2.112
1.961
0.906
1.108
0.957
0.975
1.089
1.002
0.939
1.090
0.860
1.016
1.658
1.075
0.793
0.899
0.821
0.807
1.038
0.864
0.606
0.659
0.477
1.092
1.363
1.205
1.027
1.216
1.071
0.536
0.755
0.572
1.204
1.324
1.187
1.408
1.441
1.363
1.013
1.559
1.057
0.995
1.118
1.051
0.874
0.883
0.829
0.922
1.057
0.893
1.124
1.208
1.193
0.613
0.751
0.643
0.678
0.795
0.666
1.581
2.146
1.701
0.964
1.011
0.962
0.876
1.034
0.929
1.779
1.914
1.641
1.503
1.882
1.607
2.838
2.886
2.738
1.070
1.150
0.890
0.690
0.828
0.797
0.890
0.999
0.955
0.954
1.439
1.169
1.077
1.111
0.943
1.686
1.839
1.705
0.943
1.212
1.028
1.087
1.330
1.336
1.159
1.247
1.212
1.324
1.495
1.333
0.963
1.088
0.993
1.407
1.521
1.392
0.896
1.053
1.057
1.163
1.260
1.121
0.984
0.969
0.884
0.604
0.929
0.809
1.360
1.438
1.363
0.969
1.254
0.884
2.105
2.155
2.104
0.987
1.085
1.054
1.802
1.877
1.651
1.329
1.336
1.117
1.412
1.461
1.336
1.054
1.173
1.073
1.844
1.889
1.810
1.083
1.314
1.458
0.999
1.056
1.000
1.822
1.906
1.780
1.855
2.013
1.872
0.944
1.429
1.364
1.993
1.995
1.948
0.895
1.145
0.907
0.645
0.719
0.616
0.369
0.491
0.416
0.717
0.804
0.738
1.470
1.648
1.420
0.984
1.063
1.030
1.401
1.701
1.144
0.948
0.969
0.949
1.036
1.125
1.054
1.165
1.248
1.171
2.050
2.148
1.976
1.677
1.809
1.852
1.053
1.154
1.125
0.491
0.610
0.537
0.848
1.044
0.907
0.976
1.189
0.867
1.048
1.127
1.042
0.491
0.610
0.537
0.422
0.569
0.487
0.491
0.610
0.537
1.853
1.873
1.820
1.626
1.702
1.590
1.560
1.630
1.542
1.467
1.678
1.578
0.995
1.107
1.024
1.384
1.563
1.362
1.149
1.222
1.079
0.512
0.616
0.489
1.719
1.781
1.675
2.494
2.715
2.621
1.456
1.627
1.518
0.497
0.773
0.586
2.026
2.047
1.992
1.176
1.369
1.246
0.928
1.211
0.959
0.751
0.875
0.817
1.016
1.082
1.044
1.022
1.330
1.110
1.326
1.293
1.287
1.156
1.337
1.088
0.909
1.041
0.963
0.635
0.790
0.731
1.386
1.557
1.471
1.074
1.085
1.050
1.097
1.256
1.165
1.271
1.449
1.262
0.830
1.042
0.890
1.072
1.129
0.994
0.796
1.028
0.849
1.650
1.706
1.546
2.337
2.383
2.355
2.114
2.308
2.134
1.115
1.275
1.015
1.663
1.898
1.819
0.568
0.708
0.639
0.945
0.949
0.842
1.654
1.856
1.707
1.903
1.881
1.865
1.506
1.592
1.560
1.506
1.592
1.560
1.237
1.334
1.316
1.625
1.632
1.395
1.787
1.875
1.799
1.680
1.717
1.603
1.250
1.383
1.291
1.220
1.539
1.372
1.389
1.463
1.417
1.376
1.604
1.356
2.283
2.634
2.394
1.689
1.887
1.702
0.484
0.714
0.558
3.090
3.135
2.984
1.789
1.998
1.854
1.081
1.530
1.246
1.328
1.807
1.649
2.337
2.446
2.321
1.768
1.785
1.717
1.119
1.367
1.260
1.109
1.145
0.841
2.115
2.208
2.017
1.714
1.971
1.818
2.187
2.404
2.292
1.908
2.003
1.840
0.935
1.038
0.985
1.340
1.560
1.364
1.904
1.984
1.954
1.112
1.251
1.183
0.954
1.182
1.033
0.862
0.989
0.831
1.436
1.558
1.453
1.335
1.394
1.154
1.828
1.974
1.842
1.267
1.323
1.164
1.425
1.579
1.501
2.255
2.368
2.287
0.999
1.106
0.980
1.193
1.379
1.206
1.282
1.336
0.990
1.595
1.775
1.653
0.669
0.767
0.582
1.630
1.801
1.559
1.764
1.661
1.655
1.708
1.758
1.509
1.597
1.674
1.575
2.115
2.183
2.146
1.811
1.989
1.867
1.381
1.601
1.561
1.486
1.656
1.497
1.941
2.061
1.985
1.071
1.290
1.057
1.281
1.487
1.333
1.914
2.190
2.181
1.809
1.972
1.770
0.880
0.929
0.828
1.103
1.354
1.198
3.471
3.600
3.170
3.019
3.324
3.136
1.667
1.741
1.578
1.783
1.876
1.868
0.635
0.958
0.843
1.150
1.312
1.202
0.857
1.041
0.892
1.629
1.824
1.709
1.228
1.458
1.355
0.886
1.340
0.891
0.886
1.185
0.959
0.713
1.068
0.879
1.614
1.582
1.530
1.487
1.751
1.590
0.635
0.632
0.189
0.698
0.916
0.708
1.291
1.373
1.238
1.905
1.957
1.908
2.297
2.469
2.367
2.204
2.352
2.269
1.867
1.913
1.856
1.099
1.218
1.116
1.630
1.792
1.670
0.831
1.036
0.923
1.462
1.403
1.047
1.811
1.870
1.821
1.377
1.466
1.266
1.581
1.698
1.640
1.222
1.477
1.220
1.262
1.288
1.307
1.289
1.487
1.386
0.898
0.751
0.649
1.007
0.988
0.871
1.323
1.271
1.256
1.438
1.639
1.413
0.850
0.948
0.866
1.608
1.623
1.300
0.672
0.803
0.757
1.515
1.627
1.485
1.291
1.512
1.289
0.716
0.760
0.682
1.484
1.552
1.471
1.805
1.922
1.783
1.180
1.341
1.153
1.367
1.560
1.468
0.997
1.744
1.169
2.340
2.475
2.408
1.605
1.756
1.644
0.993
1.046
0.717
1.800
1.885
1.851
1.130
1.229
1.202
1.273
1.344
1.394
1.834
1.911
1.863
1.596
1.841
1.653
0.857
0.965
0.810
0.857
0.965
0.810
0.965
1.169
1.095
0.755
1.113
0.988
0.809
1.263
0.911
1.765
1.951
1.852
0.621
0.751
0.994
1.116
1.336
1.245
2.081
2.123
1.956
1.148
1.430
1.256
1.256
1.413
1.376
1.124
1.051
1.012
0.748
0.831
0.760
1.295
1.421
1.389
1.166
1.297
1.188
0.841
1.183
0.934
1.176
1.245
1.177
1.200
1.324
1.181
0.922
1.069
0.835
0.981
1.043
1.006
1.675
1.754
1.686
1.430
1.586
1.481
0.922
1.006
0.925
0.786
0.870
0.809
1.236
1.271
1.189
1.188
1.481
1.146
1.092
1.218
1.242
1.342
1.505
1.289
1.342
1.536
1.492
1.879
2.013
1.963
1.428
1.588
1.430
1.174
1.241
1.231
1.266
1.618
1.451
2.664
2.749
2.666
1.088
1.270
1.160
1.492
1.706
1.493
1.295
1.402
1.258
0.668
0.863
0.703
1.083
1.225
1.130
0.504
0.637
0.553
0.903
1.003
0.851
1.691
1.706
1.645
1.646
1.664
1.543
0.876
1.010
0.816
1.073
1.178
1.052
1.750
1.882
1.760
0.873
0.981
0.850
1.462
1.669
1.462
1.797
1.826
1.899
1.243
1.330
1.253
2.615
2.755
2.619
1.489
1.738
1.504
1.617
1.722
1.664
0.847
1.023
0.896
1.115
1.171
1.113
1.439
1.462
1.393
1.459
1.903
1.729
1.429
1.517
1.437
1.260
1.509
1.321
1.221
1.293
1.195
1.139
1.408
1.164
2.581
2.657
2.632
1.778
1.903
1.736
0.906
1.211
0.988
1.073
1.164
1.118
0.943
0.889
0.893
1.004
1.064
0.994
0.727
0.792
0.683
0.737
0.952
0.916
1.949
1.934
1.860
0.880
1.063
0.801
1.604
1.667
1.575
1.276
1.530
1.701
1.243
1.372
1.257
1.215
1.317
1.201
1.396
1.618
1.455
0.941
1.052
0.953
1.850
1.915
1.873
1.734
1.755
1.686
1.616
1.840
1.800
1.201
1.313
1.240
1.546
1.679
1.597
0.504
0.637
0.553
0.993
1.067
1.013
1.560
1.775
1.554
1.332
1.370
1.358
1.510
1.482
1.467
1.080
1.242
1.067
1.467
1.633
1.527
1.522
1.598
1.538
1.303
1.421
1.344
1.187
1.473
1.383
1.028
1.106
0.985
1.097
1.001
1.012
0.908
0.996
0.914
0.895
1.121
0.880
1.010
1.327
1.100
1.787
2.129
2.170
1.079
1.172
1.084
0.766
0.833
0.686
1.129
2.381
1.671
1.328
1.440
1.219
2.797
2.815
2.741
0.645
0.754
0.659
0.672
0.689
0.538
0.704
0.855
0.706
0.780
0.867
0.759
0.565
0.751
0.607
1.789
1.820
1.884
0.374
0.583
0.485
1.325
1.471
1.378
0.671
0.854
0.736
1.402
1.568
1.412
0.499
0.616
0.548
1.740
1.750
1.659
1.200
1.345
1.297
1.143
1.519
1.262
1.215
1.277
1.156
1.360
1.575
1.399
1.420
1.519
1.414
1.917
2.032
1.950
0.610
0.729
0.597
1.858
1.949
1.687
1.775
1.860
1.963
1.007
1.172
0.951
1.376
1.715
1.498
0.800
0.976
0.873
1.086
1.254
1.145
2.085
2.102
2.017
1.083
1.317
1.185
1.008
1.311
1.120
1.893
1.936
1.864
1.245
1.343
1.342
0.797
0.946
0.818
1.349
1.336
1.266
1.415
1.531
1.447
1.423
1.651
1.465
0.947
1.072
0.854
1.343
1.572
1.331
1.083
1.251
1.137
0.795
0.900
0.850
1.216
1.335
1.185
1.534
1.702
1.390
1.778
2.241
2.171
1.978
2.011
1.893
1.950
1.921
2.009
1.227
1.271
1.186
1.219
1.252
1.195
2.244
2.351
2.100
1.795
2.029
1.761
1.357
1.520
1.434
1.066
1.276
1.009
1.272
1.250
1.127
1.443
1.476
1.404
2.081
2.197
2.183
1.266
1.591
1.407
2.716
2.888
2.786
1.858
1.837
1.629
0.927
1.072
0.971
0.761
0.931
0.718
1.240
1.255
1.215
1.720
1.909
1.715
0.779
0.876
0.814
1.563
1.619
1.552
1.280
1.409
1.270
0.965
1.129
1.037
0.978
1.041
0.951
1.101
1.170
1.379
0.931
1.013
0.896
1.636
1.811
1.613
2.090
2.338
2.153
0.806
0.850
0.805
1.409
1.525
1.443
1.104
1.172
1.201
0.827
1.184
1.006
0.763
1.022
0.616
1.224
1.397
1.232
1.050
1.202
1.105
0.810
1.053
0.901
0.919
1.193
1.096
1.219
1.462
1.298
1.448
1.595
1.495
1.795
2.018
1.946
1.164
1.300
1.237
2.159
2.251
2.174
1.023
1.204
1.104
1.727
1.886
1.772
1.032
1.230
1.066
1.841
1.948
1.790
1.499
1.564
1.399
0.946
1.074
1.023
1.973
2.040
1.948
0.631
0.924
0.664
1.773
1.900
1.578
1.493
1.496
1.413
0.771
0.831
0.733
0.886
0.958
0.561
0.795
1.169
0.922
0.989
1.188
1.095
1.755
1.917
1.778
1.975
2.042
1.977
0.945
1.385
1.095
1.645
1.723
1.692
0.988
1.017
0.931
1.800
1.892
1.899
0.863
1.089
1.004
1.197
1.495
1.370
1.570
1.781
1.620
1.319
1.569
1.507
1.678
1.997
1.655
1.678
1.930
1.822
2.182
2.235
2.169
1.258
1.250
1.241
1.989
2.010
2.009
1.313
1.405
1.326
1.633
1.648
1.600
1.856
1.925
1.852
2.010
2.056
2.010
2.526
2.601
2.537
1.510
1.834
1.517
1.008
1.168
0.911
1.625
1.444
1.849
0.886
1.033
0.812
1.449
1.620
1.252
2.529
2.559
2.441
1.080
1.172
1.000
1.515
1.583
1.529
1.112
1.251
1.061
0.955
1.287
1.036
1.154
1.118
0.907
1.211
1.588
1.481
1.064
1.112
1.043
1.179
1.524
1.354
1.582
1.754
1.506
1.229
1.142
1.054
1.290
1.338
1.517
1.162
1.231
0.906
0.683
1.127
0.641
1.367
1.439
1.383
0.966
1.003
0.842
0.707
0.884
0.683
0.924
1.143
0.977
1.987
2.089
1.899
1.407
1.771
1.577
1.205
1.675
1.376
1.568
1.769
1.459
1.603
1.846
1.726
1.095
1.179
1.033
0.869
0.922
0.792
1.071
1.625
1.155
1.186
1.305
1.277
1.469
1.969
1.575
1.254
1.501
1.339
1.570
1.296
1.298
2.299
2.382
2.255
1.737
1.832
1.722
0.695
0.904
0.701
1.768
1.973
1.866
1.503
1.698
1.608
1.685
1.896
1.812
1.341
1.573
1.412
2.308
2.464
2.439
3.169
3.077
3.161
1.828
1.972
1.879
1.706
1.767
1.700
1.048
1.142
1.085
1.814
1.908
1.808
1.375
1.433
1.343
1.138
1.915
1.051
1.736
1.899
1.825
1.576
2.330
2.577
0.817
0.971
0.879
2.097
2.130
1.934
1.599
1.718
1.691
0.843
0.910
0.853
2.014
2.122
2.003
1.389
1.578
1.506
1.765
1.872
1.754
1.336
1.403
1.268
1.015
1.142
0.975
1.396
1.607
1.402
0.687
0.845
0.842
1.579
1.699
1.578
1.567
1.466
1.461
1.654
1.741
1.508
0.828
0.891
0.825
1.616
1.744
1.589
1.926
2.043
1.930
1.048
1.401
1.146
0.994
1.124
1.053
0.526
0.622
0.577
1.947
1.791
1.696
0.728
1.003
0.827
0.714
0.806
0.637
0.532
0.664
0.484
0.773
0.950
0.755
2.043
2.237
2.048
1.614
1.698
1.506
0.755
0.878
0.768
1.314
1.503
1.377
1.711
1.957
1.712
0.978
1.281
0.923
1.064
1.200
1.407
2.101
2.354
2.248
2.163
2.222
2.057
1.461
1.708
1.356
2.164
2.403
2.332
1.484
1.591
1.549
0.733
0.848
0.910
0.723
0.974
0.805
0.740
0.956
0.697
1.112
1.335
1.223
1.175
1.215
1.205
1.110
1.294
1.198
1.002
1.093
1.015
0.521
0.698
0.600
1.566
1.715
1.605
1.690
1.906
1.665
2.358
2.387
2.030
2.297
2.367
2.274
0.780
0.914
0.818
1.747
1.780
1.707
1.388
1.965
1.517
0.903
0.962
0.879
1.126
1.131
1.115
1.308
1.868
1.182
1.120
1.450
1.238
1.965
1.938
1.867
0.655
0.695
0.668
0.994
1.093
1.026
0.886
1.058
0.965
0.723
1.099
0.795
0.799
0.878
0.749
0.585
0.806
0.621
0.819
0.797
0.828
0.554
0.816
0.634
0.895
1.057
0.962
0.817
0.983
0.840
1.449
1.626
1.413
1.343
1.495
1.566
1.743
1.924
1.877
1.319
1.380
1.356
0.836
0.817
0.813
1.125
1.169
1.103
1.648
1.822
1.720
1.208
1.316
1.305
1.220
1.380
1.244
1.474
1.568
1.513
1.125
1.284
1.178
1.542
1.578
1.559
1.029
1.173
1.137
0.902
1.008
0.922
2.774
2.705
2.634
1.273
1.565
1.359
1.503
1.577
1.563
1.679
1.698
2.050
1.374
1.662
1.264
1.894
1.966
1.938
0.341
0.860
0.712
0.768
0.915
0.773
1.274
1.365
1.302
1.288
1.433
1.348
1.155
1.310
1.242
1.562
1.681
1.495
0.947
1.537
1.061
1.161
1.334
1.185
0.892
0.975
0.857
1.218
1.271
1.165
1.345
1.508
1.255
1.898
2.134
1.834
0.437
0.518
0.403
0.682
1.010
0.789
2.057
2.070
1.999
0.726
0.951
0.747
0.930
1.090
1.007
0.890
1.048
0.925
1.092
1.257
1.121
1.012
1.159
1.071
0.675
0.872
0.834
0.787
0.806
0.774
1.052
1.127
1.088
1.116
1.185
1.126
1.260
1.474
1.284
1.010
1.143
1.039
0.831
0.914
0.845
2.028
2.128
1.981
1.379
1.623
1.536
1.362
1.391
1.188
1.369
1.476
1.467
0.670
0.780
0.662
0.883
1.099
0.898
1.015
1.195
1.074
1.161
1.261
1.023
1.481
1.689
1.532
1.103
1.131
1.107
0.437
0.626
0.378
0.867
1.057
0.934
1.363
1.536
1.498
1.148
1.337
1.196
1.463
1.570
1.485
1.419
1.811
1.565
1.019
1.120
0.972
1.595
1.616
1.527
1.273
1.360
1.270
1.859
1.989
1.774
1.112
1.239
1.011
1.843
1.881
1.688
0.855
1.046
0.914
0.699
0.784
0.687
2.170
2.203
2.158
1.016
1.166
1.089
1.412
1.601
1.536
0.856
1.089
0.895
1.167
1.268
0.976
1.885
2.173
1.934
2.376
2.481
2.373
1.455
1.586
1.392
1.040
1.228
1.042
1.271
1.313
1.231
1.116
1.341
1.157
0.826
0.895
0.844
0.809
0.891
0.842
0.874
0.933
0.747
1.156
1.165
0.905
1.296
1.355
0.963
1.065
1.271
1.158
0.531
0.696
0.568
0.621
0.712
0.641
1.882
1.953
1.857
1.612
1.609
1.581
1.562
1.634
1.586
1.190
1.331
1.243
1.257
1.487
1.283
1.044
1.108
0.901
1.090
1.662
1.114
1.157
1.141
0.999
1.784
1.859
1.822
2.072
2.164
1.965
0.675
0.736
0.711
1.273
1.299
1.289
1.067
1.194
1.055
1.663
1.876
1.656
1.965
1.959
1.710
1.148
1.228
1.133
1.664
1.742
1.730
0.853
0.995
0.829
1.341
1.407
1.395
1.391
1.489
1.411
2.054
2.180
2.106
1.757
1.831
1.781
1.334
1.423
1.406
1.232
1.300
1.225
2.778
2.812
2.774
1.607
1.691
1.515
1.180
1.257
1.217
1.443
1.686
1.458
1.706
1.810
1.727
1.894
2.117
2.027
1.720
1.767
1.585
1.239
1.375
1.252
1.381
1.512
1.343
1.375
1.301
1.049
1.131
1.295
0.986
1.009
1.154
1.075
1.477
1.508
1.354
1.694
1.721
1.661
1.801
1.824
1.618
1.016
1.126
1.016
1.244
1.530
1.687
1.426
1.466
1.190
1.131
1.601
1.338
1.440
1.529
1.369
1.459
1.734
1.513
2.052
2.050
2.102
0.385
0.795
0.580
1.414
1.496
1.436
1.880
1.912
1.902
0.731
0.925
1.131
2.170
2.276
2.296
1.932
2.058
2.008
1.078
1.091
1.033
0.870
0.933
0.878
1.470
1.493
1.476
1.749
1.721
1.637
0.891
0.996
0.886
1.662
1.798
1.622
0.835
0.973
1.251
1.473
1.594
1.260
1.451
1.501
1.387
1.109
1.245
1.157
1.266
1.442
1.371
1.956
2.061
2.005
3.118
3.141
3.080
1.404
1.578
1.389
1.033
1.117
1.063
1.062
1.170
1.029
1.271
1.424
1.226
1.788
1.889
1.850
1.787
1.865
1.768
1.938
1.976
1.968
1.802
1.821
1.703
1.237
1.260
1.308
1.096
1.190
1.138
1.035
1.148
1.110
0.868
0.937
0.878
1.829
1.959
1.805
1.321
1.384
1.143
1.525
1.566
1.538
2.309
2.330
2.175
2.359
2.548
2.420
2.371
2.477
2.417
1.660
1.951
1.758
1.294
1.434
1.336
0.689
0.745
0.727
0.958
1.362
1.080
2.056
2.122
2.011
1.174
1.264
1.148
1.321
1.554
1.225
1.313
1.653
1.505
1.029
1.089
0.947
0.892
1.321
1.192
1.335
1.712
1.383
1.075
1.709
1.128
1.074
1.272
1.113
1.340
1.467
1.357
1.160
1.285
1.208
1.022
1.148
1.053
1.489
1.566
1.290
0.806
0.860
0.709
1.467
1.581
1.430
1.774
1.838
1.764
1.752
1.830
1.833
2.017
2.300
2.121
1.164
1.338
1.232
0.848
0.947
0.825
0.778
1.047
0.766
0.677
0.783
0.676
1.970
2.102
2.001
1.082
1.680
1.265
0.811
0.904
0.732
0.845
0.946
0.765
1.276
1.454
1.303
0.642
0.721
0.651
1.091
1.303
1.137
0.699
0.846
0.656
1.523
1.815
1.615
0.698
0.708
0.680
1.671
1.558
1.606
1.931
2.153
1.928
1.396
1.456
1.272
1.782
1.956
2.015
1.534
1.681
1.592
1.037
1.040
0.959
1.126
1.320
1.142
0.859
0.985
0.848
1.022
1.177
1.065
1.169
1.293
1.261
1.188
1.480
1.162
1.685
1.794
1.718
0.929
1.063
0.958
1.525
1.871
1.599
1.441
1.664
1.531
0.659
0.636
0.566
0.707
0.792
0.684
0.788
0.961
0.773
1.524
2.603
1.690
1.729
1.793
1.756
0.799
0.861
0.800
1.356
1.446
1.315
1.193
1.303
1.094
1.107
1.207
1.158
2.596
2.598
2.634
2.090
2.078
2.017
1.817
1.895
1.673
