1.126
1.375
0.728
1.150
1.388
0.775
1.111
1.356
0.763
1.121
1.389
0.759
1.131
1.384
0.774
1.432
1.650
1.062
1.497
1.710
1.153
1.564
1.751
1.217
1.489
1.695
1.136
1.567
1.795
1.198
1.672
1.915
1.308
1.773
2.036
1.424
1.668
1.920
1.308
1.667
1.918
1.320
1.569
1.825
1.218
1.098
1.345
0.701
1.131
1.370
0.757
1.092
1.329
0.738
1.102
1.365
0.737
1.102
1.351
0.744
1.406
1.611
1.028
1.485
1.676
1.126
1.552
1.726
1.197
1.452
1.643
1.088
1.584
1.797
1.203
1.721
1.960
1.349
1.747
2.011
1.395
1.651
1.889
1.282
1.645
1.884
1.287
1.570
1.820
1.211
1.071
1.334
0.690
1.089
1.351
0.738
1.066
1.324
0.730
1.072
1.351
0.723
1.068
1.336
0.728
1.371
1.596
1.013
1.423
1.645
1.088
1.512
1.722
1.178
1.444
1.661
1.103
1.519
1.770
1.163
1.694
1.958
1.345
1.720
2.003
1.389
1.621
1.885
1.275
1.649
1.920
1.320
1.528
1.804
1.198
1.109
1.366
0.736
1.125
1.378
0.776
1.097
1.345
0.761
1.107
1.371
0.760
1.108
1.365
0.767
1.379
1.593
1.020
1.439
1.658
1.104
1.522
1.711
1.182
1.441
1.651
1.096
1.555
1.780
1.194
1.699
1.943
1.345
1.721
1.988
1.386
1.631
1.880
1.279
1.661
1.914
1.322
1.552
1.807
1.209
1.100
1.360
0.719
1.121
1.382
0.767
1.089
1.342
0.751
1.105
1.385
0.758
1.092
1.361
0.749
1.390
1.620
1.035
1.469
1.692
1.131
1.602
1.810
1.268
1.488
1.711
1.148
1.585
1.830
1.230
1.686
1.948
1.336
1.738
2.022
1.404
1.674
1.941
1.328
1.640
1.907
1.304
1.554
1.825
1.215
1.102
1.324
0.725
1.114
1.340
0.760
1.102
1.321
0.770
1.105
1.345
0.763
1.117
1.346
0.779
1.355
1.550
0.999
1.412
1.609
1.075
1.477
1.663
1.145
1.407
1.602
1.071
1.499
1.737
1.161
1.685
1.909
1.336
1.657
1.898
1.323
1.623
1.855
1.278
1.633
1.862
1.306
1.542
1.782
1.210
1.084
1.333
0.687
1.099
1.343
0.721
1.075
1.318
0.719
1.072
1.342
0.709
1.080
1.337
0.721
1.361
1.579
0.990
1.400
1.619
1.047
1.500
1.704
1.149
1.410
1.622
1.053
1.565
1.812
1.197
1.633
1.885
1.264
1.701
1.969
1.348
1.648
1.902
1.281
1.602
1.859
1.253
1.559
1.820
1.202
1.059
1.320
0.685
1.081
1.341
0.727
1.057
1.308
0.721
1.062
1.339
0.720
1.058
1.324
0.722
1.318
1.544
0.965
1.412
1.633
1.080
1.489
1.692
1.153
1.424
1.644
1.086
1.487
1.741
1.141
1.707
1.969
1.359
1.711
1.991
1.379
1.605
1.865
1.257
1.618
1.886
1.287
1.498
1.773
1.164
1.148
1.395
0.774
1.168
1.412
0.818
1.141
1.382
0.809
1.132
1.394
0.787
1.144
1.390
0.803
1.455
1.666
1.097
1.460
1.673
1.128
1.580
1.784
1.248
1.499
1.708
1.158
1.635
1.868
1.281
1.706
1.948
1.358
1.777
2.036
1.444
1.748
1.989
1.397
1.757
2.002
1.425
1.666
1.911
1.323
1.592
1.575
1.099
1.598
1.570
1.113
1.510
1.498
1.064
1.684
1.669
1.208
1.649
1.643
1.193
1.187
1.186
0.735
1.237
1.231
0.804
1.193
1.172
0.765
1.159
1.147
0.728
1.182
1.162
0.716
1.642
1.646
1.197
1.713
1.732
1.281
1.683
1.695
1.241
1.692
1.686
1.254
1.544
1.553
1.098
1.644
1.583
1.124
1.637
1.569
1.125
1.549
1.483
1.069
1.706
1.647
1.205
1.708
1.657
1.220
1.231
1.186
0.757
1.261
1.225
0.810
1.229
1.173
0.774
1.191
1.152
0.741
1.232
1.191
0.748
1.671
1.637
1.203
1.716
1.680
1.257
1.713
1.682
1.243
1.731
1.682
1.265
1.600
1.558
1.121
1.340
1.305
0.892
1.369
1.328
0.926
1.314
1.288
0.890
1.407
1.376
0.971
1.394
1.374
0.987
1.015
0.990
0.601
1.039
1.017
0.639
1.013
0.979
0.609
0.997
0.967
0.600
1.019
0.986
0.597
1.418
1.406
1.010
1.437
1.435
1.042
1.406
1.393
0.995
1.465
1.448
1.052
1.321
1.310
0.911
1.639
1.560
1.130
1.659
1.573
1.156
1.536
1.457
1.068
1.700
1.626
1.213
1.694
1.633
1.231
1.193
1.137
0.729
1.211
1.151
0.767
1.198
1.123
0.754
1.159
1.104
0.722
1.198
1.132
0.729
1.664
1.611
1.210
1.747
1.703
1.303
1.744
1.695
1.290
1.725
1.661
1.278
1.602
1.551
1.140
1.572
1.512
1.056
1.549
1.476
1.041
1.477
1.405
1.001
1.624
1.558
1.120
1.647
1.596
1.171
1.178
1.128
0.702
1.202
1.159
0.753
1.186
1.124
0.733
1.155
1.107
0.707
1.173
1.121
0.701
1.603
1.568
1.137
1.675
1.649
1.222
1.691
1.663
1.222
1.645
1.597
1.189
1.510
1.464
1.038
1.564
1.491
1.071
1.593
1.515
1.110
1.477
1.409
1.022
1.616
1.545
1.139
1.657
1.606
1.205
1.152
1.088
0.701
1.183
1.127
0.752
1.156
1.073
0.724
1.133
1.076
0.703
1.153
1.088
0.696
1.616
1.569
1.171
1.631
1.594
1.199
1.667
1.622
1.220
1.654
1.590
1.216
1.515
1.461
1.061
1.476
1.430
1.013
1.493
1.439
1.040
1.437
1.390
0.995
1.522
1.482
1.076
1.555
1.526
1.139
1.105
1.074
0.677
1.110
1.084
0.700
1.111
1.063
0.693
1.085
1.051
0.675
1.120
1.074
0.682
1.515
1.493
1.095
1.595
1.578
1.184
1.560
1.541
1.138
1.562
1.529
1.135
1.445
1.419
1.017
1.473
1.451
1.002
1.511
1.479
1.052
1.410
1.383
0.969
1.544
1.524
1.093
1.543
1.534
1.124
1.105
1.087
0.674
1.094
1.079
0.681
1.117
1.094
0.699
1.079
1.056
0.670
1.112
1.089
0.667
1.544
1.545
1.120
1.591
1.596
1.177
1.607
1.606
1.183
1.557
1.537
1.123
1.433
1.428
1.003
1.605
1.558
1.088
1.608
1.553
1.098
1.500
1.451
1.026
1.665
1.623
1.170
1.650
1.622
1.172
1.176
1.149
0.704
1.212
1.194
0.764
1.179
1.144
0.733
1.154
1.130
0.711
1.182
1.151
0.705
1.660
1.651
1.205
1.701
1.692
1.250
1.727
1.722
1.270
1.695
1.669
1.242
1.544
1.530
1.082
1.603
1.738
1.175
1.831
1.943
1.411
1.452
1.578
1.059
1.756
1.896
1.346
1.741
1.885
1.352
1.648
1.764
1.248
1.501
1.614
1.121
1.496
1.591
1.118
1.412
1.535
1.034
1.755
1.867
1.351
1.406
1.556
1.002
1.361
1.518
0.966
1.379
1.531
0.978
1.324
1.467
0.931
1.301
1.450
0.901
1.523
1.672
1.042
1.722
1.858
1.251
1.377
1.520
0.920
1.618
1.769
1.153
1.576
1.739
1.135
1.457
1.585
1.011
1.375
1.498
0.941
1.430
1.542
0.993
1.423
1.553
0.990
1.685
1.819
1.231
1.188
1.353
0.725
1.175
1.348
0.726
1.168
1.332
0.708
1.157
1.315
0.696
1.159
1.321
0.699
1.547
1.704
1.070
1.759
1.909
1.300
1.348
1.504
0.927
1.638
1.807
1.191
1.596
1.763
1.160
1.581
1.726
1.149
1.460
1.604
1.044
1.479
1.609
1.071
1.389
1.540
0.976
1.721
1.878
1.267
1.216
1.392
0.771
1.209
1.395
0.778
1.210
1.389
0.762
1.185
1.358
0.747
1.169
1.343
0.724
1.550
1.722
1.062
1.712
1.872
1.237
1.379
1.544
0.940
1.621
1.801
1.161
1.622
1.794
1.163
1.563
1.715
1.113
1.443
1.594
1.012
1.476
1.614
1.050
1.416
1.575
0.988
1.634
1.801
1.177
1.205
1.390
0.752
1.194
1.393
0.756
1.190
1.382
0.738
1.181
1.360
0.733
1.163
1.345
0.710
1.433
1.539
0.997
1.577
1.677
1.151
1.248
1.348
0.828
1.557
1.669
1.138
1.507
1.623
1.113
1.411
1.504
1.000
1.309
1.406
0.918
1.353
1.450
0.955
1.291
1.387
0.898
1.526
1.641
1.115
1.110
1.239
0.704
1.110
1.243
0.712
1.100
1.225
0.693
1.073
1.197
0.666
1.074
1.199
0.669
1.290
1.417
0.884
1.444
1.560
1.040
1.137
1.264
0.743
1.457
1.589
1.063
1.361
1.499
0.987
1.253
1.358
0.864
1.192
1.302
0.822
1.198
1.300
0.822
1.144
1.258
0.774
1.451
1.564
1.061
0.992
1.135
0.602
1.000
1.151
0.617
0.987
1.128
0.596
0.970
1.111
0.580
0.977
1.116
0.584
1.503
1.664
1.093
1.721
1.870
1.323
1.310
1.463
0.929
1.686
1.857
1.301
1.671
1.841
1.297
1.553
1.688
1.169
1.433
1.566
1.063
1.472
1.591
1.106
1.349
1.490
0.978
1.638
1.792
1.252
1.263
1.434
0.869
1.218
1.404
0.842
1.255
1.431
0.865
1.189
1.360
0.811
1.190
1.373
0.813
