1.000
1.206
0.681
1.028
1.226
0.728
0.995
1.203
0.720
0.993
1.218
0.711
1.002
1.212
0.728
1.313
1.496
1.016
1.369
1.546
1.095
1.436
1.605
1.164
1.363
1.531
1.084
1.423
1.630
1.140
1.531
1.737
1.245
1.629
1.861
1.359
1.523
1.734
1.242
1.522
1.736
1.258
1.416
1.643
1.153
0.971
1.170
0.654
1.012
1.208
0.710
0.979
1.176
0.694
0.977
1.195
0.689
0.970
1.173
0.697
1.292
1.455
0.984
1.361
1.519
1.070
1.432
1.582
1.146
1.329
1.479
1.037
1.445
1.628
1.146
1.586
1.778
1.290
1.606
1.828
1.334
1.513
1.706
1.221
1.507
1.702
1.229
1.424
1.637
1.150
0.950
1.171
0.648
0.971
1.198
0.693
0.956
1.178
0.689
0.951
1.191
0.679
0.939
1.168
0.684
1.260
1.451
0.971
1.305
1.499
1.036
1.395
1.590
1.131
1.325
1.508
1.055
1.382
1.611
1.107
1.561
1.785
1.287
1.581
1.826
1.325
1.485
1.707
1.215
1.514
1.750
1.264
1.387
1.626
1.137
0.979
1.198
0.688
0.999
1.215
0.728
0.979
1.194
0.718
0.978
1.209
0.711
0.976
1.195
0.720
1.260
1.440
0.974
1.316
1.495
1.047
1.394
1.569
1.129
1.315
1.490
1.045
1.411
1.614
1.136
1.561
1.770
1.285
1.575
1.808
1.319
1.482
1.695
1.211
1.517
1.739
1.262
1.401
1.626
1.145
0.980
1.194
0.672
1.006
1.226
0.719
0.979
1.194
0.708
0.985
1.220
0.709
0.966
1.189
0.702
1.280
1.472
0.990
1.350
1.539
1.077
1.485
1.673
1.218
1.369
1.553
1.097
1.448
1.670
1.172
1.556
1.775
1.277
1.601
1.848
1.341
1.538
1.762
1.265
1.503
1.730
1.242
1.410
1.646
1.152
0.980
1.164
0.678
0.994
1.185
0.712
0.987
1.173
0.725
0.980
1.187
0.713
0.987
1.183
0.729
1.238
1.400
0.950
1.288
1.451
1.018
1.356
1.519
1.091
1.285
1.448
1.020
1.363
1.570
1.104
1.547
1.737
1.269
1.513
1.717
1.250
1.482
1.675
1.209
1.490
1.691
1.245
1.397
1.603
1.142
0.963
1.170
0.643
0.981
1.189
0.676
0.963
1.171
0.678
0.950
1.182
0.664
0.953
1.174
0.675
1.246
1.431
0.945
1.278
1.468
0.993
1.379
1.567
1.097
1.289
1.473
1.004
1.428
1.649
1.144
1.498
1.717
1.205
1.553
1.788
1.278
1.507
1.723
1.216
1.462
1.691
1.194
1.412
1.641
1.137
0.940
1.152
0.645
0.964
1.178
0.685
0.948
1.157
0.682
0.941
1.171
0.678
0.938
1.156
0.680
1.211
1.393
0.926
1.297
1.479
1.029
1.371
1.546
1.103
1.309
1.491
1.042
1.357
1.577
1.092
1.577
1.795
1.301
1.577
1.816
1.318
1.474
1.689
1.199
1.486
1.712
1.232
1.358
1.592
1.106
1.016
1.230
0.725
1.039
1.253
0.768
1.021
1.231
0.760
1.003
1.232
0.739
1.008
1.220
0.754
1.336
1.516
1.050
1.333
1.516
1.070
1.453
1.645
1.192
1.374
1.551
1.105
1.491
1.710
1.223
1.570
1.778
1.296
1.630
1.855
1.373
1.604
1.811
1.330
1.611
1.829
1.361
1.515
1.734
1.259
1.467
1.411
1.042
1.477
1.408
1.056
1.399
1.340
1.008
1.556
1.501
1.145
1.520
1.479
1.136
1.084
1.046
0.692
1.120
1.084
0.751
1.082
1.032
0.717
1.049
1.005
0.685
1.060
1.002
0.669
1.510
1.482
1.133
1.577
1.565
1.215
1.552
1.530
1.177
1.548
1.506
1.182
1.413
1.384
1.037
1.518
1.428
1.066
1.515
1.417
1.069
1.437
1.340
1.013
1.577
1.490
1.143
1.578
1.506
1.165
1.126
1.056
0.710
1.145
1.088
0.756
1.120
1.043
0.725
1.078
1.015
0.694
1.108
1.035
0.699
1.544
1.487
1.141
1.583
1.530
1.191
1.578
1.526
1.177
1.591
1.520
1.197
1.474
1.404
1.059
1.228
1.163
0.847
1.259
1.187
0.880
1.218
1.154
0.847
1.294
1.224
0.922
1.277
1.226
0.942
0.921
0.866
0.564
0.936
0.885
0.597
0.919
0.859
0.569
0.900
0.839
0.563
0.911
0.846
0.559
1.307
1.259
0.958
1.321
1.288
0.986
1.282
1.240
0.933
1.344
1.292
0.990
1.205
1.161
0.860
1.511
1.403
1.071
1.537
1.419
1.099
1.424
1.310
1.010
1.570
1.464
1.149
1.562
1.474
1.174
1.093
1.005
0.684
1.096
1.011
0.716
1.092
0.990
0.708
1.052
0.968
0.677
1.076
0.979
0.681
1.538
1.458
1.149
1.615
1.549
1.238
1.615
1.537
1.225
1.586
1.491
1.209
1.478
1.391
1.079
1.445
1.357
1.004
1.426
1.323
0.989
1.365
1.261
0.952
1.492
1.396
1.062
1.507
1.433
1.113
1.075
0.994
0.661
1.088
1.020
0.707
1.079
0.987
0.687
1.046
0.971
0.667
1.054
0.969
0.657
1.476
1.408
1.075
1.542
1.488
1.157
1.555
1.495
1.152
1.507
1.427
1.121
1.384
1.312
0.982
1.438
1.336
1.019
1.473
1.364
1.060
1.367
1.263
0.974
1.490
1.388
1.084
1.523
1.448
1.150
1.049
0.957
0.661
1.067
0.987
0.702
1.046
0.941
0.679
1.023
0.939
0.662
1.033
0.938
0.653
1.481
1.403
1.104
1.495
1.434
1.134
1.536
1.463
1.159
1.515
1.425
1.149
1.386
1.301
1.003
1.360
1.289
0.968
1.378
1.295
0.988
1.335
1.256
0.945
1.404
1.334
1.024
1.426
1.376
1.088
1.010
0.951
0.637
0.999
0.950
0.653
1.008
0.939
0.647
0.980
0.920
0.633
1.001
0.928
0.635
1.396
1.345
1.038
1.471
1.433
1.126
1.435
1.392
1.076
1.434
1.373
1.072
1.322
1.270
0.959
1.356
1.298
0.951
1.396
1.324
0.997
1.308
1.241
0.917
1.428
1.366
1.036
1.416
1.372
1.072
1.009
0.956
0.632
0.988
0.943
0.636
1.015
0.962
0.655
0.976
0.921
0.628
0.995
0.936
0.621
1.427
1.392
1.064
1.464
1.438
1.117
1.485
1.451
1.123
1.431
1.377
1.062
1.315
1.274
0.948
1.480
1.409
1.033
1.488
1.408
1.044
1.389
1.313
0.973
1.540
1.473
1.110
1.522
1.474
1.116
1.077
1.025
0.663
1.100
1.064
0.713
1.076
1.019
0.686
1.047
1.002
0.666
1.066
1.004
0.659
1.535
1.502
1.141
1.570
1.543
1.185
1.596
1.566
1.199
1.559
1.507
1.171
1.415
1.376
1.020
1.508
1.592
1.135
1.741
1.802
1.370
1.368
1.445
1.020
1.665
1.752
1.310
1.640
1.737
1.313
1.559
1.625
1.205
1.409
1.479
1.081
1.404
1.470
1.076
1.322
1.399
0.996
1.655
1.740
1.314
1.304
1.404
0.950
1.249
1.361
0.910
1.271
1.373
0.924
1.210
1.305
0.875
1.191
1.295
0.849
1.422
1.519
1.012
1.617
1.706
1.214
1.285
1.378
0.887
1.507
1.607
1.111
1.463
1.577
1.098
1.357
1.440
0.974
1.271
1.358
0.903
1.323
1.410
0.952
1.319
1.410
0.954
1.575
1.673
1.201
1.072
1.193
0.679
1.054
1.187
0.678
1.053
1.172
0.664
1.036
1.154
0.649
1.040
1.155
0.654
1.443
1.555
1.035
1.658
1.761
1.263
1.254
1.370
0.892
1.535
1.653
1.149
1.489
1.610
1.125
1.478
1.582
1.108
1.357
1.465
1.006
1.372
1.477
1.031
1.286
1.399
0.941
1.604
1.735
1.233
1.103
1.238
0.728
1.092
1.241
0.731
1.094
1.232
0.719
1.065
1.198
0.701
1.051
1.189
0.681
1.450
1.573
1.033
1.614
1.731
1.206
1.284
1.409
0.907
1.517
1.648
1.124
1.515
1.647
1.131
1.463
1.577
1.078
1.343
1.461
0.979
1.370
1.489
1.014
1.312
1.436
0.956
1.516
1.659
1.143
1.091
1.241
0.710
1.078
1.241
0.711
1.075
1.229
0.696
1.057
1.205
0.688
1.046
1.192
0.669
1.339
1.407
0.970
1.478
1.545
1.117
1.162
1.224
0.799
1.460
1.534
1.105
1.404
1.487
1.081
1.315
1.376
0.964
1.214
1.280
0.885
1.261
1.331
0.921
1.196
1.262
0.866
1.428
1.505
1.088
1.004
1.097
0.659
0.997
1.099
0.665
0.997
1.087
0.652
0.962
1.053
0.623
0.964
1.059
0.629
1.204
1.289
0.862
1.357
1.437
1.012
1.058
1.144
0.715
1.370
1.461
1.035
1.268
1.366
0.962
1.166
1.237
0.833
1.107
1.187
0.794
1.111
1.190
0.791
1.059
1.138
0.747
1.357
1.442
1.036
0.896
0.999
0.564
0.901
1.015
0.578
0.888
0.993
0.559
0.871
0.976
0.542
0.876
0.981
0.549
1.410
1.524
1.064
1.631
1.734
1.289
1.224
1.331
0.898
1.593
1.718
1.268
1.575
1.698
1.264
1.459
1.555
1.132
1.343
1.436
1.028
1.377
1.470
1.069
1.257
1.358
0.945
1.537
1.660
1.222
1.162
1.295
0.828
1.114
1.260
0.798
1.151
1.283
0.821
1.080
1.213
0.767
1.082
1.226
0.771
