1.395
1.492
1.370
2.787
2.880
2.805
0.734
0.881
0.819
1.348
1.355
1.330
0.941
1.003
0.721
0.540
0.657
0.621
0.536
0.713
0.555
3.568
3.577
3.480
1.654
1.728
1.668
1.199
1.374
1.304
1.198
1.354
1.225
0.371
0.455
0.450
1.081
1.136
1.117
1.345
1.410
1.380
1.463
1.534
1.534
0.694
0.827
1.178
0.551
0.733
0.682
1.038
1.091
1.056
2.063
2.451
2.565
0.829
0.978
0.969
1.018
1.156
1.012
2.192
2.207
2.158
2.538
2.611
2.551
1.936
2.079
2.031
0.807
1.030
0.974
1.402
1.426
1.387
0.921
1.026
0.933
1.039
1.262
1.104
1.689
1.928
2.049
1.119
1.245
1.215
1.230
1.427
1.230
2.176
2.399
2.225
1.862
1.916
1.821
1.242
1.470
1.368
1.896
2.015
1.939
1.394
1.624
1.278
0.934
1.052
0.956
1.334
1.323
1.265
0.854
1.052
0.985
1.398
1.355
1.228
0.865
1.177
0.991
0.761
0.894
0.766
1.639
1.642
1.562
0.425
0.704
0.534
1.250
1.400
1.203
1.599
1.790
1.643
1.383
1.581
1.510
0.804
1.044
0.865
1.296
1.420
1.320
2.291
2.344
2.322
1.936
2.077
1.878
2.041
2.161
2.089
1.538
1.553
1.479
0.999
1.037
0.977
1.310
1.451
1.397
1.413
1.681
1.326
0.852
0.971
0.908
1.244
1.318
1.032
0.496
0.691
0.597
2.171
2.180
2.103
1.886
1.904
1.848
2.449
2.534
2.430
0.944
1.166
1.089
1.644
1.765
1.631
0.505
0.876
0.562
1.811
1.994
1.901
2.338
2.420
2.285
1.109
1.173
0.997
1.068
1.361
1.123
0.801
0.832
0.779
0.801
0.885
0.816
0.904
1.033
0.951
1.928
2.031
2.007
1.423
1.492
1.421
0.893
0.887
0.911
0.804
0.941
0.871
1.969
2.042
2.050
1.978
2.288
2.220
1.987
2.049
2.035
1.095
1.179
1.128
0.827
0.884
0.460
1.004
1.087
0.916
1.905
1.826
1.758
3.043
3.106
3.072
0.663
0.767
0.696
1.573
1.665
1.646
0.820
0.929
0.745
1.637
1.697
1.718
0.616
1.024
0.823
1.100
1.232
1.152
1.014
1.094
1.086
0.968
1.073
0.923
2.349
2.380
2.342
2.260
2.309
2.309
1.517
1.561
1.489
1.533
1.570
1.550
1.868
1.903
1.876
1.100
1.177
1.079
2.052
2.116
2.026
0.817
1.166
0.889
0.429
0.612
0.422
1.583
1.683
1.595
1.470
1.558
1.512
1.498
1.676
1.614
1.019
1.224
1.083
1.240
1.259
1.249
2.360
2.616
2.500
0.570
0.683
0.598
1.370
1.421
1.420
0.702
0.789
0.746
1.413
1.471
1.452
1.534
1.813
1.829
1.837
1.945
1.908
1.019
1.043
1.061
0.727
0.977
0.904
1.710
1.821
1.786
0.503
0.717
0.529
1.360
1.447
1.394
1.019
1.143
1.060
1.029
1.117
1.085
0.811
0.948
0.954
0.930
0.895
0.912
1.983
2.092
2.027
2.279
2.606
2.308
2.564
2.546
2.510
1.273
1.389
1.329
2.308
2.378
2.346
1.780
1.921
1.780
1.347
1.451
1.414
1.725
1.813
1.775
1.623
1.618
1.631
1.655
1.717
1.641
1.040
1.262
1.085
1.110
1.292
1.156
1.729
1.832
1.741
1.906
1.948
1.855
1.671
1.758
1.708
0.537
0.668
0.601
1.907
2.028
1.885
1.394
1.724
1.711
1.653
1.659
1.578
1.637
2.081
1.860
1.119
1.245
1.215
1.696
1.884
1.749
2.274
2.311
2.378
1.879
2.041
1.930
0.519
0.708
0.549
1.084
1.137
1.042
1.509
1.610
1.540
1.011
1.029
0.913
1.039
1.013
0.906
1.896
1.829
1.731
1.095
1.177
1.145
1.808
1.859
1.824
1.239
1.233
1.080
1.668
1.803
1.759
0.867
1.089
0.837
1.486
1.574
1.512
1.169
1.212
1.170
1.063
1.303
1.144
1.021
1.078
0.989
0.832
0.981
0.895
1.504
1.563
1.571
1.493
1.665
1.605
1.176
1.240
1.078
0.820
0.842
0.817
0.873
0.925
0.886
0.814
0.875
0.834
1.386
1.465
1.433
2.004
2.093
2.056
1.124
1.325
1.260
1.360
1.417
1.412
1.270
1.346
1.278
0.783
0.796
0.758
1.327
1.390
1.338
1.470
1.643
1.541
1.071
1.251
1.224
0.827
1.124
0.974
1.603
1.861
1.734
1.848
1.904
1.868
1.035
1.036
0.946
1.626
1.530
1.336
2.181
2.238
2.219
1.222
1.446
1.365
2.523
2.541
2.522
1.432
1.568
1.513
1.405
1.462
1.454
1.868
1.905
1.764
1.703
2.217
1.821
0.409
0.425
0.401
0.866
0.963
0.940
0.877
1.069
0.910
1.411
1.559
1.467
0.633
0.920
0.693
0.976
1.111
1.368
0.829
1.860
0.805
0.606
0.846
0.714
0.647
1.132
0.852
1.841
1.891
1.788
1.083
1.118
1.077
1.475
1.548
1.501
0.846
0.910
0.747
2.276
2.454
2.454
1.422
1.493
1.531
1.457
1.653
1.557
1.082
1.410
1.286
0.653
1.236
1.059
0.669
0.802
0.805
2.151
2.192
2.111
1.431
1.497
1.413
2.250
2.818
2.132
1.358
1.428
1.191
1.059
1.163
1.016
1.264
1.306
1.263
0.796
1.053
0.863
1.297
1.322
1.344
0.684
0.828
1.289
1.180
1.223
1.130
0.763
0.993
0.845
2.677
2.809
2.742
1.966
2.071
2.012
1.625
1.731
1.617
1.481
1.580
1.400
1.677
1.699
1.597
0.672
0.725
0.679
0.581
0.696
0.643
1.008
1.078
1.095
0.639
0.747
0.647
2.417
2.480
2.442
0.821
1.017
0.874
1.655
1.848
1.774
1.122
1.193
1.100
1.186
1.282
1.219
0.783
0.877
0.769
0.981
1.114
0.890
0.911
1.088
0.970
0.681
0.806
0.736
1.413
1.418
1.395
0.879
1.096
0.843
0.820
0.868
0.821
1.738
1.813
1.818
1.045
1.093
1.085
0.740
0.918
0.800
1.405
1.404
1.298
1.585
1.725
1.683
0.810
0.903
0.907
1.757
1.871
1.829
1.090
1.136
0.828
1.664
1.729
1.724
1.303
1.379
1.253
0.974
1.240
1.190
1.819
1.889
1.819
0.911
1.031
0.919
0.864
0.815
0.781
1.344
1.298
1.338
1.564
1.660
1.615
1.457
1.521
1.480
1.195
1.404
1.302
1.242
1.316
1.255
2.557
2.646
2.668
1.212
1.309
1.243
1.686
1.736
1.598
0.682
0.845
0.772
1.471
1.531
1.468
1.135
1.205
1.180
2.113
2.353
2.234
1.811
1.974
1.897
1.434
1.521
1.436
0.403
0.526
0.407
1.811
1.984
1.904
1.399
1.473
1.520
1.356
1.539
1.337
1.151
1.853
1.215
0.984
1.116
1.014
1.125
1.501
1.363
0.841
1.118
0.968
0.444
0.676
0.564
0.791
0.800
0.753
1.781
1.872
1.823
1.030
1.139
1.078
1.030
1.161
1.087
1.291
1.576
1.490
1.467
1.476
1.421
1.283
1.367
1.259
0.620
0.686
0.637
0.889
1.018
0.952
0.640
0.705
0.668
1.860
2.018
1.985
1.520
1.619
1.595
1.556
1.728
1.636
0.605
0.693
0.637
0.748
0.858
0.816
2.636
2.787
2.758
1.294
1.527
1.332
2.850
2.914
2.956
1.162
1.251
1.133
0.739
0.958
0.820
0.885
1.036
0.835
0.965
1.271
1.107
0.736
0.821
0.785
0.541
0.584
0.608
1.199
1.290
1.073
1.048
1.181
1.061
0.772
0.815
0.821
2.101
2.148
2.136
1.168
1.415
1.158
0.911
1.028
0.964
0.698
0.838
0.777
0.902
1.020
0.976
0.578
0.652
0.637
1.017
1.230
1.107
1.509
1.570
1.541
1.795
1.838
1.742
1.671
1.672
1.657
1.982
2.052
2.035
1.029
1.136
1.060
0.851
1.072
0.875
1.261
1.453
1.204
1.554
1.666
1.626
1.284
1.408
1.299
1.837
1.929
1.803
1.076
1.199
1.156
0.734
0.954
0.857
1.081
1.123
0.877
1.156
1.270
1.191
1.049
1.112
1.103
2.298
2.419
2.372
1.054
1.162
1.044
2.653
2.703
2.590
1.252
1.373
1.183
1.973
2.044
1.999
0.489
0.619
0.493
2.701
2.745
2.718
1.221
1.283
1.231
1.134
1.140
1.090
1.615
1.678
1.621
0.639
0.871
0.721
1.146
1.190
1.133
0.999
1.014
1.007
1.661
1.663
1.935
1.014
1.077
0.971
0.604
0.645
0.634
1.395
1.536
1.334
1.472
1.523
1.546
1.584
1.514
1.411
0.809
0.905
0.853
2.573
2.736
2.685
2.174
2.307
2.239
1.972
2.079
2.029
0.861
0.992
0.910
0.788
1.125
0.834
0.451
0.635
0.547
2.893
3.004
2.944
1.731
1.785
1.594
0.734
0.738
0.652
0.932
1.021
0.922
0.788
1.039
0.626
0.869
0.855
0.856
0.918
0.985
0.933
1.049
1.222
1.045
1.267
1.397
1.405
0.984
1.136
1.136
2.863
2.925
2.895
2.281
2.492
2.322
1.766
1.769
1.751
1.053
1.082
0.970
0.821
0.885
0.832
1.990
2.110
2.018
2.053
2.085
2.062
2.118
2.162
2.134
1.403
1.337
1.303
1.161
1.347
1.162
1.155
1.691
1.332
1.187
1.299
1.207
1.105
1.385
0.836
1.567
1.609
1.458
1.200
1.268
1.220
1.688
1.927
1.695
1.189
1.228
1.197
1.094
1.194
1.150
1.308
1.403
1.332
0.884
1.105
1.068
0.887
1.332
1.017
1.124
1.238
1.210
1.796
1.830
1.819
1.904
2.057
1.985
2.022
2.038
2.036
1.967
2.208
1.922
1.524
1.556
1.530
1.154
1.369
1.340
2.207
2.212
2.123
1.362
1.466
1.376
1.809
1.819
1.795
2.037
2.027
1.985
0.864
0.965
0.893
0.929
1.084
1.025
1.011
1.077
1.050
0.965
1.098
1.001
0.458
0.605
0.530
0.718
1.172
0.902
0.996
1.150
1.191
0.837
0.939
0.922
2.410
2.580
2.347
1.276
1.330
1.321
1.770
1.986
1.876
1.484
2.263
1.777
1.452
1.503
1.482
1.195
1.249
1.226
2.153
2.422
2.106
1.342
1.700
1.373
0.825
1.006
0.906
0.996
1.057
0.940
0.929
0.974
0.996
0.807
1.140
0.916
1.047
1.359
1.140
0.934
1.103
0.962
1.137
1.325
1.246
1.193
1.308
1.224
0.616
0.684
0.563
0.857
0.974
0.868
1.063
1.124
1.106
0.628
0.757
0.678
0.941
1.245
1.145
1.226
1.508
1.366
1.097
1.090
0.951
0.797
1.147
0.958
2.636
2.696
2.564
0.981
1.133
1.054
0.546
1.111
0.707
0.997
1.070
1.012
0.564
0.644
0.644
0.863
1.033
0.913
0.837
0.999
0.897
0.390
0.531
0.453
0.546
0.778
0.619
0.904
1.006
0.928
1.590
1.610
1.523
1.082
1.174
1.090
0.720
0.882
0.815
0.879
0.854
0.246
1.108
1.193
1.118
1.294
1.445
1.327
0.879
1.005
0.961
1.202
1.689
1.488
1.534
1.597
1.567
0.981
1.028
0.897
2.393
2.549
2.474
0.584
0.709
0.606
0.775
0.815
0.806
0.681
0.758
0.683
0.993
1.095
1.037
0.993
1.206
1.046
1.279
1.533
1.375
1.362
1.425
1.370
1.167
1.491
1.328
1.627
1.734
1.653
1.690
1.824
1.729
1.399
1.500
1.391
2.291
2.344
2.342
1.620
1.674
1.587
1.329
1.409
1.363
1.362
1.406
1.392
1.681
1.845
1.753
1.171
1.302
1.162
0.852
0.936
0.769
1.741
1.802
1.760
2.850
2.894
2.562
1.830
1.904
1.919
0.655
0.630
0.544
1.801
1.879
1.848
1.769
1.675
1.684
1.632
1.798
1.575
1.276
1.365
1.274
1.173
1.316
1.218
1.118
1.215
1.049
1.947
2.004
1.942
1.454
1.522
1.514
1.942
2.027
1.951
0.774
1.088
0.837
1.323
1.397
1.227
1.008
1.094
1.056
1.882
2.039
2.033
1.747
1.783
1.658
1.031
1.025
0.857
1.548
1.565
1.537
0.922
1.044
0.878
1.065
1.143
1.041
2.611
2.497
2.424
1.382
1.420
1.425
1.112
1.284
1.172
1.470
1.531
1.457
0.863
1.141
1.002
1.261
1.375
1.180
0.980
1.070
0.996
0.715
0.902
0.730
1.818
2.031
1.880
3.291
3.316
3.213
0.491
0.642
0.511
0.613
1.390
0.902
1.756
1.756
1.627
1.921
2.051
1.912
1.384
1.473
1.400
1.669
2.412
1.633
1.566
1.909
1.540
1.350
1.486
1.349
0.412
0.518
0.476
2.014
2.345
2.016
1.259
1.468
1.294
0.659
0.834
0.788
0.708
0.794
0.737
2.185
2.348
2.189
1.508
1.641
1.898
0.992
1.356
1.429
1.047
1.136
0.968
1.844
2.173
1.974
1.030
1.159
1.156
0.637
0.883
0.942
0.868
1.034
0.941
0.733
0.849
0.801
0.676
0.835
0.725
0.769
0.893
0.784
1.418
1.515
1.426
1.910
2.188
1.753
2.216
2.310
2.243
1.643
2.260
2.256
1.111
1.235
1.147
1.469
1.562
1.432
0.893
1.128
1.019
0.859
0.972
0.888
1.026
1.194
1.033
1.524
1.641
1.532
1.104
1.479
1.354
2.261
2.311
2.254
1.378
1.429
1.411
0.551
0.690
0.615
2.231
2.328
2.282
1.325
1.380
1.327
1.562
1.617
1.633
1.118
1.250
0.960
1.132
1.250
1.210
1.036
1.144
1.077
0.910
1.074
0.959
1.533
1.665
1.559
1.961
1.987
1.932
1.240
1.413
1.210
0.684
0.876
0.750
0.756
0.874
0.810
0.683
0.831
0.774
0.515
0.684
0.550
0.935
1.090
0.962
1.447
1.539
1.538
1.354
1.426
1.438
0.580
0.800
0.642
0.520
0.620
0.555
1.339
1.628
1.356
1.405
1.759
1.577
1.372
1.592
1.472
1.194
1.211
1.183
1.218
1.294
1.287
0.820
0.974
0.889
1.209
1.298
1.208
0.911
1.002
0.929
1.248
1.270
1.296
0.671
0.722
0.695
1.791
1.876
1.794
1.694
1.788
1.747
1.536
1.764
1.717
1.175
1.251
1.109
1.950
2.043
1.932
1.133
1.199
1.049
0.946
1.342
1.004
0.946
1.197
1.080
2.885
3.082
3.057
0.809
0.973
0.901
1.105
1.205
1.190
0.857
0.968
0.843
1.567
1.648
1.640
1.333
1.232
1.213
0.708
0.757
0.679
0.835
0.788
0.825
0.738
0.750
0.645
0.668
1.001
0.754
0.680
0.769
0.658
1.094
1.174
1.143
2.844
2.856
2.866
1.570
1.701
1.622
1.777
1.938
1.812
0.860
1.094
0.919
1.114
1.169
1.121
1.753
1.800
1.637
1.721
2.123
1.770
1.632
1.756
1.642
0.803
0.931
0.895
1.107
1.312
1.111
1.579
1.687
1.625
0.569
0.734
1.045
1.155
1.114
1.104
2.834
3.057
2.758
0.832
0.972
0.773
1.209
1.246
1.234
0.826
1.024
1.367
2.761
2.838
2.807
1.364
1.556
1.508
2.119
2.157
2.024
0.728
0.866
0.787
0.534
0.604
0.546
1.281
1.353
1.285
3.281
3.343
3.330
1.174
1.228
1.170
1.746
1.853
1.687
0.473
0.478
0.407
0.534
0.716
0.565
2.022
2.268
2.259
0.596
0.822
0.740
1.188
1.292
1.189
1.476
1.607
1.463
1.143
1.218
1.161
1.125
1.176
1.121
1.540
1.608
1.579
2.105
2.112
2.085
1.669
1.848
1.613
1.020
1.076
1.028
0.760
0.860
0.787
1.523
1.823
1.553
1.523
1.769
1.553
1.523
1.757
1.553
0.999
1.044
0.990
1.348
1.489
1.466
1.630
1.716
1.619
0.971
1.049
0.799
0.379
0.789
0.557
1.238
1.352
1.263
1.745
1.825
1.765
0.920
1.062
0.890
0.856
1.003
0.758
1.756
1.840
1.655
1.154
1.215
1.167
0.852
1.096
1.082
1.253
1.455
1.338
1.003
1.137
1.055
1.081
1.168
1.116
1.050
1.094
1.087
0.926
1.044
1.017
1.635
1.749
1.586
2.123
2.113
1.907
1.439
1.525
1.431
2.486
2.702
2.528
1.293
1.299
1.256
1.670
1.624
1.661
1.676
1.673
1.752
1.676
1.673
1.752
0.936
1.270
0.979
1.736
1.747
1.554
0.795
1.117
0.828
0.795
1.109
0.828
1.624
1.802
1.709
0.836
0.916
0.880
0.944
1.104
0.783
2.123
2.142
2.064
0.679
0.791
0.697
1.096
1.311
1.168
1.024
1.217
1.152
1.265
1.342
1.066
2.136
2.221
2.159
1.140
1.181
1.156
2.763
3.049
2.810
1.785
1.854
1.799
1.377
1.511
1.368
1.856
1.933
1.787
1.062
1.127
1.063
0.708
0.945
0.786
1.088
1.158
0.962
1.311
1.359
1.206
1.139
1.167
1.127
1.204
1.281
1.251
1.217
1.344
1.298
0.849
0.928
0.859
1.077
1.283
1.069
1.425
1.476
1.455
0.752
0.894
0.756
1.088
1.197
1.032
1.828
1.866
1.845
0.453
0.671
0.613
0.712
0.785
0.712
0.810
0.953
0.912
0.468
0.709
0.619
0.962
1.239
1.010
0.529
0.718
0.558
1.404
1.388
1.373
1.966
2.017
1.958
0.741
0.837
0.766
1.537
1.735
1.679
1.694
1.752
1.595
0.760
0.991
0.847
0.726
0.824
0.753
1.459
1.617
1.506
1.816
1.818
1.834
1.102
1.108
1.022
0.373
0.495
0.361
0.686
1.005
0.713
1.295
1.406
1.304
1.671
1.675
1.664
1.192
1.355
1.262
0.982
1.103
1.074
1.321
1.471
1.318
2.952
2.941
2.935
1.307
1.353
1.296
1.085
1.359
1.214
1.104
1.102
1.018
2.328
2.420
2.365
1.630
1.744
1.708
1.652
1.674
1.527
2.080
2.133
2.096
1.733
2.046
1.849
1.512
1.665
1.644
1.364
1.420
1.358
1.527
1.482
1.489
1.435
1.520
1.513
0.994
1.154
1.069
0.896
0.977
0.905
1.007
1.210
1.089
0.700
0.711
0.598
1.375
1.359
1.246
1.947
2.269
2.065
3.084
3.124
3.138
1.242
1.357
1.176
1.174
1.137
1.004
1.113
1.182
1.128
0.702
0.866
0.723
0.874
1.160
1.092
0.425
0.703
0.612
0.952
0.985
0.999
0.984
1.033
1.008
1.336
1.427
1.310
2.685
2.690
2.741
2.253
2.375
2.338
1.724
1.736
1.703
1.582
1.797
1.729
1.367
1.426
1.375
1.320
1.381
1.282
0.624
0.683
0.627
2.793
2.860
2.787
1.315
1.441
1.297
1.432
1.602
1.174
1.106
1.149
1.154
1.631
1.720
1.573
1.812
1.930
1.800
1.429
1.507
1.440
1.537
1.577
1.574
1.754
1.802
1.770
0.608
0.821
0.749
1.330
1.428
1.407
1.208
1.337
1.034
0.965
1.059
1.009
1.463
1.610
1.406
1.499
1.504
1.413
1.418
1.513
1.416
0.876
0.956
0.946
1.622
1.746
1.693
0.753
0.872
0.815
1.400
1.442
1.453
1.400
1.442
1.453
1.459
1.515
1.445
1.817
2.114
1.913
2.133
2.126
2.237
0.854
0.958
0.810
1.298
1.422
1.305
1.642
1.806
1.721
0.622
0.957
0.681
1.359
1.522
1.344
2.612
2.678
2.495
1.474
1.732
1.579
1.629
1.753
1.680
0.775
0.886
0.783
0.977
1.528
1.166
0.851
0.986
0.899
1.461
1.518
1.377
1.410
1.419
1.113
1.206
1.329
1.127
1.315
1.336
1.241
1.315
1.465
1.353
1.602
1.588
1.572
0.708
0.963
0.843
1.199
1.525
1.368
1.340
1.398
1.331
1.931
2.148
2.136
1.924
1.976
1.913
1.116
1.234
1.114
1.604
2.186
1.970
0.842
0.917
0.834
1.489
1.456
1.386
0.701
0.794
0.661
1.105
1.137
1.044
1.255
1.307
1.299
2.099
2.540
2.522
2.126
2.193
2.105
2.707
2.766
2.823
1.185
1.256
1.196
0.747
0.785
0.780
1.253
1.252
1.079
0.764
0.812
0.788
0.605
1.044
0.650
1.702
1.770
1.719
1.389
1.368
1.375
1.579
1.705
1.609
1.502
1.622
1.526
1.632
1.617
1.513
0.710
0.875
0.825
0.974
1.095
1.005
2.456
2.402
2.333
0.670
0.854
0.780
1.027
1.133
1.035
1.518
1.560
1.465
1.714
1.802
1.771
0.860
1.016
0.965
1.807
1.984
1.984
1.233
1.276
1.180
1.093
1.140
0.911
1.461
1.571
1.482
2.036
2.165
2.097
1.546
1.587
1.486
1.450
1.663
1.553
1.644
1.776
1.613
2.488
2.611
2.515
1.007
1.082
1.041
2.785
2.830
2.809
2.126
2.455
2.310
1.087
1.179
1.145
0.564
0.819
0.639
1.009
1.128
1.080
2.398
2.469
2.404
0.829
0.941
0.775
1.232
1.289
1.230
0.666
0.706
0.718
1.936
2.018
2.097
0.871
0.775
0.781
0.561
0.704
0.609
0.906
1.103
1.114
1.693
1.713
1.650
0.610
0.685
0.578
1.386
1.515
1.460
1.503
1.599
1.620
1.349
1.483
1.405
1.639
1.720
1.558
0.848
1.270
0.988
1.051
1.228
1.097
2.516
2.623
2.517
1.729
1.801
1.772
1.431
1.556
1.550
2.122
2.255
2.180
0.720
1.385
0.849
0.676
0.777
0.719
0.512
0.703
0.610
1.393
1.617
1.548
0.707
0.725
0.691
0.639
0.750
0.682
1.317
1.402
1.371
1.613
1.571
1.533
1.605
1.700
1.618
0.251
0.263
0.200
2.138
2.230
2.171
0.996
1.217
1.185
0.952
0.954
0.881
2.063
2.103
2.012
2.404
2.527
2.436
1.698
1.805
1.702
0.759
0.911
0.808
1.200
1.235
1.034
1.609
1.690
1.638
1.028
1.111
1.172
1.961
2.037
2.053
1.070
1.096
1.000
2.595
2.842
2.839
1.286
1.515
1.414
1.657
1.698
1.739
1.542
2.043
1.932
0.683
0.810
0.746
1.889
1.953
1.938
0.988
1.016
0.914
1.534
1.500
1.400
0.394
0.501
0.425
1.151
1.162
1.120
1.456
1.522
1.501
0.978
1.399
0.851
0.917
1.059
0.992
0.749
0.841
0.734
1.747
1.793
1.749
1.256
1.318
1.252
1.530
1.684
1.475
1.970
2.053
2.041
1.115
1.093
1.069
1.750
1.862
1.814
1.482
1.601
1.483
1.119
1.208
1.114
1.479
1.605
1.360
1.475
1.549
1.548
0.608
0.723
0.666
0.734
1.134
1.001
1.222
1.301
1.263
0.691
0.863
0.757
0.898
1.029
0.977
0.475
0.419
0.337
0.668
1.031
0.804
2.056
2.117
2.172
0.878
1.011
0.905
1.313
1.379
1.321
0.757
0.767
0.714
1.036
1.370
1.201
1.139
1.217
1.093
3.228
3.498
3.308
2.207
2.164
2.187
0.674
0.758
0.715
1.417
1.638
1.385
1.195
1.311
1.261
4.199
4.230
4.168
1.033
1.209
1.119
2.162
2.380
2.302
0.867
1.176
0.929
0.899
0.948
0.853
1.477
1.667
1.556
0.908
1.048
0.985
1.431
1.471
1.363
2.330
2.457
2.388
2.645
2.596
2.622
0.681
0.839
0.789
0.696
0.851
0.801
1.326
1.381
1.335
1.139
1.215
1.062
1.921
2.269
1.825
2.064
2.372
2.227
1.309
1.437
1.396
1.779
1.794
1.814
1.364
1.486
1.390
1.869
1.913
1.853
1.570
1.703
1.660
2.633
2.648
2.673
1.287
1.438
1.283
2.977
3.300
3.075
1.799
1.903
1.811
0.939
0.998
0.875
0.709
0.803
0.527
1.448
1.608
1.551
0.593
0.803
0.675
1.614
1.576
1.493
1.754
1.783
1.681
1.652
1.717
1.697
0.704
0.847
0.745
2.098
2.168
2.085
0.991
1.136
1.037
2.404
2.495
2.421
1.413
1.399
1.271
0.506
0.642
0.599
1.860
1.918
1.850
0.872
0.981
0.819
0.772
0.892
0.746
1.477
1.467
1.478
1.035
1.111
1.063
0.874
1.007
0.886
0.858
0.942
0.777
1.635
1.982
1.768
1.053
1.067
1.004
0.601
0.703
0.669
1.613
1.689
1.693
2.181
2.213
1.585
1.502
1.576
1.465
1.299
1.640
1.680
1.114
1.257
1.199
1.458
1.653
1.545
1.874
1.885
1.858
0.820
0.930
0.851
0.865
0.968
0.823
1.428
1.538
1.450
1.366
1.509
1.417
1.336
1.412
1.362
0.610
0.733
0.627
1.128
1.288
1.132
0.488
0.628
0.574
1.572
1.694
1.665
1.711
1.763
1.674
0.762
0.965
0.862
1.313
1.361
1.348
1.711
1.763
1.674
1.480
1.545
1.514
0.925
0.967
0.945
1.216
1.338
1.265
0.819
0.908
0.859
1.035
1.151
1.112
1.013
1.127
1.081
2.440
2.533
2.492
1.383
1.447
1.390
1.519
1.650
1.540
0.616
0.792
0.642
0.634
0.919
0.956
1.435
1.461
1.474
1.351
1.414
1.267
1.215
1.326
1.228
0.720
0.801
0.603
0.581
0.756
0.556
0.758
1.026
0.894
1.814
2.209
2.206
0.799
1.032
0.872
0.932
1.003
0.864
1.473
1.618
1.471
0.766
0.824
0.671
1.151
1.245
0.991
0.821
0.877
0.799
1.161
1.178
1.135
0.788
0.974
1.176
0.693
0.822
0.744
1.114
1.267
1.236
1.001
1.155
1.098
1.078
1.104
1.006
1.267
1.318
1.281
1.139
1.187
0.927
2.230
2.528
2.271
1.195
1.341
1.349
1.318
1.385
1.269
1.466
1.529
1.486
1.580
1.665
1.554
0.606
0.721
0.489
1.268
1.472
1.298
1.056
1.244
1.282
1.044
1.112
1.071
1.864
1.933
1.917
1.037
1.093
0.954
1.177
1.220
1.204
1.173
1.224
1.107
1.233
1.262
1.238
1.177
1.400
1.217
1.477
1.478
1.384
1.302
1.431
1.263
2.163
2.143
2.092
1.072
0.989
0.941
0.689
0.804
0.711
1.154
1.233
1.108
1.202
1.336
1.228
0.865
1.010
0.875
1.472
1.814
1.588
0.782
0.891
0.776
2.126
2.273
2.103
1.432
1.584
1.617
2.361
2.428
2.372
1.763
2.101
2.034
1.469
1.584
1.688
1.097
1.228
1.206
0.818
0.903
0.762
0.816
0.880
0.878
1.400
1.413
1.413
0.899
0.964
0.951
1.097
1.309
1.195
0.771
0.837
0.641
1.897
1.944
1.713
2.159
2.342
2.274
2.564
2.615
2.421
1.464
1.700
1.578
0.965
1.500
1.180
2.135
2.163
2.234
1.681
1.778
1.691
0.738
0.921
0.775
0.976
1.138
1.052
2.367
2.451
2.387
0.942
1.047
1.003
0.814
0.946
0.924
0.733
1.034
0.782
0.925
1.000
0.925
0.793
0.939
0.886
2.621
2.731
2.744
0.596
0.742
0.522
1.528
1.704
1.565
0.987
1.076
1.037
2.289
2.322
2.113
0.989
1.040
0.957
1.087
1.331
1.274
0.590
0.772
0.652
0.672
0.793
0.735
0.722
0.813
0.733
0.961
1.113
1.064
1.332
1.399
1.365
1.929
2.063
1.883
1.907
2.664
2.098
1.447
1.502
1.455
0.668
0.709
0.705
0.686
0.812
0.752
0.875
1.231
1.014
2.039
2.109
2.179
0.600
0.751
0.717
0.972
1.092
1.038
1.551
1.618
1.524
0.993
1.012
0.859
1.346
1.389
1.338
0.794
0.946
0.791
1.766
1.917
1.844
0.670
0.731
0.706
0.917
1.006
0.912
0.884
0.969
0.825
1.113
1.209
1.252
1.370
1.516
1.544
1.370
1.641
1.644
0.917
1.014
0.928
1.386
1.627
1.490
0.889
1.036
0.921
0.671
1.007
0.874
1.630
1.781
1.719
1.370
1.472
1.416
1.172
1.217
1.200
0.704
0.831
0.681
0.647
0.759
0.675
1.776
1.752
1.692
2.209
2.057
2.120
1.856
2.002
1.952
1.496
1.660
1.430
1.316
1.373
1.341
1.106
1.116
1.181
1.204
1.308
1.203
0.594
0.770
0.644
1.234
1.263
1.267
1.486
1.541
1.458
0.575
0.698
0.626
0.558
0.815
0.717
1.642
1.705
1.663
3.464
3.608
3.474
2.426
2.600
2.513
1.721
1.783
1.659
0.814
0.918
0.848
1.041
1.186
1.019
1.711
1.742
1.707
2.457
2.488
2.381
0.882
0.954
0.887
1.658
1.698
1.693
2.432
2.339
2.348
1.771
1.899
1.804
0.663
0.650
0.579
2.598
2.624
2.382
1.265
1.394
1.317
0.805
0.887
0.775
0.619
0.652
0.391
2.068
2.143
1.991
0.744
0.932
0.734
1.319
1.401
1.382
0.738
0.977
0.864
1.900
1.917
1.952
2.182
2.379
2.518
1.878
1.970
1.944
1.095
1.235
1.111
0.749
0.950
0.841
0.747
0.910
0.858
1.009
1.070
1.080
1.140
1.297
1.249
2.276
2.285
2.225
1.701
1.687
1.731
1.095
1.114
1.048
1.501
1.750
1.581
1.824
1.883
1.821
2.231
2.288
2.333
1.742
1.828
1.713
2.362
2.795
2.400
2.404
2.840
2.598
2.047
2.094
2.033
1.933
2.164
1.935
1.201
1.388
1.478
1.276
1.380
1.352
1.344
1.646
1.485
1.997
2.119
2.078
2.194
2.229
2.206
1.493
1.645
1.453
1.371
1.566
1.456
1.371
1.483
1.476
1.791
1.829
1.692
2.153
2.389
2.109
2.851
2.783
2.673
1.258
1.254
1.253
2.375
2.433
2.322
1.951
1.967
1.939
1.297
1.536
1.420
2.386
2.475
2.399
1.081
1.205
1.182
0.455
0.536
0.468
2.136
2.151
2.190
1.300
1.447
1.682
1.761
1.840
1.781
1.484
1.541
1.536
0.554
0.643
0.625
1.217
1.283
1.179
1.910
1.992
1.944
1.084
1.226
1.031
1.633
1.760
1.694
3.012
2.959
2.757
2.162
2.524
2.321
2.158
2.226
2.209
1.133
1.460
1.475
1.848
1.931
1.812
0.718
0.749
0.656
1.473
1.496
1.462
1.392
1.556
1.327
1.863
1.900
1.801
1.874
1.984
1.982
1.187
1.378
1.326
1.277
1.405
1.200
1.565
1.710
1.630
1.428
1.400
1.268
1.150
1.171
1.182
0.998
1.200
1.030
2.029
2.006
1.755
0.546
0.753
0.656
1.091
1.135
1.024
0.760
0.848
0.804
1.088
1.276
1.066
2.328
2.348
2.281
1.971
2.067
1.923
1.577
1.586
1.547
0.696
0.808
0.717
1.756
1.756
1.619
1.928
1.981
1.799
1.006
0.954
0.862
0.764
0.965
0.839
1.481
1.631
1.654
1.386
1.588
1.557
1.483
1.520
1.412
1.123
1.213
1.095
1.575
1.618
1.542
1.751
1.873
1.771
2.330
2.412
2.355
0.854
0.949
0.861
2.275
2.399
2.285
1.970
2.140
2.026
1.390
1.478
1.486
1.046
1.008
1.018
1.580
1.620
1.470
1.029
1.160
1.087
1.117
1.186
1.157
1.750
1.771
1.808
1.411
1.534
1.454
2.837
2.830
2.575
0.920
1.000
0.955
1.402
1.473
1.457
1.417
1.510
1.193
0.994
1.148
1.069
1.278
1.302
1.269
1.642
1.677
1.634
0.443
0.655
0.612
1.906
1.901
1.876
1.469
1.515
1.449
2.258
2.285
2.234
1.811
1.827
1.796
0.842
0.954
0.873
0.953
1.081
0.944
0.771
0.936
0.651
0.925
0.962
0.982
1.555
1.637
1.563
1.434
1.504
1.316
1.166
1.224
1.114
1.315
1.380
1.277
0.844
0.977
0.949
0.556
0.655
0.511
1.461
1.635
1.505
0.907
1.011
0.969
0.767
0.843
0.841
0.748
0.964
0.768
0.869
0.921
0.908
0.464
0.557
0.506
1.398
1.412
1.405
1.477
1.574
1.447
0.627
0.715
0.719
1.256
1.320
1.336
1.546
1.651
1.585
1.169
1.380
1.272
1.066
1.174
1.160
0.757
0.792
0.736
0.703
0.905
0.800
0.873
0.997
0.931
1.513
1.546
1.540
0.863
0.953
0.935
2.109
2.160
2.126
0.993
1.434
0.916
1.383
1.422
1.334
0.845
1.003
0.870
0.842
0.984
0.852
2.102
2.087
2.121
1.347
1.384
1.360
1.694
1.794
1.723
1.394
1.456
1.140
1.098
1.312
1.220
1.565
1.662
1.576
0.715
0.841
0.724
0.991
1.348
1.080
2.604
2.638
2.429
1.144
1.332
1.240
1.228
1.270
1.090
0.788
0.996
0.919
2.739
2.837
2.529
0.918
1.430
1.434
1.130
1.174
1.036
1.183
1.299
1.248
2.135
2.362
2.174
1.882
1.892
1.869
0.577
0.710
0.455
1.952
2.057
1.867
1.097
1.191
1.119
1.275
1.423
1.285
0.898
1.101
0.990
0.817
1.011
0.900
0.710
0.717
0.660
1.031
1.023
0.960
0.871
0.939
0.928
0.776
0.849
0.755
1.089
1.449
1.069
1.445
1.464
1.355
0.933
0.977
0.877
1.063
1.242
0.951
0.685
0.781
0.741
0.981
0.980
0.998
0.893
0.998
0.913
1.366
1.461
1.366
0.857
0.994
0.955
0.938
1.087
0.933
2.005
2.102
2.066
0.576
0.795
0.630
1.069
1.197
1.112
1.452
1.539
1.518
1.011
1.048
1.026
1.137
1.188
1.123
1.147
1.221
1.177
0.847
1.059
0.912
2.353
2.375
2.242
1.155
1.297
1.244
2.267
2.825
2.233
1.379
1.450
1.389
1.876
1.921
1.836
2.211
2.180
2.117
1.397
1.419
1.287
1.152
1.255
1.175
1.633
1.688
1.581
0.369
0.483
0.294
0.575
0.674
0.560
1.340
1.457
1.473
1.432
1.704
1.467
1.252
1.351
1.224
1.145
1.293
1.222
1.132
1.215
1.046
2.287
2.390
2.390
1.068
1.268
1.166
0.779
0.784
0.803
0.949
1.414
1.060
1.458
1.525
1.343
0.811
0.899
0.869
1.501
1.547
1.503
1.920
2.485
2.133
0.940
1.096
1.019
1.258
1.329
1.601
1.591
1.663
1.651
1.083
1.214
1.114
1.690
1.722
1.629
0.791
0.949
0.854
1.265
1.382
1.356
1.791
1.822
1.798
1.567
1.620
1.601
1.337
1.852
1.941
1.820
1.902
1.813
1.384
1.541
1.431
0.807
1.382
0.843
1.132
1.338
1.179
1.142
1.216
1.220
1.182
1.310
1.227
1.236
1.397
1.336
1.596
1.809
1.791
1.346
1.474
1.392
0.294
0.500
0.418
0.719
0.857
0.759
1.150
1.289
1.202
1.725
1.966
1.492
1.854
2.165
1.996
1.109
1.704
1.700
1.237
1.327
1.064
0.763
1.259
0.936
0.829
0.902
0.862
1.028
1.213
1.108
1.760
1.875
1.707
1.085
1.169
1.031
1.079
1.081
1.041
1.014
1.055
1.017
0.834
0.970
0.781
1.392
1.419
1.417
2.234
2.254
2.251
1.569
1.635
1.626
0.984
1.146
1.036
1.062
1.221
1.122
0.617
0.818
0.709
0.737
0.827
0.786
1.712
1.761
1.735
1.033
1.118
1.050
0.800
1.020
0.896
0.771
0.802
0.336
0.703
0.838
0.761
0.830
0.959
0.788
0.592
1.017
1.048
0.768
0.825
0.701
1.199
1.269
1.195
2.790
2.991
3.076
2.206
2.349
2.239
1.196
1.327
1.191
1.652
1.790
1.649
2.215
2.350
2.252
0.889
0.986
0.961
0.889
1.100
1.064
1.606
1.678
1.663
0.917
1.096
1.057
2.941
2.930
2.931
1.631
1.701
1.630
1.054
1.216
1.101
1.111
1.136
1.051
1.274
1.345
1.288
1.339
1.395
1.344
2.103
2.250
2.154
1.053
1.161
1.027
4.312
4.380
4.404
0.970
1.047
0.952
1.068
1.184
1.066
1.767
1.838
1.809
0.954
0.991
0.960
1.369
1.445
1.410
1.759
1.807
1.759
1.689
1.767
1.721
0.522
0.674
0.511
2.717
2.963
2.735
1.272
1.423
1.362
2.124
2.136
2.131
1.384
1.477
1.773
1.797
1.914
1.872
0.724
0.872
0.800
1.134
1.237
1.118
1.250
1.388
1.179
1.549
1.562
1.492
3.170
3.223
3.265
0.678
0.749
0.669
1.058
1.292
1.191
1.278
1.374
1.274
1.236
1.398
1.331
1.273
1.265
1.282
1.086
1.192
0.989
2.451
2.533
2.457
1.335
1.319
1.463
1.209
1.562
1.416
1.200
1.370
1.298
0.546
0.700
0.568
1.328
1.373
1.339
2.235
2.234
2.168
1.201
1.379
1.230
1.088
1.196
1.093
1.610
1.706
1.632
1.308
1.404
1.352
1.602
1.688
1.450
1.816
1.766
1.805
1.464
1.504
1.492
1.464
1.501
1.470
0.951
1.036
0.883
1.636
1.724
1.603
0.555
0.723
0.573
1.556
1.740
1.600
0.938
1.013
0.881
1.402
1.405
1.310
0.979
1.066
0.983
0.823
0.944
0.858
0.823
0.944
0.858
0.854
1.037
0.979
1.936
2.022
1.929
1.826
1.866
1.831
1.417
1.581
1.501
1.549
1.749
1.628
0.743
0.892
1.028
1.182
1.337
1.117
1.044
1.020
1.088
0.794
0.921
0.805
1.228
1.299
1.260
2.235
2.314
2.290
2.136
2.505
2.281
1.209
1.242
1.319
0.891
0.945
0.771
0.876
1.059
0.849
2.281
2.258
2.226
2.519
2.606
2.507
1.001
1.170
1.043
1.051
1.081
0.888
1.203
1.358
1.251
0.921
0.996
0.843
1.342
1.526
1.351
0.789
0.866
0.814
1.318
1.267
1.073
1.223
1.288
1.211
0.648
0.948
0.810
0.744
0.888
0.768
0.824
0.931
0.854
0.671
0.759
0.771
1.509
1.720
1.583
1.386
1.445
1.342
1.176
1.195
1.009
1.018
1.158
0.860
1.081
1.106
0.966
1.583
1.660
1.635
1.514
1.529
1.358
2.978
3.438
2.921
1.823
1.914
1.880
1.574
1.569
1.585
1.112
1.188
1.193
2.235
2.518
2.365
1.195
1.305
1.247
0.881
0.932
0.856
1.657
1.778
1.672
0.885
0.975
0.884
1.823
1.829
1.854
0.809
1.000
0.898
1.093
1.201
1.121
1.059
1.125
1.066
1.744
1.761
1.729
2.200
2.318
2.234
1.562
1.618
1.532
1.598
1.845
1.796
1.246
1.432
1.422
2.843
2.879
2.818
0.843
1.040
0.894
0.471
0.677
0.571
2.478
2.620
2.772
0.674
0.828
0.598
1.090
1.254
1.114
0.705
0.766
0.623
1.499
1.550
1.355
2.195
2.337
1.893
1.178
1.332
1.202
0.716
0.936
0.851
1.261
1.354
1.261
0.928
1.038
0.986
1.209
1.432
1.292
1.682
1.681
1.642
1.175
1.272
1.181
0.666
0.859
0.743
0.882
0.954
0.849
0.426
0.605
0.475
0.748
0.720
0.614
0.673
0.791
0.730
1.624
1.732
1.675
3.474
3.594
3.436
1.272
1.391
1.255
1.509
1.530
1.344
0.820
0.949
0.826
1.284
1.358
1.290
0.952
1.291
0.967
0.946
0.868
1.221
2.188
2.230
2.179
3.171
3.095
3.102
1.084
1.154
1.121
1.224
1.345
1.281
1.145
1.233
1.115
2.623
2.653
2.593
1.876
2.222
2.012
0.964
1.050
1.019
0.853
0.916
0.860
0.669
0.851
0.727
1.110
1.096
1.089
1.806
1.917
1.840
1.579
1.630
1.638
1.444
1.678
1.592
1.161
1.218
1.160
1.161
1.218
1.160
2.485
2.596
2.501
0.582
0.716
0.626
2.173
2.239
2.204
0.745
0.924
0.716
1.231
1.273
1.239
1.523
1.574
1.562
1.350
1.395
1.315
1.197
1.288
1.198
0.867
1.022
0.893
2.403
2.540
2.471
1.722
1.835
1.748
1.284
1.304
1.299
0.994
1.136
1.033
2.228
2.296
2.246
2.893
2.959
2.898
0.745
0.924
0.716
0.568
0.753
0.615
1.559
1.638
1.592
2.129
2.146
2.045
1.783
1.719
1.742
1.261
1.186
1.268
2.075
2.057
1.948
0.911
1.068
0.986
1.645
1.601
1.633
1.586
1.853
1.599
1.337
1.445
1.401
0.610
0.725
0.662
1.522
1.558
1.567
1.479
1.689
1.515
2.902
3.000
2.951
0.887
1.011
0.865
1.552
1.603
1.573
0.875
1.048
0.971
1.176
1.294
1.250
2.107
2.216
2.207
1.740
1.838
1.827
0.656
0.925
0.816
1.057
1.173
1.073
1.377
1.450
1.403
0.700
0.706
0.589
1.658
1.714
1.677
1.354
1.441
1.318
1.942
2.000
1.996
1.874
1.936
1.908
0.885
1.055
0.999
0.912
1.040
0.915
1.204
1.251
1.209
2.221
2.307
2.100
1.015
1.162
1.067
1.731
1.773
1.641
0.919
1.088
0.969
1.810
1.925
1.835
1.756
1.849
1.802
1.442
1.548
1.697
1.219
1.294
1.314
0.961
1.056
0.899
1.029
1.112
1.078
1.472
1.543
1.454
1.431
1.505
1.388
1.380
1.448
1.531
1.334
1.321
1.249
0.755
0.908
0.794
0.819
0.827
0.411
0.696
0.809
0.861
1.164
1.236
1.155
1.673
1.795
1.723
0.470
0.676
0.491
1.660
1.823
1.775
2.029
2.128
2.163
2.143
2.195
2.246
2.237
2.370
2.278
0.806
0.914
0.838
1.575
1.671
1.613
0.895
1.052
1.044
1.344
1.331
1.244
0.702
0.928
0.793
1.127
1.185
1.202
1.098
1.610
1.358
1.359
1.375
1.275
1.699
1.758
1.680
1.797
1.936
1.707
0.764
0.897
0.877
1.463
1.735
1.488
1.364
1.283
1.284
1.259
1.354
1.300
1.494
1.704
1.553
1.302
1.377
1.366
1.485
1.538
1.499
1.291
1.469
1.358
0.881
0.958
0.972
0.522
0.698
0.560
1.121
1.253
1.169
1.305
1.338
1.327
0.883
0.898
0.893
0.864
1.136
0.893
1.320
1.366
1.351
1.182
1.319
1.219
2.368
2.441
2.474
0.889
1.102
1.034
2.578
2.710
2.678
1.303
1.365
1.324
1.454
1.915
1.461
2.488
3.557
2.795
0.598
0.753
0.693
0.977
1.228
1.125
1.948
1.946
1.911
2.134
2.172
2.181
2.410
2.456
2.375
1.026
1.203
0.994
1.197
1.259
1.213
1.285
1.372
1.282
0.864
1.056
0.930
0.808
0.977
0.909
1.334
1.451
1.348
2.064
1.891
1.864
1.177
1.372
1.343
0.623
0.714
0.641
0.907
0.986
0.949
0.777
1.294
0.923
1.281
1.333
1.268
2.338
2.408
2.350
2.303
2.728
2.748
0.718
0.856
0.725
1.352
1.628
1.392
1.790
2.031
1.902
1.131
1.145
1.074
2.338
2.375
2.362
1.909
2.102
1.719
0.743
0.938
0.782
1.301
1.337
1.114
1.218
1.458
1.370
1.306
1.323
1.262
1.235
1.359
1.196
3.074
3.019
3.038
1.798
1.831
1.589
1.668
1.786
1.757
1.623
2.024
1.815
0.948
1.042
0.951
1.228
1.339
1.294
0.818
0.917
0.754
0.742
1.016
0.753
1.305
1.341
1.223
0.540
0.759
0.619
0.724
0.882
0.837
2.239
2.225
2.277
1.220
1.301
1.183
1.229
1.338
1.273
0.727
0.889
0.780
1.036
1.089
1.065
1.933
1.929
1.946
1.669
1.712
1.472
1.189
1.320
1.255
1.206
1.312
1.226
0.523
0.535
0.536
1.097
1.234
1.127
0.534
0.663
0.557
1.174
1.244
1.261
0.982
1.118
0.991
0.583
0.850
0.717
2.373
2.335
2.072
1.064
1.102
1.039
2.128
2.221
2.111
1.264
1.336
1.347
1.467
1.528
1.482
1.524
1.608
1.519
1.661
1.641
1.672
1.638
1.669
1.653
1.047
1.128
0.934
1.240
1.448
1.252
1.240
1.448
1.252
1.769
1.828
1.826
0.731
0.821
0.753
1.102
1.152
1.172
0.715
0.799
0.647
0.856
1.027
0.901
1.270
1.487
1.170
0.367
0.324
0.314
1.716
1.663
1.644
1.177
1.378
1.132
1.190
1.280
1.169
1.450
1.496
1.464
1.425
1.595
1.575
0.962
1.102
0.972
0.603
0.728
0.683
0.640
0.687
0.644
0.815
0.969
0.928
1.859
1.843
1.792
1.518
1.601
1.396
0.908
1.085
0.977
0.637
0.780
0.694
1.268
1.379
1.258
1.649
1.725
1.629
1.885
1.915
1.857
1.614
1.868
1.661
1.701
1.759
1.726
1.152
1.303
1.149
0.758
0.903
0.874
0.936
1.115
0.984
1.190
1.451
1.344
0.984
1.101
1.013
1.827
2.006
1.932
1.973
2.040
2.045
1.182
1.333
1.064
0.477
0.667
0.594
0.426
0.409
0.399
0.713
0.879
0.700
0.713
0.879
0.700
2.181
2.339
2.304
1.634
1.830
1.777
1.930
2.271
1.871
1.664
1.840
1.763
0.808
1.047
0.888
0.895
0.936
0.825
1.974
1.829
1.673
0.842
0.961
0.870
1.029
1.230
1.099
1.316
1.323
1.384
1.000
1.131
1.065
1.818
2.179
2.145
0.662
0.881
0.789
1.320
1.320
1.328
1.085
1.166
1.098
1.210
1.287
1.163
0.983
1.033
1.012
1.063
1.174
1.167
1.423
1.676
1.516
1.072
1.164
1.108
0.532
0.750
0.692
1.715
1.625
1.690
0.889
1.016
0.972
1.125
1.187
1.131
1.358
1.435
1.284
1.372
1.437
1.350
1.630
1.759
1.713
0.731
0.774
0.715
1.014
1.154
1.011
1.247
1.371
1.334
0.812
1.005
0.816
0.673
0.793
0.730
1.064
1.125
1.071
0.514
0.726
0.547
1.700
1.835
1.789
0.877
0.925
0.876
1.042
1.121
1.051
0.826
0.960
0.856
0.670
0.813
0.661
1.221
1.416
1.269
1.150
1.265
1.107
0.926
1.024
0.788
0.894
0.960
0.890
1.406
1.455
1.338
0.393
0.458
0.434
0.762
0.867
0.767
1.826
1.907
1.861
2.001
2.115
2.023
1.502
1.765
1.570
1.902
1.926
1.951
1.330
1.349
1.381
0.988
1.131
1.044
2.168
2.271
2.141
0.482
0.708
0.581
2.264
2.326
2.265
0.887
0.992
0.969
0.985
1.048
0.986
1.428
1.542
1.423
1.081
1.647
1.231
1.744
1.788
1.738
1.840
1.943
1.875
0.809
0.856
0.742
1.077
1.228
1.149
1.102
1.179
1.137
1.286
1.330
1.229
2.797
2.881
2.672
0.503
0.603
0.565
1.976
1.908
1.847
2.122
2.250
2.292
1.881
1.918
1.833
2.435
2.438
2.421
0.836
0.839
0.761
0.443
0.635
0.621
0.456
0.755
0.656
1.318
1.436
1.534
1.225
1.299
1.261
0.618
0.881
0.776
0.618
0.881
0.776
1.118
1.322
1.226
1.059
1.129
0.915
0.732
0.734
0.693
1.562
1.510
1.419
1.355
1.412
1.370
1.976
2.140
2.066
1.976
2.175
2.066
0.944
0.990
0.921
2.412
2.434
2.429
1.783
1.839
1.838
0.925
1.093
0.912
1.708
1.722
1.692
0.834
0.929
0.818
1.817
2.187
2.077
1.418
1.361
1.432
0.725
1.077
0.877
1.103
1.353
1.143
0.972
1.031
1.020
1.415
1.635
1.532
1.085
1.155
1.014
1.578
1.697
1.488
2.409
2.575
2.447
1.081
1.056
1.001
1.845
1.869
1.843
2.006
2.031
1.979
2.713
2.899
2.797
1.112
1.308
1.261
1.436
1.641
1.290
2.361
2.367
2.367
0.975
1.057
0.983
1.430
1.522
1.444
0.897
1.035
0.957
1.198
1.243
1.188
1.387
1.403
1.319
0.621
0.732
0.538
0.746
0.939
0.801
2.211
2.408
2.436
0.766
0.907
0.788
1.637
1.428
1.526
1.365
1.468
1.260
1.712
1.959
1.779
2.221
2.389
2.277
1.365
1.576
1.523
0.973
1.082
1.020
0.504
0.670
0.573
1.800
1.885
1.856
2.412
2.458
2.489
1.321
1.390
1.267
1.088
1.294
1.187
2.279
2.282
2.126
2.081
2.133
2.109
1.800
1.926
1.853
0.658
0.814
0.708
1.673
1.658
1.702
0.468
0.635
0.989
1.626
1.684
1.771
1.176
1.321
1.100
1.242
1.297
1.249
2.046
2.173
2.025
0.548
0.567
0.378
1.349
1.413
1.297
0.880
0.946
0.909
0.669
0.785
0.682
1.589
1.741
1.633
1.839
1.905
1.843
0.937
1.044
1.030
0.937
0.966
0.772
1.439
1.452
1.467
1.361
1.487
1.387
1.522
1.585
1.517
1.120
1.238
1.067
1.210
1.478
1.271
0.952
0.983
0.889
1.246
1.369
1.265
1.354
1.426
1.352
0.946
1.072
0.957
1.592
2.133
2.001
0.886
1.206
1.070
0.719
0.935
0.784
1.560
1.592
1.538
1.608
1.602
1.577
1.614
1.703
1.548
0.893
0.940
0.859
1.193
1.276
1.347
1.630
1.741
1.654
0.933
1.003
0.895
1.635
1.693
1.670
1.664
1.571
1.616
1.964
1.968
1.989
0.809
0.857
0.800
1.227
1.291
1.246
1.247
1.450
1.501
1.965
1.998
1.939
0.620
0.810
0.695
1.265
1.299
1.245
1.642
1.762
1.855
1.402
1.702
1.622
1.498
1.619
1.577
1.498
1.679
1.630
1.045
1.432
1.311
1.649
2.154
2.042
1.301
1.355
1.343
1.146
1.163
1.124
2.214
2.728
2.642
1.885
1.913
1.630
1.115
1.132
1.106
1.871
1.970
1.753
0.417
0.568
0.472
0.565
0.770
0.724
1.482
1.621
1.604
1.736
2.106
2.116
1.015
1.049
0.965
0.420
0.604
0.517
1.915
1.925
1.932
1.084
1.250
1.160
0.714
0.846
0.682
1.449
1.499
1.484
1.256
1.358
1.345
0.657
0.879
0.744
0.456
0.946
0.644
0.818
0.883
0.805
1.024
1.218
1.092
1.353
1.467
1.369
1.409
1.436
1.473
1.017
1.133
1.075
0.922
0.982
0.862
1.486
1.612
1.560
0.966
1.029
0.910
1.020
1.083
1.031
0.784
0.878
0.825
1.609
1.702
1.610
1.515
1.563
1.473
0.719
0.710
0.603
1.646
1.672
1.501
1.050
1.192
1.107
1.068
1.296
1.223
1.312
1.408
1.249
1.191
1.200
1.159
1.033
1.183
1.131
1.583
1.624
1.604
1.494
1.697
1.485
0.683
0.773
0.731
1.309
1.321
1.293
1.075
1.257
1.113
1.664
1.941
1.658
1.922
2.006
1.929
1.470
1.621
1.559
0.737
1.160
0.771
0.425
0.570
0.515
0.720
0.797
0.724
0.858
0.904
0.910
1.331
1.792
1.333
1.614
1.621
1.564
1.343
1.439
1.309
0.614
0.863
0.774
0.745
0.681
0.560
0.766
0.936
0.788
0.667
1.135
0.768
1.082
1.122
1.090
0.756
0.830
0.832
0.589
0.672
0.592
1.169
1.248
1.151
0.729
1.026
0.787
1.104
1.198
1.059
0.712
0.915
0.766
0.783
0.926
0.965
0.741
0.925
0.847
0.803
0.817
0.670
1.182
1.209
1.039
1.284
1.365
1.315
1.310
1.323
1.123
1.329
1.431
1.372
0.993
1.128
0.868
0.418
0.510
0.450
1.381
1.736
1.461
1.664
1.727
1.666
1.611
1.454
1.476
1.073
1.280
0.993
0.787
0.856
0.775
0.920
0.973
0.887
2.863
3.071
2.955
0.806
0.919
0.848
0.888
1.049
0.852
0.815
0.802
0.761
1.034
1.144
0.975
0.463
0.782
0.519
0.799
0.945
0.712
2.051
2.153
2.067
1.568
1.617
1.539
2.258
2.415
2.303
1.340
1.406
1.234
0.709
0.794
0.741
1.003
1.048
1.019
1.537
1.626
1.541
1.606
1.961
1.538
0.679
0.717
0.692
0.898
1.072
1.074
3.265
3.396
3.288
1.097
1.256
1.060
2.047
2.075
2.337
1.760
1.851
1.626
1.006
1.113
1.074
0.890
1.009
0.841
0.819
0.935
0.881
0.770
0.881
0.827
1.391
1.599
1.582
0.849
0.923
0.900
0.930
1.016
0.976
0.633
0.863
0.753
1.099
1.282
1.076
2.247
2.377
2.277
0.627
0.700
0.674
0.658
0.783
0.702
1.659
1.867
1.757
1.021
1.013
0.959
1.457
1.622
1.470
1.074
1.476
1.249
1.074
1.206
1.007
0.930
0.985
0.874
0.499
0.704
0.616
1.006
1.101
0.886
0.827
0.903
0.883
1.138
1.155
1.128
1.930
2.002
1.865
1.057
1.239
1.210
1.367
1.599
1.448
0.711
1.268
1.014
1.304
1.361
1.320
2.028
2.076
2.014
0.626
0.704
0.597
1.113
1.236
1.235
1.684
1.818
1.796
1.264
1.346
1.263
1.049
1.137
1.116
1.345
1.394
1.280
2.122
2.143
2.084
2.313
2.399
2.293
1.147
1.209
1.178
1.062
1.192
1.121
1.105
1.182
1.184
1.365
1.567
1.452
0.937
0.996
0.926
1.695
1.784
1.753
0.795
0.889
0.839
1.437
1.479
1.388
1.190
1.224
1.240
1.638
1.702
1.672
0.726
0.943
0.838
0.614
0.863
0.774
1.777
1.934
1.849
1.466
1.466
1.335
1.602
1.627
1.543
1.753
1.814
1.771
0.922
1.058
0.884
0.694
0.897
0.783
0.617
0.729
0.653
0.999
1.089
0.941
0.981
1.133
1.070
1.127
1.240
1.231
0.739
0.894
0.602
0.741
0.891
0.850
1.111
1.228
1.135
0.687
0.764
0.676
1.752
1.784
1.768
0.885
1.063
0.966
0.731
0.831
0.742
1.674
1.532
1.559
0.612
0.739
0.699
1.406
1.521
1.461
2.270
2.403
2.261
0.745
0.862
0.863
1.483
1.565
1.409
1.506
1.422
1.432
1.776
1.830
1.793
1.190
1.244
1.183
0.987
1.135
1.081
0.779
0.930
0.822
1.301
1.299
1.121
0.515
0.507
0.400
3.323
3.416
3.366
1.878
1.825
1.826
0.884
0.960
0.879
0.454
0.521
0.480
0.838
0.940
0.776
0.742
0.958
0.716
0.742
0.937
0.716
1.229
1.270
1.206
0.898
0.936
0.861
0.935
1.125
0.994
0.858
0.913
0.797
2.049
2.151
2.046
1.921
1.959
1.806
1.375
1.483
1.278
0.835
0.913
0.844
1.959
2.059
1.973
1.579
1.655
1.631
2.168
2.242
1.918
1.871
1.847
1.928
1.337
1.226
1.201
0.536
0.696
0.620
2.757
2.756
2.708
0.700
1.120
0.838
1.483
1.460
1.415
0.802
0.817
0.789
0.958
1.051
1.007
0.861
1.146
0.961
1.743
1.817
1.820
2.629
2.622
2.702
1.231
1.269
1.040
1.895
1.956
1.890
1.434
1.577
1.476
1.184
1.310
1.306
1.179
1.316
1.307
1.112
1.179
1.103
0.741
0.766
0.686
1.985
2.245
2.043
0.879
1.012
0.996
0.957
1.077
0.977
1.240
1.349
1.312
0.859
0.897
0.889
1.198
1.146
1.008
0.928
1.131
0.998
1.077
1.170
1.109
0.986
1.120
0.984
1.231
1.297
1.249
1.528
1.608
1.463
1.306
1.316
1.207
0.952
1.015
0.819
1.507
1.591
1.480
1.285
1.323
1.231
1.163
1.257
1.182
1.906
1.932
1.926
0.612
0.768
0.761
0.856
0.871
0.855
1.400
1.315
1.391
1.353
1.479
1.360
0.777
0.844
0.834
0.927
1.017
0.820
1.547
1.621
1.536
1.234
1.282
1.225
1.260
1.240
1.160
0.857
0.948
0.885
2.381
2.458
2.386
0.459
0.540
0.426
0.967
1.145
0.916
0.772
0.820
0.741
0.807
0.823
1.038
0.979
0.984
0.874
1.114
1.270
1.189
1.864
1.893
1.944
0.422
0.538
0.525
1.351
1.380
1.313
0.286
0.328
0.301
0.801
0.930
0.772
0.682
0.883
0.716
3.441
3.365
3.356
1.438
1.465
1.466
1.070
1.206
1.145
2.023
2.148
2.071
0.941
1.074
1.041
1.523
2.179
1.371
0.936
0.901
0.799
0.830
0.914
0.804
0.745
0.800
0.733
1.471
1.666
1.460
1.217
1.299
1.220
0.850
0.940
0.842
1.648
1.785
1.632
1.014
1.043
1.003
1.129
1.181
1.092
1.128
1.318
1.161
1.048
1.298
1.144
1.281
1.352
1.172
0.511
0.753
0.606
1.296
1.359
1.165
0.525
0.711
0.580
1.036
1.123
1.075
1.304
1.319
1.247
0.979
1.024
0.919
1.948
2.101
2.000
1.414
1.537
1.437
1.540
1.545
1.428
1.694
1.737
1.715
1.242
1.319
1.279
0.962
1.088
1.006
1.951
2.020
1.981
1.159
1.232
1.201
1.273
1.343
1.271
0.558
0.605
0.474
1.896
1.898
1.881
2.162
2.195
2.089
1.110
1.368
1.267
1.956
2.036
1.994
1.292
1.440
1.331
0.730
0.750
0.660
0.741
0.780
0.761
0.810
0.944
0.837
2.428
2.451
2.390
1.254
1.309
1.265
1.912
2.060
1.724
0.664
0.877
0.783
1.489
1.520
1.198
1.681
1.759
1.710
0.855
1.161
1.240
1.115
1.195
1.090
1.554
1.917
1.855
1.946
1.996
1.893
1.853
2.066
1.741
1.313
1.413
1.370
1.656
2.228
1.956
0.471
0.505
0.528
2.141
2.188
2.114
1.066
1.054
1.022
0.701
0.832
0.721
0.799
1.136
1.373
2.298
2.356
2.297
0.985
1.041
1.004
1.441
1.542
1.525
0.935
0.976
0.908
1.861
2.084
1.972
1.261
1.309
1.309
1.614
1.676
1.593
1.755
1.827
1.607
1.216
1.418
1.367
0.722
0.894
0.824
0.901
1.333
0.963
0.716
0.835
0.700
3.579
3.591
3.574
1.078
1.132
0.983
1.702
1.765
1.675
1.839
1.887
1.796
1.940
2.000
1.935
1.518
1.946
1.830
2.080
2.243
2.068
0.724
0.940
0.849
1.164
1.255
1.109
0.475
0.655
0.563
1.384
1.762
1.481
1.184
1.287
1.223
1.035
1.152
1.071
0.829
1.009
0.846
1.049
1.120
0.997
0.980
1.062
1.016
0.896
0.991
0.937
0.483
0.589
0.567
1.149
1.242
1.100
1.200
1.266
1.142
1.338
1.431
1.316
1.020
1.062
1.012
1.366
1.432
1.356
1.024
1.193
1.114
0.800
0.839
0.710
1.265
1.353
1.284
0.817
0.855
0.728
1.103
1.207
1.115
1.544
1.612
1.535
1.589
1.646
1.582
1.495
1.602
1.465
1.511
1.569
1.583
1.356
1.431
1.437
0.752
0.828
0.747
0.600
0.808
0.486
1.497
1.478
1.378
0.889
0.930
0.885
1.820
2.050
1.925
1.109
1.335
1.320
1.405
1.541
1.308
1.493
1.612
1.451
0.719
0.800
0.554
1.553
1.575
1.553
1.197
1.250
1.158
1.614
1.646
1.301
1.191
1.661
1.371
1.389
1.472
1.559
2.647
2.896
2.768
2.647
2.896
2.768
1.065
1.201
1.044
1.131
1.201
1.177
0.960
1.094
1.005
2.064
2.147
2.100
1.756
1.878
1.819
0.885
0.967
0.876
2.732
2.797
2.767
1.691
1.825
1.781
1.369
1.424
1.128
2.304
2.325
2.327
2.574
2.756
2.712
0.880
0.986
0.753
1.216
1.324
1.254
1.803
1.859
1.795
1.002
1.112
1.061
1.392
1.446
1.408
1.172
1.306
1.282
1.732
1.784
1.673
1.014
1.072
0.982
0.712
0.763
0.662
0.503
0.736
0.621
0.678
1.257
0.785
1.475
1.674
1.614
2.045
2.298
2.205
2.011
2.120
2.065
0.882
0.989
0.842
1.074
1.195
1.060
0.953
1.016
0.771
1.090
1.194
1.138
0.673
1.028
0.748
0.776
0.885
0.840
0.738
0.766
0.753
0.969
1.095
0.846
0.874
0.997
1.076
0.759
0.902
0.801
0.816
0.725
0.487
1.632
1.763
1.672
0.724
0.842
0.772
0.873
1.035
0.931
1.210
1.273
1.165
1.295
1.424
1.324
0.981
1.484
0.839
0.690
0.884
0.808
1.961
1.909
1.837
1.396
1.531
1.490
2.431
2.511
2.414
1.371
1.285
1.047
0.612
0.649
0.631
1.753
1.772
1.607
1.010
1.135
1.050
2.211
2.152
2.222
0.606
0.687
0.519
1.260
1.362
1.313
0.469
0.618
0.482
2.077
2.022
1.888
1.270
1.393
1.332
0.852
1.069
0.854
0.852
1.095
0.854
0.925
1.198
0.926
0.568
0.740
0.648
1.002
1.011
0.931
1.119
1.247
1.083
1.119
1.258
1.102
1.140
1.198
1.143
0.926
1.212
1.054
2.787
2.909
2.902
0.719
0.884
0.761
1.023
1.097
0.935
0.851
0.960
0.929
1.885
1.958
1.948
1.302
1.423
1.293
0.504
0.665
0.518
0.968
1.006
0.959
0.708
0.812
0.785
1.548
1.670
1.413
1.234
1.281
1.194
1.513
1.601
1.606
1.036
1.145
1.060
1.811
1.931
1.889
0.736
0.780
0.585
1.104
1.135
1.091
1.403
1.404
1.401
1.395
1.462
1.450
0.651
0.658
0.559
1.460
1.474
1.441
1.541
1.592
1.531
0.978
1.201
1.157
0.722
1.035
0.806
1.471
1.518
1.503
0.806
0.850
0.785
1.390
1.443
1.409
1.257
1.392
1.254
0.674
0.829
0.752
2.494
2.529
2.483
1.293
1.277
1.177
0.698
0.738
0.652
1.839
1.923
1.917
1.928
1.972
1.800
1.737
1.900
1.842
1.225
1.252
1.136
2.035
2.278
2.184
0.987
1.059
0.975
1.053
1.144
1.025
3.450
3.446
3.505
0.998
1.125
1.081
0.578
0.708
0.563
1.044
1.088
1.023
1.400
1.476
1.407
1.417
1.526
1.427
1.038
1.076
0.950
1.786
2.007
2.019
0.527
0.596
0.483
0.804
0.992
0.847
1.465
1.627
1.638
0.990
1.096
1.046
0.675
0.938
0.632
0.829
0.980
0.891
1.554
1.621
1.625
1.365
1.439
1.493
0.994
1.042
0.970
1.024
1.123
1.068
1.649
1.662
1.553
0.612
0.737
0.686
1.357
1.500
1.420
1.156
1.228
1.026
0.845
0.979
0.870
0.680
0.745
0.735
0.889
1.085
0.927
1.429
1.445
1.331
1.859
1.851
1.703
1.534
1.585
1.545
0.970
1.200
1.105
1.321
1.321
1.236
1.163
1.376
1.281
0.856
0.888
0.846
1.719
1.789
1.708
0.758
0.836
0.776
2.054
2.185
2.008
2.251
2.336
2.289
0.883
1.018
0.833
0.694
0.778
0.571
1.834
1.912
1.901
0.615
0.852
0.591
1.505
1.655
1.633
1.418
1.465
1.450
0.606
0.737
0.677
1.055
1.244
1.084
0.642
0.869
0.826
0.717
0.735
0.582
1.697
1.728
1.689
2.076
2.139
1.939
1.826
1.799
1.834
0.580
0.719
0.583
0.666
0.777
0.653
1.101
1.443
1.221
2.237
2.330
2.260
0.947
1.124
1.023
2.201
2.348
1.642
1.389
1.541
1.471
0.612
0.773
0.711
0.905
1.138
0.969
1.486
1.670
1.509
1.476
1.569
1.428
0.902
0.942
0.568
2.027
2.078
2.036
1.893
2.035
2.002
1.210
1.375
1.347
1.531
1.659
1.619
0.972
1.034
0.976
0.512
0.698
0.652
0.954
1.312
1.017
1.682
1.795
1.703
1.375
1.519
1.342
1.438
1.910
1.610
1.018
1.159
1.141
1.094
1.167
1.074
0.846
0.918
0.876
1.240
1.490
1.099
1.020
1.209
1.143
0.694
0.763
0.740
1.001
1.057
0.975
0.809
1.415
1.277
0.785
0.917
0.881
0.625
0.689
0.398
1.187
1.256
1.140
1.321
1.349
1.454
1.773
1.717
1.757
1.490
1.525
1.497
0.897
0.866
0.737
1.491
1.444
1.479
0.753
0.854
0.825
1.930
1.959
1.904
1.342
1.580
1.512
0.470
0.623
0.545
0.988
1.122
1.031
0.994
1.063
1.046
2.173
2.175
2.059
0.572
0.905
0.626
1.056
1.323
1.201
3.093
3.156
3.143
0.967
1.334
1.045
1.714
1.783
1.657
0.919
0.805
0.858
0.725
0.849
0.725
0.981
1.161
0.972
0.960
1.319
0.993
1.379
1.567
1.368
1.970
1.996
2.003
1.576
1.777
1.325
3.048
3.064
3.017
0.940
1.125
1.126
1.846
1.813
1.737
1.206
1.384
1.310
1.081
1.101
1.070
1.457
1.567
1.462
0.985
1.187
0.845
1.087
1.194
1.208
1.419
1.440
1.258
1.061
1.116
1.119
0.994
1.167
1.156
1.300
1.413
1.348
1.318
1.502
1.443
1.169
1.198
1.149
1.604
1.723
1.655
1.091
1.206
1.094
1.526
1.536
1.632
1.602
1.607
1.485
0.607
0.750
0.661
2.226
2.260
1.946
0.605
0.716
0.664
1.513
1.583
1.508
0.929
1.127
0.990
1.108
1.209
1.530
0.622
0.845
0.719
0.669
0.815
0.834
0.938
1.305
1.111
0.418
0.510
0.446
1.053
1.119
1.094
0.364
0.518
0.461
0.999
1.480
1.294
0.612
0.814
0.612
1.012
1.076
1.000
1.013
1.063
1.009
1.247
1.442
1.083
0.813
0.963
0.837
1.725
1.768
1.718
0.743
0.982
0.893
1.027
1.224
1.222
1.164
1.488
1.329
2.158
2.176
2.072
0.771
0.945
0.864
1.108
1.226
1.110
1.880
2.033
1.798
0.848
1.203
0.970
1.175
1.198
1.196
0.586
0.856
0.669
1.188
1.165
0.939
0.870
0.896
0.880
1.540
1.549
1.424
1.019
1.080
1.021
1.262
1.290
1.237
1.125
1.172
1.146
0.989
0.930
0.829
0.737
0.864
0.731
1.004
1.119
1.063
0.959
0.963
0.958
0.988
1.079
0.957
0.723
0.753
0.745
0.732
0.840
0.712
0.912
0.949
0.864
0.432
0.528
0.478
1.306
1.314
1.236
0.813
0.971
0.653
0.871
0.995
0.892
1.628
1.638
1.485
1.178
1.257
1.204
0.761
0.939
0.799
0.853
0.844
0.772
0.879
1.040
0.954
1.594
1.713
1.649
1.298
1.424
1.320
1.698
1.887
1.656
0.577
0.849
0.801
1.363
1.477
1.309
0.579
0.778
0.595
1.151
1.264
1.499
0.766
0.826
0.671
0.475
0.598
0.517
1.258
1.431
1.219
1.241
1.360
1.254
1.603
1.792
2.022
1.726
1.913
2.154
1.603
1.792
2.022
1.726
1.913
2.154
1.726
1.913
2.154
1.603
1.792
2.022
1.501
1.680
1.882
0.872
0.839
0.825
0.823
0.914
0.832
0.568
0.780
0.599
1.080
1.098
1.077
1.591
1.635
1.561
3.287
3.263
2.991
1.074
1.221
1.023
1.253
1.377
1.293
1.604
1.646
1.746
1.926
1.895
1.900
1.118
1.181
1.042
0.869
0.964
0.873
2.010
2.111
2.047
1.324
1.464
1.313
0.694
0.786
0.724
2.586
2.547
2.462
1.780
1.764
1.727
0.518
0.724
0.480
0.749
0.960
0.857
1.073
1.221
1.136
0.957
0.979
0.803
0.819
0.840
0.625
0.614
0.719
0.647
1.087
1.307
1.175
1.348
1.629
1.467
1.067
1.188
1.119
0.671
0.959
0.706
1.609
1.630
1.602
1.792
1.871
1.722
1.426
1.431
1.119
1.802
1.910
1.753
1.034
1.096
1.025
0.700
0.767
0.747
0.881
0.918
0.864
0.985
0.988
0.996
1.375
1.437
1.283
1.507
1.634
1.553
0.832
1.704
1.064
2.049
2.185
2.384
0.540
0.640
0.572
0.913
0.975
0.931
0.512
0.652
0.572
0.749
0.860
0.562
0.825
0.895
0.815
0.674
0.757
0.633
0.636
0.759
0.603
1.346
1.435
1.381
1.041
1.162
1.056
1.453
1.441
1.431
1.086
1.190
1.078
1.114
1.162
1.033
2.416
2.419
2.338
1.333
1.381
1.280
1.565
1.678
1.548
1.298
1.357
1.263
0.717
0.862
0.700
1.296
1.322
1.302
2.131
2.176
2.007
0.755
0.824
0.810
0.970
0.994
0.946
0.805
0.890
0.821
0.738
0.803
0.718
1.034
1.021
0.975
1.433
1.637
1.667
1.310
1.407
1.295
0.880
1.014
0.872
0.773
0.796
0.778
2.292
2.384
2.372
3.128
3.207
3.160
0.520
0.648
0.470
1.701
1.758
1.611
1.701
1.845
1.724
0.714
0.747
0.643
1.004
1.077
1.016
1.085
1.145
1.176
2.003
2.036
1.902
1.040
1.169
1.082
0.840
1.174
0.914
1.240
1.338
1.260
1.062
1.186
1.007
0.821
0.983
0.895
0.725
0.800
0.719
1.699
1.775
1.748
0.794
0.841
0.826
1.076
1.099
1.337
0.669
0.982
0.732
1.146
1.217
1.232
1.511
1.653
1.546
1.074
1.152
1.131
1.514
1.596
1.566
3.576
3.664
3.475
1.328
1.353
1.356
0.545
0.692
0.629
1.224
1.301
1.229
1.648
1.710
1.693
2.660
2.518
2.529
1.265
1.331
1.282
0.809
0.889
0.840
1.380
1.399
1.405
1.150
1.328
1.148
1.132
1.557
1.243
2.374
2.510
2.372
2.144
2.142
2.076
2.077
2.130
2.117
0.735
0.719
0.711
1.331
1.406
1.308
0.859
1.020
1.041
1.564
1.632
1.464
1.121
1.152
1.058
0.575
0.644
0.477
1.109
1.153
1.054
0.735
0.805
0.743
1.073
1.198
1.100
0.951
1.004
1.097
1.064
1.126
1.095
4.151
4.162
4.066
1.088
1.293
1.117
1.673
1.866
1.701
1.189
1.229
1.198
2.200
2.075
2.029
1.566
1.637
1.584
1.037
1.071
0.932
1.717
1.831
1.757
1.871
1.964
1.865
1.447
1.580
1.397
1.691
1.793
1.783
1.434
1.568
1.465
1.297
1.315
1.275
1.297
1.330
1.291
0.879
1.057
0.955
1.521
1.596
1.508
1.425
1.596
1.525
0.714
0.831
0.757
1.778
1.863
1.712
1.605
1.665
1.598
0.602
0.723
0.629
0.835
1.018
0.985
0.797
0.968
0.883
0.677
0.896
0.747
1.429
1.562
1.447
1.151
1.240
1.179
1.164
1.222
0.636
1.107
1.306
1.215
1.362
1.465
1.280
0.591
0.708
0.680
0.285
0.529
0.388
0.804
0.799
0.807
0.656
0.774
0.630
0.982
1.073
1.030
1.632
1.697
1.623
1.866
1.936
1.877
0.688
0.879
0.638
1.488
1.903
1.639
0.948
1.208
0.961
1.197
1.278
1.177
1.298
1.469
1.385
1.315
1.301
1.030
1.245
1.354
1.216
0.559
1.120
0.712
0.872
0.903
0.821
1.746
1.853
1.796
0.880
0.925
0.905
0.745
0.857
0.659
1.754
1.831
1.809
1.718
1.938
1.882
1.626
1.814
1.972
1.467
1.730
1.568
3.070
3.086
3.041
0.857
1.066
0.963
1.227
1.632
1.308
0.782
0.879
0.780
1.408
1.627
1.644
0.872
0.911
0.856
1.237
1.226
1.103
0.609
0.706
0.632
1.028
1.301
1.092
0.821
0.862
0.800
0.578
0.681
0.564
0.712
0.755
0.752
0.466
0.609
0.629
0.409
0.510
0.454
0.787
1.041
0.724
1.794
1.836
1.732
1.512
1.579
1.539
0.989
1.241
0.945
1.096
1.175
1.123
1.524
1.534
1.515
0.722
0.816
0.585
0.979
1.159
0.953
2.004
2.209
2.088
1.230
1.251
1.118
1.377
1.586
1.438
1.920
2.092
1.958
0.773
0.940
0.847
1.131
1.263
1.201
1.020
1.176
1.051
0.716
0.817
0.675
1.031
1.164
1.074
1.341
1.413
1.349
1.306
1.366
1.228
1.080
1.325
1.107
0.620
0.721
0.606
1.815
2.263
1.829
1.675
1.692
1.634
0.610
0.618
0.441
2.016
2.027
2.057
1.828
1.856
1.822
1.435
1.497
1.448
1.501
1.590
1.424
1.508
1.479
1.393
0.859
0.870
0.835
2.283
2.412
2.224
1.148
1.136
0.976
1.235
1.300
1.120
0.472
0.619
0.503
1.175
1.305
1.234
0.761
1.234
0.775
0.584
0.740
0.673
0.708
0.999
0.721
0.708
1.022
0.813
1.750
1.739
1.774
0.693
0.864
0.761
0.823
0.914
0.859
0.669
0.957
0.653
0.818
0.994
0.893
1.778
1.819
1.761
1.184
1.299
1.219
1.514
1.817
1.636
1.531
1.633
1.557
2.089
2.182
2.059
1.100
1.202
1.114
1.723
1.774
1.727
1.321
1.380
1.337
1.435
1.495
1.374
1.292
1.314
1.201
0.541
0.635
0.567
0.717
0.955
0.757
0.701
0.936
0.878
0.935
1.006
0.908
0.851
0.962
0.803
1.148
1.366
1.260
0.941
1.427
1.102
0.802
1.123
1.326
1.419
1.526
1.414
1.351
1.426
1.440
1.136
1.185
1.099
2.001
2.078
2.042
1.825
1.956
1.958
1.398
1.438
1.440
1.281
1.301
1.243
0.961
1.042
0.965
1.175
1.523
1.126
0.607
0.770
0.675
1.491
1.606
1.578
1.619
1.998
1.698
1.192
1.274
1.217
0.534
0.805
0.690
1.739
1.795
1.755
1.137
1.176
1.134
0.998
1.074
0.975
0.542
0.614
0.421
1.140
1.146
1.289
1.548
1.641
1.618
0.657
1.060
0.542
0.820
1.605
0.526
0.645
0.718
0.613
0.834
1.214
0.719
1.200
1.395
1.130
2.409
2.467
2.401
0.718
0.825
0.719
2.497
2.570
2.516
1.538
1.543
1.473
1.123
1.221
1.130
1.925
2.089
1.977
0.824
0.949
0.904
0.633
0.695
0.640
0.778
0.889
0.852
1.084
1.119
0.853
1.258
1.553
1.351
1.310
1.592
1.421
1.583
1.639
1.618
0.654
0.983
1.108
1.561
1.656
1.565
0.802
0.889
0.840
2.676
2.719
2.686
1.302
1.346
1.270
1.803
1.892
1.797
1.093
1.133
1.106
0.462
0.669
0.617
0.462
0.669
0.617
0.462
0.669
0.617
0.806
0.942
0.775
0.646
0.754
0.636
0.879
1.003
0.861
1.478
1.504
1.443
0.698
0.810
0.743
0.655
0.817
0.736
0.802
0.913
0.786
0.913
1.079
0.944
0.913
1.239
1.121
1.380
1.335
1.177
0.759
1.246
0.834
1.216
1.768
1.313
1.011
1.064
1.204
0.854
0.974
0.909
0.862
0.979
0.893
0.641
0.748
0.630
1.448
1.490
1.449
1.077
1.331
1.256
1.126
1.313
1.204
3.166
3.282
2.966
0.909
1.016
0.972
1.064
1.203
1.089
1.342
1.326
1.112
0.860
0.947
0.643
1.547
1.728
1.602
0.621
0.781
0.703
0.917
0.979
0.926
0.896
1.076
0.897
1.239
1.276
1.277
1.402
1.877
1.435
1.653
1.701
1.632
0.876
0.945
0.893
1.319
2.068
1.210
1.132
1.125
1.113
0.602
0.633
0.459
1.457
1.637
1.437
1.287
1.301
1.227
0.848
0.908
0.863
0.621
0.832
0.638
3.453
3.374
3.489
1.405
1.450
1.304
1.247
1.248
1.249
0.372
0.510
0.379
1.333
1.417
1.244
1.290
1.476
1.306
1.236
1.351
1.187
1.655
2.011
1.760
0.714
0.891
0.709
0.673
0.698
0.640
1.138
1.211
1.149
0.738
0.836
0.653
1.555
1.698
1.645
0.818
0.891
0.810
1.116
1.143
1.004
1.019
1.151
1.139
1.214
1.431
1.321
0.864
1.167
0.869
0.631
0.691
0.625
1.419
1.657
1.396
0.965
1.008
0.956
1.252
1.303
1.473
1.076
1.125
1.084
0.456
0.685
0.459
2.014
2.032
1.990
0.818
0.958
0.892
0.749
0.873
0.778
1.505
1.629
1.535
2.182
2.294
2.147
1.542
1.544
1.402
1.321
1.352
1.382
0.710
0.734
0.721
1.680
1.768
1.775
0.724
0.804
0.743
2.138
2.192
2.215
1.550
1.778
1.640
3.270
3.203
3.166
2.684
2.780
2.815
0.548
0.751
0.509
1.098
1.080
0.985
1.051
0.956
0.695
1.328
1.378
1.293
0.875
1.020
0.904
1.596
1.703
1.578
1.281
1.392
1.299
0.759
0.820
0.654
1.382
1.408
1.158
1.871
1.881
1.832
0.989
1.174
1.036
2.369
2.432
2.398
1.346
1.438
1.385
1.289
1.393
1.264
0.660
0.755
0.695
0.663
0.727
0.572
0.996
0.999
1.040
0.773
0.984
0.866
0.953
1.131
1.017
1.683
1.876
1.774
0.637
0.734
0.554
1.061
1.107
1.041
0.843
0.988
0.950
0.696
0.793
0.730
0.691
1.075
0.571
0.763
0.872
0.695
0.490
0.607
0.533
0.907
0.999
0.949
1.468
1.526
1.481
1.685
1.646
1.656
2.325
2.398
2.060
2.300
2.572
2.449
1.766
1.997
1.738
1.766
1.900
1.756
1.061
1.303
1.164
1.153
1.292
1.120
0.535
0.593
0.485
1.637
1.607
1.519
1.201
1.355
1.249
0.706
0.894
0.810
0.654
0.707
0.639
1.006
1.059
0.980
1.153
1.266
1.191
0.726
0.783
0.620
1.120
1.103
1.069
0.897
1.000
0.937
0.946
1.269
1.174
0.933
1.019
0.975
0.960
1.067
0.984
1.223
1.420
1.458
0.727
0.826
0.729
1.270
1.243
1.071
1.153
1.271
1.125
0.915
0.990
0.959
0.696
0.753
0.667
1.788
1.979
1.810
1.267
1.333
1.276
0.700
0.750
0.680
0.880
1.056
1.101
1.481
1.793
1.586
1.134
1.242
1.166
1.151
1.215
1.138
0.618
0.959
0.759
1.708
1.833
1.786
0.662
0.706
0.631
0.662
0.706
0.713
1.282
1.416
1.362
0.709
0.918
0.757
2.369
2.695
2.460
0.760
0.929
0.704
0.779
0.917
0.819
1.093
1.129
1.069
0.962
0.951
0.959
1.370
1.421
1.391
1.197
1.305
1.123
1.215
1.462
1.177
0.832
0.943
0.906
1.614
1.662
1.483
1.007
1.140
0.966
1.437
1.614
1.358
1.187
1.169
1.000
1.515
1.571
1.537
1.546
1.542
1.515
2.291
2.333
2.095
0.824
0.935
0.865
1.639
1.760
1.743
0.906
1.048
0.975
0.676
0.784
0.610
0.710
0.841
0.714
1.088
1.094
1.028
1.386
1.500
1.462
0.674
0.833
0.682
0.847
0.955
0.751
1.254
1.361
1.404
1.361
1.516
1.282
1.646
1.843
1.750
0.743
1.218
0.954
0.645
0.802
0.720
0.538
0.613
0.300
0.760
0.857
0.782
1.716
1.807
1.622
1.189
1.222
1.081
0.690
0.868
0.769
1.075
1.166
1.089
0.585
0.718
0.655
1.340
1.389
1.343
1.127
1.224
0.862
0.645
0.802
0.720
1.466
1.493
1.441
1.179
1.300
1.179
0.634
0.789
0.707
0.700
0.839
0.730
0.808
0.897
0.844
0.634
0.789
0.707
1.158
1.231
1.149
0.392
0.537
0.481
0.835
0.892
1.142
2.087
2.163
2.184
1.129
1.268
1.213
1.240
1.260
1.172
0.634
0.789
0.707
1.519
1.582
1.324
0.904
0.949
0.837
0.634
0.789
0.707
0.648
0.741
0.656
0.821
0.960
0.849
1.100
1.146
1.134
0.786
0.825
0.835
0.604
0.878
0.727
1.546
1.629
1.350
0.722
0.869
0.619
0.722
0.876
0.671
0.722
0.883
0.671
1.297
1.473
1.404
0.801
1.027
0.865
0.459
0.653
0.523
0.733
0.859
0.787
0.645
0.802
0.720
0.711
0.834
0.781
1.388
1.431
1.340
0.748
0.864
0.725
0.666
0.788
0.712
0.508
1.068
0.683
1.242
1.354
1.189
1.599
1.492
1.501
0.872
0.911
0.888
1.069
1.163
1.095
1.193
1.305
1.185
0.731
0.874
0.792
2.167
2.598
2.373
0.765
0.877
0.798
0.934
1.087
1.027
0.634
0.789
0.707
0.800
1.020
0.812
0.594
0.750
0.492
0.936
0.926
0.871
0.934
0.991
0.759
1.590
1.630
1.590
1.620
1.631
1.588
1.245
1.266
1.244
0.692
0.831
0.715
1.500
1.615
1.538
0.761
0.853
0.720
1.064
1.251
1.153
1.204
1.319
1.129
0.746
1.229
0.818
1.404
1.504
1.409
0.929
1.066
0.913
0.890
1.004
0.833
0.727
0.825
0.798
0.717
0.815
0.718
0.729
0.727
0.692
1.696
1.760
1.641
0.743
0.814
0.765
1.681
1.742
1.670
2.066
2.355
2.192
3.421
3.421
3.310
0.718
0.821
0.749
0.721
0.854
0.803
0.998
1.084
0.882
1.624
1.801
1.666
2.943
3.047
3.008
0.675
0.805
0.544
0.393
0.553
0.489
0.648
0.893
0.712
0.729
0.768
0.690
0.896
0.959
0.912
0.809
1.010
0.874
1.230
1.532
1.280
1.791
1.957
1.874
1.452
1.557
1.432
0.678
0.829
0.742
0.630
0.844
0.655
1.921
2.018
1.944
0.851
0.974
0.896
1.329
1.396
1.298
1.098
1.196
1.151
1.800
1.862
1.747
1.511
1.375
1.744
1.967
2.024
1.986
0.765
0.743
0.557
0.589
0.867
0.701
0.941
1.154
1.023
1.333
1.359
1.333
1.124
1.214
1.144
2.123
2.080
1.970
1.679
1.756
1.718
1.770
1.781
1.785
1.252
1.364
1.279
0.963
1.009
0.965
0.903
1.097
0.991
0.597
0.694
0.678
1.205
1.307
1.256
0.992
1.111
1.137
0.905
1.078
0.979
0.816
1.155
0.968
1.457
1.504
1.512
1.364
1.526
1.493
1.446
1.463
1.398
1.366
1.374
1.365
1.769
1.857
1.808
1.140
1.376
1.341
1.527
1.594
1.574
0.620
0.772
0.631
1.216
1.278
1.213
0.593
0.888
0.813
0.862
0.880
0.904
1.135
1.237
1.221
0.437
0.558
0.536
0.802
0.936
0.895
0.767
0.861
0.773
2.013
2.010
2.032
1.350
1.550
1.461
0.779
0.874
0.776
1.644
1.699
1.629
0.971
1.093
1.047
1.959
2.096
2.033
1.866
1.979
1.896
1.611
1.793
1.643
1.921
2.033
1.937
0.757
1.458
0.977
2.476
2.609
2.560
2.356
2.449
2.339
1.419
1.534
1.407
1.100
1.208
1.141
1.292
1.387
1.343
0.734
0.838
0.798
1.114
1.148
1.125
1.592
1.700
1.699
2.260
2.360
2.286
1.835
1.878
1.854
0.932
1.070
0.981
1.696
1.794
1.784
0.604
0.800
0.702
1.228
1.245
1.218
1.396
1.410
1.389
0.963
1.161
1.080
0.993
1.154
1.051
0.832
0.993
0.935
1.360
1.346
1.160
2.109
2.124
2.115
2.001
1.998
2.041
2.188
2.231
2.242
0.683
0.827
0.758
0.759
0.870
0.792
1.242
1.251
1.207
0.733
0.824
0.749
1.732
1.828
1.829
0.919
1.242
1.269
0.462
0.655
0.600
0.682
0.723
0.614
2.011
2.082
1.966
0.760
0.943
0.802
1.471
1.493
1.431
0.772
0.937
0.738
1.312
1.366
1.358
0.666
0.854
0.769
1.021
1.104
1.016
1.399
1.409
1.177
2.519
2.613
2.586
1.443
1.415
1.224
1.033
1.094
1.007
0.725
0.843
0.792
2.427
2.414
2.191
1.534
1.518
1.862
2.527
2.558
2.449
0.801
0.907
0.777
1.742
1.762
1.550
1.716
1.822
1.681
1.295
1.392
1.332
0.840
0.962
0.903
1.484
1.730
1.778
1.134
1.277
1.269
1.239
1.283
1.056
1.308
1.346
1.498
0.886
0.907
0.935
0.697
0.753
0.739
0.747
0.873
0.814
0.747
0.873
0.814
0.747
0.873
0.814
1.688
1.753
1.653
0.527
0.693
0.497
1.163
1.332
1.258
0.589
0.624
0.615
1.190
1.383
1.239
0.924
1.205
1.179
0.701
0.790
0.705
1.669
1.741
1.483
1.190
1.383
1.226
0.726
0.826
0.769
0.828
1.130
0.985
1.500
1.998
1.747
0.988
1.084
1.029
1.541
1.486
1.607
1.484
1.605
1.251
1.852
2.109
1.837
1.080
1.178
1.124
1.618
1.630
1.529
1.691
1.801
1.821
2.487
3.514
2.445
1.468
1.568
1.510
0.818
0.916
0.803
1.068
1.099
0.934
0.996
1.248
1.193
0.884
0.991
0.987
1.222
1.209
1.092
1.095
1.189
0.989
1.823
2.055
2.089
2.446
2.588
2.490
1.248
1.358
1.134
0.575
0.760
0.665
0.926
1.039
0.958
0.505
0.770
0.639
1.466
1.738
1.616
1.292
1.229
1.207
1.769
1.769
1.703
1.675
1.919
1.778
0.538
0.672
0.612
1.907
1.928
1.765
0.835
0.860
0.760
0.733
0.873
0.644
1.273
1.369
1.286
1.523
1.537
1.322
0.639
0.717
0.609
0.546
0.615
0.522
0.562
0.602
0.522
0.522
0.667
0.580
0.658
0.784
0.703
0.726
0.846
0.796
2.172
2.561
2.268
0.884
0.850
0.830
0.713
0.849
0.751
1.031
1.074
0.967
0.705
0.777
0.594
1.545
1.660
1.599
0.888
0.967
0.923
0.810
0.822
0.821
0.813
0.960
0.851
1.084
1.181
1.061
1.114
1.344
1.115
1.013
1.152
1.124
0.449
0.569
0.493
0.877
0.861
0.835
2.223
2.197
2.228
1.135
1.242
1.158
0.809
0.959
0.845
0.428
0.690
0.572
0.428
0.690
0.572
0.428
0.690
0.572
0.960
1.023
0.972
1.161
1.251
1.072
0.800
0.835
0.619
0.879
0.996
1.005
0.592
0.660
0.587
1.448
1.585
1.478
1.498
1.580
1.525
0.844
0.975
0.785
0.834
0.965
0.916
1.417
1.609
1.502
1.537
1.908
1.754
0.906
0.983
0.915
0.617
0.751
0.506
0.702
0.718
0.662
1.482
1.538
1.522
1.250
1.308
1.300
1.250
1.472
1.300
1.213
1.352
1.280
1.203
1.379
1.176
0.568
0.767
0.748
1.541
1.618
1.506
0.614
0.709
0.649
1.202
1.247
1.174
0.939
0.981
0.947
1.206
1.332
1.271
1.037
1.076
0.894
0.219
0.432
0.373
0.676
0.941
0.825
0.859
1.055
1.094
0.835
0.880
0.763
0.587
0.599
0.456
1.519
1.489
1.474
1.911
2.080
1.980
0.755
0.801
0.762
0.885
0.927
0.827
1.234
1.322
1.229
0.853
0.828
0.888
1.122
1.200
1.057
1.663
1.773
1.723
1.296
1.448
1.265
1.976
2.039
1.912
1.019
1.149
1.084
0.532
0.716
0.583
0.502
0.649
0.573
1.432
1.491
1.454
1.134
1.197
1.185
0.704
0.843
0.777
0.704
0.843
0.777
1.712
1.765
1.753
0.648
0.835
0.633
1.475
1.533
1.463
1.266
1.385
1.218
0.685
0.778
0.669
1.185
1.251
1.171
0.946
1.045
0.899
0.755
0.980
0.801
1.914
1.989
1.855
1.577
1.636
1.594
1.387
1.488
1.397
2.360
2.390
2.336
0.866
1.035
0.914
0.862
0.920
0.853
0.980
1.130
1.022
1.324
1.516
1.404
0.916
0.932
0.858
0.818
0.832
0.863
1.498
1.607
1.454
0.920
1.134
0.980
1.151
1.272
1.183
0.759
0.895
0.801
1.435
1.405
1.157
1.102
1.176
1.176
0.536
0.618
0.524
0.871
0.920
0.840
0.600
0.707
0.642
1.572
1.626
1.601
0.972
1.072
0.990
0.838
0.993
0.850
1.311
1.487
1.389
1.117
1.579
1.187
1.262
1.446
1.389
0.841
0.990
0.879
0.776
0.890
0.822
1.078
1.043
0.889
0.894
1.058
0.927
1.051
1.136
1.068
0.855
0.920
0.858
1.285
1.444
1.325
0.641
1.113
0.904
1.760
1.889
1.849
0.738
0.806
0.707
1.518
1.624
1.378
0.660
0.681
0.656
1.054
1.079
0.951
2.434
2.493
2.469
2.418
2.650
2.514
0.686
0.810
0.752
1.136
1.240
1.137
0.786
0.864
0.735
0.913
1.117
0.978
1.691
2.042
1.730
1.680
1.731
1.666
1.992
2.062
2.031
0.837
0.961
0.844
1.507
1.482
1.302
0.782
0.898
0.828
1.980
2.150
1.995
1.283
1.394
1.115
1.134
1.230
1.149
0.452
0.609
0.523
0.611
0.606
0.490
1.228
1.345
1.281
0.670
0.878
0.698
2.038
2.212
2.157
1.176
1.262
1.170
1.038
1.176
1.141
0.718
0.888
0.807
0.782
0.898
0.828
1.266
1.323
1.245
0.374
0.732
0.513
0.795
0.901
0.648
0.770
0.828
0.752
1.100
1.202
1.140
0.753
0.882
0.775
0.887
1.048
0.928
0.588
0.598
0.608
0.776
0.890
0.822
0.644
0.727
0.633
0.952
0.968
0.906
0.714
0.736
0.640
1.037
1.069
1.039
0.504
0.634
0.523
1.034
1.141
1.060
0.684
0.848
0.781
2.968
3.309
3.083
2.968
3.309
3.083
2.968
3.309
3.083
0.809
0.900
0.804
0.782
0.898
0.828
1.627
1.690
1.611
1.149
1.220
1.179
0.699
0.686
0.570
0.853
0.961
0.859
1.264
1.388
1.244
1.032
1.133
1.009
0.797
0.857
0.851
1.378
1.437
1.367
0.534
0.688
0.567
2.037
2.085
1.902
0.908
0.774
0.819
0.782
0.898
0.828
0.511
0.655
0.591
0.909
1.002
0.942
0.513
0.595
0.469
1.988
2.047
1.968
0.652
0.974
0.803
0.886
1.116
1.005
1.660
1.882
1.629
0.521
0.636
0.561
0.537
0.906
0.671
1.575
1.712
1.648
1.159
1.207
1.073
1.621
1.713
1.613
1.201
1.291
1.221
1.558
1.620
1.571
1.023
1.140
1.084
1.245
1.621
1.319
1.790
1.880
1.826
1.189
1.343
1.236
1.756
1.838
1.836
0.961
1.045
1.016
1.268
1.294
1.306
1.343
1.316
1.312
0.401
0.610
0.453
1.078
1.266
1.117
1.546
1.498
1.547
1.756
1.829
1.787
2.154
2.328
2.222
1.144
1.183
1.056
2.708
2.546
2.402
0.990
0.993
0.735
1.886
1.922
1.847
1.205
1.366
1.274
0.938
1.011
0.989
1.311
1.527
1.331
1.253
1.436
1.346
2.299
2.354
2.307
1.755
1.810
1.736
1.127
1.277
1.249
1.808
1.789
1.773
0.766
1.022
0.787
1.265
1.342
1.209
1.164
1.354
1.289
1.614
1.561
1.564
2.608
2.701
2.664
2.300
2.286
2.287
0.708
0.794
0.684
1.208
1.371
1.306
1.567
1.624
1.616
0.942
1.074
0.888
1.277
1.756
1.415
1.284
1.451
1.333
1.401
1.422
1.330
0.792
0.852
0.822
1.085
1.046
1.142
1.205
1.368
1.273
1.472
1.480
1.424
0.729
0.891
0.758
0.729
0.891
0.758
1.009
1.080
1.026
1.164
1.190
1.120
0.731
0.836
0.647
2.085
2.229
2.066
1.552
1.462
1.454
0.746
0.862
0.657
0.449
0.660
0.530
0.528
0.561
0.540
0.915
1.009
0.947
2.594
2.700
2.112
1.467
1.345
1.018
0.534
0.648
0.510
1.648
1.699
1.737
0.968
1.060
1.003
0.715
0.828
0.719
0.534
0.721
0.501
1.359
1.453
1.306
1.080
1.109
1.041
1.831
2.046
1.892
1.239
1.065
0.929
1.947
1.956
1.940
1.499
1.582
1.522
1.109
1.175
0.966
1.637
2.011
1.775
0.668
0.737
0.626
2.383
2.536
2.369
1.890
1.924
1.926
0.736
0.837
0.772
1.032
1.115
1.016
1.184
1.283
1.181
1.252
1.486
1.128
1.407
1.472
1.329
2.341
2.382
2.373
0.693
0.863
0.781
1.072
1.256
1.173
0.979
1.178
0.976
0.679
0.675
0.824
1.400
1.521
1.453
0.603
0.684
0.600
1.163
1.260
1.133
0.941
1.021
0.886
2.153
2.287
2.202
1.656
1.930
1.697
0.772
0.888
0.801
0.532
0.651
0.527
1.018
1.067
1.041
2.282
2.209
1.931
0.831
0.893
0.750
1.101
1.154
1.104
0.622
0.682
0.993
0.692
0.863
0.788
1.420
1.585
1.432
0.786
0.880
0.821
2.653
2.727
2.703
2.955
2.972
2.911
1.110
1.428
1.237
1.018
1.140
1.074
1.583
1.588
1.567
1.283
1.464
1.318
1.692
1.849
1.785
1.140
1.176
1.112
0.889
1.089
1.006
1.011
1.132
1.045
0.529
0.683
0.565
0.390
0.464
0.387
1.084
1.160
1.148
0.958
1.116
1.016
0.576
0.683
0.597
1.688
1.834
1.775
1.264
1.656
1.499
1.052
1.171
1.105
0.570
0.923
0.786
1.545
1.826
1.694
1.645
1.673
1.426
0.856
0.879
0.833
1.212
1.378
1.174
1.102
1.166
1.190
1.140
1.247
1.169
0.739
0.799
0.570
2.096
2.136
2.078
0.565
0.802
0.556
0.565
0.686
0.556
1.441
1.516
1.297
0.478
0.602
0.539
1.123
1.160
1.084
0.981
1.178
1.072
0.566
0.643
0.580
0.676
0.785
0.699
0.685
0.809
0.728
0.684
0.670
0.653
1.365
1.423
1.311
0.991
1.049
0.881
0.754
0.902
0.786
0.655
0.777
0.688
1.594
1.681
1.530
2.647
2.661
2.606
1.249
1.312
1.258
0.813
0.853
0.841
0.882
0.945
0.931
0.658
0.860
0.718
1.406
1.422
1.382
1.270
1.269
1.269
1.399
1.399
1.302
0.600
0.789
0.636
0.558
0.723
0.626
0.535
0.639
0.557
1.330
1.426
1.334
1.501
1.601
1.509
0.616
0.658
0.598
0.977
0.999
0.997
0.782
0.898
0.828
0.782
0.898
0.828
1.258
1.327
1.271
1.083
1.445
1.311
1.042
1.162
1.101
0.680
0.750
0.675
1.042
1.524
1.051
0.732
0.967
0.867
0.461
0.546
0.540
1.064
1.162
1.137
2.355
2.334
2.373
0.736
0.889
0.817
2.347
2.370
2.239
1.063
1.366
1.065
0.968
1.023
0.793
1.741
1.858
1.777
1.595
1.703
1.614
0.967
1.045
0.977
0.694
0.857
0.704
1.428
1.465
1.375
0.708
0.802
0.801
0.782
0.875
0.777
2.109
2.196
2.139
1.537
1.557
1.521
1.417
1.482
1.427
1.026
0.990
0.979
1.264
1.398
1.285
0.620
0.749
0.714
1.057
1.114
1.051
1.104
1.213
1.112
1.482
1.583
1.571
1.337
1.447
1.177
0.883
1.077
0.877
1.163
1.273
1.207
2.286
2.351
2.245
0.596
0.613
0.564
0.596
0.700
0.636
0.887
0.955
0.949
0.575
0.684
0.563
0.709
0.836
0.735
1.556
1.682
1.600
0.674
0.717
0.652
1.096
1.321
1.203
0.600
0.749
0.658
1.724
1.870
1.719
0.899
1.022
0.929
0.692
0.832
0.780
0.566
0.824
0.659
2.444
2.557
2.469
1.608
1.671
1.619
1.393
1.408
1.323
1.196
1.272
1.175
0.862
0.942
0.747
0.661
0.848
0.741
0.783
0.896
0.823
1.676
1.743
1.722
1.097
1.157
1.061
0.870
1.015
0.942
1.065
1.163
1.177
1.067
1.352
1.117
0.873
0.930
0.840
0.957
0.990
0.898
1.168
1.258
1.176
0.536
0.577
0.615
1.504
1.582
1.516
1.253
1.250
1.271
0.939
1.001
0.964
1.137
1.290
1.219
1.501
1.635
1.586
1.170
1.252
1.201
1.274
1.359
1.306
0.519
0.639
0.435
0.711
0.570
0.651
0.754
0.778
0.768
0.815
0.890
0.861
0.762
0.838
0.766
0.762
0.847
0.774
1.303
1.323
1.281
0.903
1.033
0.924
1.096
1.339
1.169
0.963
1.083
1.032
0.814
0.918
0.838
0.428
0.619
0.483
0.735
0.783
0.782
0.652
0.772
0.697
0.567
0.690
0.581
0.698
0.757
0.725
1.127
1.582
1.507
1.139
1.330
1.242
2.684
2.753
2.609
0.806
0.937
0.863
0.595
0.783
0.713
0.839
1.029
0.921
1.024
1.086
1.078
2.040
2.100
1.946
0.741
0.800
0.763
1.207
1.343
1.224
2.546
2.569
2.516
1.080
1.202
1.194
0.920
1.036
0.983
0.648
0.645
0.564
0.838
1.022
0.902
1.538
1.754
1.652
1.908
2.117
1.994
1.949
2.097
1.963
0.908
0.981
0.909
0.981
1.097
1.042
0.808
0.938
0.734
1.001
1.599
1.055
0.670
0.769
0.694
0.644
0.845
0.679
0.534
0.584
0.430
1.076
1.323
1.191
0.917
1.077
0.969
0.499
0.690
0.544
1.167
1.302
1.175
1.320
1.369
1.304
0.581
0.959
0.512
0.787
0.860
0.843
0.815
0.828
0.783
0.912
1.018
0.886
0.881
0.931
0.923
0.501
0.590
0.503
0.555
0.640
0.556
1.132
1.607
1.198
1.047
1.069
1.047
0.553
0.678
0.574
1.792
1.853
1.630
1.331
1.638
1.404
2.488
2.472
2.383
0.758
0.801
0.586
0.621
0.735
0.721
0.767
0.854
0.836
0.940
1.389
1.151
0.985
1.039
0.899
1.493
1.600
1.500
0.712
0.907
0.766
0.993
1.212
1.261
0.767
0.866
0.809
1.195
1.319
1.182
0.677
0.735
0.693
1.372
1.506
1.380
0.735
0.879
0.869
1.020
1.093
0.976
0.964
0.935
0.870
0.570
0.849
0.784
1.117
1.180
1.113
0.921
1.177
0.846
1.907
1.943
1.909
0.890
0.988
0.958
1.627
1.685
1.499
1.359
1.379
1.179
1.409
1.463
1.347
0.735
0.849
0.752
1.690
1.714
1.656
0.926
1.126
1.200
0.615
0.590
0.586
1.642
1.726
1.617
1.777
1.849
1.766
0.875
1.267
1.258
1.884
1.888
1.851
0.612
0.700
0.607
0.571
0.631
0.546
0.374
0.497
0.420
0.566
0.642
0.587
1.125
1.289
1.082
0.891
0.985
0.961
1.352
1.671
1.099
0.916
0.972
0.955
0.832
0.879
0.828
1.062
1.109
1.069
1.269
1.357
1.218
1.232
1.361
1.402
0.802
0.874
0.874
0.490
0.609
0.534
0.631
0.762
0.673
0.788
0.954
0.720
0.910
0.989
0.916
0.490
0.609
0.534
0.431
0.577
0.495
0.490
0.609
0.534
1.687
1.711
1.660
1.156
1.229
1.137
1.477
1.532
1.467
1.149
1.300
1.240
0.641
0.719
0.664
1.115
1.218
1.141
1.063
1.122
1.003
0.477
0.558
0.455
1.496
1.570
1.493
2.460
2.655
2.577
0.829
1.039
0.917
0.478
0.730
0.560
1.521
1.536
1.500
1.120
1.266
1.163
0.892
1.168
0.930
0.753
0.848
0.810
0.710
0.794
0.764
0.910
1.157
1.001
1.366
1.320
1.349
1.147
1.326
1.076
0.906
1.029
0.943
0.359
0.499
0.454
1.370
1.527
1.458
0.771
0.818
0.784
0.494
0.650
0.560
0.961
1.019
0.948
0.557
0.735
0.607
0.954
0.997
0.889
0.790
1.001
0.841
1.546
1.597
1.456
1.783
1.827
1.805
2.097
2.274
2.122
0.808
0.931
0.723
0.878
1.080
1.038
0.509
0.634
0.587
0.928
0.929
0.827
1.448
1.619
1.481
1.649
1.655
1.643
1.295
1.360
1.330
1.295
1.360
1.330
1.170
1.258
1.249
1.568
1.595
1.374
1.793
1.884
1.807
1.440
1.462
1.347
1.175
1.295
1.212
1.198
1.515
1.370
1.033
1.076
1.070
0.753
0.951
0.734
2.356
2.679
2.466
1.187
1.278
1.213
0.362
0.431
0.411
2.689
2.718
2.608
1.103
1.318
1.189
1.056
1.468
1.216
0.676
1.094
0.952
2.025
2.102
2.009
1.586
1.621
1.560
0.710
0.920
0.832
1.070
1.087
0.825
1.736
1.783
1.648
1.365
1.585
1.461
1.568
1.683
1.664
1.120
1.162
0.999
0.918
1.013
0.981
0.944
1.055
0.990
1.865
1.933
1.920
1.028
1.143
1.083
0.808
0.994
0.895
0.715
0.852
0.729
1.283
1.378
1.295
1.054
1.111
0.894
1.638
1.722
1.640
1.264
1.299
1.162
1.330
1.442
1.370
1.845
1.932
1.872
0.817
0.849
0.795
0.968
1.045
0.966
1.277
1.342
1.004
1.269
1.413
1.323
0.474
0.546
0.415
1.480
1.602
1.413
1.495
1.430
1.410
1.596
1.615
1.405
1.510
1.585
1.477
1.877
1.927
1.913
1.511
1.651
1.556
0.942
1.114
1.099
1.389
1.483
1.396
1.626
1.730
1.658
0.556
0.739
0.578
0.628
0.755
0.627
1.874
2.152
2.148
1.449
1.539
1.422
0.760
0.804
0.721
0.894
1.038
0.958
3.433
3.536
3.135
3.003
3.281
3.114
1.369
1.429
1.303
1.551
1.607
1.624
0.587
0.835
0.773
0.794
0.962
0.844
0.568
0.743
0.606
0.963
1.138
1.047
1.008
1.172
1.127
0.828
1.195
0.785
0.828
1.090
0.824
0.683
1.016
0.842
1.613
1.569
1.538
1.324
1.550
1.431
0.591
0.593
0.183
0.709
0.898
0.723
1.102
1.148
1.032
1.450
1.533
1.511
2.020
2.168
2.088
1.876
1.979
1.916
1.567
1.626
1.592
1.055
1.156
1.064
1.290
1.452
1.330
0.682
0.853
0.769
1.376
1.294
0.997
1.839
1.866
1.883
1.228
1.283
1.141
1.217
1.347
1.269
0.755
1.019
0.808
0.531
0.557
0.602
0.982
1.129
1.071
0.855
0.708
0.620
1.047
1.036
0.948
1.307
1.253
1.241
1.270
1.452
1.231
0.626
0.686
0.625
1.251
1.318
1.030
0.662
0.717
0.693
1.321
1.431
1.307
0.708
0.891
0.716
0.695
0.716
0.659
1.340
1.390
1.313
1.659
1.752
1.649
0.926
1.055
0.929
0.892
1.089
0.979
0.853
1.431
0.974
2.050
2.163
2.132
1.517
1.641
1.541
0.871
0.893
0.592
1.811
1.899
1.871
1.133
1.222
1.207
1.103
1.187
1.252
1.800
1.838
1.815
1.559
1.816
1.631
0.828
0.940
0.796
0.828
0.940
0.796
0.797
0.940
0.910
0.717
1.079
0.974
0.746
1.196
0.858
1.613
1.764
1.702
0.482
0.585
0.824
0.538
0.762
0.673
1.639
1.678
1.552
0.664
0.873
0.758
0.901
1.041
1.007
0.909
0.867
0.837
0.506
0.611
0.544
0.537
0.646
0.614
0.856
1.013
0.918
0.485
0.780
0.570
0.843
0.922
0.852
1.120
1.245
1.101
0.887
1.037
0.809
0.894
0.951
0.925
1.526
1.598
1.549
1.302
1.447
1.359
0.866
0.914
0.864
0.609
0.665
0.612
1.168
1.175
1.096
0.972
1.300
0.984
0.864
0.948
1.017
1.105
1.245
1.073
1.105
1.282
1.238
1.554
1.667
1.648
1.153
1.270
1.164
1.145
1.231
1.217
1.211
1.584
1.411
2.385
2.443
2.395
0.947
1.112
1.029
0.881
1.080
0.888
1.279
1.379
1.253
0.589
0.779
0.655
0.983
1.116
1.053
0.484
0.605
0.526
0.870
0.922
0.793
1.368
1.390
1.343
0.699
0.818
0.681
0.710
0.858
0.684
0.595
0.667
0.553
1.708
1.831
1.715
0.825
0.917
0.811
1.045
1.175
1.023
1.474
1.527
1.602
0.665
0.747
0.694
2.397
2.504
2.398
1.006
1.124
0.958
1.351
1.467
1.403
0.824
0.967
0.872
0.952
1.021
0.964
1.429
1.446
1.388
1.425
1.856
1.718
1.200
1.261
1.198
0.843
1.080
0.911
1.053
1.106
1.024
0.860
1.050
0.888
2.068
2.131
2.105
1.576
1.719
1.566
0.799
1.082
0.875
1.061
1.155
1.117
0.747
0.722
0.713
0.677
0.745
0.695
0.681
0.729
0.638
0.775
0.967
0.942
1.523
1.513
1.468
0.501
0.646
0.439
1.446
1.502
1.411
1.088
1.283
1.458
0.875
0.976
0.890
1.121
1.196
1.102
1.296
1.487
1.347
0.792
0.876
0.804
1.433
1.476
1.434
1.375
1.402
1.340
1.361
1.513
1.496
1.131
1.216
1.178
1.036
1.146
1.092
0.484
0.605
0.526
0.982
1.024
0.994
1.578
1.792
1.585
1.161
1.201
1.196
1.519
1.483
1.477
1.095
1.183
1.042
1.304
1.459
1.353
1.396
1.440
1.401
0.840
0.944
0.888
0.838
1.065
0.995
0.828
0.905
0.791
0.943
0.893
0.891
0.775
0.869
0.783
0.867
1.080
0.859
0.770
0.987
0.834
1.671
1.933
2.050
0.749
0.824
0.756
0.667
0.704
0.582
1.094
2.336
1.620
0.953
1.056
0.867
2.758
2.784
2.715
0.532
0.639
0.559
0.632
0.645
0.520
0.624
0.725
0.616
0.699
0.784
0.694
0.469
0.634
0.527
1.542
1.577
1.643
0.261
0.429
0.366
1.157
1.292
1.218
0.673
0.842
0.739
0.928
1.064
0.939
0.499
0.617
0.544
1.628
1.639
1.563
1.085
1.164
1.182
1.106
1.489
1.223
1.093
1.097
1.010
0.986
1.177
1.045
1.213
1.306
1.219
1.632
1.719
1.656
0.550
0.667
0.554
1.857
1.944
1.685
1.753
1.836
1.939
0.854
0.966
0.787
0.570
0.882
0.725
0.302
0.408
0.344
0.609
0.778
0.681
1.791
1.811
1.730
0.658
0.859
0.812
0.513
0.793
0.579
1.611
1.645
1.587
0.686
0.754
0.768
0.702
0.827
0.729
1.296
1.294
1.225
1.133
1.216
1.159
1.139
1.344
1.190
0.747
0.826
0.679
0.829
0.987
0.812
1.024
1.169
1.090
0.697
0.735
0.710
1.104
1.211
1.073
1.225
1.339
1.072
1.592
1.979
1.928
1.649
1.675
1.578
1.756
1.726
1.816
0.656
0.693
0.629
1.114
1.137
1.099
1.643
1.697
1.530
1.483
1.658
1.439
1.281
1.407
1.358
0.998
1.224
0.944
1.116
1.075
0.994
1.351
1.380
1.322
1.818
1.906
1.883
1.231
1.553
1.366
2.370
2.528
2.428
1.854
1.837
1.643
0.596
0.728
0.634
0.666
0.793
0.609
1.017
1.016
1.007
1.191
1.376
1.187
0.764
0.856
0.805
1.310
1.328
1.296
1.196
1.290
1.190
0.744
0.900
0.817
0.827
0.902
0.813
0.980
1.035
1.260
0.918
0.989
0.885
1.524
1.667
1.520
2.080
2.322
2.146
0.805
0.835
0.800
0.891
0.989
0.910
1.151
1.221
1.252
0.790
1.138
0.979
0.735
0.985
0.592
1.066
1.174
1.058
0.651
0.773
0.665
0.695
0.844
0.744
0.914
1.167
1.085
1.216
1.453
1.298
1.018
1.149
1.057
1.781
1.996
1.940
1.058
1.192
1.133
1.665
1.782
1.693
0.865
0.983
0.933
1.281
1.408
1.312
0.744
0.916
0.777
1.507
1.600
1.467
1.093
1.122
0.991
0.701
0.848
0.797
1.920
1.980
1.893
0.514
0.713
0.531
1.222
1.296
1.022
1.288
1.299
1.219
0.727
0.771
0.695
0.854
0.848
0.533
0.789
1.129
0.907
0.870
1.010
0.937
1.111
1.254
1.154
1.956
2.026
1.966
0.941
1.311
1.065
1.514
1.563
1.535
0.818
0.845
0.773
1.669
1.759
1.760
0.684
0.868
0.836
1.179
1.436
1.337
1.269
1.393
1.283
0.995
1.179
1.148
1.139
1.376
1.150
1.139
1.375
1.275
1.739
1.780
1.714
1.162
1.159
1.150
1.924
1.938
1.933
1.130
1.209
1.123
1.503
1.516
1.481
1.858
1.923
1.857
1.908
1.923
1.887
2.234
2.310
2.247
1.448
1.779
1.466
0.749
0.914
0.691
1.595
1.410
1.857
0.919
0.984
0.835
0.777
0.885
0.631
2.092
2.120
2.065
0.867
0.886
0.741
1.340
1.408
1.363
0.701
0.819
0.670
0.843
1.137
0.913
1.020
0.981
0.798
0.975
1.265
1.225
0.821
0.830
0.833
1.160
1.501
1.355
1.351
1.622
1.308
1.276
1.234
1.125
1.126
1.128
1.304
1.177
1.186
0.939
0.672
1.076
0.615
1.290
1.343
1.302
0.890
0.914
0.763
0.716
0.862
0.721
0.893
1.115
0.955
1.630
1.706
1.554
0.829
1.129
1.009
1.127
1.529
1.298
1.543
1.748
1.450
1.109
1.242
1.192
0.782
0.820
0.711
0.840
0.905
0.802
0.912
1.376
0.992
1.007
1.093
1.078
1.141
1.543
1.258
0.472
0.688
0.540
1.527
1.261
1.290
2.050
2.089
1.991
1.209
1.255
1.210
0.498
0.678
0.529
1.369
1.588
1.472
1.051
1.231
1.174
1.095
1.311
1.235
1.309
1.536
1.389
1.740
1.938
1.905
2.642
2.568
2.645
1.716
1.814
1.728
1.424
1.507
1.451
0.794
0.910
0.860
1.723
1.787
1.708
1.292
1.345
1.266
1.126
1.872
1.042
1.556
1.712
1.636
1.364
1.954
2.193
0.669
0.808
0.729
1.699
1.743
1.571
1.671
1.772
1.759
0.781
0.836
0.791
1.823
1.883
1.816
1.174
1.260
1.258
1.676
1.754
1.667
1.185
1.220
1.107
0.962
1.066
0.912
1.689
1.789
1.647
0.775
0.859
0.864
1.524
1.637
1.531
1.371
1.301
1.293
1.335
1.411
1.215
0.745
0.794
0.750
1.586
1.709
1.569
1.708
1.816
1.714
0.656
0.921
0.732
0.647
0.771
0.717
0.528
0.616
0.583
1.547
1.426
1.304
0.651
0.859
0.714
0.494
0.598
0.454
0.438
0.532
0.422
0.567
0.669
0.535
1.612
1.738
1.601
1.023
1.085
0.940
0.664
0.778
0.684
1.293
1.490
1.370
1.533
1.817
1.578
0.781
1.048
0.782
0.895
1.021
1.172
1.753
1.956
1.864
1.814
1.872
1.744
1.272
1.451
1.134
1.809
2.018
1.983
1.436
1.509
1.469
0.611
0.717
0.780
0.679
0.844
0.719
0.697
0.898
0.627
1.015
1.121
1.095
0.868
0.884
0.896
0.921
1.101
1.028
0.677
0.773
0.712
0.470
0.612
0.552
1.379
1.500
1.422
1.599
1.803
1.607
2.046
2.085
1.782
1.993
2.056
1.975
0.781
0.933
0.827
1.675
1.668
1.647
0.848
1.303
0.947
0.853
0.904
0.836
1.019
1.040
1.024
1.287
1.842
1.181
1.108
1.436
1.233
1.409
1.420
1.348
0.648
0.680
0.662
0.813
0.891
0.859
0.704
0.802
0.772
0.684
1.045
0.770
0.785
0.807
0.751
0.539
0.675
0.538
0.519
0.496
0.506
0.545
0.788
0.625
0.820
0.903
0.845
0.788
0.950
0.819
1.347
1.486
1.274
1.227
1.363
1.436
0.946
1.084
1.060
1.205
1.272
1.247
0.799
0.778
0.790
1.025
1.067
1.016
1.389
1.533
1.443
0.717
0.749
0.752
0.699
0.871
0.720
1.270
1.345
1.307
0.696
0.836
0.751
1.119
1.146
1.127
0.797
0.917
0.908
0.916
0.992
0.947
2.042
1.951
1.911
1.216
1.460
1.291
1.210
1.280
1.270
1.010
1.085
1.373
0.971
1.192
0.867
1.815
1.898
1.873
0.302
0.646
0.562
0.606
0.764
0.632
1.169
1.258
1.206
1.143
1.240
1.185
1.004
1.125
1.079
1.235
1.303
1.166
0.869
1.452
0.994
0.733
0.930
0.814
0.851
0.948
0.840
1.391
1.413
1.288
0.860
0.987
0.759
1.492
1.702
1.415
0.410
0.502
0.390
0.648
0.969
0.754
1.756
1.754
1.681
0.599
0.730
0.626
0.801
0.960
0.889
0.742
0.874
0.751
1.039
1.217
1.096
0.834
0.950
0.890
0.554
0.731
0.696
0.787
0.811
0.782
0.917
0.974
0.949
1.052
1.120
1.065
1.241
1.467
1.270
0.990
1.130
1.030
0.690
0.747
0.695
1.562
1.621
1.508
1.221
1.402
1.359
1.370
1.375
1.189
1.388
1.487
1.491
0.554
0.661
0.561
0.832
1.014
0.841
0.927
1.063
0.961
0.926
0.985
0.800
1.275
1.438
1.343
0.990
1.019
1.017
0.386
0.567
0.338
0.802
0.946
0.851
0.910
1.065
1.014
0.644
0.844
0.718
1.324
1.416
1.343
1.088
1.396
1.224
0.835
0.916
0.799
1.405
1.449
1.309
0.851
0.912
0.832
1.321
1.361
1.276
0.786
0.859
0.682
1.830
1.873
1.688
0.720
0.877
0.771
0.654
0.728
0.636
2.162
2.200
2.156
0.863
0.998
0.947
0.875
1.002
0.941
0.767
0.932
0.785
0.909
0.974
0.745
1.067
1.209
1.079
2.067
2.139
2.057
1.180
1.346
1.173
0.921
1.064
0.907
1.219
1.254
1.175
0.908
1.069
0.938
0.798
0.847
0.807
0.528
0.613
0.568
0.829
0.852
0.682
1.124
1.119
0.885
1.265
1.297
0.944
0.827
0.981
0.904
0.355
0.444
0.376
0.617
0.671
0.628
1.503
1.574
1.489
1.262
1.247
1.263
1.402
1.458
1.411
1.175
1.200
1.205
0.787
0.974
0.828
0.802
0.839
0.678
0.878
1.409
0.916
1.131
1.104
0.983
1.622
1.695
1.648
1.855
1.967
1.757
0.502
0.558
0.535
0.983
1.006
1.010
0.539
0.652
0.553
1.427
1.590
1.420
2.305
2.280
2.043
0.663
0.753
0.653
1.509
1.572
1.568
0.655
0.765
0.645
1.079
1.147
1.124
1.350
1.416
1.343
1.744
1.847
1.792
1.666
1.724
1.679
0.996
1.072
1.077
1.140
1.178
1.120
2.525
2.581
2.541
0.773
0.863
0.730
1.182
1.207
1.197
1.180
1.360
1.188
1.510
1.614
1.540
1.484
1.627
1.557
1.105
1.146
1.003
1.087
1.176
1.085
1.362
1.486
1.333
1.321
1.236
1.022
1.061
1.162
0.907
0.971
1.138
1.056
1.246
1.269
1.118
1.490
1.496
1.460
1.734
1.750
1.569
0.982
1.062
0.983
0.867
1.039
1.224
1.390
1.437
1.165
1.097
1.559
1.328
1.299
1.360
1.222
1.145
1.367
1.195
2.027
2.032
2.093
0.367
0.744
0.581
1.368
1.422
1.354
1.701
1.750
1.778
0.603
0.793
0.990
1.720
1.846
1.827
1.744
1.835
1.810
0.831
0.847
0.786
0.946
0.981
0.953
1.398
1.436
1.424
1.279
1.288
1.210
0.787
0.886
0.785
1.331
1.453
1.294
0.802
0.878
1.147
1.306
1.354
1.107
1.237
1.314
1.218
0.619
0.746
0.624
1.248
1.424
1.364
1.895
1.980
1.942
2.535
2.531
2.495
0.939
1.068
0.947
0.707
0.827
0.772
0.894
1.006
0.890
1.098
1.230
1.053
1.328
1.401
1.380
1.159
1.208
1.153
1.824
1.866
1.860
1.792
1.817
1.706
1.185
1.194
1.248
0.735
0.817
0.788
0.635
0.701
0.694
0.861
0.914
0.870
1.861
1.986
1.842
0.972
1.020
0.803
1.380
1.409
1.383
2.101
2.103
1.972
1.578
1.629
1.530
1.850
1.952
1.899
1.672
1.950
1.776
1.292
1.421
1.337
0.667
0.729
0.711
0.874
1.208
0.943
1.941
1.980
1.892
1.007
1.070
0.988
1.069
1.256
0.976
0.817
1.080
0.953
0.915
0.965
0.835
0.823
1.172
1.070
1.313
1.675
1.377
0.600
1.147
0.590
0.858
1.025
0.912
1.100
1.241
1.133
0.867
0.977
0.945
0.770
0.874
0.801
1.122
1.206
0.936
0.750
0.784
0.657
1.350
1.415
1.306
1.612
1.653
1.603
1.412
1.481
1.500
1.514
1.759
1.612
1.000
1.112
1.066
0.794
0.881
0.772
0.439
0.639
0.419
0.646
0.701
0.631
1.852
1.932
1.889
1.026
1.609
1.241
0.751
0.815
0.673
0.824
0.913
0.752
0.979
1.149
1.000
0.623
0.717
0.636
0.795
1.005
0.845
0.630
0.685
0.556
1.106
1.305
1.190
0.673
0.678
0.666
1.498
1.412
1.447
1.647
1.789
1.640
1.368
1.453
1.269
1.313
1.448
1.502
0.873
0.984
0.921
0.844
0.837
0.770
0.912
1.040
0.916
0.505
0.620
0.489
0.913
0.992
0.933
1.047
1.141
1.129
1.084
1.332
1.078
1.454
1.502
1.473
0.810
0.923
0.846
1.500
1.842
1.584
1.412
1.633
1.499
0.640
0.623
0.571
0.695
0.760
0.685
0.600
0.785
0.604
1.491
2.560
1.672
1.631
1.647
1.652
0.419
0.506
0.440
1.306
1.339
1.259
0.914
1.015
0.882
0.843
0.949
0.899
2.408
2.427
2.446
1.399
1.340
1.325
1.694
1.747
1.560
