0.359
0.378
0.450
0.396
0.371
0.456
1.029
1.020
1.075
0.372
0.405
0.466
0.396
0.394
0.465
0.979
0.991
1.033
0.369
0.412
0.480
0.397
0.396
0.480
1.046
1.062
1.115
0.401
0.416
0.477
0.433
0.409
0.483
1.011
1.003
1.049
0.339
0.346
0.417
0.366
0.340
0.420
0.952
0.941
0.994
0.381
0.397
0.443
0.424
0.390
0.453
1.062
1.047
1.077
0.383
0.406
0.459
0.423
0.395
0.467
1.071
1.062
1.100
0.356
0.373
0.427
0.389
0.363
0.432
1.052
1.043
1.081
0.372
0.338
0.458
0.412
0.352
0.474
1.031
0.981
1.083
0.395
0.366
0.477
0.420
0.377
0.484
0.986
0.949
1.039
0.384
0.376
0.491
0.417
0.381
0.502
1.047
1.022
1.121
0.407
0.380
0.481
0.438
0.387
0.492
1.001
0.960
1.046
0.357
0.324
0.432
0.387
0.334
0.443
0.958
0.916
1.005
0.392
0.362
0.457
0.432
0.374
0.473
1.049
1.004
1.079
0.396
0.377
0.470
0.438
0.385
0.488
1.067
1.028
1.106
0.367
0.341
0.438
0.401
0.348
0.450
1.046
1.006
1.086
0.341
0.351
0.444
0.376
0.351
0.451
1.007
0.996
1.067
0.360
0.388
0.465
0.384
0.383
0.464
0.970
0.980
1.036
0.354
0.393
0.478
0.378
0.380
0.476
1.027
1.043
1.110
0.380
0.392
0.472
0.410
0.394
0.479
0.988
0.983
1.044
0.326
0.334
0.420
0.352
0.332
0.423
0.943
0.937
1.002
0.363
0.373
0.443
0.399
0.371
0.450
1.043
1.028
1.077
0.366
0.383
0.457
0.400
0.377
0.463
1.056
1.048
1.102
0.341
0.351
0.428
0.371
0.345
0.431
1.038
1.026
1.084
0.339
0.351
0.430
0.371
0.348
0.434
1.005
0.992
1.056
0.352
0.377
0.446
0.373
0.371
0.445
0.961
0.967
1.020
0.352
0.383
0.461
0.375
0.372
0.460
1.019
1.025
1.093
0.366
0.381
0.449
0.394
0.377
0.453
0.970
0.964
1.019
0.323
0.333
0.405
0.349
0.329
0.409
0.939
0.933
0.991
0.358
0.373
0.428
0.392
0.369
0.436
1.026
1.015
1.060
0.364
0.382
0.442
0.397
0.376
0.450
1.043
1.035
1.084
0.336
0.344
0.411
0.362
0.340
0.415
1.022
1.010
1.065
0.383
0.472
0.449
0.405
0.446
0.450
1.032
1.099
1.061
0.404
0.506
0.472
0.418
0.477
0.471
0.997
1.081
1.032
0.404
0.512
0.485
0.420
0.479
0.485
1.051
1.140
1.100
0.440
0.517
0.495
0.455
0.487
0.492
1.029
1.087
1.052
0.365
0.433
0.422
0.380
0.407
0.421
0.959
1.010
0.987
0.416
0.507
0.460
0.441
0.477
0.460
1.072
1.140
1.081
0.417
0.509
0.469
0.441
0.480
0.471
1.081
1.149
1.096
0.380
0.466
0.430
0.398
0.438
0.428
1.047
1.114
1.064
0.362
0.413
0.360
0.393
0.405
0.377
1.038
1.070
1.014
0.375
0.440
0.384
0.395
0.427
0.394
0.990
1.039
0.979
0.378
0.454
0.396
0.399
0.434
0.404
1.052
1.110
1.049
0.413
0.459
0.407
0.433
0.445
0.416
1.020
1.053
0.997
0.351
0.391
0.346
0.368
0.377
0.356
0.965
0.995
0.946
0.394
0.447
0.379
0.423
0.435
0.394
1.069
1.104
1.035
0.400
0.455
0.391
0.427
0.440
0.403
1.087
1.122
1.057
0.374
0.417
0.355
0.394
0.403
0.362
1.067
1.097
1.032
0.331
0.376
0.360
0.362
0.372
0.368
0.991
1.017
0.990
0.353
0.413
0.392
0.374
0.404
0.394
0.954
0.998
0.966
0.347
0.420
0.402
0.368
0.404
0.402
1.004
1.059
1.031
0.377
0.424
0.408
0.397
0.412
0.408
0.970
1.004
0.977
0.326
0.366
0.356
0.348
0.358
0.361
0.931
0.961
0.940
0.360
0.413
0.382
0.391
0.405
0.390
1.020
1.056
1.017
0.364
0.417
0.388
0.393
0.408
0.396
1.033
1.068
1.032
0.337
0.384
0.360
0.363
0.377
0.365
1.007
1.040
1.006
0.384
0.447
0.391
0.416
0.437
0.406
1.015
1.061
1.001
0.396
0.474
0.414
0.414
0.451
0.419
0.975
1.038
0.974
0.393
0.482
0.419
0.415
0.458
0.427
1.027
1.099
1.033
0.431
0.482
0.427
0.453
0.464
0.432
1.000
1.038
0.980
0.377
0.424
0.377
0.396
0.406
0.383
0.956
0.991
0.942
0.422
0.488
0.415
0.454
0.473
0.429
1.056
1.106
1.032
0.423
0.491
0.419
0.455
0.474
0.432
1.066
1.116
1.045
0.388
0.449
0.384
0.413
0.434
0.392
1.039
1.085
1.017
0.355
0.383
0.454
0.380
0.372
0.453
1.013
1.018
1.073
0.369
0.408
0.470
0.386
0.397
0.465
0.969
0.990
1.034
0.367
0.420
0.484
0.387
0.403
0.481
1.032
1.062
1.113
0.391
0.416
0.477
0.412
0.408
0.478
0.988
0.996
1.043
0.331
0.349
0.420
0.349
0.340
0.419
0.933
0.938
0.992
0.374
0.404
0.448
0.403
0.396
0.453
1.039
1.046
1.077
0.376
0.412
0.462
0.402
0.400
0.466
1.049
1.061
1.098
0.345
0.376
0.429
0.369
0.366
0.431
1.030
1.041
1.080
0.366
0.339
0.457
0.395
0.345
0.464
1.012
0.972
1.073
0.385
0.362
0.474
0.407
0.370
0.476
0.966
0.938
1.028
0.378
0.374
0.489
0.402
0.377
0.494
1.025
1.009
1.108
0.392
0.371
0.474
0.413
0.375
0.479
0.972
0.941
1.029
0.346
0.320
0.429
0.366
0.324
0.434
0.935
0.902
0.994
0.380
0.359
0.456
0.409
0.367
0.465
1.024
0.992
1.071
0.386
0.371
0.466
0.417
0.377
0.478
1.042
1.013
1.094
0.355
0.337
0.435
0.381
0.341
0.443
1.023
0.994
1.076
0.331
0.353
0.441
0.355
0.347
0.440
0.989
0.991
1.059
0.353
0.391
0.463
0.370
0.382
0.458
0.955
0.977
1.031
0.346
0.397
0.475
0.362
0.383
0.470
1.008
1.040
1.103
0.365
0.391
0.465
0.387
0.389
0.469
0.962
0.972
1.031
0.314
0.335
0.417
0.331
0.328
0.415
0.921
0.929
0.993
0.348
0.378
0.441
0.373
0.372
0.444
1.015
1.024
1.069
0.352
0.384
0.451
0.376
0.377
0.454
1.029
1.042
1.091
0.327
0.354
0.423
0.349
0.346
0.424
1.014
1.024
1.076
0.334
0.351
0.430
0.357
0.344
0.430
0.990
0.986
1.052
0.349
0.375
0.447
0.367
0.369
0.443
0.953
0.960
1.018
0.351
0.384
0.465
0.368
0.373
0.461
1.007
1.019
1.090
0.355
0.375
0.444
0.376
0.369
0.444
0.950
0.950
1.009
0.316
0.330
0.405
0.334
0.325
0.406
0.921
0.923
0.985
0.351
0.374
0.433
0.376
0.370
0.435
1.007
1.008
1.057
0.359
0.381
0.444
0.383
0.375
0.447
1.025
1.027
1.079
0.327
0.343
0.411
0.348
0.338
0.412
1.006
1.004
1.061
0.381
0.477
0.448
0.397
0.448
0.446
1.026
1.102
1.062
0.401
0.507
0.469
0.410
0.477
0.466
0.990
1.081
1.030
0.407
0.523
0.488
0.416
0.488
0.486
1.047
1.148
1.102
0.434
0.520
0.492
0.440
0.485
0.482
1.018
1.088
1.047
0.360
0.435
0.418
0.367
0.405
0.413
0.947
1.008
0.980
0.409
0.512
0.460
0.427
0.481
0.457
1.062
1.143
1.082
0.414
0.515
0.467
0.430
0.485
0.466
1.077
1.158
1.100
0.376
0.472
0.430
0.389
0.443
0.427
1.040
1.119
1.065
0.358
0.419
0.363
0.379
0.406
0.373
1.022
1.068
1.009
0.372
0.448
0.384
0.386
0.432
0.392
0.976
1.039
0.973
0.375
0.465
0.400
0.390
0.442
0.405
1.036
1.111
1.044
0.398
0.459
0.400
0.413
0.444
0.406
0.993
1.043
0.980
0.343
0.396
0.345
0.354
0.379
0.352
0.946
0.992
0.937
0.387
0.457
0.381
0.407
0.442
0.392
1.046
1.103
1.026
0.395
0.463
0.389
0.413
0.446
0.398
1.068
1.121
1.046
0.365
0.423
0.355
0.379
0.407
0.360
1.048
1.096
1.025
0.323
0.379
0.361
0.346
0.372
0.366
0.972
1.014
0.985
0.348
0.417
0.394
0.367
0.408
0.396
0.943
1.000
0.965
0.343
0.427
0.407
0.359
0.410
0.406
0.990
1.059
1.029
0.360
0.420
0.402
0.375
0.407
0.400
0.944
0.993
0.963
0.316
0.368
0.358
0.332
0.358
0.360
0.914
0.958
0.936
0.349
0.418
0.385
0.375
0.410
0.392
0.999
1.054
1.014
0.353
0.420
0.390
0.375
0.410
0.394
1.011
1.066
1.027
0.325
0.386
0.362
0.346
0.380
0.366
0.989
1.038
1.004
0.383
0.458
0.397
0.404
0.442
0.406
1.003
1.064
1.000
0.393
0.482
0.417
0.405
0.458
0.420
0.965
1.043
0.973
0.391
0.491
0.424
0.407
0.467
0.431
1.015
1.103
1.033
0.417
0.484
0.423
0.432
0.466
0.428
0.978
1.037
0.972
0.368
0.427
0.379
0.380
0.409
0.383
0.939
0.991
0.939
0.411
0.496
0.417
0.435
0.481
0.429
1.036
1.110
1.030
0.415
0.498
0.417
0.438
0.480
0.428
1.048
1.119
1.038
0.377
0.454
0.383
0.397
0.439
0.391
1.021
1.087
1.013
0.371
0.388
0.464
0.406
0.378
0.468
1.034
1.022
1.082
0.375
0.404
0.469
0.400
0.393
0.470
0.975
0.981
1.028
0.375
0.417
0.491
0.401
0.400
0.490
1.039
1.054
1.113
0.412
0.418
0.483
0.444
0.412
0.490
1.015
0.999
1.047
0.341
0.345
0.420
0.366
0.337
0.422
0.945
0.931
0.987
0.390
0.402
0.449
0.431
0.395
0.458
1.059
1.042
1.072
0.389
0.406
0.463
0.429
0.397
0.473
1.069
1.056
1.096
0.362
0.375
0.432
0.397
0.367
0.439
1.052
1.040
1.080
0.385
0.347
0.470
0.423
0.357
0.483
1.033
0.979
1.083
0.396
0.364
0.477
0.423
0.373
0.485
0.978
0.937
1.028
0.390
0.378
0.500
0.420
0.382
0.509
1.037
1.010
1.114
0.418
0.381
0.485
0.448
0.387
0.495
1.001
0.952
1.037
0.362
0.323
0.434
0.389
0.329
0.443
0.952
0.904
0.995
0.400
0.366
0.460
0.441
0.375
0.474
1.049
0.998
1.071
0.403
0.376
0.473
0.445
0.383
0.490
1.062
1.014
1.095
0.376
0.343
0.443
0.412
0.351
0.456
1.048
1.001
1.081
0.348
0.360
0.451
0.381
0.355
0.455
1.009
0.997
1.067
0.359
0.389
0.461
0.383
0.380
0.462
0.963
0.972
1.025
0.356
0.400
0.484
0.378
0.385
0.481
1.016
1.036
1.102
0.386
0.398
0.472
0.417
0.394
0.479
0.989
0.980
1.035
0.325
0.334
0.416
0.350
0.327
0.418
0.934
0.927
0.988
0.368
0.382
0.441
0.404
0.375
0.447
1.043
1.028
1.067
0.367
0.387
0.454
0.403
0.379
0.462
1.050
1.042
1.089
0.343
0.355
0.425
0.376
0.348
0.431
1.037
1.025
1.076
0.349
0.356
0.439
0.382
0.352
0.444
1.008
0.989
1.058
0.356
0.375
0.448
0.380
0.367
0.448
0.957
0.953
1.012
0.359
0.385
0.471
0.382
0.374
0.470
1.015
1.016
1.090
0.375
0.378
0.450
0.404
0.374
0.456
0.976
0.956
1.013
0.328
0.329
0.407
0.353
0.324
0.411
0.936
0.920
0.982
0.366
0.374
0.432
0.401
0.369
0.438
1.030
1.010
1.056
0.372
0.381
0.446
0.406
0.374
0.453
1.044
1.026
1.078
0.343
0.345
0.415
0.373
0.342
0.422
1.027
1.006
1.063
0.393
0.478
0.453
0.413
0.446
0.452
1.038
1.098
1.060
0.405
0.502
0.466
0.418
0.469
0.465
0.994
1.070
1.021
0.410
0.517
0.489
0.421
0.479
0.486
1.046
1.134
1.094
0.449
0.515
0.493
0.464
0.482
0.487
1.038
1.083
1.046
0.370
0.430
0.419
0.383
0.400
0.416
0.962
1.003
0.980
0.428
0.511
0.463
0.449
0.476
0.459
1.085
1.142
1.083
0.426
0.511
0.468
0.448
0.477
0.467
1.090
1.148
1.094
0.389
0.469
0.431
0.410
0.441
0.431
1.057
1.114
1.063
0.376
0.425
0.376
0.404
0.413
0.388
1.045
1.073
1.020
0.380
0.446
0.391
0.399
0.430
0.400
0.986
1.035
0.976
0.385
0.462
0.408
0.404
0.441
0.416
1.047
1.106
1.048
0.421
0.461
0.412
0.442
0.445
0.420
1.022
1.047
0.993
0.354
0.392
0.351
0.369
0.374
0.358
0.959
0.985
0.941
0.403
0.455
0.390
0.430
0.438
0.402
1.068
1.101
1.034
0.407
0.460
0.396
0.434
0.442
0.407
1.085
1.116
1.052
0.382
0.423
0.363
0.403
0.409
0.372
1.069
1.097
1.035
0.346
0.387
0.373
0.375
0.381
0.380
1.001
1.024
0.998
0.360
0.416
0.396
0.382
0.407
0.400
0.958
0.999
0.968
0.355
0.428
0.414
0.375
0.412
0.415
1.004
1.059
1.035
0.386
0.424
0.408
0.407
0.412
0.410
0.977
1.001
0.973
0.330
0.366
0.358
0.349
0.356
0.362
0.932
0.957
0.938
0.370
0.418
0.387
0.402
0.410
0.395
1.027
1.057
1.018
0.373
0.422
0.393
0.402
0.412
0.400
1.039
1.070
1.033
0.347
0.390
0.366
0.374
0.385
0.373
1.019
1.046
1.013
0.419
0.477
0.424
0.443
0.460
0.431
1.039
1.080
1.024
0.416
0.487
0.430
0.431
0.464
0.434
0.988
1.047
0.986
0.416
0.502
0.443
0.433
0.476
0.446
1.039
1.109
1.048
0.455
0.496
0.444
0.472
0.476
0.446
1.017
1.047
0.992
0.395
0.436
0.393
0.409
0.415
0.396
0.967
0.998
0.954
0.448
0.508
0.439
0.476
0.492
0.450
1.075
1.120
1.051
0.448
0.509
0.439
0.474
0.488
0.447
1.083
1.126
1.058
0.413
0.469
0.406
0.438
0.455
0.414
1.061
1.103
1.037
0.338
0.359
0.417
0.372
0.350
0.423
1.004
0.999
1.042
0.347
0.384
0.430
0.367
0.369
0.427
0.948
0.964
0.994
0.346
0.393
0.451
0.369
0.374
0.447
1.013
1.036
1.078
0.384
0.396
0.445
0.414
0.388
0.450
0.991
0.981
1.015
0.319
0.327
0.384
0.342
0.317
0.385
0.925
0.915
0.956
0.360
0.378
0.413
0.399
0.368
0.421
1.034
1.022
1.041
0.360
0.383
0.424
0.399
0.371
0.433
1.042
1.034
1.060
0.337
0.356
0.397
0.370
0.345
0.402
1.027
1.021
1.046
0.351
0.320
0.423
0.387
0.327
0.434
1.004
0.955
1.041
0.367
0.341
0.436
0.390
0.347
0.439
0.950
0.915
0.989
0.359
0.354
0.459
0.386
0.354
0.463
1.010
0.989
1.078
0.390
0.362
0.446
0.418
0.363
0.452
0.980
0.936
1.003
0.337
0.304
0.395
0.363
0.306
0.401
0.932
0.887
0.960
0.367
0.341
0.418
0.408
0.348
0.434
1.022
0.977
1.034
0.372
0.351
0.430
0.413
0.355
0.446
1.037
0.993
1.057
0.347
0.321
0.402
0.383
0.325
0.414
1.021
0.978
1.042
0.318
0.337
0.409
0.350
0.331
0.413
0.983
0.977
1.030
0.334
0.373
0.425
0.354
0.359
0.421
0.936
0.954
0.990
0.330
0.380
0.447
0.349
0.362
0.441
0.992
1.019
1.069
0.362
0.380
0.436
0.394
0.376
0.443
0.968
0.964
1.003
0.304
0.317
0.382
0.328
0.308
0.382
0.916
0.911
0.957
0.339
0.361
0.405
0.375
0.351
0.410
1.014
1.006
1.031
0.340
0.366
0.414
0.373
0.353
0.421
1.023
1.021
1.052
0.320
0.339
0.392
0.351
0.329
0.396
1.012
1.008
1.043
0.324
0.335
0.401
0.356
0.330
0.405
0.989
0.974
1.026
0.333
0.355
0.412
0.354
0.347
0.410
0.938
0.939
0.982
0.335
0.364
0.437
0.357
0.352
0.433
0.998
1.004
1.063
0.354
0.363
0.416
0.384
0.358
0.421
0.960
0.946
0.985
0.309
0.314
0.374
0.333
0.307
0.376
0.924
0.910
0.955
0.344
0.357
0.399
0.381
0.352
0.408
1.014
0.998
1.027
0.349
0.361
0.410
0.382
0.354
0.418
1.028
1.012
1.048
0.324
0.330
0.383
0.353
0.325
0.389
1.010
0.994
1.034
0.360
0.452
0.417
0.380
0.422
0.416
1.006
1.076
1.028
0.379
0.482
0.439
0.388
0.447
0.434
0.968
1.053
0.998
0.380
0.494
0.457
0.391
0.457
0.454
1.022
1.118
1.069
0.423
0.498
0.466
0.435
0.463
0.459
1.013
1.067
1.021
0.345
0.412
0.390
0.356
0.380
0.385
0.936
0.985
0.952
0.395
0.488
0.431
0.418
0.453
0.429
1.049
1.116
1.049
0.398
0.490
0.438
0.419
0.455
0.436
1.060
1.126
1.064
0.363
0.450
0.403
0.382
0.420
0.401
1.031
1.096
1.037
0.346
0.400
0.342
0.371
0.388
0.353
1.019
1.056
0.994
0.355
0.426
0.362
0.369
0.408
0.368
0.963
1.019
0.951
0.357
0.441
0.376
0.374
0.418
0.382
1.026
1.093
1.024
0.396
0.445
0.386
0.414
0.425
0.391
1.004
1.037
0.972
0.335
0.378
0.327
0.347
0.358
0.332
0.945
0.977
0.921
0.374
0.433
0.359
0.402
0.415
0.372
1.048
1.087
1.011
0.382
0.439
0.367
0.406
0.419
0.377
1.064
1.101
1.027
0.359
0.405
0.336
0.378
0.389
0.343
1.050
1.082
1.011
0.320
0.367
0.338
0.349
0.362
0.347
0.980
1.011
0.970
0.337
0.400
0.365
0.356
0.389
0.367
0.936
0.984
0.939
0.328
0.406
0.378
0.348
0.389
0.377
0.985
1.045
1.006
0.365
0.409
0.377
0.389
0.397
0.381
0.966
0.994
0.950
0.314
0.354
0.330
0.333
0.342
0.333
0.921
0.950
0.915
0.346
0.399
0.353
0.378
0.390
0.363
1.011
1.045
0.991
0.349
0.400
0.357
0.379
0.390
0.366
1.021
1.053
1.002
0.328
0.375
0.336
0.354
0.368
0.343
1.001
1.032
0.984
0.374
0.440
0.378
0.402
0.427
0.390
1.002
1.052
0.985
0.379
0.461
0.395
0.392
0.436
0.398
0.954
1.023
0.952
0.379
0.473
0.403
0.398
0.448
0.408
1.008
1.087
1.013
0.423
0.474
0.413
0.442
0.453
0.416
0.992
1.028
0.964
0.363
0.411
0.359
0.378
0.392
0.362
0.939
0.975
0.919
0.407
0.476
0.398
0.439
0.459
0.411
1.041
1.091
1.012
0.409
0.477
0.399
0.439
0.458
0.410
1.050
1.098
1.019
0.378
0.442
0.369
0.404
0.426
0.378
1.027
1.074
0.999
0.370
0.394
0.464
0.406
0.383
0.469
1.034
1.030
1.082
0.374
0.409
0.468
0.396
0.395
0.466
0.975
0.989
1.030
0.372
0.416
0.482
0.399
0.398
0.482
1.043
1.062
1.111
0.400
0.418
0.478
0.427
0.407
0.480
1.001
0.999
1.043
0.339
0.350
0.420
0.362
0.339
0.420
0.941
0.935
0.988
0.388
0.408
0.450
0.428
0.398
0.460
1.057
1.049
1.076
0.386
0.413
0.464
0.423
0.399
0.471
1.063
1.062
1.097
0.362
0.383
0.435
0.395
0.371
0.440
1.049
1.045
1.081
0.383
0.351
0.469
0.420
0.360
0.481
1.033
0.986
1.085
0.393
0.366
0.474
0.419
0.373
0.481
0.978
0.943
1.030
0.384
0.375
0.488
0.416
0.378
0.497
1.039
1.014
1.110
0.405
0.380
0.479
0.434
0.383
0.486
0.992
0.953
1.035
0.357
0.324
0.431
0.383
0.327
0.438
0.949
0.907
0.995
0.394
0.368
0.457
0.436
0.378
0.474
1.045
1.004
1.073
0.396
0.379
0.471
0.437
0.385
0.487
1.057
1.021
1.096
0.373
0.346
0.443
0.408
0.351
0.455
1.044
1.002
1.081
0.351
0.369
0.455
0.383
0.361
0.457
1.012
1.007
1.070
0.362
0.396
0.466
0.383
0.384
0.462
0.967
0.981
1.031
0.358
0.402
0.480
0.379
0.383
0.475
1.022
1.042
1.101
0.379
0.399
0.471
0.406
0.391
0.473
0.982
0.983
1.036
0.324
0.338
0.419
0.347
0.329
0.417
0.932
0.932
0.990
0.367
0.386
0.443
0.402
0.377
0.448
1.041
1.032
1.069
0.366
0.393
0.457
0.398
0.380
0.460
1.046
1.047
1.092
0.347
0.364
0.431
0.376
0.352
0.434
1.036
1.031
1.079
0.350
0.363
0.440
0.383
0.359
0.446
1.013
1.002
1.063
0.354
0.377
0.446
0.376
0.369
0.444
0.961
0.964
1.017
0.356
0.382
0.461
0.380
0.371
0.460
1.020
1.022
1.089
0.366
0.380
0.447
0.393
0.374
0.450
0.970
0.964
1.018
0.323
0.331
0.405
0.347
0.325
0.407
0.936
0.930
0.988
0.362
0.376
0.429
0.399
0.374
0.439
1.030
1.019
1.060
0.367
0.384
0.445
0.401
0.378
0.452
1.041
1.035
1.083
0.343
0.351
0.418
0.372
0.346
0.422
1.027
1.014
1.067
0.392
0.484
0.457
0.413
0.453
0.456
1.035
1.106
1.063
0.405
0.509
0.471
0.414
0.473
0.465
0.991
1.078
1.025
0.405
0.513
0.482
0.419
0.477
0.479
1.047
1.138
1.093
0.438
0.516
0.492
0.451
0.482
0.486
1.025
1.085
1.046
0.364
0.434
0.419
0.375
0.402
0.414
0.951
1.007
0.978
0.421
0.513
0.463
0.446
0.480
0.462
1.074
1.143
1.079
0.419
0.515
0.470
0.440
0.480
0.468
1.078
1.150
1.092
0.387
0.477
0.436
0.406
0.445
0.432
1.051
1.120
1.064
0.373
0.432
0.375
0.400
0.419
0.388
1.042
1.083
1.024
0.377
0.452
0.389
0.393
0.432
0.396
0.985
1.044
0.979
0.381
0.461
0.399
0.400
0.440
0.408
1.049
1.115
1.049
0.409
0.462
0.407
0.425
0.443
0.413
1.012
1.053
0.993
0.349
0.397
0.349
0.362
0.377
0.356
0.956
0.995
0.942
0.396
0.457
0.386
0.424
0.441
0.401
1.067
1.111
1.038
0.402
0.464
0.395
0.426
0.445
0.406
1.079
1.124
1.054
0.380
0.431
0.363
0.397
0.414
0.370
1.066
1.106
1.035
0.350
0.397
0.376
0.380
0.390
0.382
1.006
1.035
1.002
0.362
0.423
0.396
0.382
0.412
0.397
0.960
1.008
0.969
0.356
0.427
0.406
0.377
0.411
0.406
1.010
1.065
1.032
0.381
0.428
0.407
0.399
0.413
0.406
0.972
1.008
0.975
0.329
0.370
0.357
0.348
0.359
0.360
0.930
0.965
0.939
0.371
0.424
0.387
0.403
0.417
0.396
1.029
1.066
1.019
0.372
0.426
0.392
0.400
0.416
0.399
1.035
1.075
1.032
0.351
0.400
0.369
0.376
0.392
0.373
1.018
1.053
1.011
0.395
0.465
0.404
0.424
0.449
0.414
1.018
1.072
1.006
0.396
0.481
0.414
0.410
0.454
0.416
0.968
1.040
0.968
0.394
0.486
0.420
0.416
0.462
0.425
1.023
1.100
1.028
0.426
0.482
0.424
0.446
0.463
0.428
0.990
1.036
0.973
0.373
0.426
0.375
0.389
0.405
0.378
0.943
0.988
0.932
0.422
0.495
0.419
0.455
0.480
0.433
1.050
1.108
1.029
0.420
0.495
0.418
0.450
0.475
0.429
1.053
1.112
1.034
0.393
0.461
0.389
0.418
0.444
0.397
1.037
1.092
1.015
0.373
0.358
0.444
0.417
0.356
0.455
1.039
1.000
1.065
0.373
0.376
0.451
0.402
0.369
0.453
0.976
0.961
1.017
0.377
0.381
0.465
0.415
0.371
0.472
1.050
1.028
1.094
0.412
0.389
0.469
0.457
0.391
0.481
1.026
0.981
1.042
0.350
0.323
0.409
0.385
0.319
0.415
0.965
0.920
0.986
0.396
0.373
0.438
0.449
0.374
0.454
1.074
1.025
1.072
0.396
0.375
0.453
0.444
0.374
0.466
1.083
1.034
1.092
0.378
0.353
0.428
0.422
0.350
0.437
1.069
1.018
1.075
0.363
0.356
0.439
0.401
0.350
0.447
1.030
1.004
1.067
0.372
0.381
0.457
0.402
0.373
0.459
0.978
0.970
1.026
0.373
0.382
0.464
0.407
0.372
0.468
1.046
1.031
1.098
0.403
0.390
0.465
0.441
0.390
0.475
1.014
0.984
1.041
0.340
0.324
0.406
0.369
0.316
0.409
0.958
0.927
0.991
0.384
0.376
0.439
0.428
0.374
0.453
1.056
1.027
1.074
0.383
0.376
0.450
0.424
0.373
0.462
1.069
1.040
1.096
0.367
0.353
0.426
0.402
0.347
0.432
1.056
1.024
1.080
0.376
0.361
0.450
0.424
0.360
0.464
1.045
1.005
1.072
0.377
0.380
0.460
0.412
0.376
0.467
0.976
0.960
1.018
0.383
0.389
0.474
0.424
0.381
0.482
1.055
1.033
1.099
0.411
0.390
0.472
0.456
0.392
0.483
1.021
0.979
1.038
0.351
0.329
0.416
0.388
0.325
0.424
0.959
0.919
0.984
0.399
0.377
0.446
0.455
0.380
0.464
1.071
1.023
1.072
0.398
0.378
0.460
0.450
0.378
0.474
1.082
1.034
1.093
0.381
0.357
0.435
0.425
0.354
0.444
1.067
1.019
1.077
0.359
0.353
0.430
0.398
0.349
0.440
1.024
0.998
1.056
0.363
0.374
0.442
0.390
0.366
0.444
0.965
0.961
1.011
0.364
0.379
0.453
0.397
0.368
0.458
1.035
1.029
1.086
0.400
0.389
0.459
0.439
0.389
0.469
1.008
0.980
1.032
0.337
0.322
0.398
0.368
0.315
0.402
0.947
0.917
0.975
0.377
0.369
0.426
0.422
0.366
0.441
1.047
1.018
1.057
0.376
0.367
0.436
0.421
0.364
0.449
1.057
1.024
1.074
0.361
0.347
0.415
0.397
0.339
0.420
1.045
1.012
1.061
0.386
0.375
0.458
0.429
0.371
0.470
1.054
1.023
1.084
0.386
0.393
0.467
0.415
0.384
0.469
0.990
0.982
1.035
0.389
0.395
0.477
0.425
0.383
0.482
1.062
1.044
1.107
0.416
0.402
0.476
0.454
0.399
0.485
1.025
0.994
1.049
0.356
0.336
0.417
0.391
0.331
0.425
0.974
0.939
0.999
0.406
0.393
0.452
0.454
0.391
0.468
1.079
1.045
1.085
0.404
0.393
0.465
0.450
0.388
0.478
1.089
1.054
1.106
0.389
0.372
0.443
0.430
0.365
0.451
1.080
1.040
1.092
0.432
0.399
0.435
0.492
0.399
0.451
1.103
1.033
1.050
0.434
0.423
0.453
0.473
0.416
0.459
1.044
1.002
1.013
0.434
0.422
0.458
0.489
0.417
0.471
1.108
1.054
1.073
0.503
0.451
0.485
0.559
0.448
0.495
1.123
1.034
1.047
0.421
0.368
0.407
0.469
0.363
0.415
1.039
0.952
0.974
0.488
0.436
0.455
0.556
0.436
0.472
1.170
1.076
1.081
0.481
0.433
0.462
0.550
0.434
0.478
1.173
1.081
1.093
0.452
0.398
0.428
0.514
0.396
0.439
1.146
1.050
1.062
0.426
0.362
0.375
0.476
0.369
0.396
1.111
1.024
1.028
0.418
0.375
0.387
0.454
0.378
0.402
1.036
0.976
0.978
0.429
0.384
0.395
0.475
0.384
0.412
1.117
1.046
1.048
0.479
0.403
0.414
0.526
0.408
0.431
1.103
1.005
1.005
0.407
0.335
0.348
0.443
0.332
0.359
1.030
0.939
0.944
0.465
0.388
0.391
0.522
0.394
0.414
1.154
1.051
1.046
0.465
0.389
0.397
0.519
0.395
0.417
1.165
1.062
1.062
0.449
0.365
0.371
0.494
0.365
0.384
1.153
1.045
1.044
0.414
0.335
0.373
0.462
0.346
0.389
1.090
0.987
1.011
0.416
0.356
0.394
0.455
0.365
0.405
1.031
0.951
0.974
0.411
0.357
0.393
0.458
0.362
0.408
1.090
1.007
1.030
0.463
0.378
0.414
0.513
0.388
0.428
1.083
0.974
0.995
0.401
0.316
0.357
0.442
0.321
0.367
1.025
0.918
0.945
0.451
0.362
0.391
0.508
0.375
0.411
1.131
1.016
1.033
0.446
0.360
0.394
0.501
0.372
0.411
1.137
1.022
1.044
0.431
0.339
0.372
0.481
0.347
0.385
1.119
1.001
1.023
0.453
0.389
0.406
0.512
0.401
0.431
1.097
1.009
1.016
0.443
0.399
0.417
0.482
0.402
0.432
1.031
0.970
0.977
0.445
0.402
0.418
0.497
0.407
0.439
1.097
1.028
1.035
0.501
0.419
0.434
0.558
0.427
0.452
1.095
0.990
0.993
0.439
0.360
0.379
0.483
0.362
0.392
1.034
0.933
0.944
0.497
0.422
0.427
0.565
0.434
0.454
1.152
1.048
1.046
0.493
0.417
0.428
0.560
0.427
0.452
1.158
1.051
1.054
0.472
0.390
0.402
0.533
0.397
0.421
1.141
1.029
1.033
0.366
0.325
0.434
0.407
0.332
0.449
1.020
0.965
1.055
0.366
0.344
0.438
0.393
0.345
0.444
0.959
0.928
1.002
0.371
0.355
0.464
0.406
0.355
0.474
1.031
0.998
1.092
0.408
0.364
0.462
0.443
0.367
0.472
1.003
0.946
1.026
0.354
0.306
0.409
0.385
0.307
0.418
0.956
0.897
0.982
0.389
0.348
0.430
0.436
0.355
0.449
1.051
0.993
1.057
0.391
0.352
0.445
0.437
0.358
0.462
1.062
1.003
1.079
0.367
0.324
0.414
0.405
0.327
0.426
1.043
0.984
1.057
0.357
0.323
0.428
0.393
0.325
0.439
1.014
0.970
1.056
0.363
0.348
0.441
0.392
0.348
0.446
0.958
0.935
1.007
0.365
0.356
0.461
0.398
0.353
0.469
1.025
1.001
1.092
0.394
0.360
0.452
0.425
0.359
0.461
0.991
0.945
1.022
0.342
0.303
0.401
0.372
0.301
0.409
0.948
0.899
0.981
0.376
0.348
0.429
0.418
0.351
0.445
1.036
0.994
1.058
0.379
0.353
0.440
0.420
0.354
0.455
1.048
1.007
1.078
0.356
0.323
0.410
0.390
0.322
0.419
1.034
0.988
1.059
0.371
0.327
0.440
0.415
0.335
0.456
1.030
0.970
1.063
0.369
0.346
0.445
0.404
0.350
0.455
0.960
0.925
1.001
0.376
0.360
0.470
0.415
0.363
0.483
1.037
1.003
1.094
0.405
0.359
0.458
0.441
0.361
0.469
1.000
0.938
1.017
0.356
0.307
0.413
0.392
0.312
0.426
0.954
0.893
0.979
0.393
0.349
0.435
0.446
0.359
0.457
1.054
0.991
1.056
0.395
0.353
0.449
0.445
0.360
0.468
1.065
1.001
1.077
0.372
0.325
0.419
0.413
0.330
0.433
1.048
0.984
1.059
0.356
0.318
0.418
0.394
0.323
0.431
1.014
0.964
1.046
0.359
0.341
0.427
0.387
0.341
0.433
0.954
0.928
0.994
0.358
0.349
0.448
0.391
0.348
0.457
1.020
0.997
1.080
0.401
0.362
0.448
0.435
0.365
0.460
0.997
0.947
1.016
0.343
0.301
0.394
0.374
0.302
0.402
0.946
0.893
0.968
0.375
0.341
0.414
0.419
0.346
0.433
1.035
0.987
1.042
0.378
0.345
0.427
0.423
0.349
0.446
1.048
0.997
1.062
0.352
0.316
0.396
0.388
0.315
0.406
1.028
0.978
1.040
0.380
0.341
0.447
0.420
0.345
0.461
1.037
0.988
1.073
0.377
0.358
0.449
0.407
0.358
0.457
0.974
0.946
1.018
0.380
0.364
0.469
0.414
0.364
0.480
1.041
1.012
1.100
0.408
0.369
0.459
0.440
0.369
0.470
1.005
0.956
1.030
0.358
0.313
0.411
0.391
0.315
0.422
0.964
0.910
0.989
0.396
0.362
0.437
0.443
0.368
0.458
1.059
1.012
1.068
0.399
0.367
0.453
0.444
0.370
0.471
1.071
1.023
1.091
0.378
0.339
0.425
0.414
0.338
0.436
1.055
1.003
1.071
0.430
0.374
0.435
0.482
0.381
0.450
1.087
1.006
1.045
0.429
0.396
0.447
0.462
0.394
0.453
1.023
0.971
1.000
0.434
0.406
0.467
0.479
0.406
0.480
1.089
1.034
1.077
0.493
0.427
0.479
0.539
0.424
0.486
1.095
0.999
1.031
0.426
0.355
0.414
0.467
0.354
0.423
1.029
0.933
0.975
0.476
0.413
0.449
0.536
0.416
0.464
1.144
1.049
1.066
0.477
0.415
0.461
0.536
0.417
0.475
1.151
1.053
1.081
0.442
0.378
0.422
0.496
0.379
0.432
1.123
1.026
1.052
0.409
0.337
0.364
0.455
0.347
0.387
1.081
0.993
1.010
0.402
0.355
0.373
0.437
0.360
0.392
1.009
0.950
0.959
0.407
0.367
0.387
0.448
0.369
0.407
1.078
1.020
1.031
0.459
0.382
0.402
0.499
0.383
0.416
1.066
0.971
0.980
0.400
0.321
0.346
0.435
0.322
0.361
1.011
0.918
0.935
0.444
0.369
0.380
0.498
0.376
0.403
1.118
1.021
1.023
0.451
0.375
0.388
0.500
0.379
0.409
1.134
1.036
1.042
0.426
0.345
0.354
0.468
0.346
0.370
1.116
1.016
1.019
0.389
0.311
0.358
0.435
0.323
0.376
1.050
0.954
0.988
0.395
0.335
0.377
0.432
0.344
0.391
0.998
0.922
0.951
0.386
0.342
0.389
0.429
0.347
0.404
1.050
0.983
1.016
0.432
0.350
0.392
0.473
0.356
0.404
1.036
0.933
0.962
0.389
0.303
0.351
0.426
0.308
0.364
0.999
0.896
0.932
0.425
0.343
0.375
0.478
0.355
0.396
1.091
0.985
1.006
0.427
0.345
0.382
0.476
0.354
0.402
1.101
0.995
1.022
0.403
0.318
0.353
0.451
0.327
0.370
1.079
0.972
0.998
0.433
0.361
0.395
0.486
0.376
0.419
1.066
0.977
1.000
0.425
0.373
0.406
0.461
0.377
0.420
1.004
0.939
0.958
0.424
0.383
0.413
0.472
0.391
0.433
1.063
1.002
1.020
0.480
0.396
0.422
0.527
0.403
0.438
1.059
0.955
0.970
0.429
0.346
0.379
0.469
0.350
0.393
1.015
0.913
0.936
0.472
0.399
0.413
0.536
0.411
0.440
1.114
1.016
1.022
0.476
0.400
0.419
0.538
0.410
0.444
1.127
1.024
1.036
0.445
0.364
0.386
0.500
0.371
0.404
1.102
0.998
1.009
0.326
0.317
0.410
0.363
0.313
0.419
0.982
0.951
1.025
0.338
0.351
0.425
0.364
0.342
0.426
0.938
0.934
0.990
0.337
0.362
0.447
0.363
0.345
0.445
0.998
0.999
1.067
0.379
0.358
0.447
0.416
0.357
0.456
0.979
0.940
1.009
0.328
0.299
0.399
0.356
0.295
0.402
0.935
0.892
0.972
0.358
0.338
0.407
0.402
0.334
0.419
1.026
0.983
1.034
0.356
0.341
0.424
0.396
0.337
0.433
1.033
0.993
1.057
0.342
0.317
0.402
0.380
0.313
0.409
1.025
0.978
1.045
0.318
0.317
0.405
0.351
0.309
0.410
0.978
0.959
1.028
0.337
0.357
0.429
0.362
0.344
0.428
0.942
0.944
0.998
0.332
0.365
0.445
0.355
0.345
0.440
0.994
1.004
1.068
0.367
0.359
0.440
0.398
0.354
0.447
0.967
0.943
1.007
0.315
0.300
0.393
0.342
0.291
0.395
0.929
0.900
0.974
0.345
0.340
0.407
0.383
0.334
0.416
1.014
0.989
1.038
0.344
0.345
0.420
0.380
0.337
0.427
1.021
1.001
1.057
0.332
0.318
0.398
0.366
0.313
0.405
1.017
0.985
1.049
0.327
0.324
0.415
0.367
0.318
0.424
0.987
0.960
1.030
0.341
0.358
0.432
0.371
0.347
0.435
0.937
0.934
0.988
0.341
0.373
0.454
0.369
0.354
0.452
1.002
1.008
1.069
0.373
0.360
0.444
0.408
0.354
0.450
0.972
0.937
1.000
0.325
0.305
0.402
0.357
0.299
0.406
0.929
0.893
0.966
0.357
0.346
0.412
0.405
0.341
0.424
1.025
0.987
1.031
0.356
0.348
0.428
0.400
0.342
0.437
1.031
0.995
1.051
0.342
0.323
0.404
0.382
0.320
0.414
1.024
0.982
1.043
0.313
0.312
0.396
0.348
0.306
0.402
0.969
0.949
1.013
0.331
0.353
0.416
0.356
0.340
0.417
0.928
0.934
0.981
0.325
0.362
0.433
0.348
0.343
0.430
0.984
1.002
1.056
0.369
0.362
0.437
0.404
0.360
0.446
0.966
0.943
1.000
0.315
0.300
0.387
0.342
0.292
0.390
0.920
0.890
0.959
0.342
0.337
0.396
0.382
0.330
0.406
1.005
0.980
1.020
0.340
0.339
0.409
0.378
0.330
0.418
1.010
0.987
1.037
0.324
0.312
0.386
0.359
0.304
0.392
1.002
0.971
1.027
0.337
0.337
0.423
0.373
0.328
0.430
0.999
0.979
1.044
0.349
0.371
0.439
0.374
0.356
0.437
0.952
0.958
1.005
0.346
0.377
0.455
0.371
0.357
0.452
1.010
1.019
1.078
0.380
0.370
0.447
0.412
0.364
0.455
0.983
0.958
1.016
0.331
0.312
0.402
0.363
0.304
0.407
0.946
0.913
0.981
0.366
0.359
0.416
0.409
0.351
0.427
1.037
1.010
1.046
0.364
0.364
0.435
0.405
0.353
0.443
1.044
1.020
1.070
0.352
0.336
0.412
0.388
0.329
0.419
1.036
1.001
1.058
0.396
0.366
0.412
0.444
0.363
0.423
1.055
0.992
1.018
0.407
0.403
0.437
0.439
0.392
0.440
1.010
0.978
0.993
0.402
0.408
0.447
0.440
0.392
0.451
1.061
1.030
1.051
0.478
0.427
0.470
0.526
0.421
0.477
1.088
1.001
1.023
0.404
0.349
0.401
0.442
0.341
0.405
1.015
0.930
0.964
0.454
0.407
0.431
0.511
0.400
0.441
1.130
1.043
1.052
0.448
0.405
0.439
0.504
0.398
0.448
1.133
1.048
1.064
0.423
0.369
0.411
0.475
0.365
0.418
1.109
1.017
1.040
0.378
0.316
0.339
0.420
0.321
0.356
1.053
0.971
0.985
0.381
0.347
0.359
0.413
0.348
0.373
0.997
0.946
0.950
0.380
0.356
0.366
0.414
0.350
0.377
1.057
1.008
1.010
0.442
0.368
0.386
0.482
0.370
0.400
1.058
0.962
0.970
0.384
0.307
0.333
0.413
0.304
0.342
1.002
0.909
0.926
0.424
0.349
0.358
0.472
0.351
0.377
1.107
1.006
1.007
0.425
0.353
0.366
0.470
0.353
0.381
1.118
1.018
1.024
0.411
0.326
0.343
0.452
0.326
0.356
1.108
1.002
1.011
0.358
0.293
0.335
0.403
0.303
0.350
1.024
0.938
0.965
0.372
0.330
0.364
0.409
0.335
0.375
0.982
0.919
0.940
0.357
0.334
0.369
0.395
0.330
0.376
1.026
0.974
0.996
0.419
0.343
0.384
0.462
0.350
0.395
1.031
0.930
0.957
0.370
0.291
0.342
0.406
0.295
0.350
0.988
0.889
0.926
0.403
0.326
0.358
0.453
0.334
0.373
1.078
0.974
0.993
0.400
0.326
0.363
0.446
0.332
0.376
1.082
0.981
1.005
0.386
0.304
0.345
0.432
0.313
0.357
1.068
0.963
0.990
0.398
0.344
0.365
0.448
0.352
0.386
1.037
0.960
0.971
0.403
0.371
0.388
0.435
0.368
0.399
0.987
0.938
0.944
0.395
0.374
0.387
0.433
0.370
0.398
1.039
0.993
0.995
0.459
0.385
0.402
0.505
0.388
0.417
1.045
0.947
0.954
0.409
0.334
0.359
0.445
0.332
0.369
1.001
0.905
0.922
0.450
0.384
0.390
0.506
0.389
0.410
1.101
1.007
1.005
0.447
0.382
0.392
0.503
0.385
0.411
1.107
1.011
1.014
0.427
0.351
0.370
0.480
0.356
0.388
1.091
0.989
0.998
0.333
0.349
0.412
0.366
0.336
0.417
0.964
0.960
1.007
0.342
0.373
0.422
0.367
0.361
0.423
0.923
0.938
0.970
0.346
0.379
0.451
0.371
0.360
0.449
0.983
0.995
1.053
0.355
0.361
0.420
0.389
0.354
0.428
0.935
0.921
0.964
0.320
0.317
0.383
0.347
0.307
0.387
0.904
0.887
0.937
0.361
0.371
0.413
0.402
0.360
0.423
1.000
0.985
1.012
0.360
0.374
0.423
0.398
0.361
0.432
1.005
0.994
1.029
0.337
0.341
0.393
0.371
0.331
0.399
0.989
0.974
1.010
0.326
0.346
0.407
0.353
0.331
0.408
0.958
0.962
1.007
0.344
0.376
0.428
0.369
0.363
0.428
0.925
0.942
0.977
0.343
0.379
0.450
0.363
0.357
0.444
0.977
0.994
1.052
0.345
0.357
0.414
0.373
0.345
0.416
0.924
0.916
0.960
0.313
0.318
0.381
0.337
0.304
0.381
0.901
0.890
0.939
0.352
0.369
0.414
0.387
0.355
0.419
0.989
0.983
1.014
0.353
0.376
0.423
0.384
0.359
0.427
0.995
0.996
1.029
0.329
0.342
0.391
0.359
0.329
0.394
0.983
0.979
1.014
0.336
0.351
0.416
0.372
0.338
0.421
0.969
0.961
1.007
0.347
0.376
0.430
0.377
0.364
0.432
0.923
0.933
0.967
0.351
0.382
0.457
0.377
0.363
0.454
0.983
0.991
1.050
0.353
0.356
0.417
0.386
0.346
0.422
0.930
0.910
0.953
0.323
0.321
0.388
0.353
0.310
0.392
0.902
0.882
0.931
0.364
0.371
0.415
0.409
0.360
0.427
0.999
0.979
1.006
0.363
0.374
0.426
0.404
0.360
0.435
1.003
0.986
1.020
0.342
0.346
0.397
0.377
0.334
0.404
0.992
0.974
1.007
0.324
0.343
0.400
0.355
0.330
0.403
0.955
0.957
0.996
0.337
0.370
0.414
0.362
0.356
0.415
0.918
0.936
0.964
0.338
0.375
0.440
0.359
0.354
0.435
0.974
0.994
1.044
0.350
0.360
0.410
0.382
0.351
0.417
0.929
0.921
0.956
0.314
0.316
0.374
0.339
0.304
0.376
0.896
0.884
0.927
0.352
0.365
0.402
0.388
0.351
0.409
0.988
0.980
1.000
0.351
0.368
0.410
0.385
0.352
0.417
0.990
0.985
1.011
0.328
0.339
0.381
0.359
0.323
0.384
0.980
0.972
0.998
0.347
0.367
0.427
0.378
0.353
0.430
0.978
0.981
1.023
0.353
0.388
0.435
0.378
0.374
0.435
0.936
0.958
0.986
0.356
0.390
0.459
0.379
0.370
0.456
0.993
1.008
1.063
0.359
0.372
0.424
0.388
0.360
0.428
0.939
0.936
0.972
0.327
0.332
0.391
0.353
0.317
0.393
0.915
0.905
0.948
0.373
0.390
0.425
0.410
0.376
0.433
1.011
1.008
1.026
0.369
0.394
0.435
0.404
0.375
0.441
1.013
1.015
1.041
0.350
0.363
0.408
0.381
0.348
0.411
1.005
1.000
1.027
0.412
0.408
0.427
0.456
0.397
0.434
1.046
1.011
1.015
0.415
0.429
0.441
0.448
0.416
0.446
0.999
0.989
0.985
0.422
0.437
0.460
0.455
0.415
0.461
1.052
1.034
1.043
0.453
0.430
0.447
0.499
0.418
0.453
1.046
0.989
0.990
0.400
0.370
0.396
0.438
0.357
0.399
0.989
0.930
0.941
0.457
0.442
0.443
0.513
0.428
0.451
1.106
1.049
1.039
0.454
0.441
0.447
0.506
0.424
0.455
1.104
1.051
1.046
0.423
0.401
0.412
0.472
0.390
0.419
1.081
1.024
1.021
0.387
0.357
0.346
0.426
0.355
0.363
1.037
0.986
0.970
0.387
0.374
0.364
0.417
0.371
0.378
0.983
0.954
0.937
0.393
0.381
0.373
0.422
0.372
0.382
1.042
1.010
0.996
0.419
0.375
0.366
0.457
0.374
0.380
1.010
0.946
0.930
0.378
0.332
0.329
0.405
0.324
0.335
0.971
0.907
0.898
0.432
0.391
0.372
0.477
0.387
0.388
1.081
1.016
0.993
0.433
0.394
0.376
0.473
0.387
0.389
1.090
1.026
1.005
0.409
0.360
0.344
0.444
0.354
0.353
1.075
1.006
0.986
0.367
0.323
0.342
0.407
0.325
0.354
1.001
0.937
0.944
0.375
0.352
0.365
0.411
0.352
0.375
0.962
0.921
0.923
0.369
0.353
0.379
0.404
0.345
0.383
1.008
0.966
0.980
0.396
0.345
0.361
0.435
0.345
0.372
0.983
0.908
0.914
0.365
0.309
0.333
0.398
0.307
0.341
0.960
0.884
0.896
0.409
0.358
0.366
0.457
0.360
0.381
1.050
0.973
0.973
0.406
0.357
0.368
0.451
0.356
0.381
1.055
0.980
0.982
0.383
0.327
0.341
0.427
0.330
0.352
1.035
0.957
0.960
0.402
0.371
0.372
0.447
0.372
0.388
1.013
0.960
0.953
0.403
0.390
0.390
0.437
0.386
0.402
0.969
0.939
0.932
0.404
0.391
0.393
0.440
0.385
0.404
1.018
0.982
0.979
0.433
0.384
0.383
0.477
0.384
0.398
0.996
0.924
0.917
0.399
0.348
0.353
0.434
0.343
0.363
0.967
0.897
0.896
0.449
0.410
0.399
0.504
0.410
0.418
1.068
1.000
0.986
0.444
0.405
0.396
0.496
0.402
0.413
1.069
1.001
0.988
0.418
0.370
0.365
0.466
0.370
0.380
1.052
0.980
0.969
0.401
0.475
0.443
0.432
0.451
0.448
1.044
1.094
1.052
0.410
0.502
0.461
0.430
0.474
0.463
0.998
1.071
1.018
0.431
0.531
0.492
0.453
0.497
0.490
1.077
1.152
1.100
0.462
0.520
0.491
0.491
0.496
0.491
1.051
1.085
1.044
0.394
0.445
0.421
0.422
0.424
0.424
0.989
1.019
0.984
0.482
0.552
0.493
0.524
0.533
0.504
1.151
1.195
1.130
0.472
0.548
0.500
0.502
0.518
0.501
1.130
1.179
1.123
0.431
0.497
0.449
0.459
0.473
0.451
1.102
1.145
1.091
0.400
0.480
0.446
0.428
0.454
0.449
1.047
1.104
1.059
0.420
0.516
0.474
0.441
0.487
0.475
1.010
1.087
1.033
0.432
0.537
0.496
0.453
0.504
0.494
1.071
1.154
1.101
0.459
0.526
0.493
0.483
0.499
0.491
1.045
1.089
1.045
0.392
0.455
0.423
0.416
0.429
0.425
0.987
1.032
0.989
0.475
0.556
0.495
0.512
0.535
0.504
1.136
1.193
1.125
0.468
0.554
0.505
0.494
0.524
0.505
1.124
1.186
1.127
0.432
0.507
0.458
0.458
0.485
0.461
1.104
1.159
1.102
0.414
0.487
0.454
0.446
0.460
0.458
1.059
1.105
1.060
0.421
0.512
0.470
0.445
0.481
0.473
1.006
1.072
1.019
0.441
0.540
0.499
0.464
0.506
0.498
1.081
1.153
1.099
0.464
0.521
0.489
0.492
0.494
0.488
1.050
1.081
1.036
0.402
0.458
0.428
0.432
0.434
0.433
0.993
1.026
0.984
0.502
0.571
0.511
0.547
0.553
0.525
1.167
1.209
1.142
0.481
0.556
0.508
0.515
0.526
0.511
1.135
1.180
1.123
0.446
0.511
0.462
0.475
0.488
0.466
1.114
1.155
1.098
0.387
0.467
0.426
0.413
0.440
0.429
1.029
1.086
1.036
0.401
0.497
0.450
0.419
0.466
0.450
0.988
1.065
1.008
0.413
0.518
0.471
0.431
0.485
0.470
1.056
1.141
1.083
0.449
0.515
0.475
0.473
0.488
0.474
1.034
1.078
1.027
0.379
0.441
0.406
0.403
0.416
0.409
0.971
1.013
0.969
0.450
0.529
0.463
0.484
0.504
0.471
1.109
1.163
1.091
0.446
0.528
0.472
0.473
0.497
0.473
1.100
1.157
1.092
0.407
0.482
0.426
0.433
0.454
0.428
1.075
1.128
1.065
0.420
0.499
0.464
0.450
0.473
0.468
1.065
1.120
1.073
0.427
0.524
0.482
0.446
0.495
0.481
1.018
1.096
1.039
0.445
0.546
0.506
0.466
0.512
0.504
1.086
1.165
1.110
0.464
0.529
0.497
0.490
0.502
0.496
1.052
1.095
1.050
0.401
0.460
0.432
0.429
0.437
0.436
1.000
1.041
0.999
0.497
0.574
0.513
0.539
0.557
0.527
1.164
1.217
1.148
0.481
0.565
0.516
0.510
0.533
0.517
1.137
1.196
1.137
0.447
0.520
0.469
0.474
0.496
0.473
1.118
1.170
1.110
0.448
0.434
0.446
0.505
0.430
0.460
1.115
1.060
1.061
0.447
0.456
0.464
0.488
0.446
0.471
1.054
1.028
1.024
0.460
0.474
0.480
0.510
0.462
0.487
1.127
1.101
1.092
0.515
0.485
0.493
0.573
0.481
0.504
1.131
1.058
1.053
0.440
0.408
0.419
0.491
0.404
0.428
1.053
0.985
0.984
0.531
0.506
0.491
0.599
0.507
0.510
1.219
1.149
1.127
0.519
0.500
0.500
0.582
0.493
0.514
1.204
1.138
1.128
0.480
0.454
0.450
0.539
0.449
0.462
1.176
1.107
1.096
0.442
0.391
0.447
0.498
0.404
0.466
1.089
1.011
1.047
0.449
0.414
0.467
0.489
0.422
0.479
1.033
0.977
1.009
0.458
0.434
0.490
0.507
0.440
0.504
1.101
1.050
1.084
0.498
0.442
0.484
0.549
0.446
0.495
1.087
0.999
1.021
0.436
0.380
0.421
0.485
0.387
0.436
1.032
0.949
0.973
0.503
0.456
0.474
0.570
0.467
0.496
1.166
1.085
1.088
0.504
0.460
0.489
0.564
0.465
0.508
1.165
1.084
1.100
0.469
0.418
0.446
0.526
0.425
0.463
1.143
1.061
1.074
0.437
0.416
0.447
0.494
0.419
0.463
1.104
1.047
1.061
0.438
0.444
0.465
0.482
0.439
0.475
1.049
1.023
1.028
0.453
0.465
0.488
0.499
0.457
0.497
1.115
1.091
1.095
0.492
0.460
0.483
0.552
0.465
0.501
1.106
1.035
1.040
0.431
0.397
0.421
0.482
0.398
0.434
1.047
0.982
0.989
0.518
0.488
0.488
0.582
0.492
0.507
1.209
1.137
1.128
0.502
0.481
0.495
0.564
0.478
0.510
1.191
1.127
1.127
0.471
0.441
0.452
0.528
0.439
0.467
1.172
1.104
1.104
0.443
0.424
0.443
0.496
0.426
0.458
1.104
1.050
1.056
0.435
0.438
0.452
0.477
0.433
0.462
1.042
1.011
1.014
0.457
0.460
0.477
0.501
0.453
0.486
1.111
1.079
1.083
0.481
0.453
0.464
0.537
0.452
0.478
1.091
1.022
1.022
0.431
0.400
0.414
0.481
0.401
0.427
1.047
0.983
0.985
0.513
0.491
0.482
0.576
0.496
0.502
1.193
1.130
1.115
0.506
0.485
0.491
0.561
0.482
0.505
1.181
1.119
1.116
0.470
0.438
0.445
0.520
0.438
0.458
1.157
1.091
1.089
0.365
0.421
0.356
0.396
0.406
0.365
1.034
1.067
0.999
0.368
0.442
0.371
0.388
0.424
0.376
0.976
1.032
0.958
0.372
0.451
0.377
0.394
0.427
0.379
1.041
1.097
1.021
0.415
0.461
0.397
0.440
0.446
0.403
1.021
1.049
0.979
0.352
0.391
0.333
0.372
0.374
0.338
0.962
0.987
0.926
0.392
0.452
0.372
0.424
0.435
0.382
1.062
1.101
1.019
0.396
0.456
0.381
0.429
0.439
0.390
1.079
1.115
1.037
0.375
0.425
0.350
0.400
0.408
0.356
1.061
1.094
1.016
0.359
0.422
0.356
0.385
0.405
0.363
1.030
1.072
1.005
0.371
0.450
0.380
0.389
0.430
0.383
0.978
1.041
0.968
0.369
0.454
0.381
0.386
0.431
0.381
1.034
1.101
1.024
0.405
0.462
0.395
0.425
0.444
0.397
1.010
1.053
0.980
0.345
0.395
0.334
0.361
0.376
0.336
0.960
0.998
0.931
0.383
0.453
0.372
0.409
0.436
0.380
1.049
1.103
1.018
0.388
0.457
0.382
0.415
0.440
0.388
1.070
1.120
1.040
0.367
0.425
0.350
0.388
0.409
0.355
1.055
1.099
1.021
0.376
0.431
0.364
0.409
0.417
0.374
1.047
1.079
1.008
0.379
0.452
0.380
0.402
0.433
0.387
0.983
1.035
0.960
0.381
0.461
0.386
0.405
0.439
0.390
1.048
1.105
1.027
0.417
0.464
0.396
0.442
0.447
0.401
1.020
1.047
0.975
0.357
0.401
0.338
0.380
0.385
0.345
0.964
0.992
0.925
0.399
0.459
0.377
0.433
0.442
0.389
1.064
1.103
1.019
0.403
0.462
0.387
0.437
0.444
0.396
1.081
1.114
1.036
0.384
0.433
0.357
0.409
0.417
0.363
1.066
1.097
1.019
0.358
0.423
0.351
0.385
0.406
0.359
1.027
1.071
0.998
0.365
0.445
0.371
0.383
0.425
0.374
0.972
1.034
0.958
0.364
0.452
0.374
0.383
0.429
0.377
1.032
1.102
1.021
0.408
0.465
0.393
0.431
0.449
0.399
1.012
1.054
0.978
0.344
0.394
0.330
0.362
0.377
0.335
0.955
0.992
0.924
0.381
0.449
0.364
0.408
0.432
0.373
1.046
1.097
1.009
0.386
0.455
0.374
0.414
0.436
0.382
1.063
1.111
1.028
0.362
0.422
0.341
0.383
0.402
0.345
1.050
1.093
1.009
0.379
0.443
0.376
0.406
0.425
0.384
1.047
1.091
1.020
0.384
0.465
0.391
0.399
0.443
0.393
0.990
1.055
0.978
0.385
0.469
0.393
0.404
0.445
0.395
1.052
1.117
1.038
0.416
0.471
0.404
0.435
0.452
0.406
1.020
1.061
0.988
0.357
0.406
0.345
0.376
0.387
0.349
0.971
1.007
0.941
0.401
0.470
0.387
0.429
0.452
0.397
1.070
1.121
1.035
0.404
0.474
0.398
0.432
0.454
0.404
1.086
1.135
1.054
0.386
0.445
0.368
0.407
0.425
0.371
1.072
1.114
1.033
0.414
0.391
0.369
0.457
0.389
0.383
1.096
1.042
1.017
0.404
0.404
0.380
0.434
0.399
0.388
1.023
0.998
0.970
0.409
0.410
0.380
0.445
0.402
0.388
1.095
1.066
1.031
0.466
0.433
0.406
0.505
0.430
0.417
1.085
1.024
0.993
0.394
0.357
0.337
0.423
0.353
0.344
1.012
0.955
0.930
0.444
0.414
0.381
0.494
0.412
0.397
1.130
1.067
1.031
0.445
0.419
0.391
0.493
0.415
0.405
1.144
1.082
1.051
0.423
0.390
0.359
0.466
0.386
0.370
1.128
1.065
1.032
0.408
0.358
0.373
0.454
0.368
0.393
1.074
1.002
1.009
0.407
0.373
0.387
0.439
0.380
0.400
1.004
0.955
0.960
0.405
0.380
0.391
0.442
0.384
0.403
1.069
1.024
1.023
0.450
0.399
0.402
0.487
0.401
0.412
1.051
0.979
0.972
0.390
0.337
0.344
0.423
0.342
0.356
0.997
0.928
0.926
0.431
0.384
0.378
0.480
0.390
0.397
1.099
1.025
1.013
0.441
0.396
0.394
0.489
0.401
0.412
1.122
1.048
1.040
0.412
0.362
0.358
0.456
0.366
0.373
1.101
1.027
1.017
0.393
0.363
0.355
0.433
0.364
0.370
1.073
1.016
1.003
0.394
0.390
0.371
0.422
0.388
0.381
1.013
0.986
0.963
0.393
0.394
0.373
0.423
0.386
0.379
1.073
1.046
1.019
0.442
0.411
0.392
0.480
0.411
0.404
1.062
1.004
0.979
0.379
0.344
0.331
0.408
0.342
0.339
1.004
0.950
0.930
0.424
0.393
0.368
0.469
0.391
0.382
1.113
1.048
1.021
0.425
0.398
0.378
0.469
0.395
0.391
1.128
1.066
1.042
0.405
0.369
0.349
0.443
0.366
0.359
1.111
1.048
1.023
0.390
0.365
0.353
0.431
0.365
0.367
1.069
1.013
1.000
0.386
0.379
0.363
0.414
0.376
0.372
1.005
0.974
0.956
0.391
0.384
0.368
0.421
0.379
0.374
1.064
1.030
1.011
0.428
0.398
0.377
0.463
0.394
0.387
1.042
0.984
0.961
0.375
0.343
0.327
0.404
0.342
0.336
0.999
0.945
0.926
0.420
0.395
0.366
0.462
0.393
0.380
1.095
1.038
1.010
0.426
0.399
0.378
0.466
0.398
0.390
1.116
1.057
1.034
0.399
0.363
0.344
0.435
0.361
0.353
1.095
1.032
1.011
0.329
0.377
0.351
0.358
0.365
0.353
0.958
0.987
0.951
0.347
0.411
0.380
0.368
0.394
0.378
0.921
0.969
0.928
0.343
0.417
0.391
0.362
0.392
0.384
0.970
1.024
0.987
0.372
0.412
0.385
0.396
0.397
0.385
0.944
0.967
0.930
0.331
0.363
0.345
0.348
0.346
0.341
0.909
0.929
0.899
0.363
0.414
0.368
0.393
0.399
0.373
0.993
1.025
0.974
0.364
0.417
0.379
0.391
0.398
0.379
1.000
1.032
0.986
0.333
0.376
0.339
0.360
0.363
0.341
0.981
1.007
0.963
0.323
0.378
0.350
0.347
0.363
0.351
0.958
0.996
0.960
0.351
0.418
0.390
0.370
0.400
0.386
0.931
0.983
0.943
0.342
0.419
0.394
0.355
0.393
0.383
0.968
1.027
0.992
0.362
0.409
0.381
0.380
0.392
0.378
0.937
0.969
0.932
0.324
0.366
0.344
0.338
0.346
0.340
0.908
0.939
0.906
0.352
0.415
0.371
0.378
0.398
0.373
0.984
1.030
0.980
0.355
0.418
0.378
0.376
0.398
0.377
0.992
1.038
0.990
0.326
0.379
0.342
0.349
0.366
0.342
0.980
1.019
0.973
0.343
0.391
0.362
0.373
0.378
0.365
0.977
1.005
0.965
0.359
0.421
0.391
0.382
0.403
0.390
0.932
0.975
0.934
0.356
0.428
0.403
0.375
0.405
0.395
0.982
1.033
0.995
0.375
0.412
0.383
0.397
0.397
0.382
0.948
0.968
0.928
0.338
0.374
0.350
0.357
0.356
0.349
0.915
0.936
0.901
0.370
0.420
0.374
0.402
0.406
0.380
1.000
1.029
0.978
0.374
0.425
0.385
0.401
0.405
0.385
1.008
1.036
0.988
0.342
0.385
0.347
0.368
0.372
0.349
0.988
1.013
0.966
0.323
0.379
0.343
0.347
0.365
0.344
0.956
0.996
0.950
0.342
0.409
0.374
0.360
0.390
0.370
0.919
0.971
0.925
0.336
0.416
0.383
0.349
0.390
0.373
0.964
1.027
0.982
0.370
0.417
0.381
0.389
0.401
0.379
0.944
0.977
0.930
0.323
0.367
0.337
0.337
0.346
0.333
0.902
0.933
0.893
0.352
0.410
0.357
0.376
0.393
0.360
0.981
1.023
0.964
0.352
0.413
0.365
0.374
0.390
0.363
0.988
1.028
0.974
0.324
0.376
0.330
0.346
0.359
0.329
0.972
1.009
0.955
0.361
0.414
0.377
0.385
0.397
0.377
0.993
1.028
0.982
0.371
0.439
0.402
0.389
0.418
0.398
0.947
1.000
0.952
0.369
0.443
0.410
0.384
0.417
0.401
0.996
1.053
1.007
0.394
0.437
0.402
0.409
0.416
0.397
0.967
0.997
0.953
0.350
0.390
0.363
0.365
0.368
0.357
0.935
0.963
0.924
0.389
0.447
0.394
0.415
0.429
0.397
1.018
1.060
1.001
0.390
0.450
0.404
0.409
0.424
0.399
1.025
1.066
1.012
0.361
0.411
0.365
0.382
0.393
0.364
1.008
1.043
0.990
0.382
0.349
0.354
0.423
0.348
0.362
1.032
0.971
0.969
0.392
0.374
0.380
0.424
0.370
0.383
0.984
0.942
0.938
0.384
0.374
0.382
0.418
0.366
0.382
1.034
0.995
0.990
0.432
0.387
0.389
0.471
0.385
0.395
1.029
0.957
0.949
0.381
0.332
0.342
0.410
0.326
0.343
0.973
0.901
0.902
0.423
0.382
0.372
0.470
0.380
0.383
1.075
1.001
0.987
0.418
0.382
0.379
0.462
0.376
0.385
1.077
1.007
0.998
0.392
0.348
0.344
0.435
0.346
0.352
1.062
0.989
0.979
0.376
0.322
0.362
0.416
0.332
0.372
1.003
0.931
0.955
0.396
0.351
0.393
0.427
0.358
0.398
0.963
0.904
0.928
0.382
0.351
0.397
0.414
0.352
0.400
1.007
0.956
0.984
0.418
0.358
0.388
0.452
0.362
0.394
0.989
0.908
0.923
0.381
0.318
0.354
0.410
0.319
0.357
0.956
0.877
0.899
0.409
0.354
0.372
0.457
0.361
0.386
1.039
0.958
0.966
0.417
0.362
0.387
0.457
0.365
0.396
1.050
0.969
0.983
0.382
0.324
0.347
0.425
0.332
0.358
1.031
0.951
0.961
0.356
0.324
0.345
0.395
0.326
0.353
1.000
0.943
0.952
0.376
0.358
0.376
0.406
0.356
0.378
0.965
0.924
0.931
0.363
0.359
0.380
0.391
0.348
0.377
1.007
0.973
0.981
0.401
0.361
0.376
0.438
0.362
0.383
0.994
0.927
0.931
0.361
0.317
0.338
0.389
0.313
0.339
0.958
0.893
0.902
0.396
0.357
0.362
0.438
0.356
0.370
1.050
0.978
0.977
0.392
0.356
0.369
0.431
0.352
0.373
1.052
0.985
0.988
0.369
0.326
0.336
0.407
0.325
0.343
1.037
0.968
0.969
0.363
0.329
0.346
0.401
0.331
0.354
1.004
0.947
0.953
0.371
0.351
0.368
0.401
0.349
0.371
0.963
0.920
0.926
0.368
0.355
0.378
0.397
0.347
0.375
1.005
0.966
0.975
0.393
0.354
0.364
0.428
0.352
0.369
0.982
0.918
0.919
0.364
0.322
0.338
0.394
0.319
0.341
0.964
0.899
0.905
0.394
0.361
0.361
0.438
0.360
0.371
1.038
0.974
0.970
0.399
0.364
0.371
0.437
0.361
0.377
1.050
0.986
0.986
0.370
0.325
0.335
0.406
0.324
0.340
1.030
0.961
0.963
0.401
0.469
0.410
0.434
0.452
0.420
1.032
1.079
1.017
0.400
0.484
0.426
0.421
0.461
0.430
0.978
1.045
0.982
0.418
0.512
0.450
0.440
0.482
0.450
1.054
1.126
1.059
0.451
0.500
0.447
0.484
0.487
0.456
1.035
1.066
1.009
0.393
0.438
0.391
0.418
0.421
0.397
0.981
1.011
0.961
0.447
0.516
0.445
0.483
0.498
0.456
1.087
1.134
1.061
0.448
0.521
0.457
0.482
0.498
0.464
1.096
1.145
1.077
0.417
0.480
0.412
0.445
0.462
0.420
1.070
1.115
1.045
0.398
0.472
0.412
0.426
0.453
0.421
1.031
1.086
1.025
0.405
0.494
0.435
0.426
0.471
0.440
0.986
1.059
0.995
0.418
0.517
0.453
0.437
0.489
0.453
1.052
1.132
1.065
0.445
0.504
0.447
0.472
0.489
0.455
1.031
1.073
1.012
0.390
0.446
0.394
0.411
0.427
0.399
0.982
1.026
0.968
0.444
0.524
0.452
0.477
0.507
0.463
1.085
1.145
1.070
0.444
0.526
0.461
0.473
0.506
0.467
1.092
1.155
1.084
0.413
0.485
0.416
0.437
0.468
0.423
1.068
1.125
1.053
0.420
0.486
0.422
0.453
0.469
0.434
1.057
1.099
1.033
0.417
0.500
0.439
0.442
0.476
0.447
0.997
1.058
0.995
0.437
0.528
0.460
0.459
0.501
0.464
1.075
1.143
1.073
0.463
0.510
0.453
0.494
0.498
0.462
1.049
1.077
1.015
0.409
0.458
0.403
0.435
0.442
0.412
0.996
1.029
0.971
0.468
0.536
0.463
0.505
0.521
0.477
1.111
1.157
1.082
0.469
0.540
0.475
0.502
0.518
0.481
1.118
1.163
1.093
0.434
0.495
0.426
0.462
0.479
0.434
1.088
1.130
1.059
0.392
0.466
0.403
0.421
0.448
0.412
1.026
1.079
1.013
0.395
0.483
0.424
0.416
0.459
0.428
0.974
1.044
0.980
0.407
0.508
0.440
0.427
0.480
0.444
1.045
1.125
1.055
0.444
0.502
0.443
0.473
0.488
0.453
1.031
1.070
1.006
0.384
0.440
0.386
0.407
0.422
0.392
0.971
1.012
0.953
0.437
0.511
0.435
0.470
0.494
0.448
1.077
1.130
1.052
0.439
0.517
0.446
0.470
0.495
0.454
1.085
1.140
1.065
0.407
0.476
0.403
0.432
0.456
0.410
1.060
1.111
1.035
0.418
0.490
0.427
0.448
0.471
0.436
1.051
1.102
1.036
0.417
0.505
0.442
0.436
0.480
0.446
0.997
1.068
1.001
0.427
0.522
0.457
0.448
0.494
0.459
1.065
1.140
1.070
0.457
0.511
0.454
0.484
0.496
0.462
1.042
1.080
1.019
0.401
0.452
0.399
0.424
0.435
0.406
0.991
1.030
0.971
0.459
0.532
0.460
0.493
0.516
0.472
1.098
1.153
1.076
0.456
0.535
0.469
0.488
0.513
0.476
1.102
1.160
1.089
0.429
0.496
0.425
0.454
0.478
0.433
1.082
1.133
1.058
0.453
0.432
0.419
0.502
0.432
0.434
1.103
1.051
1.033
0.440
0.438
0.432
0.477
0.433
0.442
1.033
1.005
0.992
0.454
0.460
0.445
0.496
0.453
0.454
1.114
1.088
1.065
0.511
0.471
0.456
0.561
0.474
0.471
1.117
1.046
1.026
0.444
0.403
0.394
0.482
0.401
0.404
1.044
0.977
0.963
0.506
0.477
0.454
0.565
0.479
0.472
1.165
1.100
1.073
0.505
0.479
0.465
0.563
0.477
0.480
1.176
1.111
1.092
0.474
0.443
0.422
0.525
0.442
0.436
1.150
1.087
1.063
0.440
0.396
0.418
0.489
0.407
0.437
1.071
1.005
1.016
0.437
0.404
0.437
0.476
0.411
0.450
1.011
0.960
0.979
0.447
0.427
0.454
0.491
0.433
0.467
1.085
1.042
1.053
0.488
0.434
0.447
0.535
0.443
0.464
1.071
0.994
0.995
0.436
0.382
0.398
0.477
0.388
0.412
1.021
0.948
0.954
0.485
0.442
0.444
0.545
0.454
0.468
1.124
1.053
1.047
0.492
0.449
0.460
0.550
0.457
0.481
1.140
1.067
1.069
0.454
0.408
0.414
0.506
0.416
0.433
1.110
1.040
1.037
0.424
0.399
0.401
0.470
0.403
0.418
1.072
1.019
1.013
0.424
0.420
0.423
0.461
0.418
0.434
1.020
0.990
0.986
0.432
0.436
0.436
0.467
0.430
0.443
1.087
1.061
1.052
0.477
0.439
0.437
0.528
0.448
0.457
1.083
1.016
1.006
0.420
0.381
0.382
0.458
0.383
0.395
1.026
0.963
0.958
0.479
0.446
0.437
0.530
0.448
0.454
1.142
1.075
1.061
0.477
0.449
0.448
0.529
0.449
0.463
1.151
1.088
1.079
0.449
0.414
0.407
0.493
0.414
0.420
1.126
1.063
1.050
0.416
0.394
0.392
0.462
0.397
0.407
1.061
1.010
1.002
0.411
0.404
0.406
0.447
0.402
0.417
1.008
0.974
0.971
0.428
0.425
0.424
0.464
0.419
0.432
1.075
1.042
1.035
0.458
0.424
0.414
0.505
0.427
0.430
1.058
0.993
0.979
0.415
0.380
0.374
0.452
0.379
0.385
1.020
0.960
0.949
0.466
0.444
0.425
0.519
0.446
0.442
1.116
1.059
1.039
0.469
0.446
0.437
0.519
0.444
0.450
1.127
1.068
1.055
0.437
0.402
0.393
0.480
0.403
0.406
1.102
1.039
1.027
