0.946
1.089
0.499
0.987
1.137
0.546
0.947
1.105
0.509
1.194
1.362
0.758
0.950
1.102
0.516
0.996
1.149
0.547
1.166
1.309
0.721
0.957
1.105
0.515
1.138
1.299
0.704
0.949
1.100
0.502
0.964
1.023
0.502
0.972
1.060
0.515
0.861
0.925
0.462
0.976
1.012
0.516
0.951
1.016
0.498
0.968
1.029
0.510
0.903
0.958
0.476
0.910
0.985
0.484
0.971
1.045
0.513
1.023
1.165
0.599
0.951
1.089
0.493
0.960
1.108
0.509
0.965
1.116
0.504
0.891
1.016
0.475
0.810
0.932
0.423
0.922
1.055
0.501
0.960
1.127
0.509
0.958
1.081
0.502
0.965
1.087
0.504
0.953
1.085
0.499
0.916
0.984
0.477
0.963
1.066
0.496
0.992
1.098
0.527
0.980
1.092
0.520
0.960
1.080
0.500
0.973
1.117
0.523
0.816
0.944
0.438
0.959
1.108
0.522
0.967
1.109
0.508
0.982
1.123
0.513
0.978
1.110
0.511
0.971
1.116
0.506
0.993
1.151
0.546
0.994
1.116
0.558
0.958
1.105
0.494
1.001
1.135
0.531
0.940
1.077
0.490
0.980
1.103
0.523
0.943
1.079
0.494
1.176
1.313
0.725
0.944
1.070
0.498
1.006
1.132
0.544
1.157
1.273
0.698
0.953
1.071
0.499
1.132
1.268
0.687
0.940
1.069
0.485
0.969
0.992
0.492
0.976
1.025
0.506
0.863
0.891
0.446
0.976
0.978
0.500
0.957
0.982
0.484
0.971
1.003
0.497
0.905
0.926
0.462
0.918
0.953
0.474
0.975
1.015
0.501
1.010
1.122
0.572
0.959
1.066
0.480
0.962
1.085
0.496
0.969
1.093
0.491
0.895
0.983
0.458
0.806
0.907
0.406
0.924
1.028
0.487
0.970
1.108
0.500
0.968
1.046
0.490
0.981
1.066
0.497
0.965
1.057
0.490
0.923
0.956
0.468
0.978
1.041
0.489
1.010
1.070
0.518
0.988
1.054
0.506
0.973
1.050
0.488
0.986
1.099
0.516
0.821
0.924
0.427
0.959
1.076
0.500
0.982
1.091
0.498
0.994
1.105
0.502
0.988
1.080
0.494
0.984
1.093
0.493
1.007
1.128
0.538
1.004
1.095
0.551
0.974
1.089
0.484
1.013
1.113
0.517
0.914
1.071
0.482
0.914
1.055
0.473
0.918
1.079
0.488
1.152
1.316
0.718
0.918
1.072
0.491
0.966
1.122
0.526
1.119
1.260
0.679
0.924
1.069
0.488
1.103
1.262
0.677
0.915
1.067
0.478
0.940
0.993
0.483
0.947
1.031
0.496
0.841
0.896
0.442
0.953
0.988
0.497
0.930
0.993
0.479
0.948
1.010
0.493
0.882
0.932
0.457
0.891
0.960
0.466
0.953
1.028
0.497
0.995
1.134
0.571
0.931
1.064
0.474
0.935
1.081
0.486
0.941
1.088
0.481
0.867
0.985
0.453
0.787
0.911
0.404
0.897
1.028
0.478
0.939
1.099
0.489
0.941
1.055
0.486
0.956
1.065
0.491
0.938
1.058
0.483
0.895
0.957
0.461
0.951
1.037
0.483
0.978
1.068
0.514
0.960
1.062
0.499
0.948
1.049
0.487
0.953
1.088
0.506
0.795
0.918
0.418
0.935
1.080
0.496
0.950
1.082
0.491
0.961
1.095
0.495
0.954
1.071
0.482
0.952
1.085
0.487
0.971
1.123
0.527
0.976
1.093
0.544
0.941
1.079
0.473
0.984
1.108
0.514
0.945
1.097
0.506
0.938
1.080
0.496
0.981
1.127
0.540
1.178
1.335
0.737
0.947
1.092
0.512
0.993
1.142
0.546
1.145
1.289
0.702
0.951
1.094
0.512
1.141
1.293
0.707
0.938
1.092
0.499
0.963
1.016
0.498
0.972
1.056
0.510
0.866
0.924
0.459
0.977
1.009
0.514
0.952
1.021
0.496
0.970
1.035
0.509
0.904
0.956
0.472
0.916
0.986
0.486
0.973
1.049
0.511
1.012
1.145
0.586
0.955
1.086
0.492
0.964
1.103
0.508
0.973
1.113
0.506
0.894
1.018
0.470
0.813
0.934
0.424
0.922
1.048
0.494
0.966
1.120
0.508
0.960
1.080
0.499
0.973
1.095
0.504
0.960
1.084
0.498
0.921
0.997
0.478
0.974
1.073
0.499
1.007
1.103
0.532
0.986
1.088
0.516
0.974
1.087
0.504
0.982
1.115
0.527
0.819
0.939
0.435
0.953
1.093
0.509
0.971
1.104
0.505
0.982
1.115
0.507
0.981
1.100
0.505
0.981
1.112
0.507
0.997
1.141
0.542
1.000
1.111
0.560
0.964
1.098
0.491
1.005
1.129
0.528
0.931
1.097
0.493
0.931
1.079
0.484
0.973
1.128
0.528
0.935
1.097
0.495
0.939
1.095
0.502
0.991
1.156
0.545
1.145
1.296
0.699
0.943
1.096
0.502
1.123
1.289
0.689
0.937
1.091
0.490
0.956
1.013
0.490
0.963
1.052
0.505
0.854
0.914
0.451
0.971
1.010
0.508
0.948
1.012
0.492
0.965
1.031
0.504
0.895
0.946
0.466
0.908
0.975
0.477
0.968
1.044
0.506
1.005
1.149
0.579
0.954
1.095
0.490
0.951
1.102
0.495
0.959
1.116
0.493
0.887
1.008
0.464
0.802
0.931
0.414
0.914
1.046
0.489
0.951
1.125
0.497
0.954
1.075
0.492
0.967
1.086
0.496
0.948
1.081
0.490
0.908
0.975
0.468
0.966
1.067
0.491
0.988
1.089
0.514
0.975
1.087
0.508
0.962
1.076
0.492
0.971
1.116
0.516
0.811
0.938
0.429
0.948
1.099
0.504
0.963
1.106
0.496
0.974
1.122
0.501
0.973
1.102
0.494
0.968
1.112
0.496
0.983
1.138
0.530
0.995
1.120
0.557
0.954
1.102
0.481
0.998
1.135
0.521
0.936
1.086
0.499
0.935
1.071
0.491
0.979
1.121
0.538
0.935
1.089
0.502
1.172
1.331
0.736
0.968
1.122
0.526
1.138
1.282
0.699
0.945
1.082
0.503
1.126
1.279
0.697
0.940
1.086
0.498
0.957
1.010
0.499
0.965
1.044
0.513
0.858
0.915
0.458
0.970
1.005
0.513
0.948
1.011
0.498
0.965
1.024
0.509
0.894
0.941
0.468
0.909
0.974
0.485
0.973
1.041
0.514
1.001
1.134
0.580
0.948
1.079
0.489
0.951
1.094
0.503
0.959
1.105
0.499
0.890
1.007
0.472
0.803
0.922
0.418
0.917
1.040
0.497
0.956
1.112
0.507
0.960
1.067
0.503
0.969
1.084
0.507
0.955
1.078
0.502
0.912
0.970
0.475
0.966
1.051
0.496
0.998
1.086
0.529
0.976
1.073
0.514
0.966
1.064
0.501
0.971
1.105
0.525
0.808
0.929
0.431
0.948
1.085
0.508
0.964
1.095
0.503
0.977
1.107
0.508
0.974
1.085
0.500
0.973
1.103
0.505
0.994
1.134
0.540
1.002
1.110
0.565
0.958
1.094
0.491
0.998
1.117
0.525
0.970
1.122
0.522
0.969
1.099
0.515
1.009
1.149
0.562
0.970
1.119
0.523
1.207
1.359
0.758
0.967
1.109
0.525
1.158
1.300
0.706
0.977
1.115
0.524
1.159
1.310
0.717
0.968
1.109
0.513
0.986
1.041
0.516
0.993
1.078
0.526
0.877
0.928
0.467
0.996
1.036
0.529
0.973
1.032
0.510
0.989
1.044
0.523
0.920
0.962
0.483
0.930
0.993
0.493
0.990
1.063
0.523
1.033
1.165
0.599
0.973
1.102
0.504
0.986
1.124
0.524
0.986
1.128
0.516
0.903
1.014
0.477
0.821
0.937
0.429
0.946
1.066
0.514
0.985
1.135
0.522
0.983
1.090
0.514
0.993
1.105
0.519
0.973
1.090
0.504
0.932
0.986
0.484
0.988
1.080
0.510
1.013
1.103
0.537
1.006
1.105
0.531
0.991
1.096
0.520
0.998
1.128
0.538
0.822
0.942
0.438
0.981
1.113
0.530
0.999
1.131
0.528
1.001
1.133
0.524
1.017
1.131
0.537
0.993
1.123
0.519
1.019
1.158
0.557
1.007
1.117
0.563
0.985
1.119
0.508
1.024
1.143
0.541
0.983
1.120
0.537
0.989
1.102
0.530
1.026
1.150
0.574
0.985
1.119
0.537
1.217
1.355
0.767
0.974
1.101
0.531
1.019
1.154
0.565
0.999
1.122
0.547
1.177
1.313
0.736
0.984
1.111
0.530
1.001
1.051
0.529
1.014
1.091
0.548
0.896
0.943
0.482
1.015
1.047
0.546
0.993
1.044
0.531
1.008
1.069
0.541
0.940
0.987
0.503
0.947
1.008
0.509
1.011
1.076
0.542
1.044
1.160
0.609
1.009
1.122
0.539
1.000
1.124
0.536
1.000
1.127
0.529
0.939
1.050
0.510
0.852
0.956
0.455
0.958
1.070
0.525
1.001
1.134
0.534
0.997
1.104
0.532
1.009
1.117
0.535
0.992
1.104
0.525
0.945
1.005
0.497
1.008
1.087
0.529
1.034
1.116
0.557
1.021
1.110
0.548
1.006
1.101
0.536
1.018
1.129
0.558
0.839
0.946
0.449
0.995
1.119
0.545
1.007
1.124
0.537
1.011
1.126
0.534
1.015
1.116
0.533
1.005
1.117
0.531
1.023
1.145
0.563
1.027
1.123
0.584
0.993
1.113
0.516
1.025
1.131
0.544
0.927
1.074
0.494
0.922
1.047
0.487
0.965
1.099
0.529
0.926
1.073
0.498
1.169
1.320
0.738
0.927
1.064
0.496
0.970
1.111
0.526
1.132
1.266
0.693
1.122
1.269
0.694
0.922
1.069
0.488
0.954
0.995
0.492
0.961
1.037
0.505
0.851
0.907
0.452
0.963
0.990
0.507
0.940
0.989
0.488
0.957
1.008
0.498
0.889
0.929
0.463
0.903
0.955
0.473
0.962
1.020
0.502
1.001
1.127
0.578
0.944
1.067
0.485
0.952
1.085
0.499
0.955
1.089
0.493
0.875
0.988
0.458
0.794
0.908
0.410
0.906
1.025
0.485
0.950
1.093
0.497
0.947
1.050
0.491
0.961
1.066
0.497
0.945
1.059
0.490
0.905
0.963
0.469
0.957
1.041
0.488
0.986
1.070
0.519
0.967
1.057
0.504
0.953
1.046
0.491
0.964
1.085
0.516
0.802
0.916
0.425
0.936
1.063
0.500
0.958
1.079
0.496
0.970
1.090
0.501
0.963
1.066
0.492
0.960
1.080
0.495
0.979
1.109
0.530
0.996
1.098
0.560
0.949
1.072
0.479
0.995
1.101
0.518
0.915
1.086
0.479
0.918
1.072
0.472
0.947
1.108
0.509
0.916
1.083
0.481
1.143
1.324
0.708
0.920
1.084
0.487
0.960
1.128
0.515
1.101
1.252
0.657
0.926
1.086
0.487
0.920
1.078
0.474
0.936
1.008
0.478
0.947
1.048
0.491
0.836
0.902
0.436
0.950
1.009
0.493
0.928
1.003
0.475
0.939
1.016
0.486
0.878
0.937
0.451
0.889
0.967
0.462
0.951
1.037
0.491
0.994
1.146
0.570
0.932
1.079
0.473
0.938
1.096
0.484
0.942
1.103
0.480
0.869
0.995
0.450
0.788
0.918
0.402
0.894
1.037
0.472
0.939
1.113
0.484
0.938
1.072
0.480
0.946
1.080
0.484
0.933
1.073
0.477
0.892
0.974
0.455
0.945
1.056
0.479
0.978
1.079
0.509
0.952
1.075
0.491
0.942
1.064
0.479
0.948
1.102
0.499
0.796
0.926
0.414
0.934
1.092
0.492
0.945
1.095
0.484
0.949
1.099
0.484
0.944
1.079
0.472
0.947
1.094
0.481
0.966
1.131
0.519
0.975
1.097
0.538
0.937
1.090
0.468
0.979
1.118
0.510
0.935
1.087
0.494
0.929
1.066
0.486
0.975
1.114
0.534
0.934
1.091
0.499
1.180
1.332
0.739
0.946
1.086
0.506
0.993
1.135
0.540
1.145
1.281
0.696
0.945
1.086
0.504
1.136
1.285
0.698
0.960
1.023
0.494
0.967
1.050
0.504
0.864
0.921
0.453
0.974
1.017
0.506
0.951
1.019
0.492
0.968
1.041
0.503
0.898
0.952
0.466
0.912
0.981
0.479
0.969
1.044
0.502
1.023
1.149
0.592
0.953
1.078
0.484
0.958
1.091
0.497
0.957
1.094
0.489
0.893
1.012
0.466
0.810
0.924
0.415
0.920
1.042
0.490
0.963
1.114
0.504
0.957
1.072
0.495
0.970
1.093
0.502
0.959
1.083
0.496
0.915
0.991
0.471
0.973
1.071
0.497
0.994
1.094
0.524
0.972
1.079
0.505
0.962
1.074
0.495
0.971
1.098
0.515
0.817
0.929
0.431
0.957
1.090
0.511
0.967
1.099
0.504
0.976
1.104
0.502
0.980
1.094
0.504
0.968
1.096
0.498
0.981
1.120
0.529
1.000
1.115
0.564
0.960
1.091
0.488
0.998
1.119
0.521
0.989
0.917
0.475
1.004
0.895
0.473
1.036
0.955
0.522
0.994
0.907
0.480
1.245
1.163
0.731
1.007
0.913
0.492
1.044
0.964
0.520
1.204
1.121
0.683
1.005
0.914
0.487
1.181
1.108
0.675
0.992
0.919
0.478
1.022
0.918
0.491
0.905
0.811
0.440
1.025
0.897
0.494
1.004
0.886
0.476
1.013
0.895
0.487
0.951
0.848
0.458
0.960
0.867
0.467
1.023
0.923
0.494
1.062
0.995
0.567
1.001
0.913
0.471
1.010
0.929
0.486
1.009
0.943
0.478
0.942
0.861
0.450
0.853
0.779
0.401
0.965
0.883
0.473
1.022
0.944
0.489
1.022
0.926
0.489
1.026
0.928
0.486
1.012
0.924
0.478
0.965
0.867
0.457
1.025
0.923
0.478
1.054
0.925
0.502
1.040
0.934
0.500
1.023
0.920
0.485
1.034
0.938
0.505
0.854
0.800
0.417
1.018
0.923
0.499
1.026
0.932
0.488
1.031
0.935
0.486
1.029
0.934
0.481
1.026
0.935
0.485
1.045
0.967
0.521
1.023
0.938
0.517
1.016
0.932
0.473
1.049
0.962
0.507
1.018
0.934
0.498
1.033
0.918
0.498
1.073
0.983
0.552
1.028
0.934
0.504
1.275
1.186
0.755
1.033
0.930
0.511
1.075
0.983
0.542
1.241
1.146
0.709
1.035
0.935
0.510
1.231
1.150
0.716
1.021
0.933
0.497
1.037
0.917
0.500
0.933
0.826
0.461
1.056
0.921
0.517
1.037
0.911
0.501
1.056
0.933
0.518
0.973
0.860
0.473
0.985
0.882
0.487
1.055
0.936
0.515
1.084
1.002
0.583
1.034
0.932
0.495
1.038
0.945
0.508
1.039
0.962
0.501
0.969
0.879
0.469
0.877
0.799
0.421
0.991
0.901
0.494
1.041
0.950
0.506
1.044
0.932
0.504
1.049
0.940
0.505
1.034
0.932
0.499
0.990
0.878
0.478
1.053
0.925
0.500
1.085
0.949
0.531
1.060
0.939
0.517
1.052
0.930
0.505
1.062
0.951
0.528
0.881
0.811
0.437
1.039
0.940
0.517
1.050
0.942
0.506
1.057
0.950
0.507
1.063
0.954
0.510
1.051
0.946
0.503
1.069
0.967
0.537
1.059
0.965
0.548
1.043
0.941
0.493
1.077
0.974
0.527
0.866
0.783
0.422
0.878
0.758
0.416
0.905
0.813
0.459
0.873
0.783
0.427
1.088
0.997
0.641
0.878
0.776
0.432
0.918
0.825
0.460
1.075
0.971
0.620
0.883
0.781
0.430
1.055
0.965
0.614
0.866
0.775
0.417
0.890
0.761
0.425
0.901
0.776
0.436
0.904
0.767
0.438
0.885
0.745
0.424
0.900
0.762
0.432
0.851
0.728
0.410
0.855
0.747
0.414
0.899
0.775
0.433
0.936
0.845
0.503
0.888
0.783
0.415
0.881
0.788
0.427
0.882
0.798
0.419
0.842
0.751
0.404
0.775
0.697
0.367
0.865
0.765
0.425
0.894
0.804
0.430
0.900
0.780
0.431
0.905
0.793
0.434
0.894
0.792
0.425
0.868
0.745
0.413
0.910
0.782
0.427
0.932
0.788
0.453
0.909
0.785
0.439
0.908
0.774
0.435
0.911
0.807
0.449
0.770
0.699
0.375
0.885
0.786
0.437
0.902
0.791
0.432
0.908
0.790
0.431
0.902
0.793
0.422
0.904
0.789
0.431
0.925
0.812
0.463
0.919
0.805
0.472
0.896
0.792
0.420
0.924
0.818
0.448
1.005
0.875
0.490
1.017
0.860
0.487
1.061
0.932
0.549
1.010
0.873
0.496
1.260
1.132
0.751
1.015
0.870
0.503
1.044
0.906
0.521
1.216
1.079
0.692
1.019
0.878
0.504
1.219
1.096
0.714
1.004
0.879
0.486
1.028
0.849
0.490
1.039
0.867
0.504
0.923
0.781
0.455
1.022
0.840
0.489
1.035
0.861
0.499
0.965
0.805
0.468
0.976
0.831
0.483
1.038
0.874
0.506
1.066
0.937
0.571
1.011
0.875
0.481
1.019
0.881
0.494
1.024
0.900
0.492
0.952
0.824
0.460
0.862
0.755
0.415
0.977
0.845
0.487
1.028
0.889
0.498
1.031
0.870
0.495
1.037
0.880
0.496
1.022
0.876
0.490
0.980
0.830
0.474
1.039
0.869
0.492
1.068
0.879
0.515
1.049
0.878
0.511
1.036
0.869
0.497
1.046
0.892
0.519
0.863
0.765
0.427
1.021
0.880
0.508
1.042
0.887
0.500
1.046
0.889
0.499
1.040
0.885
0.488
1.036
0.886
0.494
1.059
0.901
0.531
1.042
0.900
0.534
1.029
0.878
0.483
1.064
0.915
0.515
0.981
0.887
0.471
0.993
0.870
0.464
1.032
0.938
0.518
0.990
0.889
0.475
1.233
1.135
0.722
0.994
0.887
0.481
1.031
0.927
0.507
1.200
1.089
0.676
1.000
0.894
0.484
1.191
1.101
0.686
0.986
0.888
0.470
1.004
0.866
0.473
1.018
0.887
0.486
0.901
0.786
0.435
1.016
0.868
0.486
1.016
0.882
0.483
0.941
0.814
0.448
0.951
0.837
0.457
1.020
0.892
0.487
1.054
0.962
0.558
0.997
0.889
0.466
1.002
0.897
0.477
1.006
0.918
0.476
0.937
0.838
0.444
0.845
0.762
0.398
0.959
0.856
0.468
1.013
0.909
0.484
1.008
0.889
0.477
1.020
0.897
0.481
1.005
0.898
0.478
0.956
0.840
0.453
1.023
0.889
0.477
1.050
0.906
0.503
1.028
0.899
0.492
1.017
0.891
0.479
1.024
0.909
0.501
0.847
0.774
0.411
1.004
0.898
0.490
1.023
0.907
0.484
1.030
0.915
0.485
1.025
0.906
0.479
1.020
0.906
0.480
1.037
0.923
0.513
1.035
0.929
0.530
1.012
0.899
0.467
1.045
0.930
0.501
0.985
0.842
0.460
1.003
0.829
0.461
1.035
0.887
0.510
0.994
0.841
0.465
1.234
1.082
0.710
0.998
0.835
0.475
1.047
0.899
0.509
1.193
1.036
0.662
0.999
0.839
0.468
1.179
1.040
0.665
0.996
0.848
0.464
1.000
0.820
0.465
1.015
0.844
0.472
0.900
0.743
0.420
1.012
0.826
0.469
0.994
0.807
0.451
0.946
0.778
0.444
0.955
0.806
0.450
1.018
0.851
0.475
1.057
0.919
0.552
1.003
0.851
0.459
1.006
0.858
0.469
1.009
0.872
0.464
0.937
0.791
0.435
0.847
0.723
0.386
0.967
0.817
0.462
1.022
0.862
0.469
1.021
0.845
0.468
1.015
0.842
0.468
1.005
0.839
0.454
0.953
0.790
0.432
1.019
0.832
0.453
1.038
0.835
0.481
1.032
0.852
0.477
1.014
0.830
0.469
1.031
0.852
0.486
0.857
0.742
0.406
1.009
0.847
0.478
1.022
0.853
0.466
1.029
0.849
0.472
1.031
0.854
0.466
1.020
0.842
0.463
1.045
0.875
0.504
1.033
0.873
0.508
1.020
0.853
0.456
1.039
0.865
0.488
0.922
0.843
0.449
0.934
0.821
0.443
0.977
0.891
0.500
0.932
0.843
0.455
1.168
1.076
0.692
0.940
0.839
0.464
0.977
0.883
0.490
1.148
1.052
0.663
0.938
0.840
0.460
1.126
1.046
0.657
0.922
0.832
0.446
0.943
0.814
0.450
0.955
0.834
0.461
0.862
0.755
0.421
0.959
0.815
0.466
0.943
0.808
0.453
0.957
0.821
0.461
0.901
0.795
0.439
0.961
0.839
0.466
0.995
0.913
0.537
0.940
0.835
0.444
0.941
0.849
0.456
0.943
0.864
0.451
0.888
0.803
0.431
0.807
0.732
0.383
0.905
0.813
0.445
0.948
0.860
0.460
0.953
0.835
0.455
0.963
0.851
0.460
0.943
0.844
0.451
0.908
0.798
0.432
0.961
0.835
0.451
0.985
0.848
0.476
0.965
0.835
0.464
0.960
0.832
0.458
0.967
0.862
0.477
0.809
0.742
0.397
0.946
0.844
0.466
0.959
0.851
0.457
0.966
0.852
0.458
0.966
0.857
0.456
0.960
0.851
0.457
0.973
0.866
0.484
0.966
0.864
0.496
0.953
0.849
0.446
0.984
0.881
0.477
0.918
0.861
0.451
0.934
0.838
0.447
0.969
0.899
0.494
0.928
0.861
0.456
1.168
1.104
0.696
0.930
0.849
0.459
0.975
0.903
0.493
1.130
1.060
0.650
0.934
0.853
0.458
1.124
1.067
0.659
0.925
0.858
0.450
0.946
0.845
0.455
0.955
0.853
0.464
0.861
0.767
0.421
0.958
0.841
0.468
0.940
0.827
0.453
0.958
0.851
0.465
0.886
0.784
0.428
0.955
0.853
0.464
0.995
0.930
0.539
0.940
0.860
0.447
0.937
0.869
0.455
0.940
0.884
0.451
0.887
0.818
0.431
0.808
0.748
0.386
0.905
0.838
0.448
0.945
0.880
0.458
0.952
0.858
0.458
0.961
0.874
0.462
0.945
0.868
0.454
0.912
0.820
0.440
0.962
0.860
0.455
0.993
0.875
0.485
0.967
0.861
0.470
0.962
0.854
0.464
0.970
0.887
0.484
0.805
0.755
0.395
0.936
0.855
0.462
0.958
0.869
0.459
0.967
0.877
0.462
0.966
0.878
0.458
0.964
0.878
0.464
0.980
0.889
0.492
0.985
0.901
0.517
0.953
0.873
0.449
0.983
0.899
0.478
1.000
0.937
0.489
1.016
0.920
0.485
1.055
0.982
0.536
1.012
0.935
0.495
1.250
1.183
0.737
1.020
0.936
0.502
1.050
0.974
0.524
1.214
1.137
0.686
1.020
0.939
0.502
1.205
1.142
0.695
1.006
0.934
0.486
1.024
0.916
0.493
1.041
0.940
0.508
0.919
0.828
0.448
1.037
0.915
0.504
1.025
0.911
0.495
1.037
0.927
0.501
0.964
0.867
0.470
0.971
0.883
0.478
1.058
0.997
0.563
1.018
0.934
0.486
1.019
0.954
0.498
1.026
0.965
0.494
0.954
0.881
0.460
0.860
0.802
0.410
0.973
0.900
0.482
1.030
0.958
0.500
1.033
0.941
0.498
1.040
0.951
0.502
1.023
0.940
0.492
0.980
0.886
0.473
1.043
0.936
0.494
1.076
0.962
0.525
1.051
0.949
0.514
1.041
0.940
0.498
1.044
0.957
0.517
0.865
0.816
0.427
1.019
0.935
0.501
1.037
0.951
0.497
1.047
0.962
0.501
1.045
0.955
0.497
1.041
0.955
0.499
1.057
0.974
0.532
1.047
0.968
0.538
1.031
0.948
0.487
1.065
0.984
0.519
0.943
1.033
0.472
0.957
1.020
0.471
0.998
1.077
0.520
0.953
1.034
0.475
1.167
1.257
0.692
0.961
1.035
0.484
1.003
1.083
0.516
1.146
1.212
0.660
0.959
1.034
0.480
1.138
1.229
0.670
0.954
1.032
0.473
0.961
0.966
0.468
0.970
0.989
0.477
0.862
0.865
0.429
0.974
0.954
0.481
0.954
0.959
0.464
0.973
0.976
0.483
0.905
0.902
0.446
0.919
0.934
0.460
0.971
0.982
0.477
0.957
1.023
0.464
0.971
1.052
0.486
0.968
1.055
0.476
0.904
0.956
0.447
0.818
0.883
0.399
0.920
0.986
0.462
0.965
1.053
0.476
0.962
1.011
0.467
0.972
1.023
0.472
0.955
1.014
0.462
0.916
0.925
0.448
0.968
0.992
0.464
1.001
1.028
0.495
0.980
1.021
0.482
0.970
1.007
0.469
0.984
1.052
0.498
0.817
0.887
0.410
0.960
1.036
0.483
0.976
1.050
0.479
0.991
1.059
0.486
0.987
1.044
0.481
0.980
1.047
0.481
1.002
1.076
0.515
1.002
1.057
0.534
0.971
1.045
0.469
1.006
1.071
0.504
0.958
1.037
0.455
0.976
1.028
0.451
1.008
1.078
0.499
0.973
1.045
0.463
1.218
1.299
0.707
0.977
1.042
0.467
1.015
1.086
0.494
1.202
1.260
0.680
0.976
1.041
0.465
1.173
1.256
0.675
0.964
1.037
0.450
0.987
0.967
0.458
0.998
1.004
0.470
0.894
0.889
0.427
0.997
0.962
0.472
0.982
0.964
0.457
0.993
0.977
0.464
0.924
0.909
0.435
0.943
0.947
0.454
1.000
0.996
0.473
1.054
1.119
0.566
0.984
1.054
0.468
0.988
1.061
0.460
0.925
0.977
0.436
0.841
0.902
0.393
0.947
1.007
0.458
0.991
1.070
0.462
0.993
1.033
0.463
1.003
1.045
0.467
0.982
1.029
0.456
0.947
0.946
0.441
0.997
1.015
0.454
1.030
1.048
0.486
1.006
1.032
0.471
1.000
1.029
0.465
1.002
1.068
0.480
0.833
0.899
0.395
0.981
1.045
0.468
0.999
1.056
0.466
1.003
1.060
0.463
1.001
1.046
0.458
1.003
1.062
0.464
1.011
1.077
0.491
1.015
1.063
0.517
0.990
1.054
0.454
1.022
1.073
0.482
0.976
1.079
0.481
0.994
1.073
0.481
1.033
1.129
0.533
0.987
1.084
0.487
1.238
1.346
0.738
0.990
1.083
0.492
1.038
1.133
0.527
1.198
1.282
0.689
0.997
1.088
0.495
1.195
1.303
0.703
0.985
1.078
0.479
0.999
1.011
0.483
1.011
1.045
0.495
0.893
0.912
0.443
1.011
1.000
0.496
0.993
1.005
0.481
1.006
1.027
0.491
0.933
0.940
0.454
0.943
0.972
0.466
1.014
1.042
0.500
1.046
1.133
0.567
0.988
1.073
0.475
0.999
1.100
0.486
0.930
1.003
0.453
0.840
0.919
0.405
0.946
1.027
0.472
1.001
1.104
0.484
0.997
1.063
0.479
1.012
1.075
0.488
0.996
1.069
0.480
0.947
0.971
0.458
1.011
1.057
0.480
1.037
1.077
0.505
1.017
1.071
0.494
1.004
1.061
0.478
1.014
1.099
0.504
0.847
0.931
0.422
0.991
1.086
0.492
1.007
1.095
0.486
1.017
1.101
0.487
1.016
1.092
0.486
1.009
1.093
0.484
1.023
1.112
0.514
1.035
1.104
0.547
0.997
1.088
0.471
1.030
1.108
0.502
0.986
1.100
0.478
1.001
1.093
0.475
1.043
1.145
0.529
1.001
1.104
0.487
1.244
1.361
0.731
1.006
1.107
0.491
1.040
1.146
0.516
1.217
1.310
0.693
1.006
1.105
0.491
1.200
1.315
0.697
0.993
1.092
0.475
1.005
1.024
0.476
1.018
1.054
0.488
0.898
0.918
0.436
1.019
1.025
0.494
1.001
1.022
0.477
1.014
1.036
0.484
0.945
0.956
0.454
0.954
0.983
0.463
1.021
1.049
0.492
1.056
1.152
0.566
0.998
1.088
0.469
1.005
1.109
0.486
0.939
1.009
0.449
0.848
0.931
0.402
0.956
1.044
0.469
1.008
1.125
0.480
1.009
1.077
0.476
1.016
1.084
0.479
0.997
1.079
0.470
0.953
0.979
0.451
1.016
1.064
0.471
1.048
1.095
0.502
1.024
1.085
0.488
1.016
1.077
0.474
1.022
1.119
0.498
0.848
0.938
0.412
1.007
1.110
0.493
1.024
1.122
0.489
1.024
1.121
0.482
1.022
1.104
0.478
1.020
1.113
0.479
1.038
1.143
0.513
1.043
1.122
0.541
1.009
1.108
0.470
1.049
1.139
0.507
0.902
0.958
0.449
0.918
0.943
0.446
0.944
0.982
0.485
0.915
0.962
0.455
1.135
1.185
0.677
0.922
0.960
0.466
0.962
1.010
0.493
1.112
1.145
0.644
0.923
0.958
0.458
1.102
1.152
0.651
0.913
0.959
0.451
0.929
0.915
0.454
0.940
0.945
0.465
0.847
0.842
0.420
0.942
0.910
0.466
0.925
0.909
0.453
0.936
0.921
0.462
0.882
0.868
0.437
0.894
0.892
0.448
0.939
0.935
0.462
0.979
1.017
0.534
0.923
0.952
0.442
0.923
0.969
0.456
0.930
0.978
0.452
0.796
0.831
0.385
0.894
0.931
0.449
0.935
0.987
0.460
0.942
0.961
0.461
0.946
0.972
0.462
0.932
0.961
0.457
0.899
0.902
0.440
0.946
0.946
0.454
0.973
0.967
0.486
0.958
0.965
0.473
0.948
0.955
0.464
0.954
0.993
0.480
0.794
0.832
0.395
0.929
0.966
0.466
0.945
0.977
0.461
0.948
0.976
0.461
0.949
0.967
0.457
0.949
0.977
0.465
0.971
1.010
0.497
0.955
0.971
0.501
0.937
0.976
0.450
0.965
0.987
0.477
0.821
0.891
0.387
0.828
0.876
0.380
0.863
0.926
0.430
0.832
0.903
0.398
1.037
1.110
0.602
0.832
0.894
0.399
0.871
0.939
0.426
1.021
1.071
0.580
0.831
0.892
0.393
1.002
1.071
0.574
0.826
0.888
0.387
0.842
0.832
0.391
0.852
0.855
0.399
0.782
0.775
0.374
0.853
0.826
0.401
0.834
0.828
0.386
0.846
0.834
0.395
0.797
0.789
0.371
0.816
0.821
0.390
0.853
0.850
0.399
0.908
0.969
0.486
0.842
0.894
0.386
0.835
0.897
0.392
0.841
0.908
0.391
0.802
0.838
0.376
0.816
0.865
0.389
0.846
0.917
0.395
0.852
0.883
0.396
0.859
0.892
0.401
0.850
0.889
0.392
0.817
0.808
0.379
0.859
0.873
0.393
0.879
0.891
0.416
0.863
0.888
0.405
0.855
0.874
0.395
0.868
0.927
0.415
0.741
0.795
0.354
0.839
0.899
0.401
0.851
0.904
0.395
0.855
0.905
0.395
0.859
0.898
0.396
0.851
0.901
0.394
0.870
0.931
0.422
0.873
0.911
0.443
0.846
0.903
0.386
0.872
0.919
0.410
0.927
0.994
0.460
0.940
0.973
0.455
0.983
1.038
0.511
0.936
1.003
0.466
1.188
1.252
0.717
0.941
0.987
0.469
0.981
1.037
0.498
1.162
1.209
0.679
0.941
0.989
0.465
1.152
1.218
0.688
0.932
0.991
0.454
0.950
0.939
0.459
0.961
0.967
0.470
0.875
0.865
0.434
0.963
0.932
0.473
0.944
0.933
0.457
0.962
0.948
0.467
0.890
0.874
0.431
0.911
0.917
0.453
0.957
0.957
0.466
1.010
1.061
0.553
0.947
0.991
0.454
0.941
0.996
0.461
0.948
1.006
0.460
0.903
0.948
0.446
0.818
0.863
0.395
0.959
1.020
0.472
0.964
0.990
0.470
0.976
1.009
0.476
0.963
0.999
0.471
0.922
0.922
0.450
0.975
0.987
0.469
1.004
1.008
0.498
0.984
0.998
0.488
0.978
0.992
0.477
0.978
1.021
0.492
0.820
0.869
0.408
0.952
0.998
0.478
0.975
1.015
0.479
0.982
1.023
0.477
0.975
1.007
0.471
0.974
1.014
0.474
0.985
1.030
0.500
0.987
1.022
0.522
0.962
1.009
0.461
0.995
1.030
0.489
0.949
1.101
0.495
0.966
1.100
0.497
0.996
1.141
0.537
0.962
1.112
0.502
1.245
1.398
0.785
0.960
1.101
0.501
1.044
1.187
0.572
1.191
1.324
0.721
0.972
1.103
0.504
1.177
1.328
0.724
0.962
1.103
0.493
0.985
1.020
0.500
0.989
1.059
0.510
0.876
0.920
0.452
0.989
1.004
0.507
0.976
1.018
0.500
0.984
1.030
0.500
0.920
0.954
0.471
0.929
0.982
0.482
0.990
1.047
0.511
1.060
1.188
0.617
0.968
1.096
0.481
0.970
1.108
0.496
0.974
1.113
0.490
0.908
1.015
0.465
0.824
0.937
0.413
0.936
1.056
0.489
0.986
1.087
0.504
0.988
1.087
0.502
0.978
1.080
0.499
0.932
0.978
0.472
0.992
1.065
0.496
1.012
1.090
0.518
1.004
1.088
0.520
0.996
1.089
0.505
0.989
1.126
0.516
0.832
0.950
0.433
0.986
1.122
0.520
0.997
1.126
0.510
0.998
1.124
0.503
0.992
1.105
0.495
0.985
1.112
0.492
1.018
1.159
0.546
1.015
1.120
0.559
0.978
1.111
0.487
1.010
1.131
0.511
0.991
0.936
0.483
1.007
0.913
0.479
1.063
0.994
0.550
1.011
0.941
0.494
1.266
1.199
0.752
1.010
0.924
0.496
1.064
0.994
0.538
1.234
1.162
0.711
1.018
0.942
0.501
1.217
1.161
0.714
0.995
0.933
0.484
1.018
0.929
0.489
1.031
0.933
0.503
0.920
0.831
0.453
1.039
0.944
0.509
1.015
0.910
0.491
1.036
0.935
0.503
0.958
0.865
0.467
0.975
0.892
0.485
1.037
0.942
0.506
1.083
1.021
0.591
1.013
0.935
0.482
1.012
0.942
0.491
1.010
0.951
0.482
0.953
0.884
0.462
0.860
0.808
0.413
0.980
0.911
0.490
1.019
0.945
0.492
1.036
0.941
0.498
1.018
0.938
0.489
0.974
0.884
0.473
1.035
0.930
0.491
1.062
0.941
0.515
1.042
0.939
0.508
1.037
0.930
0.499
1.034
0.946
0.511
0.858
0.809
0.423
1.018
0.936
0.503
1.035
0.944
0.499
1.040
0.946
0.497
1.033
0.940
0.487
1.035
0.943
0.494
1.049
0.976
0.526
1.037
0.957
0.532
1.025
0.940
0.483
1.048
0.957
0.502
1.002
0.956
0.488
1.028
0.942
0.490
1.066
1.003
0.545
1.017
0.957
0.496
1.296
1.236
0.775
1.024
0.942
0.502
1.064
1.012
0.534
1.233
1.169
0.707
1.035
0.964
0.509
1.226
1.173
0.718
1.007
0.956
0.488
1.028
0.930
0.494
1.040
0.949
0.506
0.917
0.836
0.448
1.042
0.934
0.506
1.025
0.915
0.493
1.031
0.923
0.500
0.972
0.875
0.473
0.985
0.910
0.487
1.047
0.956
0.512
1.081
1.029
0.583
1.020
0.959
0.486
1.018
0.957
0.490
1.023
0.980
0.489
0.955
0.889
0.459
0.862
0.810
0.409
0.985
0.927
0.488
1.029
0.963
0.497
1.040
0.951
0.501
1.028
0.953
0.495
0.976
0.889
0.468
1.043
0.939
0.493
1.075
0.960
0.522
1.055
0.959
0.515
1.047
0.947
0.502
1.040
0.961
0.512
0.870
0.835
0.430
1.034
0.960
0.510
1.050
0.972
0.505
1.047
0.964
0.499
1.039
0.948
0.484
1.042
0.954
0.494
1.063
1.001
0.534
1.034
0.959
0.526
1.029
0.952
0.482
1.059
0.975
0.511
0.968
0.951
0.480
0.984
0.935
0.479
1.023
0.998
0.530
0.983
0.961
0.489
1.261
1.235
0.767
0.989
0.946
0.494
1.020
0.991
0.516
1.203
1.170
0.700
0.994
0.952
0.495
1.189
1.172
0.706
0.976
0.954
0.478
0.995
0.926
0.481
1.007
0.944
0.498
0.900
0.840
0.446
1.010
0.927
0.496
0.996
0.924
0.488
1.004
0.932
0.487
0.937
0.874
0.462
0.952
0.906
0.479
1.011
0.953
0.501
1.043
1.015
0.569
0.987
0.945
0.471
0.991
0.959
0.488
0.989
0.969
0.478
0.931
0.903
0.456
0.845
0.819
0.408
0.957
0.925
0.483
1.004
0.975
0.497
1.008
0.951
0.495
1.012
0.957
0.494
0.957
0.898
0.470
1.017
0.950
0.492
1.043
0.962
0.515
1.028
0.959
0.513
1.019
0.955
0.498
1.004
0.961
0.501
0.847
0.832
0.422
1.008
0.961
0.509
1.017
0.966
0.498
1.017
0.963
0.491
1.013
0.956
0.482
1.008
0.955
0.485
1.031
0.995
0.525
1.018
0.970
0.530
1.002
0.957
0.478
1.035
0.983
0.506
0.950
0.884
0.472
0.958
0.858
0.463
0.999
0.926
0.522
0.955
0.882
0.476
1.206
1.133
0.726
0.963
0.875
0.483
1.000
0.925
0.512
1.175
1.092
0.687
0.967
0.882
0.484
1.153
1.080
0.681
0.946
0.875
0.466
0.975
0.870
0.475
0.982
0.872
0.484
0.888
0.791
0.441
0.988
0.877
0.491
0.967
0.843
0.473
0.980
0.865
0.482
0.921
0.821
0.451
0.931
0.841
0.463
0.982
0.872
0.486
1.029
0.952
0.566
0.966
0.874
0.462
0.963
0.882
0.473
0.964
0.896
0.468
0.916
0.839
0.450
0.828
0.763
0.400
0.938
0.864
0.471
0.969
0.888
0.472
0.975
0.870
0.476
0.981
0.879
0.477
0.968
0.875
0.469
0.987
0.876
0.473
1.015
0.887
0.505
0.994
0.882
0.492
0.984
0.863
0.479
0.987
0.900
0.495
0.826
0.766
0.411
0.968
0.877
0.487
0.987
0.893
0.484
0.987
0.887
0.478
0.988
0.888
0.476
0.978
0.875
0.473
0.996
0.908
0.506
0.989
0.899
0.521
0.973
0.881
0.464
1.005
0.907
0.496
1.004
0.919
0.488
1.023
0.906
0.489
1.064
0.974
0.546
1.021
0.930
0.502
1.297
1.203
0.776
1.024
0.913
0.505
1.048
0.955
0.519
1.235
1.134
0.709
1.027
0.925
0.504
1.225
1.143
0.718
1.011
0.920
0.490
1.032
0.903
0.492
1.041
0.913
0.505
0.930
0.823
0.455
1.051
0.914
0.511
1.029
0.888
0.492
1.039
0.898
0.494
0.974
0.855
0.473
0.981
0.878
0.483
1.048
0.921
0.508
1.074
0.988
0.578
1.021
0.915
0.478
1.020
0.922
0.491
1.023
0.941
0.487
0.960
0.871
0.463
0.874
0.805
0.418
0.985
0.899
0.490
1.025
0.927
0.495
1.041
0.910
0.500
1.045
0.918
0.500
1.028
0.917
0.494
0.987
0.878
0.478
1.079
0.922
0.524
1.056
0.920
0.516
1.053
0.917
0.509
1.044
0.938
0.516
0.867
0.809
0.427
1.042
0.931
0.520
1.055
0.931
0.508
1.050
0.930
0.501
1.043
0.914
0.487
1.042
0.920
0.494
1.062
0.959
0.534
1.046
0.935
0.535
1.034
0.915
0.483
1.059
0.935
0.508
1.021
0.981
0.506
1.047
0.967
0.509
1.097
1.041
0.578
1.045
0.988
0.521
1.303
1.248
0.783
1.051
0.979
0.529
1.090
1.040
0.558
1.252
1.191
0.722
1.055
0.990
0.527
1.237
1.187
0.726
1.030
0.982
0.511
1.059
0.971
0.516
1.077
0.987
0.537
0.944
0.856
0.470
1.072
0.954
0.528
1.056
0.956
0.518
1.069
0.965
0.525
0.996
0.898
0.494
1.009
0.929
0.508
1.086
0.990
0.541
1.107
1.052
0.607
1.048
0.982
0.505
1.048
0.993
0.518
1.052
1.005
0.512
0.977
0.913
0.480
0.881
0.836
0.428
1.005
0.948
0.507
1.046
0.992
0.515
1.062
0.973
0.518
1.073
0.991
0.525
1.052
0.976
0.513
1.004
0.919
0.496
1.067
0.965
0.512
1.082
0.988
0.537
1.073
0.973
0.524
1.071
0.997
0.537
0.880
0.847
0.443
1.062
0.989
0.537
1.080
0.997
0.530
1.077
1.000
0.525
1.066
0.979
0.510
1.060
0.973
0.509
1.093
1.040
0.565
1.062
0.987
0.551
1.055
0.981
0.502
1.093
1.008
0.540
1.033
0.956
0.525
1.049
0.933
0.521
1.099
1.010
0.587
1.047
0.959
0.532
1.302
1.216
0.790
1.045
0.935
0.532
1.092
1.009
0.567
1.266
1.179
0.746
1.058
0.955
0.538
1.256
1.178
0.754
1.036
0.960
0.524
1.066
0.954
0.533
1.072
0.956
0.543
0.949
0.840
0.481
1.080
0.960
0.549
1.056
0.922
0.529
1.071
0.946
0.536
0.996
0.879
0.501
1.006
0.905
0.514
1.079
0.964
0.549
1.110
1.027
0.616
1.049
0.952
0.516
1.053
0.963
0.530
1.054
0.975
0.525
0.990
0.907
0.499
0.886
0.819
0.439
1.015
0.930
0.525
1.057
0.966
0.532
1.066
0.950
0.534
1.074
0.962
0.535
1.060
0.960
0.533
1.008
0.903
0.505
1.075
0.947
0.529
1.108
0.967
0.561
1.077
0.950
0.538
1.070
0.962
0.551
0.891
0.828
0.456
1.059
0.956
0.543
1.082
0.968
0.543
1.079
0.962
0.536
1.078
0.959
0.530
1.070
0.957
0.529
1.089
0.990
0.565
1.090
0.988
0.585
1.065
0.959
0.523
1.089
0.974
0.545
0.994
0.935
0.493
1.011
0.905
0.486
1.052
0.974
0.547
1.011
0.943
0.501
1.258
1.185
0.749
1.010
0.916
0.502
1.054
0.977
0.536
1.238
1.159
0.724
1.017
0.930
0.505
1.222
1.162
0.727
0.997
0.939
0.493
1.023
0.925
0.497
1.035
0.928
0.511
0.923
0.820
0.457
1.040
0.930
0.515
1.017
0.906
0.497
1.036
0.929
0.511
0.960
0.852
0.472
0.970
0.887
0.483
1.041
0.943
0.513
1.086
1.016
0.597
1.014
0.930
0.486
1.016
0.940
0.499
1.014
0.951
0.490
0.952
0.879
0.468
0.860
0.798
0.415
0.981
0.900
0.494
1.019
0.933
0.495
1.028
0.922
0.500
1.037
0.947
0.503
1.022
0.940
0.494
0.972
0.868
0.472
1.039
0.928
0.498
1.066
0.934
0.528
1.045
0.929
0.514
1.039
0.938
0.520
0.857
0.810
0.426
1.021
0.923
0.507
1.042
0.932
0.507
1.042
0.932
0.505
1.034
0.925
0.493
1.035
0.926
0.501
1.051
0.967
0.534
1.039
0.942
0.542
1.025
0.927
0.488
1.048
0.937
0.509
0.977
1.105
0.519
0.991
1.094
0.519
1.023
1.142
0.563
0.991
1.114
0.530
1.249
1.374
0.786
1.000
1.118
0.544
1.051
1.170
0.581
1.215
1.319
0.745
1.003
1.111
0.538
1.197
1.325
0.745
0.979
1.095
0.512
1.004
1.020
0.522
1.016
1.058
0.540
0.901
0.928
0.479
1.022
1.015
0.543
0.994
1.018
0.523
1.012
1.038
0.535
0.947
0.964
0.499
0.959
0.992
0.514
1.017
1.056
0.539
1.067
1.175
0.625
0.994
1.103
0.512
0.996
1.111
0.525
0.999
1.119
0.519
0.932
1.022
0.492
0.849
0.949
0.441
0.963
1.061
0.521
0.995
1.128
0.524
1.002
1.079
0.527
1.009
1.087
0.529
0.990
1.077
0.519
0.958
0.991
0.502
1.011
1.062
0.523
1.045
1.107
0.555
1.022
1.080
0.544
1.014
1.083
0.535
0.847
0.951
0.452
1.011
1.127
0.551
1.020
1.130
0.538
1.017
1.126
0.531
1.022
1.114
0.530
1.013
1.118
0.525
1.035
1.156
0.569
1.016
1.109
0.568
1.004
1.117
0.516
1.035
1.134
0.540
0.793
0.919
0.413
0.800
0.906
0.410
0.834
0.950
0.451
0.807
0.925
0.419
1.012
1.139
0.629
0.801
0.918
0.421
0.839
0.960
0.451
0.998
1.106
0.609
0.806
0.916
0.417
0.983
1.109
0.607
0.799
0.913
0.410
0.814
0.850
0.413
0.824
0.881
0.427
0.751
0.788
0.388
0.821
0.840
0.421
0.809
0.850
0.413
0.816
0.859
0.418
0.772
0.812
0.395
0.782
0.833
0.402
0.820
0.865
0.420
0.882
0.995
0.508
0.809
0.919
0.402
0.808
0.926
0.417
0.809
0.925
0.409
0.767
0.862
0.391
0.714
0.813
0.362
0.791
0.895
0.413
0.816
0.942
0.420
0.815
0.897
0.416
0.825
0.915
0.423
0.817
0.913
0.415
0.786
0.829
0.399
0.825
0.892
0.414
0.843
0.915
0.437
0.833
0.909
0.430
0.823
0.902
0.420
0.829
0.941
0.432
0.808
0.923
0.423
0.821
0.930
0.419
0.825
0.934
0.417
0.830
0.923
0.419
0.821
0.927
0.417
0.847
0.964
0.454
0.842
0.935
0.464
0.816
0.929
0.411
0.843
0.945
0.433
0.935
1.069
0.487
0.937
1.042
0.473
0.984
1.102
0.527
0.935
1.063
0.484
1.194
1.324
0.744
0.937
1.054
0.488
0.997
1.121
0.535
1.149
1.265
0.688
0.948
1.057
0.490
1.141
1.274
0.696
0.941
1.062
0.484
0.967
0.995
0.491
0.971
1.030
0.504
0.861
0.894
0.446
0.966
0.977
0.494
0.946
0.980
0.483
0.965
1.011
0.493
0.900
0.926
0.460
0.911
0.948
0.471
0.968
1.015
0.496
1.019
1.129
0.584
0.947
1.058
0.473
0.945
1.066
0.482
0.955
1.077
0.482
0.890
0.980
0.457
0.807
0.908
0.409
0.923
1.025
0.487
0.973
1.104
0.505
0.968
1.045
0.496
0.978
1.063
0.498
0.974
1.062
0.502
0.921
0.957
0.473
0.992
1.050
0.505
1.005
1.073
0.521
0.991
1.057
0.513
0.981
1.059
0.502
0.985
1.098
0.521
0.809
0.913
0.420
0.976
1.088
0.498
0.986
1.100
0.500
0.988
1.082
0.501
0.977
1.088
0.494
0.999
1.118
0.535
1.015
1.108
0.569
0.971
1.088
0.487
0.997
1.100
0.507
0.997
1.089
0.491
1.019
1.078
0.489
1.057
1.140
0.545
1.014
1.096
0.498
1.277
1.365
0.764
1.014
1.086
0.499
1.077
1.154
0.550
1.232
1.302
0.712
1.022
1.094
0.502
1.227
1.319
0.724
1.007
1.091
0.495
1.025
1.009
0.492
1.044
1.053
0.511
0.919
0.911
0.451
1.040
1.005
0.508
1.028
1.015
0.499
1.038
1.030
0.503
0.965
0.949
0.471
0.976
0.978
0.481
1.041
1.043
0.509
1.105
1.178
0.612
1.010
1.078
0.480
1.020
1.102
0.501
1.023
1.109
0.495
0.953
0.998
0.462
0.862
0.927
0.413
0.983
1.041
0.493
1.035
1.113
0.500
1.042
1.072
0.507
1.053
1.088
0.510
1.030
1.075
0.497
0.976
0.965
0.474
1.045
1.049
0.497
1.079
1.091
0.532
1.060
1.075
0.517
1.050
1.069
0.508
1.041
1.113
0.519
0.861
0.929
0.423
1.027
1.097
0.508
1.054
1.117
0.510
1.050
1.100
0.503
1.044
1.104
0.499
1.061
1.132
0.537
1.061
1.112
0.558
1.039
1.106
0.496
1.057
1.116
0.512
1.010
1.088
0.489
1.030
1.082
0.488
1.066
1.136
0.543
1.023
1.098
0.494
1.296
1.373
0.769
1.030
1.092
0.503
1.066
1.138
0.530
1.252
1.312
0.718
1.034
1.095
0.502
1.241
1.322
0.727
1.013
1.088
0.486
1.031
1.009
0.488
1.048
1.054
0.503
0.927
0.913
0.451
1.051
1.019
0.507
1.031
1.018
0.491
1.046
1.033
0.509
0.979
0.954
0.472
0.992
0.986
0.488
1.054
1.052
0.509
1.109
1.176
0.604
1.023
1.078
0.479
1.036
1.105
0.502
1.031
1.109
0.490
0.963
0.999
0.463
0.871
0.929
0.414
0.990
1.044
0.489
1.038
1.106
0.494
1.050
1.075
0.500
1.050
1.082
0.500
1.034
1.069
0.492
0.980
0.969
0.467
1.047
1.050
0.490
1.084
1.095
0.528
1.065
1.078
0.516
1.054
1.073
0.504
1.048
1.108
0.514
0.871
0.934
0.425
1.044
1.098
0.510
1.060
1.112
0.510
1.058
1.096
0.500
1.046
1.095
0.494
1.062
1.130
0.528
1.045
1.087
0.532
1.038
1.096
0.487
1.066
1.113
0.511
1.009
1.091
0.498
1.031
1.081
0.495
1.079
1.149
0.559
1.032
1.105
0.511
1.299
1.375
0.777
1.029
1.091
0.510
1.095
1.165
0.565
1.263
1.321
0.735
1.036
1.096
0.509
1.243
1.324
0.732
1.030
1.106
0.512
1.042
1.022
0.502
1.059
1.062
0.523
0.927
0.915
0.454
1.065
1.024
0.522
1.041
1.021
0.504
1.051
1.038
0.509
0.987
0.969
0.486
0.987
0.986
0.487
1.058
1.050
0.518
1.118
1.181
0.618
1.030
1.085
0.490
1.046
1.118
0.518
1.040
1.117
0.505
0.971
1.007
0.474
0.876
0.933
0.423
0.991
1.045
0.495
1.034
1.104
0.499
1.042
1.067
0.501
1.045
1.073
0.499
1.026
1.062
0.490
0.983
0.974
0.475
1.040
1.035
0.488
1.075
1.082
0.523
1.064
1.075
0.519
1.050
1.064
0.503
1.057
1.111
0.524
0.872
0.931
0.433
1.045
1.096
0.517
1.056
1.107
0.510
1.057
1.108
0.507
1.050
1.097
0.502
1.071
1.136
0.544
1.059
1.095
0.548
1.039
1.099
0.492
1.058
1.104
0.507
0.983
1.082
0.477
1.004
1.072
0.473
1.047
1.134
0.535
1.003
1.099
0.489
1.258
1.354
0.743
1.009
1.092
0.493
1.058
1.146
0.532
1.217
1.290
0.697
1.010
1.091
0.491
1.215
1.314
0.712
0.994
1.086
0.480
1.013
1.005
0.481
1.030
1.048
0.499
0.909
0.908
0.441
1.025
0.997
0.496
1.009
1.011
0.484
1.018
1.018
0.485
0.955
0.943
0.462
0.968
0.978
0.478
1.036
1.049
0.504
1.093
1.174
0.601
1.003
1.078
0.470
1.006
1.091
0.483
1.012
1.108
0.482
0.946
0.998
0.454
0.853
0.923
0.405
0.971
1.039
0.480
1.015
1.109
0.484
1.030
1.084
0.494
1.031
1.079
0.490
1.011
1.071
0.482
0.962
0.963
0.461
1.027
1.051
0.482
1.054
1.081
0.509
1.044
1.078
0.506
1.036
1.074
0.497
1.026
1.105
0.502
0.855
0.929
0.419
1.021
1.100
0.501
1.039
1.112
0.498
1.033
1.107
0.490
1.031
1.090
0.483
1.044
1.131
0.522
1.027
1.080
0.525
1.018
1.097
0.475
1.048
1.115
0.501
1.004
1.096
0.507
1.026
1.091
0.512
1.060
1.147
0.563
1.020
1.105
0.517
1.287
1.374
0.786
1.024
1.099
0.521
1.070
1.150
0.556
1.240
1.311
0.730
1.026
1.100
0.518
1.234
1.329
0.744
1.004
1.091
0.504
1.026
1.015
0.506
1.044
1.055
0.523
0.924
0.918
0.466
1.044
1.005
0.524
1.025
1.010
0.507
1.037
1.034
0.513
0.971
0.949
0.484
0.995
0.993
0.510
1.050
1.054
0.528
1.086
1.156
0.600
1.030
1.098
0.510
1.029
1.106
0.515
1.036
1.123
0.519
0.971
1.021
0.492
0.876
0.945
0.438
0.990
1.050
0.507
1.025
1.115
0.510
1.047
1.096
0.525
1.049
1.096
0.522
1.026
1.078
0.511
0.986
0.982
0.495
1.049
1.073
0.517
1.081
1.109
0.548
1.057
1.084
0.534
1.049
1.084
0.522
1.045
1.122
0.539
0.866
0.937
0.440
1.043
1.114
0.535
1.054
1.122
0.527
1.050
1.122
0.522
1.053
1.113
0.522
1.051
1.117
0.521
1.058
1.115
0.570
1.037
1.109
0.507
1.071
1.134
0.538
0.986
1.048
0.509
1.011
1.044
0.518
1.032
1.086
0.557
1.012
1.073
0.533
1.262
1.317
0.784
1.041
1.088
0.562
1.044
1.101
0.557
1.227
1.266
0.738
1.024
1.068
0.538
1.211
1.273
0.739
1.014
1.077
0.536
1.018
0.996
0.518
1.039
1.048
0.544
0.911
0.885
0.469
1.046
1.012
0.548
1.024
1.008
0.528
1.037
1.025
0.537
0.974
0.952
0.512
0.979
0.972
0.516
1.026
1.021
0.526
1.085
1.137
0.622
1.003
1.042
0.506
1.028
1.081
0.539
1.026
1.088
0.532
0.957
0.982
0.498
0.867
0.913
0.446
0.977
1.020
0.518
1.004
1.060
0.511
1.011
1.030
0.510
1.014
1.037
0.511
1.007
1.034
0.508
0.959
0.940
0.487
1.009
1.004
0.497
1.056
1.052
0.545
1.035
1.040
0.533
1.024
1.028
0.523
1.019
1.064
0.532
0.860
0.905
0.450
1.038
1.076
0.556
1.031
1.066
0.530
1.016
1.050
0.509
1.024
1.045
0.510
1.020
1.046
0.516
1.041
1.093
0.553
1.017
1.058
0.510
1.045
1.070
0.535
1.005
1.091
0.488
1.025
1.082
0.485
1.071
1.145
0.546
1.020
1.097
0.495
1.308
1.388
0.781
1.024
1.088
0.500
1.084
1.156
0.547
1.251
1.316
0.719
1.035
1.101
0.505
1.245
1.331
0.731
1.017
1.095
0.493
1.036
1.019
0.493
1.050
1.058
0.506
0.923
0.915
0.448
1.055
1.013
0.511
1.034
1.017
0.494
1.052
1.046
0.507
0.975
0.953
0.468
0.984
0.986
0.482
1.052
1.054
0.511
1.110
1.178
0.608
1.023
1.086
0.482
1.029
1.101
0.496
1.030
1.108
0.490
0.962
1.005
0.462
0.872
0.931
0.416
0.988
1.045
0.488
1.029
1.102
0.488
1.043
1.077
0.497
1.045
1.075
0.494
1.027
1.069
0.488
0.976
0.969
0.465
1.040
1.046
0.486
1.076
1.090
0.518
1.059
1.077
0.510
1.052
1.073
0.500
1.046
1.111
0.513
0.870
0.936
0.426
1.040
1.103
0.510
1.053
1.110
0.503
1.054
1.110
0.499
1.052
1.097
0.496
1.045
1.100
0.493
1.059
1.126
0.524
1.056
1.103
0.543
1.058
1.110
0.501
0.991
1.074
0.476
1.012
1.070
0.478
1.065
1.140
0.546
1.007
1.086
0.488
1.281
1.364
0.760
1.010
1.076
0.494
1.076
1.150
0.544
1.240
1.299
0.714
1.016
1.077
0.491
1.227
1.311
0.720
0.999
1.083
0.481
1.020
1.008
0.484
1.035
1.048
0.501
0.912
0.906
0.442
1.039
1.015
0.498
1.017
1.007
0.484
1.024
1.014
0.497
0.967
0.947
0.466
0.980
0.985
0.481
1.041
1.044
0.502
1.081
1.151
0.584
1.012
1.071
0.475
1.012
1.084
0.484
1.018
1.099
0.483
0.951
0.991
0.457
0.858
0.920
0.406
0.980
1.037
0.482
1.027
1.097
0.490
1.030
1.061
0.490
1.028
1.063
0.485
1.020
1.062
0.484
0.968
0.956
0.461
1.032
1.038
0.480
1.057
1.064
0.511
1.046
1.056
0.502
1.034
1.048
0.493
1.035
1.091
0.504
0.860
0.921
0.420
1.028
1.087
0.502
1.038
1.091
0.494
1.039
1.093
0.493
1.036
1.077
0.486
1.029
1.079
0.485
1.061
1.128
0.531
1.046
1.081
0.539
1.024
1.086
0.479
