0.267
0.300
0.271
0.279
0.271
0.262
0.250
0.347
0.274
0.281
0.302
0.264
0.237
0.268
0.245
0.264
0.246
0.238
0.239
0.320
0.275
0.270
0.279
0.262
0.269
0.253
0.272
0.315
0.244
0.272
0.252
0.289
0.263
0.293
0.246
0.263
0.230
0.309
0.262
0.248
0.276
0.250
0.265
0.262
0.262
0.307
0.243
0.264
0.252
0.296
0.259
0.280
0.272
0.257
0.266
0.505
0.274
0.306
0.515
0.256
0.269
0.467
0.212
0.299
0.484
0.205
0.281
0.485
0.219
0.329
0.505
0.211
0.259
0.494
0.228
0.301
0.521
0.225
0.253
0.433
0.222
0.280
0.445
0.225
0.256
0.428
0.191
0.289
0.449
0.183
0.281
0.454
0.215
0.302
0.474
0.207
0.287
0.303
0.276
0.279
0.259
0.257
0.272
0.349
0.278
0.285
0.290
0.258
0.253
0.265
0.240
0.269
0.234
0.227
0.252
0.332
0.275
0.269
0.278
0.253
0.280
0.264
0.273
0.313
0.240
0.263
0.267
0.295
0.262
0.291
0.245
0.256
0.243
0.310
0.259
0.248
0.262
0.240
0.285
0.266
0.263
0.309
0.237
0.253
0.264
0.304
0.256
0.276
0.267
0.248
0.284
0.512
0.272
0.320
0.528
0.249
0.287
0.477
0.213
0.310
0.493
0.200
0.304
0.500
0.224
0.347
0.521
0.207
0.279
0.508
0.232
0.312
0.533
0.220
0.278
0.443
0.221
0.298
0.454
0.216
0.279
0.436
0.189
0.303
0.456
0.177
0.308
0.468
0.217
0.315
0.485
0.201
0.260
0.307
0.265
0.262
0.275
0.254
0.243
0.362
0.270
0.268
0.304
0.255
0.230
0.272
0.232
0.253
0.243
0.226
0.231
0.337
0.267
0.257
0.289
0.253
0.260
0.259
0.262
0.296
0.245
0.260
0.244
0.299
0.253
0.273
0.253
0.253
0.223
0.320
0.252
0.237
0.277
0.241
0.262
0.262
0.253
0.296
0.238
0.251
0.243
0.310
0.250
0.266
0.276
0.247
0.261
0.525
0.267
0.303
0.534
0.254
0.264
0.487
0.205
0.288
0.495
0.198
0.271
0.505
0.213
0.317
0.515
0.205
0.254
0.516
0.223
0.290
0.531
0.218
0.251
0.457
0.214
0.278
0.461
0.216
0.252
0.442
0.185
0.282
0.458
0.180
0.276
0.478
0.208
0.292
0.488
0.200
0.273
0.306
0.278
0.279
0.253
0.259
0.260
0.354
0.279
0.276
0.290
0.257
0.246
0.270
0.248
0.265
0.235
0.231
0.246
0.337
0.279
0.265
0.274
0.255
0.277
0.267
0.275
0.311
0.240
0.266
0.257
0.302
0.269
0.287
0.241
0.258
0.236
0.318
0.264
0.244
0.265
0.242
0.273
0.272
0.269
0.305
0.235
0.256
0.257
0.313
0.262
0.275
0.265
0.249
0.274
0.517
0.276
0.303
0.522
0.251
0.281
0.485
0.217
0.298
0.490
0.203
0.288
0.500
0.223
0.330
0.509
0.205
0.277
0.516
0.232
0.303
0.528
0.218
0.268
0.455
0.229
0.286
0.456
0.220
0.276
0.446
0.197
0.299
0.460
0.186
0.296
0.476
0.220
0.304
0.484
0.203
0.269
0.293
0.261
0.276
0.259
0.258
0.252
0.343
0.263
0.276
0.286
0.256
0.237
0.261
0.231
0.263
0.233
0.228
0.236
0.326
0.261
0.259
0.277
0.251
0.272
0.252
0.260
0.312
0.236
0.263
0.253
0.290
0.250
0.289
0.239
0.255
0.228
0.303
0.244
0.243
0.258
0.239
0.270
0.253
0.250
0.306
0.228
0.252
0.248
0.303
0.246
0.271
0.265
0.247
0.267
0.508
0.260
0.313
0.530
0.244
0.280
0.477
0.203
0.302
0.499
0.197
0.282
0.495
0.211
0.341
0.523
0.203
0.272
0.508
0.217
0.308
0.535
0.215
0.263
0.443
0.215
0.289
0.458
0.217
0.270
0.437
0.183
0.299
0.461
0.177
0.290
0.464
0.205
0.312
0.489
0.198
0.277
0.295
0.268
0.269
0.259
0.253
0.258
0.351
0.271
0.269
0.292
0.251
0.243
0.262
0.236
0.255
0.232
0.222
0.245
0.336
0.271
0.263
0.279
0.251
0.275
0.258
0.266
0.302
0.237
0.257
0.257
0.299
0.259
0.279
0.238
0.250
0.234
0.311
0.255
0.235
0.265
0.238
0.280
0.257
0.259
0.299
0.229
0.247
0.255
0.303
0.252
0.269
0.265
0.243
0.277
0.525
0.268
0.310
0.534
0.247
0.284
0.491
0.207
0.296
0.495
0.192
0.296
0.506
0.215
0.329
0.516
0.198
0.278
0.515
0.222
0.300
0.531
0.210
0.272
0.453
0.216
0.280
0.457
0.212
0.278
0.445
0.185
0.290
0.457
0.174
0.299
0.476
0.210
0.297
0.483
0.193
0.274
0.339
0.284
0.290
0.285
0.263
0.261
0.389
0.292
0.295
0.322
0.269
0.244
0.291
0.251
0.285
0.250
0.241
0.251
0.366
0.292
0.286
0.296
0.266
0.270
0.291
0.280
0.325
0.255
0.272
0.262
0.333
0.277
0.305
0.262
0.267
0.240
0.343
0.274
0.264
0.285
0.253
0.277
0.293
0.274
0.323
0.256
0.269
0.255
0.341
0.271
0.291
0.292
0.261
0.295
0.564
0.307
0.338
0.553
0.270
0.278
0.508
0.224
0.319
0.511
0.209
0.291
0.528
0.234
0.349
0.533
0.217
0.271
0.536
0.243
0.320
0.545
0.225
0.267
0.472
0.234
0.310
0.475
0.232
0.269
0.457
0.198
0.308
0.465
0.183
0.290
0.492
0.229
0.324
0.497
0.210
0.309
0.372
0.315
0.311
0.303
0.286
0.299
0.428
0.329
0.319
0.346
0.301
0.273
0.336
0.285
0.286
0.281
0.259
0.288
0.409
0.325
0.305
0.324
0.297
0.316
0.329
0.317
0.354
0.284
0.307
0.290
0.363
0.305
0.322
0.285
0.289
0.273
0.388
0.307
0.270
0.310
0.271
0.304
0.330
0.304
0.327
0.275
0.282
0.290
0.374
0.303
0.317
0.305
0.288
0.316
0.575
0.329
0.365
0.576
0.303
0.341
0.562
0.289
0.385
0.570
0.283
0.338
0.567
0.288
0.407
0.583
0.277
0.325
0.578
0.294
0.385
0.602
0.291
0.311
0.519
0.285
0.344
0.522
0.287
0.319
0.510
0.261
0.366
0.534
0.264
0.333
0.533
0.278
0.350
0.528
0.252
0.253
0.317
0.273
0.271
0.284
0.261
0.239
0.372
0.282
0.272
0.320
0.263
0.225
0.283
0.243
0.259
0.254
0.233
0.230
0.350
0.283
0.263
0.297
0.260
0.255
0.271
0.274
0.307
0.253
0.270
0.242
0.312
0.265
0.285
0.262
0.258
0.219
0.329
0.265
0.239
0.289
0.248
0.258
0.282
0.268
0.294
0.249
0.258
0.238
0.318
0.261
0.271
0.286
0.252
0.258
0.524
0.275
0.305
0.532
0.261
0.264
0.490
0.219
0.295
0.501
0.207
0.277
0.505
0.223
0.328
0.523
0.215
0.253
0.509
0.234
0.299
0.531
0.226
0.245
0.455
0.226
0.277
0.464
0.227
0.249
0.441
0.195
0.287
0.460
0.187
0.271
0.471
0.218
0.302
0.488
0.210
0.276
0.297
0.257
0.274
0.277
0.254
0.257
0.353
0.258
0.274
0.310
0.253
0.248
0.266
0.226
0.260
0.247
0.223
0.244
0.339
0.253
0.262
0.298
0.249
0.275
0.261
0.251
0.306
0.249
0.255
0.258
0.292
0.243
0.281
0.256
0.249
0.235
0.315
0.242
0.242
0.279
0.238
0.278
0.265
0.245
0.302
0.247
0.247
0.256
0.305
0.242
0.274
0.278
0.245
0.268
0.524
0.259
0.300
0.535
0.246
0.280
0.493
0.205
0.291
0.504
0.200
0.285
0.509
0.212
0.325
0.524
0.204
0.267
0.515
0.220
0.296
0.538
0.219
0.267
0.456
0.212
0.281
0.470
0.219
0.267
0.447
0.186
0.286
0.463
0.180
0.291
0.479
0.206
0.299
0.499
0.202
0.263
0.316
0.274
0.272
0.277
0.261
0.245
0.368
0.276
0.274
0.306
0.255
0.233
0.281
0.241
0.259
0.249
0.231
0.238
0.354
0.277
0.265
0.299
0.255
0.261
0.275
0.270
0.302
0.251
0.260
0.248
0.314
0.261
0.278
0.264
0.254
0.224
0.330
0.259
0.237
0.283
0.241
0.260
0.278
0.260
0.299
0.249
0.254
0.246
0.319
0.257
0.284
0.273
0.252
0.263
0.528
0.275
0.305
0.538
0.260
0.263
0.494
0.214
0.292
0.504
0.206
0.268
0.511
0.223
0.318
0.520
0.209
0.256
0.520
0.228
0.301
0.535
0.222
0.260
0.466
0.227
0.298
0.478
0.234
0.254
0.447
0.192
0.285
0.462
0.184
0.278
0.483
0.217
0.294
0.492
0.206
0.364
0.307
0.257
0.383
0.375
0.257
0.355
0.287
0.207
0.375
0.338
0.208
0.359
0.298
0.214
0.395
0.369
0.215
0.344
0.297
0.219
0.365
0.369
0.227
0.350
0.279
0.209
0.368
0.322
0.221
0.327
0.277
0.182
0.358
0.330
0.185
0.352
0.295
0.205
0.369
0.350
0.209
0.375
0.335
0.264
0.384
0.409
0.255
0.356
0.307
0.212
0.377
0.374
0.209
0.361
0.322
0.218
0.398
0.404
0.216
0.354
0.324
0.225
0.372
0.411
0.224
0.360
0.302
0.215
0.374
0.359
0.222
0.339
0.297
0.187
0.367
0.356
0.184
0.359
0.312
0.212
0.376
0.377
0.209
0.343
0.277
0.232
0.345
0.330
0.221
0.339
0.269
0.188
0.335
0.301
0.184
0.339
0.279
0.192
0.352
0.331
0.187
0.332
0.269
0.200
0.333
0.330
0.198
0.332
0.267
0.191
0.333
0.297
0.195
0.315
0.271
0.172
0.324
0.308
0.167
0.342
0.276
0.192
0.337
0.319
0.184
0.359
0.317
0.264
0.364
0.391
0.256
0.336
0.297
0.204
0.350
0.354
0.202
0.348
0.306
0.214
0.373
0.383
0.207
0.337
0.313
0.218
0.345
0.389
0.222
0.337
0.291
0.209
0.340
0.337
0.213
0.321
0.298
0.181
0.338
0.347
0.178
0.342
0.310
0.209
0.348
0.364
0.203
0.390
0.283
0.261
0.368
0.331
0.241
0.373
0.272
0.213
0.367
0.308
0.200
0.378
0.288
0.218
0.381
0.334
0.204
0.364
0.285
0.223
0.358
0.336
0.217
0.362
0.273
0.216
0.355
0.301
0.211
0.339
0.275
0.185
0.347
0.308
0.175
0.366
0.285
0.210
0.358
0.323
0.197
0.372
0.296
0.262
0.376
0.363
0.252
0.356
0.265
0.207
0.357
0.324
0.198
0.361
0.277
0.212
0.380
0.354
0.203
0.349
0.276
0.217
0.353
0.359
0.216
0.357
0.267
0.208
0.359
0.318
0.212
0.325
0.261
0.183
0.345
0.313
0.177
0.348
0.273
0.207
0.352
0.331
0.196
0.337
0.315
0.245
0.350
0.378
0.238
0.330
0.291
0.196
0.348
0.344
0.197
0.333
0.306
0.198
0.366
0.369
0.198
0.321
0.301
0.205
0.337
0.372
0.210
0.329
0.286
0.201
0.344
0.334
0.215
0.311
0.284
0.173
0.337
0.334
0.172
0.334
0.304
0.193
0.341
0.351
0.192
0.392
0.294
0.265
0.386
0.343
0.249
0.372
0.272
0.210
0.370
0.303
0.207
0.376
0.285
0.212
0.383
0.329
0.205
0.368
0.276
0.219
0.364
0.334
0.217
0.359
0.272
0.209
0.362
0.305
0.214
0.340
0.270
0.183
0.356
0.309
0.184
0.361
0.282
0.205
0.359
0.319
0.200
0.360
0.303
0.246
0.365
0.364
0.234
0.352
0.284
0.205
0.360
0.337
0.196
0.352
0.304
0.209
0.382
0.374
0.202
0.346
0.307
0.217
0.357
0.373
0.213
0.349
0.285
0.204
0.360
0.324
0.207
0.327
0.286
0.178
0.352
0.326
0.174
0.349
0.302
0.201
0.357
0.348
0.195
