0.373
0.322
0.400
0.354
0.508
0.341
0.406
0.342
0.431
0.388
0.539
0.363
0.344
0.351
0.428
0.337
0.548
0.399
0.354
0.453
0.450
0.518
0.426
0.372
0.308
0.413
0.401
0.466
0.400
0.331
0.336
0.523
0.351
0.507
0.358
0.348
0.330
0.538
0.368
0.493
0.339
0.373
0.316
0.536
0.379
0.485
0.328
0.368
0.392
0.330
0.412
0.372
0.520
0.347
0.419
0.347
0.438
0.403
0.549
0.366
0.357
0.354
0.436
0.348
0.555
0.401
0.357
0.456
0.452
0.533
0.439
0.376
0.312
0.421
0.408
0.482
0.416
0.336
0.341
0.531
0.356
0.519
0.363
0.357
0.332
0.543
0.375
0.508
0.343
0.386
0.320
0.540
0.383
0.499
0.334
0.377
0.370
0.317
0.394
0.350
0.505
0.338
0.402
0.333
0.421
0.382
0.533
0.356
0.341
0.341
0.421
0.332
0.543
0.395
0.354
0.447
0.447
0.523
0.431
0.373
0.304
0.403
0.392
0.463
0.396
0.326
0.329
0.515
0.343
0.504
0.348
0.344
0.321
0.529
0.357
0.491
0.331
0.368
0.306
0.524
0.366
0.482
0.319
0.360
0.390
0.334
0.411
0.363
0.516
0.352
0.415
0.351
0.436
0.391
0.544
0.372
0.356
0.354
0.431
0.343
0.551
0.406
0.363
0.451
0.457
0.524
0.426
0.379
0.317
0.415
0.403
0.473
0.402
0.337
0.349
0.532
0.364
0.529
0.368
0.364
0.340
0.546
0.384
0.515
0.347
0.388
0.329
0.544
0.393
0.511
0.341
0.384
0.388
0.346
0.420
0.370
0.507
0.357
0.409
0.362
0.443
0.398
0.535
0.375
0.357
0.371
0.442
0.351
0.542
0.409
0.373
0.460
0.465
0.548
0.441
0.389
0.321
0.412
0.407
0.490
0.406
0.340
0.357
0.527
0.365
0.532
0.386
0.364
0.346
0.536
0.384
0.517
0.361
0.387
0.333
0.533
0.388
0.509
0.353
0.379
0.399
0.338
0.421
0.372
0.478
0.351
0.421
0.357
0.446
0.402
0.510
0.372
0.362
0.364
0.445
0.350
0.518
0.408
0.360
0.436
0.453
0.541
0.423
0.384
0.315
0.398
0.402
0.490
0.398
0.342
0.346
0.510
0.357
0.527
0.374
0.367
0.341
0.517
0.371
0.519
0.358
0.392
0.324
0.511
0.377
0.509
0.346
0.383
0.380
0.331
0.407
0.369
0.501
0.346
0.404
0.348
0.434
0.399
0.533
0.368
0.349
0.359
0.433
0.346
0.541
0.406
0.360
0.434
0.451
0.542
0.431
0.384
0.311
0.401
0.401
0.487
0.406
0.339
0.342
0.515
0.350
0.516
0.368
0.353
0.336
0.528
0.367
0.504
0.350
0.378
0.319
0.522
0.373
0.498
0.338
0.371
0.368
0.317
0.390
0.356
0.457
0.336
0.382
0.334
0.411
0.380
0.487
0.357
0.333
0.346
0.413
0.334
0.489
0.388
0.339
0.418
0.427
0.513
0.396
0.361
0.301
0.388
0.386
0.473
0.380
0.330
0.329
0.488
0.344
0.496
0.357
0.341
0.324
0.497
0.363
0.486
0.336
0.365
0.306
0.491
0.365
0.476
0.321
0.356
0.425
0.390
0.454
0.445
0.590
0.432
0.445
0.408
0.477
0.463
0.609
0.442
0.393
0.417
0.476
0.419
0.618
0.476
0.427
0.523
0.514
0.620
0.523
0.469
0.367
0.466
0.449
0.549
0.476
0.408
0.405
0.574
0.413
0.568
0.434
0.406
0.393
0.586
0.430
0.553
0.411
0.427
0.371
0.570
0.423
0.534
0.392
0.407
0.390
0.342
0.412
0.380
0.523
0.355
0.411
0.357
0.432
0.407
0.551
0.372
0.357
0.367
0.434
0.356
0.557
0.403
0.376
0.467
0.462
0.557
0.450
0.397
0.323
0.423
0.403
0.496
0.419
0.344
0.355
0.537
0.364
0.527
0.378
0.365
0.350
0.549
0.377
0.515
0.361
0.385
0.331
0.543
0.382
0.504
0.347
0.376
0.375
0.335
0.374
0.375
0.496
0.333
0.397
0.349
0.401
0.398
0.522
0.353
0.342
0.359
0.400
0.344
0.522
0.373
0.362
0.447
0.422
0.535
0.446
0.368
0.316
0.396
0.370
0.489
0.413
0.326
0.345
0.502
0.345
0.513
0.373
0.344
0.340
0.511
0.352
0.499
0.355
0.356
0.323
0.503
0.356
0.490
0.345
0.350
0.418
0.379
0.440
0.415
0.560
0.404
0.438
0.388
0.456
0.437
0.578
0.413
0.382
0.397
0.456
0.388
0.587
0.445
0.405
0.487
0.483
0.578
0.478
0.431
0.359
0.455
0.431
0.529
0.457
0.388
0.395
0.563
0.396
0.561
0.422
0.399
0.381
0.572
0.408
0.542
0.397
0.415
0.361
0.557
0.403
0.525
0.379
0.397
0.363
0.329
0.394
0.348
0.516
0.348
0.378
0.352
0.418
0.371
0.546
0.369
0.345
0.364
0.432
0.342
0.564
0.411
0.357
0.429
0.440
0.504
0.399
0.373
0.314
0.399
0.396
0.456
0.384
0.332
0.349
0.535
0.343
0.503
0.369
0.342
0.338
0.544
0.356
0.484
0.348
0.359
0.318
0.541
0.367
0.474
0.333
0.355
0.378
0.324
0.395
0.361
0.522
0.339
0.396
0.345
0.421
0.386
0.550
0.361
0.352
0.353
0.430
0.343
0.563
0.396
0.348
0.432
0.433
0.502
0.405
0.360
0.309
0.410
0.397
0.459
0.392
0.324
0.343
0.544
0.346
0.502
0.359
0.346
0.333
0.552
0.361
0.489
0.340
0.365
0.314
0.546
0.370
0.477
0.328
0.358
0.358
0.315
0.379
0.341
0.510
0.332
0.381
0.337
0.407
0.368
0.538
0.354
0.337
0.345
0.416
0.330
0.553
0.393
0.350
0.428
0.433
0.498
0.403
0.364
0.303
0.394
0.384
0.444
0.378
0.318
0.331
0.528
0.333
0.489
0.347
0.332
0.323
0.538
0.346
0.472
0.331
0.348
0.302
0.531
0.354
0.461
0.315
0.342
0.379
0.335
0.396
0.357
0.523
0.347
0.398
0.359
0.425
0.383
0.555
0.373
0.356
0.363
0.430
0.343
0.564
0.405
0.360
0.434
0.442
0.500
0.399
0.369
0.318
0.410
0.399
0.456
0.388
0.329
0.355
0.547
0.356
0.516
0.372
0.354
0.343
0.555
0.371
0.498
0.351
0.369
0.325
0.552
0.381
0.489
0.338
0.365
0.376
0.347
0.406
0.363
0.511
0.352
0.395
0.372
0.433
0.390
0.541
0.375
0.355
0.376
0.436
0.351
0.549
0.406
0.372
0.443
0.452
0.527
0.418
0.383
0.323
0.403
0.400
0.473
0.390
0.334
0.363
0.541
0.356
0.520
0.390
0.356
0.349
0.544
0.371
0.501
0.365
0.370
0.328
0.538
0.376
0.488
0.351
0.362
0.383
0.331
0.402
0.362
0.469
0.343
0.399
0.353
0.427
0.387
0.499
0.363
0.355
0.359
0.433
0.342
0.506
0.398
0.355
0.413
0.435
0.511
0.391
0.368
0.313
0.384
0.391
0.468
0.375
0.329
0.347
0.514
0.344
0.508
0.369
0.351
0.340
0.516
0.357
0.498
0.353
0.370
0.317
0.505
0.363
0.485
0.337
0.362
0.361
0.325
0.387
0.354
0.496
0.337
0.381
0.349
0.416
0.381
0.531
0.363
0.340
0.358
0.420
0.341
0.541
0.399
0.356
0.414
0.435
0.513
0.399
0.371
0.309
0.386
0.389
0.465
0.380
0.327
0.343
0.523
0.337
0.496
0.367
0.335
0.334
0.530
0.350
0.481
0.347
0.353
0.313
0.522
0.357
0.473
0.331
0.348
0.359
0.316
0.379
0.350
0.449
0.333
0.370
0.337
0.401
0.371
0.479
0.353
0.334
0.346
0.409
0.335
0.476
0.386
0.334
0.397
0.410
0.492
0.371
0.352
0.300
0.377
0.378
0.454
0.358
0.320
0.332
0.495
0.336
0.483
0.356
0.331
0.326
0.496
0.350
0.471
0.337
0.350
0.302
0.488
0.354
0.457
0.317
0.341
0.415
0.389
0.441
0.443
0.601
0.431
0.428
0.411
0.464
0.455
0.617
0.439
0.392
0.421
0.472
0.424
0.633
0.477
0.427
0.511
0.503
0.605
0.507
0.466
0.367
0.459
0.442
0.536
0.462
0.402
0.407
0.588
0.404
0.552
0.434
0.393
0.397
0.597
0.418
0.536
0.413
0.407
0.368
0.580
0.413
0.515
0.390
0.391
0.382
0.343
0.400
0.374
0.530
0.350
0.396
0.364
0.422
0.396
0.558
0.369
0.357
0.370
0.429
0.355
0.566
0.397
0.372
0.448
0.445
0.531
0.421
0.382
0.324
0.416
0.395
0.479
0.401
0.335
0.361
0.554
0.355
0.515
0.382
0.354
0.354
0.560
0.365
0.501
0.364
0.368
0.330
0.553
0.371
0.487
0.345
0.361
0.366
0.334
0.359
0.368
0.501
0.325
0.384
0.354
0.389
0.390
0.530
0.350
0.344
0.364
0.391
0.346
0.533
0.368
0.354
0.435
0.401
0.505
0.421
0.350
0.315
0.394
0.360
0.469
0.402
0.316
0.348
0.518
0.337
0.497
0.373
0.334
0.343
0.523
0.342
0.482
0.358
0.342
0.319
0.512
0.344
0.471
0.341
0.336
0.416
0.386
0.435
0.419
0.575
0.407
0.425
0.399
0.450
0.435
0.592
0.417
0.387
0.407
0.458
0.396
0.603
0.448
0.409
0.477
0.475
0.565
0.464
0.429
0.366
0.453
0.430
0.521
0.448
0.388
0.407
0.584
0.394
0.556
0.433
0.396
0.391
0.586
0.401
0.534
0.406
0.404
0.363
0.570
0.396
0.514
0.382
0.388
0.388
0.343
0.420
0.369
0.531
0.362
0.395
0.361
0.435
0.385
0.553
0.375
0.354
0.368
0.445
0.349
0.569
0.418
0.373
0.443
0.457
0.536
0.419
0.392
0.319
0.408
0.407
0.477
0.389
0.337
0.368
0.549
0.352
0.525
0.382
0.354
0.351
0.554
0.368
0.511
0.358
0.376
0.337
0.549
0.377
0.504
0.348
0.373
0.385
0.330
0.409
0.365
0.525
0.346
0.403
0.350
0.431
0.389
0.549
0.363
0.349
0.355
0.436
0.339
0.561
0.400
0.361
0.445
0.448
0.523
0.415
0.375
0.310
0.412
0.402
0.466
0.387
0.323
0.353
0.546
0.348
0.513
0.365
0.347
0.340
0.553
0.364
0.500
0.345
0.370
0.325
0.549
0.375
0.493
0.335
0.368
0.385
0.328
0.405
0.367
0.527
0.345
0.399
0.342
0.423
0.383
0.543
0.358
0.346
0.348
0.429
0.338
0.559
0.399
0.369
0.450
0.453
0.537
0.426
0.384
0.309
0.406
0.397
0.471
0.388
0.323
0.348
0.538
0.342
0.513
0.359
0.346
0.333
0.546
0.359
0.500
0.338
0.368
0.319
0.540
0.365
0.492
0.329
0.362
0.404
0.347
0.422
0.380
0.539
0.362
0.411
0.362
0.437
0.393
0.557
0.377
0.367
0.365
0.443
0.353
0.571
0.414
0.376
0.449
0.459
0.533
0.418
0.386
0.324
0.419
0.409
0.480
0.397
0.335
0.371
0.558
0.365
0.539
0.382
0.366
0.354
0.564
0.384
0.525
0.360
0.387
0.343
0.561
0.392
0.521
0.353
0.386
0.399
0.356
0.429
0.383
0.522
0.366
0.410
0.374
0.447
0.403
0.545
0.381
0.363
0.377
0.450
0.358
0.554
0.414
0.388
0.457
0.469
0.562
0.436
0.402
0.327
0.411
0.411
0.495
0.397
0.340
0.377
0.550
0.363
0.540
0.399
0.365
0.358
0.550
0.380
0.526
0.371
0.386
0.343
0.544
0.384
0.515
0.362
0.378
0.407
0.345
0.428
0.382
0.477
0.359
0.417
0.360
0.444
0.399
0.503
0.370
0.368
0.366
0.451
0.353
0.510
0.408
0.373
0.429
0.454
0.547
0.411
0.389
0.322
0.396
0.406
0.490
0.384
0.337
0.363
0.525
0.357
0.532
0.382
0.366
0.352
0.523
0.371
0.525
0.363
0.389
0.335
0.513
0.374
0.515
0.354
0.382
0.386
0.338
0.412
0.377
0.510
0.351
0.399
0.353
0.431
0.395
0.536
0.367
0.353
0.360
0.435
0.349
0.545
0.405
0.372
0.430
0.452
0.551
0.420
0.391
0.315
0.397
0.402
0.488
0.390
0.333
0.359
0.534
0.347
0.520
0.378
0.351
0.345
0.538
0.363
0.509
0.356
0.372
0.327
0.530
0.366
0.500
0.343
0.365
0.378
0.328
0.399
0.368
0.461
0.344
0.383
0.344
0.416
0.383
0.490
0.360
0.341
0.351
0.420
0.342
0.485
0.391
0.349
0.414
0.428
0.524
0.390
0.370
0.307
0.389
0.391
0.476
0.368
0.327
0.344
0.507
0.343
0.502
0.366
0.341
0.335
0.508
0.362
0.493
0.345
0.364
0.317
0.499
0.363
0.482
0.330
0.358
0.434
0.399
0.461
0.469
0.621
0.449
0.440
0.415
0.476
0.472
0.629
0.453
0.397
0.422
0.481
0.433
0.642
0.487
0.440
0.523
0.517
0.639
0.527
0.488
0.374
0.472
0.454
0.567
0.483
0.419
0.424
0.600
0.415
0.574
0.446
0.405
0.407
0.606
0.431
0.558
0.419
0.422
0.387
0.589
0.424
0.543
0.404
0.409
0.406
0.355
0.423
0.401
0.547
0.364
0.412
0.370
0.436
0.415
0.567
0.378
0.367
0.375
0.444
0.366
0.572
0.404
0.390
0.463
0.464
0.565
0.443
0.403
0.331
0.426
0.406
0.504
0.413
0.343
0.378
0.564
0.365
0.537
0.392
0.367
0.366
0.568
0.377
0.525
0.371
0.385
0.347
0.559
0.380
0.515
0.358
0.379
0.395
0.349
0.385
0.400
0.522
0.344
0.405
0.363
0.409
0.413
0.542
0.363
0.357
0.369
0.408
0.361
0.542
0.379
0.374
0.451
0.424
0.546
0.443
0.375
0.326
0.409
0.375
0.498
0.417
0.327
0.366
0.529
0.349
0.523
0.385
0.350
0.358
0.534
0.358
0.511
0.367
0.362
0.339
0.523
0.360
0.501
0.354
0.358
0.459
0.418
0.479
0.464
0.613
0.443
0.460
0.424
0.484
0.473
0.622
0.447
0.413
0.428
0.489
0.427
0.634
0.480
0.446
0.513
0.514
0.619
0.503
0.470
0.393
0.483
0.462
0.564
0.477
0.416
0.448
0.622
0.429
0.598
0.463
0.430
0.426
0.621
0.437
0.576
0.432
0.440
0.403
0.602
0.430
0.560
0.415
0.426
0.351
0.311
0.375
0.341
0.497
0.327
0.361
0.321
0.387
0.356
0.514
0.338
0.325
0.331
0.402
0.323
0.532
0.379
0.348
0.417
0.432
0.520
0.404
0.368
0.293
0.375
0.373
0.460
0.373
0.313
0.327
0.509
0.326
0.492
0.349
0.327
0.317
0.520
0.341
0.480
0.329
0.345
0.301
0.514
0.353
0.472
0.317
0.342
0.346
0.299
0.364
0.338
0.492
0.312
0.371
0.315
0.387
0.366
0.514
0.329
0.321
0.322
0.394
0.317
0.526
0.364
0.336
0.419
0.424
0.505
0.400
0.352
0.286
0.380
0.369
0.450
0.371
0.301
0.317
0.509
0.325
0.482
0.337
0.321
0.309
0.520
0.340
0.469
0.318
0.338
0.292
0.516
0.353
0.463
0.308
0.339
0.365
0.305
0.376
0.357
0.505
0.319
0.382
0.317
0.394
0.380
0.522
0.331
0.335
0.324
0.401
0.329
0.534
0.365
0.338
0.422
0.426
0.519
0.410
0.355
0.288
0.387
0.374
0.467
0.387
0.306
0.319
0.515
0.330
0.492
0.339
0.331
0.311
0.526
0.348
0.484
0.320
0.351
0.296
0.519
0.356
0.474
0.311
0.346
0.366
0.314
0.378
0.350
0.503
0.327
0.384
0.328
0.397
0.372
0.522
0.343
0.336
0.329
0.400
0.326
0.533
0.374
0.349
0.418
0.434
0.515
0.401
0.362
0.297
0.384
0.376
0.462
0.378
0.311
0.333
0.519
0.340
0.504
0.349
0.338
0.322
0.528
0.356
0.494
0.331
0.355
0.309
0.526
0.369
0.488
0.323
0.355
0.360
0.323
0.382
0.352
0.489
0.330
0.376
0.337
0.402
0.374
0.510
0.344
0.333
0.343
0.406
0.329
0.521
0.376
0.356
0.429
0.439
0.535
0.415
0.371
0.299
0.379
0.375
0.471
0.374
0.311
0.338
0.513
0.338
0.504
0.365
0.336
0.325
0.517
0.353
0.491
0.341
0.352
0.308
0.511
0.361
0.484
0.331
0.348
0.369
0.311
0.382
0.351
0.441
0.321
0.386
0.324
0.400
0.375
0.470
0.334
0.337
0.330
0.406
0.326
0.475
0.370
0.345
0.403
0.430
0.526
0.394
0.362
0.293
0.362
0.371
0.469
0.364
0.309
0.323
0.486
0.329
0.497
0.347
0.336
0.317
0.489
0.341
0.490
0.331
0.354
0.298
0.477
0.349
0.482
0.320
0.351
0.352
0.307
0.369
0.347
0.480
0.316
0.370
0.320
0.388
0.369
0.505
0.333
0.325
0.327
0.392
0.321
0.514
0.367
0.345
0.404
0.427
0.527
0.401
0.362
0.288
0.365
0.366
0.466
0.370
0.305
0.323
0.500
0.325
0.489
0.346
0.324
0.314
0.506
0.336
0.477
0.326
0.339
0.296
0.499
0.346
0.472
0.316
0.338
0.348
0.300
0.361
0.343
0.432
0.312
0.360
0.314
0.376
0.362
0.455
0.327
0.317
0.319
0.381
0.319
0.455
0.357
0.325
0.390
0.404
0.504
0.373
0.345
0.283
0.360
0.358
0.459
0.351
0.304
0.311
0.474
0.324
0.475
0.340
0.319
0.305
0.478
0.338
0.466
0.319
0.336
0.288
0.470
0.345
0.458
0.306
0.333
0.391
0.360
0.411
0.420
0.570
0.398
0.404
0.374
0.427
0.432
0.581
0.405
0.363
0.384
0.436
0.392
0.595
0.439
0.407
0.489
0.485
0.600
0.491
0.446
0.340
0.430
0.413
0.524
0.440
0.374
0.379
0.556
0.382
0.534
0.407
0.371
0.369
0.567
0.398
0.522
0.387
0.387
0.345
0.550
0.394
0.505
0.368
0.373
0.366
0.323
0.380
0.368
0.514
0.332
0.381
0.335
0.396
0.387
0.533
0.345
0.339
0.340
0.403
0.340
0.540
0.371
0.360
0.435
0.439
0.545
0.423
0.378
0.305
0.393
0.377
0.484
0.392
0.320
0.339
0.527
0.340
0.505
0.360
0.340
0.333
0.536
0.352
0.495
0.342
0.354
0.313
0.528
0.359
0.486
0.330
0.350
0.358
0.320
0.344
0.370
0.493
0.311
0.375
0.330
0.366
0.389
0.509
0.329
0.328
0.336
0.365
0.336
0.510
0.343
0.348
0.423
0.396
0.526
0.430
0.351
0.300
0.373
0.341
0.479
0.396
0.303
0.329
0.492
0.322
0.488
0.354
0.320
0.325
0.498
0.327
0.478
0.339
0.328
0.307
0.489
0.334
0.471
0.329
0.328
0.405
0.367
0.417
0.410
0.556
0.388
0.415
0.372
0.426
0.426
0.568
0.395
0.372
0.381
0.434
0.382
0.579
0.426
0.402
0.469
0.471
0.581
0.467
0.428
0.347
0.432
0.410
0.523
0.438
0.372
0.387
0.560
0.381
0.546
0.412
0.383
0.373
0.565
0.390
0.529
0.388
0.392
0.350
0.550
0.388
0.514
0.371
0.382
0.404
0.354
0.423
0.377
0.534
0.367
0.403
0.365
0.436
0.387
0.555
0.382
0.365
0.373
0.439
0.355
0.566
0.418
0.379
0.446
0.464
0.529
0.416
0.392
0.333
0.414
0.410
0.481
0.399
0.344
0.368
0.553
0.373
0.540
0.387
0.378
0.357
0.560
0.386
0.523
0.365
0.394
0.345
0.562
0.405
0.520
0.357
0.398
0.395
0.337
0.408
0.367
0.522
0.348
0.410
0.356
0.433
0.390
0.549
0.369
0.357
0.357
0.426
0.344
0.554
0.398
0.363
0.448
0.454
0.511
0.410
0.372
0.321
0.414
0.402
0.468
0.393
0.329
0.353
0.548
0.367
0.522
0.368
0.367
0.342
0.554
0.378
0.506
0.349
0.382
0.330
0.557
0.399
0.503
0.340
0.388
0.417
0.346
0.422
0.391
0.538
0.356
0.425
0.359
0.440
0.406
0.560
0.372
0.375
0.359
0.434
0.358
0.563
0.400
0.364
0.450
0.454
0.526
0.422
0.375
0.325
0.423
0.409
0.486
0.413
0.336
0.357
0.555
0.373
0.536
0.371
0.378
0.347
0.562
0.387
0.524
0.354
0.397
0.336
0.564
0.404
0.519
0.346
0.398
0.392
0.332
0.402
0.364
0.520
0.345
0.405
0.345
0.422
0.383
0.542
0.362
0.352
0.346
0.416
0.339
0.550
0.394
0.364
0.443
0.452
0.517
0.417
0.377
0.316
0.405
0.394
0.466
0.392
0.326
0.343
0.536
0.357
0.515
0.355
0.360
0.334
0.543
0.367
0.501
0.339
0.375
0.322
0.545
0.386
0.497
0.330
0.378
0.415
0.368
0.434
0.391
0.529
0.371
0.419
0.382
0.452
0.405
0.551
0.386
0.375
0.383
0.446
0.363
0.557
0.415
0.386
0.459
0.472
0.545
0.429
0.393
0.340
0.419
0.415
0.497
0.405
0.345
0.381
0.559
0.386
0.551
0.400
0.386
0.366
0.560
0.398
0.534
0.375
0.401
0.354
0.561
0.413
0.533
0.370
0.404
0.422
0.357
0.433
0.386
0.484
0.362
0.428
0.370
0.451
0.403
0.511
0.377
0.375
0.370
0.443
0.355
0.511
0.408
0.373
0.436
0.461
0.537
0.411
0.386
0.330
0.402
0.408
0.492
0.392
0.342
0.363
0.531
0.373
0.544
0.386
0.386
0.356
0.533
0.384
0.534
0.369
0.402
0.342
0.529
0.400
0.531
0.363
0.406
0.405
0.352
0.420
0.389
0.523
0.361
0.417
0.364
0.442
0.405
0.548
0.379
0.366
0.369
0.434
0.358
0.551
0.409
0.374
0.440
0.461
0.542
0.423
0.390
0.328
0.408
0.407
0.494
0.403
0.342
0.362
0.543
0.370
0.534
0.380
0.373
0.352
0.549
0.382
0.521
0.362
0.389
0.340
0.549
0.399
0.521
0.354
0.394
0.395
0.337
0.405
0.374
0.468
0.348
0.396
0.350
0.420
0.386
0.492
0.366
0.349
0.352
0.415
0.343
0.488
0.391
0.349
0.417
0.434
0.514
0.388
0.368
0.315
0.393
0.392
0.478
0.375
0.333
0.344
0.510
0.360
0.514
0.365
0.359
0.336
0.513
0.375
0.504
0.347
0.379
0.324
0.511
0.388
0.500
0.336
0.379
0.451
0.411
0.468
0.465
0.613
0.446
0.453
0.425
0.485
0.468
0.625
0.454
0.410
0.429
0.481
0.430
0.632
0.483
0.442
0.529
0.524
0.617
0.515
0.477
0.385
0.477
0.460
0.556
0.478
0.416
0.424
0.604
0.434
0.585
0.448
0.426
0.411
0.610
0.446
0.567
0.425
0.439
0.394
0.602
0.452
0.558
0.412
0.432
0.417
0.363
0.428
0.400
0.547
0.369
0.420
0.375
0.442
0.411
0.566
0.383
0.374
0.377
0.438
0.366
0.570
0.408
0.390
0.466
0.471
0.555
0.438
0.402
0.341
0.428
0.413
0.504
0.415
0.350
0.376
0.568
0.383
0.546
0.392
0.385
0.368
0.572
0.392
0.533
0.374
0.398
0.352
0.571
0.406
0.527
0.363
0.399
0.409
0.358
0.396
0.404
0.525
0.351
0.417
0.371
0.419
0.415
0.545
0.372
0.366
0.372
0.408
0.363
0.540
0.381
0.377
0.452
0.435
0.538
0.439
0.375
0.336
0.408
0.384
0.502
0.418
0.335
0.369
0.533
0.366
0.532
0.384
0.367
0.360
0.536
0.371
0.518
0.367
0.373
0.348
0.533
0.385
0.517
0.361
0.379
0.443
0.397
0.454
0.431
0.576
0.412
0.446
0.403
0.465
0.441
0.591
0.421
0.397
0.406
0.460
0.396
0.596
0.446
0.417
0.488
0.491
0.575
0.467
0.434
0.373
0.458
0.438
0.531
0.450
0.388
0.412
0.588
0.411
0.576
0.432
0.417
0.393
0.588
0.417
0.554
0.405
0.424
0.380
0.584
0.427
0.549
0.395
0.421
0.377
0.354
0.414
0.363
0.509
0.355
0.374
0.366
0.424
0.371
0.522
0.366
0.342
0.386
0.435
0.339
0.537
0.406
0.374
0.475
0.463
0.567
0.454
0.387
0.314
0.421
0.400
0.491
0.409
0.326
0.356
0.533
0.369
0.542
0.392
0.362
0.340
0.540
0.386
0.519
0.362
0.379
0.335
0.544
0.396
0.517
0.360
0.376
0.375
0.339
0.402
0.361
0.501
0.339
0.386
0.358
0.423
0.382
0.520
0.355
0.340
0.370
0.425
0.334
0.525
0.389
0.364
0.480
0.459
0.557
0.454
0.377
0.306
0.424
0.397
0.485
0.408
0.319
0.342
0.528
0.367
0.532
0.377
0.357
0.331
0.535
0.383
0.510
0.351
0.375
0.323
0.539
0.392
0.505
0.346
0.372
0.399
0.348
0.418
0.384
0.515
0.348
0.400
0.363
0.431
0.398
0.532
0.363
0.356
0.375
0.436
0.349
0.538
0.395
0.371
0.487
0.466
0.574
0.469
0.384
0.314
0.434
0.406
0.505
0.427
0.328
0.349
0.538
0.376
0.544
0.382
0.368
0.338
0.545
0.395
0.530
0.358
0.390
0.331
0.548
0.401
0.522
0.354
0.384
0.379
0.336
0.401
0.362
0.500
0.340
0.384
0.347
0.414
0.377
0.511
0.350
0.338
0.363
0.420
0.330
0.523
0.389
0.364
0.476
0.456
0.564
0.457
0.378
0.303
0.416
0.389
0.486
0.403
0.315
0.336
0.520
0.359
0.528
0.365
0.351
0.324
0.527
0.373
0.510
0.341
0.370
0.318
0.530
0.384
0.505
0.337
0.367
0.403
0.358
0.422
0.377
0.518
0.359
0.405
0.373
0.437
0.391
0.532
0.374
0.360
0.381
0.439
0.348
0.541
0.407
0.378
0.484
0.470
0.563
0.453
0.384
0.322
0.434
0.409
0.498
0.416
0.332
0.363
0.546
0.387
0.558
0.391
0.376
0.348
0.552
0.402
0.538
0.364
0.394
0.346
0.559
0.416
0.539
0.366
0.395
0.403
0.356
0.427
0.379
0.488
0.354
0.395
0.365
0.434
0.388
0.498
0.361
0.357
0.385
0.444
0.344
0.513
0.403
0.370
0.471
0.465
0.581
0.452
0.386
0.312
0.414
0.401
0.508
0.405
0.328
0.351
0.520
0.373
0.549
0.390
0.375
0.340
0.525
0.389
0.533
0.366
0.393
0.332
0.525
0.397
0.529
0.365
0.390
0.387
0.346
0.410
0.379
0.499
0.346
0.386
0.358
0.423
0.387
0.514
0.360
0.346
0.378
0.430
0.343
0.524
0.396
0.369
0.467
0.460
0.583
0.456
0.386
0.308
0.416
0.396
0.509
0.413
0.325
0.349
0.522
0.367
0.540
0.385
0.360
0.336
0.529
0.381
0.523
0.358
0.378
0.328
0.530
0.391
0.522
0.355
0.377
0.370
0.336
0.395
0.360
0.469
0.335
0.363
0.350
0.404
0.366
0.482
0.349
0.326
0.366
0.411
0.325
0.487
0.380
0.346
0.451
0.436
0.547
0.423
0.359
0.297
0.407
0.384
0.488
0.389
0.314
0.332
0.502
0.361
0.515
0.372
0.345
0.322
0.507
0.378
0.500
0.345
0.365
0.313
0.506
0.382
0.495
0.339
0.360
0.420
0.405
0.456
0.440
0.582
0.425
0.422
0.425
0.471
0.448
0.593
0.435
0.387
0.440
0.478
0.408
0.601
0.469
0.437
0.549
0.524
0.658
0.547
0.472
0.366
0.483
0.449
0.570
0.486
0.395
0.412
0.585
0.429
0.596
0.458
0.414
0.398
0.593
0.446
0.572
0.427
0.428
0.379
0.581
0.438
0.556
0.414
0.411
0.389
0.355
0.414
0.378
0.516
0.352
0.388
0.371
0.426
0.389
0.531
0.364
0.350
0.386
0.433
0.346
0.539
0.396
0.379
0.489
0.469
0.587
0.467
0.390
0.317
0.434
0.402
0.512
0.423
0.327
0.356
0.543
0.377
0.549
0.394
0.368
0.345
0.548
0.390
0.530
0.368
0.384
0.334
0.549
0.396
0.523
0.361
0.378
0.385
0.352
0.381
0.385
0.499
0.335
0.387
0.366
0.401
0.394
0.511
0.352
0.343
0.378
0.403
0.344
0.512
0.371
0.372
0.472
0.438
0.576
0.469
0.377
0.313
0.409
0.372
0.511
0.422
0.318
0.349
0.510
0.358
0.538
0.392
0.352
0.337
0.512
0.364
0.517
0.368
0.359
0.328
0.512
0.373
0.512
0.361
0.357
0.422
0.398
0.448
0.419
0.555
0.404
0.420
0.406
0.454
0.430
0.567
0.414
0.382
0.426
0.465
0.388
0.578
0.449
0.408
0.506
0.486
0.622
0.503
0.437
0.354
0.465
0.428
0.556
0.469
0.380
0.400
0.568
0.407
0.591
0.446
0.409
0.380
0.569
0.417
0.565
0.412
0.419
0.366
0.563
0.415
0.553
0.402
0.407
0.351
0.321
0.389
0.336
0.450
0.332
0.353
0.332
0.401
0.348
0.465
0.342
0.319
0.352
0.418
0.317
0.484
0.389
0.347
0.418
0.431
0.535
0.399
0.366
0.292
0.383
0.375
0.470
0.373
0.312
0.338
0.489
0.327
0.512
0.365
0.331
0.318
0.494
0.347
0.494
0.338
0.352
0.307
0.490
0.348
0.482
0.329
0.340
0.351
0.310
0.380
0.333
0.440
0.320
0.363
0.325
0.400
0.354
0.458
0.333
0.320
0.342
0.411
0.312
0.469
0.376
0.337
0.418
0.424
0.523
0.393
0.353
0.285
0.383
0.370
0.462
0.367
0.302
0.327
0.482
0.326
0.505
0.354
0.328
0.309
0.489
0.346
0.488
0.329
0.350
0.297
0.485
0.348
0.474
0.319
0.337
0.371
0.318
0.394
0.352
0.450
0.325
0.376
0.330
0.408
0.368
0.468
0.337
0.335
0.345
0.421
0.326
0.477
0.378
0.340
0.421
0.428
0.536
0.403
0.356
0.291
0.394
0.381
0.480
0.388
0.310
0.331
0.488
0.334
0.516
0.359
0.340
0.315
0.495
0.357
0.505
0.335
0.365
0.304
0.490
0.356
0.489
0.327
0.350
0.353
0.307
0.379
0.335
0.436
0.320
0.363
0.318
0.394
0.352
0.451
0.330
0.317
0.332
0.406
0.309
0.463
0.373
0.343
0.418
0.429
0.536
0.404
0.361
0.284
0.376
0.367
0.466
0.367
0.302
0.321
0.474
0.320
0.503
0.346
0.325
0.306
0.481
0.339
0.488
0.322
0.347
0.292
0.474
0.339
0.473
0.312
0.334
0.372
0.326
0.396
0.348
0.453
0.335
0.379
0.340
0.412
0.364
0.471
0.349
0.333
0.347
0.418
0.321
0.476
0.385
0.347
0.420
0.432
0.533
0.397
0.360
0.297
0.388
0.378
0.474
0.375
0.311
0.342
0.494
0.341
0.528
0.365
0.344
0.323
0.500
0.361
0.513
0.340
0.365
0.314
0.498
0.365
0.503
0.334
0.355
0.354
0.327
0.392
0.344
0.453
0.335
0.360
0.341
0.409
0.360
0.468
0.344
0.323
0.359
0.422
0.321
0.481
0.389
0.352
0.427
0.438
0.557
0.412
0.370
0.293
0.382
0.374
0.486
0.375
0.310
0.342
0.492
0.334
0.525
0.375
0.335
0.322
0.496
0.355
0.507
0.345
0.355
0.311
0.492
0.357
0.496
0.340
0.343
0.351
0.311
0.380
0.342
0.442
0.323
0.357
0.325
0.398
0.358
0.463
0.336
0.316
0.344
0.410
0.315
0.475
0.379
0.345
0.414
0.429
0.552
0.405
0.365
0.286
0.378
0.370
0.483
0.374
0.307
0.330
0.481
0.323
0.508
0.361
0.324
0.313
0.487
0.342
0.493
0.332
0.345
0.298
0.478
0.343
0.482
0.323
0.333
0.345
0.307
0.370
0.336
0.419
0.316
0.344
0.319
0.383
0.347
0.436
0.329
0.307
0.339
0.397
0.308
0.446
0.367
0.324
0.401
0.406
0.522
0.379
0.344
0.279
0.373
0.361
0.469
0.359
0.301
0.319
0.464
0.323
0.491
0.353
0.319
0.305
0.471
0.343
0.479
0.327
0.343
0.289
0.464
0.341
0.464
0.314
0.328
0.398
0.378
0.433
0.420
0.537
0.411
0.395
0.389
0.444
0.422
0.543
0.413
0.366
0.414
0.463
0.393
0.563
0.461
0.411
0.494
0.491
0.626
0.494
0.453
0.349
0.449
0.427
0.551
0.456
0.386
0.399
0.551
0.392
0.569
0.435
0.386
0.382
0.560
0.414
0.550
0.407
0.404
0.361
0.545
0.402
0.529
0.394
0.383
0.365
0.328
0.393
0.353
0.467
0.334
0.368
0.341
0.407
0.367
0.481
0.346
0.331
0.358
0.420
0.327
0.492
0.385
0.355
0.436
0.438
0.557
0.415
0.372
0.299
0.399
0.380
0.492
0.388
0.316
0.343
0.504
0.339
0.523
0.374
0.342
0.329
0.511
0.355
0.508
0.349
0.359
0.313
0.505
0.357
0.493
0.337
0.347
0.356
0.321
0.358
0.352
0.444
0.313
0.362
0.332
0.379
0.367
0.460
0.330
0.321
0.349
0.389
0.321
0.465
0.358
0.338
0.412
0.399
0.533
0.407
0.345
0.294
0.378
0.352
0.484
0.386
0.303
0.332
0.471
0.324
0.506
0.365
0.324
0.319
0.476
0.333
0.490
0.343
0.334
0.305
0.468
0.336
0.480
0.334
0.328
0.391
0.361
0.417
0.386
0.492
0.375
0.392
0.368
0.425
0.398
0.503
0.382
0.355
0.387
0.441
0.358
0.516
0.421
0.378
0.449
0.452
0.579
0.442
0.407
0.332
0.427
0.403
0.524
0.426
0.359
0.378
0.524
0.365
0.555
0.415
0.375
0.357
0.528
0.381
0.536
0.386
0.390
0.339
0.514
0.372
0.515
0.371
0.369
0.324
0.307
0.363
0.314
0.466
0.312
0.336
0.324
0.382
0.339
0.494
0.332
0.301
0.347
0.396
0.303
0.509
0.376
0.333
0.431
0.420
0.528
0.404
0.347
0.281
0.397
0.367
0.459
0.379
0.298
0.314
0.492
0.320
0.496
0.346
0.312
0.302
0.503
0.332
0.474
0.321
0.328
0.293
0.502
0.343
0.473
0.317
0.326
0.324
0.295
0.354
0.315
0.458
0.300
0.346
0.315
0.380
0.349
0.489
0.321
0.299
0.332
0.385
0.300
0.496
0.361
0.324
0.434
0.415
0.519
0.401
0.334
0.274
0.401
0.364
0.458
0.379
0.290
0.303
0.487
0.320
0.489
0.332
0.310
0.292
0.498
0.332
0.470
0.310
0.326
0.283
0.497
0.342
0.465
0.307
0.323
0.343
0.301
0.365
0.332
0.470
0.304
0.359
0.318
0.387
0.360
0.498
0.325
0.314
0.334
0.394
0.311
0.504
0.363
0.326
0.439
0.418
0.530
0.411
0.336
0.279
0.412
0.372
0.469
0.394
0.293
0.309
0.497
0.329
0.500
0.338
0.320
0.297
0.508
0.342
0.483
0.315
0.337
0.288
0.505
0.349
0.478
0.313
0.332
0.324
0.292
0.352
0.311
0.454
0.299
0.345
0.308
0.373
0.341
0.480
0.316
0.298
0.326
0.382
0.295
0.490
0.360
0.328
0.432
0.417
0.527
0.408
0.339
0.272
0.391
0.357
0.455
0.375
0.285
0.298
0.476
0.315
0.485
0.324
0.305
0.288
0.488
0.324
0.466
0.304
0.319
0.277
0.485
0.333
0.462
0.298
0.317
0.349
0.313
0.373
0.330
0.475
0.320
0.365
0.330
0.394
0.355
0.501
0.339
0.318
0.341
0.398
0.311
0.509
0.377
0.336
0.439
0.426
0.528
0.406
0.344
0.289
0.409
0.375
0.469
0.387
0.301
0.320
0.501
0.338
0.515
0.345
0.327
0.309
0.513
0.351
0.497
0.322
0.343
0.301
0.512
0.361
0.497
0.322
0.343
0.331
0.314
0.368
0.327
0.466
0.316
0.345
0.334
0.390
0.353
0.493
0.334
0.308
0.354
0.399
0.311
0.503
0.374
0.341
0.444
0.429
0.553
0.423
0.354
0.284
0.400
0.368
0.477
0.386
0.297
0.322
0.496
0.332
0.509
0.356
0.319
0.307
0.504
0.343
0.488
0.329
0.334
0.299
0.503
0.353
0.484
0.327
0.330
0.340
0.305
0.367
0.324
0.442
0.306
0.352
0.323
0.388
0.351
0.469
0.326
0.305
0.343
0.395
0.302
0.482
0.368
0.329
0.423
0.419
0.538
0.400
0.341
0.279
0.388
0.365
0.472
0.373
0.294
0.309
0.477
0.321
0.499
0.342
0.317
0.299
0.487
0.330
0.483
0.321
0.332
0.288
0.484
0.340
0.480
0.319
0.330
0.324
0.298
0.352
0.320
0.434
0.301
0.331
0.318
0.371
0.341
0.458
0.322
0.293
0.338
0.380
0.299
0.466
0.359
0.314
0.416
0.402
0.516
0.385
0.329
0.272
0.387
0.358
0.461
0.366
0.293
0.299
0.469
0.320
0.478
0.337
0.305
0.289
0.476
0.331
0.462
0.313
0.323
0.279
0.475
0.338
0.458
0.307
0.320
0.379
0.368
0.414
0.404
0.549
0.394
0.392
0.392
0.437
0.426
0.572
0.410
0.354
0.408
0.444
0.382
0.578
0.444
0.403
0.517
0.489
0.627
0.508
0.440
0.340
0.467
0.424
0.546
0.468
0.374
0.376
0.554
0.393
0.555
0.418
0.373
0.365
0.564
0.404
0.531
0.391
0.384
0.348
0.552
0.402
0.520
0.379
0.372
0.331
0.310
0.362
0.328
0.473
0.310
0.347
0.330
0.384
0.356
0.502
0.329
0.305
0.348
0.392
0.308
0.509
0.367
0.338
0.444
0.424
0.549
0.419
0.351
0.285
0.410
0.366
0.480
0.393
0.299
0.314
0.501
0.330
0.502
0.347
0.320
0.306
0.510
0.336
0.483
0.327
0.332
0.295
0.508
0.346
0.478
0.320
0.329
0.327
0.305
0.332
0.333
0.456
0.292
0.344
0.325
0.360
0.358
0.481
0.317
0.299
0.339
0.363
0.306
0.482
0.339
0.325
0.425
0.389
0.534
0.420
0.332
0.278
0.384
0.337
0.478
0.395
0.289
0.306
0.471
0.313
0.488
0.346
0.303
0.299
0.478
0.316
0.469
0.326
0.309
0.287
0.474
0.326
0.466
0.320
0.310
0.363
0.343
0.390
0.367
0.505
0.356
0.375
0.357
0.406
0.389
0.525
0.370
0.333
0.374
0.414
0.343
0.534
0.405
0.362
0.456
0.438
0.574
0.446
0.387
0.317
0.433
0.388
0.516
0.431
0.344
0.352
0.522
0.358
0.538
0.390
0.354
0.338
0.528
0.362
0.516
0.365
0.363
0.323
0.518
0.365
0.506
0.356
0.355
0.340
0.310
0.375
0.326
0.434
0.323
0.343
0.327
0.390
0.341
0.456
0.338
0.310
0.344
0.398
0.312
0.466
0.375
0.317
0.404
0.406
0.479
0.370
0.334
0.283
0.376
0.370
0.436
0.356
0.302
0.329
0.473
0.334
0.480
0.356
0.327
0.312
0.476
0.351
0.459
0.325
0.347
0.299
0.472
0.352
0.450
0.316
0.338
0.338
0.297
0.364
0.322
0.426
0.308
0.352
0.319
0.387
0.350
0.452
0.326
0.307
0.332
0.390
0.305
0.455
0.359
0.306
0.405
0.399
0.467
0.363
0.319
0.277
0.381
0.367
0.431
0.353
0.291
0.318
0.472
0.333
0.470
0.340
0.320
0.305
0.476
0.350
0.452
0.314
0.341
0.291
0.473
0.352
0.442
0.306
0.335
0.356
0.305
0.375
0.341
0.441
0.314
0.363
0.322
0.392
0.362
0.463
0.329
0.319
0.334
0.396
0.316
0.466
0.361
0.311
0.411
0.404
0.480
0.375
0.323
0.281
0.390
0.375
0.445
0.370
0.295
0.324
0.480
0.339
0.480
0.346
0.330
0.309
0.484
0.361
0.466
0.318
0.354
0.297
0.481
0.359
0.455
0.313
0.344
0.339
0.296
0.361
0.322
0.425
0.308
0.349
0.310
0.379
0.345
0.446
0.322
0.303
0.324
0.382
0.302
0.454
0.357
0.311
0.406
0.401
0.479
0.374
0.325
0.276
0.373
0.362
0.436
0.354
0.291
0.314
0.467
0.329
0.469
0.333
0.318
0.300
0.468
0.342
0.453
0.307
0.337
0.286
0.465
0.344
0.442
0.299
0.328
0.361
0.314
0.381
0.337
0.439
0.324
0.367
0.331
0.398
0.356
0.462
0.341
0.323
0.339
0.399
0.317
0.465
0.371
0.319
0.411
0.410
0.478
0.372
0.330
0.290
0.387
0.378
0.443
0.363
0.302
0.333
0.484
0.349
0.495
0.354
0.339
0.316
0.485
0.366
0.476
0.324
0.357
0.308
0.486
0.370
0.472
0.323
0.354
0.350
0.318
0.381
0.335
0.433
0.324
0.352
0.336
0.397
0.355
0.455
0.338
0.315
0.348
0.400
0.314
0.460
0.369
0.326
0.416
0.415
0.502
0.387
0.338
0.286
0.379
0.371
0.455
0.362
0.299
0.333
0.475
0.342
0.491
0.362
0.333
0.316
0.475
0.360
0.472
0.330
0.351
0.306
0.473
0.361
0.465
0.326
0.344
0.355
0.309
0.381
0.335
0.413
0.318
0.357
0.328
0.397
0.355
0.437
0.332
0.315
0.341
0.401
0.311
0.445
0.368
0.315
0.395
0.406
0.491
0.365
0.329
0.283
0.369
0.370
0.453
0.353
0.300
0.324
0.461
0.334
0.482
0.350
0.330
0.312
0.462
0.353
0.472
0.326
0.354
0.297
0.456
0.351
0.462
0.320
0.345
0.343
0.307
0.371
0.337
0.429
0.315
0.347
0.323
0.388
0.356
0.452
0.330
0.307
0.339
0.391
0.311
0.459
0.365
0.317
0.404
0.408
0.499
0.381
0.335
0.279
0.373
0.366
0.453
0.361
0.299
0.322
0.467
0.332
0.476
0.351
0.322
0.308
0.468
0.348
0.461
0.321
0.343
0.295
0.465
0.349
0.454
0.315
0.336
0.401
0.382
0.436
0.428
0.540
0.416
0.404
0.403
0.453
0.437
0.551
0.424
0.372
0.419
0.460
0.400
0.561
0.456
0.392
0.493
0.480
0.588
0.487
0.434
0.351
0.455
0.435
0.530
0.454
0.382
0.405
0.549
0.412
0.547
0.437
0.394
0.386
0.553
0.431
0.525
0.402
0.409
0.366
0.540
0.421
0.508
0.389
0.394
0.355
0.318
0.377
0.346
0.448
0.324
0.358
0.334
0.393
0.364
0.468
0.339
0.320
0.346
0.397
0.322
0.471
0.367
0.325
0.418
0.408
0.502
0.386
0.340
0.291
0.390
0.371
0.460
0.372
0.304
0.336
0.489
0.348
0.491
0.363
0.339
0.323
0.488
0.359
0.473
0.335
0.353
0.307
0.485
0.360
0.462
0.325
0.345
0.347
0.312
0.348
0.345
0.429
0.307
0.353
0.328
0.373
0.362
0.451
0.328
0.311
0.341
0.375
0.316
0.451
0.349
0.315
0.400
0.382
0.485
0.382
0.321
0.287
0.371
0.350
0.456
0.373
0.296
0.328
0.461
0.333
0.475
0.356
0.322
0.316
0.462
0.343
0.460
0.331
0.333
0.300
0.454
0.341
0.449
0.321
0.327
0.373
0.346
0.398
0.371
0.472
0.361
0.382
0.362
0.416
0.392
0.492
0.374
0.338
0.375
0.416
0.347
0.497
0.404
0.346
0.429
0.422
0.522
0.412
0.372
0.319
0.410
0.391
0.488
0.405
0.343
0.369
0.506
0.369
0.522
0.403
0.369
0.345
0.500
0.377
0.494
0.363
0.375
0.328
0.489
0.370
0.479
0.351
0.361
0.461
0.429
0.481
0.460
0.592
0.443
0.471
0.439
0.489
0.476
0.605
0.452
0.434
0.460
0.501
0.444
0.624
0.491
0.461
0.544
0.535
0.632
0.549
0.489
0.397
0.498
0.466
0.565
0.513
0.426
0.502
0.645
0.482
0.650
0.532
0.498
0.469
0.640
0.489
0.613
0.486
0.493
0.439
0.617
0.469
0.592
0.463
0.473
0.465
0.423
0.478
0.461
0.589
0.433
0.490
0.443
0.499
0.493
0.613
0.453
0.437
0.453
0.499
0.441
0.619
0.478
0.455
0.551
0.533
0.625
0.551
0.479
0.395
0.507
0.469
0.563
0.516
0.421
0.492
0.645
0.484
0.643
0.522
0.498
0.466
0.645
0.494
0.613
0.485
0.498
0.437
0.623
0.477
0.591
0.462
0.479
0.484
0.432
0.491
0.485
0.608
0.444
0.498
0.444
0.503
0.504
0.621
0.456
0.448
0.457
0.507
0.454
0.630
0.484
0.457
0.551
0.534
0.637
0.560
0.483
0.399
0.515
0.476
0.580
0.533
0.428
0.517
0.671
0.507
0.669
0.543
0.522
0.472
0.653
0.502
0.628
0.491
0.509
0.450
0.636
0.488
0.608
0.473
0.492
0.452
0.404
0.459
0.449
0.577
0.416
0.475
0.418
0.476
0.475
0.595
0.432
0.420
0.429
0.477
0.424
0.604
0.461
0.446
0.540
0.519
0.624
0.546
0.469
0.381
0.488
0.449
0.557
0.505
0.406
0.458
0.611
0.449
0.611
0.480
0.463
0.432
0.612
0.458
0.585
0.447
0.465
0.405
0.591
0.442
0.564
0.425
0.446
0.488
0.441
0.495
0.474
0.602
0.447
0.502
0.453
0.507
0.493
0.618
0.461
0.454
0.461
0.509
0.450
0.627
0.489
0.464
0.555
0.539
0.629
0.551
0.483
0.406
0.514
0.476
0.572
0.523
0.427
0.516
0.666
0.504
0.679
0.547
0.527
0.479
0.657
0.508
0.638
0.497
0.515
0.454
0.637
0.493
0.620
0.480
0.500
0.489
0.451
0.502
0.484
0.596
0.456
0.503
0.464
0.517
0.506
0.613
0.469
0.455
0.476
0.517
0.458
0.620
0.494
0.478
0.560
0.549
0.661
0.570
0.498
0.414
0.509
0.480
0.593
0.523
0.432
0.513
0.648
0.496
0.670
0.544
0.512
0.487
0.647
0.511
0.645
0.509
0.518
0.458
0.623
0.489
0.619
0.485
0.491
0.484
0.431
0.494
0.468
0.556
0.436
0.499
0.446
0.508
0.492
0.578
0.451
0.446
0.460
0.511
0.442
0.590
0.484
0.457
0.520
0.530
0.637
0.528
0.478
0.398
0.480
0.468
0.579
0.499
0.421
0.481
0.611
0.469
0.645
0.513
0.493
0.459
0.608
0.481
0.623
0.482
0.498
0.437
0.590
0.468
0.604
0.464
0.482
0.487
0.442
0.496
0.488
0.593
0.451
0.505
0.457
0.511
0.512
0.614
0.466
0.455
0.469
0.513
0.461
0.621
0.494
0.466
0.530
0.536
0.654
0.549
0.493
0.408
0.494
0.475
0.596
0.522
0.435
0.504
0.641
0.490
0.661
0.535
0.508
0.477
0.638
0.500
0.636
0.500
0.510
0.451
0.617
0.482
0.617
0.479
0.492
0.473
0.434
0.485
0.474
0.559
0.443
0.479
0.446
0.494
0.488
0.574
0.454
0.438
0.463
0.501
0.448
0.582
0.483
0.445
0.512
0.515
0.622
0.516
0.471
0.398
0.483
0.466
0.577
0.496
0.427
0.493
0.618
0.484
0.644
0.532
0.499
0.467
0.612
0.494
0.615
0.490
0.497
0.445
0.596
0.482
0.596
0.470
0.482
0.488
0.447
0.494
0.504
0.624
0.462
0.508
0.468
0.513
0.528
0.646
0.482
0.467
0.486
0.523
0.486
0.658
0.511
0.490
0.575
0.553
0.683
0.594
0.521
0.422
0.526
0.479
0.612
0.552
0.449
0.507
0.658
0.493
0.660
0.537
0.508
0.493
0.665
0.508
0.644
0.513
0.516
0.453
0.633
0.481
0.608
0.474
0.484
0.449
0.409
0.442
0.457
0.562
0.409
0.463
0.424
0.460
0.477
0.579
0.429
0.413
0.432
0.460
0.425
0.581
0.445
0.439
0.524
0.494
0.618
0.537
0.458
0.380
0.474
0.428
0.563
0.506
0.402
0.457
0.590
0.443
0.603
0.484
0.450
0.436
0.588
0.448
0.581
0.456
0.450
0.409
0.567
0.431
0.558
0.432
0.431
0.477
0.444
0.486
0.485
0.605
0.458
0.490
0.455
0.498
0.507
0.621
0.472
0.443
0.468
0.501
0.458
0.628
0.496
0.474
0.547
0.531
0.657
0.569
0.507
0.414
0.511
0.468
0.602
0.544
0.451
0.498
0.631
0.473
0.648
0.531
0.494
0.468
0.628
0.480
0.619
0.494
0.494
0.440
0.605
0.459
0.593
0.469
0.470
0.387
0.353
0.389
0.392
0.540
0.344
0.391
0.365
0.397
0.406
0.560
0.356
0.345
0.369
0.400
0.351
0.556
0.371
0.380
0.466
0.436
0.558
0.458
0.383
0.326
0.423
0.375
0.500
0.433
0.328
0.364
0.550
0.351
0.525
0.384
0.353
0.357
0.559
0.361
0.513
0.370
0.366
0.340
0.554
0.363
0.503
0.356
0.358
0.388
0.346
0.386
0.394
0.542
0.336
0.402
0.360
0.400
0.416
0.563
0.351
0.346
0.362
0.397
0.348
0.554
0.360
0.374
0.474
0.432
0.550
0.459
0.374
0.321
0.428
0.373
0.493
0.431
0.321
0.358
0.553
0.350
0.517
0.375
0.350
0.352
0.562
0.359
0.506
0.362
0.362
0.334
0.557
0.362
0.496
0.348
0.355
0.409
0.354
0.399
0.418
0.558
0.346
0.416
0.366
0.409
0.432
0.575
0.359
0.361
0.365
0.407
0.364
0.565
0.367
0.378
0.477
0.436
0.566
0.471
0.380
0.326
0.439
0.381
0.512
0.450
0.330
0.365
0.561
0.356
0.530
0.380
0.361
0.357
0.570
0.368
0.522
0.367
0.376
0.341
0.564
0.369
0.511
0.356
0.367
0.390
0.342
0.384
0.396
0.544
0.336
0.402
0.353
0.394
0.415
0.561
0.349
0.346
0.354
0.394
0.348
0.554
0.360
0.377
0.474
0.435
0.564
0.468
0.379
0.319
0.423
0.369
0.501
0.433
0.321
0.352
0.547
0.345
0.518
0.366
0.348
0.347
0.556
0.353
0.509
0.355
0.360
0.327
0.548
0.354
0.495
0.338
0.350
0.411
0.360
0.403
0.406
0.552
0.350
0.419
0.374
0.414
0.424
0.571
0.365
0.364
0.371
0.408
0.361
0.563
0.374
0.383
0.473
0.441
0.559
0.458
0.379
0.334
0.434
0.384
0.508
0.439
0.332
0.371
0.562
0.365
0.542
0.385
0.368
0.365
0.572
0.376
0.532
0.372
0.380
0.351
0.569
0.380
0.524
0.362
0.374
0.401
0.366
0.401
0.404
0.535
0.349
0.405
0.378
0.411
0.420
0.553
0.362
0.357
0.378
0.408
0.360
0.546
0.372
0.388
0.473
0.444
0.578
0.465
0.385
0.330
0.422
0.377
0.517
0.433
0.328
0.371
0.549
0.360
0.540
0.397
0.362
0.364
0.556
0.373
0.529
0.381
0.375
0.348
0.550
0.372
0.518
0.370
0.365
0.407
0.353
0.404
0.402
0.500
0.344
0.410
0.365
0.411
0.417
0.519
0.356
0.357
0.367
0.411
0.354
0.514
0.372
0.376
0.445
0.433
0.565
0.441
0.378
0.324
0.404
0.375
0.511
0.416
0.327
0.358
0.525
0.351
0.530
0.378
0.361
0.357
0.533
0.364
0.526
0.370
0.378
0.336
0.521
0.360
0.511
0.355
0.366
0.390
0.348
0.388
0.404
0.529
0.338
0.400
0.363
0.401
0.423
0.552
0.356
0.347
0.366
0.399
0.355
0.544
0.369
0.378
0.449
0.432
0.574
0.454
0.382
0.321
0.410
0.370
0.516
0.430
0.327
0.358
0.537
0.347
0.525
0.378
0.351
0.354
0.547
0.358
0.517
0.367
0.365
0.335
0.538
0.357
0.507
0.353
0.356
0.383
0.341
0.378
0.393
0.485
0.334
0.384
0.353
0.385
0.406
0.502
0.346
0.336
0.354
0.383
0.346
0.489
0.357
0.356
0.430
0.411
0.540
0.418
0.361
0.312
0.398
0.363
0.497
0.401
0.319
0.347
0.510
0.344
0.506
0.372
0.343
0.346
0.517
0.357
0.499
0.360
0.358
0.323
0.507
0.355
0.485
0.341
0.347
0.434
0.407
0.437
0.470
0.613
0.418
0.439
0.422
0.446
0.476
0.622
0.422
0.393
0.423
0.446
0.418
0.616
0.434
0.441
0.540
0.498
0.642
0.546
0.464
0.373
0.478
0.423
0.571
0.502
0.393
0.420
0.602
0.414
0.579
0.449
0.409
0.410
0.609
0.423
0.566
0.433
0.419
0.385
0.592
0.413
0.547
0.411
0.400
0.390
0.353
0.366
0.407
0.527
0.331
0.396
0.367
0.383
0.421
0.547
0.349
0.345
0.366
0.376
0.355
0.533
0.350
0.376
0.466
0.410
0.561
0.468
0.370
0.324
0.412
0.351
0.510
0.437
0.319
0.355
0.524
0.341
0.517
0.381
0.342
0.353
0.531
0.346
0.506
0.370
0.349
0.333
0.522
0.345
0.497
0.357
0.343
0.429
0.398
0.427
0.442
0.583
0.391
0.433
0.406
0.431
0.456
0.598
0.401
0.383
0.410
0.433
0.393
0.593
0.412
0.416
0.498
0.461
0.605
0.503
0.427
0.364
0.463
0.402
0.554
0.484
0.376
0.407
0.584
0.389
0.570
0.435
0.399
0.396
0.591
0.397
0.556
0.417
0.408
0.372
0.574
0.387
0.536
0.395
0.388
0.362
0.333
0.345
0.365
0.485
0.315
0.378
0.350
0.365
0.387
0.508
0.338
0.333
0.357
0.372
0.337
0.507
0.356
0.354
0.444
0.396
0.509
0.441
0.348
0.317
0.399
0.349
0.469
0.414
0.311
0.346
0.501
0.332
0.487
0.367
0.330
0.344
0.511
0.344
0.474
0.357
0.334
0.316
0.494
0.335
0.456
0.336
0.320
0.358
0.321
0.336
0.362
0.483
0.305
0.385
0.346
0.366
0.393
0.510
0.334
0.331
0.347
0.363
0.332
0.502
0.343
0.345
0.448
0.389
0.497
0.440
0.337
0.311
0.406
0.347
0.462
0.415
0.305
0.336
0.503
0.332
0.476
0.355
0.325
0.334
0.511
0.340
0.463
0.347
0.328
0.311
0.498
0.335
0.449
0.331
0.318
0.383
0.336
0.357
0.392
0.505
0.324
0.397
0.353
0.379
0.411
0.524
0.346
0.349
0.356
0.380
0.352
0.518
0.358
0.352
0.452
0.398
0.516
0.451
0.348
0.320
0.420
0.361
0.483
0.435
0.318
0.346
0.512
0.342
0.491
0.361
0.337
0.343
0.523
0.356
0.482
0.353
0.345
0.318
0.505
0.345
0.462
0.336
0.330
0.358
0.320
0.334
0.364
0.486
0.305
0.378
0.335
0.354
0.388
0.503
0.324
0.325
0.338
0.356
0.327
0.499
0.338
0.352
0.446
0.391
0.514
0.449
0.345
0.309
0.396
0.338
0.467
0.413
0.302
0.330
0.493
0.321
0.474
0.345
0.316
0.326
0.502
0.329
0.460
0.337
0.319
0.303
0.488
0.324
0.445
0.320
0.308
0.394
0.353
0.364
0.396
0.514
0.335
0.407
0.369
0.385
0.409
0.528
0.353
0.358
0.368
0.380
0.356
0.522
0.363
0.372
0.463
0.408
0.522
0.457
0.358
0.338
0.425
0.365
0.487
0.435
0.325
0.368
0.526
0.355
0.510
0.381
0.348
0.364
0.536
0.367
0.497
0.371
0.352
0.339
0.519
0.359
0.483
0.355
0.342
0.371
0.339
0.348
0.379
0.483
0.318
0.388
0.357
0.372
0.396
0.501
0.340
0.340
0.357
0.370
0.341
0.494
0.349
0.364
0.448
0.400
0.535
0.454
0.355
0.319
0.397
0.346
0.486
0.417
0.309
0.355
0.499
0.336
0.501
0.374
0.333
0.347
0.503
0.346
0.485
0.361
0.335
0.324
0.490
0.341
0.472
0.347
0.325
0.371
0.325
0.352
0.368
0.448
0.311
0.389
0.347
0.377
0.392
0.473
0.335
0.337
0.348
0.376
0.331
0.467
0.349
0.346
0.418
0.391
0.513
0.419
0.340
0.313
0.380
0.349
0.477
0.397
0.307
0.338
0.478
0.329
0.490
0.360
0.333
0.335
0.483
0.340
0.480
0.350
0.338
0.311
0.466
0.333
0.464
0.335
0.328
0.356
0.320
0.336
0.370
0.468
0.305
0.376
0.340
0.361
0.391
0.492
0.330
0.325
0.343
0.358
0.332
0.483
0.341
0.346
0.422
0.385
0.520
0.431
0.341
0.308
0.380
0.339
0.480
0.407
0.305
0.337
0.483
0.320
0.481
0.356
0.318
0.332
0.489
0.330
0.467
0.345
0.322
0.309
0.475
0.325
0.456
0.330
0.313
0.360
0.318
0.337
0.366
0.438
0.307
0.370
0.333
0.356
0.383
0.455
0.327
0.323
0.337
0.357
0.330
0.449
0.339
0.331
0.406
0.377
0.498
0.405
0.331
0.305
0.377
0.344
0.471
0.390
0.306
0.326
0.462
0.325
0.469
0.350
0.318
0.326
0.467
0.336
0.460
0.341
0.326
0.303
0.455
0.330
0.443
0.321
0.314
0.380
0.352
0.363
0.402
0.516
0.348
0.393
0.373
0.386
0.417
0.534
0.368
0.347
0.375
0.388
0.364
0.529
0.381
0.387
0.486
0.432
0.560
0.490
0.393
0.336
0.427
0.372
0.507
0.449
0.342
0.363
0.516
0.358
0.507
0.389
0.348
0.360
0.527
0.372
0.496
0.380
0.356
0.337
0.510
0.362
0.478
0.362
0.343
0.366
0.329
0.344
0.375
0.488
0.310
0.380
0.350
0.367
0.395
0.512
0.336
0.332
0.351
0.366
0.335
0.502
0.341
0.358
0.451
0.398
0.527
0.446
0.352
0.315
0.407
0.346
0.481
0.417
0.308
0.340
0.506
0.334
0.489
0.363
0.331
0.340
0.514
0.343
0.477
0.354
0.335
0.315
0.500
0.336
0.459
0.335
0.323
0.394
0.362
0.367
0.412
0.522
0.351
0.410
0.382
0.389
0.433
0.544
0.376
0.359
0.383
0.390
0.372
0.534
0.384
0.387
0.472
0.414
0.554
0.484
0.387
0.349
0.433
0.366
0.519
0.463
0.352
0.381
0.527
0.360
0.521
0.403
0.362
0.372
0.532
0.366
0.505
0.390
0.363
0.345
0.510
0.352
0.483
0.368
0.345
0.414
0.383
0.438
0.418
0.558
0.388
0.423
0.396
0.449
0.431
0.573
0.405
0.389
0.419
0.464
0.399
0.596
0.446
0.405
0.496
0.473
0.580
0.498
0.432
0.361
0.464
0.425
0.531
0.475
0.388
0.414
0.575
0.403
0.562
0.435
0.413
0.397
0.586
0.423
0.545
0.414
0.429
0.373
0.565
0.407
0.526
0.393
0.408
0.422
0.383
0.440
0.425
0.559
0.383
0.438
0.398
0.456
0.443
0.577
0.403
0.395
0.417
0.464
0.399
0.593
0.436
0.404
0.507
0.474
0.579
0.504
0.428
0.361
0.474
0.428
0.531
0.478
0.384
0.414
0.583
0.411
0.565
0.436
0.421
0.397
0.592
0.426
0.546
0.414
0.432
0.372
0.572
0.413
0.527
0.393
0.413
0.441
0.394
0.455
0.450
0.580
0.400
0.452
0.408
0.469
0.464
0.595
0.419
0.412
0.427
0.480
0.421
0.615
0.454
0.416
0.519
0.487
0.602
0.525
0.445
0.373
0.490
0.444
0.557
0.503
0.402
0.428
0.602
0.428
0.583
0.448
0.439
0.412
0.613
0.447
0.568
0.428
0.454
0.384
0.585
0.426
0.544
0.404
0.429
0.418
0.375
0.432
0.423
0.559
0.380
0.433
0.388
0.447
0.438
0.573
0.397
0.389
0.407
0.455
0.395
0.592
0.433
0.405
0.502
0.470
0.586
0.508
0.429
0.356
0.463
0.417
0.532
0.474
0.379
0.404
0.574
0.400
0.557
0.421
0.410
0.390
0.585
0.417
0.543
0.404
0.425
0.365
0.563
0.401
0.523
0.383
0.405
0.435
0.392
0.448
0.431
0.567
0.392
0.448
0.408
0.464
0.446
0.584
0.413
0.404
0.418
0.468
0.405
0.598
0.442
0.411
0.504
0.479
0.583
0.500
0.430
0.368
0.475
0.432
0.537
0.478
0.387
0.426
0.590
0.419
0.583
0.442
0.431
0.405
0.598
0.436
0.564
0.419
0.443
0.384
0.580
0.423
0.548
0.402
0.425
0.438
0.398
0.454
0.438
0.552
0.397
0.450
0.415
0.471
0.453
0.570
0.417
0.405
0.429
0.474
0.409
0.584
0.448
0.423
0.505
0.489
0.615
0.513
0.444
0.373
0.467
0.434
0.560
0.481
0.393
0.431
0.579
0.420
0.591
0.454
0.431
0.412
0.584
0.440
0.576
0.431
0.448
0.389
0.566
0.424
0.557
0.413
0.427
0.436
0.382
0.448
0.429
0.518
0.385
0.447
0.398
0.464
0.445
0.537
0.404
0.403
0.414
0.470
0.400
0.552
0.440
0.405
0.473
0.473
0.592
0.482
0.428
0.364
0.444
0.428
0.547
0.461
0.386
0.410
0.553
0.405
0.574
0.434
0.425
0.397
0.558
0.425
0.565
0.417
0.444
0.371
0.534
0.406
0.543
0.397
0.421
0.424
0.381
0.437
0.431
0.540
0.382
0.442
0.400
0.457
0.452
0.566
0.407
0.397
0.416
0.460
0.403
0.576
0.437
0.405
0.477
0.467
0.603
0.498
0.432
0.359
0.445
0.419
0.554
0.472
0.386
0.415
0.563
0.402
0.572
0.435
0.417
0.400
0.571
0.420
0.562
0.420
0.437
0.374
0.549
0.402
0.540
0.397
0.413
0.411
0.367
0.422
0.413
0.493
0.372
0.417
0.379
0.434
0.426
0.510
0.390
0.379
0.397
0.443
0.386
0.517
0.420
0.383
0.455
0.449
0.567
0.453
0.407
0.348
0.432
0.411
0.530
0.438
0.373
0.394
0.534
0.395
0.549
0.420
0.402
0.383
0.538
0.414
0.536
0.400
0.418
0.355
0.514
0.395
0.513
0.376
0.396
0.439
0.412
0.458
0.469
0.596
0.431
0.451
0.429
0.474
0.480
0.611
0.448
0.415
0.451
0.485
0.441
0.628
0.481
0.447
0.543
0.514
0.645
0.559
0.487
0.389
0.496
0.453
0.582
0.520
0.427
0.448
0.602
0.441
0.597
0.475
0.445
0.430
0.611
0.461
0.579
0.452
0.458
0.400
0.582
0.435
0.554
0.428
0.431
0.436
0.397
0.445
0.447
0.573
0.393
0.444
0.411
0.457
0.458
0.589
0.412
0.407
0.431
0.470
0.415
0.604
0.442
0.425
0.518
0.484
0.615
0.524
0.447
0.377
0.483
0.430
0.562
0.496
0.395
0.422
0.589
0.415
0.579
0.445
0.427
0.415
0.602
0.433
0.569
0.433
0.444
0.386
0.578
0.416
0.545
0.406
0.420
0.409
0.371
0.397
0.427
0.533
0.360
0.423
0.387
0.419
0.441
0.551
0.383
0.376
0.399
0.418
0.387
0.552
0.396
0.398
0.489
0.438
0.582
0.502
0.409
0.351
0.444
0.386
0.534
0.470
0.362
0.393
0.538
0.378
0.544
0.415
0.385
0.382
0.546
0.388
0.531
0.401
0.394
0.359
0.528
0.377
0.514
0.381
0.380
