1.468
1.541
1.544
3.042
3.114
3.115
1.113
1.187
1.194
1.616
1.655
1.663
1.072
1.073
1.023
1.250
1.252
1.390
1.102
1.305
1.269
3.506
3.518
3.485
2.013
2.101
2.087
1.648
1.713
1.761
1.780
1.824
1.829
0.719
0.795
0.864
1.286
1.350
1.382
1.791
1.792
1.935
1.845
1.877
1.920
0.881
1.032
1.614
0.744
0.870
0.888
1.547
1.538
1.608
1.908
2.168
2.546
1.157
1.258
1.355
1.183
1.298
1.246
2.569
2.571
2.610
2.938
2.964
2.965
2.226
2.332
2.349
0.986
1.135
1.174
1.384
1.392
1.433
1.199
1.274
1.270
1.021
1.157
1.150
1.693
1.863
2.029
1.326
1.428
1.465
1.588
1.769
1.675
2.114
2.242
2.245
1.674
1.704
1.744
1.651
1.819
1.821
2.297
2.331
2.362
1.671
1.762
1.641
1.462
1.565
1.565
1.319
1.303
1.313
1.331
1.422
1.470
1.292
1.228
1.327
0.822
1.055
0.961
0.890
0.964
0.949
1.857
1.961
1.941
0.749
0.940
0.875
1.818
1.964
1.947
1.500
1.592
1.623
1.623
1.783
1.849
0.755
0.896
0.860
1.844
1.868
1.889
2.498
2.535
2.543
2.381
2.516
2.444
2.318
2.388
2.388
1.481
1.482
1.527
0.981
1.016
1.041
1.504
1.661
1.668
1.331
1.484
1.365
1.092
1.193
1.206
1.424
1.557
1.414
0.811
0.943
0.938
2.881
2.920
2.949
2.263
2.261
2.296
2.277
2.356
2.331
1.305
1.519
1.510
2.369
2.287
2.328
0.738
1.043
0.823
2.480
2.625
2.631
2.733
2.765
2.813
1.226
1.294
1.235
1.106
1.322
1.208
0.860
0.874
0.894
0.860
0.956
0.958
1.395
1.464
1.474
2.387
2.486
2.502
1.753
1.813
1.830
1.075
1.117
1.227
0.967
1.111
1.107
2.138
2.172
2.251
1.932
2.139
2.161
2.221
2.292
2.326
1.153
1.195
1.199
0.610
0.624
0.527
1.208
1.221
1.220
1.800
1.784
1.820
3.468
3.491
3.531
0.846
0.949
0.960
1.884
1.943
1.981
1.039
1.109
1.058
1.807
1.813
1.889
0.643
0.872
0.852
1.248
1.353
1.350
1.176
1.219
1.256
1.365
1.414
1.396
2.755
2.779
2.780
2.761
2.791
2.874
1.508
1.563
1.645
1.973
1.998
2.032
2.143
2.169
2.173
1.187
1.264
1.224
2.391
2.404
2.420
1.159
1.451
1.259
0.645
0.743
0.726
1.792
1.876
1.868
1.624
1.693
1.689
1.870
2.012
2.038
1.247
1.405
1.370
1.429
1.412
1.473
2.251
2.453
2.424
1.011
1.085
1.074
1.432
1.443
1.478
0.946
0.983
0.997
1.681
1.754
1.807
1.473
1.670
1.844
1.840
1.904
1.926
1.195
1.153
1.267
1.157
1.345
1.388
2.085
2.185
2.217
0.702
0.835
0.799
1.535
1.573
1.591
0.971
1.049
1.060
1.372
1.483
1.532
0.930
1.068
1.115
1.120
1.081
1.140
2.359
2.418
2.409
2.708
3.012
2.755
2.972
2.919
2.986
1.502
1.595
1.609
2.562
2.591
2.629
1.989
2.034
2.025
1.335
1.395
1.415
1.960
2.015
2.048
1.869
1.882
1.929
1.571
1.700
1.699
1.302
1.452
1.409
1.647
1.764
1.758
1.920
2.033
2.031
2.046
2.101
2.139
2.163
2.220
2.220
0.917
1.081
1.097
1.969
2.072
1.984
1.555
1.871
1.941
1.816
1.853
1.800
1.620
1.910
1.863
1.326
1.428
1.465
2.631
2.699
2.702
2.756
2.799
2.932
1.845
1.927
1.923
0.666
0.811
0.770
1.237
1.253
1.278
1.592
1.691
1.665
0.965
0.968
0.969
1.136
1.129
1.105
1.696
1.657
1.756
1.434
1.435
1.460
1.988
2.001
2.093
1.152
1.144
1.178
1.986
2.112
2.121
1.078
1.310
1.144
1.810
1.847
1.875
1.438
1.537
1.542
1.302
1.450
1.431
1.527
1.620
1.587
1.004
1.087
1.104
1.903
2.013
2.104
2.195
2.362
2.364
1.578
1.643
1.599
0.874
0.898
0.897
1.162
1.213
1.217
0.789
0.840
0.834
1.508
1.551
1.558
2.310
2.415
2.431
1.312
1.582
1.575
1.553
1.646
1.656
1.442
1.485
1.476
0.885
0.902
0.902
1.711
1.752
1.756
1.728
1.850
1.849
1.361
1.450
1.527
0.793
0.970
0.977
2.145
2.357
2.342
2.240
2.232
2.308
0.977
0.982
0.987
1.456
1.449
1.431
2.370
2.449
2.477
1.515
1.669
1.676
2.776
2.781
2.823
1.863
1.960
2.021
1.557
1.618
1.648
2.211
2.204
2.228
1.672
1.991
1.919
0.560
0.571
0.590
1.040
1.077
1.116
0.867
0.988
0.988
1.855
1.976
1.961
0.854
1.057
0.965
0.997
1.076
1.377
0.683
1.525
0.823
0.778
0.965
0.962
0.607
0.926
0.866
1.785
1.843
1.873
1.468
1.504
1.525
1.837
1.806
1.860
0.951
1.033
0.977
2.934
2.977
3.071
1.896
1.927
2.023
1.400
1.551
1.580
1.042
1.283
1.244
0.621
1.019
0.990
0.782
0.863
0.937
2.282
2.293
2.283
1.789
1.815
1.814
1.878
2.203
1.942
1.565
1.582
1.571
1.096
1.125
1.130
1.544
1.567
1.572
1.018
1.255
1.134
1.518
1.516
1.602
1.259
1.359
1.896
1.681
1.662
1.686
0.961
1.143
1.142
2.843
2.933
2.931
2.305
2.382
2.387
1.815
1.885
1.835
1.990
2.064
2.030
1.831
1.883
1.867
1.081
1.158
1.210
0.746
0.822
0.841
1.293
1.316
1.433
1.076
1.166
1.161
2.682
2.704
2.733
1.339
1.522
1.455
1.871
1.991
2.005
1.273
1.328
1.315
1.471
1.510
1.528
0.973
1.036
1.050
1.061
1.189
1.130
1.269
1.306
1.351
0.927
1.002
0.996
1.736
1.746
1.783
1.265
1.445
1.405
1.016
1.071
1.086
1.951
2.015
2.049
1.009
1.080
1.100
0.956
1.118
1.132
1.505
1.536
1.496
2.260
2.343
2.368
0.862
0.924
0.992
2.115
2.177
2.200
0.910
0.964
0.936
1.920
1.954
1.999
1.580
1.685
1.655
1.252
1.414
1.606
2.110
2.128
2.169
1.297
1.353
1.355
1.029
0.963
1.006
1.502
1.465
1.562
1.965
1.986
2.027
1.610
1.681
1.745
1.629
1.784
1.768
1.479
1.500
1.512
2.970
2.993
3.118
1.233
1.322
1.344
2.041
2.051
2.041
0.845
0.977
0.964
1.832
1.859
1.853
1.428
1.432
1.495
2.064
2.201
2.202
2.216
2.319
2.316
1.807
1.889
1.915
0.525
0.576
0.579
2.249
2.334
2.361
1.813
1.795
1.986
1.776
1.996
1.962
1.148
1.421
1.242
1.095
1.201
1.176
1.072
1.320
1.318
0.809
1.000
0.967
0.420
0.584
0.562
0.927
0.923
0.950
1.953
2.008
2.027
1.039
1.099
1.108
1.039
1.142
1.130
1.341
1.547
1.537
1.862
1.853
1.896
1.475
1.562
1.532
0.697
0.700
0.784
1.154
1.263
1.345
0.759
0.842
0.837
2.398
2.374
2.525
1.749
1.828
1.848
2.202
2.246
2.266
0.808
0.833
0.866
0.971
1.010
1.076
2.988
3.151
3.126
1.823
1.931
1.925
3.178
3.215
3.324
1.157
1.196
1.177
1.392
1.458
1.491
0.874
0.928
0.859
0.923
1.108
1.080
0.858
0.903
0.976
0.604
0.649
0.706
1.899
1.893
1.928
1.361
1.487
1.436
1.034
1.072
1.115
2.422
2.409
2.462
1.134
1.279
1.227
1.231
1.305
1.281
0.681
0.749
0.775
1.140
1.184
1.252
0.829
0.908
0.966
1.121
1.289
1.288
1.600
1.632
1.655
2.289
2.387
2.406
1.828
1.826
1.852
2.410
2.389
2.473
1.469
1.566
1.535
1.174
1.362
1.302
1.616
1.624
1.584
2.015
2.063
2.104
1.521
1.566
1.588
2.235
2.268
2.257
1.475
1.544
1.566
1.062
1.285
1.287
2.043
2.004
1.979
1.355
1.478
1.439
1.306
1.342
1.404
2.725
2.784
2.859
1.458
1.449
1.492
2.614
2.648
2.613
1.401
1.416
1.399
1.974
2.013
2.021
1.036
1.068
1.106
2.925
2.936
2.965
1.263
1.306
1.319
1.338
1.304
1.333
1.878
1.894
1.907
1.341
1.433
1.434
1.298
1.311
1.310
1.034
1.053
1.083
1.633
1.636
1.958
1.337
1.305
1.334
0.729
0.747
0.783
1.606
1.666
1.629
1.974
2.032
2.115
1.791
1.845
1.834
0.892
0.945
0.959
2.491
2.590
2.647
2.109
2.192
2.206
2.136
2.194
2.203
1.117
1.260
1.269
0.708
0.955
0.882
0.975
1.133
1.114
2.868
2.939
2.941
1.666
1.661
1.689
0.630
0.620
0.765
1.117
1.137
1.156
1.251
1.321
1.283
1.174
1.174
1.226
1.330
1.328
1.357
1.288
1.384
1.336
1.780
1.875
1.908
1.500
1.619
1.647
2.863
2.899
2.946
3.012
3.115
3.146
1.743
1.753
1.787
1.067
1.087
1.072
1.003
1.041
1.071
2.413
2.495
2.489
1.956
2.027
2.048
2.422
2.438
2.448
1.760
1.687
1.752
1.617
1.778
1.748
1.074
1.412
1.373
1.255
1.283
1.396
1.219
1.534
1.189
1.603
1.639
1.615
1.318
1.360
1.370
2.019
2.087
2.076
1.398
1.421
1.428
1.502
1.539
1.546
1.656
1.733
1.736
1.198
1.394
1.413
0.755
1.045
0.955
1.574
1.666
1.709
1.962
1.953
1.984
2.166
2.310
2.297
2.330
2.297
2.357
1.888
2.043
1.951
1.693
1.737
1.742
1.337
1.448
1.566
2.660
2.732
2.728
1.610
1.690
1.668
1.960
1.981
1.982
2.408
2.379
2.449
1.014
1.056
1.083
1.322
1.436
1.430
1.404
1.465
1.472
1.104
1.175
1.160
0.963
1.049
1.108
0.715
1.007
0.945
1.275
1.465
1.554
1.076
1.181
1.233
2.348
2.486
2.379
1.511
1.575
1.618
2.144
2.245
2.285
1.490
2.081
1.855
1.643
1.648
1.678
1.300
1.320
1.359
1.995
2.119
2.079
1.192
1.440
1.398
1.233
1.397
1.418
0.933
0.955
0.990
1.114
1.176
1.211
1.259
1.476
1.364
1.337
1.591
1.431
1.078
1.189
1.185
1.429
1.551
1.567
1.411
1.523
1.502
0.769
0.838
0.806
0.984
1.050
1.040
1.414
1.410
1.462
1.183
1.210
1.261
0.909
1.110
1.116
1.209
1.386
1.349
1.367
1.419
1.386
0.757
1.017
0.976
2.535
2.600
2.542
1.338
1.436
1.491
1.163
1.639
1.349
1.157
1.199
1.204
0.618
0.698
0.722
1.081
1.227
1.167
1.168
1.320
1.320
0.773
0.875
0.873
0.969
1.103
1.105
1.701
1.707
1.812
1.662
1.649
1.649
1.357
1.371
1.386
1.070
1.143
1.200
0.548
0.510
0.333
1.633
1.656
1.677
1.610
1.643
1.707
0.992
1.061
1.071
1.142
1.475
1.476
1.889
1.905
1.968
1.840
1.808
1.831
3.010
3.109
3.084
0.740
0.851
0.838
0.865
0.905
0.915
0.685
0.743
0.719
1.169
1.260
1.363
1.169
1.347
1.372
1.230
1.422
1.361
1.597
1.604
1.654
1.143
1.341
1.306
1.569
1.657
1.699
1.637
1.734
1.737
1.319
1.404
1.399
2.290
2.330
2.345
1.877
1.876
1.890
1.423
1.458
1.455
1.587
1.565
1.652
1.987
2.065
2.075
1.345
1.452
1.421
1.018
1.005
1.038
1.892
1.918
1.920
2.869
2.876
2.764
2.273
2.322
2.391
0.606
0.579
0.671
2.236
2.272
2.294
1.716
1.671
1.675
1.594
1.704
1.608
1.469
1.477
1.469
1.415
1.547
1.539
1.376
1.448
1.424
2.570
2.567
2.612
1.841
1.842
1.930
2.296
2.345
2.359
1.028
1.305
1.128
1.513
1.600
1.549
1.152
1.213
1.256
1.786
1.834
1.965
1.926
1.913
1.951
0.932
0.919
0.872
1.731
1.768
1.790
1.120
1.232
1.195
1.514
1.621
1.595
2.517
2.452
2.573
1.594
1.593
1.666
1.267
1.439
1.364
1.773
1.789
1.818
0.856
1.021
1.056
1.621
1.670
1.652
1.110
1.168
1.143
1.005
1.196
1.116
1.780
1.916
1.858
3.227
3.261
3.242
0.835
1.066
1.047
0.530
1.082
0.918
1.711
1.699
1.660
1.875
1.942
1.966
1.454
1.478
1.482
1.612
2.226
1.709
2.092
2.426
2.121
1.762
1.880
1.873
0.497
0.549
0.571
1.882
2.069
2.104
1.750
1.887
1.830
0.839
0.995
1.005
0.759
0.838
0.825
2.780
2.810
2.806
1.637
1.757
2.015
0.744
0.927
1.231
1.358
1.365
1.319
1.825
2.031
1.997
1.166
1.260
1.295
0.900
1.084
1.231
1.195
1.358
1.375
1.198
1.235
1.295
0.932
1.093
1.094
1.085
1.140
1.135
1.795
1.839
1.876
1.769
1.920
1.763
2.865
2.875
2.932
1.569
2.081
2.244
1.406
1.455
1.490
1.917
2.002
1.961
1.113
1.341
1.332
1.225
1.293
1.288
1.413
1.508
1.458
1.782
1.821
1.814
1.065
1.318
1.389
2.582
2.656
2.657
1.601
1.642
1.661
0.870
0.893
0.975
2.428
2.506
2.507
1.653
1.696
1.692
2.041
2.048
2.175
1.581
1.750
1.666
1.386
1.525
1.575
1.330
1.416
1.402
1.286
1.387
1.363
1.917
2.094
2.088
2.188
2.196
2.218
1.860
1.965
1.935
0.925
1.015
1.026
1.381
1.462
1.499
0.825
0.936
0.976
0.666
0.804
0.772
1.108
1.245
1.193
2.162
2.191
2.301
1.634
1.693
1.746
0.891
1.020
1.003
1.007
1.094
1.091
1.200
1.368
1.320
1.269
1.551
1.533
1.364
1.501
1.485
1.268
1.291
1.302
1.183
1.234
1.279
1.530
1.677
1.677
1.383
1.473
1.468
1.308
1.390
1.388
1.588
1.589
1.641
0.792
0.816
0.845
1.940
1.982
1.977
1.921
1.956
1.990
1.822
1.992
2.035
1.666
1.773
1.750
2.317
2.375
2.387
1.327
1.343
1.398
1.157
1.438
1.298
1.157
1.332
1.416
2.818
2.983
3.010
0.935
1.059
1.046
1.216
1.338
1.377
0.979
1.096
1.035
1.771
1.850
1.922
1.262
1.191
1.255
1.132
1.142
1.181
0.967
0.940
1.028
0.713
0.712
0.744
0.809
1.109
0.913
0.872
0.929
1.001
1.252
1.334
1.347
3.278
3.303
3.332
1.747
1.814
1.816
2.534
2.661
2.635
1.159
1.348
1.349
1.208
1.247
1.248
1.990
2.049
1.994
2.167
2.525
2.232
1.994
2.089
2.016
1.143
1.282
1.314
1.391
1.580
1.460
1.810
1.896
1.909
0.667
0.840
1.191
1.448
1.444
1.458
3.041
3.268
3.009
1.236
1.348
1.281
1.817
1.758
1.834
1.242
1.381
1.826
2.997
3.059
3.064
1.662
1.773
1.862
2.598
2.585
2.583
0.921
1.008
1.013
0.824
0.860
0.880
1.536
1.591
1.602
3.636
3.674
3.688
1.384
1.420
1.418
1.946
1.992
1.989
0.437
0.432
0.459
0.737
0.826
0.843
2.438
2.632
2.757
1.588
1.803
1.835
1.154
1.219
1.203
1.731
1.872
1.851
1.228
1.286
1.278
1.331
1.358
1.395
1.723
1.776
1.820
2.362
2.367
2.417
1.941
2.018
1.992
1.107
1.145
1.153
1.007
1.101
1.086
2.092
2.290
2.176
2.092
2.255
2.176
2.092
2.253
2.176
1.132
1.150
1.143
1.473
1.603
1.616
1.797
1.821
1.800
0.899
0.925
0.909
0.353
0.592
0.567
1.468
1.575
1.549
2.120
2.124
2.191
1.524
1.538
1.609
0.701
0.804
0.738
2.158
2.194
2.157
1.317
1.319
1.364
0.846
0.989
1.073
1.516
1.763
1.737
1.281
1.389
1.371
1.183
1.264
1.337
1.252
1.374
1.508
1.195
1.278
1.307
1.958
2.040
1.977
1.991
1.914
1.948
1.643
1.705
1.688
2.386
2.520
2.510
1.261
1.273
1.319
1.957
1.895
1.953
1.977
1.987
2.093
1.977
1.987
2.093
1.183
1.477
1.252
2.094
2.071
2.041
0.965
1.165
1.100
0.965
1.198
1.100
1.968
2.114
2.113
0.993
1.050
1.105
1.457
1.505
1.505
2.440
2.433
2.448
0.955
0.991
1.019
1.284
1.450
1.393
1.292
1.416
1.458
1.159
1.211
1.092
2.463
2.507
2.511
1.419
1.422
1.494
2.718
2.885
2.828
1.994
2.006
2.035
1.542
1.644
1.600
1.778
1.815
1.826
1.278
1.336
1.318
0.908
1.059
1.030
1.218
1.253
1.209
1.293
1.353
1.338
1.429
1.498
1.528
1.351
1.378
1.396
1.498
1.606
1.656
1.034
1.119
1.110
1.341
1.433
1.378
1.753
1.787
1.817
0.838
0.884
0.973
1.284
1.357
1.338
2.073
2.070
2.114
0.898
1.054
1.118
0.853
0.907
0.897
0.925
1.039
1.044
0.919
1.063
1.089
1.331
1.560
1.632
1.089
1.155
1.162
1.686
1.653
1.723
2.046
2.088
2.087
0.914
0.975
0.953
1.892
1.970
2.039
2.015
2.056
2.013
1.041
1.229
1.264
0.933
0.964
0.970
1.898
1.986
1.986
2.056
2.062
2.118
1.894
1.861
1.892
0.727
0.750
0.736
0.945
1.230
1.006
1.446
1.514
1.492
1.954
1.914
1.990
1.165
1.283
1.262
1.064
1.158
1.174
1.533
1.703
1.682
2.834
2.848
2.939
1.402
1.427
1.442
1.034
1.170
1.236
1.465
1.563
1.546
2.291
2.350
2.375
1.750
1.850
1.853
2.088
2.069
2.100
2.345
2.425
2.454
1.693
1.895
1.871
2.042
2.129
2.245
1.665
1.707
1.698
1.726
1.669
1.734
2.120
2.182
2.260
1.370
1.505
1.534
1.028
1.101
1.101
1.101
1.248
1.271
0.637
0.660
0.643
1.308
1.299
1.277
1.962
2.133
2.086
3.402
3.445
3.520
1.391
1.513
1.415
1.066
1.044
1.068
1.493
1.569
1.580
0.907
1.039
1.014
0.856
1.039
1.066
0.382
0.582
0.633
1.150
1.161
1.244
1.178
1.220
1.241
1.538
1.598
1.577
2.828
2.829
2.899
2.666
2.727
2.787
2.443
2.410
2.466
1.572
1.705
1.735
1.641
1.721
1.723
1.459
1.477
1.480
0.945
0.955
1.033
3.248
3.279
3.272
1.520
1.587
1.539
1.676
1.738
1.640
1.458
1.497
1.555
1.938
1.985
1.982
2.159
2.251
2.210
1.523
1.574
1.547
1.616
1.599
1.645
2.039
2.095
2.095
0.860
0.983
1.000
1.278
1.341
1.374
1.116
1.186
1.106
1.302
1.364
1.369
1.825
1.953
1.872
1.654
1.619
1.628
1.634
1.666
1.699
1.307
1.360
1.409
2.194
2.285
2.275
1.290
1.362
1.339
1.526
1.544
1.583
1.526
1.544
1.583
1.521
1.549
1.577
1.712
1.913
1.883
2.577
2.602
2.727
1.290
1.386
1.350
1.532
1.657
1.655
1.599
1.697
1.697
0.537
0.798
0.713
1.625
1.701
1.708
2.529
2.566
2.550
1.419
1.590
1.582
2.043
2.123
2.131
0.972
1.049
1.026
0.922
1.260
1.169
0.955
1.049
1.076
2.037
2.032
2.065
1.126
1.172
1.106
1.417
1.558
1.540
1.281
1.276
1.331
1.281
1.414
1.437
1.760
1.715
1.775
1.244
1.434
1.422
1.135
1.369
1.365
1.901
1.985
1.972
2.032
2.211
2.277
2.521
2.583
2.593
1.089
1.135
1.192
1.587
1.968
1.963
1.204
1.271
1.254
1.637
1.665
1.640
0.887
0.897
0.960
1.303
1.296
1.305
1.435
1.451
1.505
2.268
2.643
2.712
2.345
2.402
2.378
2.918
2.951
3.048
1.355
1.360
1.393
0.953
0.903
1.019
1.171
1.151
1.180
1.205
1.205
1.254
0.857
1.253
0.962
1.831
1.894
1.878
1.738
1.724
1.772
1.881
1.982
1.963
1.733
1.842
1.828
1.715
1.692
1.661
0.908
0.964
1.050
1.343
1.416
1.421
2.334
2.311
2.366
0.786
0.903
0.903
1.310
1.431
1.460
1.636
1.673
1.681
2.077
2.142
2.243
1.140
1.276
1.305
1.773
1.878
1.948
1.200
1.225
1.207
1.172
1.246
1.187
1.867
1.944
1.973
2.369
2.490
2.493
1.457
1.520
1.501
1.708
1.862
1.871
1.889
1.961
1.942
2.472
2.550
2.541
1.468
1.491
1.540
3.492
3.482
3.560
2.144
2.304
2.320
1.406
1.457
1.509
0.743
1.034
0.990
1.450
1.513
1.547
2.593
2.660
2.653
1.014
1.152
1.078
1.596
1.609
1.689
0.821
0.880
0.993
2.418
2.433
2.572
0.828
0.779
0.828
0.527
0.607
0.617
0.954
1.204
1.313
1.637
1.646
1.689
0.930
1.016
0.994
1.883
1.980
1.979
1.641
1.694
1.761
1.587
1.672
1.666
1.892
1.975
1.911
1.223
1.566
1.380
1.370
1.449
1.438
2.964
3.060
3.030
1.880
1.932
1.933
1.920
2.016
2.066
2.546
2.624
2.617
1.119
1.730
1.323
0.867
0.958
0.960
0.885
1.064
1.075
1.668
1.772
1.826
0.794
0.792
0.839
0.829
0.972
0.994
1.531
1.587
1.596
1.589
1.550
1.599
1.999
2.066
2.058
0.220
0.208
0.289
2.593
2.665
2.667
1.299
1.496
1.533
1.172
1.184
1.178
2.482
2.466
2.473
2.738
2.808
2.793
1.979
2.041
2.022
0.965
0.999
1.059
1.330
1.407
1.306
1.927
1.982
1.984
1.398
1.420
1.651
2.280
2.316
2.365
1.245
1.255
1.230
3.046
3.203
3.306
1.624
1.812
1.805
1.740
1.777
1.852
1.783
2.246
2.262
1.205
1.291
1.328
1.976
2.035
2.057
1.173
1.174
1.164
1.696
1.652
1.678
0.546
0.647
0.640
1.240
1.262
1.253
1.647
1.693
1.719
0.898
1.251
0.889
1.646
1.732
1.752
1.202
1.240
1.227
1.907
1.923
1.972
1.437
1.494
1.471
1.848
1.893
1.913
2.381
2.439
2.464
1.400
1.382
1.416
1.936
2.034
2.019
2.192
2.348
2.368
1.427
1.480
1.470
1.703
1.712
1.702
1.897
1.929
1.981
1.068
1.141
1.207
0.964
1.266
1.362
2.011
2.072
2.140
1.034
1.116
1.136
1.047
1.102
1.146
0.406
0.369
0.415
0.678
0.881
0.834
2.345
2.362
2.485
1.042
1.133
1.118
1.529
1.590
1.559
1.074
1.187
1.247
1.035
1.225
1.299
1.442
1.536
1.531
3.156
3.303
3.336
2.184
2.159
2.226
0.845
0.914
0.935
1.292
1.451
1.374
1.577
1.675
1.655
4.726
4.703
4.718
1.416
1.490
1.504
2.437
2.571
2.584
1.022
1.271
1.118
1.019
1.089
1.115
1.480
1.569
1.580
1.106
1.215
1.235
1.648
1.687
1.665
2.486
2.593
2.604
2.575
2.561
2.660
1.395
1.492
1.536
0.889
0.964
1.041
1.511
1.572
1.574
1.277
1.366
1.289
1.839
2.101
1.853
2.306
2.598
2.505
1.533
1.623
1.668
2.001
2.006
2.052
1.751
1.819
1.796
2.440
2.453
2.467
1.927
1.973
2.052
2.922
2.913
2.972
1.538
1.577
1.576
2.872
3.069
3.045
2.590
2.648
2.670
1.259
1.241
1.243
0.782
0.791
0.706
1.777
1.864
1.896
0.748
0.936
0.925
2.189
2.115
2.098
2.150
2.232
2.228
1.627
1.669
1.746
1.350
1.445
1.474
2.489
2.519
2.506
1.464
1.552
1.545
2.721
2.816
2.787
1.257
1.276
1.321
0.619
0.730
0.743
2.141
2.141
2.169
1.445
1.583
1.513
1.273
1.246
1.294
1.737
1.709
1.815
1.374
1.408
1.441
0.886
0.994
1.044
1.071
1.126
1.048
1.607
1.839
1.725
1.147
1.228
1.239
0.705
0.808
0.828
1.831
1.859
1.884
1.718
1.793
1.772
1.674
1.694
1.705
1.544
1.806
2.032
1.279
1.400
1.410
1.878
2.046
2.016
2.170
2.176
2.208
1.000
1.051
1.020
1.077
1.142
1.096
1.569
1.644
1.633
1.640
1.715
1.708
1.522
1.560
1.561
0.789
0.858
0.833
1.102
1.203
1.143
0.673
0.725
0.754
1.798
1.924
1.957
1.970
1.970
1.967
1.092
1.310
1.310
1.304
1.318
1.397
1.970
1.970
1.967
1.694
1.715
1.757
1.090
1.129
1.157
1.483
1.570
1.546
0.864
0.927
0.926
1.347
1.396
1.441
1.476
1.592
1.648
2.665
2.715
2.734
1.452
1.447
1.500
1.834
1.893
1.880
0.866
0.990
0.946
0.832
1.053
1.169
1.586
1.594
1.650
1.301
1.320
1.378
1.215
1.278
1.261
1.311
1.328
1.351
0.798
0.911
0.837
1.311
1.526
1.498
1.786
2.046
2.173
1.108
1.280
1.248
1.569
1.545
1.581
1.858
1.956
1.954
0.887
0.924
0.898
1.220
1.414
1.317
0.895
0.946
0.935
1.306
1.325
1.332
0.986
1.139
1.407
1.013
1.031
1.072
1.481
1.642
1.673
1.387
1.535
1.574
1.677
1.678
1.696
1.427
1.455
1.469
1.011
1.005
0.960
2.125
2.379
2.285
1.492
1.637
1.644
1.464
1.497
1.462
1.592
1.657
1.657
1.839
1.903
1.891
0.746
0.860
0.815
1.725
1.809
1.759
1.305
1.513
1.623
1.270
1.297
1.302
2.102
2.130
2.164
1.167
1.252
1.219
1.350
1.352
1.394
1.289
1.320
1.294
1.495
1.497
1.557
1.395
1.540
1.478
1.790
1.748
1.780
1.662
1.721
1.726
2.132
2.107
2.128
1.243
1.155
1.204
1.188
1.260
1.252
1.435
1.502
1.450
1.468
1.551
1.552
0.888
0.965
0.974
1.421
1.653
1.614
1.060
1.153
1.138
2.483
2.547
2.546
2.107
2.192
2.316
2.676
2.702
2.788
2.011
2.298
2.259
1.504
1.586
1.733
1.099
1.197
1.249
1.302
1.327
1.357
1.036
1.082
1.139
1.602
1.584
1.655
1.135
1.184
1.208
1.075
1.207
1.229
0.964
0.978
0.939
1.776
1.803
1.764
2.689
2.738
2.823
2.756
2.753
2.722
1.447
1.603
1.691
0.915
1.235
1.218
2.442
2.474
2.582
1.895
1.902
1.904
0.920
1.038
1.003
1.354
1.530
1.558
2.743
2.832
2.818
1.674
1.730
1.760
1.047
1.137
1.215
0.981
1.217
1.148
1.110
1.153
1.136
1.472
1.605
1.633
2.887
3.039
3.153
0.849
1.009
0.971
1.555
1.691
1.614
1.185
1.193
1.259
2.135
2.153
2.108
1.254
1.348
1.323
1.720
1.886
1.944
0.936
1.149
1.140
0.891
0.995
1.053
0.865
0.901
0.909
1.231
1.297
1.338
1.513
1.607
1.617
1.908
1.993
1.941
1.789
2.262
2.066
1.682
1.721
1.741
0.867
0.875
0.950
1.178
1.225
1.231
0.836
1.031
1.032
2.236
2.279
2.379
0.715
0.813
0.847
1.172
1.263
1.287
1.833
1.873
1.838
1.019
1.018
1.014
1.454
1.453
1.461
0.954
1.044
1.041
1.733
1.833
1.829
0.805
0.818
0.861
1.136
1.223
1.192
0.835
0.873
0.896
1.340
1.396
1.516
1.599
1.690
1.799
1.599
1.820
1.901
1.266
1.297
1.321
1.384
1.548
1.504
1.110
1.184
1.208
0.629
0.847
0.876
1.618
1.727
1.738
1.723
1.771
1.776
1.519
1.585
1.594
0.917
1.079
1.032
0.773
0.823
0.832
2.279
2.320
2.307
2.065
1.999
2.095
2.117
2.232
2.209
1.519
1.659
1.591
1.490
1.573
1.578
1.382
1.360
1.520
1.589
1.678
1.657
0.990
1.030
1.027
1.396
1.430
1.454
1.717
1.764
1.738
0.796
0.935
0.951
0.528
0.674
0.737
1.857
1.869
1.891
3.433
3.538
3.538
2.386
2.503
2.489
2.020
2.102
2.095
1.121
1.151
1.201
1.032
1.109
1.073
1.826
1.831
1.836
2.604
2.636
2.630
1.067
1.113
1.105
1.664
1.709
1.737
2.312
2.274
2.387
2.176
2.263
2.279
1.243
1.189
1.220
2.433
2.455
2.387
1.417
1.499
1.498
0.993
1.078
1.052
0.487
0.524
0.494
2.597
2.718
2.697
1.346
1.367
1.428
1.526
1.627
1.630
1.248
1.436
1.397
2.099
2.070
2.151
2.341
2.405
2.676
2.411
2.437
2.484
1.528
1.615
1.595
1.135
1.261
1.229
1.075
1.139
1.182
1.106
1.173
1.262
1.493
1.552
1.613
2.475
2.491
2.484
1.865
1.850
1.927
1.331
1.325
1.337
1.460
1.615
1.623
2.447
2.421
2.476
2.499
2.540
2.621
1.967
1.976
2.041
2.267
2.528
2.446
2.102
2.418
2.441
1.989
2.042
2.034
2.252
2.408
2.295
1.403
1.586
1.743
1.446
1.472
1.543
1.333
1.508
1.491
2.119
2.227
2.254
2.180
2.206
2.210
1.860
1.949
1.914
1.563
1.691
1.666
1.563
1.646
1.688
1.858
1.846
1.853
1.942
2.092
2.023
2.526
2.486
2.499
1.441
1.424
1.467
2.703
2.688
2.714
2.084
2.088
2.089
2.196
2.408
2.396
2.772
2.824
2.883
1.773
1.817
1.885
0.604
0.721
0.718
2.095
2.106
2.324
1.495
1.556
1.878
1.986
2.024
2.033
1.637
1.640
1.693
0.678
0.777
0.796
1.571
1.627
1.600
2.653
2.727
2.743
1.298
1.341
1.349
1.783
1.846
1.895
2.815
2.824
2.829
2.080
2.340
2.296
2.467
2.549
2.581
1.482
1.765
1.871
2.278
2.373
2.345
0.921
0.937
0.969
1.801
1.792
1.847
1.687
1.753
1.708
2.002
2.045
2.020
1.855
1.920
1.971
1.800
1.957
1.982
1.521
1.625
1.543
1.843
1.980
2.038
1.688
1.699
1.696
1.330
1.346
1.388
1.514
1.656
1.638
2.069
1.980
2.001
0.719
0.863
0.882
1.197
1.208
1.177
1.300
1.307
1.395
1.261
1.363
1.279
1.994
2.021
2.018
2.260
2.261
2.309
1.383
1.428
1.417
0.975
1.069
1.070
1.819
1.839
1.839
1.883
1.899
1.878
0.957
0.902
0.947
1.130
1.323
1.292
1.792
2.009
2.013
1.825
1.975
2.027
1.628
1.692
1.678
1.158
1.243
1.250
1.800
1.806
1.825
2.002
2.061
2.045
2.752
2.807
2.816
1.005
1.074
1.053
2.618
2.660
2.698
1.898
2.000
1.996
1.522
1.543
1.590
1.255
1.221
1.284
1.787
1.785
1.721
1.283
1.362
1.376
1.364
1.389
1.438
2.215
2.264
2.331
1.658
1.748
1.726
2.759
2.765
2.575
0.996
1.041
1.050
1.663
1.652
1.710
2.144
2.132
2.116
1.562
1.601
1.641
1.228
1.244
1.302
1.982
1.995
1.997
0.580
0.763
0.769
1.891
1.914
1.931
1.577
1.605
1.606
2.184
2.225
2.282
1.947
1.954
1.962
1.120
1.158
1.195
1.056
1.162
1.110
1.124
1.168
1.122
1.224
1.249
1.330
1.668
1.757
1.726
1.634
1.652
1.664
1.283
1.331
1.315
1.842
1.916
1.908
1.027
1.133
1.169
0.637
0.702
0.647
1.737
1.919
1.856
1.098
1.207
1.241
0.870
0.911
0.954
0.696
0.840
0.806
1.063
1.100
1.246
0.574
0.671
0.721
1.532
1.509
1.582
1.791
1.822
1.803
0.726
0.809
0.897
1.377
1.427
1.464
2.083
2.126
2.189
1.621
1.710
1.759
1.258
1.343
1.355
1.015
1.100
1.129
0.679
0.832
0.814
1.107
1.237
1.248
1.654
1.668
1.693
1.069
1.141
1.176
2.191
2.249
2.252
1.317
1.793
1.385
1.364
1.388
1.382
1.199
1.330
1.325
1.079
1.125
1.153
2.312
2.289
2.341
1.585
1.568
1.622
1.644
1.705
1.708
1.243
1.269
1.255
1.107
1.228
1.255
1.835
1.948
1.965
0.848
0.980
0.943
0.947
1.198
1.077
3.096
3.074
3.057
1.276
1.476
1.430
1.312
1.300
1.284
0.953
1.154
1.174
2.587
2.623
2.563
1.231
1.606
1.841
1.655
1.647
1.674
1.718
1.773
1.827
2.104
2.259
2.182
2.081
2.111
2.127
0.978
1.123
1.097
2.417
2.535
2.460
1.353
1.443
1.430
1.429
1.515
1.526
1.580
1.709
1.738
1.287
1.399
1.386
0.823
0.804
0.835
1.209
1.178
1.197
1.036
1.099
1.151
1.514
1.538
1.520
1.514
1.817
1.520
1.347
1.360
1.330
1.130
1.199
1.206
0.911
1.037
0.948
0.821
0.899
0.894
1.249
1.270
1.299
1.062
1.155
1.105
1.867
1.859
1.858
1.036
1.155
1.149
1.274
1.310
1.305
2.342
2.433
2.453
1.042
1.174
1.134
1.264
1.314
1.364
1.624
1.677
1.700
1.163
1.173
1.216
1.219
1.245
1.229
1.282
1.320
1.341
0.977
1.098
1.071
2.302
2.307
2.280
1.342
1.467
1.457
2.694
3.139
2.708
1.660
1.712
1.739
2.484
2.615
2.644
2.189
2.174
2.199
1.571
1.568
1.534
1.507
1.568
1.556
2.004
2.071
2.016
0.333
0.398
0.384
0.697
0.721
0.726
1.570
1.764
1.832
1.362
1.573
1.515
1.434
1.470
1.458
1.398
1.482
1.506
1.317
1.348
1.307
2.665
2.752
2.783
1.907
1.949
2.042
1.452
1.499
1.545
0.817
1.078
1.095
1.632
1.675
1.603
1.056
1.122
1.137
1.766
1.804
1.810
1.893
2.261
2.159
1.135
1.296
1.259
1.448
1.520
1.848
1.749
1.781
1.809
1.375
1.456
1.454
2.093
2.086
2.118
1.091
1.208
1.213
1.393
1.466
1.513
1.934
1.966
1.972
1.835
1.882
1.911
1.927
2.287
2.626
2.150
2.202
2.188
1.567
1.656
1.653
1.177
1.730
1.325
1.429
1.546
1.521
1.345
1.406
1.443
1.701
1.732
1.798
1.491
1.583
1.632
1.893
2.043
2.130
1.318
1.387
1.388
0.373
0.501
0.513
1.233
1.270
1.260
1.609
1.671
1.705
1.536
1.673
1.515
1.644
1.879
1.862
1.601
2.206
2.256
1.603
1.716
1.595
0.767
1.150
0.959
1.016
1.065
1.075
1.307
1.477
1.452
1.722
1.800
1.771
1.619
1.709
1.692
1.154
1.162
1.163
1.159
1.212
1.222
1.408
1.518
1.458
1.533
1.516
1.612
2.245
2.243
2.273
1.818
1.820
1.917
1.373
1.505
1.483
1.382
1.535
1.524
0.757
0.895
0.903
0.944
0.980
1.005
1.847
1.862
1.883
1.196
1.221
1.225
1.196
1.288
1.336
0.458
0.467
0.415
1.062
1.138
1.164
1.176
1.215
1.232
0.631
1.100
1.360
0.919
0.927
0.894
1.785
1.790
1.840
2.735
2.853
3.082
2.148
2.242
2.253
1.149
1.198
1.200
1.916
2.017
1.988
2.208
2.292
2.273
1.311
1.356
1.440
1.311
1.480
1.541
1.734
1.798
1.883
1.093
1.209
1.347
2.918
2.911
2.966
1.868
1.941
1.951
1.210
1.351
1.322
1.185
1.145
1.221
1.626
1.714
1.729
1.584
1.676
1.668
2.082
2.175
2.154
1.338
1.357
1.340
4.280
4.337
4.425
1.466
1.464
1.510
1.132
1.240
1.225
2.376
2.401
2.431
1.215
1.224
1.285
1.652
1.719
1.756
2.037
2.010
2.111
1.951
2.007
2.020
0.595
0.716
0.695
2.611
2.740
2.718
1.518
1.576
1.601
2.376
2.407
2.418
1.833
1.874
2.314
2.236
2.250
2.279
0.874
0.926
0.963
1.816
1.861
1.870
1.181
1.243
1.214
1.814
1.825
1.817
3.655
3.678
3.758
0.801
0.831
0.837
1.031
1.167
1.185
1.528
1.626
1.630
1.410
1.501
1.511
1.394
1.378
1.423
1.752
1.791
1.805
2.774
2.808
2.792
1.532
1.465
1.710
1.155
1.383
1.421
1.592
1.663
1.696
0.602
0.696
0.704
1.604
1.610
1.641
2.650
2.642
2.644
1.502
1.598
1.553
1.075
1.170
1.139
1.828
1.903
1.889
1.351
1.418
1.449
1.552
1.591
1.514
1.854
1.809
1.907
1.430
1.445
1.547
1.430
1.444
1.522
1.121
1.153
1.148
2.114
2.141
2.190
0.715
0.838
0.813
1.950
2.037
2.060
1.106
1.123
1.146
1.326
1.334
1.334
1.205
1.296
1.273
1.014
1.044
1.074
1.014
1.044
1.074
1.060
1.148
1.171
2.173
2.190
2.189
2.091
2.145
2.195
1.598
1.672
1.687
1.501
1.634
1.603
0.843
0.924
1.183
1.462
1.601
1.513
1.280
1.256
1.368
1.026
1.147
1.163
1.356
1.415
1.437
2.675
2.773
2.815
2.073
2.324
2.294
1.515
1.550
1.653
0.945
0.999
0.960
1.781
1.932
1.874
2.246
2.219
2.262
2.738
2.799
2.810
1.204
1.313
1.300
1.106
1.153
1.098
1.645
1.680
1.692
0.841
0.839
0.906
1.500
1.686
1.584
0.960
1.030
1.050
1.154
1.084
1.106
2.090
2.123
2.138
0.903
1.205
1.173
0.927
1.009
1.007
0.910
1.014
0.981
0.749
0.824
0.885
1.898
2.156
2.061
1.561
1.574
1.572
1.064
1.070
1.019
1.070
1.073
1.087
1.230
1.222
1.220
1.888
1.938
1.969
1.411
1.412
1.374
2.886
3.265
2.943
2.048
2.154
2.160
1.791
1.759
1.824
1.297
1.338
1.381
2.211
2.372
2.396
1.475
1.505
1.599
0.989
1.053
1.034
1.964
2.053
2.041
1.120
1.178
1.158
2.173
2.107
2.184
1.045
1.149
1.148
1.422
1.460
1.499
1.160
1.222
1.206
2.137
2.184
2.222
2.721
2.805
2.806
1.751
1.821
1.760
2.079
2.234
2.322
1.904
2.013
2.054
3.243
3.238
3.263
1.427
1.601
1.552
0.614
0.782
0.767
3.003
3.268
3.417
0.794
0.818
0.879
1.383
1.447
1.445
0.788
0.817
0.772
1.987
2.002
1.960
1.995
2.080
1.939
1.781
1.868
1.848
1.340
1.465
1.504
1.446
1.476
1.486
1.083
1.137
1.222
1.153
1.285
1.263
2.055
2.022
2.037
1.603
1.620
1.635
1.230
1.374
1.376
1.323
1.354
1.505
0.608
0.743
0.719
0.670
0.689
0.664
0.786
0.870
0.869
1.924
2.016
2.050
3.418
3.513
3.478
1.307
1.422
1.354
1.388
1.379
1.380
1.435
1.549
1.609
1.273
1.350
1.366
1.355
1.644
1.396
0.791
0.760
1.252
2.407
2.464
2.443
3.090
3.019
3.117
1.460
1.490
1.570
1.601
1.681
1.702
1.444
1.454
1.479
2.576
2.614
2.605
1.780
1.996
1.954
1.178
1.248
1.289
1.569
1.560
1.637
0.854
1.020
0.985
1.163
1.162
1.215
2.139
2.206
2.181
1.878
1.928
1.999
2.392
2.574
2.611
1.478
1.495
1.516
1.478
1.495
1.516
3.672
3.790
3.751
0.890
0.925
0.982
2.309
2.427
2.430
1.026
1.084
1.077
1.441
1.463
1.463
1.681
1.703
1.701
1.609
1.660
1.635
1.533
1.631
1.624
1.208
1.267
1.300
2.697
2.807
2.849
2.059
2.102
2.089
1.422
1.440
1.481
1.249
1.375
1.362
2.566
2.575
2.627
3.244
3.237
3.249
1.026
1.084
1.077
0.794
0.973
0.902
1.845
1.920
1.918
2.170
2.221
2.195
1.886
1.879
1.925
1.228
1.197
1.305
1.922
1.932
1.956
1.076
1.172
1.176
1.593
1.585
1.669
1.965
2.195
2.024
1.525
1.583
1.663
0.714
0.776
0.816
2.137
2.203
2.251
1.884
2.026
1.956
3.380
3.417
3.463
0.927
1.000
0.966
1.705
1.720
1.734
1.736
1.850
1.881
1.886
1.902
1.954
2.126
2.196
2.223
1.703
1.816
1.820
1.360
1.463
1.551
1.031
1.098
1.100
1.534
1.559
1.581
0.649
0.640
0.682
2.059
2.103
2.111
1.553
1.606
1.560
2.331
2.376
2.398
2.046
2.089
2.106
1.227
1.376
1.392
1.318
1.339
1.392
1.439
1.451
1.470
1.992
2.100
2.011
1.303
1.431
1.460
2.136
2.150
2.175
1.486
1.557
1.588
2.336
2.373
2.389
1.989
2.073
2.083
1.469
1.537
1.761
1.638
1.660
1.746
1.182
1.230
1.168
1.295
1.316
1.375
1.770
1.826
1.807
1.624
1.707
1.679
1.659
1.688
1.840
1.545
1.474
1.548
1.059
1.121
1.139
0.548
0.570
0.480
0.950
0.978
1.162
1.319
1.382
1.402
1.859
1.929
1.925
0.759
0.901
0.820
2.090
2.217
2.245
2.245
2.290
2.392
2.564
2.583
2.724
2.759
2.851
2.876
1.444
1.540
1.521
1.898
1.937
1.948
1.217
1.333
1.399
1.322
1.325
1.312
0.903
1.115
1.041
1.762
1.749
1.871
1.061
1.369
1.373
1.296
1.303
1.294
1.604
1.649
1.622
2.538
2.656
2.560
0.943
1.028
1.076
1.614
1.807
1.656
1.553
1.525
1.534
1.488
1.524
1.556
1.801
1.922
1.894
1.493
1.529
1.577
1.650
1.666
1.679
1.782
1.877
1.895
1.196
1.219
1.330
0.972
1.107
1.081
1.729
1.818
1.821
1.455
1.478
1.513
1.015
1.037
1.062
1.094
1.386
1.218
1.697
1.721
1.825
1.577
1.646
1.634
2.812
2.831
2.930
1.397
1.540
1.551
2.997
3.086
3.109
1.451
1.514
1.514
2.171
2.630
2.265
2.430
3.252
2.756
0.844
0.916
0.943
1.811
1.935
1.965
2.161
2.154
2.167
2.535
2.556
2.700
2.500
2.531
2.509
1.221
1.383
1.240
1.530
1.571
1.601
1.386
1.458
1.447
0.974
1.014
1.089
0.968
1.034
1.075
1.799
1.848
1.851
1.996
1.825
1.826
1.369
1.487
1.548
0.824
0.926
0.919
1.052
1.111
1.113
0.692
1.004
0.938
1.659
1.680
1.729
2.271
2.348
2.342
2.312
2.615
2.733
1.195
1.228
1.235
1.472
1.708
1.534
2.126
2.364
2.284
1.222
1.220
1.244
2.618
2.687
2.684
2.347
2.420
2.300
0.998
1.135
1.110
1.517
1.480
1.463
1.374
1.522
1.565
1.509
1.514
1.521
1.055
1.162
1.126
3.073
3.061
3.075
1.689
1.698
1.633
1.841
1.896
1.949
1.553
1.847
1.846
1.274
1.258
1.305
1.577
1.643
1.687
1.049
1.141
1.105
1.200
1.331
1.261
1.612
1.612
1.622
0.820
1.082
0.992
0.947
0.993
1.067
2.224
2.206
2.288
1.302
1.390
1.354
1.821
1.895
1.906
1.096
1.260
1.204
1.428
1.430
1.470
1.968
1.964
2.023
1.972
1.949
1.868
1.526
1.639
1.646
1.445
1.612
1.630
0.585
0.583
0.641
1.318
1.374
1.360
0.806
0.917
0.919
1.310
1.345
1.396
1.248
1.324
1.294
1.012
1.173
1.159
2.124
2.114
2.191
1.148
1.173
1.172
2.727
2.729
2.727
1.424
1.491
1.549
1.590
1.641
1.624
1.623
1.687
1.660
1.876
1.837
1.906
1.731
1.753
1.767
1.197
1.203
1.191
1.045
1.203
1.181
1.045
1.203
1.181
2.166
2.226
2.240
1.006
1.024
1.084
1.353
1.358
1.466
0.765
0.772
0.793
0.828
0.932
0.914
1.420
1.588
1.440
0.323
0.309
0.385
1.895
1.879
1.920
1.128
1.255
1.177
1.239
1.339
1.286
1.520
1.568
1.601
1.826
1.954
1.977
1.195
1.244
1.271
0.721
0.805
0.821
0.640
0.692
0.734
1.273
1.372
1.438
2.214
2.163
2.216
1.777
1.868
1.772
1.084
1.217
1.182
0.776
0.891
0.875
1.468
1.561
1.544
1.852
1.868
1.839
2.211
2.208
2.239
1.486
1.647
1.616
1.965
1.976
2.029
1.939
1.949
2.005
1.014
1.123
1.191
1.151
1.267
1.244
1.203
1.364
1.373
1.044
1.122
1.091
1.857
1.971
1.974
2.403
2.430
2.529
1.489
1.536
1.543
0.738
0.864
0.886
0.360
0.403
0.461
0.773
0.848
0.851
0.773
0.848
0.851
2.624
2.717
2.735
2.012
2.207
2.233
1.816
2.057
1.875
1.922
2.015
2.044
1.146
1.345
1.327
0.957
0.960
0.969
1.712
1.640
1.708
1.033
1.117
1.115
0.925
1.088
1.109
1.480
1.489
1.589
1.170
1.245
1.261
1.813
2.062
2.169
0.974
1.055
1.080
1.520
1.504
1.531
1.072
1.108
1.127
1.605
1.645
1.617
1.178
1.182
1.259
1.357
1.394
1.462
2.053
2.177
2.193
1.413
1.429
1.463
0.666
0.859
0.853
1.637
1.575
1.738
0.988
1.071
1.096
1.235
1.337
1.368
1.523
1.607
1.586
1.511
1.595
1.588
1.889
1.982
2.009
0.861
0.853
0.902
1.167
1.313
1.225
1.390
1.474
1.483
1.146
1.243
1.191
1.237
1.263
1.325
1.218
1.286
1.267
0.880
1.009
0.955
1.900
2.032
2.021
1.101
1.108
1.118
1.245
1.257
1.271
1.289
1.375
1.405
0.744
0.798
0.794
1.417
1.512
1.489
1.289
1.353
1.308
1.040
1.171
1.122
0.959
1.009
1.002
1.604
1.663
1.620
0.508
0.538
0.573
1.039
1.106
1.086
2.259
2.278
2.307
2.209
2.313
2.309
1.466
1.619
1.580
2.176
2.186
2.228
1.581
1.565
1.655
0.788
0.863
0.906
2.477
2.533
2.499
0.929
1.107
1.081
2.475
2.504
2.527
1.033
1.112
1.139
1.080
1.103
1.102
1.502
1.609
1.611
1.321
1.875
1.509
2.175
2.187
2.190
2.115
2.172
2.153
1.204
1.208
1.231
1.412
1.485
1.532
1.188
1.227
1.229
1.394
1.402
1.411
2.599
2.682
2.596
0.651
0.692
0.736
1.881
1.810
1.848
2.674
2.725
2.875
2.010
2.027
2.008
2.691
2.672
2.708
0.814
0.795
0.854
1.171
1.306
1.407
0.401
0.617
0.632
1.602
1.695
1.847
1.648
1.677
1.741
0.600
0.776
0.748
0.600
0.776
0.748
1.120
1.252
1.245
1.083
1.167
1.176
0.718
0.716
0.755
1.450
1.392
1.480
1.609
1.642
1.642
2.271
2.413
2.395
2.271
2.432
2.395
1.060
1.055
1.090
2.862
2.887
2.914
2.170
2.180
2.302
1.795
1.904
1.842
2.018
2.060
2.057
1.099
1.118
1.156
1.806
2.003
2.060
2.004
1.938
2.123
0.686
0.893
0.917
1.068
1.227
1.149
1.177
1.186
1.265
1.659
1.843
1.861
1.218
1.336
1.263
2.164
2.176
2.175
2.339
2.457
2.436
1.418
1.415
1.469
1.911
1.953
1.943
2.346
2.333
2.349
2.988
3.234
3.148
1.370
1.528
1.595
1.527
1.783
1.471
2.510
2.521
2.568
1.048
1.057
1.076
1.806
1.832
1.879
1.157
1.208
1.261
1.326
1.363
1.347
1.625
1.600
1.631
0.548
0.569
0.685
1.106
1.189
1.184
2.708
2.610
2.792
0.919
1.031
1.033
1.543
1.421
1.535
1.531
1.638
1.576
2.266
2.411
2.368
2.195
2.309
2.281
1.324
1.494
1.526
1.057
1.093
1.126
1.090
1.206
1.222
1.915
1.993
1.991
2.743
2.742
2.829
1.417
1.471
1.461
1.199
1.378
1.341
2.189
2.181
2.162
2.598
2.633
2.648
2.185
2.233
2.274
0.760
0.819
0.846
1.900
1.939
2.045
0.832
0.937
1.418
2.069
2.109
2.245
1.387
1.428
1.433
1.641
1.682
1.782
2.296
2.395
2.343
0.439
0.468
0.479
1.594
1.614
1.638
1.009
1.048
1.061
1.124
1.166
1.184
2.183
2.249
2.278
2.019
2.053
2.048
1.076
1.162
1.189
0.900
0.886
0.844
1.677
1.658
1.741
2.026
2.132
2.135
1.672
1.743
1.717
1.362
1.407
1.377
1.571
1.806
1.632
1.175
1.220
1.209
1.830
1.855
1.895
1.559
1.603
1.592
1.295
1.388
1.386
1.468
1.953
1.986
0.868
1.082
1.108
0.896
1.058
1.036
2.032
2.101
2.136
1.739
1.752
1.754
1.580
1.552
1.588
1.051
1.115
1.084
1.315
1.332
1.466
1.635
1.694
1.703
0.999
1.055
1.040
1.919
1.981
2.022
1.786
1.739
1.808
2.075
2.085
2.113
1.055
1.079
1.090
1.380
1.421
1.427
1.476
1.640
1.776
2.485
2.500
2.489
0.742
0.873
0.916
1.430
1.470
1.484
1.852
1.962
2.137
1.380
1.589
1.607
1.739
1.796
1.905
1.739
1.887
2.006
1.011
1.252
1.247
1.809
2.337
2.313
1.558
1.569
1.629
1.232
1.244
1.236
2.319
2.786
2.818
1.750
1.746
1.720
1.233
1.233
1.253
2.212
2.321
2.278
0.978
1.020
1.048
0.535
0.673
0.702
1.855
1.967
2.047
1.555
1.811
1.981
1.185
1.217
1.184
0.588
0.740
0.735
2.343
2.355
2.386
1.288
1.325
1.401
0.892
1.007
0.984
1.747
1.755
1.839
1.476
1.552
1.586
0.814
0.977
0.974
0.409
0.676
0.648
1.060
1.065
1.097
1.243
1.396
1.379
2.508
2.622
2.605
1.626
1.600
1.708
1.166
1.245
1.240
1.268
1.339
1.363
1.891
1.942
1.993
1.118
1.193
1.148
1.160
1.241
1.273
1.244
1.310
1.318
1.886
1.942
1.971
1.809
1.850
1.887
1.019
0.998
1.005
1.993
2.004
2.012
1.144
1.251
1.256
1.268
1.479
1.517
1.626
1.765
1.714
1.285
1.278
1.293
1.333
1.429
1.442
1.701
1.691
1.736
1.372
1.485
1.461
0.776
0.814
0.827
1.302
1.300
1.325
1.360
1.504
1.514
2.195
2.287
2.223
2.169
2.247
2.208
1.698
1.765
1.808
0.883
1.179
0.967
0.558
0.656
0.673
0.988
1.012
1.042
1.017
1.044
1.074
1.191
1.541
1.373
1.947
1.924
1.958
1.290
1.340
1.385
0.936
1.073
1.090
0.666
0.655
0.609
1.053
1.201
1.150
0.530
0.865
0.781
1.304
1.313
1.354
0.914
0.983
1.053
0.742
0.767
0.777
1.588
1.641
1.674
0.674
0.873
0.775
1.355
1.391
1.401
0.856
1.017
0.996
1.015
1.053
1.243
1.314
1.551
1.588
0.735
0.730
0.736
1.389
1.414
1.372
1.536
1.569
1.606
1.403
1.505
1.439
1.541
1.590
1.612
1.235
1.297
1.226
0.583
0.617
0.631
1.663
1.982
1.762
1.818
1.883
1.883
1.762
1.688
1.719
1.230
1.387
1.293
1.162
1.187
1.204
1.536
1.614
1.610
2.862
2.990
2.965
1.181
1.235
1.254
1.360
1.426
1.395
1.057
1.010
1.067
1.587
1.558
1.574
0.982
1.210
1.049
0.860
0.998
0.875
2.975
3.056
3.036
1.917
1.938
1.962
2.353
2.473
2.437
1.576
1.564
1.584
0.891
0.924
0.926
1.834
1.836
1.871
1.777
1.794
1.794
1.549
1.846
1.561
0.789
0.795
0.829
1.072
1.174
1.249
3.841
3.920
3.889
1.401
1.519
1.458
2.025
2.046
2.343
2.090
2.062
2.098
1.248
1.339
1.364
1.074
1.199
1.110
0.933
1.046
1.059
1.397
1.449
1.458
1.607
1.763
1.857
1.145
1.197
1.229
1.369
1.428
1.416
0.821
0.989
0.979
1.026
1.153
1.118
2.204
2.315
2.353
0.861
0.889
0.906
1.022
1.050
1.100
2.004
2.112
2.157
0.982
0.967
0.970
1.607
1.712
1.682
1.103
1.502
1.504
1.103
1.173
1.192
1.105
1.187
1.143
0.714
0.884
0.850
1.339
1.349
1.347
1.054
1.071
1.105
1.358
1.338
1.372
2.214
2.223
2.223
1.027
1.138
1.190
1.789
1.941
1.915
0.678
1.018
1.004
1.517
1.575
1.577
2.171
2.188
2.163
0.756
0.830
0.790
1.208
1.277
1.336
1.909
2.012
2.084
1.407
1.448
1.436
1.308
1.352
1.394
1.727
1.750
1.733
2.374
2.382
2.411
2.270
2.334
2.486
1.692
1.702
1.766
1.427
1.476
1.486
1.481
1.506
1.574
1.600
1.770
1.757
1.259
1.275
1.278
1.907
1.998
1.987
0.861
0.890
0.966
1.596
1.649
1.615
1.473
1.465
1.552
2.039
2.110
2.108
0.915
1.102
1.063
0.936
1.073
1.090
2.200
2.293
2.326
1.392
1.400
1.397
1.532
1.535
1.547
1.972
1.988
1.995
1.184
1.202
1.223
0.921
1.068
1.060
0.806
0.878
0.877
1.174
1.222
1.239
1.474
1.548
1.624
1.201
1.277
1.320
0.891
1.060
0.932
0.960
1.044
1.091
1.634
1.731
1.687
0.778
0.799
0.845
1.694
1.735
1.773
1.227
1.416
1.487
0.930
0.975
0.983
1.594
1.489
1.567
0.727
0.827
0.847
1.649
1.688
1.705
2.729
2.868
2.802
0.890
0.948
1.003
1.622
1.726
1.688
1.651
1.608
1.667
1.974
1.989
2.010
1.565
1.559
1.604
1.280
1.365
1.379
0.957
1.059
1.060
1.173
1.161
1.207
0.684
0.716
0.743
3.925
4.016
3.982
2.089
2.035
2.093
1.642
1.659
1.672
0.561
0.585
0.610
0.978
1.060
1.010
0.892
1.052
0.967
0.892
1.062
0.967
1.606
1.660
1.665
1.084
1.096
1.119
1.014
1.114
1.095
1.206
1.278
1.262
2.409
2.486
2.429
1.850
1.849
1.824
1.496
1.590
1.511
1.123
1.177
1.170
2.422
2.495
2.496
1.936
1.982
2.014
2.033
2.061
2.021
2.025
1.980
2.083
1.222
1.153
1.290
0.828
0.946
0.951
3.196
3.156
3.224
0.539
0.809
0.794
1.530
1.508
1.559
0.853
0.885
0.895
0.930
1.021
1.069
0.828
1.030
0.960
2.115
2.139
2.210
2.919
2.902
3.048
1.489
1.564
1.466
2.350
2.415
2.399
1.451
1.692
1.711
1.389
1.447
1.511
1.621
1.640
1.843
1.066
1.095
1.113
1.186
1.167
1.187
1.886
2.053
1.984
1.237
1.288
1.355
1.124
1.224
1.197
1.421
1.529
1.520
1.161
1.173
1.227
1.052
1.054
1.056
1.290
1.428
1.438
1.266
1.305
1.330
1.198
1.315
1.300
1.363
1.395
1.420
1.482
1.523
1.565
1.250
1.274
1.273
1.101
1.112
1.128
2.091
2.116
2.153
1.455
1.472
1.474
1.350
1.419
1.405
2.193
2.194
2.243
0.751
0.890
0.969
0.912
0.916
0.977
1.503
1.475
1.559
1.722
1.747
1.738
1.089
1.139
1.195
1.216
1.323
1.260
1.881
1.952
1.956
1.498
1.554
1.590
1.471
1.441
1.496
1.014
1.108
1.096
2.332
2.378
2.378
0.902
0.927
0.935
1.282
1.414
1.342
0.826
0.893
0.908
0.884
0.879
1.141
1.069
1.094
1.095
1.069
1.178
1.159
2.109
2.053
2.172
0.536
0.620
0.647
1.565
1.556
1.555
0.645
0.644
0.704
0.972
1.099
1.060
1.623
1.673
1.732
3.419
3.375
3.441
1.975
2.011
2.069
1.439
1.550
1.591
2.590
2.690
2.668
1.078
1.169
1.185
1.422
1.982
1.408
0.849
0.846
0.845
0.887
0.944
0.914
0.818
0.837
0.832
2.336
2.375
2.337
1.646
1.722
1.722
1.049
1.079
1.103
1.928
1.993
1.969
1.251
1.274
1.288
1.046
1.109
1.120
1.358
1.502
1.430
1.275
1.408
1.410
1.178
1.260
1.226
0.718
0.914
0.893
1.665
1.679
1.655
0.645
0.827
0.810
1.287
1.324
1.362
1.380
1.378
1.367
1.049
1.096
1.074
2.715
2.871
2.824
1.968
2.046
2.039
1.586
1.607
1.612
1.891
1.867
1.936
1.688
1.745
1.746
1.347
1.360
1.388
2.120
2.173
2.172
1.551
1.602
1.630
2.345
2.355
2.384
0.848
0.834
0.842
1.850
1.846
1.887
2.390
2.428
2.439
1.234
1.554
1.565
2.032
2.115
2.092
1.781
1.929
1.909
0.948
0.970
0.950
0.945
0.929
0.957
1.019
1.117
1.118
2.714
2.713
2.726
1.368
1.391
1.403
2.150
2.282
2.189
0.865
0.943
1.010
1.306
1.325
1.272
2.130
2.161
2.204
1.129
1.462
1.559
1.332
1.366
1.326
2.020
2.380
2.370
2.210
2.209
2.207
1.856
2.038
1.859
1.359
1.393
1.421
1.603
1.962
1.884
0.587
0.633
0.721
2.057
2.078
2.121
1.265
1.257
1.271
0.940
1.021
1.015
0.938
1.215
1.598
2.609
2.673
2.672
1.151
1.153
1.199
1.934
2.020
2.074
1.585
1.575
1.605
2.180
2.345
2.371
1.484
1.469
1.566
2.175
2.221
2.225
1.610
1.668
1.645
1.487
1.663
1.675
0.927
1.024
1.029
1.134
1.507
1.240
0.869
0.940
0.907
4.034
4.015
4.060
1.152
1.207
1.168
1.985
2.037
2.054
2.088
2.067
2.120
2.387
2.400
2.434
1.471
1.721
1.758
2.109
2.205
2.147
1.004
1.132
1.180
1.541
1.572
1.576
0.909
1.067
1.046
1.618
1.959
1.761
1.485
1.527
1.571
1.268
1.324
1.323
1.136
1.318
1.244
1.223
1.269
1.235
1.260
1.319
1.347
1.142
1.236
1.239
0.680
0.768
0.801
1.285
1.386
1.350
1.493
1.535
1.492
1.693
1.749
1.756
1.136
1.172
1.176
1.511
1.542
1.535
1.253
1.347
1.343
0.916
0.993
0.990
1.559
1.597
1.588
0.934
1.009
1.004
1.346
1.420
1.419
1.620
1.689
1.657
1.867
1.909
1.880
1.748
1.784
1.782
1.785
1.766
1.844
1.734
1.780
1.886
0.894
0.968
0.954
1.105
1.279
1.192
1.441
1.426
1.475
1.045
1.084
1.079
1.703
1.873
1.918
1.736
2.026
2.077
1.474
1.622
1.550
1.660
1.760
1.691
0.737
0.810
0.743
2.001
1.961
2.035
1.473
1.495
1.478
1.504
1.446
1.349
1.177
1.464
1.409
1.680
1.716
1.844
2.658
2.818
2.805
2.658
2.818
2.805
1.405
1.522
1.424
1.511
1.531
1.577
0.957
1.030
1.074
2.371
2.390
2.445
1.894
1.984
1.963
1.004
1.074
1.027
3.029
3.088
3.081
1.832
1.936
1.941
1.152
1.202
1.164
2.785
2.821
2.841
2.573
2.710
2.739
1.165
1.178
1.125
1.413
1.489
1.486
2.121
2.174
2.153
1.150
1.257
1.253
1.788
1.786
1.802
1.455
1.607
1.647
1.975
1.976
1.995
1.381
1.431
1.414
0.914
1.012
1.021
0.699
0.913
0.890
0.871
1.367
1.042
1.775
1.938
1.965
2.056
2.195
2.224
2.390
2.413
2.480
1.155
1.211
1.199
1.400
1.435
1.500
1.050
1.136
1.104
1.289
1.407
1.459
0.854
1.155
0.952
1.178
1.228
1.255
0.916
0.910
0.964
0.912
0.963
0.904
1.067
1.182
1.396
0.916
1.039
1.010
0.672
0.659
0.581
1.878
1.943
1.957
1.342
1.373
1.431
0.863
0.980
0.944
1.498
1.502
1.525
1.463
1.573
1.576
0.892
1.356
0.891
0.962
1.177
1.200
2.061
2.085
2.127
2.063
2.138
2.250
2.706
2.756
2.726
1.205
1.143
1.176
0.787
0.830
0.875
2.034
2.109
2.035
1.477
1.518
1.534
2.705
2.671
2.827
0.911
0.980
0.950
1.266
1.312
1.375
1.055
1.187
1.151
2.611
2.595
2.539
1.558
1.664
1.680
0.961
1.143
1.077
0.961
1.155
1.077
1.280
1.456
1.375
0.822
0.889
0.884
1.097
1.083
1.104
1.296
1.318
1.332
1.296
1.328
1.337
1.245
1.270
1.256
0.767
1.005
0.997
3.755
3.897
3.930
1.229
1.283
1.334
1.024
1.043
1.052
1.300
1.339
1.386
2.242
2.286
2.317
1.889
1.927
1.944
0.635
0.777
0.716
0.919
0.953
0.960
0.781
0.840
0.877
1.464
1.541
1.446
1.412
1.453
1.446
1.610
1.666
1.734
1.189
1.215
1.234
1.922
1.995
2.028
0.896
0.880
0.879
1.347
1.367
1.393
1.624
1.650
1.679
1.656
1.730
1.760
0.727
0.769
0.761
1.629
1.639
1.629
1.756
1.764
1.780
1.592
1.781
1.808
0.806
1.087
0.924
1.660
1.691
1.709
1.064
1.106
1.098
1.575
1.585
1.630
1.442
1.541
1.516
1.001
1.088
1.096
2.659
2.654
2.661
1.537
1.467
1.542
1.017
1.067
1.049
2.277
2.284
2.358
2.584
2.638
2.610
1.750
1.823
1.835
1.172
1.163
1.246
2.025
2.176
2.194
1.166
1.189
1.213
1.236
1.297
1.266
4.155
4.164
4.247
1.195
1.283
1.320
0.828
0.868
0.916
1.258
1.270
1.258
1.551
1.591
1.569
1.659
1.734
1.722
0.939
0.935
0.934
1.729
1.959
2.109
0.890
0.956
0.924
1.136
1.274
1.211
1.428
1.585
1.727
1.172
1.235
1.239
0.567
0.770
0.676
1.065
1.202
1.205
1.266
1.313
1.416
1.485
1.541
1.625
1.289
1.336
1.339
1.096
1.145
1.155
1.965
1.916
1.950
0.785
0.880
0.923
1.481
1.606
1.583
1.626
1.613
1.621
1.214
1.246
1.254
0.932
0.939
1.009
1.204
1.255
1.266
1.338
1.347
1.337
1.780
1.742
1.753
1.715
1.756
1.756
1.166
1.328
1.358
1.232
1.238
1.263
1.460
1.641
1.665
1.208
1.217
1.227
2.042
2.067
2.108
1.137
1.123
1.212
2.398
2.542
2.402
2.227
2.290
2.271
0.836
0.923
0.893
0.869
0.987
0.947
2.528
2.549
2.602
0.869
1.083
0.981
1.805
1.931
1.938
1.587
1.629
1.633
0.739
0.838
0.845
1.355
1.500
1.510
0.948
1.134
1.205
0.806
0.848
0.830
2.200
2.216
2.280
2.453
2.441
2.435
2.101
2.085
2.147
1.000
1.084
1.111
0.816
0.897
0.867
1.004
1.223
1.183
2.395
2.466
2.434
1.316
1.428
1.431
1.853
1.900
1.673
1.588
1.721
1.702
0.914
1.008
1.060
0.848
1.021
1.005
1.328
1.449
1.424
1.712
1.797
1.725
0.714
0.768
0.654
2.221
2.257
2.254
2.174
2.294
2.308
1.897
1.979
2.045
1.905
1.962
2.008
1.128
1.163
1.185
0.719
0.904
0.960
1.152
1.430
1.230
2.221
2.301
2.301
2.163
2.205
2.223
1.297
1.616
1.570
1.227
1.318
1.386
1.197
1.297
1.258
1.050
1.073
1.105
1.095
1.240
1.124
1.176
1.314
1.290
0.913
0.998
1.037
1.281
1.342
1.324
0.657
1.136
1.273
1.301
1.397
1.432
0.514
0.525
0.462
1.259
1.303
1.274
1.728
1.695
1.878
1.942
1.891
1.977
1.705
1.705
1.739
0.814
0.821
0.768
1.675
1.652
1.727
0.850
0.919
0.935
2.214
2.254
2.257
1.551
1.678
1.746
0.743
0.874
0.901
1.329
1.374
1.414
1.164
1.234
1.247
2.098
2.101
2.104
0.969
1.152
1.086
1.434
1.547
1.584
3.767
3.791
3.842
1.203
1.517
1.318
1.962
2.002
1.972
1.139
1.048
1.167
0.939
1.051
1.025
1.728
1.827
1.802
1.191
1.514
1.255
1.318
1.468
1.414
2.291
2.308
2.360
1.329
1.471
1.284
2.994
3.014
3.030
1.214
1.284
1.435
1.760
1.738
1.782
1.969
2.108
2.186
1.184
1.208
1.213
1.409
1.475
1.468
1.553
1.704
1.619
1.292
1.349
1.443
1.296
1.322
1.315
1.258
1.319
1.360
1.482
1.567
1.664
1.374
1.457
1.466
1.515
1.643
1.676
1.296
1.336
1.375
2.135
2.222
2.218
1.431
1.526
1.474
1.671
1.646
1.773
1.893
1.864
1.858
0.685
0.793
0.839
2.097
2.081
1.973
0.792
0.817
0.871
1.669
1.711
1.691
1.523
1.644
1.606
1.265
1.347
1.699
0.976
1.084
1.148
0.815
0.911
0.980
0.934
1.118
1.175
0.782
0.868
0.870
1.429
1.470
1.501
0.502
0.624
0.651
0.959
1.278
1.267
1.263
1.384
1.341
1.141
1.152
1.172
1.164
1.190
1.187
1.844
2.022
1.864
1.038
1.180
1.163
2.182
2.206
2.205
0.696
0.829
0.857
1.314
1.445
1.564
1.114
1.339
1.333
2.142
2.157
2.100
1.055
1.149
1.180
1.381
1.549
1.567
2.159
2.294
2.198
1.401
1.667
1.571
1.257
1.281
1.337
0.551
0.713
0.711
0.947
0.943
0.953
1.011
1.060
1.066
1.743
1.727
1.671
1.437
1.429
1.460
1.442
1.446
1.457
1.492
1.564
1.591
0.915
0.884
0.897
0.980
1.007
1.071
1.146
1.211
1.215
0.978
0.978
0.986
1.132
1.189
1.177
0.895
0.945
0.996
0.997
1.037
1.023
1.335
1.384
1.363
0.689
0.731
0.764
1.755
1.753
1.772
0.681
0.722
0.747
1.466
1.512
1.551
1.497
1.540
1.513
1.341
1.389
1.379
0.890
1.029
0.985
1.106
1.081
1.125
1.209
1.347
1.313
1.720
1.803
1.780
1.520
1.628
1.642
1.864
2.036
1.925
0.580
0.757
0.790
1.746
1.852
1.820
0.769
0.948
0.916
1.370
1.458
1.838
0.927
0.936
0.912
0.660
0.795
0.794
1.577
1.630
1.630
1.745
1.842
1.827
1.771
1.938
2.284
1.907
2.072
2.438
1.771
1.938
2.284
1.907
2.072
2.438
1.907
2.072
2.438
1.771
1.938
2.284
1.691
1.850
2.162
0.824
0.803
0.863
1.065
1.169
1.136
0.724
0.824
0.815
1.279
1.253
1.301
1.770
1.801
1.777
3.120
3.091
3.025
1.472
1.486
1.484
1.589
1.648
1.685
2.104
2.164
2.241
2.519
2.475
2.526
1.291
1.272
1.273
1.069
1.124
1.107
2.369
2.445
2.454
1.911
2.047
2.006
0.798
0.873
0.863
2.490
2.457
2.519
1.653
1.675
1.862
1.078
1.266
1.231
1.078
1.183
1.197
1.122
1.250
1.223
1.681
1.631
1.659
0.732
0.722
0.676
0.786
0.823
0.884
1.358
1.458
1.519
1.258
1.440
1.426
1.336
1.468
1.453
0.578
0.745
0.696
1.726
1.718
1.758
1.828
1.896
1.825
1.591
1.568
1.458
2.421
2.473
2.480
1.143
1.175
1.163
0.868
0.900
0.929
1.050
1.088
1.096
1.266
1.267
1.312
1.471
1.539
1.482
1.760
1.841
1.854
0.807
1.446
1.067
2.215
2.324
2.632
0.768
0.836
0.830
1.062
1.108
1.107
0.732
0.773
0.857
1.372
1.505
1.419
1.000
1.059
1.050
1.207
1.287
1.271
0.930
1.015
0.949
1.490
1.549
1.576
1.259
1.322
1.305
1.630
1.626
1.646
1.290
1.322
1.334
1.448
1.505
1.460
2.787
2.828
2.830
1.390
1.428
1.409
1.633
1.749
1.703
1.762
1.811
1.792
0.871
0.993
0.983
1.485
1.506
1.514
2.290
2.317
2.258
1.047
1.043
1.097
1.375
1.384
1.391
1.296
1.321
1.347
1.039
1.109
1.089
1.295
1.261
1.317
1.426
1.597
1.702
1.548
1.589
1.607
1.026
1.110
1.093
0.818
0.847
0.864
2.566
2.650
2.671
3.891
3.951
3.947
0.788
0.880
0.862
1.536
1.638
1.616
1.536
1.647
1.728
0.681
0.697
0.732
1.176
1.212
1.241
1.399
1.408
1.537
2.375
2.347
2.395
1.610
1.709
1.715
1.479
1.776
1.575
1.764
1.737
1.802
1.549
1.654
1.624
1.006
1.115
1.109
1.132
1.199
1.213
1.787
1.812
1.837
1.353
1.316
1.408
1.222
1.219
1.466
0.894
1.167
0.989
1.293
1.349
1.423
1.723
1.874
1.835
1.449
1.463
1.546
1.806
1.877
1.874
3.517
3.546
3.538
1.385
1.413
1.430
0.804
0.901
0.964
1.432
1.483
1.512
1.852
1.953
1.977
2.600
2.496
2.585
1.517
1.530
1.600
1.035
1.053
1.109
1.553
1.560
1.589
1.355
1.526
1.517
1.099
1.342
1.268
2.326
2.395
2.386
2.265
2.293
2.292
3.028
2.998
3.055
0.711
0.664
0.716
2.063
2.176
2.168
0.995
1.113
1.181
1.881
1.940
1.894
1.185
1.213
1.210
0.874
0.849
0.900
1.056
1.067
1.150
0.918
0.996
0.990
1.399
1.509
1.466
1.093
1.133
1.287
1.137
1.185
1.211
4.139
4.132
4.132
1.264
1.401
1.332
1.817
1.928
1.917
1.362
1.365
1.391
2.110
2.041
2.078
2.100
2.141
2.134
1.231
1.231
1.229
1.952
2.037
2.016
1.855
1.911
1.876
1.696
1.730
1.721
1.953
2.022
2.024
1.669
1.775
1.749
1.413
1.399
1.467
1.413
1.443
1.513
1.203
1.331
1.329
1.773
1.854
1.856
1.740
1.843
1.867
1.166
1.212
1.239
1.721
1.806
1.768
1.689
1.720
1.726
0.872
0.995
1.018
1.257
1.356
1.433
1.147
1.263
1.284
0.994
1.270
1.203
1.861
1.962
1.917
1.499
1.535
1.580
0.735
0.695
0.695
1.419
1.522
1.554
1.701
1.689
1.736
0.642
0.744
0.748
0.715
0.916
0.904
0.935
0.928
0.961
1.341
1.488
1.471
1.306
1.392
1.427
1.889
1.925
1.907
1.706
1.765
1.760
1.147
1.233
1.169
1.356
1.655
1.610
0.879
1.001
0.975
1.357
1.438
1.398
1.495
1.643
1.629
1.136
1.114
1.111
1.423
1.530
1.483
0.804
1.328
0.981
1.188
1.178
1.219
1.924
1.989
2.006
1.036
1.089
1.100
0.854
0.969
0.890
2.021
2.048
2.075
1.702
1.847
1.853
1.609
1.730
1.939
1.456
1.628
1.581
3.259
3.297
3.296
1.353
1.523
1.515
1.549
1.923
1.662
1.398
1.437
1.442
1.406
1.579
1.653
0.985
1.017
1.011
1.394
1.400
1.395
0.691
0.758
0.753
1.005
1.169
1.097
0.948
0.987
1.008
0.697
0.800
0.788
0.950
1.046
1.051
0.692
0.731
0.898
0.529
0.571
0.616
0.640
0.825
0.824
1.962
1.982
1.957
1.862
1.877
1.916
0.781
0.979
0.892
1.433
1.465
1.466
1.640
1.677
1.708
0.647
0.690
0.643
1.081
1.213
1.119
1.946
2.098
2.087
1.456
1.530
1.507
1.292
1.456
1.472
2.273
2.404
2.383
1.005
1.121
1.150
1.320
1.429
1.466
1.210
1.310
1.276
0.891
0.986
0.940
1.399
1.463
1.483
1.746
1.809
1.834
1.476
1.546
1.506
1.396
1.538
1.500
1.095
1.106
1.151
2.257
2.694
2.305
1.812
1.847
1.855
0.805
0.951
0.922
2.265
2.279
2.337
2.032
2.024
2.059
1.517
1.576
1.559
1.720
1.812
1.735
1.449
1.439
1.413
0.839
0.855
0.880
2.531
2.599
2.551
1.538
1.475
1.513
1.467
1.553
1.471
0.679
0.787
0.754
1.372
1.468
1.459
1.246
1.683
1.291
0.751
0.868
0.896
0.836
1.068
0.972
0.836
1.110
1.072
1.994
1.977
2.065
0.908
1.022
1.025
0.918
0.960
0.960
0.867
1.051
0.929
0.766
0.886
0.862
2.294
2.328
2.327
1.262
1.329
1.336
1.873
2.028
1.992
1.750
1.823
1.794
2.054
2.095
2.105
1.202
1.218
1.245
2.262
2.234
2.278
1.507
1.525
1.572
1.715
1.746
1.727
1.240
1.250
1.230
0.707
0.727
0.774
0.636
0.768
0.737
0.910
1.148
1.139
1.141
1.207
1.178
0.853
0.880
0.865
1.826
1.991
1.990
0.911
1.231
1.153
1.067
1.329
1.633
1.805
1.907
1.885
1.684
1.742
1.785
1.410
1.427
1.424
2.286
2.314
2.334
1.973
2.063
2.141
1.690
1.666
1.754
1.421
1.507
1.537
1.100
1.130
1.118
1.769
2.077
1.801
0.744
0.873
0.876
1.856
1.980
2.002
2.046
2.347
2.158
1.525
1.548
1.588
1.149
1.304
1.327
1.884
1.933
1.924
1.211
1.258
1.287
1.202
1.293
1.278
0.668
0.698
0.659
1.038
1.026
1.267
1.630
1.681
1.808
0.891
1.299
0.877
0.672
1.345
0.572
0.731
0.801
0.778
1.112
1.503
1.092
1.632
1.627
1.647
2.624
2.659
2.653
0.968
1.004
0.980
2.948
3.013
3.018
1.677
1.663
1.641
1.215
1.294
1.281
2.248
2.327
2.312
1.380
1.461
1.499
0.845
0.884
0.898
0.909
0.980
1.020
1.233
1.351
1.249
1.190
1.407
1.359
1.681
1.894
1.860
1.623
1.678
1.687
1.034
1.263
1.462
1.772
1.855
1.818
0.908
0.985
0.992
3.125
3.158
3.195
1.400
1.426
1.402
2.097
2.155
2.128
1.190
1.204
1.230
0.698
0.843
0.873
0.698
0.843
0.873
0.698
0.843
0.873
1.235
1.281
1.286
0.838
0.861
0.859
1.066
1.168
1.130
1.672
1.693
1.686
0.806
0.903
0.927
0.817
0.890
0.891
0.838
0.916
0.891
1.033
1.108
1.137
1.033
1.258
1.283
1.267
1.260
1.232
1.124
1.639
1.288
1.229
1.616
1.315
1.091
1.135
1.331
1.025
1.089
1.091
1.450
1.475
1.476
1.051
1.134
1.076
1.554
1.592
1.634
1.440
1.603
1.621
1.747
1.871
1.858
3.112
3.195
3.034
1.017
1.104
1.106
1.299
1.424
1.419
1.189
1.195
1.177
0.616
0.699
0.661
1.533
1.639
1.607
0.718
0.822
0.796
1.075
1.144
1.220
1.397
1.477
1.421
1.332
1.370
1.389
1.779
2.196
1.903
1.952
1.957
1.962
1.030
1.086
1.088
1.266
1.879
1.275
1.270
1.241
1.321
0.693
0.739
0.689
2.197
2.338
2.367
1.862
1.841
1.992
1.070
1.131
1.132
0.931
0.998
1.017
3.411
3.355
3.505
1.471
1.560
1.518
1.682
1.665
1.713
0.604
0.721
0.648
2.090
2.088
2.125
1.168
1.346
1.301
1.565
1.734
1.739
1.541
1.803
1.735
1.028
1.110
1.091
0.870
0.866
0.889
1.461
1.469
1.498
1.313
1.328
1.321
1.711
1.832
1.863
0.903
0.946
1.001
1.058
1.082
1.089
1.284
1.430
1.450
1.208
1.349
1.326
0.795
0.987
0.863
0.531
0.573
0.600
1.652
1.829
1.691
1.073
1.121
1.114
1.508
1.519
1.780
1.200
1.233
1.221
0.621
0.815
0.715
2.448
2.517
2.553
1.121
1.191
1.194
0.879
0.993
1.005
1.696
1.808
1.781
2.517
2.637
2.590
1.469
1.452
1.441
1.436
1.598
1.710
0.798
0.803
0.828
1.897
1.963
2.034
0.894
0.945
0.936
2.297
2.316
2.378
1.521
1.662
1.637
3.564
3.556
3.563
3.059
3.110
3.230
1.170
1.383
1.356
1.240
1.187
1.255
0.828
0.726
0.808
1.418
1.480
1.458
1.062
1.199
1.176
2.123
2.143
2.144
1.523
1.561
1.600
0.796
0.794
0.793
1.418
1.404
1.334
2.013
2.023
1.997
1.151
1.323
1.281
2.772
2.818
2.834
1.647
1.629
1.679
1.798
1.808
1.827
0.785
0.808
0.840
0.967
1.027
0.973
1.053
1.089
1.141
1.178
1.289
1.323
1.235
1.309
1.369
2.337
2.431
2.453
0.957
1.058
1.024
1.296
1.288
1.312
1.250
1.440
1.563
0.824
0.874
0.879
0.932
1.326
0.906
0.966
0.967
0.971
0.836
0.966
0.997
1.077
1.148
1.147
1.461
1.497
1.491
2.376
2.350
2.409
2.591
2.572
2.493
2.870
3.064
3.105
1.710
1.849
1.743
1.710
1.806
1.742
1.051
1.199
1.153
1.538
1.636
1.556
0.814
0.865
0.853
1.542
1.537
1.533
1.373
1.494
1.486
0.888
1.016
1.023
0.891
0.903
0.912
1.575
1.558
1.620
1.362
1.475
1.463
0.926
0.999
0.960
1.512
1.468
1.479
1.056
1.168
1.187
0.913
1.113
1.125
1.324
1.329
1.383
1.068
1.149
1.135
1.624
1.791
1.873
0.913
0.965
0.967
1.335
1.312
1.282
1.808
1.916
1.911
1.118
1.133
1.190
0.830
0.858
0.835
2.353
2.498
2.377
1.790
1.833
1.821
1.092
1.172
1.154
1.186
1.295
1.447
1.460
1.629
1.575
1.188
1.281
1.285
1.384
1.386
1.420
0.591
0.781
0.752
2.178
2.461
2.484
0.741
0.807
0.814
0.741
0.768
0.891
1.240
1.354
1.428
1.346
1.412
1.436
2.307
2.548
2.484
0.932
1.090
1.076
0.743
0.832
0.825
1.463
1.444
1.472
1.140
1.142
1.172
1.551
1.622
1.637
1.748
1.855
1.792
1.210
1.378
1.233
1.188
1.218
1.279
1.541
1.606
1.539
1.198
1.298
1.230
1.676
1.775
1.770
1.095
1.064
1.068
1.790
1.814
1.844
1.513
1.516
1.550
2.184
2.238
2.210
1.297
1.393
1.365
1.839
1.996
2.032
1.117
1.213
1.208
1.144
1.222
1.168
1.249
1.360
1.370
1.298
1.297
1.315
1.371
1.420
1.453
1.503
1.582
1.588
1.261
1.349
1.299
1.695
1.681
1.955
1.681
1.780
1.670
1.602
1.753
1.761
0.729
1.022
1.005
0.744
0.845
0.818
0.824
0.912
0.797
0.875
0.933
0.947
1.979
2.023
1.969
1.478
1.551
1.584
0.917
0.999
1.062
1.463
1.538
1.518
0.805
0.907
0.914
1.748
1.769
1.802
1.580
1.576
1.528
0.744
0.845
0.818
1.600
1.665
1.667
1.574
1.658
1.636
0.722
0.821
0.795
1.030
1.076
1.114
1.026
1.049
1.089
0.722
0.821
0.795
1.393
1.448
1.426
0.728
0.849
0.885
1.001
1.084
1.374
2.532
2.546
2.707
1.302
1.397
1.426
1.407
1.418
1.406
0.722
0.821
0.795
1.405
1.418
1.443
1.101
1.110
1.131
0.722
0.821
0.795
0.812
0.846
0.842
0.971
1.082
1.097
1.178
1.207
1.220
0.893
0.920
0.950
1.345
1.564
1.527
1.395
1.438
1.393
0.701
0.825
0.762
0.701
0.790
0.824
0.701
0.817
0.824
1.914
1.952
2.077
1.451
1.540
1.531
0.612
0.764
0.771
1.143
1.227
1.234
0.744
0.845
0.818
1.059
1.090
1.149
1.506
1.552
1.526
1.018
1.060
1.102
0.731
0.816
0.793
0.700
1.228
0.913
1.716
1.786
1.736
1.884
1.770
1.891
0.996
1.049
1.062
1.309
1.272
1.331
1.345
1.418
1.397
0.817
0.913
0.892
2.031
2.307
2.363
1.001
1.042
1.050
1.113
1.192
1.208
0.722
0.821
0.795
0.909
1.093
1.016
0.668
0.798
0.758
0.926
0.923
0.924
1.119
1.113
1.036
1.748
1.788
1.774
1.804
1.794
1.813
1.305
1.325
1.327
0.869
0.987
0.963
1.673
1.800
1.776
0.951
1.051
1.033
1.288
1.425
1.445
1.417
1.582
1.488
1.065
1.507
1.244
1.735
1.782
1.811
1.242
1.249
1.279
1.227
1.249
1.179
1.024
1.072
1.102
0.685
0.743
0.744
0.856
0.835
0.882
2.867
2.885
2.894
1.012
1.084
1.087
1.838
1.901
1.887
2.058
2.245
2.227
4.053
4.103
4.083
0.863
0.967
0.980
0.985
1.064
1.087
1.063
1.137
1.086
1.869
2.004
1.960
3.313
3.372
3.407
0.923
0.956
0.936
0.757
0.899
0.879
1.460
1.622
1.601
0.777
0.805
0.847
1.079
1.122
1.136
1.104
1.233
1.240
1.414
1.621
1.485
2.091
2.220
2.227
1.701
1.760
1.731
1.096
1.222
1.238
1.255
1.399
1.361
2.126
2.178
2.173
1.101
1.184
1.168
1.490
1.542
1.510
1.422
1.479
1.489
1.936
1.969
1.946
1.469
1.396
1.733
2.631
2.665
2.652
0.667
0.663
0.647
0.546
0.749
0.726
1.393
1.513
1.471
1.683
1.694
1.734
1.283
1.347
1.333
2.025
1.994
1.979
1.881
1.929
1.944
1.954
1.961
2.005
1.353
1.440
1.426
1.172
1.168
1.220
1.222
1.384
1.379
0.789
0.804
0.851
1.525
1.555
1.585
1.346
1.362
1.521
1.189
1.275
1.317
0.817
1.008
0.983
1.676
1.733
1.777
1.747
1.886
1.922
2.342
2.277
2.340
1.718
1.743
1.782
2.082
2.100
2.152
1.173
1.331
1.374
1.657
1.696
1.713
1.082
1.202
1.130
1.515
1.562
1.540
0.574
0.765
0.777
1.148
1.153
1.223
1.391
1.474
1.490
0.671
0.703
0.758
0.904
1.095
1.097
1.205
1.226
1.264
2.273
2.275
2.338
1.757
2.010
1.966
1.075
1.145
1.139
2.181
2.227
2.178
1.156
1.212
1.254
2.448
2.536
2.512
2.099
2.151
2.184
1.795
1.988
1.925
2.301
2.353
2.341
1.042
1.667
1.314
2.846
2.899
2.955
2.837
2.924
2.882
1.847
1.920
1.942
1.287
1.423
1.419
1.449
1.500
1.522
0.844
0.959
0.960
1.297
1.283
1.323
1.597
1.649
1.718
2.920
3.009
2.982
2.122
2.190
2.271
1.078
1.232
1.180
1.802
1.884
1.938
0.947
1.003
1.065
1.355
1.383
1.392
1.526
1.547
1.558
1.263
1.326
1.416
1.329
1.392
1.412
0.974
1.092
1.113
1.238
1.191
1.235
2.378
2.414
2.428
1.974
1.995
2.051
2.498
2.515
2.588
1.019
1.095
1.116
1.157
1.187
1.239
1.407
1.443
1.439
0.851
0.897
0.900
2.070
2.144
2.182
1.359
1.590
1.750
0.617
0.740
0.766
0.885
0.935
0.913
1.949
2.022
1.999
0.889
1.025
1.021
1.651
1.682
1.666
1.789
1.798
1.874
1.433
1.499
1.540
0.894
1.074
1.111
1.223
1.266
1.269
1.521
1.572
1.491
2.888
2.922
3.000
1.327
1.318
1.286
1.397
1.423
1.471
0.905
0.983
0.997
2.775
2.714
2.677
1.834
1.934
2.269
2.342
2.426
2.435
1.025
1.139
1.100
2.169
2.226
2.137
2.174
2.179
2.230
1.641
1.696
1.683
1.056
1.148
1.190
1.836
2.007
2.138
1.318
1.447
1.469
1.334
1.289
1.318
1.555
1.575
1.762
0.986
0.989
1.041
0.790
0.814
0.856
1.091
1.144
1.229
1.091
1.144
1.229
1.091
1.144
1.229
2.077
2.108
2.115
0.890
1.016
0.928
1.589
1.686
1.697
0.815
0.853
0.898
1.586
1.746
1.706
1.044
1.307
1.325
0.866
0.930
0.930
1.936
2.038
1.923
1.450
1.537
1.545
1.009
1.012
1.087
0.779
0.945
0.951
1.444
1.690
1.704
1.082
1.111
1.205
1.505
1.483
1.601
1.861
1.847
1.830
1.645
1.832
1.726
1.292
1.401
1.403
1.553
1.554
1.567
2.011
2.039
2.160
2.330
3.133
2.415
1.631
1.658
1.678
0.996
1.052
1.049
1.012
1.038
0.974
1.012
1.194
1.204
1.114
1.191
1.263
1.510
1.504
1.511
1.801
1.783
1.823
1.805
1.982
2.118
2.435
2.521
2.491
1.624
1.636
1.621
1.087
1.154
1.211
1.177
1.225
1.223
0.670
0.859
0.850
1.387
1.601
1.627
1.377
1.348
1.370
1.828
1.882
1.848
1.830
2.043
1.955
0.994
1.080
1.111
2.165
2.157
2.145
0.839
0.863
0.842
0.947
0.983
0.917
1.542
1.559
1.623
2.092
2.092
2.032
0.846
0.870
0.833
0.718
0.766
0.766
0.720
0.733
0.786
0.619
0.716
0.690
0.735
0.821
0.794
1.159
1.209
1.249
2.164
2.446
2.316
1.057
1.019
1.094
0.883
0.996
0.983
1.144
1.201
1.174
1.365
1.339
1.377
1.820
1.894
1.891
1.032
1.088
1.076
1.019
1.036
1.078
0.916
1.055
1.006
1.136
1.223
1.192
1.551
1.666
1.623
1.243
1.348
1.380
0.498
0.580
0.557
1.031
1.012
1.056
2.459
2.453
2.523
1.350
1.418
1.444
1.113
1.183
1.200
0.418
0.569
0.592
0.418
0.569
0.592
0.418
0.569
0.592
1.110
1.174
1.180
1.449
1.459
1.407
0.771
0.859
0.781
1.164
1.319
1.387
0.663
0.705
0.721
1.894
1.955
1.936
1.801
1.827
1.855
1.365
1.503
1.461
1.128
1.158
1.232
1.662
1.762
1.790
1.506
1.728
1.734
1.106
1.121
1.129
0.879
0.984
0.891
0.800
0.808
0.826
1.747
1.744
1.790
1.353
1.418
1.455
1.353
1.519
1.455
1.507
1.575
1.616
1.453
1.518
1.520
0.725
0.924
0.956
2.377
2.374
2.357
0.838
0.889
0.895
1.370
1.401
1.378
1.001
1.029
1.038
1.434
1.547
1.591
0.937
0.929
0.936
0.302
0.477
0.492
0.680
0.850
0.838
1.027
1.155
1.296
1.615
1.597
1.581
0.508
0.519
0.497
1.447
1.427
1.512
1.860
1.975
1.965
0.803
0.829
0.849
1.819
1.804
1.789
1.412
1.429
1.462
1.057
1.031
1.220
1.315
1.338
1.327
1.881
1.943
1.974
1.454
1.569
1.501
2.122
2.208
2.143
1.120
1.192
1.206
1.025
1.114
1.160
0.758
0.807
0.856
1.635
1.676
1.699
1.419
1.440
1.485
0.938
1.018
1.049
0.938
1.018
1.049
1.918
1.941
1.989
0.831
0.972
0.899
2.013
2.048
2.044
1.413
1.515
1.508
0.724
0.791
0.728
1.328
1.382
1.356
1.344
1.452
1.423
0.653
0.824
0.779
2.088
2.191
2.137
1.821
1.852
1.881
1.648
1.722
1.703
2.599
2.630
2.626
1.557
1.644
1.713
1.026
1.068
1.075
1.459
1.563
1.578
1.748
1.922
1.921
1.494
1.541
1.576
1.114
1.060
1.246
1.773
1.847
1.814
1.490
1.620
1.595
1.468
1.512
1.499
0.896
0.991
0.981
1.275
1.253
1.159
1.261
1.318
1.356
0.666
0.790
0.781
0.971
1.022
1.010
0.743
0.820
0.812
1.657
1.708
1.716
1.165
1.249
1.278
1.256
1.318
1.352
1.582
1.689
1.669
2.037
2.465
2.156
1.516
1.659
1.661
1.176
1.279
1.242
0.883
0.959
0.938
1.043
1.088
1.038
1.016
1.214
1.204
1.119
1.193
1.176
1.007
1.084
1.075
1.741
1.871
1.841
0.612
0.939
0.912
1.953
2.021
2.034
1.054
1.095
1.067
1.995
2.040
1.998
0.825
0.881
0.921
1.364
1.355
1.398
2.726
2.754
2.797
2.363
2.541
2.524
0.890
1.012
1.030
1.990
2.127
2.098
1.201
1.237
1.242
1.128
1.273
1.205
2.215
2.519
2.288
1.679
1.722
1.724
2.146
2.206
2.219
0.947
1.038
1.003
1.324
1.351
1.366
0.890
0.965
0.944
2.372
2.484
2.456
1.645
1.743
1.576
1.230
1.244
1.276
0.570
0.698
0.714
0.479
0.499
0.487
1.547
1.572
1.609
1.031
1.184
1.139
2.466
2.561
2.581
1.396
1.516
1.524
1.617
1.680
1.762
0.822
0.962
0.965
0.890
0.965
0.944
1.779
1.838
1.823
0.856
1.061
0.997
0.814
0.869
0.793
0.848
0.872
0.862
1.473
1.542
1.578
0.830
0.953
0.891
1.359
1.480
1.473
0.896
0.936
0.961
0.883
0.959
0.938
0.783
0.893
0.848
1.038
1.064
1.055
0.971
0.971
0.959
1.174
1.194
1.194
0.637
0.736
0.725
1.308
1.395
1.394
0.831
1.001
0.976
2.960
3.187
3.073
2.960
3.187
3.073
2.960
3.187
3.073
1.052
1.188
1.221
0.890
0.965
0.944
1.751
1.807
1.773
1.247
1.293
1.301
0.727
0.747
0.726
0.897
0.982
0.973
1.536
1.604
1.592
1.228
1.285
1.246
0.829
0.872
0.886
1.641
1.682
1.664
0.957
1.005
1.020
2.243
2.334
2.345
0.849
0.782
0.851
0.890
0.965
0.944
0.972
1.048
1.053
1.023
1.074
1.077
0.785
0.859
0.876
2.382
2.476
2.484
0.648
0.858
0.864
1.119
1.300
1.298
1.805
1.949
1.899
0.785
0.853
0.840
0.538
0.713
0.755
2.200
2.307
2.290
1.327
1.365
1.347
1.814
1.912
1.902
1.487
1.503
1.523
1.772
1.823
1.819
1.169
1.283
1.259
1.146
1.440
1.291
1.883
1.915
1.956
1.305
1.404
1.390
2.135
2.203
2.242
1.315
1.382
1.414
1.715
1.756
1.818
1.543
1.536
1.591
0.588
0.720
0.737
1.171
1.327
1.318
1.534
1.499
1.603
1.865
1.905
1.915
2.136
2.213
2.243
1.165
1.234
1.204
2.577
2.534
2.504
0.996
1.029
0.931
1.830
1.879
1.869
1.590
1.693
1.763
1.108
1.170
1.194
1.574
1.692
1.612
1.608
1.692
1.739
2.526
2.585
2.573
2.057
2.166
2.175
1.670
1.776
1.848
1.784
1.781
1.886
1.075
1.230
1.151
1.596
1.659
1.589
1.709
1.837
1.848
1.562
1.512
1.698
2.552
2.632
2.655
2.244
2.229
2.269
0.874
0.937
0.910
1.354
1.500
1.513
1.787
1.838
1.869
1.309
1.355
1.417
1.164
1.422
1.418
1.691
1.869
1.865
1.582
1.590
1.563
0.888
0.910
0.928
1.172
1.172
1.330
1.187
1.287
1.276
1.657
1.647
1.686
0.830
0.894
0.868
0.830
0.894
0.868
1.290
1.350
1.357
1.368
1.402
1.384
0.894
0.911
0.900
2.040
2.170
2.070
1.517
1.440
1.511
0.725
0.795
0.726
1.158
1.353
1.327
0.648
0.676
0.716
1.049
1.088
1.100
2.183
2.137
2.150
1.203
1.141
1.077
0.676
0.797
0.801
2.280
2.337
2.440
1.119
1.153
1.187
0.959
1.057
1.015
0.945
1.029
1.035
1.675
1.693
1.702
1.250
1.281
1.272
2.305
2.431
2.374
1.120
0.965
0.959
1.958
1.968
1.975
1.652
1.679
1.695
1.003
1.037
1.032
1.638
1.904
1.821
0.845
0.839
0.863
2.335
2.423
2.381
2.033
2.060
2.121
0.837
0.945
0.942
1.248
1.268
1.286
1.484
1.513
1.545
1.112
1.236
1.128
1.828
1.872
1.857
2.470
2.518
2.551
0.795
0.897
0.956
1.058
1.242
1.317
1.688
1.767
1.772
1.070
1.036
1.286
1.571
1.654
1.651
0.758
0.850
0.849
1.346
1.429
1.372
1.133
1.246
1.198
3.226
3.310
3.315
1.727
2.089
1.948
0.895
1.007
0.985
0.968
1.070
1.037
1.219
1.274
1.328
2.090
2.061
1.932
0.927
0.964
0.912
1.402
1.426
1.434
0.832
0.890
1.290
1.141
1.230
1.231
1.721
1.812
1.795
0.905
0.983
0.992
2.858
2.911
2.913
3.111
3.111
3.114
1.683
1.829
1.848
1.213
1.270
1.283
1.763
1.778
1.800
1.427
1.467
1.484
1.931
2.080
2.056
1.236
1.240
1.256
1.330
1.457
1.463
1.309
1.374
1.376
0.888
0.996
0.970
0.477
0.493
0.507
1.202
1.269
1.285
1.165
1.284
1.276
0.722
0.754
0.791
2.073
2.184
2.202
1.262
1.503
1.474
1.260
1.356
1.351
0.541
0.749
0.777
1.561
1.768
1.732
1.498
1.511
1.494
1.033
1.042
1.071
1.607
1.784
1.605
1.419
1.539
1.620
1.409
1.453
1.464
0.946
0.934
0.925
2.350
2.376
2.394
0.789
0.927
0.898
0.789
0.871
0.898
1.871
1.885
1.872
1.297
1.410
1.471
1.339
1.355
1.392
1.117
1.244
1.245
0.700
0.773
0.772
0.780
0.813
0.833
1.065
1.079
1.089
0.738
0.710
0.756
1.983
1.950
2.007
1.030
1.065
1.030
0.930
1.002
0.994
0.848
0.978
1.021
2.189
2.195
2.227
3.104
3.066
3.109
1.363
1.410
1.402
0.937
0.945
1.005
0.947
0.978
1.021
0.619
0.712
0.754
1.497
1.513
1.501
1.550
1.537
1.640
1.338
1.319
1.362
0.894
1.069
1.033
0.891
0.991
1.005
0.757
0.787
0.833
1.337
1.357
1.362
1.753
1.799
1.782
0.797
0.817
0.834
1.009
1.046
1.066
0.890
0.965
0.944
0.890
0.965
0.944
1.246
1.299
1.288
1.039
1.272
1.307
1.275
1.379
1.377
1.001
1.003
1.081
0.844
1.152
1.059
1.314
1.476
1.475
0.643
0.700
0.791
1.716
1.733
1.863
2.583
2.561
2.627
0.872
0.967
0.975
2.272
2.269
2.261
0.870
1.047
0.995
1.041
1.088
1.032
1.721
1.807
1.794
1.682
1.724
1.725
1.069
1.115
1.112
0.638
0.757
0.740
1.449
1.451
1.470
0.802
0.867
0.944
0.878
0.916
0.859
2.620
2.655
2.683
1.771
1.755
1.777
1.766
1.818
1.827
0.980
0.951
1.038
1.836
1.991
1.935
0.834
0.925
0.975
1.313
1.378
1.407
1.052
1.123
1.102
1.745
1.799
1.819
1.511
1.529
1.512
1.365
1.459
1.432
1.228
1.301
1.293
2.337
2.342
2.358
0.590
0.601
0.609
0.590
0.686
0.674
1.022
1.032
1.095
0.980
1.068
1.057
1.175
1.302
1.290
1.768
1.863
1.861
0.818
0.866
0.865
1.049
1.181
1.221
0.767
0.844
0.865
2.136
2.203
2.140
1.095
1.177
1.164
0.904
1.037
1.093
1.094
1.270
1.270
2.873
2.898
2.935
1.707
1.749
1.737
1.676
1.724
1.738
1.521
1.580
1.563
0.986
1.069
1.014
1.124
1.305
1.285
0.867
0.942
0.920
1.648
1.717
1.740
1.522
1.514
1.555
1.044
1.129
1.109
1.690
1.626
1.804
1.957
2.155
2.051
1.334
1.401
1.390
1.321
1.325
1.337
1.393
1.464
1.456
0.932
0.948
1.065
1.701
1.742
1.731
1.493
1.478
1.561
1.189
1.209
1.224
1.231
1.332
1.315
1.806
1.849
1.872
1.329
1.459
1.489
1.396
1.448
1.438
1.131
1.141
1.189
0.825
0.680
0.843
0.782
0.795
0.819
1.159
1.197
1.224
0.846
0.910
0.906
0.846
0.902
0.918
1.429
1.474
1.491
1.046
1.133
1.113
1.248
1.478
1.334
1.201
1.245
1.280
1.249
1.351
1.321
0.613
0.746
0.723
0.809
0.850
0.876
0.705
0.787
0.764
0.771
0.918
0.891
0.922
0.935
1.030
1.055
1.383
1.430
1.444
1.584
1.570
2.606
2.658
2.622
0.720
0.814
0.811
0.774
0.935
0.971
1.249
1.358
1.340
1.251
1.257
1.296
1.979
2.015
1.974
1.027
1.046
1.061
1.381
1.467
1.484
3.039
3.046
3.065
1.618
1.693
1.778
1.028
1.122
1.100
0.871
0.859
0.908
1.202
1.345
1.293
1.951
2.090
2.021
1.958
2.100
2.064
1.898
2.020
1.959
1.147
1.180
1.214
1.168
1.212
1.229
0.970
1.120
1.083
0.756
1.165
0.998
0.813
0.880
0.892
1.045
1.213
1.166
0.541
0.616
0.539
1.052
1.220
1.221
1.204
1.348
1.330
0.625
0.764
0.714
1.150
1.187
1.211
1.538
1.538
1.561
1.080
1.496
1.174
0.950
1.011
1.031
0.893
0.891
0.893
1.038
1.074
1.081
1.153
1.212
1.227
0.692
0.774
0.793
0.679
0.715
0.748
1.641
2.073
1.784
1.193
1.221
1.247
0.861
0.945
0.930
1.912
1.925
1.902
1.692
1.978
1.815
2.957
2.913
2.950
0.904
1.002
0.974
0.823
0.939
0.961
0.881
0.972
0.990
0.886
1.206
1.193
1.023
1.103
1.044
1.644
1.733
1.715
0.861
0.980
1.006
1.132
1.290
1.399
1.267
1.264
1.329
1.326
1.406
1.370
0.920
0.972
1.008
1.419
1.514
1.480
1.184
1.212
1.308
1.243
1.318
1.293
0.908
0.896
0.895
0.781
0.999
1.002
1.434
1.460
1.438
0.706
0.921
0.829
2.235
2.285
2.288
1.022
1.133
1.217
1.846
1.854
1.858
1.280
1.240
1.224
1.389
1.402
1.400
1.010
1.087
1.071
1.915
1.934
1.933
1.160
1.445
1.570
1.103
1.091
1.154
1.833
1.889
1.830
1.953
2.007
2.009
1.079
1.404
1.483
2.073
2.053
2.046
0.919
0.971
0.953
0.749
0.815
0.798
0.432
0.517
0.492
0.725
0.787
0.780
1.418
1.519
1.463
1.018
1.093
1.096
1.193
1.484
1.098
0.990
1.041
1.039
1.058
1.104
1.105
1.404
1.411
1.442
1.902
1.999
1.949
1.581
1.648
1.744
0.967
1.040
1.113
0.551
0.632
0.608
0.886
0.955
0.976
0.928
1.037
0.959
1.162
1.182
1.178
0.551
0.632
0.608
0.510
0.608
0.586
0.551
0.632
0.608
1.938
1.925
1.952
1.501
1.517
1.540
1.590
1.631
1.609
1.448
1.537
1.578
0.932
0.987
0.991
1.330
1.425
1.348
1.187
1.254
1.201
0.601
0.662
0.685
1.807
1.809
1.821
2.399
2.545
2.577
1.478
1.594
1.614
0.414
0.593
0.585
2.075
2.104
2.122
1.368
1.526
1.480
1.013
1.212
1.065
0.855
0.950
0.983
0.965
1.008
1.017
1.117
1.265
1.252
1.353
1.320
1.425
1.055
1.185
1.137
1.095
1.135
1.197
0.704
0.790
0.829
1.343
1.443
1.484
1.104
1.162
1.195
1.055
1.175
1.173
1.244
1.283
1.289
0.819
0.942
0.903
1.206
1.224
1.229
0.724
0.872
0.831
1.720
1.710
1.679
2.267
2.249
2.332
1.981
2.137
2.147
0.936
1.047
1.004
1.613
1.817
1.840
0.653
0.764
0.761
0.827
0.843
0.901
1.750
1.895
1.840
1.914
1.910
1.970
1.503
1.551
1.601
1.503
1.551
1.601
1.319
1.357
1.406
1.420
1.425
1.427
1.800
1.851
1.839
1.689
1.681
1.755
1.339
1.430
1.423
1.202
1.387
1.380
1.280
1.342
1.351
1.114
1.197
1.170
2.335
2.595
2.451
1.592
1.700
1.647
0.489
0.537
0.626
2.979
2.999
2.949
1.686
1.818
1.837
0.949
1.227
1.222
1.337
1.720
1.679
2.279
2.310
2.280
1.754
1.758
1.760
1.254
1.428
1.413
0.917
0.942
0.896
1.945
1.921
1.999
1.744
1.886
1.871
2.177
2.240
2.326
1.811
1.885
1.880
0.869
0.928
0.963
1.275
1.339
1.353
1.892
1.952
1.946
1.163
1.240
1.254
1.062
1.185
1.196
1.108
1.238
1.253
1.601
1.634
1.667
1.166
1.126
1.136
1.900
1.928
1.956
1.192
1.240
1.224
1.545
1.671
1.686
2.283
2.372
2.377
0.913
0.937
1.017
1.320
1.335
1.346
1.133
1.169
1.043
1.512
1.635
1.603
0.606
0.685
0.643
1.637
1.719
1.629
1.730
1.654
1.750
1.729
1.726
1.712
1.720
1.771
1.797
2.182
2.189
2.242
1.864
1.980
1.967
1.422
1.505
1.661
1.593
1.711
1.650
1.941
2.026
2.013
1.071
1.145
1.126
1.203
1.247
1.342
1.775
1.904
2.071
1.936
1.953
1.959
1.068
1.030
1.082
1.321
1.398
1.435
3.154
3.242
3.270
2.951
3.155
3.077
1.548
1.615
1.568
1.888
1.897
2.001
0.649
0.842
0.915
1.226
1.322
1.297
0.915
1.018
0.987
1.216
1.338
1.333
1.261
1.368
1.386
0.930
1.179
1.070
0.930
1.157
1.151
0.593
0.806
0.809
1.544
1.526
1.575
1.455
1.596
1.666
0.300
0.310
0.237
0.778
0.901
0.868
1.295
1.316
1.314
1.840
1.885
1.919
2.334
2.426
2.422
2.250
2.280
2.369
1.786
1.817
1.874
1.260
1.277
1.296
1.582
1.697
1.649
0.867
0.954
0.978
1.142
1.072
1.130
2.036
2.059
2.106
1.433
1.462
1.433
1.714
1.746
1.787
1.101
1.231
1.174
1.382
1.488
1.565
1.341
1.413
1.475
0.685
0.629
0.668
1.032
1.010
1.029
1.286
1.236
1.301
1.599
1.791
1.731
0.889
0.922
0.926
1.477
1.458
1.447
0.871
0.859
0.995
1.555
1.593
1.620
1.071
1.246
1.194
0.757
0.757
0.754
1.477
1.491
1.490
1.839
1.892
1.845
1.062
1.132
1.152
1.412
1.535
1.552
1.196
1.726
1.370
2.490
2.544
2.584
1.694
1.795
1.762
0.898
0.998
0.894
1.819
1.896
1.944
1.129
1.188
1.250
1.258
1.310
1.439
1.943
1.955
2.019
1.519
1.688
1.641
0.795
0.859
0.825
0.795
0.859
0.825
1.017
1.105
1.200
0.695
0.934
0.963
0.672
0.947
0.889
1.792
1.939
1.922
0.739
0.803
1.178
1.118
1.154
1.276
1.989
1.981
1.976
1.159
1.312
1.267
1.187
1.273
1.326
1.190
1.114
1.182
0.815
0.827
0.866
1.434
1.436
1.508
1.158
1.295
1.279
0.799
1.053
0.936
1.090
1.098
1.111
1.338
1.415
1.412
0.774
0.889
0.809
1.101
1.157
1.199
1.831
1.920
1.934
1.439
1.520
1.491
0.970
0.989
0.979
0.780
0.847
0.820
1.263
1.281
1.263
1.221
1.548
1.401
1.170
1.200
1.340
1.289
1.382
1.351
1.289
1.412
1.522
1.852
1.884
1.930
1.385
1.392
1.408
1.133
1.185
1.244
1.192
1.422
1.420
2.687
2.714
2.715
1.288
1.358
1.395
1.469
1.621
1.576
1.220
1.297
1.259
0.784
0.995
0.970
1.277
1.299
1.360
0.558
0.643
0.614
0.926
1.011
0.988
1.718
1.713
1.737
1.962
1.946
1.984
0.878
0.916
0.881
1.103
1.095
1.127
1.821
1.884
1.858
0.916
0.986
0.961
1.393
1.503
1.446
2.103
2.075
2.202
1.136
1.165
1.168
2.712
2.809
2.750
1.438
1.591
1.548
1.580
1.634
1.646
1.202
1.306
1.309
1.093
1.113
1.093
1.375
1.397
1.399
1.392
1.663
1.652
1.378
1.416
1.426
1.122
1.262
1.238
1.323
1.332
1.350
1.183
1.258
1.269
2.628
2.675
2.705
1.829
1.916
1.882
0.963
1.200
1.076
1.138
1.219
1.211
0.880
0.922
0.942
0.920
0.980
0.991
0.722
0.769
0.730
0.819
1.012
1.030
1.731
1.709
1.727
0.822
0.888
0.844
1.672
1.694
1.681
1.384
1.534
1.876
1.136
1.187
1.166
1.272
1.337
1.323
1.446
1.576
1.540
0.909
0.941
0.964
1.960
2.014
2.015
1.677
1.653
1.726
1.797
1.954
2.011
1.327
1.363
1.400
1.701
1.824
1.835
0.558
0.643
0.614
1.242
1.231
1.330
1.529
1.642
1.562
1.352
1.387
1.412
1.486
1.479
1.532
1.209
1.329
1.280
1.576
1.680
1.665
1.505
1.525
1.540
1.363
1.424
1.446
1.228
1.406
1.447
0.993
1.015
1.004
1.088
1.048
1.105
0.951
1.012
1.044
0.807
0.970
0.883
0.972
1.046
1.116
1.862
2.119
2.243
1.062
1.137
1.109
0.780
0.830
0.822
1.064
1.979
1.524
1.298
1.372
1.302
2.683
2.686
2.722
0.800
0.935
0.941
0.567
0.580
0.603
0.755
0.779
0.765
0.866
0.906
0.883
0.673
0.816
0.821
1.935
1.979
2.047
0.386
0.560
0.526
1.361
1.466
1.447
0.649
0.776
0.752
1.306
1.410
1.386
0.561
0.642
0.619
1.967
1.933
1.948
1.214
1.262
1.320
1.046
1.282
1.227
1.191
1.188
1.216
1.297
1.338
1.391
1.460
1.468
1.476
1.976
2.006
2.031
0.740
0.764
0.758
1.783
1.847
1.747
1.713
1.787
1.930
1.037
1.104
1.063
1.356
1.610
1.578
0.737
0.744
0.813
1.117
1.258
1.237
2.078
2.069
2.111
0.977
1.071
1.116
1.121
1.300
1.290
1.733
1.729
1.761
1.157
1.208
1.272
0.869
0.968
1.010
1.323
1.307
1.299
1.455
1.511
1.499
1.438
1.584
1.533
1.142
1.123
1.108
1.300
1.374
1.370
1.251
1.386
1.376
0.876
0.934
0.977
1.383
1.460
1.450
1.412
1.541
1.429
1.806
2.186
2.207
1.994
2.032
1.997
2.040
1.983
2.116
1.272
1.237
1.283
1.327
1.322
1.336
2.202
2.187
2.221
1.940
2.066
2.007
1.573
1.686
1.710
0.880
0.984
0.948
1.300
1.242
1.277
1.441
1.454
1.462
2.216
2.220
2.331
1.169
1.355
1.407
2.753
2.840
2.838
1.674
1.664
1.656
0.901
0.961
0.981
0.855
0.882
0.890
1.324
1.317
1.377
1.542
1.605
1.632
0.729
0.800
0.805
1.605
1.611
1.611
1.593
1.662
1.640
1.015
1.129
1.119
1.038
1.024
1.069
1.178
1.238
1.558
1.111
1.147
1.124
1.680
1.761
1.698
2.015
2.167
2.140
0.879
0.882
0.898
1.410
1.455
1.480
1.338
1.384
1.480
0.673
0.906
0.972
0.674
0.893
0.624
1.271
1.385
1.344
1.163
1.174
1.240
1.020
1.187
1.188
0.885
1.051
1.058
1.230
1.390
1.327
1.387
1.448
1.472
1.763
1.903
1.928
1.178
1.272
1.289
2.125
2.166
2.190
1.161
1.272
1.294
1.838
1.940
1.919
1.046
1.158
1.156
1.723
1.830
1.825
1.532
1.527
1.551
0.905
1.055
1.084
2.087
2.164
2.138
0.788
0.974
0.899
1.553
1.542
1.438
1.676
1.654
1.669
0.818
0.854
0.844
0.976
1.090
1.026
0.562
0.803
0.772
1.250
1.343
1.352
1.723
1.760
1.789
1.939
1.958
1.964
1.167
1.473
1.319
1.872
1.964
2.007
0.994
0.990
1.006
1.840
1.885
1.987
0.899
1.011
1.031
1.343
1.586
1.520
1.734
1.846
1.838
1.260
1.400
1.448
1.670
1.896
1.746
1.670
1.844
1.882
2.188
2.219
2.224
1.269
1.264
1.276
2.129
2.139
2.173
1.341
1.396
1.388
1.646
1.667
1.674
1.799
1.848
1.833
1.884
1.872
1.902
2.529
2.559
2.562
1.324
1.528
1.456
0.960
1.129
1.076
1.390
1.331
1.909
0.874
0.997
0.971
1.400
1.421
1.395
2.500
2.472
2.463
1.256
1.248
1.237
1.487
1.533
1.541
1.018
1.044
1.076
1.008
1.267
1.106
1.160
1.142
1.122
1.179
1.500
1.513
1.119
1.107
1.153
1.147
1.359
1.367
1.592
1.733
1.666
1.251
1.175
1.217
1.305
1.396
1.651
0.973
1.079
0.983
0.344
0.655
0.471
1.450
1.502
1.515
0.998
0.984
1.025
0.894
0.928
0.993
0.835
0.971
0.935
1.866
2.003
1.990
1.208
1.367
1.361
1.293
1.657
1.468
1.474
1.608
1.454
1.462
1.526
1.613
1.072
1.102
1.068
0.818
0.831
0.904
1.125
1.569
1.278
1.282
1.358
1.414
1.440
1.810
1.588
1.288
1.474
1.482
1.365
1.223
1.361
2.417
2.413
2.428
1.636
1.609
1.703
0.776
0.819
0.846
1.964
2.041
2.079
1.496
1.574
1.627
1.852
1.926
2.014
1.264
1.413
1.409
2.279
2.323
2.415
3.024
2.967
3.094
1.913
1.993
1.980
1.652
1.727
1.693
1.109
1.194
1.202
1.884
1.947
1.918
1.382
1.406
1.381
1.095
1.732
1.116
1.852
1.935
1.983
1.661
2.281
2.590
1.001
1.066
1.090
2.013
1.988
1.996
1.711
1.795
1.842
0.902
0.954
0.954
2.058
2.146
2.131
1.543
1.537
1.668
1.864
1.887
1.876
1.438
1.518
1.514
1.109
1.189
1.119
1.359
1.512
1.480
0.825
0.914
1.001
1.615
1.682
1.636
1.702
1.595
1.703
1.615
1.614
1.554
0.829
0.877
0.877
1.502
1.559
1.579
1.931
1.994
1.958
1.030
1.243
1.138
0.992
1.082
1.127
0.691
0.719
0.756
1.913
1.794
1.894
0.795
1.017
0.950
0.746
0.812
0.732
0.778
0.793
0.827
0.753
0.872
0.867
2.142
2.186
2.210
1.445
1.467
1.437
0.796
0.863
0.844
1.287
1.388
1.405
1.753
2.042
1.858
1.067
1.133
1.144
1.053
1.127
1.470
2.238
2.406
2.422
2.238
2.312
2.304
1.368
1.519
1.387
2.076
2.192
2.256
1.494
1.593
1.577
0.746
0.844
0.998
0.910
1.073
1.065
0.541
0.741
0.710
1.346
1.398
1.482
1.108
1.137
1.165
1.175
1.319
1.296
0.981
1.048
1.053
0.740
0.869
0.891
1.671
1.712
1.751
1.513
1.685
1.588
2.128
2.107
2.062
2.288
2.328
2.303
0.895
1.007
0.996
1.831
1.824
1.819
1.547
1.957
1.682
0.957
1.000
0.990
1.189
1.168
1.193
1.220
1.663
1.184
1.111
1.366
1.223
2.048
2.024
2.071
0.602
0.643
0.676
1.175
1.241
1.275
0.897
0.983
0.986
0.613
0.792
0.792
0.900
0.931
0.917
0.744
0.892
0.845
0.958
0.936
1.022
0.505
0.686
0.641
1.223
1.342
1.361
0.745
0.860
0.835
1.493
1.626
1.547
1.394
1.483
1.664
1.704
1.732
1.822
1.412
1.470
1.473
1.059
1.028
1.059
1.159
1.205
1.203
1.664
1.767
1.755
1.320
1.302
1.439
1.326
1.425
1.394
1.481
1.554
1.581
1.082
1.193
1.205
1.504
1.514
1.561
1.060
1.137
1.172
1.065
1.158
1.150
2.851
2.827
2.831
1.249
1.438
1.363
1.461
1.492
1.553
1.538
1.608
2.018
1.454
1.555
1.473
1.964
2.017
2.046
0.448
0.833
0.799
0.770
0.826
0.837
1.390
1.414
1.437
1.328
1.417
1.422
1.202
1.250
1.285
1.484
1.485
1.542
0.682
1.029
0.960
0.987
1.086
1.117
0.991
1.049
1.023
1.255
1.264
1.249
1.267
1.399
1.344
1.839
2.044
1.864
0.394
0.430
0.433
0.583
0.786
0.726
1.923
1.950
1.941
0.721
0.868
0.845
0.964
1.058
1.058
0.985
1.018
1.090
0.995
1.092
1.089
1.161
1.288
1.324
0.941
1.032
1.088
0.876
0.879
0.884
1.107
1.111
1.157
1.157
1.190
1.226
1.168
1.319
1.262
0.977
1.072
1.042
0.892
0.929
0.924
1.932
1.977
1.957
1.442
1.599
1.624
1.258
1.285
1.248
1.368
1.419
1.463
0.761
0.855
0.818
0.948
1.088
0.985
1.114
1.254
1.214
1.096
1.119
1.086
1.463
1.600
1.564
1.159
1.206
1.264
0.523
0.630
0.561
0.954
1.115
1.103
1.200
1.224
1.381
1.349
1.523
1.498
1.621
1.688
1.676
1.499
1.669
1.672
1.059
1.088
1.049
1.729
1.719
1.764
1.252
1.264
1.303
1.927
1.949
2.004
0.877
0.919
0.889
1.671
1.696
1.723
0.945
1.094
1.073
0.798
0.868
0.843
2.146
2.171
2.176
1.036
1.106
1.129
1.506
1.640
1.697
0.919
1.080
1.038
1.025
1.038
1.018
1.751
1.852
1.863
2.354
2.440
2.439
1.379
1.499
1.449
1.081
1.209
1.174
1.263
1.292
1.268
1.097
1.251
1.227
0.888
0.936
0.932
0.861
0.917
0.921
0.856
0.918
0.866
0.969
0.973
0.903
1.016
1.073
0.978
1.275
1.399
1.413
0.535
0.601
0.611
0.721
0.782
0.786
1.869
1.876
1.886
1.724
1.640
1.756
1.617
1.629
1.660
1.226
1.259
1.319
1.237
1.348
1.304
1.097
1.149
1.066
1.161
1.609
1.277
1.040
1.040
1.053
1.757
1.855
1.857
2.105
2.170
2.112
0.727
0.769
0.789
1.338
1.356
1.380
1.011
1.051
1.038
1.654
1.659
1.740
2.081
2.025
1.982
1.176
1.217
1.208
1.650
1.672
1.722
0.789
0.861
0.823
1.420
1.470
1.480
1.494
1.565
1.568
2.084
2.118
2.137
1.950
1.969
1.998
1.280
1.325
1.361
1.334
1.371
1.390
2.784
2.780
2.807
1.496
1.569
1.545
1.401
1.447
1.491
1.265
1.401
1.353
1.733
1.803
1.784
1.848
1.932
1.977
1.649
1.676
1.657
1.252
1.334
1.302
1.303
1.396
1.351
1.216
1.186
1.144
1.225
1.257
1.267
0.893
0.983
1.034
1.519
1.515
1.527
1.713
1.740
1.768
1.783
1.813
1.742
1.147
1.245
1.227
1.219
1.481
1.669
1.244
1.250
1.188
1.013
1.316
1.327
1.524
1.583
1.580
1.244
1.441
1.608
1.897
1.912
2.139
0.351
0.590
0.622
1.459
1.516
1.505
1.878
1.959
1.991
0.826
0.944
1.322
2.088
2.177
2.264
1.984
2.048
2.073
1.087
1.116
1.120
0.932
0.964
0.965
1.543
1.544
1.564
1.609
1.606
1.607
0.913
0.986
1.006
1.659
1.768
1.681
0.945
1.034
1.409
1.326
1.312
1.273
1.487
1.497
1.510
1.094
1.127
1.154
1.233
1.351
1.401
2.039
2.101
2.096
2.935
2.922
2.954
1.224
1.333
1.307
1.121
1.174
1.175
1.118
1.147
1.142
1.252
1.360
1.324
1.832
1.881
1.914
1.580
1.594
1.606
1.982
2.016
2.028
1.765
1.767
1.741
1.262
1.261
1.333
1.120
1.157
1.182
1.065
1.097
1.136
0.924
0.958
0.959
1.825
1.906
1.844
1.259
1.239
1.281
1.520
1.548
1.549
2.240
2.220
2.232
2.446
2.431
2.563
2.390
2.485
2.481
1.664
1.855
1.807
1.280
1.364
1.347
0.800
0.808
0.855
1.139
1.446
1.258
2.107
2.142
2.101
1.217
1.208
1.227
1.442
1.569
1.537
1.467
1.693
1.687
0.999
1.071
1.040
1.006
1.385
1.349
1.189
1.496
1.384
1.148
1.571
1.255
1.101
1.204
1.190
1.275
1.389
1.343
1.146
1.206
1.268
1.065
1.145
1.097
1.338
1.437
1.313
0.766
0.816
0.796
1.437
1.478
1.451
1.815
1.843
1.826
1.648
1.625
1.734
1.883
1.991
2.005
1.271
1.325
1.371
0.851
0.896
0.884
0.559
0.681
0.638
0.713
0.733
0.730
1.979
2.023
2.028
1.011
1.333
1.272
0.792
0.815
0.775
0.878
0.916
0.920
1.261
1.284
1.379
0.620
0.658
0.678
1.185
1.293
1.288
0.760
0.793
0.853
1.493
1.642
1.601
0.764
0.764
0.785
1.732
1.644
1.765
2.018
2.044
2.111
1.287
1.336
1.346
1.786
1.894
2.046
1.523
1.545
1.592
1.109
1.072
1.155
1.191
1.287
1.282
0.901
0.930
0.974
1.175
1.216
1.250
1.243
1.298
1.343
1.410
1.558
1.423
1.653
1.683
1.717
1.062
1.140
1.137
1.438
1.705
1.596
1.356
1.511
1.459
0.627
0.615
0.697
0.802
0.834
0.813
0.949
0.987
1.000
1.416
2.249
1.658
1.822
1.816
1.869
0.862
0.871
0.899
1.467
1.483
1.479
1.115
1.162
1.127
1.199
1.256
1.278
2.498
2.492
2.592
2.057
1.963
2.057
1.669
1.666
1.671
