0.526
0.666
0.472
0.511
0.584
0.418
0.550
0.673
0.511
0.544
0.601
0.461
0.649
0.719
0.522
0.652
0.652
0.487
0.668
0.740
0.557
0.667
0.664
0.508
0.515
0.668
0.467
0.580
0.642
0.460
0.569
0.700
0.526
0.649
0.670
0.521
0.647
0.725
0.511
0.730
0.708
0.516
0.691
0.745
0.557
0.743
0.699
0.530
0.518
0.645
0.465
0.538
0.577
0.420
0.554
0.678
0.517
0.596
0.612
0.488
0.650
0.691
0.508
0.684
0.619
0.468
0.655
0.692
0.541
0.695
0.623
0.498
0.397
0.548
0.354
0.469
0.544
0.360
0.417
0.568
0.391
0.477
0.544
0.391
0.517
0.591
0.382
0.605
0.596
0.401
0.542
0.601
0.421
0.620
0.604
0.427
0.555
0.675
0.488
0.601
0.662
0.485
0.597
0.705
0.544
0.651
0.687
0.542
0.726
0.740
0.546
0.779
0.717
0.554
0.737
0.748
0.575
0.777
0.714
0.562
0.561
0.670
0.468
0.599
0.642
0.452
0.584
0.683
0.511
0.637
0.656
0.503
0.708
0.727
0.511
0.750
0.703
0.501
0.731
0.752
0.565
0.761
0.710
0.537
0.507
0.630
0.469
0.590
0.632
0.482
0.558
0.664
0.518
0.634
0.645
0.523
0.606
0.625
0.482
0.702
0.634
0.498
0.657
0.664
0.531
0.697
0.638
0.509
0.686
0.789
0.609
0.681
0.733
0.563
0.720
0.808
0.665
0.725
0.753
0.625
0.818
0.825
0.653
0.827
0.782
0.616
0.844
0.835
0.686
0.828
0.777
0.635
0.530
0.667
0.491
0.619
0.662
0.504
0.575
0.702
0.541
0.666
0.702
0.565
0.653
0.679
0.524
0.769
0.690
0.559
0.690
0.708
0.565
0.759
0.704
0.574
0.391
0.514
0.342
0.447
0.488
0.324
0.399
0.504
0.363
0.456
0.472
0.341
0.484
0.514
0.338
0.580
0.529
0.355
0.533
0.556
0.401
0.627
0.575
0.414
0.552
0.664
0.464
0.535
0.574
0.408
0.592
0.685
0.518
0.613
0.616
0.476
0.665
0.712
0.515
0.676
0.631
0.481
0.685
0.749
0.568
0.696
0.654
0.522
0.557
0.674
0.469
0.658
0.685
0.499
0.630
0.720
0.548
0.795
0.759
0.613
0.680
0.741
0.528
0.825
0.755
0.582
0.728
0.771
0.596
0.870
0.790
0.643
0.567
0.664
0.470
0.603
0.602
0.440
0.608
0.703
0.532
0.703
0.662
0.533
0.680
0.715
0.523
0.747
0.642
0.499
0.682
0.725
0.568
0.765
0.660
0.548
0.454
0.552
0.360
0.539
0.562
0.387
0.496
0.600
0.423
0.612
0.607
0.464
0.565
0.605
0.405
0.681
0.609
0.447
0.592
0.625
0.461
0.688
0.632
0.484
0.578
0.677
0.483
0.652
0.667
0.492
0.627
0.718
0.550
0.738
0.716
0.572
0.729
0.738
0.543
0.822
0.708
0.570
0.739
0.764
0.595
0.825
0.729
0.598
0.609
0.679
0.468
0.640
0.632
0.444
0.647
0.703
0.522
0.729
0.676
0.522
0.740
0.735
0.521
0.781
0.676
0.497
0.764
0.764
0.586
0.816
0.714
0.565
0.547
0.641
0.484
0.702
0.697
0.559
0.608
0.693
0.551
0.803
0.735
0.637
0.638
0.650
0.507
0.801
0.670
0.573
0.675
0.695
0.561
0.821
0.693
0.608
0.721
0.796
0.607
0.749
0.750
0.582
0.765
0.832
0.674
0.847
0.811
0.679
0.835
0.831
0.656
0.898
0.790
0.646
0.875
0.869
0.721
0.904
0.808
0.688
0.568
0.687
0.504
0.698
0.708
0.549
0.625
0.736
0.570
0.782
0.763
0.630
0.680
0.711
0.551
0.838
0.727
0.611
0.719
0.750
0.609
0.871
0.780
0.672
0.428
0.506
0.339
0.472
0.469
0.310
0.462
0.514
0.379
0.544
0.491
0.366
0.519
0.515
0.346
0.605
0.502
0.354
0.584
0.573
0.431
0.676
0.577
0.441
0.527
0.681
0.475
0.509
0.584
0.417
0.576
0.706
0.526
0.563
0.608
0.463
0.621
0.735
0.521
0.633
0.636
0.472
0.677
0.775
0.572
0.675
0.672
0.515
0.523
0.693
0.478
0.572
0.641
0.452
0.607
0.746
0.555
0.659
0.680
0.522
0.625
0.772
0.532
0.703
0.693
0.499
0.705
0.793
0.586
0.760
0.720
0.548
0.535
0.663
0.469
0.573
0.610
0.445
0.582
0.705
0.526
0.645
0.647
0.511
0.630
0.719
0.513
0.704
0.637
0.487
0.668
0.731
0.557
0.741
0.670
0.542
0.415
0.562
0.358
0.495
0.566
0.382
0.464
0.605
0.413
0.536
0.584
0.427
0.503
0.623
0.392
0.616
0.605
0.416
0.568
0.639
0.445
0.647
0.632
0.460
0.556
0.701
0.497
0.633
0.702
0.520
0.622
0.746
0.561
0.710
0.735
0.584
0.694
0.775
0.550
0.800
0.748
0.585
0.747
0.794
0.598
0.834
0.767
0.617
0.578
0.690
0.477
0.616
0.654
0.463
0.622
0.725
0.531
0.670
0.674
0.514
0.681
0.762
0.526
0.739
0.687
0.493
0.736
0.793
0.587
0.791
0.735
0.569
0.511
0.650
0.482
0.652
0.695
0.548
0.593
0.708
0.554
0.723
0.713
0.597
0.596
0.667
0.508
0.738
0.675
0.552
0.674
0.717
0.567
0.787
0.710
0.592
0.675
0.799
0.601
0.704
0.759
0.582
0.733
0.836
0.665
0.780
0.800
0.656
0.774
0.842
0.643
0.842
0.799
0.629
0.842
0.871
0.700
0.858
0.811
0.661
0.536
0.696
0.503
0.640
0.686
0.526
0.605
0.747
0.566
0.699
0.723
0.585
0.629
0.718
0.539
0.764
0.702
0.570
0.707
0.763
0.597
0.807
0.744
0.619
0.390
0.524
0.343
0.453
0.490
0.325
0.433
0.533
0.381
0.490
0.487
0.355
0.458
0.539
0.345
0.571
0.513
0.349
0.552
0.590
0.420
0.659
0.589
0.432
0.565
0.708
0.481
0.579
0.636
0.461
0.597
0.708
0.525
0.645
0.663
0.526
0.674
0.761
0.543
0.716
0.697
0.535
0.686
0.814
0.597
0.732
0.726
0.573
0.572
0.716
0.490
0.668
0.714
0.519
0.641
0.748
0.561
0.783
0.757
0.614
0.692
0.788
0.557
0.817
0.780
0.591
0.701
0.834
0.612
0.851
0.802
0.635
0.558
0.683
0.468
0.642
0.687
0.499
0.595
0.700
0.518
0.744
0.725
0.590
0.663
0.733
0.520
0.785
0.731
0.556
0.660
0.770
0.573
0.800
0.736
0.594
0.456
0.581
0.364
0.540
0.609
0.411
0.482
0.600
0.410
0.582
0.628
0.464
0.557
0.631
0.411
0.676
0.668
0.468
0.568
0.674
0.467
0.664
0.678
0.491
0.595
0.716
0.500
0.690
0.751
0.553
0.639
0.735
0.555
0.768
0.782
0.626
0.744
0.786
0.571
0.866
0.808
0.631
0.732
0.822
0.617
0.853
0.830
0.656
0.613
0.714
0.481
0.659
0.709
0.496
0.643
0.727
0.531
0.721
0.724
0.559
0.732
0.778
0.542
0.799
0.763
0.551
0.731
0.833
0.610
0.815
0.793
0.603
0.555
0.668
0.493
0.689
0.698
0.553
0.617
0.707
0.550
0.770
0.720
0.613
0.642
0.683
0.522
0.785
0.687
0.565
0.668
0.748
0.584
0.806
0.725
0.610
0.744
0.833
0.626
0.770
0.801
0.623
0.785
0.849
0.684
0.864
0.849
0.718
0.856
0.876
0.683
0.925
0.855
0.694
0.862
0.911
0.733
0.916
0.859
0.714
0.587
0.729
0.528
0.705
0.733
0.569
0.642
0.765
0.584
0.783
0.776
0.647
0.695
0.763
0.582
0.853
0.757
0.629
0.717
0.812
0.634
0.847
0.789
0.663
0.446
0.545
0.363
0.482
0.492
0.329
0.469
0.536
0.396
0.520
0.482
0.359
0.519
0.558
0.374
0.608
0.528
0.366
0.551
0.641
0.461
0.668
0.600
0.442
0.556
0.680
0.464
0.563
0.597
0.435
0.599
0.685
0.507
0.618
0.619
0.483
0.671
0.728
0.517
0.686
0.650
0.498
0.710
0.752
0.565
0.707
0.673
0.532
0.571
0.694
0.476
0.640
0.663
0.476
0.648
0.734
0.546
0.749
0.707
0.558
0.689
0.768
0.535
0.769
0.705
0.528
0.743
0.764
0.582
0.819
0.732
0.576
0.579
0.685
0.482
0.622
0.633
0.465
0.624
0.710
0.530
0.709
0.675
0.541
0.693
0.741
0.533
0.751
0.670
0.514
0.724
0.725
0.571
0.786
0.689
0.562
0.469
0.570
0.366
0.579
0.597
0.428
0.507
0.596
0.409
0.642
0.626
0.488
0.581
0.623
0.408
0.705
0.636
0.476
0.619
0.611
0.445
0.711
0.641
0.494
0.586
0.683
0.477
0.690
0.702
0.524
0.648
0.720
0.535
0.771
0.736
0.589
0.750
0.754
0.542
0.843
0.750
0.591
0.795
0.753
0.588
0.867
0.771
0.622
0.638
0.720
0.502
0.700
0.704
0.517
0.679
0.733
0.546
0.776
0.732
0.583
0.757
0.773
0.547
0.835
0.750
0.567
0.805
0.785
0.605
0.872
0.773
0.617
0.587
0.676
0.510
0.720
0.711
0.570
0.649
0.714
0.562
0.815
0.742
0.634
0.678
0.683
0.526
0.821
0.703
0.588
0.739
0.708
0.579
0.844
0.727
0.619
0.761
0.838
0.640
0.788
0.795
0.628
0.817
0.869
0.702
0.865
0.830
0.701
0.889
0.891
0.702
0.926
0.840
0.689
0.934
0.896
0.745
0.943
0.854
0.723
0.601
0.720
0.527
0.711
0.716
0.560
0.670
0.762
0.585
0.789
0.756
0.624
0.719
0.755
0.575
0.848
0.739
0.615
0.780
0.766
0.621
0.875
0.770
0.657
0.420
0.497
0.326
0.480
0.465
0.316
0.459
0.496
0.355
0.527
0.459
0.339
0.512
0.516
0.334
0.596
0.492
0.344
0.595
0.554
0.410
0.674
0.563
0.423
0.593
0.745
0.528
0.571
0.639
0.471
0.637
0.730
0.558
0.606
0.623
0.491
0.727
0.797
0.576
0.708
0.688
0.517
0.792
0.841
0.645
0.761
0.726
0.577
0.559
0.745
0.512
0.601
0.667
0.475
0.638
0.744
0.551
0.689
0.663
0.516
0.696
0.796
0.548
0.751
0.711
0.510
0.795
0.851
0.641
0.830
0.748
0.580
0.577
0.739
0.525
0.599
0.642
0.474
0.625
0.740
0.565
0.669
0.645
0.524
0.705
0.787
0.570
0.753
0.674
0.510
0.760
0.818
0.636
0.813
0.712
0.579
0.493
0.654
0.432
0.532
0.599
0.412
0.532
0.642
0.452
0.549
0.569
0.417
0.632
0.702
0.463
0.670
0.640
0.432
0.704
0.732
0.537
0.732
0.683
0.505
0.620
0.782
0.554
0.672
0.761
0.550
0.688
0.779
0.594
0.739
0.745
0.584
0.810
0.853
0.615
0.861
0.804
0.600
0.861
0.878
0.678
0.910
0.831
0.652
0.641
0.789
0.556
0.646
0.701
0.507
0.686
0.780
0.587
0.708
0.694
0.543
0.793
0.857
0.606
0.804
0.744
0.535
0.866
0.909
0.692
0.886
0.805
0.629
0.546
0.705
0.511
0.647
0.697
0.537
0.630
0.710
0.551
0.712
0.681
0.559
0.651
0.705
0.529
0.756
0.674
0.530
0.753
0.767
0.607
0.816
0.720
0.588
0.712
0.830
0.623
0.726
0.768
0.593
0.761
0.818
0.658
0.778
0.758
0.631
0.847
0.861
0.661
0.871
0.798
0.624
0.925
0.895
0.730
0.913
0.820
0.676
0.598
0.755
0.548
0.708
0.761
0.589
0.673
0.760
0.586
0.786
0.781
0.643
0.743
0.778
0.591
0.866
0.780
0.632
0.835
0.822
0.662
0.919
0.830
0.694
0.473
0.644
0.443
0.505
0.550
0.384
0.512
0.605
0.442
0.547
0.511
0.382
0.575
0.644
0.433
0.643
0.565
0.391
0.670
0.713
0.524
0.746
0.647
0.486
0.547
0.690
0.472
0.556
0.609
0.433
0.592
0.698
0.516
0.600
0.620
0.475
0.645
0.745
0.520
0.668
0.654
0.486
0.677
0.772
0.562
0.700
0.675
0.517
0.526
0.705
0.473
0.633
0.680
0.481
0.605
0.737
0.537
0.731
0.711
0.560
0.610
0.778
0.518
0.758
0.733
0.535
0.668
0.807
0.570
0.801
0.732
0.560
0.535
0.668
0.457
0.605
0.645
0.463
0.581
0.692
0.508
0.689
0.676
0.545
0.610
0.720
0.495
0.730
0.675
0.507
0.641
0.741
0.539
0.767
0.688
0.547
0.417
0.571
0.346
0.505
0.555
0.363
0.458
0.588
0.390
0.528
0.553
0.396
0.494
0.627
0.378
0.618
0.591
0.397
0.549
0.644
0.426
0.651
0.618
0.434
0.569
0.713
0.492
0.687
0.730
0.532
0.634
0.741
0.550
0.752
0.752
0.591
0.693
0.791
0.548
0.839
0.783
0.598
0.716
0.796
0.581
0.857
0.782
0.613
0.578
0.694
0.470
0.650
0.668
0.475
0.626
0.715
0.518
0.696
0.671
0.523
0.671
0.768
0.516
0.765
0.700
0.508
0.714
0.794
0.572
0.807
0.728
0.561
0.503
0.650
0.461
0.664
0.692
0.528
0.576
0.689
0.515
0.732
0.707
0.577
0.563
0.668
0.478
0.735
0.676
0.531
0.625
0.711
0.530
0.753
0.673
0.540
0.697
0.810
0.603
0.741
0.765
0.585
0.753
0.828
0.660
0.790
0.776
0.643
0.787
0.849
0.644
0.864
0.792
0.629
0.833
0.861
0.682
0.869
0.797
0.647
0.538
0.704
0.496
0.677
0.707
0.535
0.610
0.741
0.551
0.732
0.735
0.590
0.622
0.730
0.531
0.783
0.715
0.568
0.674
0.754
0.569
0.801
0.733
0.592
0.406
0.532
0.340
0.480
0.495
0.321
0.450
0.535
0.376
0.512
0.487
0.349
0.458
0.550
0.341
0.578
0.522
0.344
0.533
0.601
0.409
0.656
0.580
0.410
0.527
0.680
0.467
0.523
0.600
0.426
0.566
0.679
0.506
0.594
0.618
0.488
0.616
0.738
0.519
0.644
0.659
0.491
0.685
0.794
0.587
0.708
0.709
0.555
0.513
0.683
0.463
0.608
0.688
0.489
0.588
0.697
0.521
0.725
0.715
0.575
0.594
0.761
0.519
0.741
0.744
0.547
0.688
0.808
0.589
0.813
0.777
0.602
0.522
0.662
0.457
0.571
0.613
0.444
0.567
0.679
0.502
0.666
0.643
0.522
0.587
0.731
0.509
0.704
0.650
0.495
0.650
0.761
0.566
0.763
0.691
0.563
0.432
0.575
0.364
0.520
0.586
0.404
0.469
0.583
0.402
0.573
0.590
0.455
0.518
0.633
0.404
0.645
0.633
0.451
0.574
0.659
0.459
0.677
0.656
0.490
0.555
0.709
0.494
0.626
0.719
0.515
0.608
0.717
0.538
0.716
0.737
0.589
0.668
0.787
0.554
0.789
0.781
0.590
0.737
0.832
0.621
0.842
0.810
0.639
0.564
0.692
0.470
0.619
0.665
0.476
0.606
0.698
0.510
0.687
0.674
0.536
0.646
0.761
0.517
0.744
0.699
0.515
0.719
0.814
0.594
0.808
0.757
0.593
0.505
0.650
0.478
0.675
0.701
0.565
0.582
0.678
0.530
0.760
0.707
0.623
0.567
0.669
0.502
0.759
0.676
0.573
0.662
0.729
0.566
0.813
0.731
0.621
0.698
0.806
0.611
0.723
0.755
0.590
0.756
0.825
0.668
0.803
0.778
0.663
0.786
0.852
0.660
0.861
0.789
0.644
0.858
0.885
0.717
0.894
0.819
0.689
0.538
0.698
0.505
0.640
0.693
0.534
0.605
0.727
0.557
0.720
0.720
0.602
0.622
0.733
0.549
0.771
0.712
0.592
0.708
0.786
0.612
0.823
0.770
0.650
0.384
0.526
0.345
0.451
0.487
0.327
0.427
0.512
0.368
0.502
0.467
0.358
0.446
0.537
0.347
0.570
0.506
0.357
0.561
0.617
0.443
0.680
0.598
0.452
0.516
0.688
0.488
0.504
0.593
0.432
0.558
0.673
0.520
0.559
0.595
0.471
0.639
0.729
0.527
0.650
0.641
0.489
0.687
0.765
0.581
0.694
0.677
0.539
0.499
0.707
0.483
0.575
0.665
0.476
0.572
0.694
0.528
0.681
0.685
0.547
0.632
0.747
0.517
0.738
0.708
0.524
0.714
0.774
0.580
0.799
0.741
0.581
0.502
0.674
0.477
0.532
0.608
0.439
0.547
0.670
0.514
0.607
0.609
0.491
0.630
0.703
0.509
0.693
0.632
0.479
0.670
0.722
0.558
0.741
0.665
0.536
0.395
0.590
0.375
0.486
0.586
0.405
0.439
0.580
0.406
0.542
0.591
0.449
0.519
0.618
0.398
0.641
0.626
0.444
0.577
0.630
0.445
0.667
0.642
0.479
0.540
0.725
0.513
0.599
0.699
0.504
0.602
0.721
0.554
0.678
0.698
0.553
0.711
0.772
0.557
0.784
0.727
0.557
0.757
0.792
0.603
0.820
0.754
0.596
0.540
0.702
0.483
0.592
0.669
0.475
0.582
0.685
0.513
0.660
0.671
0.527
0.694
0.746
0.518
0.756
0.703
0.511
0.758
0.776
0.582
0.813
0.750
0.585
0.490
0.654
0.480
0.628
0.675
0.534
0.562
0.658
0.523
0.713
0.686
0.586
0.593
0.648
0.494
0.747
0.661
0.549
0.680
0.708
0.559
0.785
0.695
0.582
0.659
0.812
0.611
0.692
0.762
0.591
0.711
0.804
0.654
0.776
0.777
0.658
0.791
0.826
0.640
0.865
0.802
0.647
0.851
0.855
0.698
0.888
0.826
0.688
0.510
0.696
0.503
0.633
0.703
0.544
0.576
0.704
0.544
0.712
0.729
0.603
0.637
0.695
0.527
0.786
0.708
0.584
0.696
0.732
0.576
0.821
0.750
0.630
0.378
0.543
0.358
0.424
0.493
0.325
0.412
0.507
0.367
0.478
0.471
0.350
0.480
0.530
0.342
0.575
0.509
0.349
0.565
0.573
0.412
0.655
0.581
0.429
0.503
0.408
0.309
0.494
0.433
0.329
0.572
0.410
0.362
0.511
0.415
0.358
0.617
0.456
0.356
0.555
0.469
0.347
0.669
0.486
0.392
0.657
0.496
0.406
0.580
0.506
0.399
0.571
0.589
0.445
0.659
0.534
0.465
0.605
0.604
0.492
0.699
0.572
0.462
0.648
0.656
0.480
0.762
0.610
0.509
0.728
0.671
0.538
0.494
0.418
0.305
0.476
0.436
0.320
0.565
0.419
0.361
0.496
0.433
0.360
0.602
0.470
0.347
0.528
0.497
0.343
0.653
0.501
0.395
0.632
0.515
0.412
0.597
0.503
0.412
0.556
0.503
0.412
0.675
0.518
0.476
0.585
0.499
0.449
0.729
0.576
0.470
0.640
0.570
0.449
0.787
0.624
0.538
0.738
0.610
0.526
0.566
0.476
0.363
0.534
0.484
0.367
0.650
0.478
0.418
0.587
0.473
0.412
0.702
0.545
0.420
0.635
0.541
0.409
0.754
0.585
0.466
0.729
0.567
0.468
0.531
0.458
0.317
0.508
0.467
0.332
0.583
0.461
0.360
0.521
0.461
0.366
0.645
0.513
0.356
0.572
0.532
0.354
0.689
0.545
0.405
0.671
0.535
0.417
0.504
0.446
0.326
0.477
0.486
0.362
0.608
0.468
0.390
0.521
0.485
0.398
0.587
0.498
0.365
0.492
0.552
0.379
0.679
0.528
0.417
0.656
0.563
0.453
0.557
0.478
0.343
0.551
0.482
0.362
0.618
0.477
0.400
0.584
0.478
0.413
0.658
0.522
0.378
0.612
0.542
0.380
0.700
0.551
0.417
0.699
0.542
0.435
0.518
0.432
0.333
0.500
0.473
0.355
0.601
0.445
0.391
0.531
0.471
0.397
0.626
0.477
0.373
0.549
0.528
0.379
0.705
0.526
0.431
0.689
0.556
0.456
0.522
0.471
0.338
0.517
0.496
0.363
0.566
0.444
0.372
0.523
0.475
0.387
0.612
0.506
0.367
0.586
0.564
0.397
0.671
0.554
0.418
0.678
0.595
0.462
0.516
0.414
0.302
0.516
0.442
0.334
0.552
0.401
0.322
0.509
0.415
0.333
0.628
0.473
0.336
0.587
0.487
0.340
0.688
0.498
0.382
0.700
0.524
0.418
0.597
0.513
0.392
0.595
0.606
0.456
0.659
0.532
0.435
0.615
0.618
0.476
0.713
0.590
0.445
0.671
0.690
0.488
0.789
0.627
0.506
0.761
0.711
0.557
0.508
0.414
0.297
0.509
0.445
0.327
0.555
0.409
0.322
0.508
0.441
0.335
0.618
0.478
0.330
0.564
0.520
0.346
0.675
0.501
0.387
0.677
0.544
0.422
0.620
0.516
0.414
0.590
0.515
0.422
0.675
0.526
0.449
0.598
0.507
0.426
0.759
0.601
0.470
0.682
0.587
0.448
0.817
0.635
0.541
0.778
0.629
0.532
0.564
0.468
0.344
0.556
0.488
0.368
0.617
0.460
0.370
0.577
0.476
0.378
0.700
0.549
0.390
0.659
0.564
0.396
0.752
0.571
0.439
0.758
0.589
0.466
0.547
0.452
0.313
0.538
0.478
0.345
0.583
0.450
0.331
0.529
0.470
0.348
0.656
0.520
0.344
0.596
0.547
0.357
0.708
0.539
0.399
0.703
0.560
0.428
0.517
0.445
0.329
0.505
0.513
0.382
0.599
0.457
0.365
0.527
0.506
0.392
0.595
0.508
0.354
0.525
0.586
0.395
0.711
0.542
0.421
0.702
0.614
0.478
0.571
0.471
0.342
0.565
0.486
0.362
0.601
0.462
0.365
0.574
0.484
0.382
0.662
0.519
0.360
0.630
0.558
0.372
0.715
0.541
0.408
0.721
0.568
0.436
0.526
0.444
0.329
0.517
0.481
0.357
0.582
0.447
0.357
0.531
0.479
0.371
0.631
0.500
0.355
0.579
0.552
0.375
0.723
0.547
0.424
0.725
0.588
0.461
0.526
0.447
0.322
0.536
0.494
0.365
0.548
0.416
0.329
0.527
0.476
0.365
0.616
0.493
0.339
0.609
0.568
0.389
0.684
0.537
0.399
0.710
0.610
0.462
0.438
0.351
0.281
0.420
0.393
0.299
0.522
0.340
0.327
0.465
0.385
0.325
0.531
0.385
0.293
0.488
0.450
0.298
0.635
0.406
0.384
0.610
0.472
0.393
0.513
0.448
0.372
0.490
0.518
0.399
0.618
0.464
0.437
0.546
0.543
0.437
0.622
0.506
0.408
0.566
0.597
0.411
0.733
0.531
0.505
0.674
0.615
0.505
0.428
0.359
0.273
0.409
0.401
0.291
0.514
0.346
0.320
0.451
0.407
0.316
0.516
0.405
0.286
0.467
0.477
0.297
0.608
0.412
0.379
0.587
0.491
0.390
0.531
0.430
0.374
0.473
0.448
0.363
0.630
0.443
0.435
0.534
0.450
0.398
0.645
0.490
0.406
0.566
0.524
0.382
0.745
0.522
0.511
0.676
0.552
0.482
0.478
0.392
0.317
0.453
0.430
0.332
0.569
0.389
0.364
0.522
0.430
0.365
0.591
0.453
0.340
0.553
0.511
0.347
0.687
0.470
0.430
0.664
0.532
0.436
0.465
0.375
0.289
0.435
0.418
0.305
0.533
0.360
0.325
0.474
0.421
0.327
0.547
0.418
0.298
0.495
0.495
0.307
0.637
0.424
0.389
0.611
0.500
0.402
0.427
0.361
0.291
0.420
0.445
0.342
0.553
0.378
0.352
0.479
0.459
0.371
0.492
0.404
0.304
0.450
0.530
0.345
0.635
0.422
0.394
0.614
0.543
0.447
0.486
0.392
0.311
0.457
0.416
0.317
0.555
0.372
0.355
0.512
0.421
0.354
0.558
0.419
0.309
0.519
0.493
0.317
0.651
0.424
0.396
0.625
0.493
0.401
0.449
0.370
0.298
0.438
0.421
0.322
0.545
0.369
0.350
0.501
0.431
0.361
0.529
0.404
0.306
0.508
0.497
0.333
0.663
0.445
0.416
0.649
0.530
0.443
0.447
0.385
0.299
0.450
0.448
0.339
0.504
0.354
0.328
0.477
0.441
0.360
0.512
0.414
0.296
0.517
0.526
0.351
0.618
0.442
0.392
0.620
0.560
0.446
0.524
0.386
0.312
0.520
0.429
0.331
0.582
0.362
0.353
0.533
0.396
0.360
0.612
0.410
0.338
0.581
0.463
0.340
0.689
0.460
0.404
0.685
0.488
0.423
0.602
0.487
0.404
0.598
0.588
0.447
0.674
0.490
0.464
0.617
0.573
0.483
0.702
0.537
0.453
0.680
0.647
0.473
0.780
0.596
0.523
0.759
0.670
0.556
0.507
0.389
0.305
0.507
0.441
0.326
0.562
0.361
0.345
0.522
0.412
0.356
0.588
0.427
0.329
0.553
0.507
0.343
0.663
0.478
0.406
0.663
0.522
0.432
0.627
0.490
0.424
0.584
0.497
0.408
0.694
0.482
0.476
0.610
0.471
0.443
0.736
0.539
0.468
0.659
0.560
0.435
0.805
0.603
0.551
0.749
0.590
0.523
0.582
0.449
0.367
0.565
0.490
0.376
0.654
0.428
0.410
0.613
0.460
0.414
0.692
0.497
0.404
0.664
0.555
0.407
0.763
0.549
0.473
0.763
0.578
0.493
0.546
0.422
0.323
0.530
0.466
0.330
0.584
0.391
0.352
0.532
0.433
0.354
0.630
0.458
0.346
0.589
0.522
0.343
0.701
0.510
0.419
0.691
0.527
0.428
0.511
0.402
0.328
0.500
0.483
0.366
0.608
0.400
0.381
0.535
0.466
0.397
0.560
0.436
0.345
0.519
0.551
0.378
0.687
0.491
0.424
0.685
0.572
0.476
0.585
0.449
0.357
0.558
0.461
0.347
0.635
0.420
0.404
0.588
0.441
0.394
0.653
0.465
0.370
0.618
0.522
0.362
0.721
0.512
0.435
0.709
0.519
0.435
0.533
0.405
0.333
0.531
0.460
0.350
0.606
0.391
0.381
0.566
0.443
0.392
0.610
0.430
0.350
0.588
0.516
0.366
0.713
0.504
0.436
0.722
0.545
0.461
0.526
0.416
0.332
0.530
0.487
0.359
0.556
0.373
0.354
0.527
0.451
0.380
0.585
0.438
0.336
0.592
0.546
0.379
0.672
0.510
0.416
0.683
0.583
0.464
0.492
0.377
0.292
0.490
0.412
0.325
0.549
0.373
0.336
0.504
0.398
0.347
0.606
0.440
0.335
0.576
0.475
0.350
0.676
0.476
0.393
0.701
0.509
0.432
0.561
0.460
0.373
0.549
0.552
0.423
0.635
0.485
0.433
0.584
0.577
0.464
0.678
0.536
0.428
0.644
0.646
0.467
0.771
0.592
0.510
0.761
0.682
0.565
0.481
0.389
0.287
0.482
0.424
0.326
0.537
0.384
0.330
0.493
0.428
0.355
0.588
0.457
0.325
0.558
0.510
0.359
0.651
0.489
0.391
0.678
0.538
0.443
0.567
0.451
0.376
0.534
0.456
0.382
0.629
0.458
0.426
0.556
0.452
0.405
0.692
0.528
0.427
0.631
0.531
0.413
0.759
0.578
0.507
0.742
0.576
0.508
0.562
0.446
0.357
0.546
0.464
0.372
0.637
0.446
0.403
0.594
0.465
0.410
0.704
0.540
0.414
0.678
0.567
0.427
0.762
0.571
0.473
0.789
0.599
0.510
0.519
0.404
0.300
0.507
0.433
0.329
0.560
0.401
0.331
0.512
0.434
0.350
0.624
0.475
0.333
0.581
0.523
0.358
0.690
0.508
0.401
0.702
0.539
0.438
0.482
0.388
0.303
0.475
0.474
0.365
0.571
0.405
0.354
0.511
0.477
0.391
0.566
0.444
0.337
0.519
0.562
0.394
0.675
0.490
0.406
0.690
0.591
0.485
0.537
0.417
0.322
0.536
0.432
0.343
0.589
0.413
0.367
0.566
0.437
0.382
0.633
0.471
0.349
0.617
0.516
0.369
0.696
0.502
0.406
0.722
0.528
0.440
0.500
0.400
0.315
0.496
0.454
0.351
0.569
0.407
0.360
0.529
0.470
0.391
0.602
0.454
0.348
0.582
0.543
0.390
0.699
0.517
0.426
0.734
0.582
0.489
0.498
0.404
0.307
0.508
0.473
0.358
0.533
0.386
0.334
0.511
0.469
0.381
0.585
0.454
0.331
0.602
0.570
0.403
0.667
0.515
0.402
0.710
0.606
0.482
0.506
0.383
0.305
0.503
0.411
0.326
0.554
0.377
0.336
0.525
0.403
0.356
0.610
0.445
0.334
0.569
0.473
0.338
0.680
0.476
0.385
0.682
0.488
0.414
0.593
0.480
0.404
0.583
0.579
0.453
0.666
0.515
0.461
0.621
0.603
0.500
0.710
0.560
0.452
0.670
0.662
0.487
0.787
0.603
0.512
0.760
0.677
0.558
0.494
0.402
0.298
0.494
0.427
0.319
0.534
0.402
0.327
0.504
0.431
0.348
0.586
0.466
0.316
0.539
0.507
0.332
0.646
0.500
0.378
0.659
0.519
0.414
0.577
0.450
0.385
0.537
0.452
0.377
0.636
0.459
0.428
0.563
0.452
0.410
0.701
0.538
0.429
0.613
0.537
0.403
0.766
0.572
0.498
0.719
0.551
0.490
0.572
0.453
0.367
0.556
0.473
0.375
0.637
0.454
0.404
0.602
0.475
0.419
0.704
0.542
0.409
0.656
0.568
0.411
0.764
0.569
0.461
0.753
0.572
0.483
0.530
0.423
0.310
0.518
0.443
0.324
0.553
0.428
0.329
0.514
0.443
0.349
0.625
0.497
0.329
0.566
0.529
0.337
0.678
0.530
0.390
0.680
0.529
0.417
0.486
0.404
0.316
0.497
0.487
0.373
0.575
0.427
0.365
0.538
0.496
0.406
0.565
0.465
0.338
0.523
0.567
0.385
0.674
0.506
0.404
0.691
0.574
0.466
0.556
0.432
0.338
0.543
0.444
0.345
0.592
0.424
0.369
0.570
0.450
0.388
0.639
0.483
0.346
0.598
0.527
0.354
0.701
0.515
0.399
0.700
0.523
0.428
0.516
0.403
0.328
0.511
0.455
0.357
0.584
0.411
0.370
0.549
0.469
0.402
0.614
0.461
0.351
0.576
0.541
0.380
0.716
0.518
0.427
0.718
0.555
0.468
0.511
0.407
0.324
0.530
0.480
0.369
0.528
0.392
0.339
0.534
0.480
0.396
0.588
0.461
0.333
0.606
0.569
0.400
0.665
0.521
0.401
0.697
0.595
0.467
0.462
0.352
0.275
0.452
0.394
0.300
0.526
0.360
0.316
0.484
0.406
0.333
0.560
0.406
0.300
0.522
0.433
0.311
0.607
0.426
0.354
0.610
0.458
0.384
0.543
0.448
0.374
0.547
0.545
0.428
0.623
0.482
0.433
0.595
0.592
0.480
0.655
0.527
0.421
0.627
0.618
0.459
0.719
0.561
0.489
0.691
0.625
0.520
0.453
0.364
0.271
0.443
0.402
0.297
0.514
0.368
0.307
0.474
0.426
0.330
0.541
0.424
0.292
0.495
0.465
0.314
0.588
0.444
0.358
0.587
0.485
0.391
0.540
0.425
0.361
0.497
0.437
0.357
0.611
0.437
0.410
0.538
0.449
0.391
0.654
0.498
0.400
0.587
0.493
0.384
0.697
0.522
0.470
0.652
0.517
0.457
0.519
0.405
0.328
0.501
0.439
0.344
0.584
0.403
0.363
0.562
0.452
0.384
0.629
0.482
0.358
0.610
0.506
0.379
0.679
0.509
0.417
0.686
0.527
0.443
0.495
0.382
0.289
0.486
0.425
0.318
0.534
0.380
0.313
0.509
0.444
0.345
0.579
0.444
0.305
0.546
0.485
0.332
0.621
0.465
0.368
0.625
0.492
0.402
0.445
0.369
0.290
0.454
0.458
0.352
0.545
0.394
0.341
0.496
0.488
0.391
0.510
0.425
0.306
0.467
0.519
0.360
0.618
0.454
0.379
0.610
0.539
0.444
0.518
0.397
0.316
0.509
0.432
0.338
0.569
0.393
0.354
0.557
0.455
0.384
0.595
0.442
0.323
0.577
0.490
0.350
0.642
0.459
0.382
0.651
0.495
0.413
0.468
0.371
0.295
0.463
0.422
0.327
0.547
0.384
0.339
0.515
0.452
0.371
0.551
0.418
0.307
0.519
0.479
0.345
0.636
0.466
0.388
0.642
0.511
0.432
0.469
0.380
0.297
0.482
0.450
0.344
0.506
0.361
0.315
0.501
0.459
0.368
0.537
0.421
0.299
0.549
0.508
0.365
0.606
0.467
0.372
0.623
0.546
0.441
0.467
0.421
0.290
0.455
0.446
0.305
0.518
0.408
0.324
0.469
0.442
0.327
0.556
0.460
0.321
0.508
0.491
0.321
0.622
0.502
0.389
0.639
0.541
0.415
0.549
0.512
0.386
0.549
0.594
0.432
0.615
0.525
0.433
0.575
0.614
0.461
0.638
0.576
0.434
0.600
0.655
0.453
0.730
0.628
0.523
0.724
0.711
0.554
0.457
0.429
0.285
0.452
0.460
0.306
0.509
0.421
0.321
0.471
0.477
0.337
0.531
0.472
0.313
0.480
0.525
0.327
0.601
0.515
0.393
0.622
0.569
0.422
0.521
0.464
0.349
0.490
0.481
0.357
0.580
0.467
0.393
0.507
0.482
0.380
0.621
0.523
0.389
0.551
0.536
0.377
0.698
0.570
0.481
0.670
0.580
0.475
0.516
0.470
0.334
0.508
0.506
0.360
0.573
0.464
0.369
0.551
0.519
0.397
0.625
0.534
0.377
0.599
0.580
0.400
0.696
0.580
0.452
0.723
0.625
0.490
0.491
0.444
0.298
0.483
0.470
0.318
0.522
0.433
0.323
0.487
0.480
0.338
0.565
0.484
0.318
0.528
0.530
0.337
0.630
0.525
0.400
0.656
0.567
0.433
0.455
0.429
0.307
0.454
0.513
0.362
0.540
0.438
0.355
0.488
0.529
0.390
0.504
0.478
0.328
0.454
0.580
0.370
0.625
0.524
0.415
0.638
0.632
0.483
0.519
0.465
0.326
0.518
0.490
0.346
0.563
0.459
0.367
0.548
0.509
0.389
0.585
0.499
0.344
0.562
0.552
0.363
0.658
0.538
0.416
0.681
0.578
0.444
0.489
0.451
0.319
0.481
0.478
0.338
0.551
0.447
0.356
0.509
0.492
0.369
0.557
0.488
0.338
0.520
0.543
0.358
0.671
0.561
0.442
0.688
0.602
0.471
0.476
0.456
0.316
0.484
0.497
0.348
0.503
0.424
0.332
0.480
0.489
0.360
0.531
0.487
0.324
0.532
0.555
0.370
0.623
0.554
0.418
0.651
0.628
0.472
0.506
0.413
0.305
0.506
0.429
0.325
0.545
0.396
0.333
0.494
0.398
0.337
0.612
0.462
0.335
0.563
0.467
0.335
0.676
0.484
0.396
0.664
0.490
0.415
0.578
0.504
0.391
0.578
0.573
0.431
0.640
0.518
0.436
0.590
0.584
0.462
0.690
0.573
0.437
0.656
0.651
0.467
0.770
0.607
0.511
0.737
0.654
0.533
0.494
0.424
0.299
0.493
0.449
0.318
0.536
0.409
0.329
0.478
0.437
0.336
0.592
0.480
0.329
0.537
0.523
0.344
0.652
0.505
0.397
0.648
0.539
0.432
0.582
0.493
0.389
0.576
0.493
0.401
0.632
0.495
0.429
0.574
0.475
0.416
0.711
0.567
0.440
0.659
0.564
0.434
0.771
0.601
0.521
0.736
0.577
0.508
0.557
0.459
0.353
0.544
0.473
0.357
0.608
0.441
0.381
0.557
0.440
0.377
0.681
0.528
0.391
0.636
0.533
0.387
0.748
0.558
0.460
0.733
0.554
0.468
0.534
0.462
0.311
0.530
0.468
0.327
0.553
0.449
0.329
0.501
0.451
0.335
0.634
0.518
0.337
0.579
0.533
0.343
0.686
0.540
0.401
0.679
0.535
0.419
0.498
0.435
0.324
0.508
0.504
0.377
0.583
0.442
0.369
0.520
0.483
0.390
0.572
0.494
0.352
0.518
0.582
0.392
0.687
0.520
0.423
0.676
0.584
0.470
0.558
0.472
0.337
0.557
0.462
0.341
0.585
0.453
0.369
0.553
0.444
0.365
0.650
0.512
0.357
0.610
0.519
0.351
0.704
0.536
0.414
0.701
0.521
0.424
0.521
0.450
0.335
0.520
0.464
0.344
0.580
0.442
0.371
0.530
0.449
0.369
0.622
0.496
0.362
0.573
0.527
0.363
0.723
0.546
0.447
0.711
0.549
0.455
0.517
0.450
0.328
0.533
0.498
0.368
0.535
0.415
0.340
0.503
0.472
0.372
0.591
0.487
0.338
0.594
0.557
0.387
0.676
0.545
0.420
0.684
0.597
0.466
0.673
0.701
0.475
0.696
0.693
0.499
0.706
0.681
0.486
0.752
0.702
0.542
0.797
0.750
0.539
0.849
0.769
0.592
0.830
0.756
0.578
0.854
0.765
0.593
0.564
0.655
0.348
0.558
0.670
0.374
0.574
0.620
0.346
0.538
0.625
0.366
0.666
0.685
0.395
0.639
0.705
0.413
0.699
0.715
0.442
0.702
0.725
0.451
0.760
0.731
0.505
0.792
0.757
0.549
0.807
0.731
0.526
0.851
0.754
0.586
0.900
0.788
0.571
0.958
0.835
0.639
0.929
0.777
0.611
0.946
0.805
0.624
0.678
0.772
0.471
0.656
0.810
0.504
0.710
0.773
0.487
0.659
0.807
0.519
0.785
0.837
0.539
0.746
0.882
0.566
0.822
0.851
0.584
0.787
0.884
0.585
0.716
0.697
0.483
0.706
0.674
0.481
0.760
0.697
0.506
0.774
0.681
0.529
0.854
0.740
0.543
0.849
0.721
0.546
0.871
0.731
0.580
0.871
0.731
0.576
0.543
0.659
0.337
0.542
0.671
0.363
0.562
0.620
0.342
0.535
0.643
0.363
0.634
0.690
0.381
0.611
0.725
0.408
0.669
0.717
0.435
0.673
0.740
0.450
0.660
0.628
0.412
0.678
0.658
0.442
0.688
0.614
0.419
0.710
0.639
0.460
0.799
0.691
0.478
0.836
0.733
0.523
0.819
0.670
0.505
0.818
0.695
0.502
0.638
0.710
0.438
0.598
0.707
0.429
0.664
0.698
0.447
0.589
0.670
0.422
0.760
0.778
0.505
0.701
0.779
0.492
0.799
0.808
0.569
0.740
0.783
0.519
0.782
0.744
0.516
0.824
0.778
0.568
0.830
0.744
0.536
0.879
0.775
0.602
0.947
0.810
0.599
1.002
0.854
0.671
0.965
0.783
0.621
0.988
0.830
0.657
0.610
0.717
0.394
0.598
0.728
0.417
0.634
0.698
0.398
0.604
0.703
0.425
0.722
0.764
0.448
0.706
0.791
0.483
0.760
0.803
0.501
0.762
0.811
0.521
0.762
0.718
0.496
0.790
0.742
0.538
0.792
0.700
0.509
0.841
0.743
0.575
0.903
0.764
0.551
0.946
0.814
0.614
0.923
0.763
0.596
0.956
0.809
0.633
0.584
0.682
0.365
0.574
0.690
0.387
0.595
0.648
0.366
0.562
0.661
0.389
0.681
0.717
0.405
0.651
0.744
0.432
0.713
0.746
0.460
0.710
0.754
0.472
0.742
0.697
0.516
0.790
0.736
0.575
0.796
0.711
0.529
0.854
0.742
0.608
0.853
0.706
0.545
0.925
0.778
0.631
0.884
0.719
0.593
0.918
0.766
0.626
0.576
0.680
0.384
0.545
0.701
0.410
0.622
0.683
0.390
0.554
0.685
0.411
0.642
0.726
0.417
0.587
0.769
0.451
0.721
0.752
0.485
0.699
0.791
0.499
0.883
0.847
0.637
0.882
0.847
0.652
0.927
0.851
0.668
0.933
0.848
0.697
1.019
0.887
0.699
1.035
0.908
0.732
1.032
0.877
0.733
1.028
0.890
0.735
0.632
0.730
0.407
0.636
0.741
0.437
0.648
0.705
0.419
0.644
0.728
0.457
0.717
0.765
0.444
0.724
0.803
0.487
0.744
0.778
0.485
0.760
0.795
0.510
0.760
0.736
0.527
0.843
0.798
0.620
0.808
0.737
0.538
0.901
0.811
0.657
0.890
0.757
0.582
1.001
0.855
0.704
0.921
0.765
0.620
1.005
0.853
0.709
0.592
0.702
0.382
0.577
0.706
0.405
0.624
0.685
0.385
0.585
0.689
0.411
0.677
0.735
0.423
0.649
0.758
0.450
0.746
0.781
0.489
0.740
0.791
0.505
0.631
0.567
0.370
0.626
0.551
0.374
0.653
0.533
0.368
0.660
0.538
0.389
0.736
0.569
0.392
0.761
0.604
0.432
0.805
0.604
0.462
0.808
0.638
0.473
0.564
0.680
0.367
0.587
0.719
0.427
0.568
0.632
0.356
0.574
0.686
0.426
0.636
0.702
0.388
0.669
0.782
0.480
0.695
0.750
0.457
0.728
0.813
0.518
0.674
0.683
0.443
0.631
0.611
0.396
0.732
0.679
0.473
0.682
0.614
0.436
0.792
0.724
0.500
0.753
0.656
0.464
0.832
0.726
0.543
0.797
0.668
0.494
0.516
0.615
0.273
0.509
0.616
0.287
0.556
0.587
0.283
0.522
0.592
0.299
0.598
0.623
0.302
0.572
0.629
0.307
0.650
0.643
0.355
0.671
0.660
0.367
0.715
0.664
0.417
0.698
0.639
0.410
0.790
0.672
0.457
0.783
0.654
0.474
0.839
0.699
0.471
0.826
0.681
0.471
0.890
0.695
0.526
0.888
0.704
0.517
0.579
0.693
0.356
0.557
0.700
0.370
0.644
0.697
0.390
0.595
0.720
0.411
0.661
0.719
0.398
0.631
0.733
0.402
0.732
0.744
0.469
0.730
0.773
0.470
0.690
0.644
0.420
0.664
0.606
0.399
0.749
0.654
0.449
0.737
0.617
0.452
0.815
0.673
0.474
0.792
0.635
0.452
0.834
0.656
0.509
0.839
0.650
0.492
0.496
0.612
0.266
0.487
0.607
0.280
0.546
0.590
0.283
0.506
0.600
0.300
0.569
0.627
0.293
0.537
0.639
0.303
0.615
0.641
0.354
0.644
0.662
0.367
0.589
0.536
0.299
0.601
0.546
0.322
0.636
0.530
0.312
0.641
0.536
0.343
0.698
0.561
0.332
0.717
0.574
0.365
0.744
0.547
0.380
0.770
0.588
0.399
0.630
0.695
0.403
0.565
0.645
0.361
0.683
0.697
0.426
0.594
0.638
0.376
0.732
0.737
0.448
0.645
0.679
0.391
0.789
0.770
0.532
0.738
0.725
0.466
0.774
0.709
0.461
0.800
0.731
0.492
0.856
0.726
0.498
0.873
0.735
0.537
0.937
0.763
0.540
0.948
0.774
0.565
0.956
0.727
0.557
0.974
0.769
0.576
0.562
0.676
0.313
0.559
0.669
0.333
0.610
0.658
0.325
0.593
0.661
0.353
0.657
0.706
0.352
0.656
0.719
0.380
0.705
0.721
0.403
0.747
0.738
0.431
0.749
0.677
0.441
0.719
0.647
0.425
0.807
0.681
0.471
0.774
0.647
0.464
0.879
0.714
0.489
0.837
0.678
0.466
0.901
0.706
0.535
0.894
0.703
0.521
0.528
0.629
0.284
0.516
0.613
0.293
0.561
0.602
0.289
0.526
0.598
0.304
0.597
0.644
0.302
0.573
0.646
0.312
0.641
0.656
0.363
0.669
0.661
0.374
0.669
0.600
0.396
0.739
0.670
0.476
0.745
0.625
0.437
0.813
0.682
0.525
0.773
0.594
0.431
0.816
0.646
0.486
0.808
0.605
0.481
0.860
0.672
0.521
0.494
0.620
0.276
0.506
0.658
0.326
0.573
0.618
0.306
0.545
0.651
0.352
0.536
0.638
0.301
0.528
0.679
0.344
0.636
0.651
0.371
0.691
0.722
0.427
0.839
0.775
0.557
0.805
0.744
0.533
0.899
0.784
0.592
0.865
0.752
0.584
0.958
0.785
0.602
0.922
0.772
0.583
0.989
0.790
0.646
0.967
0.788
0.621
0.559
0.657
0.305
0.552
0.641
0.312
0.588
0.630
0.316
0.580
0.637
0.340
0.619
0.664
0.316
0.615
0.675
0.334
0.667
0.672
0.370
0.699
0.688
0.389
0.684
0.633
0.412
0.724
0.662
0.455
0.757
0.653
0.447
0.801
0.684
0.512
0.811
0.641
0.464
0.846
0.673
0.508
0.841
0.640
0.498
0.889
0.696
0.543
0.523
0.643
0.288
0.522
0.643
0.309
0.577
0.624
0.308
0.548
0.635
0.336
0.588
0.652
0.309
0.574
0.666
0.334
0.674
0.688
0.385
0.702
0.705
0.409
0.597
0.515
0.295
0.587
0.501
0.291
0.642
0.495
0.309
0.629
0.489
0.320
0.690
0.494
0.304
0.693
0.514
0.323
0.757
0.516
0.373
0.771
0.569
0.387
0.511
0.629
0.286
0.520
0.633
0.313
0.533
0.591
0.288
0.523
0.616
0.332
0.564
0.643
0.295
0.579
0.670
0.343
0.626
0.670
0.366
0.678
0.715
0.413
0.633
0.663
0.428
0.640
0.647
0.426
0.690
0.673
0.454
0.692
0.650
0.455
0.758
0.717
0.488
0.778
0.711
0.500
0.811
0.737
0.537
0.822
0.724
0.534
0.507
0.617
0.284
0.508
0.652
0.305
0.548
0.618
0.298
0.498
0.633
0.297
0.603
0.652
0.327
0.561
0.687
0.321
0.673
0.697
0.388
0.675
0.731
0.399
0.693
0.671
0.429
0.703
0.680
0.439
0.772
0.709
0.471
0.781
0.699
0.484
0.838
0.745
0.497
0.837
0.733
0.488
0.885
0.737
0.543
0.890
0.742
0.532
0.601
0.720
0.395
0.581
0.758
0.410
0.671
0.760
0.431
0.600
0.780
0.425
0.720
0.800
0.469
0.649
0.822
0.445
0.800
0.843
0.545
0.751
0.871
0.521
0.668
0.649
0.430
0.709
0.683
0.469
0.737
0.683
0.465
0.805
0.721
0.528
0.810
0.701
0.491
0.850
0.722
0.521
0.835
0.690
0.527
0.893
0.740
0.566
0.492
0.626
0.288
0.489
0.650
0.299
0.542
0.626
0.307
0.501
0.658
0.302
0.583
0.670
0.329
0.533
0.702
0.318
0.639
0.701
0.393
0.646
0.739
0.398
0.580
0.560
0.323
0.628
0.620
0.373
0.635
0.586
0.342
0.679
0.627
0.391
0.712
0.621
0.376
0.759
0.672
0.419
0.759
0.611
0.420
0.795
0.672
0.448
0.629
0.712
0.425
0.558
0.687
0.376
0.686
0.741
0.449
0.577
0.696
0.380
0.754
0.784
0.488
0.634
0.742
0.409
0.822
0.830
0.572
0.737
0.803
0.496
0.733
0.710
0.455
0.776
0.755
0.495
0.810
0.743
0.493
0.861
0.780
0.540
0.902
0.780
0.539
0.939
0.823
0.575
0.930
0.759
0.564
0.975
0.827
0.610
0.547
0.681
0.328
0.543
0.696
0.339
0.601
0.691
0.344
0.565
0.696
0.340
0.660
0.736
0.380
0.622
0.756
0.376
0.724
0.781
0.441
0.727
0.793
0.448
0.704
0.668
0.429
0.737
0.715
0.468
0.755
0.679
0.454
0.810
0.734
0.509
0.847
0.726
0.483
0.872
0.773
0.514
0.886
0.730
0.536
0.922
0.790
0.568
0.525
0.645
0.304
0.522
0.662
0.320
0.564
0.643
0.318
0.522
0.655
0.316
0.624
0.694
0.344
0.572
0.713
0.336
0.685
0.730
0.413
0.684
0.750
0.414
0.661
0.619
0.421
0.778
0.737
0.536
0.741
0.658
0.452
0.853
0.749
0.568
0.776
0.631
0.453
0.867
0.724
0.541
0.824
0.651
0.508
0.893
0.736
0.565
0.508
0.640
0.312
0.513
0.709
0.356
0.588
0.667
0.336
0.531
0.701
0.350
0.575
0.694
0.349
0.518
0.752
0.363
0.681
0.721
0.423
0.690
0.802
0.455
0.827
0.796
0.577
0.837
0.809
0.588
0.892
0.829
0.616
0.907
0.835
0.640
0.961
0.837
0.631
0.966
0.851
0.639
0.981
0.828
0.662
0.987
0.848
0.664
0.565
0.677
0.336
0.568
0.694
0.354
0.601
0.689
0.360
0.584
0.712
0.369
0.646
0.721
0.368
0.617
0.753
0.369
0.699
0.745
0.419
0.705
0.770
0.429
0.686
0.668
0.445
0.781
0.751
0.535
0.764
0.710
0.477
0.855
0.784
0.572
0.830
0.706
0.506
0.909
0.770
0.580
0.876
0.717
0.554
0.942
0.790
0.614
0.523
0.651
0.309
0.515
0.680
0.325
0.584
0.671
0.330
0.537
0.683
0.329
0.618
0.702
0.354
0.559
0.724
0.345
0.708
0.752
0.433
0.707
0.784
0.441
0.577
0.525
0.304
0.574
0.516
0.307
0.623
0.525
0.317
0.610
0.506
0.311
0.691
0.544
0.328
0.690
0.549
0.332
0.769
0.575
0.407
0.781
0.612
0.416
0.507
0.641
0.305
0.522
0.690
0.346
0.540
0.628
0.306
0.509
0.664
0.333
0.591
0.690
0.332
0.571
0.735
0.361
0.665
0.737
0.406
0.684
0.798
0.443
0.651
0.683
0.442
0.604
0.621
0.390
0.709
0.678
0.462
0.652
0.609
0.410
0.782
0.731
0.501
0.726
0.660
0.442
0.808
0.729
0.533
0.768
0.681
0.475
0.517
0.629
0.292
0.517
0.660
0.309
0.564
0.612
0.299
0.524
0.615
0.300
0.621
0.652
0.328
0.582
0.670
0.317
0.659
0.675
0.372
0.672
0.706
0.375
0.702
0.691
0.439
0.670
0.669
0.411
0.780
0.699
0.473
0.750
0.660
0.450
0.851
0.744
0.503
0.809
0.708
0.467
0.882
0.728
0.542
0.851
0.718
0.495
0.592
0.715
0.386
0.576
0.750
0.401
0.659
0.727
0.414
0.605
0.739
0.416
0.700
0.764
0.445
0.654
0.791
0.437
0.747
0.777
0.496
0.734
0.824
0.489
0.684
0.668
0.440
0.634
0.617
0.392
0.748
0.678
0.466
0.718
0.626
0.439
0.829
0.705
0.498
0.761
0.637
0.433
0.830
0.682
0.519
0.803
0.659
0.475
0.509
0.642
0.298
0.497
0.660
0.301
0.559
0.619
0.308
0.518
0.631
0.306
0.602
0.667
0.332
0.547
0.685
0.321
0.635
0.685
0.385
0.640
0.712
0.383
0.599
0.589
0.338
0.618
0.628
0.366
0.655
0.588
0.348
0.667
0.604
0.379
0.735
0.629
0.385
0.753
0.662
0.413
0.761
0.606
0.419
0.786
0.667
0.435
0.629
0.722
0.419
0.575
0.698
0.386
0.683
0.722
0.432
0.604
0.674
0.387
0.754
0.772
0.474
0.669
0.745
0.426
0.788
0.790
0.536
0.738
0.775
0.481
0.757
0.732
0.475
0.775
0.756
0.494
0.844
0.755
0.508
0.861
0.761
0.536
0.940
0.800
0.560
0.944
0.810
0.572
0.948
0.766
0.567
0.954
0.800
0.574
0.563
0.692
0.333
0.546
0.699
0.336
0.623
0.690
0.345
0.579
0.669
0.339
0.683
0.734
0.380
0.644
0.739
0.372
0.723
0.764
0.425
0.723
0.769
0.427
0.736
0.704
0.458
0.724
0.701
0.454
0.790
0.702
0.478
0.795
0.700
0.489
0.884
0.752
0.511
0.861
0.740
0.502
0.899
0.743
0.552
0.901
0.759
0.543
0.536
0.657
0.310
0.531
0.673
0.325
0.569
0.632
0.311
0.538
0.637
0.320
0.630
0.681
0.336
0.588
0.699
0.341
0.664
0.700
0.393
0.675
0.724
0.401
0.666
0.631
0.431
0.724
0.699
0.488
0.748
0.657
0.461
0.804
0.697
0.520
0.796
0.644
0.472
0.828
0.696
0.509
0.825
0.651
0.514
0.854
0.710
0.526
0.506
0.641
0.312
0.510
0.694
0.348
0.584
0.649
0.331
0.542
0.657
0.346
0.575
0.684
0.345
0.530
0.724
0.362
0.658
0.692
0.405
0.685
0.769
0.438
0.829
0.802
0.572
0.806
0.789
0.557
0.900
0.820
0.609
0.880
0.801
0.607
0.964
0.827
0.621
0.942
0.824
0.611
0.982
0.819
0.652
0.966
0.831
0.638
0.563
0.680
0.328
0.558
0.696
0.341
0.604
0.667
0.342
0.590
0.682
0.358
0.643
0.697
0.348
0.626
0.733
0.362
0.681
0.717
0.395
0.694
0.745
0.408
0.693
0.674
0.447
0.751
0.731
0.505
0.776
0.699
0.478
0.833
0.750
0.549
0.842
0.701
0.508
0.890
0.751
0.559
0.871
0.698
0.541
0.934
0.782
0.599
0.528
0.662
0.311
0.523
0.692
0.330
0.590
0.659
0.326
0.554
0.668
0.337
0.624
0.693
0.346
0.582
0.715
0.351
0.689
0.724
0.408
0.706
0.766
0.427
0.593
0.529
0.315
0.576
0.524
0.305
0.637
0.506
0.320
0.622
0.495
0.312
0.705
0.531
0.335
0.696
0.542
0.333
0.766
0.543
0.395
0.771
0.597
0.395
0.519
0.660
0.315
0.532
0.695
0.345
0.540
0.622
0.308
0.527
0.646
0.336
0.599
0.689
0.337
0.591
0.719
0.364
0.646
0.715
0.396
0.684
0.773
0.432
0.646
0.650
0.445
0.579
0.547
0.377
0.737
0.700
0.484
0.666
0.585
0.429
0.785
0.729
0.511
0.709
0.590
0.446
0.829
0.745
0.541
0.759
0.629
0.483
0.525
0.584
0.305
0.469
0.522
0.279
0.598
0.626
0.332
0.511
0.542
0.300
0.641
0.652
0.353
0.537
0.556
0.305
0.678
0.681
0.386
0.636
0.609
0.370
0.695
0.665
0.431
0.653
0.594
0.400
0.799
0.727
0.486
0.765
0.650
0.471
0.837
0.747
0.492
0.793
0.653
0.463
0.877
0.743
0.525
0.831
0.670
0.494
0.604
0.674
0.397
0.536
0.629
0.374
0.694
0.736
0.441
0.594
0.679
0.415
0.721
0.762
0.457
0.617
0.694
0.415
0.784
0.798
0.515
0.707
0.739
0.477
0.656
0.637
0.413
0.622
0.564
0.383
0.743
0.685
0.451
0.713
0.606
0.427
0.799
0.709
0.470
0.753
0.610
0.436
0.811
0.694
0.491
0.779
0.623
0.460
0.518
0.587
0.302
0.475
0.534
0.282
0.592
0.624
0.329
0.529
0.568
0.309
0.619
0.656
0.340
0.542
0.588
0.316
0.662
0.682
0.391
0.646
0.631
0.384
0.596
0.559
0.339
0.585
0.516
0.339
0.675
0.603
0.366
0.670
0.556
0.376
0.733
0.634
0.393
0.719
0.556
0.391
0.763
0.618
0.411
0.752
0.578
0.414
0.631
0.671
0.426
0.526
0.578
0.356
0.713
0.726
0.459
0.587
0.615
0.382
0.766
0.764
0.491
0.619
0.637
0.404
0.823
0.802
0.558
0.705
0.682
0.465
0.732
0.690
0.455
0.742
0.657
0.467
0.840
0.749
0.500
0.864
0.722
0.528
0.906
0.782
0.535
0.904
0.714
0.548
0.928
0.767
0.542
0.923
0.728
0.557
0.569
0.634
0.344
0.525
0.585
0.331
0.654
0.684
0.375
0.601
0.628
0.361
0.703
0.723
0.406
0.631
0.646
0.380
0.749
0.760
0.443
0.722
0.697
0.437
0.696
0.652
0.423
0.659
0.590
0.396
0.782
0.697
0.464
0.745
0.631
0.442
0.850
0.736
0.482
0.789
0.640
0.442
0.880
0.747
0.521
0.833
0.668
0.488
0.535
0.588
0.308
0.494
0.540
0.295
0.598
0.627
0.330
0.536
0.570
0.315
0.641
0.664
0.345
0.563
0.597
0.323
0.691
0.703
0.398
0.659
0.635
0.386
0.657
0.617
0.415
0.683
0.616
0.450
0.762
0.683
0.462
0.781
0.655
0.495
0.774
0.653
0.447
0.783
0.618
0.475
0.803
0.663
0.476
0.794
0.629
0.482
0.518
0.592
0.312
0.471
0.575
0.321
0.632
0.660
0.355
0.548
0.610
0.353
0.607
0.668
0.350
0.509
0.625
0.354
0.682
0.693
0.397
0.659
0.678
0.423
0.787
0.753
0.537
0.760
0.699
0.514
0.882
0.807
0.586
0.864
0.756
0.584
0.930
0.812
0.591
0.885
0.736
0.567
0.957
0.818
0.625
0.906
0.747
0.591
0.561
0.612
0.330
0.517
0.549
0.301
0.627
0.656
0.358
0.578
0.590
0.339
0.656
0.675
0.359
0.587
0.603
0.333
0.702
0.704
0.402
0.666
0.633
0.388
0.688
0.669
0.442
0.672
0.611
0.435
0.779
0.716
0.475
0.783
0.671
0.496
0.827
0.714
0.497
0.812
0.643
0.496
0.851
0.710
0.515
0.839
0.669
0.519
0.576
0.647
0.350
0.491
0.556
0.302
0.649
0.685
0.372
0.553
0.597
0.337
0.674
0.715
0.389
0.562
0.607
0.339
0.727
0.740
0.431
0.686
0.678
0.424
0.602
0.534
0.329
0.553
0.465
0.289
0.672
0.555
0.353
0.622
0.483
0.320
0.711
0.559
0.348
0.680
0.498
0.329
0.786
0.596
0.410
0.753
0.558
0.395
0.516
0.599
0.312
0.493
0.566
0.313
0.572
0.620
0.326
0.528
0.587
0.331
0.610
0.670
0.341
0.569
0.624
0.352
0.675
0.716
0.402
0.659
0.691
0.420
0.563
0.578
0.374
0.519
0.513
0.342
0.647
0.614
0.411
0.599
0.543
0.388
0.678
0.628
0.430
0.633
0.555
0.397
0.734
0.651
0.477
0.688
0.577
0.441
0.418
0.510
0.231
0.401
0.491
0.240
0.485
0.541
0.254
0.440
0.509
0.262
0.496
0.540
0.261
0.463
0.521
0.259
0.552
0.579
0.313
0.555
0.560
0.327
0.592
0.558
0.355
0.564
0.528
0.354
0.693
0.616
0.405
0.671
0.575
0.420
0.715
0.614
0.404
0.686
0.573
0.402
0.760
0.607
0.453
0.734
0.583
0.447
0.496
0.596
0.318
0.468
0.583
0.329
0.587
0.658
0.364
0.524
0.636
0.373
0.586
0.657
0.368
0.538
0.634
0.361
0.646
0.685
0.434
0.625
0.673
0.430
0.575
0.556
0.356
0.555
0.522
0.359
0.664
0.602
0.399
0.655
0.562
0.415
0.700
0.603
0.410
0.680
0.561
0.405
0.728
0.591
0.445
0.719
0.565
0.443
0.414
0.517
0.230
0.401
0.501
0.244
0.483
0.540
0.256
0.445
0.528
0.270
0.487
0.558
0.261
0.459
0.544
0.265
0.538
0.583
0.319
0.549
0.570
0.332
0.502
0.474
0.269
0.496
0.469
0.292
0.580
0.513
0.295
0.576
0.498
0.330
0.619
0.518
0.311
0.623
0.510
0.340
0.655
0.510
0.345
0.666
0.517
0.375
0.509
0.580
0.326
0.446
0.526
0.296
0.586
0.625
0.354
0.502
0.553
0.320
0.603
0.630
0.368
0.535
0.574
0.333
0.661
0.664
0.436
0.619
0.615
0.404
0.635
0.598
0.386
0.627
0.582
0.400
0.735
0.646
0.434
0.735
0.625
0.458
0.786
0.657
0.457
0.765
0.620
0.460
0.816
0.641
0.481
0.801
0.626
0.491
0.466
0.571
0.270
0.451
0.548
0.285
0.539
0.600
0.296
0.511
0.576
0.313
0.556
0.616
0.310
0.542
0.594
0.322
0.616
0.659
0.366
0.627
0.631
0.384
0.614
0.571
0.367
0.579
0.540
0.360
0.691
0.605
0.400
0.665
0.572
0.408
0.742
0.619
0.412
0.698
0.580
0.400
0.774
0.622
0.458
0.754
0.599
0.459
0.438
0.530
0.240
0.423
0.507
0.254
0.497
0.552
0.261
0.464
0.532
0.278
0.510
0.574
0.269
0.488
0.555
0.278
0.564
0.602
0.328
0.576
0.586
0.347
0.557
0.522
0.338
0.596
0.556
0.403
0.659
0.586
0.387
0.683
0.582
0.439
0.657
0.533
0.369
0.678
0.546
0.411
0.694
0.549
0.408
0.701
0.543
0.428
0.407
0.523
0.233
0.408
0.537
0.277
0.509
0.570
0.273
0.466
0.560
0.303
0.450
0.569
0.265
0.436
0.575
0.293
0.544
0.587
0.318
0.574
0.614
0.371
0.688
0.660
0.463
0.648
0.617
0.448
0.770
0.700
0.500
0.736
0.654
0.502
0.810
0.694
0.511
0.767
0.652
0.496
0.840
0.698
0.549
0.805
0.657
0.532
0.457
0.546
0.255
0.434
0.511
0.260
0.515
0.572
0.275
0.490
0.545
0.293
0.523
0.585
0.276
0.506
0.562
0.286
0.576
0.609
0.324
0.580
0.579
0.343
0.573
0.551
0.356
0.595
0.561
0.399
0.674
0.608
0.400
0.694
0.607
0.452
0.691
0.567
0.399
0.710
0.574
0.438
0.744
0.589
0.450
0.747
0.588
0.472
0.435
0.541
0.246
0.416
0.515
0.259
0.516
0.577
0.278
0.471
0.547
0.290
0.501
0.574
0.275
0.475
0.553
0.283
0.584
0.621
0.347
0.590
0.607
0.366
0.494
0.439
0.250
0.468
0.416
0.252
0.565
0.461
0.277
0.535
0.434
0.282
0.595
0.447
0.268
0.581
0.440
0.281
0.664
0.472
0.335
0.657
0.487
0.351
0.422
0.534
0.243
0.428
0.523
0.272
0.479
0.549
0.259
0.460
0.539
0.289
0.491
0.579
0.266
0.497
0.569
0.302
0.549
0.612
0.327
0.585
0.618
0.371
0.618
0.653
0.442
0.580
0.590
0.402
0.673
0.665
0.463
0.650
0.626
0.443
0.743
0.710
0.507
0.706
0.653
0.472
0.790
0.728
0.541
0.767
0.695
0.513
0.497
0.604
0.311
0.470
0.601
0.310
0.534
0.615
0.321
0.491
0.612
0.317
0.596
0.643
0.357
0.548
0.652
0.351
0.642
0.686
0.395
0.646
0.706
0.405
0.684
0.665
0.451
0.677
0.666
0.453
0.750
0.700
0.484
0.763
0.706
0.508
0.819
0.726
0.512
0.829
0.740
0.534
0.864
0.726
0.546
0.870
0.762
0.557
0.575
0.692
0.400
0.556
0.725
0.416
0.633
0.732
0.426
0.600
0.767
0.448
0.679
0.761
0.465
0.644
0.805
0.482
0.739
0.795
0.511
0.734
0.854
0.528
0.658
0.647
0.444
0.654
0.651
0.446
0.708
0.673
0.467
0.742
0.684
0.503
0.792
0.695
0.500
0.805
0.716
0.523
0.809
0.683
0.523
0.849
0.735
0.557
0.494
0.626
0.315
0.469
0.617
0.310
0.537
0.632
0.331
0.499
0.640
0.329
0.590
0.673
0.359
0.541
0.688
0.366
0.634
0.703
0.405
0.653
0.738
0.427
0.565
0.546
0.340
0.561
0.552
0.346
0.607
0.569
0.349
0.617
0.576
0.375
0.699
0.597
0.394
0.703
0.618
0.414
0.734
0.591
0.421
0.749
0.646
0.442
0.591
0.678
0.418
0.563
0.690
0.417
0.645
0.715
0.437
0.601
0.710
0.432
0.728
0.754
0.489
0.664
0.766
0.482
0.778
0.796
0.550
0.747
0.817
0.537
0.729
0.704
0.487
0.740
0.717
0.501
0.791
0.735
0.508
0.823
0.754
0.543
0.890
0.768
0.562
0.898
0.783
0.581
0.909
0.749
0.571
0.919
0.791
0.590
0.539
0.665
0.351
0.511
0.650
0.344
0.586
0.690
0.362
0.557
0.683
0.366
0.657
0.724
0.407
0.626
0.728
0.413
0.700
0.769
0.444
0.713
0.777
0.462
0.704
0.668
0.459
0.682
0.650
0.452
0.739
0.680
0.476
0.746
0.681
0.496
0.844
0.723
0.510
0.824
0.717
0.515
0.871
0.728
0.548
0.869
0.744
0.554
0.517
0.633
0.325
0.501
0.633
0.334
0.539
0.636
0.330
0.519
0.649
0.351
0.616
0.681
0.364
0.577
0.701
0.383
0.657
0.720
0.412
0.673
0.744
0.437
0.653
0.613
0.443
0.701
0.666
0.503
0.725
0.664
0.472
0.781
0.701
0.544
0.771
0.630
0.482
0.824
0.700
0.554
0.799
0.648
0.509
0.821
0.693
0.543
0.502
0.623
0.336
0.481
0.662
0.368
0.579
0.673
0.361
0.531
0.688
0.387
0.574
0.692
0.378
0.530
0.739
0.418
0.658
0.710
0.424
0.671
0.778
0.474
0.825
0.798
0.605
0.805
0.784
0.596
0.885
0.831
0.644
0.894
0.832
0.664
0.959
0.835
0.660
0.953
0.851
0.674
0.982
0.838
0.687
0.972
0.852
0.687
0.551
0.663
0.359
0.537
0.658
0.363
0.587
0.686
0.382
0.584
0.698
0.402
0.641
0.712
0.395
0.630
0.737
0.420
0.686
0.741
0.434
0.701
0.764
0.459
0.671
0.655
0.460
0.735
0.710
0.528
0.732
0.687
0.477
0.822
0.757
0.582
0.798
0.675
0.509
0.882
0.759
0.605
0.827
0.679
0.529
0.904
0.776
0.617
0.523
0.649
0.344
0.490
0.640
0.340
0.574
0.672
0.357
0.532
0.667
0.363
0.611
0.697
0.384
0.558
0.706
0.392
0.690
0.745
0.440
0.690
0.770
0.463
0.571
0.504
0.323
0.541
0.487
0.307
0.603
0.508
0.330
0.586
0.495
0.326
0.675
0.517
0.345
0.669
0.533
0.358
0.753
0.560
0.410
0.749
0.613
0.422
0.493
0.625
0.324
0.501
0.651
0.354
0.517
0.627
0.324
0.514
0.656
0.366
0.574
0.682
0.355
0.579
0.717
0.410
0.637
0.725
0.407
0.683
0.789
0.471
