1.418
1.518
1.426
2.912
3.037
2.974
1.088
1.303
1.186
1.388
1.432
1.413
0.998
1.056
0.805
1.069
1.172
1.214
0.992
1.179
1.028
3.551
3.561
3.479
1.982
2.086
2.027
1.584
1.699
1.660
1.779
1.928
1.826
0.746
0.878
0.849
1.168
1.256
1.237
1.548
1.669
1.635
1.793
1.860
1.868
0.757
0.982
1.460
0.808
1.009
0.947
1.434
1.497
1.493
2.062
2.416
2.614
1.209
1.428
1.414
1.023
1.166
1.050
2.314
2.385
2.332
2.971
3.029
2.983
2.199
2.384
2.324
0.960
1.182
1.149
1.384
1.398
1.381
1.099
1.190
1.120
1.067
1.267
1.156
1.708
1.935
2.052
1.382
1.602
1.520
1.653
1.910
1.691
2.216
2.392
2.286
1.857
1.889
1.814
1.621
1.880
1.777
2.186
2.301
2.260
1.799
1.999
1.687
1.454
1.608
1.525
1.340
1.335
1.291
1.212
1.464
1.391
1.377
1.302
1.256
0.867
1.163
1.012
0.827
0.972
0.849
2.082
2.138
2.059
0.897
1.229
1.032
1.705
1.926
1.792
1.575
1.750
1.641
1.557
1.768
1.764
0.811
1.034
0.892
1.675
1.857
1.745
2.507
2.552
2.535
2.219
2.402
2.211
2.365
2.525
2.435
1.516
1.519
1.483
0.951
0.981
0.935
1.495
1.713
1.650
1.411
1.659
1.357
0.943
1.087
1.031
1.455
1.598
1.297
0.934
1.132
1.044
2.844
2.978
2.882
2.354
2.358
2.319
2.397
2.486
2.410
1.345
1.638
1.535
2.248
2.214
2.171
0.638
1.042
0.717
2.519
2.722
2.660
2.701
2.769
2.668
1.226
1.321
1.150
1.177
1.477
1.282
0.835
0.901
0.847
0.835
0.988
0.913
1.455
1.582
1.531
2.295
2.416
2.376
1.578
1.704
1.620
0.935
0.960
1.006
1.004
1.172
1.109
1.925
2.053
2.078
1.963
2.255
2.215
2.232
2.329
2.309
1.196
1.297
1.245
0.783
0.826
0.485
1.191
1.261
1.125
1.878
1.820
1.778
3.366
3.455
3.412
0.769
0.911
0.855
1.859
2.006
1.954
1.042
1.173
1.007
1.747
1.812
1.825
0.600
0.970
0.816
1.206
1.364
1.294
1.103
1.212
1.186
1.433
1.530
1.412
2.707
2.739
2.710
2.690
2.811
2.750
1.572
1.654
1.653
2.101
2.203
2.161
2.165
2.210
2.188
0.975
1.074
0.971
2.236
2.321
2.247
0.897
1.270
0.986
0.605
0.885
0.658
1.780
1.879
1.803
1.528
1.625
1.577
1.780
1.899
1.871
1.142
1.376
1.252
1.425
1.452
1.452
2.318
2.575
2.479
1.047
1.152
1.088
1.398
1.453
1.448
0.888
0.972
0.941
1.432
1.601
1.517
1.545
1.786
1.878
1.829
1.933
1.907
1.094
1.193
1.140
0.876
1.190
1.035
1.828
1.971
1.954
0.688
0.952
0.728
1.556
1.671
1.620
1.012
1.132
1.074
1.307
1.360
1.337
0.878
1.069
1.074
1.013
0.953
1.000
2.353
2.456
2.400
2.649
2.975
2.663
3.141
3.188
3.141
1.555
1.708
1.646
2.630
2.697
2.690
2.120
2.245
2.151
1.339
1.435
1.408
1.904
2.048
1.992
1.716
1.745
1.767
1.521
1.627
1.526
1.371
1.654
1.467
1.735
1.920
1.813
1.672
1.749
1.688
2.019
2.076
2.022
2.298
2.411
2.353
0.603
0.792
0.741
1.918
2.060
1.900
1.539
1.944
1.917
1.793
1.829
1.738
1.609
2.038
1.858
1.382
1.602
1.520
2.663
2.840
2.724
2.679
2.775
2.832
1.891
2.064
1.965
0.570
0.794
0.644
1.154
1.281
1.185
1.570
1.715
1.631
1.017
1.022
0.936
1.202
1.174
1.086
1.852
1.793
1.755
1.441
1.524
1.464
1.931
2.013
1.955
1.231
1.202
1.110
1.827
1.981
1.958
0.868
1.146
0.915
1.734
1.835
1.767
1.228
1.328
1.292
1.224
1.573
1.347
1.492
1.595
1.525
0.984
1.192
1.077
1.849
1.922
1.981
2.193
2.350
2.318
1.381
1.465
1.313
0.815
0.827
0.811
1.176
1.260
1.225
0.809
0.877
0.844
1.440
1.517
1.483
2.172
2.254
2.223
1.330
1.595
1.524
1.418
1.477
1.446
1.425
1.516
1.448
0.899
0.927
0.897
1.608
1.695
1.641
1.643
1.834
1.743
1.290
1.493
1.450
0.832
1.100
1.014
2.299
2.604
2.486
2.228
2.307
2.260
1.018
1.034
0.955
1.566
1.514
1.343
2.447
2.505
2.508
1.401
1.708
1.548
2.685
2.726
2.712
1.866
1.988
1.988
1.472
1.552
1.534
2.175
2.225
2.119
1.735
2.220
1.898
0.416
0.504
0.438
0.959
1.025
1.027
0.882
1.065
0.946
2.159
2.351
2.242
0.678
1.008
0.757
0.986
1.126
1.394
0.842
1.834
0.858
0.780
1.029
0.936
0.644
1.148
0.889
1.836
1.909
1.828
1.436
1.433
1.414
1.797
1.898
1.821
1.103
1.185
1.027
2.787
2.894
2.970
1.890
1.977
2.023
1.442
1.641
1.568
1.067
1.389
1.281
0.636
1.208
1.058
0.801
0.984
0.961
2.182
2.222
2.159
1.748
1.817
1.751
2.158
2.708
2.128
1.476
1.549
1.342
1.131
1.234
1.116
1.439
1.484
1.452
0.975
1.277
1.060
1.504
1.597
1.580
1.276
1.444
1.889
1.742
1.794
1.729
0.897
1.220
1.045
2.799
2.929
2.888
2.262
2.466
2.358
1.800
1.911
1.803
1.604
1.670
1.526
1.786
1.830
1.739
0.727
0.777
0.776
0.669
0.841
0.743
1.254
1.389
1.370
1.046
1.160
1.095
2.621
2.691
2.654
1.317
1.530
1.399
1.758
1.959
1.894
1.224
1.298
1.184
1.515
1.652
1.572
0.979
1.055
0.989
0.786
0.969
0.761
0.974
1.193
1.086
0.926
1.065
0.990
1.728
1.723
1.709
1.417
1.664
1.438
1.078
1.110
1.090
1.781
1.864
1.862
0.918
1.018
0.995
0.974
1.223
1.100
1.505
1.509
1.402
2.085
2.256
2.224
0.843
1.027
0.984
2.190
2.280
2.268
1.068
1.103
0.876
1.765
1.851
1.842
1.477
1.588
1.465
1.269
1.550
1.581
2.007
2.128
2.031
1.176
1.306
1.210
0.955
0.904
0.881
1.619
1.543
1.600
2.036
2.113
2.085
1.587
1.665
1.667
1.493
1.735
1.585
1.482
1.573
1.511
2.967
3.075
3.094
1.360
1.450
1.392
2.003
2.056
1.929
0.745
0.962
0.865
1.744
1.821
1.756
1.389
1.500
1.455
2.124
2.351
2.258
1.993
2.171
2.112
1.678
1.792
1.715
0.507
0.630
0.534
2.128
2.312
2.240
1.514
1.676
1.659
1.558
1.752
1.606
1.171
1.798
1.250
1.063
1.218
1.124
1.103
1.483
1.368
0.835
1.116
0.984
0.441
0.682
0.586
0.840
0.876
0.831
1.934
2.028
2.000
1.039
1.127
1.091
1.039
1.153
1.104
1.304
1.575
1.502
1.823
1.880
1.830
1.443
1.548
1.446
0.490
0.568
0.557
0.913
1.126
1.060
0.670
0.793
0.729
2.239
2.301
2.332
1.722
1.831
1.819
2.526
2.595
2.547
0.707
0.802
0.752
0.939
1.058
1.029
2.830
2.973
2.935
1.725
1.962
1.785
3.298
3.380
3.435
1.154
1.231
1.133
1.339
1.592
1.452
0.909
1.033
0.862
0.978
1.258
1.131
0.932
1.042
1.002
0.678
0.802
0.784
1.884
2.006
1.862
1.245
1.381
1.254
0.929
0.922
0.963
2.338
2.371
2.381
1.191
1.416
1.204
1.067
1.173
1.112
0.699
0.830
0.792
1.121
1.259
1.235
0.671
0.803
0.802
1.108
1.393
1.265
1.448
1.511
1.489
2.380
2.475
2.403
1.793
1.819
1.799
2.215
2.317
2.286
1.461
1.573
1.505
1.013
1.191
1.004
1.645
1.764
1.594
2.012
2.137
2.104
1.694
1.892
1.762
2.111
2.220
2.108
1.427
1.582
1.535
0.812
1.044
0.951
2.068
2.074
1.867
1.206
1.344
1.264
1.184
1.295
1.281
2.739
2.898
2.867
1.330
1.482
1.338
2.657
2.715
2.619
1.448
1.570
1.386
1.985
2.046
2.022
0.973
1.121
1.026
2.897
2.947
2.930
1.154
1.263
1.188
1.267
1.278
1.223
1.799
1.846
1.810
1.463
1.768
1.574
1.244
1.286
1.238
0.988
1.009
1.020
1.666
1.674
1.958
1.176
1.277
1.143
0.702
0.741
0.744
1.653
1.776
1.615
1.925
1.986
2.031
1.580
1.578
1.475
0.865
0.933
0.905
2.572
2.712
2.702
2.181
2.299
2.264
2.161
2.280
2.223
1.057
1.196
1.119
0.777
1.160
0.882
1.045
1.266
1.182
2.884
2.996
2.951
1.720
1.742
1.612
0.749
0.733
0.688
0.981
1.080
0.990
0.900
1.234
0.825
0.953
0.963
0.939
1.374
1.450
1.413
1.316
1.549
1.338
1.892
2.031
2.027
1.615
1.780
1.766
2.850
2.902
2.896
3.023
3.263
3.116
1.775
1.793
1.778
0.860
0.990
0.834
1.006
1.144
1.053
2.564
2.755
2.634
2.053
2.106
2.085
2.371
2.423
2.387
1.655
1.528
1.564
1.535
1.813
1.611
1.180
1.678
1.403
1.364
1.503
1.425
1.183
1.609
1.038
1.612
1.644
1.522
1.308
1.403
1.357
1.957
2.157
1.977
1.403
1.434
1.400
1.407
1.494
1.462
1.581
1.718
1.658
1.158
1.395
1.378
0.871
1.309
1.037
1.626
1.824
1.742
1.898
1.932
1.918
2.122
2.312
2.225
2.461
2.452
2.489
1.970
2.187
1.956
1.648
1.689
1.668
1.182
1.426
1.433
2.413
2.457
2.373
1.553
1.677
1.591
2.027
2.036
2.018
2.358
2.385
2.361
0.930
1.055
0.991
1.332
1.452
1.426
1.348
1.390
1.374
1.017
1.171
1.062
0.977
1.170
1.092
0.743
1.169
0.958
1.191
1.420
1.413
1.048
1.173
1.177
2.453
2.639
2.422
1.473
1.557
1.553
2.025
2.245
2.149
1.489
2.283
1.830
1.491
1.532
1.529
1.279
1.342
1.336
2.137
2.313
2.138
1.335
1.745
1.447
1.263
1.520
1.419
1.001
1.046
0.962
0.971
1.023
1.052
1.162
1.529
1.299
1.245
1.540
1.334
1.013
1.037
0.981
1.578
1.788
1.715
1.401
1.536
1.476
0.744
0.855
0.740
0.891
1.012
0.927
1.255
1.308
1.311
1.193
1.323
1.265
0.959
1.244
1.185
1.243
1.500
1.394
1.364
1.407
1.284
0.798
1.176
0.994
2.607
2.676
2.560
1.195
1.382
1.340
1.161
1.843
1.392
1.104
1.170
1.120
0.571
0.610
0.622
1.091
1.297
1.165
1.056
1.264
1.163
0.643
0.788
0.741
1.040
1.270
1.138
1.382
1.482
1.475
1.667
1.691
1.627
1.255
1.372
1.294
1.097
1.252
1.194
0.849
0.789
0.294
1.461
1.514
1.486
1.564
1.712
1.628
0.886
1.035
0.978
1.220
1.677
1.544
1.790
1.887
1.850
1.868
1.955
1.798
3.022
3.184
3.098
0.640
0.761
0.666
0.844
0.891
0.890
0.689
0.768
0.703
1.048
1.189
1.211
1.048
1.275
1.216
1.253
1.510
1.359
1.706
1.826
1.750
1.187
1.497
1.355
1.611
1.734
1.677
1.678
1.828
1.744
1.369
1.484
1.397
2.323
2.384
2.388
1.874
1.892
1.807
1.424
1.519
1.465
1.508
1.590
1.580
1.911
2.076
1.992
1.178
1.329
1.217
1.068
1.145
1.028
1.852
1.896
1.862
3.112
3.167
2.831
2.172
2.278
2.283
0.659
0.619
0.582
2.182
2.256
2.230
1.772
1.690
1.700
1.615
1.773
1.575
1.285
1.358
1.282
1.417
1.596
1.499
1.571
1.730
1.559
2.446
2.500
2.468
1.701
1.759
1.782
2.287
2.359
2.307
0.965
1.327
1.068
1.480
1.615
1.451
1.124
1.276
1.225
1.802
1.970
1.989
1.960
1.971
1.861
1.016
1.003
0.864
1.694
1.742
1.717
1.169
1.318
1.192
1.509
1.675
1.546
2.608
2.531
2.485
1.530
1.560
1.575
1.192
1.411
1.270
1.685
1.767
1.701
0.875
1.139
1.049
1.675
1.773
1.607
1.088
1.179
1.114
0.992
1.258
1.044
1.801
2.020
1.881
3.258
3.299
3.214
0.458
0.716
0.552
0.594
1.391
0.954
1.731
1.723
1.613
1.884
1.998
1.908
1.381
1.482
1.405
1.652
2.344
1.648
2.092
2.520
2.099
1.539
1.718
1.593
0.447
0.555
0.512
1.951
2.259
2.045
1.677
1.883
1.762
0.775
0.989
0.942
0.719
0.763
0.716
2.654
2.755
2.636
1.604
1.754
2.044
0.978
1.295
1.498
1.409
1.520
1.341
1.869
2.178
2.022
1.070
1.154
1.162
0.864
1.125
1.182
1.142
1.322
1.257
1.072
1.192
1.165
0.872
1.040
0.958
1.252
1.377
1.273
1.731
1.853
1.754
1.866
2.128
1.751
2.726
2.821
2.799
1.611
2.227
2.244
1.342
1.500
1.402
1.816
1.901
1.782
1.151
1.491
1.364
1.298
1.447
1.336
1.380
1.569
1.410
1.673
1.786
1.676
1.116
1.486
1.423
2.513
2.602
2.551
1.674
1.727
1.732
0.701
0.847
0.790
2.378
2.480
2.446
1.671
1.724
1.672
2.123
2.190
2.243
1.492
1.730
1.438
1.128
1.352
1.296
1.277
1.377
1.320
1.249
1.462
1.323
1.760
1.922
1.851
2.176
2.206
2.162
1.908
2.096
1.926
0.901
1.106
1.005
1.357
1.511
1.461
0.849
1.066
0.989
0.489
0.693
0.592
0.936
1.139
1.024
2.132
2.311
2.286
1.613
1.722
1.692
0.868
1.064
0.962
0.974
1.112
1.047
1.292
1.579
1.338
1.382
1.755
1.595
1.325
1.539
1.444
1.275
1.309
1.288
1.212
1.291
1.300
1.365
1.512
1.464
1.367
1.484
1.398
1.398
1.523
1.427
1.537
1.577
1.589
0.879
0.929
0.914
1.894
1.997
1.893
1.824
1.926
1.895
1.554
1.696
1.692
1.616
1.742
1.637
2.304
2.504
2.344
1.250
1.385
1.251
0.997
1.445
1.119
0.997
1.247
1.224
2.878
3.088
3.084
0.833
0.978
0.917
1.109
1.178
1.222
0.971
1.123
0.992
1.759
1.864
1.876
1.311
1.215
1.233
1.259
1.328
1.290
0.923
0.900
0.937
0.735
0.737
0.663
0.716
1.092
0.819
0.640
0.744
0.691
1.096
1.187
1.182
3.042
3.044
3.052
1.807
1.948
1.867
2.841
3.024
2.902
1.094
1.299
1.131
1.166
1.221
1.175
1.961
1.997
1.843
1.824
2.277
1.863
1.929
2.062
1.931
1.186
1.294
1.285
1.208
1.429
1.241
1.895
2.019
1.958
0.509
0.674
1.038
1.544
1.532
1.524
2.828
3.090
2.746
1.360
1.536
1.338
1.801
1.769
1.798
1.149
1.329
1.737
3.013
3.101
3.070
1.529
1.704
1.704
2.546
2.593
2.456
0.803
0.993
0.898
0.602
0.716
0.637
1.478
1.561
1.505
3.710
3.766
3.738
1.532
1.613
1.551
2.067
2.216
2.061
0.474
0.467
0.424
0.833
1.113
0.922
2.307
2.603
2.611
1.302
1.587
1.535
1.168
1.274
1.188
1.568
1.720
1.609
1.078
1.154
1.105
1.229
1.296
1.252
1.572
1.661
1.646
2.347
2.369
2.349
1.913
2.127
1.899
1.111
1.181
1.133
0.849
0.933
0.872
2.119
2.437
2.187
2.119
2.358
2.187
2.119
2.359
2.187
1.179
1.215
1.167
1.519
1.656
1.640
1.750
1.812
1.737
0.960
1.007
0.813
0.395
0.779
0.607
1.362
1.519
1.423
1.965
2.057
2.021
1.430
1.566
1.480
0.794
0.934
0.742
1.975
2.099
1.925
1.274
1.335
1.302
0.870
1.121
1.124
1.504
1.802
1.688
1.234
1.426
1.323
1.162
1.264
1.249
1.258
1.363
1.368
1.098
1.280
1.210
1.932
2.103
1.912
2.075
2.016
1.895
1.664
1.757
1.680
2.464
2.643
2.533
1.275
1.289
1.264
1.995
1.982
1.999
1.844
1.873
1.953
1.844
1.873
1.953
1.036
1.407
1.078
2.093
2.072
1.913
0.918
1.239
0.995
0.918
1.243
0.995
1.986
2.181
2.100
0.907
1.031
1.005
1.550
1.810
1.529
2.476
2.500
2.446
0.824
0.945
0.851
1.218
1.450
1.299
1.216
1.337
1.329
1.237
1.306
1.062
2.413
2.501
2.445
1.437
1.516
1.486
2.766
3.027
2.841
1.920
2.039
1.950
1.458
1.591
1.478
1.869
1.924
1.830
1.368
1.441
1.386
1.014
1.277
1.131
1.217
1.290
1.113
1.202
1.275
1.138
1.326
1.379
1.332
1.299
1.365
1.337
1.361
1.556
1.503
0.883
1.006
0.932
1.258
1.462
1.267
1.643
1.741
1.695
0.762
1.018
0.862
1.410
1.560
1.410
2.007
2.045
2.029
0.908
1.227
1.112
0.821
0.912
0.844
0.937
1.087
1.052
0.864
1.135
1.062
1.060
1.365
1.208
1.107
1.333
1.155
1.546
1.563
1.567
2.204
2.297
2.207
0.868
0.972
0.906
1.932
2.134
2.084
2.064
2.121
1.999
0.979
1.185
1.078
0.991
1.103
1.034
1.911
2.069
1.980
2.086
2.114
2.126
1.671
1.752
1.608
0.789
0.907
0.773
0.920
1.309
0.980
1.423
1.546
1.431
1.850
1.787
1.820
1.179
1.353
1.270
1.031
1.162
1.135
1.513
1.727
1.596
2.961
2.957
2.995
1.312
1.435
1.349
1.085
1.327
1.256
1.316
1.444
1.343
2.324
2.417
2.385
1.834
1.895
1.883
2.256
2.273
2.149
2.184
2.293
2.248
1.703
2.016
1.860
2.028
2.147
2.214
1.586
1.654
1.597
1.867
1.759
1.799
2.100
2.182
2.218
1.228
1.423
1.358
0.867
0.995
0.917
1.210
1.433
1.380
0.691
0.720
0.619
1.393
1.385
1.290
1.964
2.260
2.100
3.333
3.387
3.430
1.412
1.590
1.413
1.141
1.120
1.035
1.606
1.707
1.657
1.044
1.262
1.097
0.861
1.152
1.098
0.414
0.709
0.647
1.153
1.187
1.229
1.140
1.234
1.188
1.464
1.572
1.448
2.740
2.804
2.804
2.746
2.909
2.870
2.095
2.159
2.113
1.599
1.797
1.754
1.597
1.635
1.604
1.509
1.593
1.474
1.022
1.140
1.078
3.218
3.292
3.219
1.469
1.634
1.472
1.648
1.802
1.433
1.506
1.542
1.564
2.045
2.222
2.035
2.035
2.156
2.030
1.530
1.591
1.517
1.570
1.602
1.618
2.019
2.097
2.070
0.863
1.113
1.001
1.297
1.389
1.386
1.215
1.319
1.072
1.301
1.396
1.358
1.676
1.876
1.694
1.555
1.536
1.472
1.615
1.764
1.662
1.298
1.372
1.375
2.085
2.263
2.207
1.176
1.343
1.249
1.503
1.516
1.548
1.503
1.516
1.548
1.547
1.633
1.561
1.777
2.105
1.926
2.506
2.561
2.674
1.144
1.273
1.148
1.466
1.636
1.515
1.636
1.797
1.727
0.607
0.958
0.709
1.346
1.544
1.400
2.609
2.653
2.514
1.489
1.756
1.611
1.895
2.020
1.923
0.838
0.978
0.870
0.985
1.504
1.201
1.248
1.396
1.336
2.044
2.120
2.041
1.342
1.388
1.127
1.471
1.675
1.481
1.320
1.328
1.271
1.320
1.461
1.387
1.540
1.580
1.532
1.311
1.639
1.503
1.182
1.535
1.394
1.935
2.036
1.964
2.042
2.333
2.303
2.614
2.704
2.658
1.141
1.220
1.153
1.641
2.192
2.030
1.302
1.412
1.326
1.607
1.600
1.486
0.774
0.898
0.798
1.505
1.567
1.482
1.340
1.434
1.407
2.290
2.722
2.722
2.283
2.342
2.265
2.858
2.924
2.989
1.227
1.293
1.245
0.858
0.893
0.911
1.278
1.257
1.133
1.150
1.197
1.180
0.810
1.351
0.891
1.775
1.864
1.808
1.727
1.697
1.730
1.704
1.864
1.767
1.730
1.888
1.797
1.745
1.711
1.622
0.796
0.959
0.917
1.373
1.476
1.420
2.434
2.348
2.333
0.773
0.999
0.891
1.161
1.318
1.240
1.598
1.720
1.618
2.056
2.306
2.200
0.929
1.090
1.053
1.771
1.952
1.968
1.234
1.263
1.193
1.190
1.247
1.023
2.050
2.193
2.107
2.311
2.461
2.410
1.515
1.587
1.497
1.762
2.004
1.897
1.854
1.988
1.848
2.480
2.579
2.520
1.496
1.646
1.583
3.234
3.292
3.271
2.124
2.430
2.343
1.579
1.744
1.699
1.188
1.549
1.295
1.362
1.497
1.454
2.536
2.619
2.566
0.947
1.067
0.898
1.473
1.610
1.516
0.747
0.806
0.834
2.297
2.424
2.503
0.865
0.784
0.802
0.552
0.700
0.624
0.954
1.230
1.296
1.704
1.710
1.675
0.877
0.959
0.917
1.872
2.004
1.964
1.627
1.751
1.745
1.608
1.771
1.680
2.027
2.145
2.012
1.181
1.654
1.372
1.235
1.422
1.300
2.759
2.881
2.791
1.841
1.846
1.830
1.982
2.124
2.127
2.552
2.673
2.611
0.872
1.705
1.071
0.659
0.787
0.728
0.925
1.165
1.110
1.765
2.074
1.921
0.904
0.975
0.912
0.901
1.093
1.038
1.466
1.554
1.528
1.602
1.547
1.539
1.958
2.041
1.984
0.256
0.255
0.234
2.546
2.631
2.593
1.225
1.518
1.464
1.173
1.165
1.118
2.443
2.481
2.426
2.718
2.841
2.766
1.808
1.922
1.826
0.970
1.118
1.032
1.253
1.365
1.149
1.984
2.069
2.028
1.237
1.382
1.424
2.255
2.347
2.362
1.163
1.179
1.108
3.127
3.402
3.448
1.432
1.621
1.541
1.720
1.773
1.802
1.785
2.294
2.204
0.863
1.060
0.969
1.911
1.980
1.968
1.239
1.264
1.179
1.626
1.615
1.528
0.410
0.553
0.479
1.116
1.138
1.093
1.649
1.718
1.705
0.994
1.426
0.886
1.518
1.678
1.628
1.266
1.288
1.206
1.979
2.055
2.021
1.399
1.449
1.388
1.930
2.076
1.902
2.384
2.474
2.463
1.519
1.537
1.494
1.866
1.953
1.921
2.172
2.399
2.319
1.366
1.429
1.404
1.687
1.776
1.612
1.781
1.835
1.857
1.119
1.246
1.228
1.035
1.492
1.411
1.909
2.102
2.069
1.139
1.349
1.246
0.902
1.030
1.004
0.467
0.431
0.364
0.679
1.043
0.837
2.303
2.392
2.424
1.005
1.080
0.983
1.514
1.604
1.537
0.808
0.921
0.887
1.048
1.353
1.264
1.479
1.612
1.483
3.213
3.456
3.343
2.199
2.169
2.197
0.797
0.877
0.845
1.395
1.596
1.392
1.491
1.643
1.583
4.667
4.654
4.628
1.357
1.540
1.446
2.405
2.614
2.568
0.990
1.300
1.080
1.079
1.115
1.065
1.472
1.638
1.566
1.049
1.198
1.165
1.570
1.630
1.514
2.465
2.643
2.598
2.628
2.605
2.644
1.135
1.280
1.253
0.829
1.033
0.980
1.431
1.516
1.467
1.186
1.303
1.161
1.867
2.226
1.805
2.176
2.495
2.341
1.459
1.567
1.546
1.985
1.987
2.013
1.660
1.786
1.696
1.994
2.027
1.986
1.899
2.072
2.017
2.805
2.859
2.859
1.603
1.747
1.608
2.981
3.286
3.121
2.563
2.667
2.626
1.157
1.199
1.104
0.854
0.939
0.673
1.704
1.899
1.834
0.718
0.979
0.852
2.099
2.078
1.984
1.966
2.017
1.921
1.639
1.708
1.699
1.274
1.427
1.382
2.524
2.589
2.516
1.463
1.658
1.532
2.782
2.897
2.819
1.376
1.401
1.299
0.558
0.701
0.659
2.186
2.213
2.187
1.454
1.619
1.471
0.892
1.057
0.898
1.590
1.553
1.615
1.183
1.288
1.230
0.918
1.067
0.986
1.118
1.225
1.063
1.650
1.991
1.795
0.974
1.075
1.018
0.678
0.797
0.751
1.916
2.038
1.959
2.064
2.174
1.632
1.687
1.765
1.678
1.488
1.862
1.966
1.163
1.327
1.272
1.855
2.045
1.960
2.198
2.262
2.206
1.145
1.259
1.173
0.930
1.087
0.917
1.449
1.590
1.496
1.519
1.727
1.587
1.413
1.499
1.459
0.729
0.894
0.779
1.129
1.280
1.146
0.571
0.749
0.688
1.696
1.748
1.791
2.058
2.123
1.994
0.776
1.001
0.920
1.326
1.360
1.374
2.058
2.123
1.994
1.674
1.725
1.719
0.952
1.068
1.027
1.415
1.520
1.461
0.845
0.953
0.901
1.200
1.312
1.267
1.378
1.495
1.496
2.664
2.746
2.715
1.575
1.664
1.606
1.858
1.981
1.874
0.702
0.872
0.741
0.800
1.111
1.150
1.566
1.603
1.617
1.332
1.377
1.279
1.210
1.312
1.230
1.415
1.509
1.347
0.699
0.880
0.680
1.372
1.725
1.572
1.796
2.191
2.242
0.996
1.178
1.042
1.495
1.567
1.492
1.670
1.801
1.720
1.003
1.074
0.940
1.047
1.279
1.030
0.822
0.877
0.822
1.244
1.253
1.221
0.822
0.980
1.243
0.982
1.086
1.034
1.333
1.498
1.489
1.432
1.689
1.579
1.959
2.030
1.922
1.446
1.488
1.472
1.112
1.137
0.930
2.214
2.553
2.302
1.279
1.458
1.444
1.426
1.501
1.382
1.704
1.815
1.726
1.896
1.964
1.872
0.759
0.952
0.731
1.692
1.895
1.704
1.197
1.405
1.463
1.196
1.264
1.218
2.055
2.140
2.109
1.075
1.164
1.033
1.236
1.280
1.277
1.237
1.313
1.194
1.173
1.258
1.218
1.425
1.664
1.470
1.793
1.785
1.711
1.490
1.637
1.494
2.167
2.137
2.108
1.294
1.220
1.177
1.279
1.401
1.300
1.490
1.591
1.448
1.343
1.522
1.421
0.836
0.956
0.868
1.475
1.807
1.625
0.865
1.050
0.925
2.532
2.697
2.557
2.069
2.250
2.280
2.803
2.893
2.833
1.914
2.224
2.165
1.478
1.597
1.727
1.094
1.236
1.226
1.196
1.295
1.200
0.874
0.983
0.971
1.526
1.548
1.555
1.078
1.195
1.166
1.122
1.313
1.242
0.798
0.908
0.687
1.892
1.919
1.739
2.696
2.869
2.849
2.748
2.779
2.625
1.449
1.673
1.606
0.980
1.498
1.244
2.483
2.515
2.587
1.944
2.021
1.961
0.898
1.128
0.976
1.368
1.593
1.493
2.652
2.765
2.699
1.646
1.860
1.705
0.940
1.118
1.058
0.990
1.369
1.112
0.983
1.085
0.997
1.448
1.610
1.561
2.893
3.048
3.152
0.804
1.026
0.842
1.442
1.660
1.499
1.127
1.235
1.211
2.252
2.297
2.116
1.189
1.263
1.182
1.792
2.114
2.028
0.787
1.035
0.925
0.881
1.046
0.987
0.865
0.969
0.880
1.334
1.405
1.400
1.507
1.616
1.582
1.958
2.074
1.932
1.919
2.675
2.155
1.603
1.662
1.615
0.818
0.953
0.904
1.292
1.425
1.356
0.890
1.207
1.060
2.258
2.334
2.425
0.644
0.822
0.779
1.229
1.361
1.316
1.795
1.869
1.782
1.035
1.059
0.944
1.393
1.434
1.387
0.947
1.107
0.988
1.746
1.902
1.838
0.748
0.817
0.799
0.987
1.100
1.010
0.867
0.934
0.850
1.339
1.445
1.507
1.613
1.772
1.804
1.613
1.911
1.902
1.188
1.275
1.210
1.401
1.626
1.519
1.118
1.344
1.199
0.654
1.004
0.890
1.620
1.776
1.725
1.671
1.793
1.721
1.581
1.764
1.622
0.850
1.093
0.912
0.746
0.926
0.811
2.008
2.032
1.961
2.149
2.023
2.085
2.155
2.327
2.262
1.355
1.542
1.321
1.343
1.374
1.353
1.396
1.442
1.519
1.715
1.880
1.705
0.801
1.002
0.873
1.362
1.399
1.411
1.629
1.671
1.591
0.804
0.999
0.892
0.566
0.832
0.770
1.806
1.868
1.830
3.438
3.590
3.484
2.408
2.572
2.506
1.852
1.958
1.847
1.153
1.234
1.208
1.045
1.181
1.045
1.796
1.829
1.795
2.661
2.639
2.592
0.984
1.073
1.008
1.630
1.691
1.688
2.408
2.351
2.379
2.097
2.287
2.159
0.855
0.798
0.761
2.585
2.622
2.414
1.390
1.534
1.465
1.006
1.099
1.003
0.584
0.658
0.420
2.384
2.492
2.338
1.406
1.553
1.442
1.458
1.598
1.546
1.125
1.406
1.289
2.089
2.089
2.138
2.390
2.586
2.741
2.085
2.246
2.182
1.610
1.739
1.638
1.078
1.273
1.184
1.062
1.243
1.165
1.111
1.192
1.214
1.449
1.619
1.590
2.457
2.487
2.436
1.756
1.799
1.827
1.318
1.329
1.275
1.497
1.734
1.623
2.330
2.372
2.351
2.370
2.429
2.481
1.987
2.079
2.017
2.351
2.740
2.443
2.349
2.766
2.594
1.952
2.024
1.969
2.353
2.567
2.366
1.410
1.636
1.722
1.371
1.505
1.459
1.349
1.619
1.508
2.070
2.201
2.181
2.188
2.223
2.206
1.707
1.862
1.699
1.508
1.712
1.610
1.508
1.627
1.634
1.780
1.822
1.711
2.113
2.331
2.092
2.790
2.722
2.641
1.433
1.464
1.454
2.729
2.783
2.711
2.106
2.127
2.100
2.061
2.428
2.242
2.748
2.877
2.804
1.781
1.882
1.877
0.462
0.576
0.518
2.143
2.141
2.249
1.488
1.615
1.833
1.869
1.939
1.900
1.546
1.621
1.604
0.609
0.736
0.710
1.586
1.711
1.573
2.659
2.766
2.727
1.411
1.617
1.426
1.768
1.881
1.855
3.000
2.975
2.826
2.162
2.530
2.365
2.364
2.490
2.459
1.573
1.967
1.961
2.178
2.303
2.199
0.633
0.689
0.613
1.598
1.643
1.605
1.882
2.054
1.831
1.948
2.023
1.925
1.855
1.967
1.978
1.844
2.095
2.023
1.456
1.621
1.416
1.781
1.941
1.905
1.455
1.454
1.347
1.173
1.262
1.243
1.592
1.799
1.622
2.128
2.057
1.844
0.729
0.931
0.868
1.217
1.263
1.148
1.250
1.338
1.343
1.185
1.264
1.146
2.013
2.007
1.965
2.256
2.346
2.190
1.322
1.388
1.326
0.966
1.065
1.000
2.056
2.041
1.947
1.912
1.944
1.806
1.007
0.941
0.887
0.856
1.136
0.992
1.518
1.763
1.727
1.804
2.046
1.995
1.537
1.605
1.514
1.081
1.214
1.080
1.753
1.787
1.733
1.863
1.981
1.890
2.911
2.947
2.906
1.030
1.121
1.050
2.577
2.706
2.610
1.961
2.111
2.033
1.471
1.586
1.534
1.165
1.120
1.153
1.808
1.835
1.689
1.187
1.362
1.288
1.264
1.414
1.310
2.125
2.157
2.185
1.596
1.707
1.654
2.807
2.807
2.568
0.939
0.986
0.940
1.506
1.561
1.559
2.244
2.342
2.047
1.450
1.608
1.516
1.280
1.290
1.284
2.114
2.140
2.107
0.483
0.728
0.679
1.893
1.899
1.884
1.651
1.636
1.609
2.238
2.273
2.263
1.912
1.934
1.912
1.195
1.354
1.272
0.904
1.063
0.960
1.191
1.343
1.158
1.119
1.217
1.208
1.651
1.750
1.683
1.691
1.807
1.591
1.180
1.249
1.151
1.888
2.019
1.928
0.951
1.076
1.080
0.605
0.699
0.566
2.239
2.405
2.273
0.975
1.144
1.101
0.798
0.874
0.877
0.752
0.964
0.795
0.955
1.006
1.056
0.742
0.814
0.787
1.405
1.435
1.444
1.724
1.830
1.694
0.695
0.758
0.787
1.355
1.419
1.445
2.150
2.300
2.243
1.559
1.759
1.704
1.269
1.362
1.341
0.908
0.980
0.943
0.704
0.918
0.830
1.018
1.223
1.133
1.671
1.732
1.710
0.950
1.034
1.036
2.067
2.114
2.093
1.015
1.622
1.006
1.379
1.406
1.340
1.015
1.165
1.067
0.943
1.127
0.992
2.347
2.344
2.382
1.578
1.622
1.614
1.665
1.762
1.718
1.354
1.394
1.161
1.077
1.281
1.211
1.779
1.907
1.848
0.888
1.055
0.934
0.988
1.348
1.098
2.897
2.944
2.769
1.334
1.514
1.420
1.401
1.429
1.269
0.934
1.193
1.124
2.706
2.769
2.549
1.140
1.797
1.737
1.578
1.637
1.530
1.749
1.927
1.875
2.107
2.328
2.166
1.987
1.989
1.983
1.371
1.589
1.351
2.277
2.386
2.230
1.171
1.309
1.225
1.397
1.601
1.478
1.337
1.628
1.478
1.208
1.402
1.303
0.817
0.823
0.770
1.019
1.003
0.956
1.023
1.153
1.104
1.669
1.728
1.651
1.389
1.775
1.357
1.438
1.450
1.362
1.000
1.086
1.002
1.014
1.205
0.953
0.735
0.850
0.813
1.244
1.243
1.259
0.940
1.039
0.964
1.705
1.770
1.680
0.945
1.101
1.041
1.030
1.192
1.042
2.185
2.279
2.263
0.945
1.167
1.025
1.240
1.464
1.344
1.501
1.591
1.581
1.065
1.158
1.104
1.111
1.165
1.106
1.184
1.257
1.212
0.912
1.118
0.989
2.376
2.383
2.287
1.267
1.433
1.381
2.368
3.002
2.334
1.710
1.856
1.777
2.394
2.520
2.397
2.169
2.147
2.103
1.606
1.614
1.512
1.529
1.615
1.536
2.018
2.072
1.964
0.377
0.458
0.320
0.611
0.691
0.595
1.583
1.813
1.844
1.416
1.706
1.489
1.417
1.498
1.402
1.456
1.666
1.547
1.481
1.548
1.387
2.813
2.912
2.910
1.733
1.931
1.881
1.729
1.865
1.745
0.953
1.383
1.131
1.604
1.721
1.531
1.034
1.089
1.089
1.642
1.653
1.628
1.948
2.463
2.192
0.989
1.153
1.076
1.415
1.493
1.797
1.750
1.839
1.820
1.366
1.517
1.428
1.988
2.059
1.973
0.949
1.091
1.017
1.610
1.755
1.731
1.842
1.878
1.853
1.804
1.862
1.857
1.875
2.522
2.675
2.096
2.185
2.101
1.626
1.802
1.692
0.988
1.695
1.029
1.448
1.735
1.541
1.304
1.310
1.319
1.871
1.983
1.927
1.555
1.740
1.681
1.843
2.106
2.101
1.336
1.465
1.395
0.400
0.659
0.555
1.160
1.275
1.176
1.632
1.807
1.726
1.705
1.911
1.525
1.826
2.131
2.000
1.551
2.174
2.188
1.594
1.702
1.440
0.766
1.246
0.961
1.007
1.103
1.057
1.171
1.407
1.297
1.749
1.861
1.747
1.548
1.690
1.574
1.156
1.174
1.139
1.081
1.160
1.121
1.395
1.555
1.394
1.478
1.476
1.519
2.117
2.136
2.134
1.785
1.814
1.844
1.321
1.521
1.406
1.201
1.399
1.302
0.637
0.826
0.776
0.727
0.802
0.778
1.788
1.839
1.819
1.093
1.169
1.108
0.932
1.154
1.053
0.700
0.705
0.363
0.902
1.044
0.984
1.062
1.180
1.030
0.662
1.221
1.218
0.951
1.000
0.896
1.657
1.744
1.683
2.808
2.996
3.123
2.215
2.335
2.263
1.225
1.337
1.240
1.962
2.141
1.985
2.201
2.327
2.247
1.339
1.483
1.458
1.339
1.627
1.575
1.723
1.737
1.771
1.013
1.167
1.257
2.938
2.919
2.941
1.955
2.039
1.987
1.198
1.400
1.290
1.240
1.248
1.212
1.526
1.626
1.586
1.465
1.559
1.502
2.091
2.227
2.153
1.301
1.457
1.249
4.323
4.381
4.431
1.457
1.534
1.496
1.278
1.458
1.335
2.398
2.439
2.440
1.281
1.380
1.346
1.621
1.716
1.685
1.947
2.055
1.983
2.040
2.150
2.111
0.633
0.845
0.690
2.695
2.914
2.739
1.472
1.610
1.556
2.361
2.387
2.381
2.060
2.113
2.517
2.106
2.193
2.173
0.823
0.951
0.904
2.142
2.307
2.181
1.266
1.369
1.214
1.848
1.890
1.809
3.481
3.528
3.524
0.597
0.675
0.605
1.047
1.280
1.193
1.323
1.462
1.371
1.396
1.580
1.490
1.302
1.314
1.331
1.649
1.756
1.581
2.733
2.842
2.747
1.451
1.458
1.621
1.192
1.555
1.417
1.651
1.769
1.727
0.595
0.750
0.660
1.596
1.637
1.615
2.461
2.511
2.426
1.584
1.756
1.620
0.973
1.101
1.000
1.794
1.906
1.847
1.218
1.298
1.275
1.573
1.645
1.447
1.967
1.885
1.951
1.505
1.524
1.567
1.505
1.524
1.553
1.346
1.469
1.322
2.257
2.391
2.259
0.678
0.882
0.744
2.053
2.254
2.122
1.086
1.207
1.083
1.389
1.407
1.324
1.035
1.153
1.073
0.839
0.954
0.890
0.839
0.954
0.890
0.900
1.044
1.017
2.163
2.231
2.155
1.934
1.983
1.969
1.649
1.832
1.746
1.561
1.749
1.660
0.803
0.964
1.128
1.470
1.638
1.402
1.224
1.224
1.293
0.851
1.054
0.932
1.343
1.427
1.400
2.532
2.676
2.628
2.124
2.477
2.304
1.612
1.656
1.746
0.976
1.108
0.935
1.492
1.659
1.514
2.291
2.251
2.248
2.817
2.911
2.848
1.153
1.271
1.180
1.000
1.070
0.898
1.744
1.869
1.785
0.947
0.988
0.895
1.413
1.629
1.476
0.947
1.048
0.998
1.321
1.245
1.110
1.950
2.019
1.956
0.813
1.192
1.045
0.973
1.171
0.997
0.832
0.960
0.879
0.812
0.900
0.944
1.620
1.898
1.741
1.536
1.632
1.521
1.184
1.191
1.041
1.076
1.196
0.942
1.221
1.268
1.142
1.773
1.871
1.833
1.475
1.480
1.342
2.911
3.370
2.893
1.851
1.956
1.940
1.751
1.779
1.785
1.319
1.415
1.407
2.237
2.500
2.375
1.549
1.707
1.665
0.844
0.911
0.840
2.030
2.180
2.075
1.046
1.191
1.076
2.189
2.174
2.195
0.997
1.224
1.111
1.344
1.496
1.423
1.116
1.189
1.126
2.296
2.466
2.394
2.768
2.956
2.842
1.756
1.793
1.685
2.105
2.374
2.366
1.913
2.093
2.090
3.043
3.065
3.036
1.404
1.606
1.505
0.616
0.869
0.758
3.126
3.354
3.587
0.783
0.961
0.779
1.520
1.665
1.554
0.778
0.825
0.696
1.995
2.043
1.846
2.166
2.279
1.910
1.679
1.834
1.719
1.464
1.734
1.619
1.441
1.565
1.463
1.031
1.160
1.131
1.195
1.408
1.298
1.923
1.923
1.868
1.528
1.611
1.545
1.124
1.381
1.248
1.251
1.399
1.342
0.646
0.866
0.729
0.721
0.725
0.633
0.745
0.882
0.831
1.965
2.090
2.042
3.448
3.556
3.441
1.228
1.367
1.238
1.509
1.504
1.381
1.328
1.515
1.432
1.369
1.464
1.410
1.365
1.771
1.403
0.897
0.868
1.251
2.377
2.440
2.378
3.144
3.061
3.097
1.185
1.262
1.264
1.676
1.840
1.775
1.362
1.447
1.344
2.705
2.675
2.642
1.849
2.168
2.003
1.075
1.215
1.175
1.428
1.533
1.469
0.860
1.087
0.949
1.147
1.162
1.148
2.159
2.274
2.210
1.964
2.108
2.068
2.283
2.523
2.488
1.302
1.378
1.319
1.302
1.378
1.319
3.554
3.737
3.611
0.717
0.810
0.776
2.341
2.382
2.344
0.857
1.038
0.849
1.334
1.356
1.336
1.716
1.760
1.755
1.513
1.622
1.525
1.363
1.500
1.415
1.003
1.164
1.042
2.579
2.714
2.675
1.993
2.148
2.030
1.395
1.418
1.420
1.328
1.496
1.397
2.450
2.562
2.502
3.362
3.387
3.360
0.857
1.038
0.849
0.668
0.892
0.752
1.910
2.003
1.962
2.244
2.287
2.188
1.868
1.826
1.855
1.259
1.180
1.285
2.015
2.009
1.926
1.134
1.323
1.223
1.673
1.607
1.674
1.903
2.205
1.943
1.478
1.612
1.599
0.657
0.829
0.759
2.116
2.181
2.195
1.877
2.100
1.922
3.335
3.438
3.412
1.017
1.147
1.013
1.678
1.731
1.701
1.670
1.871
1.779
1.814
1.934
1.914
2.099
2.205
2.209
1.597
1.667
1.652
1.427
1.738
1.620
1.054
1.159
1.088
1.428
1.509
1.460
0.694
0.688
0.613
2.007
2.106
2.032
1.510
1.600
1.480
2.264
2.309
2.303
2.024
2.098
2.077
0.963
1.133
1.097
1.255
1.473
1.303
1.529
1.555
1.516
2.037
2.120
1.942
1.198
1.366
1.309
2.289
2.306
2.198
1.509
1.698
1.569
2.351
2.477
2.387
1.954
2.065
2.019
1.353
1.507
1.620
1.592
1.750
1.712
1.156
1.257
1.079
1.356
1.460
1.433
1.616
1.730
1.630
1.545
1.652
1.542
1.382
1.557
1.563
1.418
1.434
1.341
1.015
1.151
1.068
0.779
0.814
0.474
0.886
0.991
1.074
1.176
1.268
1.220
1.896
2.015
1.954
0.705
0.909
0.737
1.995
2.178
2.132
2.180
2.271
2.326
2.552
2.650
2.712
2.578
2.700
2.638
1.352
1.481
1.403
1.930
2.068
1.954
1.320
1.501
1.504
1.419
1.446
1.354
0.770
1.025
0.899
1.842
1.932
1.923
1.112
1.595
1.401
1.350
1.352
1.276
1.694
1.757
1.691
2.549
2.722
2.510
0.874
1.025
1.009
1.729
1.978
1.749
1.499
1.423
1.424
1.427
1.531
1.488
1.798
2.004
1.866
1.410
1.518
1.496
1.599
1.671
1.616
1.704
1.924
1.803
0.959
1.148
1.137
0.951
1.129
1.027
1.680
1.896
1.774
1.332
1.374
1.376
0.905
0.933
0.937
0.826
1.159
0.933
1.555
1.684
1.657
1.546
1.675
1.600
2.614
2.745
2.760
1.429
1.668
1.585
2.903
3.064
3.039
1.340
1.417
1.374
1.631
2.239
1.742
2.470
3.533
2.838
0.756
0.915
0.859
1.701
1.995
1.887
2.034
2.030
2.010
2.454
2.544
2.520
2.466
2.515
2.455
1.133
1.348
1.133
1.535
1.634
1.602
1.266
1.382
1.304
0.963
1.177
1.057
0.931
1.138
1.049
1.736
1.842
1.774
1.945
1.749
1.724
1.236
1.436
1.398
0.684
0.801
0.731
0.977
1.086
1.032
0.807
1.288
0.995
1.564
1.702
1.603
2.329
2.414
2.365
2.300
2.727
2.758
1.240
1.384
1.284
1.428
1.689
1.446
1.915
2.218
2.072
1.154
1.174
1.126
2.491
2.523
2.523
2.598
2.733
2.367
1.175
1.419
1.251
1.726
1.706
1.521
1.332
1.611
1.513
1.489
1.487
1.441
1.097
1.258
1.110
3.058
3.017
3.030
1.781
1.798
1.587
1.950
2.103
2.074
1.615
2.033
1.868
1.144
1.277
1.218
1.562
1.694
1.659
0.975
1.086
0.920
1.098
1.364
1.093
1.615
1.709
1.571
0.598
0.910
0.744
0.700
0.861
0.843
2.240
2.219
2.288
1.348
1.455
1.350
1.896
2.008
1.959
1.246
1.471
1.345
1.272
1.314
1.309
1.815
1.901
1.872
1.954
1.968
1.739
1.414
1.529
1.475
1.333
1.483
1.390
0.609
0.622
0.639
1.283
1.390
1.307
0.794
0.956
0.867
1.282
1.358
1.376
1.244
1.382
1.267
1.098
1.431
1.281
2.302
2.295
2.117
1.137
1.176
1.117
2.540
2.560
2.505
1.366
1.400
1.442
1.552
1.623
1.581
1.537
1.643
1.559
1.869
1.822
1.815
1.716
1.755
1.721
1.192
1.253
1.084
1.197
1.401
1.248
1.197
1.401
1.248
2.095
2.165
2.164
0.956
1.035
0.995
1.316
1.381
1.393
0.701
0.764
0.665
0.879
1.025
0.936
1.399
1.642
1.328
0.362
0.337
0.341
1.841
1.798
1.789
1.159
1.356
1.142
1.221
1.346
1.226
1.506
1.560
1.555
1.791
1.968
1.956
1.329
1.494
1.364
0.795
0.940
0.903
0.606
0.660
0.662
1.287
1.492
1.469
2.152
2.132
2.073
1.739
1.853
1.635
1.069
1.237
1.136
0.712
0.874
0.792
1.356
1.485
1.388
1.766
1.822
1.745
2.086
2.138
2.096
1.594
1.833
1.682
1.987
2.073
2.045
1.739
1.849
1.776
0.957
1.139
1.151
1.247
1.419
1.302
1.205
1.461
1.378
1.137
1.300
1.189
1.825
1.992
1.944
2.422
2.531
2.527
1.380
1.613
1.363
0.656
0.847
0.783
0.403
0.405
0.395
0.900
1.081
0.926
0.900
1.081
0.926
2.658
2.806
2.778
1.836
2.110
2.054
1.910
2.227
1.892
1.959
2.161
2.079
0.942
1.161
1.025
1.102
1.140
1.018
1.895
1.784
1.666
0.954
1.109
1.024
1.009
1.231
1.131
1.437
1.461
1.511
1.123
1.255
1.184
1.828
2.191
2.190
0.867
1.071
0.969
1.414
1.375
1.392
1.093
1.162
1.125
1.720
1.789
1.697
1.020
1.112
1.070
1.386
1.461
1.497
2.125
2.380
2.256
1.412
1.555
1.487
0.609
0.831
0.756
1.702
1.593
1.692
0.941
1.077
1.041
1.174
1.280
1.226
1.531
1.584
1.462
1.541
1.613
1.542
1.817
1.907
1.914
0.760
0.831
0.771
0.999
1.185
1.030
1.263
1.379
1.343
1.251
1.478
1.275
1.173
1.297
1.240
1.119
1.195
1.141
0.927
1.168
0.987
1.793
1.935
1.890
1.074
1.116
1.073
1.191
1.280
1.209
1.185
1.318
1.245
0.732
0.811
0.719
1.335
1.486
1.365
1.282
1.388
1.231
0.996
1.146
0.946
0.958
1.036
0.970
1.455
1.526
1.398
0.388
0.472
0.436
1.008
1.099
1.023
2.161
2.248
2.191
2.397
2.589
2.461
1.508
1.753
1.594
2.187
2.244
2.232
1.468
1.524
1.532
0.805
0.991
0.908
2.526
2.626
2.523
0.977
1.232
1.110
2.517
2.595
2.536
1.043
1.138
1.121
1.099
1.146
1.091
1.498
1.667
1.571
1.256
1.951
1.448
2.022
2.062
2.026
2.128
2.221
2.164
1.197
1.235
1.144
1.520
1.746
1.632
1.129
1.229
1.159
1.432
1.463
1.375
2.793
2.851
2.692
0.566
0.675
0.638
1.974
1.893
1.867
2.504
2.647
2.712
2.008
2.050
1.967
2.614
2.644
2.623
0.850
0.832
0.804
0.950
1.136
1.183
0.447
0.746
0.669
1.550
1.710
1.815
1.609
1.681
1.691
0.623
0.873
0.789
0.623
0.873
0.789
1.135
1.309
1.251
1.217
1.359
1.138
0.710
0.721
0.689
1.572
1.505
1.453
1.626
1.676
1.651
2.127
2.311
2.263
2.127
2.356
2.263
0.988
1.045
0.981
2.908
2.949
2.943
1.970
2.052
2.069
1.626
1.849
1.642
1.863
1.904
1.877
0.922
0.999
0.917
1.847
2.192
2.128
1.993
2.064
2.127
0.752
1.061
0.948
1.111
1.349
1.159
1.142
1.195
1.222
1.498
1.706
1.676
1.006
1.144
0.978
2.220
2.383
2.205
2.402
2.551
2.461
1.161
1.170
1.126
1.866
1.907
1.878
2.280
2.340
2.269
3.047
3.238
3.127
1.340
1.590
1.550
1.523
1.798
1.399
2.657
2.660
2.678
1.013
1.054
1.013
1.690
1.809
1.736
1.043
1.188
1.125
1.314
1.360
1.304
1.592
1.630
1.529
0.659
0.727
0.636
1.020
1.215
1.086
2.721
2.921
2.838
0.948
1.148
1.013
1.650
1.430
1.547
1.571
1.785
1.576
2.359
2.605
2.433
2.212
2.382
2.285
1.340
1.556
1.524
1.030
1.141
1.082
1.077
1.268
1.171
1.883
1.966
1.951
2.641
2.702
2.706
1.328
1.392
1.299
1.167
1.309
1.215
2.264
2.254
2.141
2.581
2.634
2.613
2.095
2.252
2.165
0.648
0.810
0.702
1.784
1.770
1.835
0.918
1.098
1.517
2.226
2.339
2.364
1.321
1.494
1.313
1.705
1.769
1.766
2.176
2.358
2.214
0.545
0.592
0.433
1.521
1.616
1.521
1.018
1.083
1.061
1.078
1.205
1.135
2.146
2.301
2.224
2.023
2.087
2.040
0.997
1.145
1.125
0.960
0.959
0.806
1.631
1.669
1.693
2.131
2.273
2.204
1.650
1.755
1.655
1.175
1.306
1.149
1.584
1.879
1.654
1.050
1.101
1.021
1.877
1.987
1.917
1.492
1.537
1.478
1.474
1.662
1.530
1.526
2.092
1.990
0.874
1.206
1.099
0.979
1.206
1.067
2.026
2.074
2.025
1.644
1.664
1.638
1.731
1.808
1.693
0.976
1.041
0.961
1.300
1.367
1.470
1.634
1.738
1.674
0.822
0.902
0.797
1.736
1.813
1.799
1.770
1.704
1.762
2.044
2.051
2.076
0.825
0.889
0.823
1.343
1.441
1.361
1.439
1.680
1.743
2.431
2.497
2.418
0.714
0.892
0.821
1.450
1.496
1.466
1.820
1.994
2.074
1.389
1.684
1.624
1.706
1.852
1.847
1.706
1.936
1.933
1.053
1.430
1.326
1.892
2.490
2.337
1.596
1.638
1.669
1.214
1.233
1.200
2.242
2.725
2.673
1.843
1.849
1.651
1.196
1.208
1.197
2.186
2.359
2.192
0.817
0.934
0.871
0.556
0.759
0.724
1.789
1.957
1.951
1.715
2.113
2.128
1.076
1.113
1.028
0.495
0.700
0.618
2.243
2.268
2.279
1.196
1.352
1.296
0.720
0.899
0.757
1.840
1.963
1.913
1.394
1.477
1.480
0.814
1.044
0.943
0.469
0.945
0.671
1.008
1.065
1.025
1.119
1.349
1.228
1.886
2.025
1.948
1.489
1.503
1.568
1.055
1.190
1.137
1.041
1.136
1.029
1.841
1.986
1.926
1.065
1.180
1.055
1.022
1.123
1.083
1.098
1.176
1.136
1.755
1.937
1.818
1.780
1.829
1.752
1.174
1.190
1.077
1.849
1.915
1.757
1.188
1.376
1.279
1.211
1.601
1.460
1.455
1.597
1.440
1.254
1.220
1.234
1.355
1.515
1.457
1.755
1.774
1.783
1.446
1.624
1.466
0.722
0.811
0.779
1.312
1.315
1.305
1.477
1.714
1.564
2.340
2.562
2.340
2.130
2.218
2.129
1.667
1.860
1.779
0.790
1.199
0.849
0.521
0.658
0.623
1.010
1.110
1.052
0.995
1.115
1.061
1.284
1.759
1.365
1.811
1.797
1.787
1.342
1.415
1.327
0.796
1.078
0.974
0.725
0.685
0.580
0.924
1.177
0.989
0.638
1.147
0.812
1.187
1.281
1.231
1.001
1.097
1.116
0.612
0.723
0.634
1.573
1.667
1.595
0.735
1.018
0.808
1.507
1.633
1.498
0.767
0.990
0.862
1.007
1.216
1.179
0.945
1.175
1.111
0.803
0.818
0.705
1.268
1.320
1.166
1.620
1.732
1.680
1.375
1.404
1.222
1.527
1.621
1.578
1.363
1.509
1.271
0.464
0.580
0.515
1.733
2.148
1.852
1.752
1.821
1.772
1.831
1.690
1.716
1.113
1.323
1.061
1.154
1.298
1.192
1.728
1.795
1.702
2.873
3.072
2.976
1.219
1.345
1.274
1.407
1.639
1.426
0.941
0.981
0.927
2.056
2.123
1.996
0.943
1.261
1.002
0.834
0.992
0.755
2.968
3.090
3.013
1.887
1.928
1.880
2.327
2.487
2.385
1.486
1.557
1.413
0.924
1.026
0.964
1.409
1.451
1.422
1.809
1.866
1.803
1.586
1.931
1.537
0.781
0.824
0.806
1.072
1.274
1.293
3.971
4.031
3.968
1.468
1.638
1.470
2.042
2.066
2.356
2.074
2.126
1.968
1.197
1.335
1.301
1.033
1.187
1.023
0.828
0.973
0.931
1.363
1.455
1.416
1.647
1.886
1.890
1.204
1.321
1.285
1.179
1.263
1.230
0.727
0.961
0.892
1.089
1.297
1.107
2.158
2.287
2.288
0.659
0.706
0.692
0.760
0.837
0.797
2.134
2.352
2.263
1.027
1.001
0.966
1.713
1.889
1.756
1.220
1.648
1.470
1.220
1.350
1.194
0.986
1.080
0.964
0.592
0.818
0.728
1.291
1.425
1.230
0.926
1.002
0.987
1.399
1.419
1.391
2.319
2.370
2.250
1.053
1.236
1.220
1.605
1.849
1.693
0.727
1.252
1.057
1.394
1.487
1.448
2.111
2.157
2.096
0.659
0.775
0.667
1.053
1.232
1.196
1.855
1.971
2.016
1.303
1.381
1.305
1.217
1.311
1.302
1.529
1.584
1.486
2.333
2.356
2.320
2.351
2.402
2.387
1.627
1.691
1.677
1.261
1.359
1.297
1.330
1.487
1.428
1.567
1.788
1.689
1.175
1.237
1.179
1.772
1.855
1.835
0.836
0.955
0.897
1.574
1.639
1.537
1.293
1.332
1.371
1.942
2.012
1.987
0.892
1.148
1.040
0.796
1.078
0.974
1.997
2.208
2.109
1.452
1.462
1.363
1.578
1.592
1.534
1.956
2.017
1.978
1.168
1.291
1.157
0.868
1.094
1.003
0.753
0.936
0.801
1.099
1.203
1.100
1.475
1.621
1.617
1.163
1.311
1.281
0.924
1.099
0.803
0.857
1.084
0.971
1.599
1.755
1.643
0.691
0.773
0.712
1.734
1.786
1.780
1.060
1.282
1.204
0.914
1.040
0.950
1.686
1.528
1.585
0.742
0.862
0.842
1.564
1.696
1.630
2.889
3.017
2.886
0.878
1.012
0.993
1.614
1.745
1.613
1.511
1.439
1.463
1.880
1.962
1.929
1.615
1.692
1.608
1.267
1.440
1.376
1.018
1.215
1.106
1.279
1.263
1.146
0.462
0.514
0.425
3.927
4.032
3.981
1.888
1.869
1.817
1.761
1.813
1.769
0.456
0.532
0.483
0.881
1.010
0.860
0.854
1.063
0.867
0.854
1.075
0.867
1.218
1.274
1.218
0.989
1.068
0.989
1.113
1.327
1.178
1.293
1.394
1.264
2.444
2.538
2.411
1.889
1.915
1.792
1.427
1.543
1.354
1.134
1.201
1.149
2.431
2.519
2.418
1.899
1.985
1.970
2.149
2.190
1.935
2.214
2.164
2.257
1.319
1.234
1.247
0.664
0.864
0.782
3.111
3.131
3.075
0.658
1.099
0.845
1.693
1.722
1.672
0.753
0.748
0.759
0.936
1.036
1.015
0.850
1.140
0.970
2.103
2.197
2.202
2.883
2.838
2.981
1.643
1.712
1.459
2.345
2.412
2.351
1.540
1.757
1.650
1.493
1.620
1.615
1.373
1.520
1.560
1.111
1.178
1.127
1.197
1.220
1.144
1.986
2.240
2.058
1.453
1.590
1.537
1.090
1.204
1.128
1.360
1.465
1.425
1.195
1.213
1.230
1.176
1.150
1.036
1.223
1.429
1.327
1.149
1.263
1.200
1.159
1.352
1.205
1.357
1.416
1.400
1.541
1.599
1.495
1.304
1.303
1.220
1.093
1.182
1.011
1.856
2.032
1.877
1.456
1.529
1.439
1.365
1.478
1.398
1.962
2.023
2.010
0.781
1.029
1.006
0.886
0.946
0.927
1.558
1.502
1.570
1.722
1.871
1.745
0.837
0.905
0.886
1.009
1.114
0.925
1.874
1.974
1.906
1.401
1.500
1.460
1.436
1.372
1.371
0.945
1.041
0.994
2.371
2.452
2.395
0.836
0.932
0.824
1.295
1.504
1.303
0.817
0.888
0.834
0.904
0.916
1.152
1.170
1.196
1.108
1.097
1.259
1.192
2.080
2.094
2.160
0.459
0.587
0.562
1.564
1.588
1.531
0.625
0.745
0.689
0.871
1.031
0.883
1.492
1.730
1.630
3.415
3.351
3.358
1.892
1.951
1.932
1.585
1.752
1.683
2.536
2.678
2.594
1.015
1.144
1.126
1.516
2.180
1.395
0.934
0.909
0.831
0.791
0.897
0.792
0.739
0.786
0.728
2.348
2.531
2.329
1.658
1.735
1.670
1.027
1.113
1.032
1.949
2.101
1.950
1.286
1.324
1.290
1.109
1.186
1.109
1.322
1.528
1.369
1.103
1.280
1.202
1.080
1.172
1.040
0.558
0.836
0.696
1.918
1.917
1.774
0.561
0.813
0.680
1.224
1.318
1.288
1.442
1.465
1.397
1.013
1.075
0.970
2.715
2.922
2.778
1.879
1.990
1.910
1.792
1.808
1.696
1.837
1.886
1.866
1.604
1.700
1.655
1.179
1.329
1.240
2.086
2.154
2.122
1.547
1.638
1.612
1.811
1.889
1.842
0.805
0.853
0.762
1.905
1.903
1.908
2.310
2.333
2.247
1.031
1.386
1.300
2.034
2.087
2.054
1.844
2.034
1.913
0.990
1.048
0.955
0.832
0.864
0.836
0.859
1.015
0.942
2.654
2.695
2.639
1.323
1.361
1.338
2.107
2.341
2.133
0.858
1.081
1.002
1.460
1.470
1.217
2.187
2.280
2.233
0.928
1.279
1.350
1.266
1.378
1.244
2.097
2.490
2.428
2.220
2.306
2.188
1.941
2.161
1.898
1.381
1.503
1.440
1.647
2.198
1.978
0.559
0.795
0.684
2.127
2.151
2.107
1.228
1.221
1.194
0.997
1.158
1.044
0.941
1.460
1.634
2.579
2.650
2.593
1.287
1.350
1.323
1.837
1.920
1.946
1.442
1.531
1.441
2.098
2.369
2.289
1.327
1.355
1.390
1.842
1.893
1.829
1.727
1.805
1.632
1.400
1.643
1.587
0.809
0.974
0.910
1.085
1.608
1.205
0.939
1.054
0.943
3.969
3.992
3.982
1.122
1.188
1.065
2.097
2.154
2.090
1.986
2.046
1.964
2.318
2.403
2.340
1.535
1.920
1.871
2.105
2.235
2.107
0.978
1.267
1.149
1.308
1.394
1.266
0.988
1.190
1.106
1.658
2.087
1.798
1.419
1.538
1.500
1.143
1.260
1.189
1.016
1.209
1.071
1.256
1.325
1.198
1.167
1.308
1.243
1.030
1.152
1.105
0.521
0.638
0.619
1.204
1.335
1.224
1.539
1.577
1.482
1.614
1.763
1.625
1.206
1.246
1.215
1.491
1.555
1.495
1.238
1.406
1.330
0.910
0.996
0.876
1.505
1.579
1.529
0.936
1.016
0.896
1.511
1.596
1.533
1.523
1.577
1.515
1.772
1.837
1.773
1.755
1.917
1.754
1.797
1.868
1.849
1.901
2.001
2.021
0.821
0.887
0.839
1.191
1.440
1.144
1.501
1.502
1.428
0.956
1.000
0.961
1.794
2.058
1.955
1.633
1.919
1.924
1.799
2.002
1.761
1.636
1.793
1.620
0.753
0.842
0.653
1.944
1.973
1.967
1.600
1.677
1.573
1.624
1.609
1.338
1.195
1.640
1.385
1.764
1.867
1.946
2.649
2.887
2.783
2.649
2.887
2.783
1.316
1.470
1.308
1.348
1.436
1.417
0.986
1.105
1.058
2.377
2.482
2.413
1.865
1.952
1.907
0.950
1.045
0.960
3.158
3.218
3.188
1.887
2.006
1.977
1.334
1.408
1.171
2.650
2.659
2.652
2.560
2.751
2.720
1.149
1.227
1.044
1.352
1.467
1.409
2.009
2.095
2.021
1.150
1.276
1.233
1.750
1.804
1.777
1.615
1.797
1.779
2.000
2.046
1.941
1.371
1.430
1.354
1.101
1.184
1.092
0.662
0.974
0.836
0.847
1.512
0.998
1.675
1.868
1.844
2.052
2.277
2.238
2.342
2.445
2.408
1.012
1.172
1.001
1.466
1.628
1.475
1.073
1.162
0.978
1.222
1.348
1.320
0.648
1.058
0.748
1.053
1.150
1.139
0.813
0.888
0.862
0.975
1.062
0.875
0.947
1.094
1.261
0.799
0.975
0.874
0.788
0.735
0.515
1.961
2.116
2.023
1.237
1.345
1.324
0.873
1.026
0.940
1.561
1.641
1.533
1.398
1.575
1.489
0.944
1.464
0.838
0.838
1.081
1.021
2.142
2.128
2.093
1.960
2.127
2.120
2.756
2.817
2.752
1.358
1.295
1.098
0.783
0.892
0.843
1.899
1.970
1.806
1.557
1.687
1.599
2.489
2.464
2.587
0.913
1.004
0.877
1.359
1.459
1.432
0.988
1.165
1.039
2.579
2.564
2.372
1.575
1.715
1.651
0.917
1.179
0.985
0.917
1.183
0.985
1.364
1.644
1.414
0.856
1.011
0.917
1.100
1.111
1.052
1.290
1.405
1.287
1.290
1.398
1.288
1.237
1.290
1.241
0.869
1.173
1.055
3.712
3.801
3.758
1.202
1.368
1.284
0.954
1.059
0.889
1.371
1.457
1.441
2.060
2.108
2.107
1.818
1.938
1.855
0.614
0.796
0.672
0.978
1.009
0.977
0.770
0.899
0.866
1.544
1.665
1.447
1.387
1.440
1.354
1.594
1.684
1.702
1.156
1.282
1.201
1.889
2.019
1.991
0.799
0.839
0.674
1.179
1.276
1.217
1.747
1.744
1.745
1.538
1.633
1.621
0.682
0.732
0.630
1.484
1.507
1.464
1.617
1.648
1.630
1.581
1.815
1.797
0.842
1.207
0.975
1.705
1.755
1.756
0.966
1.041
0.970
1.431
1.510
1.497
1.462
1.608
1.485
0.969
1.144
1.072
2.559
2.598
2.548
1.717
1.769
1.648
1.012
1.081
1.003
2.003
2.120
2.089
2.635
2.659
2.510
1.729
1.877
1.836
1.233
1.230
1.166
2.042
2.274
2.204
1.115
1.182
1.111
1.182
1.298
1.178
4.041
4.040
4.106
1.021
1.163
1.130
0.695
0.852
0.742
1.222
1.263
1.204
1.509
1.586
1.518
1.663
1.805
1.701
1.020
1.037
0.954
1.820
2.188
2.152
0.862
0.983
0.846
1.111
1.307
1.195
1.476
1.746
1.740
1.106
1.232
1.181
0.641
0.921
0.654
1.064
1.209
1.119
1.206
1.354
1.330
1.497
1.567
1.611
1.187
1.284
1.190
1.085
1.185
1.147
1.844
1.876
1.772
0.966
1.158
1.078
1.424
1.585
1.516
1.428
1.530
1.328
1.161
1.297
1.223
0.737
0.911
0.834
1.137
1.305
1.177
1.424
1.438
1.347
1.852
1.826
1.722
1.689
1.731
1.690
1.188
1.472
1.364
1.297
1.308
1.240
1.410
1.641
1.590
1.129
1.131
1.109
2.083
2.160
2.101
1.092
1.235
1.161
2.319
2.516
2.337
2.246
2.332
2.289
0.891
1.004
0.873
0.764
0.887
0.717
2.474
2.572
2.557
0.695
1.016
0.744
1.844
2.040
1.990
1.493
1.563
1.530
0.675
0.773
0.734
1.157
1.329
1.265
0.805
1.038
1.012
0.761
0.792
0.654
2.180
2.366
2.207
2.464
2.533
2.348
2.074
2.077
2.101
0.742
0.973
0.829
0.723
0.892
0.765
1.080
1.441
1.253
2.354
2.463
2.387
1.230
1.375
1.314
2.160
2.248
1.652
1.550
1.744
1.632
0.736
0.975
0.846
0.892
1.143
0.995
1.431
1.618
1.485
1.648
1.753
1.610
0.866
0.943
0.611
2.156
2.202
2.169
2.042
2.168
2.157
1.732
1.914
1.925
1.887
2.016
1.996
1.116
1.219
1.146
0.604
0.836
0.801
1.045
1.409
1.122
2.335
2.495
2.413
2.223
2.370
2.227
1.426
1.864
1.632
1.125
1.279
1.281
1.158
1.281
1.182
1.029
1.134
1.083
1.205
1.446
1.119
1.008
1.203
1.140
0.808
0.877
0.863
1.181
1.284
1.204
0.827
1.452
1.430
1.330
1.510
1.460
0.600
0.642
0.410
1.263
1.347
1.231
1.644
1.729
1.808
1.865
1.810
1.872
1.589
1.645
1.612
0.885
0.870
0.758
1.601
1.588
1.635
0.752
0.861
0.844
1.906
1.996
1.929
1.662
1.975
1.856
0.818
1.020
0.949
1.301
1.438
1.372
1.144
1.221
1.201
2.148
2.154
2.066
0.827
1.273
0.884
1.340
1.559
1.457
3.668
3.694
3.706
1.207
1.627
1.324
1.929
2.004
1.900
1.227
1.041
1.158
0.799
1.012
0.855
1.866
2.120
1.920
1.081
1.491
1.131
1.379
1.606
1.416
2.236
2.277
2.280
1.502
1.690
1.299
3.055
3.081
3.044
1.225
1.534
1.450
1.818
1.804
1.757
1.786
2.002
1.949
1.167
1.191
1.169
1.418
1.521
1.443
1.595
1.794
1.528
1.288
1.423
1.437
1.351
1.361
1.260
1.265
1.397
1.338
1.546
1.775
1.737
1.369
1.520
1.430
1.628
1.809
1.767
1.204
1.265
1.239
2.028
2.174
2.107
1.342
1.455
1.350
1.711
1.723
1.810
1.878
1.814
1.763
0.720
0.913
0.840
2.219
2.230
1.961
0.656
0.767
0.743
1.672
1.748
1.679
1.348
1.566
1.433
1.184
1.291
1.643
0.876
1.219
0.998
0.884
1.164
1.049
0.966
1.319
1.156
0.815
0.927
0.857
1.419
1.527
1.495
0.395
0.645
0.542
0.980
1.440
1.294
1.266
1.474
1.307
1.025
1.081
1.016
1.080
1.147
1.092
1.861
2.081
1.748
0.921
1.123
1.005
2.212
2.285
2.209
0.735
0.971
0.896
1.327
1.512
1.548
1.147
1.457
1.342
2.242
2.266
2.154
0.843
1.009
0.931
1.285
1.458
1.372
2.234
2.398
2.198
1.398
1.796
1.567
1.169
1.211
1.216
0.601
0.851
0.718
1.167
1.165
1.010
0.948
0.997
0.980
1.746
1.776
1.611
1.253
1.302
1.267
1.430
1.455
1.419
1.287
1.376
1.343
0.948
0.901
0.817
1.075
1.244
1.114
1.066
1.183
1.131
0.955
0.983
0.948
1.041
1.139
1.038
0.761
0.850
0.846
0.849
0.942
0.808
1.499
1.546
1.443
0.668
0.777
0.770
1.731
1.852
1.714
0.798
0.908
0.692
1.431
1.556
1.483
1.595
1.631
1.500
1.270
1.352
1.308
0.857
1.054
0.923
0.950
1.019
0.929
1.127
1.302
1.236
1.697
1.819
1.750
1.381
1.547
1.464
1.958
2.165
1.931
0.593
0.853
0.827
1.652
1.793
1.634
0.583
0.834
0.643
1.541
1.674
1.968
0.821
0.914
0.779
0.498
0.639
0.581
1.638
1.807
1.629
1.653
1.791
1.710
1.748
1.960
2.244
1.900
2.113
2.420
1.748
1.960
2.244
1.900
2.113
2.420
1.900
2.113
2.420
1.748
1.960
2.244
1.684
1.887
2.136
0.869
0.833
0.841
0.948
1.051
0.973
0.784
1.029
0.852
1.188
1.202
1.188
1.708
1.761
1.690
3.260
3.250
3.004
1.296
1.433
1.246
1.467
1.617
1.542
2.104
2.162
2.266
2.538
2.502
2.511
1.429
1.464
1.370
1.148
1.255
1.172
2.294
2.406
2.358
1.741
1.936
1.803
0.638
0.720
0.676
2.579
2.524
2.478
1.775
1.776
1.810
1.134
1.420
1.195
1.073
1.279
1.215
1.135
1.286
1.218
1.606
1.617
1.476
0.832
0.836
0.663
0.789
0.883
0.838
1.336
1.569
1.455
1.351
1.612
1.510
1.243
1.406
1.326
0.685
0.926
0.746
1.698
1.717
1.699
1.735
1.846
1.703
1.853
1.886
1.521
2.548
2.744
2.599
1.083
1.176
1.108
0.795
0.901
0.861
0.959
1.015
0.968
1.252
1.300
1.285
1.270
1.401
1.257
1.778
1.911
1.841
0.827
1.700
1.098
2.160
2.308
2.567
0.771
0.868
0.814
1.010
1.085
1.038
0.607
0.796
0.731
1.493
1.645
1.375
0.908
0.999
0.918
1.124
1.221
1.103
0.878
1.009
0.860
1.501
1.605
1.535
1.194
1.352
1.215
1.563
1.552
1.552
1.350
1.509
1.379
1.537
1.582
1.434
2.727
2.755
2.679
1.362
1.421
1.329
1.630
1.824
1.666
1.744
1.795
1.707
0.796
0.902
0.795
1.465
1.505
1.486
2.406
2.482
2.312
0.802
0.880
0.867
1.400
1.429
1.393
1.076
1.147
1.113
0.843
0.954
0.863
1.164
1.157
1.133
1.427
1.629
1.690
1.529
1.662
1.544
1.000
1.126
1.015
0.801
0.869
0.838
2.547
2.659
2.641
3.918
3.997
3.949
0.837
0.977
0.830
1.723
1.813
1.676
1.723
1.860
1.810
0.726
0.747
0.675
1.276
1.392
1.307
1.413
1.483
1.467
2.272
2.290
2.208
1.720
1.843
1.777
1.423
1.829
1.539
1.485
1.488
1.454
1.598
1.738
1.586
0.834
1.044
0.955
1.169
1.270
1.206
1.740
1.800
1.795
1.191
1.294
1.245
1.151
1.210
1.420
0.822
1.171
0.913
1.187
1.274
1.298
1.675
1.845
1.761
1.394
1.482
1.491
1.779
1.866
1.842
3.545
3.595
3.469
1.373
1.433
1.430
0.615
0.900
0.788
1.411
1.547
1.456
1.644
1.776
1.755
2.660
2.503
2.546
1.617
1.698
1.673
1.011
1.079
1.088
1.504
1.524
1.532
1.363
1.604
1.424
1.158
1.533
1.286
2.398
2.505
2.410
2.252
2.263
2.218
2.847
2.916
2.882
0.712
0.647
0.675
2.180
2.320
2.239
0.964
1.160
1.169
1.825
1.921
1.795
1.071
1.111
1.011
0.599
0.665
0.533
1.117
1.141
1.095
0.824
0.891
0.844
1.389
1.525
1.447
1.048
1.112
1.225
1.140
1.212
1.189
4.174
4.164
4.101
1.249
1.463
1.292
1.787
1.998
1.840
1.325
1.350
1.335
2.149
2.050
2.027
2.173
2.243
2.192
1.204
1.325
1.154
1.891
2.022
1.947
1.864
1.959
1.871
1.539
1.671
1.502
1.999
2.075
2.061
1.648
1.809
1.705
1.356
1.390
1.377
1.356
1.415
1.398
1.232
1.477
1.347
1.786
1.917
1.814
1.803
2.031
1.935
1.070
1.213
1.133
1.707
1.869
1.713
1.734
1.805
1.752
0.731
0.958
0.841
1.281
1.416
1.447
1.198
1.366
1.325
0.730
1.044
0.895
1.874
2.021
1.916
1.446
1.571
1.493
1.103
1.122
0.658
1.502
1.689
1.627
1.702
1.792
1.661
0.542
0.683
0.660
0.795
1.089
0.955
0.866
0.878
0.891
1.706
1.913
1.740
1.367
1.522
1.472
1.792
1.844
1.782
1.586
1.653
1.603
1.231
1.502
1.217
1.493
1.879
1.675
0.937
1.161
0.974
1.277
1.353
1.258
1.496
1.668
1.623
1.272
1.265
1.056
1.483
1.606
1.477
0.906
1.599
1.119
1.172
1.199
1.131
1.882
1.993
1.950
0.886
0.942
0.917
0.810
0.923
0.742
1.870
1.943
1.916
1.703
1.925
1.874
1.620
1.812
1.994
1.460
1.736
1.590
3.346
3.364
3.323
1.200
1.402
1.352
1.624
2.084
1.727
1.283
1.429
1.307
1.425
1.639
1.672
0.882
0.939
0.884
1.433
1.444
1.274
0.698
0.788
0.732
1.035
1.296
1.111
0.922
0.983
0.944
0.608
0.722
0.651
0.761
0.895
0.859
0.603
0.829
0.848
0.495
0.641
0.576
0.742
1.037
0.770
1.950
2.002
1.903
1.915
1.973
1.954
0.921
1.210
0.948
1.448
1.532
1.485
1.697
1.729
1.717
0.728
0.811
0.624
1.007
1.180
1.012
1.972
2.188
2.087
1.360
1.437
1.310
1.344
1.565
1.470
2.149
2.337
2.232
0.816
1.002
0.928
1.400
1.546
1.533
1.216
1.354
1.251
0.678
0.808
0.681
1.533
1.737
1.611
1.507
1.575
1.534
1.441
1.543
1.404
1.434
1.731
1.494
1.162
1.164
1.161
2.206
2.751
2.231
1.735
1.763
1.721
0.532
0.641
0.461
2.264
2.279
2.326
2.060
2.086
2.069
1.454
1.522
1.477
1.631
1.767
1.568
1.508
1.472
1.403
0.844
0.862
0.843
2.642
2.794
2.615
1.457
1.410
1.284
1.426
1.500
1.296
0.523
0.700
0.586
1.320
1.455
1.368
0.873
1.442
0.890
0.714
0.900
0.861
0.792
1.163
0.863
0.792
1.162
0.970
2.101
2.097
2.128
0.926
1.187
1.044
0.820
0.887
0.848
0.777
1.061
0.775
0.805
0.983
0.897
2.271
2.327
2.284
1.227
1.357
1.288
1.746
2.073
1.920
1.614
1.711
1.643
2.083
2.152
2.078
1.145
1.247
1.178
2.073
2.134
2.092
1.420
1.505
1.481
1.572
1.741
1.534
1.273
1.299
1.202
0.735
0.803
0.771
0.719
0.937
0.783
0.931
1.260
1.160
1.049
1.141
1.045
0.861
0.964
0.818
1.920
2.218
2.068
0.946
1.435
1.128
1.124
1.560
1.688
1.635
1.772
1.636
1.657
1.709
1.737
1.207
1.271
1.188
2.259
2.332
2.302
1.930
2.100
2.093
1.468
1.513
1.517
1.387
1.482
1.428
1.060
1.115
1.050
1.792
2.204
1.803
0.762
0.967
0.881
1.643
1.720
1.723
2.184
2.605
2.286
1.532
1.610
1.582
1.257
1.549
1.429
1.853
1.914
1.881
1.328
1.338
1.270
1.040
1.147
1.061
0.642
0.742
0.562
1.122
1.120
1.319
1.805
1.923
1.921
0.814
1.303
0.726
0.844
1.616
0.585
0.695
0.793
0.688
1.058
1.514
0.959
1.763
1.833
1.685
2.613
2.705
2.613
1.039
1.124
1.037
2.935
3.032
2.988
1.647
1.648
1.600
1.244
1.357
1.280
2.134
2.279
2.189
1.121
1.273
1.211
0.960
1.025
0.975
0.836
0.922
0.901
1.161
1.247
0.966
1.254
1.576
1.388
1.659
1.944
1.795
1.578
1.641
1.626
0.939
1.333
1.509
1.683
1.783
1.691
0.906
1.009
0.962
3.021
3.085
3.054
1.357
1.398
1.327
2.111
2.216
2.139
1.210
1.229
1.245
0.682
0.904
0.876
0.682
0.904
0.876
0.682
0.904
0.876
1.243
1.401
1.260
0.755
0.847
0.753
0.964
1.139
0.993
1.661
1.714
1.658
0.797
0.937
0.882
0.796
0.995
0.886
0.852
0.955
0.850
0.934
1.087
0.989
0.934
1.253
1.181
1.355
1.330
1.187
1.043
1.668
1.172
1.252
1.771
1.359
1.065
1.130
1.293
0.937
1.081
1.003
1.422
1.551
1.470
0.999
1.120
1.012
1.560
1.602
1.592
1.478
1.742
1.684
1.805
1.983
1.908
3.174
3.273
3.013
0.998
1.114
1.077
1.170
1.328
1.234
1.318
1.316
1.140
0.794
0.904
0.657
1.536
1.714
1.609
0.640
0.797
0.724
1.020
1.100
1.076
1.577
1.760
1.551
1.268
1.314
1.306
1.722
2.282
1.824
1.941
1.979
1.927
0.988
1.070
1.021
1.302
2.040
1.230
1.238
1.220
1.236
0.630
0.694
0.544
2.140
2.361
2.223
1.550
1.680
1.661
1.000
1.032
1.000
0.730
0.993
0.781
3.459
3.401
3.509
1.536
1.641
1.486
1.420
1.448
1.443
0.489
0.656
0.516
2.116
2.218
2.078
1.254
1.478
1.323
1.293
1.501
1.358
1.616
1.997
1.773
0.924
1.107
0.953
0.789
0.843
0.788
1.366
1.450
1.370
1.285
1.382
1.247
1.668
1.821
1.788
0.938
1.088
0.983
1.100
1.119
1.027
1.178
1.292
1.287
1.221
1.428
1.346
0.840
1.125
0.866
0.598
0.656
0.627
1.621
1.834
1.629
1.034
1.091
1.043
1.346
1.397
1.582
1.155
1.213
1.159
0.506
0.797
0.570
2.419
2.454
2.444
1.116
1.266
1.206
0.923
1.095
1.009
1.639
1.788
1.694
2.436
2.605
2.466
1.519
1.499
1.396
1.576
1.589
1.700
0.769
0.807
0.796
1.916
2.031
2.038
0.898
0.988
0.923
2.183
2.240
2.270
1.529
1.758
1.635
3.505
3.539
3.449
3.041
3.150
3.213
1.097
1.371
1.167
1.274
1.204
1.177
1.088
0.953
0.794
1.333
1.394
1.313
1.070
1.221
1.135
2.253
2.358
2.250
1.416
1.511
1.444
0.855
0.909
0.746
1.614
1.646
1.382
2.045
2.043
1.967
1.025
1.264
1.113
2.710
2.779
2.759
1.591
1.626
1.626
1.862
1.951
1.853
0.808
0.927
0.862
0.980
1.084
0.947
1.110
1.048
1.071
0.845
1.075
0.951
1.307
1.527
1.425
2.284
2.502
2.412
0.998
1.096
0.933
1.305
1.331
1.290
0.989
1.217
1.223
0.761
0.878
0.811
0.868
1.331
0.760
1.026
1.087
0.968
0.586
0.752
0.696
0.977
1.075
1.042
1.468
1.525
1.488
2.236
2.155
2.206
3.009
3.067
2.751
2.907
3.198
3.127
1.810
2.006
1.768
1.810
1.943
1.778
1.069
1.299
1.178
1.514
1.681
1.510
0.817
0.878
0.796
1.612
1.594
1.521
1.310
1.484
1.402
0.924
1.119
1.067
0.950
1.003
0.951
1.478
1.609
1.479
1.269
1.389
1.333
1.122
1.200
1.040
1.618
1.600
1.537
0.952
1.078
1.040
0.936
1.248
1.169
1.257
1.338
1.286
1.003
1.122
1.056
1.529
1.731
1.786
0.771
0.904
0.787
1.413
1.377
1.207
1.721
1.884
1.772
0.906
0.987
0.949
0.747
0.814
0.723
2.260
2.436
2.262
1.507
1.577
1.533
1.097
1.219
1.120
1.122
1.295
1.372
1.544
1.836
1.658
1.168
1.289
1.243
1.324
1.425
1.335
0.635
0.960
0.797
2.277
2.519
2.503
0.736
0.788
0.724
0.736
0.770
0.830
1.253
1.408
1.389
1.212
1.405
1.289
2.371
2.688
2.486
0.993
1.226
1.026
0.771
0.897
0.823
1.464
1.461
1.425
1.021
1.053
1.045
1.420
1.507
1.477
1.315
1.444
1.265
1.230
1.473
1.223
1.076
1.195
1.156
1.593
1.679
1.510
1.207
1.418
1.209
1.751
1.974
1.733
1.155
1.125
1.001
1.791
1.858
1.839
1.531
1.533
1.520
2.250
2.313
2.110
1.288
1.435
1.369
1.701
1.826
1.814
1.060
1.211
1.144
1.090
1.236
1.073
1.148
1.330
1.243
1.220
1.233
1.181
1.389
1.488
1.466
1.513
1.719
1.584
1.410
1.571
1.347
1.530
1.700
1.737
1.838
1.975
1.744
1.674
1.875
1.802
0.779
1.228
1.011
0.672
0.828
0.751
1.055
1.182
0.852
0.679
0.803
0.736
2.013
2.132
1.935
1.536
1.659
1.570
0.997
1.238
1.134
1.285
1.395
1.315
0.659
0.804
0.735
1.563
1.669
1.605
1.778
1.899
1.564
0.672
0.828
0.751
1.551
1.624
1.576
1.524
1.664
1.554
0.654
0.807
0.732
0.851
1.034
0.897
1.103
1.209
1.160
0.654
0.807
0.732
1.365
1.456
1.387
0.892
1.054
1.006
0.910
1.003
1.248
2.284
2.345
2.381
1.366
1.560
1.491
1.332
1.394
1.298
0.654
0.807
0.732
1.530
1.559
1.384
0.929
1.011
0.927
0.654
0.807
0.732
0.706
0.818
0.713
0.983
1.157
1.063
1.178
1.223
1.219
0.864
0.944
0.923
1.178
1.525
1.353
1.520
1.561
1.356
0.709
0.882
0.680
0.709
0.856
0.741
0.709
0.880
0.741
1.866
2.023
2.022
1.454
1.714
1.554
0.587
0.802
0.707
1.069
1.211
1.166
0.672
0.828
0.751
1.139
1.280
1.233
1.473
1.520
1.439
0.867
1.032
0.913
0.668
0.779
0.725
0.617
1.322
0.867
1.795
1.907
1.760
1.739
1.644
1.684
0.956
1.012
0.992
1.365
1.454
1.418
1.336
1.455
1.336
0.739
0.872
0.812
2.108
2.520
2.397
0.928
1.068
0.976
1.006
1.182
1.117
0.654
0.807
0.732
0.871
1.141
0.950
0.727
0.928
0.701
0.950
0.943
0.898
1.141
1.180
0.984
1.690
1.737
1.698
1.777
1.800
1.756
1.253
1.272
1.254
0.768
0.940
0.829
1.589
1.718
1.653
0.897
1.040
0.906
1.326
1.538
1.441
1.357
1.511
1.334
0.935
1.562
1.143
1.689
1.901
1.760
0.962
1.155
0.982
1.361
1.478
1.267
0.954
1.055
1.029
0.729
0.813
0.741
0.738
0.748
0.733
2.468
2.544
2.447
1.006
1.068
1.002
1.805
1.859
1.794
2.073
2.343
2.221
3.888
3.927
3.813
0.796
0.901
0.869
1.072
1.295
1.176
1.004
1.134
0.947
1.670
1.823
1.673
3.320
3.438
3.405
1.017
1.210
0.896
0.802
0.967
0.903
1.234
1.480
1.343
0.703
0.755
0.704
1.037
1.121
1.093
1.120
1.385
1.250
1.328
1.620
1.401
2.160
2.360
2.274
1.700
1.795
1.719
1.120
1.320
1.238
1.225
1.441
1.291
2.139
2.243
2.167
1.093
1.211
1.145
1.505
1.575
1.491
1.444
1.547
1.516
1.940
2.011
1.917
1.497
1.426
1.765
2.598
2.662
2.622
0.782
0.750
0.604
0.588
0.873
0.734
1.588
1.851
1.683
1.617
1.728
1.669
1.210
1.297
1.239
2.125
2.080
1.992
1.728
1.806
1.775
1.876
1.907
1.902
1.233
1.374
1.294
1.022
1.079
1.056
1.027
1.227
1.146
0.724
0.765
0.777
1.382
1.465
1.442
1.174
1.388
1.366
1.090
1.266
1.181
0.847
1.152
1.008
1.500
1.522
1.534
1.465
1.654
1.622
2.326
2.374
2.330
1.543
1.600
1.552
2.055
2.156
2.123
1.140
1.362
1.349
1.579
1.657
1.636
1.083
1.264
1.125
1.504
1.589
1.529
0.587
0.871
0.817
1.134
1.135
1.195
1.428
1.593
1.531
0.548
0.660
0.663
0.896
1.078
1.038
1.168
1.304
1.212
2.059
2.086
2.096
1.581
1.844
1.708
1.112
1.213
1.109
2.187
2.269
2.159
1.083
1.233
1.179
2.253
2.346
2.267
1.962
2.089
2.014
1.830
2.081
1.915
2.237
2.351
2.252
0.876
1.684
1.132
2.951
3.123
3.056
2.677
2.733
2.658
1.827
2.013
1.898
1.199
1.282
1.236
1.453
1.540
1.514
0.773
0.868
0.829
1.169
1.198
1.186
1.614
1.705
1.731
2.699
2.783
2.733
2.157
2.247
2.221
0.992
1.130
1.043
1.781
1.886
1.895
0.830
1.008
0.931
1.298
1.362
1.325
1.484
1.532
1.505
1.381
1.641
1.534
1.122
1.291
1.208
0.940
1.110
1.066
1.343
1.288
1.172
2.306
2.330
2.322
2.005
2.004
2.057
2.333
2.379
2.412
1.036
1.174
1.139
1.239
1.330
1.308
1.378
1.407
1.354
0.796
0.889
0.825
2.054
2.119
2.132
1.299
1.726
1.752
0.558
0.780
0.736
0.715
0.781
0.674
1.822
1.916
1.804
0.971
1.169
1.096
1.589
1.623
1.567
1.731
1.880
1.795
1.426
1.502
1.496
0.937
1.192
1.133
1.139
1.214
1.129
1.568
1.588
1.395
2.870
2.972
2.964
1.422
1.404
1.244
1.366
1.474
1.376
0.806
0.963
0.882
2.730
2.745
2.533
1.595
1.626
2.003
2.383
2.506
2.416
1.036
1.186
1.048
2.219
2.252
2.070
2.030
2.163
2.041
1.625
1.710
1.664
0.963
1.130
1.066
1.802
2.095
2.124
1.213
1.382
1.372
1.454
1.493
1.303
1.505
1.561
1.697
0.952
1.037
1.018
0.688
0.791
0.751
1.068
1.228
1.173
1.068
1.228
1.173
1.068
1.228
1.173
2.147
2.230
2.153
0.940
1.111
0.910
1.642
1.817
1.759
0.568
0.581
0.602
1.511
1.703
1.589
1.009
1.312
1.297
0.774
0.901
0.808
1.866
1.983
1.708
1.422
1.608
1.452
0.994
1.089
1.028
0.833
1.111
1.008
1.528
1.993
1.797
1.062
1.173
1.121
1.557
1.500
1.626
1.990
2.058
1.741
1.837
2.082
1.847
1.238
1.377
1.315
1.609
1.614
1.546
2.064
2.196
2.201
2.545
3.553
2.568
1.543
1.645
1.587
0.988
1.069
0.996
1.058
1.098
0.946
1.014
1.258
1.225
1.070
1.208
1.190
1.591
1.581
1.488
1.628
1.761
1.598
1.835
2.065
2.138
2.454
2.592
2.508
1.556
1.645
1.480
1.048
1.220
1.191
1.190
1.292
1.230
0.515
0.765
0.644
1.421
1.727
1.618
1.425
1.359
1.307
1.567
1.611
1.525
1.672
1.920
1.784
0.898
1.054
1.025
2.103
2.132
1.980
0.862
0.876
0.797
1.038
1.137
0.927
1.530
1.631
1.562
2.081
2.120
1.872
0.815
0.884
0.793
0.636
0.718
0.633
0.632
0.725
0.640
0.542
0.685
0.615
0.684
0.799
0.739
1.093
1.218
1.164
2.123
2.494
2.242
1.086
1.042
1.067
0.826
0.997
0.910
1.060
1.135
1.047
1.285
1.343
1.240
1.731
1.834
1.782
1.024
1.118
1.071
1.008
1.078
1.059
0.905
1.063
0.954
1.193
1.302
1.192
1.526
1.730
1.568
1.191
1.362
1.337
0.448
0.557
0.501
1.017
0.996
0.989
2.417
2.369
2.419
1.360
1.540
1.448
1.035
1.196
1.107
0.430
0.689
0.592
0.430
0.689
0.592
0.430
0.689
0.592
1.047
1.135
1.083
1.375
1.474
1.289
0.836
0.916
0.673
1.125
1.326
1.313
0.627
0.712
0.638
1.786
1.928
1.828
1.842
1.921
1.882
1.218
1.412
1.265
0.917
1.045
0.993
1.587
1.775
1.694
1.577
1.910
1.813
1.103
1.186
1.112
0.858
1.029
0.809
0.717
0.736
0.699
1.608
1.687
1.660
1.226
1.328
1.309
1.226
1.420
1.309
1.537
1.740
1.646
1.601
1.762
1.605
0.711
0.925
0.877
2.291
2.394
2.278
0.724
0.813
0.761
1.297
1.359
1.306
0.954
1.006
0.978
1.347
1.504
1.480
1.053
1.075
0.935
0.364
0.642
0.548
0.696
0.938
0.852
1.058
1.288
1.327
1.480
1.583
1.441
0.582
0.600
0.476
1.519
1.484
1.497
1.909
2.074
1.993
0.759
0.831
0.803
1.663
1.763
1.633
1.327
1.423
1.330
0.967
0.949
1.032
1.490
1.644
1.474
1.864
2.017
1.957
1.356
1.529
1.385
1.966
2.081
1.958
1.100
1.249
1.201
1.119
1.352
1.236
0.952
1.132
1.042
1.670
1.763
1.728
1.200
1.313
1.271
0.781
0.943
0.885
0.781
0.943
0.885
1.946
2.008
2.010
0.780
0.997
0.808
1.722
1.749
1.694
1.402
1.586
1.459
0.761
0.871
0.761
1.254
1.339
1.252
1.363
1.509
1.363
0.718
0.969
0.805
2.100
2.182
2.060
1.770
1.885
1.827
1.561
1.692
1.598
2.694
2.718
2.662
1.450
1.729
1.613
0.923
0.986
0.937
1.287
1.428
1.349
1.575
1.790
1.705
1.375
1.506
1.383
0.905
0.946
1.008
1.788
1.901
1.788
1.600
1.827
1.699
1.485
1.584
1.501
0.805
0.961
0.878
1.391
1.372
1.141
1.228
1.312
1.300
0.510
0.619
0.520
0.837
0.908
0.833
0.768
0.893
0.825
1.598
1.672
1.647
1.000
1.065
1.044
1.076
1.303
1.138
1.671
1.850
1.756
1.982
2.595
2.115
1.615
1.834
1.791
1.178
1.323
1.216
0.886
0.992
0.943
1.104
1.089
0.944
0.875
1.175
1.036
1.047
1.132
1.089
0.968
1.057
0.999
1.785
1.944
1.847
0.635
1.110
0.935
1.995
2.117
2.084
1.047
1.126
1.038
2.055
2.167
1.956
0.690
0.730
0.666
1.363
1.436
1.322
2.716
2.801
2.786
2.388
2.606
2.498
0.743
0.938
0.866
1.949
2.100
1.999
1.235
1.368
1.236
1.050
1.280
1.118
2.110
2.502
2.172
1.694
1.775
1.714
2.055
2.102
2.083
0.830
0.970
0.853
1.444
1.464
1.313
0.888
0.996
0.945
2.265
2.438
2.294
1.726
1.844
1.561
1.181
1.303
1.217
0.530
0.734
0.644
0.601
0.618
0.528
1.544
1.627
1.607
1.085
1.303
1.160
2.619
2.788
2.745
1.377
1.565
1.478
1.560
1.703
1.723
0.753
0.950
0.885
0.888
0.996
0.945
1.772
1.856
1.780
0.832
1.176
0.974
0.803
0.909
0.694
0.815
0.874
0.808
1.472
1.584
1.538
0.844
0.986
0.887
1.398
1.587
1.510
0.876
0.932
0.936
0.886
0.992
0.943
0.652
0.711
0.632
1.115
1.130
1.077
0.929
1.039
0.899
1.100
1.129
1.104
0.638
0.821
0.708
1.501
1.603
1.527
0.701
0.878
0.788
2.961
3.283
3.083
2.961
3.283
3.083
2.961
3.283
3.083
0.910
1.062
1.000
0.888
0.996
0.945
1.688
1.744
1.678
1.215
1.296
1.254
0.699
0.708
0.600
0.932
1.061
0.952
1.445
1.560
1.422
1.170
1.290
1.170
0.773
0.838
0.828
1.668
1.732
1.675
0.944
1.094
0.999
2.062
2.189
2.083
0.910
0.783
0.847
0.888
0.996
0.945
0.921
1.072
1.017
0.966
1.097
1.022
0.802
0.917
0.815
2.559
2.639
2.540
0.668
0.968
0.842
1.027
1.325
1.200
1.990
2.165
2.014
0.755
0.819
0.779
0.553
0.905
0.723
2.175
2.348
2.277
1.345
1.425
1.331
1.721
1.841
1.767
1.367
1.460
1.396
1.739
1.785
1.751
1.139
1.266
1.206
0.999
1.359
1.132
1.877
2.005
1.902
1.227
1.405
1.311
2.006
2.185
2.136
1.184
1.299
1.251
1.667
1.731
1.749
1.437
1.417
1.426
0.691
0.971
0.790
1.133
1.359
1.237
1.547
1.491
1.558
1.875
1.985
1.930
2.142
2.294
2.232
1.166
1.243
1.129
2.672
2.548
2.442
1.089
1.114
0.855
1.859
1.912
1.844
1.597
1.770
1.740
1.061
1.177
1.135
1.790
2.025
1.826
1.683
1.956
1.819
2.380
2.448
2.400
2.012
2.126
2.080
1.633
1.867
1.823
1.786
1.791
1.798
1.104
1.445
1.163
1.620
1.725
1.576
1.673
1.818
1.771
1.618
1.590
1.640
2.608
2.694
2.672
2.313
2.292
2.311
0.737
0.848
0.749
1.230
1.447
1.381
1.855
1.955
1.923
1.397
1.614
1.441
1.291
1.749
1.487
1.470
1.644
1.541
1.763
1.760
1.674
0.901
0.974
0.945
1.099
1.073
1.187
1.219
1.365
1.299
1.564
1.614
1.551
0.794
0.938
0.819
0.794
0.938
0.819
1.300
1.393
1.352
1.330
1.352
1.293
0.771
0.856
0.709
2.087
2.232
2.082
1.551
1.461
1.475
0.867
0.975
0.805
1.077
1.320
1.219
0.570
0.594
0.587
1.030
1.162
1.087
2.446
2.480
2.130
1.420
1.353
1.069
0.512
0.707
0.575
2.109
2.205
2.267
1.050
1.146
1.118
0.937
1.076
0.985
1.145
1.413
1.180
1.752
1.825
1.729
1.216
1.259
1.194
2.180
2.385
2.235
1.193
1.065
0.953
1.999
2.012
1.997
1.593
1.673
1.635
1.062
1.090
0.957
1.656
2.046
1.821
0.757
0.804
0.704
2.423
2.564
2.425
2.009
2.123
2.077
0.805
0.952
0.890
1.169
1.240
1.160
1.467
1.549
1.491
1.227
1.430
1.131
1.709
1.785
1.664
2.492
2.534
2.530
0.813
0.982
0.921
1.099
1.308
1.255
1.626
1.893
1.688
1.026
1.095
1.224
1.533
1.659
1.625
0.662
0.804
0.720
1.271
1.386
1.263
0.971
1.073
0.937
3.188
3.317
3.270
1.765
2.170
1.946
0.771
0.851
0.791
0.923
1.034
0.943
1.129
1.202
1.197
2.245
2.192
1.935
1.085
1.157
1.019
1.369
1.420
1.389
0.847
0.906
1.261
1.102
1.233
1.172
1.724
1.933
1.769
0.865
0.997
0.922
2.907
2.985
2.960
2.898
2.938
2.878
1.836
2.116
1.971
1.126
1.244
1.202
1.710
1.721
1.719
1.481
1.651
1.509
1.945
2.127
2.044
1.229
1.277
1.228
1.361
1.579
1.507
1.354
1.530
1.437
0.914
1.074
0.978
0.403
0.469
0.406
1.156
1.241
1.241
0.978
1.189
1.077
0.770
0.845
0.809
2.095
2.254
2.220
1.286
1.660
1.524
1.146
1.320
1.234
0.565
0.917
0.813
1.555
1.825
1.722
1.586
1.607
1.415
0.919
0.947
0.917
1.581
1.778
1.519
1.357
1.467
1.484
1.360
1.499
1.405
1.070
1.141
0.945
2.189
2.225
2.183
0.806
1.051
0.878
0.806
0.955
0.878
1.983
2.083
1.902
1.389
1.570
1.505
1.297
1.362
1.296
1.075
1.273
1.186
0.654
0.766
0.705
0.757
0.884
0.798
1.105
1.189
1.122
0.636
0.635
0.631
2.132
2.196
2.093
1.128
1.212
1.061
0.915
1.048
0.958
0.997
1.129
1.028
2.126
2.243
2.108
3.049
3.072
2.997
1.350
1.422
1.366
0.889
0.956
0.954
0.888
0.964
0.962
0.682
0.887
0.765
1.426
1.452
1.413
1.622
1.529
1.625
1.393
1.374
1.321
1.040
1.293
1.137
0.679
0.866
0.785
0.605
0.702
0.623
1.333
1.409
1.349
1.675
1.781
1.705
0.867
0.909
0.866
0.956
0.958
0.954
0.888
0.996
0.945
0.888
0.996
0.945
1.249
1.326
1.275
1.102
1.444
1.360
1.145
1.280
1.212
0.837
0.920
0.897
1.029
1.481
1.103
1.413
1.712
1.582
0.483
0.659
0.639
1.576
1.690
1.747
2.412
2.384
2.427
0.816
0.987
0.914
2.335
2.344
2.241
1.017
1.307
1.069
1.028
1.115
0.889
1.806
1.910
1.848
1.664
1.739
1.669
0.976
1.040
0.995
0.689
0.861
0.734
1.486
1.544
1.460
0.723
0.911
0.872
0.844
0.931
0.781
2.548
2.642
2.618
1.754
1.774
1.742
1.670
1.745
1.719
1.023
0.994
0.998
1.860
2.073
1.923
0.794
0.970
0.922
1.138
1.226
1.176
1.077
1.194
1.104
1.661
1.801
1.751
1.430
1.562
1.295
1.305
1.538
1.330
1.235
1.350
1.285
2.534
2.637
2.520
0.610
0.614
0.585
0.610
0.706
0.662
0.995
1.035
1.053
0.929
1.058
0.967
1.082
1.282
1.183
1.700
1.831
1.719
0.773
0.903
0.810
1.100
1.330
1.243
0.694
0.855
0.776
1.983
2.128
1.945
0.997
1.127
1.040
0.846
1.034
0.996
1.166
1.470
1.314
2.767
2.910
2.835
1.742
1.813
1.761
1.536
1.612
1.547
1.302
1.387
1.292
0.920
1.029
0.836
1.169
1.407
1.298
0.821
0.931
0.873
1.690
1.740
1.738
1.532
1.580
1.537
1.088
1.233
1.164
1.583
1.743
1.700
2.040
2.373
2.125
1.463
1.569
1.472
1.539
1.632
1.529
1.352
1.457
1.387
0.790
0.893
0.938
1.604
1.652
1.594
1.252
1.253
1.277
1.179
1.249
1.217
1.140
1.280
1.217
1.684
1.821
1.748
1.243
1.321
1.285
1.356
1.437
1.392
1.001
1.150
0.975
0.794
0.640
0.715
0.747
0.802
0.777
1.151
1.233
1.215
0.807
0.892
0.838
0.807
0.897
0.854
1.451
1.487
1.463
1.067
1.211
1.128
1.257
1.531
1.341
1.172
1.320
1.262
1.219
1.293
1.228
0.488
0.710
0.584
0.787
0.848
0.836
0.659
0.768
0.713
0.589
0.806
0.671
0.943
1.109
1.069
1.144
1.600
1.543
1.235
1.448
1.361
2.646
2.719
2.607
0.802
0.922
0.869
0.739
0.949
0.893
1.267
1.473
1.365
1.251
1.268
1.279
2.047
2.087
1.969
1.077
1.134
1.106
1.285
1.431
1.328
3.061
3.099
3.043
1.756
1.926
1.915
0.941
1.075
1.017
0.852
0.867
0.784
1.146
1.392
1.228
1.985
2.188
2.062
1.922
2.135
2.023
1.935
2.094
1.967
0.904
1.090
0.970
0.968
1.074
1.012
0.912
1.046
0.884
0.914
1.541
1.042
0.786
0.885
0.836
0.800
1.007
0.878
0.578
0.639
0.486
1.077
1.339
1.224
1.027
1.211
1.109
0.533
0.739
0.594
1.172
1.274
1.182
1.392
1.421
1.376
1.002
1.534
1.077
0.991
1.106
1.061
0.862
0.868
0.832
0.904
1.026
0.904
1.126
1.207
1.202
0.606
0.740
0.666
0.666
0.775
0.688
1.565
2.116
1.713
0.957
0.996
0.973
0.865
1.019
0.935
1.740
1.866
1.651
1.489
1.856
1.613
2.824
2.866
2.759
1.023
1.089
0.899
0.692
0.816
0.806
0.880
0.986
0.965
0.925
1.395
1.196
1.038
1.074
0.942
1.677
1.825
1.716
0.935
1.182
1.057
1.082
1.318
1.348
1.164
1.237
1.231
1.312
1.474
1.340
0.951
1.069
1.010
1.392
1.503
1.405
0.894
1.037
1.069
1.137
1.247
1.139
0.967
0.957
0.896
0.603
0.910
0.835
1.353
1.423
1.361
0.870
1.157
0.853
2.107
2.159
2.124
0.980
1.059
1.070
1.759
1.831
1.667
1.282
1.266
1.110
1.397
1.435
1.354
1.046
1.162
1.088
1.847
1.892
1.835
1.060
1.313
1.457
0.992
1.040
1.017
1.817
1.897
1.790
1.846
1.996
1.888
0.954
1.407
1.395
1.988
1.990
1.959
0.886
1.105
0.915
0.626
0.701
0.624
0.370
0.482
0.426
0.712
0.796
0.751
1.441
1.616
1.435
0.982
1.053
1.033
1.359
1.659
1.143
0.945
0.959
0.951
1.025
1.113
1.062
1.174
1.250
1.192
2.014
2.112
1.976
1.674
1.796
1.860
1.040
1.133
1.133
0.490
0.598
0.544
0.841
1.018
0.925
0.927
1.146
0.882
1.043
1.115
1.048
0.490
0.598
0.544
0.422
0.557
0.496
0.490
0.598
0.544
1.841
1.856
1.827
1.603
1.667
1.597
1.550
1.620
1.549
1.451
1.647
1.576
0.991
1.101
1.042
1.374
1.545
1.372
1.124
1.197
1.081
0.499
0.587
0.502
1.711
1.768
1.693
2.460
2.683
2.623
1.443
1.612
1.543
0.463
0.734
0.599
2.014
2.037
2.005
1.171
1.357
1.258
0.924
1.194
0.968
0.746
0.863
0.832
1.001
1.066
1.039
1.020
1.307
1.138
1.304
1.271
1.306
1.114
1.290
1.100
0.893
1.015
0.971
0.634
0.785
0.749
1.360
1.528
1.484
1.062
1.069
1.063
1.086
1.239
1.180
1.252
1.418
1.285
0.825
1.019
0.899
1.037
1.094
1.003
0.767
0.995
0.854
1.622
1.671
1.537
2.320
2.361
2.359
2.054
2.259
2.138
1.068
1.237
1.030
1.657
1.877
1.835
0.565
0.691
0.648
0.902
0.909
0.856
1.655
1.849
1.729
1.883
1.869
1.873
1.504
1.586
1.581
1.504
1.586
1.581
1.235
1.322
1.326
1.559
1.563
1.407
1.786
1.867
1.812
1.642
1.676
1.613
1.238
1.360
1.295
1.210
1.507
1.391
1.388
1.456
1.429
1.349
1.558
1.365
2.275
2.616
2.400
1.682
1.870
1.719
0.481
0.688
0.585
3.056
3.095
2.973
1.779
1.976
1.881
1.030
1.465
1.253
1.309
1.785
1.657
2.312
2.409
2.307
1.753
1.767
1.720
1.106
1.345
1.266
1.041
1.091
0.857
2.045
2.128
2.004
1.715
1.964
1.845
2.172
2.378
2.306
1.858
1.963
1.848
0.905
1.003
0.981
1.324
1.531
1.376
1.901
1.978
1.959
1.106
1.230
1.188
0.950
1.159
1.059
0.832
0.961
0.857
1.434
1.540
1.476
1.289
1.342
1.156
1.815
1.943
1.854
1.235
1.297
1.180
1.419
1.560
1.515
2.245
2.355
2.298
0.980
1.081
1.011
1.190
1.353
1.225
1.239
1.287
0.996
1.580
1.758
1.657
0.636
0.741
0.593
1.603
1.761
1.556
1.751
1.646
1.675
1.659
1.693
1.512
1.581
1.646
1.591
2.112
2.170
2.159
1.804
1.972
1.881
1.380
1.585
1.594
1.479
1.634
1.504
1.928
2.040
1.986
1.052
1.250
1.068
1.269
1.446
1.363
1.869
2.113
2.156
1.792
1.942
1.783
0.857
0.894
0.836
1.098
1.326
1.216
3.352
3.485
3.209
2.966
3.264
3.101
1.645
1.720
1.587
1.781
1.867
1.889
0.620
0.924
0.863
1.153
1.306
1.220
0.854
1.023
0.905
1.544
1.731
1.646
1.220
1.432
1.361
0.840
1.250
0.906
0.840
1.133
0.980
0.651
0.994
0.853
1.585
1.560
1.540
1.461
1.711
1.607
0.538
0.535
0.194
0.681
0.882
0.726
1.261
1.337
1.240
1.893
1.938
1.918
2.298
2.463
2.384
2.181
2.314
2.275
1.837
1.883
1.854
1.095
1.205
1.130
1.622
1.771
1.681
0.830
1.020
0.943
1.360
1.297
1.073
1.786
1.842
1.825
1.340
1.431
1.274
1.576
1.680
1.649
1.206
1.443
1.238
1.243
1.261
1.307
1.285
1.464
1.409
0.835
0.717
0.663
0.973
0.941
0.868
1.305
1.254
1.271
1.412
1.614
1.440
0.844
0.936
0.875
1.533
1.520
1.299
0.668
0.780
0.783
1.499
1.600
1.509
1.269
1.490
1.311
0.702
0.740
0.686
1.473
1.536
1.470
1.817
1.919
1.797
1.149
1.298
1.175
1.364
1.548
1.491
0.996
1.720
1.198
2.346
2.475
2.430
1.609
1.751
1.661
0.924
0.986
0.717
1.804
1.888
1.889
1.112
1.213
1.208
1.274
1.342
1.418
1.830
1.900
1.884
1.574
1.804
1.661
0.830
0.923
0.822
0.830
0.923
0.822
0.961
1.140
1.113
0.743
1.084
1.012
0.770
1.200
0.922
1.755
1.928
1.859
0.608
0.734
1.014
1.112
1.303
1.271
2.057
2.082
1.966
1.137
1.400
1.257
1.251
1.400
1.389
1.103
1.031
1.026
0.735
0.811
0.775
1.289
1.402
1.399
1.156
1.277
1.205
0.829
1.153
0.943
1.171
1.227
1.186
1.184
1.297
1.194
0.872
1.026
0.829
0.970
1.028
1.018
1.666
1.738
1.698
1.426
1.573
1.488
0.921
0.992
0.933
0.785
0.866
0.816
1.231
1.262
1.196
1.164
1.443
1.160
1.085
1.200
1.258
1.314
1.464
1.300
1.314
1.494
1.500
1.880
2.000
1.976
1.416
1.556
1.437
1.161
1.221
1.244
1.253
1.576
1.471
2.656
2.739
2.671
1.085
1.253
1.176
1.476
1.682
1.519
1.264
1.372
1.256
0.634
0.832
0.707
1.069
1.192
1.145
0.503
0.628
0.561
0.869
0.970
0.855
1.676
1.690
1.656
1.605
1.615
1.546
0.860
0.969
0.825
1.051
1.139
1.058
1.736
1.857
1.758
0.836
0.944
0.841
1.448
1.643
1.479
1.794
1.821
1.909
1.229
1.308
1.253
2.600
2.731
2.616
1.472
1.719
1.532
1.613
1.707
1.671
0.838
1.009
0.917
1.118
1.168
1.121
1.421
1.450
1.400
1.443
1.864
1.740
1.416
1.500
1.446
1.256
1.479
1.338
1.208
1.273
1.205
1.128
1.370
1.196
2.566
2.645
2.635
1.767
1.893
1.762
0.907
1.199
1.011
1.070
1.152
1.122
0.919
0.874
0.901
0.993
1.047
1.005
0.718
0.782
0.692
0.726
0.941
0.919
1.921
1.906
1.858
0.848
1.021
0.813
1.590
1.648
1.580
1.279
1.512
1.738
1.236
1.352
1.262
1.202
1.308
1.217
1.386
1.603
1.470
0.938
1.033
0.972
1.850
1.909
1.892
1.709
1.723
1.691
1.609
1.818
1.811
1.192
1.297
1.242
1.536
1.658
1.608
0.503
0.628
0.561
0.979
1.046
1.037
1.529
1.730
1.549
1.325
1.367
1.369
1.497
1.478
1.484
1.061
1.215
1.077
1.458
1.618
1.539
1.520
1.588
1.548
1.293
1.407
1.361
1.181
1.444
1.402
1.012
1.072
0.991
1.080
0.987
1.024
0.888
0.973
0.925
0.863
1.085
0.878
1.008
1.291
1.135
1.783
2.107
2.176
1.071
1.165
1.092
0.739
0.814
0.704
1.107
2.308
1.675
1.297
1.409
1.230
2.758
2.773
2.733
0.630
0.731
0.672
0.636
0.657
0.557
0.699
0.837
0.720
0.770
0.853
0.764
0.553
0.735
0.636
1.801
1.837
1.903
0.377
0.577
0.502
1.321
1.461
1.391
0.658
0.838
0.752
1.389
1.551
1.430
0.499
0.606
0.554
1.721
1.721
1.660
1.206
1.341
1.311
1.108
1.458
1.267
1.180
1.237
1.164
1.351
1.540
1.421
1.412
1.506
1.426
1.916
2.019
1.961
0.603
0.706
0.608
1.819
1.909
1.698
1.742
1.823
1.947
0.972
1.133
0.956
1.364
1.676
1.515
0.793
0.942
0.884
1.079
1.233
1.160
2.062
2.080
2.032
1.079
1.298
1.204
0.993
1.277
1.137
1.874
1.903
1.869
1.243
1.332
1.360
0.776
0.922
0.850
1.339
1.327
1.276
1.420
1.527
1.463
1.415
1.630
1.480
0.916
1.025
0.854
1.321
1.530
1.347
1.072
1.229
1.155
0.786
0.880
0.865
1.209
1.321
1.212
1.500
1.658
1.409
1.767
2.217
2.175
1.958
1.992
1.898
1.952
1.914
2.023
1.208
1.243
1.191
1.207
1.237
1.200
2.192
2.260
2.088
1.766
1.987
1.775
1.352
1.507
1.458
1.015
1.207
1.005
1.231
1.207
1.128
1.423
1.457
1.407
2.076
2.175
2.202
1.238
1.535
1.428
2.713
2.874
2.803
1.788
1.768
1.622
0.916
1.052
0.980
0.740
0.887
0.734
1.222
1.239
1.230
1.693
1.857
1.731
0.763
0.862
0.822
1.553
1.596
1.550
1.260
1.387
1.275
0.962
1.121
1.051
0.958
1.008
0.954
1.081
1.146
1.389
0.914
1.004
0.907
1.632
1.796
1.631
2.054
2.289
2.147
0.802
0.840
0.811
1.406
1.511
1.464
1.094
1.157
1.208
0.787
1.127
1.022
0.744
1.000
0.628
1.208
1.380
1.250
1.045
1.178
1.126
0.801
1.037
0.925
0.909
1.172
1.107
1.220
1.451
1.315
1.443
1.577
1.516
1.781
1.990
1.954
1.161
1.291
1.255
2.144
2.229
2.186
1.019
1.188
1.129
1.720
1.873
1.784
1.022
1.216
1.094
1.795
1.903
1.783
1.464
1.526
1.408
0.939
1.060
1.045
1.962
2.027
1.958
0.617
0.898
0.688
1.740
1.848
1.579
1.461
1.462
1.413
0.751
0.809
0.736
0.771
0.876
0.569
0.703
1.070
0.885
1.003
1.191
1.116
1.735
1.883
1.795
1.962
2.021
1.978
0.949
1.370
1.115
1.632
1.712
1.709
0.970
0.991
0.939
1.791
1.878
1.910
0.850
1.062
1.003
1.195
1.482
1.382
1.561
1.758
1.643
1.317
1.556
1.524
1.653
1.956
1.670
1.653
1.892
1.832
2.168
2.220
2.177
1.252
1.245
1.244
2.012
2.034
2.043
1.305
1.392
1.336
1.609
1.628
1.596
1.824
1.890
1.837
1.978
2.016
1.998
2.521
2.590
2.544
1.443
1.748
1.501
0.977
1.136
0.932
1.559
1.408
1.886
0.847
0.995
0.830
1.389
1.553
1.261
2.503
2.535
2.436
1.069
1.146
1.021
1.509
1.573
1.538
1.081
1.211
1.082
0.948
1.270
1.044
1.106
1.069
0.919
1.207
1.565
1.495
1.054
1.098
1.051
1.166
1.487
1.381
1.546
1.697
1.514
1.188
1.103
1.053
1.260
1.313
1.523
1.082
1.169
0.901
0.559
0.997
0.583
1.357
1.428
1.392
0.930
0.964
0.860
0.680
0.839
0.712
0.894
1.098
0.976
1.930
2.045
1.903
1.396
1.730
1.584
1.205
1.664
1.387
1.527
1.732
1.455
1.599
1.824
1.751
1.078
1.154
1.044
0.842
0.886
0.823
1.064
1.605
1.179
1.174
1.280
1.284
1.466
1.951
1.598
1.230
1.465
1.354
1.516
1.268
1.321
2.291
2.358
2.273
1.703
1.787
1.719
0.688
0.875
0.717
1.763
1.948
1.882
1.506
1.685
1.632
1.678
1.875
1.833
1.310
1.536
1.424
2.319
2.457
2.460
3.147
3.057
3.161
1.829
1.965
1.891
1.706
1.763
1.709
1.047
1.133
1.100
1.808
1.899
1.822
1.362
1.417
1.345
1.116
1.883
1.073
1.729
1.880
1.838
1.580
2.312
2.594
0.814
0.958
0.892
2.052
2.078
1.933
1.588
1.703
1.696
0.838
0.906
0.865
1.997
2.104
2.011
1.388
1.550
1.526
1.755
1.854
1.760
1.296
1.373
1.281
1.005
1.128
0.989
1.380
1.579
1.426
0.694
0.830
0.861
1.565
1.678
1.575
1.542
1.438
1.470
1.617
1.701
1.504
0.815
0.876
0.827
1.553
1.684
1.576
1.936
2.044
1.958
1.046
1.380
1.162
0.988
1.109
1.069
0.528
0.614
0.589
1.899
1.749
1.711
0.725
0.984
0.842
0.695
0.785
0.644
0.512
0.637
0.508
0.752
0.923
0.776
2.024
2.193
2.060
1.573
1.656
1.507
0.748
0.868
0.783
1.297
1.475
1.390
1.698
1.932
1.717
0.942
1.223
0.946
1.048
1.172
1.430
2.104
2.345
2.268
2.161
2.215
2.100
1.426
1.668
1.367
2.162
2.380
2.348
1.479
1.580
1.557
0.723
0.839
0.922
0.720
0.953
0.827
0.657
0.902
0.712
1.108
1.315
1.243
1.168
1.203
1.209
1.105
1.282
1.208
0.997
1.083
1.028
0.517
0.686
0.625
1.556
1.690
1.619
1.671
1.887
1.680
2.287
2.305
2.024
2.284
2.353
2.279
0.795
0.915
0.851
1.740
1.769
1.709
1.381
1.946
1.534
0.891
0.950
0.883
1.119
1.122
1.116
1.271
1.820
1.183
1.114
1.434
1.249
1.927
1.898
1.870
0.639
0.685
0.677
0.979
1.076
1.043
0.883
1.046
0.978
0.688
1.030
0.803
0.781
0.858
0.762
0.574
0.781
0.635
0.810
0.784
0.844
0.529
0.782
0.636
0.882
1.047
0.976
0.792
0.955
0.847
1.428
1.604
1.430
1.331
1.478
1.583
1.747
1.918
1.906
1.315
1.369
1.358
0.835
0.815
0.824
1.116
1.159
1.114
1.635
1.797
1.724
1.204
1.302
1.332
1.206
1.365
1.259
1.474
1.572
1.539
1.121
1.270
1.203
1.534
1.570
1.572
1.030
1.166
1.148
0.898
0.992
0.936
2.735
2.674
2.628
1.259
1.532
1.362
1.491
1.560
1.571
1.642
1.667
2.071
1.328
1.601
1.278
1.871
1.941
1.931
0.339
0.841
0.723
0.757
0.887
0.783
1.272
1.348
1.311
1.287
1.428
1.367
1.153
1.298
1.255
1.517
1.627
1.504
0.870
1.420
1.058
1.141
1.301
1.202
0.869
0.948
0.862
1.214
1.263
1.179
1.299
1.469
1.269
1.879
2.110
1.844
0.419
0.491
0.419
0.655
0.964
0.790
2.030
2.045
1.992
0.716
0.930
0.770
0.931
1.084
1.023
0.880
1.015
0.944
1.055
1.216
1.119
1.009
1.150
1.106
0.673
0.861
0.848
0.783
0.799
0.776
1.052
1.116
1.101
1.073
1.133
1.107
1.232
1.430
1.278
0.999
1.124
1.041
0.832
0.911
0.858
2.014
2.106
1.988
1.377
1.610
1.554
1.320
1.357
1.204
1.353
1.455
1.474
0.676
0.771
0.682
0.880
1.087
0.905
1.012
1.177
1.086
1.119
1.218
1.039
1.478
1.675
1.551
1.086
1.119
1.113
0.420
0.598
0.395
0.858
1.047
0.960
1.353
1.503
1.526
1.136
1.319
1.214
1.461
1.562
1.501
1.411
1.778
1.567
1.004
1.102
0.980
1.566
1.572
1.538
1.252
1.329
1.284
1.822
1.936
1.788
1.081
1.208
1.023
1.781
1.808
1.688
0.848
1.024
0.929
0.696
0.770
0.695
2.153
2.186
2.156
1.015
1.154
1.105
1.387
1.569
1.542
0.844
1.076
0.920
1.108
1.206
0.981
1.878
2.142
1.960
2.353
2.461
2.386
1.426
1.555
1.403
1.022
1.201
1.059
1.267
1.308
1.243
1.085
1.314
1.172
0.821
0.889
0.853
0.801
0.877
0.847
0.842
0.909
0.757
1.102
1.112
0.907
1.215
1.289
0.968
1.057
1.254
1.180
0.525
0.682
0.585
0.614
0.701
0.654
1.871
1.931
1.863
1.593
1.587
1.590
1.558
1.620
1.592
1.184
1.308
1.264
1.250
1.468
1.300
1.024
1.088
0.913
1.080
1.636
1.139
1.124
1.117
1.017
1.774
1.840
1.825
2.045
2.116
1.973
0.671
0.724
0.718
1.271
1.293
1.296
1.050
1.165
1.063
1.629
1.800
1.655
1.912
1.901
1.709
1.133
1.212
1.143
1.661
1.731
1.738
0.848
0.982
0.846
1.333
1.397
1.408
1.374
1.474
1.420
2.051
2.165
2.117
1.745
1.808
1.779
1.334
1.416
1.413
1.231
1.298
1.251
2.764
2.793
2.776
1.581
1.671
1.535
1.180
1.254
1.240
1.412
1.636
1.457
1.707
1.804
1.742
1.889
2.093
2.053
1.675
1.735
1.601
1.232
1.363
1.264
1.349
1.486
1.347
1.335
1.270
1.083
1.071
1.221
0.997
0.965
1.100
1.069
1.439
1.467
1.359
1.680
1.702
1.675
1.768
1.791
1.618
1.002
1.115
1.029
1.230
1.506
1.692
1.380
1.409
1.194
1.089
1.533
1.369
1.422
1.506
1.388
1.400
1.660
1.516
2.003
1.997
2.125
0.364
0.759
0.599
1.410
1.487
1.441
1.861
1.900
1.902
0.714
0.894
1.152
2.154
2.253
2.303
1.930
2.050
2.018
1.058
1.070
1.035
0.865
0.923
0.884
1.467
1.486
1.483
1.724
1.698
1.638
0.876
0.968
0.897
1.643
1.778
1.623
0.823
0.956
1.270
1.434
1.534
1.259
1.424
1.471
1.397
1.103
1.222
1.169
1.249
1.411
1.393
1.958
2.056
2.015
3.096
3.113
3.079
1.389
1.566
1.418
1.033
1.110
1.077
1.052
1.157
1.051
1.245
1.394
1.246
1.779
1.878
1.861
1.776
1.852
1.771
1.925
1.961
1.962
1.775
1.782
1.699
1.232
1.251
1.311
1.088
1.179
1.151
1.030
1.128
1.112
0.862
0.929
0.884
1.797
1.924
1.798
1.275
1.328
1.147
1.520
1.560
1.541
2.272
2.288
2.178
2.346
2.515
2.438
2.353
2.458
2.420
1.649
1.921
1.772
1.280
1.411
1.335
0.684
0.735
0.737
0.952
1.345
1.087
2.044
2.108
2.014
1.158
1.228
1.148
1.272
1.497
1.236
1.312
1.626
1.532
1.000
1.062
0.954
0.889
1.310
1.201
1.271
1.659
1.380
1.051
1.650
1.139
1.068
1.252
1.130
1.322
1.443
1.359
1.157
1.271
1.235
1.018
1.136
1.056
1.458
1.547
1.313
0.766
0.826
0.714
1.430
1.534
1.416
1.767
1.827
1.767
1.700
1.765
1.787
2.010
2.269
2.136
1.161
1.315
1.254
0.844
0.935
0.839
0.758
1.010
0.787
0.679
0.773
0.692
1.969
2.096
2.013
1.052
1.617
1.281
0.792
0.876
0.735
0.810
0.906
0.769
1.256
1.417
1.323
0.628
0.699
0.660
1.076
1.272
1.148
0.667
0.799
0.683
1.508
1.778
1.631
0.688
0.703
0.688
1.646
1.540
1.612
1.925
2.122
1.964
1.356
1.407
1.289
1.782
1.944
2.039
1.527
1.660
1.609
1.011
0.998
0.974
1.114
1.295
1.159
0.844
0.946
0.862
1.012
1.162
1.079
1.170
1.284
1.270
1.182
1.462
1.173
1.677
1.781
1.725
0.918
1.046
0.967
1.500
1.821
1.600
1.410
1.624
1.514
0.639
0.615
0.590
0.703
0.780
0.693
0.772
0.922
0.794
1.488
2.519
1.700
1.731
1.788
1.769
0.786
0.846
0.814
1.339
1.426
1.324
1.176
1.284
1.113
1.110
1.207
1.179
2.594
2.599
2.653
2.084
2.055
2.039
1.764
1.813
1.668
