1.403
1.428
1.376
2.788
2.797
2.803
0.761
0.824
0.809
1.306
1.292
1.318
0.742
0.754
0.749
0.539
0.583
0.609
0.523
0.577
0.579
3.508
3.512
3.497
1.609
1.631
1.647
1.211
1.245
1.297
1.194
1.232
1.213
0.381
0.394
0.431
1.094
1.105
1.129
1.327
1.349
1.348
1.460
1.478
1.498
0.640
0.657
1.134
0.565
0.632
0.622
1.048
1.056
1.066
1.833
1.988
2.326
0.830
0.857
0.908
1.021
1.062
1.015
2.153
2.155
2.157
2.574
2.601
2.600
1.919
1.964
1.963
0.805
0.843
0.876
1.334
1.349
1.362
0.916
0.929
0.936
0.992
1.100
1.053
1.823
1.927
2.004
1.130
1.165
1.178
1.211
1.238
1.223
2.073
2.165
2.141
1.690
1.721
1.741
1.272
1.319
1.329
1.868
1.898
1.884
1.332
1.372
1.309
0.897
0.929
0.939
1.322
1.306
1.305
0.881
0.918
0.946
1.296
1.280
1.351
0.803
1.050
0.894
0.753
0.796
0.775
1.519
1.575
1.576
0.453
0.542
0.494
1.177
1.215
1.212
1.519
1.573
1.604
1.366
1.431
1.420
0.783
0.868
0.838
1.403
1.395
1.410
2.298
2.314
2.321
1.908
1.922
1.880
2.026
2.072
2.051
1.500
1.503
1.519
0.961
0.981
1.007
1.287
1.325
1.330
1.354
1.426
1.371
0.848
0.855
0.870
1.071
1.086
1.049
0.506
0.541
0.552
2.107
2.126
2.102
1.817
1.810
1.856
2.259
2.354
2.307
0.929
0.999
1.022
1.594
1.651
1.609
0.532
0.649
0.558
1.753
1.811
1.820
2.249
2.280
2.294
0.998
1.008
0.953
1.106
1.138
1.130
0.811
0.816
0.797
0.811
0.847
0.819
0.918
0.930
0.935
1.967
1.987
2.006
1.435
1.463
1.454
0.923
0.895
0.952
0.795
0.833
0.864
1.980
2.012
2.014
1.906
2.092
2.096
1.978
1.981
2.006
1.063
1.088
1.087
0.552
0.556
0.532
0.931
0.937
0.940
1.763
1.756
1.785
3.056
3.084
3.088
0.652
0.661
0.674
1.566
1.594
1.611
0.768
0.796
0.772
1.659
1.665
1.700
0.686
0.779
0.761
1.126
1.151
1.156
1.101
1.109
1.098
0.923
0.934
0.939
2.343
2.348
2.350
2.194
2.246
2.264
1.521
1.525
1.558
1.526
1.528
1.543
1.855
1.860
1.865
1.091
1.098
1.100
2.048
2.067
2.062
0.847
0.932
0.870
0.427
0.472
0.465
1.568
1.591
1.587
1.496
1.528
1.534
1.499
1.550
1.570
1.009
1.073
0.989
1.219
1.225
1.249
2.280
2.449
2.402
0.564
0.597
0.593
1.387
1.399
1.402
0.703
0.725
0.729
1.438
1.452
1.458
1.523
1.758
1.786
1.848
1.869
1.892
0.998
1.005
1.044
0.779
0.828
0.888
1.723
1.725
1.762
0.496
0.584
0.549
1.388
1.406
1.389
0.981
1.047
1.035
1.010
1.033
1.066
0.833
0.856
0.887
0.881
0.869
0.893
1.997
2.007
2.003
2.294
2.419
2.295
2.485
2.483
2.511
1.273
1.292
1.299
2.245
2.276
2.290
1.751
1.794
1.757
1.339
1.383
1.394
1.713
1.762
1.757
1.613
1.582
1.606
1.580
1.614
1.629
1.048
1.100
1.094
1.133
1.168
1.174
1.723
1.728
1.751
1.852
1.850
1.868
1.699
1.709
1.720
0.529
0.559
0.581
1.838
1.887
1.830
1.447
1.668
1.640
1.619
1.610
1.580
1.650
1.837
1.808
1.130
1.165
1.178
1.673
1.723
1.686
2.267
2.262
2.365
1.908
1.960
1.944
0.539
0.579
0.564
1.042
1.045
1.050
1.513
1.542
1.521
0.941
0.952
0.947
0.953
0.957
0.928
1.724
1.695
1.809
1.074
1.099
1.092
1.739
1.769
1.839
1.136
1.141
1.150
1.663
1.708
1.722
0.874
0.954
0.858
1.536
1.539
1.555
1.165
1.171
1.199
1.074
1.164
1.097
0.997
1.016
0.995
0.834
0.855
0.879
1.510
1.524
1.585
1.458
1.489
1.513
1.099
1.119
1.114
0.814
0.809
0.813
0.879
0.893
0.900
0.779
0.823
0.808
1.391
1.406
1.413
1.983
2.020
2.039
1.082
1.254
1.252
1.372
1.377
1.396
1.244
1.267
1.251
0.760
0.759
0.764
1.286
1.294
1.297
1.507
1.530
1.541
1.055
1.097
1.122
0.811
0.922
0.899
1.608
1.670
1.687
1.805
1.835
1.847
0.963
0.961
0.956
1.418
1.412
1.386
2.156
2.170
2.198
1.251
1.323
1.353
2.490
2.504
2.495
1.485
1.531
1.543
1.407
1.402
1.424
1.756
1.783
1.764
1.686
1.889
1.864
0.415
0.415
0.419
0.874
0.881
0.896
0.878
0.956
0.964
1.418
1.459
1.454
0.662
0.692
0.683
1.003
1.022
1.217
0.659
1.426
0.748
0.635
0.706
0.691
0.620
0.846
0.792
1.746
1.786
1.800
1.079
1.086
1.108
1.469
1.481
1.481
0.777
0.802
0.790
2.253
2.316
2.318
1.423
1.439
1.470
1.412
1.523
1.542
1.064
1.266
1.207
0.617
0.961
0.886
0.684
0.725
0.752
2.128
2.141
2.126
1.371
1.383
1.386
1.766
1.994
1.893
1.208
1.221
1.218
1.006
1.027
1.026
1.254
1.246
1.249
0.823
0.965
0.881
1.260
1.271
1.306
0.746
0.781
1.200
1.145
1.137
1.132
0.769
0.832
0.839
2.712
2.765
2.743
1.933
1.966
1.943
1.606
1.608
1.596
1.455
1.476
1.437
1.605
1.607
1.613
0.668
0.659
0.693
0.604
0.623
0.648
1.002
1.022
1.054
0.601
0.632
0.633
2.391
2.421
2.414
0.832
0.883
0.866
1.630
1.716
1.712
1.122
1.139
1.124
1.166
1.219
1.196
0.814
0.823
0.845
0.867
0.894
0.899
0.914
0.964
0.946
0.707
0.729
0.731
1.408
1.376
1.405
0.792
0.839
0.856
0.815
0.816
0.822
1.793
1.815
1.842
1.053
1.063
1.076
0.758
0.786
0.791
1.335
1.317
1.320
1.579
1.592
1.607
0.845
0.869
0.891
1.743
1.763
1.776
0.846
0.896
0.913
1.682
1.704
1.733
1.266
1.277
1.279
0.934
1.003
1.224
1.841
1.862
1.876
0.887
0.910
0.906
0.795
0.771
0.786
1.333
1.330
1.361
1.514
1.553
1.555
1.437
1.468
1.481
1.224
1.246
1.272
1.236
1.244
1.248
2.543
2.574
2.596
1.227
1.249
1.297
1.628
1.637
1.631
0.700
0.747
0.738
1.484
1.496
1.493
1.128
1.123
1.153
2.018
2.137
2.097
1.807
1.856
1.843
1.456
1.464
1.487
0.404
0.429
0.422
1.825
1.869
1.876
1.434
1.419
1.515
1.340
1.355
1.353
1.117
1.263
1.174
0.978
0.986
0.974
1.158
1.368
1.326
0.863
1.018
0.967
0.448
0.583
0.536
0.758
0.754
0.754
1.803
1.861
1.855
1.027
1.108
1.033
1.027
1.176
1.080
1.317
1.494
1.427
1.401
1.401
1.427
1.223
1.243
1.242
0.628
0.643
0.639
0.888
0.995
0.944
0.621
0.644
0.654
1.839
1.890
1.946
1.494
1.502
1.521
1.589
1.607
1.616
0.600
0.626
0.626
0.745
0.768
0.785
2.629
2.705
2.688
1.276
1.342
1.327
2.843
2.901
2.942
1.204
1.200
1.213
0.741
0.784
0.769
0.864
0.875
0.793
0.909
1.063
1.003
0.784
0.803
0.827
0.553
0.557
0.580
1.096
1.089
1.099
1.056
1.081
1.070
0.780
0.782
0.796
2.111
2.123
2.130
1.082
1.194
1.171
0.910
0.936
0.923
0.692
0.722
0.743
0.887
0.917
0.939
0.599
0.559
0.609
1.011
1.048
1.063
1.517
1.537
1.544
1.618
1.650
1.699
1.627
1.635
1.630
1.985
1.997
2.002
1.037
1.061
1.055
0.850
0.889
0.882
1.239
1.235
1.203
1.560
1.570
1.579
1.273
1.303
1.286
1.791
1.811
1.795
1.073
1.131
1.103
0.741
0.811
0.834
0.905
0.906
0.896
1.182
1.210
1.199
1.025
1.053
1.085
2.293
2.330
2.355
1.029
1.036
1.037
2.641
2.651
2.622
1.218
1.220
1.211
1.953
1.977
1.980
0.495
0.532
0.517
2.697
2.708
2.713
1.228
1.268
1.242
1.111
1.093
1.103
1.603
1.624
1.615
0.648
0.687
0.683
1.140
1.153
1.140
0.988
0.994
1.009
1.637
1.635
1.876
0.977
0.993
0.964
0.638
0.650
0.658
1.346
1.407
1.342
1.457
1.463
1.519
1.407
1.407
1.421
0.809
0.855
0.851
2.474
2.558
2.572
2.088
2.152
2.151
1.965
2.009
1.989
0.849
0.874
0.904
0.750
0.963
0.879
0.463
0.497
0.502
2.867
2.936
2.930
1.596
1.591
1.597
0.640
0.630
0.730
0.909
0.936
0.939
0.649
0.682
0.685
0.830
0.841
0.872
0.927
0.924
0.922
1.020
1.046
1.016
1.287
1.317
1.340
0.972
1.010
1.030
2.869
2.885
2.925
2.224
2.305
2.313
1.722
1.724
1.741
0.961
0.978
0.961
0.813
0.826
0.845
1.997
2.041
2.008
1.999
2.009
2.032
2.159
2.158
2.149
1.321
1.317
1.330
1.131
1.174
1.179
1.117
1.344
1.338
1.181
1.208
1.244
0.894
0.974
0.871
1.498
1.499
1.484
1.184
1.202
1.193
1.675
1.731
1.701
1.229
1.245
1.255
1.090
1.114
1.120
1.306
1.335
1.333
0.922
0.980
0.975
0.737
0.959
0.893
1.109
1.146
1.155
1.765
1.781
1.782
1.959
2.002
1.999
1.959
1.959
1.973
1.876
2.028
1.925
1.527
1.535
1.543
1.201
1.242
1.254
2.106
2.114
2.136
1.360
1.369
1.363
1.770
1.771
1.776
1.962
1.967
1.971
0.837
0.882
0.859
0.952
0.988
0.985
1.022
1.030
1.026
0.970
1.021
1.006
0.467
0.498
0.522
0.710
0.907
0.835
1.019
1.050
1.113
0.834
0.851
0.876
2.306
2.391
2.252
1.308
1.315
1.349
1.729
1.802
1.794
1.398
1.872
1.656
1.445
1.468
1.474
1.189
1.206
1.209
1.973
2.037
2.027
1.310
1.468
1.456
0.837
0.881
0.886
0.914
0.933
0.967
0.910
0.906
0.933
0.814
1.039
0.870
1.034
1.163
1.054
0.962
0.985
0.972
1.154
1.192
1.207
1.216
1.243
1.229
0.560
0.585
0.580
0.854
0.864
0.858
1.064
1.079
1.082
0.651
0.642
0.682
0.886
1.044
1.005
1.182
1.319
1.261
0.976
0.971
0.961
0.832
1.047
0.983
2.528
2.590
2.525
0.963
0.992
1.039
0.561
0.696
0.606
0.990
0.994
1.010
0.552
0.572
0.584
0.882
0.926
0.916
0.814
0.856
0.880
0.394
0.428
0.428
0.548
0.587
0.601
0.889
0.924
0.949
1.561
1.556
1.528
1.022
1.039
1.019
0.722
0.780
0.768
0.483
0.443
0.364
1.106
1.128
1.131
1.280
1.309
1.330
0.906
0.932
0.935
1.081
1.346
1.336
1.529
1.552
1.565
0.909
0.887
0.901
2.410
2.441
2.435
0.600
0.644
0.647
0.764
0.775
0.782
0.702
0.737
0.714
1.030
1.053
1.077
1.030
1.135
1.089
1.354
1.508
1.442
1.380
1.382
1.384
1.082
1.228
1.169
1.579
1.641
1.674
1.608
1.689
1.671
1.332
1.400
1.384
2.264
2.294
2.284
1.582
1.587
1.591
1.334
1.350
1.345
1.378
1.360
1.387
1.672
1.721
1.703
1.164
1.192
1.196
0.776
0.756
0.771
1.784
1.788
1.799
2.541
2.528
2.515
1.838
1.846
1.876
0.597
0.592
0.654
1.841
1.873
1.864
1.609
1.612
1.553
1.620
1.684
1.616
1.336
1.328
1.291
1.172
1.213
1.212
1.080
1.081
1.076
1.840
1.862
1.861
1.451
1.461
1.495
1.903
1.915
1.936
0.760
0.905
0.798
1.245
1.261
1.255
1.011
1.027
1.031
1.806
1.783
1.878
1.678
1.669
1.692
0.862
0.855
0.830
1.525
1.524
1.560
0.904
0.920
0.913
1.040
1.039
1.040
2.465
2.431
2.519
1.359
1.371
1.401
1.126
1.159
1.140
1.463
1.474
1.482
0.877
0.986
1.008
1.196
1.218
1.232
0.986
1.002
0.985
0.698
0.749
0.749
1.770
1.879
1.820
3.225
3.241
3.227
0.471
0.501
0.525
0.606
1.073
0.891
1.653
1.643
1.582
1.877
1.920
1.918
1.384
1.410
1.388
1.581
2.129
1.588
1.544
1.692
1.522
1.359
1.361
1.385
0.421
0.448
0.452
1.945
2.046
2.057
1.263
1.338
1.293
0.680
0.719
0.745
0.716
0.728
0.721
2.165
2.206
2.183
1.547
1.605
1.701
0.810
0.907
1.140
1.025
1.018
0.940
1.774
1.903
1.864
1.039
1.078
1.094
0.627
0.797
0.880
0.841
0.888
0.905
0.755
0.778
0.791
0.671
0.714
0.732
0.810
0.832
0.826
1.384
1.413
1.411
1.720
1.814
1.730
2.210
2.233
2.225
1.635
1.970
2.057
1.107
1.125
1.127
1.421
1.432
1.445
0.908
0.922
0.963
0.898
0.937
0.902
1.043
1.069
1.066
1.554
1.557
1.561
1.099
1.308
1.347
2.228
2.252
2.250
1.382
1.391
1.397
0.519
0.561
0.582
2.224
2.242
2.242
1.283
1.292
1.290
1.525
1.552
1.609
0.977
1.035
1.026
1.119
1.138
1.177
1.054
1.079
1.073
0.921
0.953
0.934
1.522
1.556
1.552
1.936
1.942
1.964
1.178
1.222
1.202
0.673
0.720
0.700
0.755
0.786
0.813
0.672
0.726
0.735
0.522
0.562
0.535
0.951
1.000
0.965
1.409
1.387
1.454
1.353
1.401
1.411
0.581
0.627
0.624
0.518
0.541
0.545
1.231
1.365
1.353
1.302
1.490
1.478
1.453
1.548
1.505
1.172
1.183
1.199
1.153
1.198
1.219
0.838
0.890
0.895
1.160
1.194
1.197
0.896
0.913
0.913
1.262
1.250
1.288
0.685
0.664
0.676
1.729
1.761
1.751
1.693
1.710
1.711
1.571
1.617
1.641
1.082
1.127
1.128
1.875
1.906
1.907
1.023
1.044
1.062
0.927
1.056
0.965
0.927
1.019
1.035
2.826
2.962
2.950
0.818
0.863
0.847
1.124
1.148
1.145
0.833
0.868
0.857
1.555
1.561
1.616
1.261
1.224
1.239
0.699
0.709
0.729
0.812
0.767
0.817
0.736
0.737
0.762
0.700
0.778
0.730
0.647
0.649
0.682
1.098
1.112
1.124
2.857
2.841
2.852
1.548
1.596
1.564
1.772
1.813
1.818
0.874
0.928
0.944
1.105
1.117
1.123
1.655
1.661
1.653
1.739
1.843
1.743
1.655
1.696
1.615
0.828
0.850
0.871
1.117
1.193
1.127
1.551
1.575
1.588
0.568
0.618
0.960
1.131
1.123
1.130
2.846
2.891
2.799
0.785
0.824
0.813
1.231
1.241
1.265
0.874
0.920
1.302
2.773
2.792
2.797
1.368
1.392
1.448
2.047
2.048
2.052
0.742
0.761
0.768
0.524
0.545
0.549
1.297
1.314
1.326
3.347
3.384
3.376
1.162
1.180
1.171
1.691
1.707
1.693
0.417
0.418
0.432
0.519
0.563
0.543
1.959
2.085
2.174
0.612
0.672
0.691
1.158
1.213
1.202
1.424
1.471
1.468
1.120
1.132
1.141
1.114
1.137
1.153
1.525
1.531
1.563
2.104
2.074
2.104
1.603
1.649
1.632
1.019
1.035
1.034
0.781
0.796
0.780
1.540
1.649
1.522
1.540
1.635
1.522
1.540
1.626
1.522
1.021
1.019
1.025
1.388
1.406
1.442
1.584
1.622
1.576
0.846
0.857
0.866
0.349
0.502
0.475
1.213
1.243
1.236
1.738
1.756
1.757
0.829
0.863
0.866
0.724
0.837
0.765
1.684
1.707
1.675
1.108
1.108
1.123
0.836
0.939
0.982
1.204
1.347
1.347
1.022
1.049
1.052
1.090
1.123
1.155
1.055
1.086
1.165
0.932
0.970
0.989
1.610
1.639
1.594
1.949
1.894
1.932
1.448
1.484
1.430
2.389
2.493
2.480
1.270
1.295
1.307
1.632
1.588
1.623
1.768
1.757
1.807
1.768
1.757
1.807
0.957
1.047
0.981
1.536
1.540
1.514
0.769
0.862
0.811
0.769
0.881
0.811
1.645
1.735
1.714
0.835
0.858
0.882
0.769
0.797
0.793
2.110
2.115
2.104
0.708
0.719
0.704
1.087
1.142
1.148
1.054
1.099
1.113
1.145
1.172
1.124
2.125
2.145
2.130
1.134
1.140
1.174
2.711
2.846
2.742
1.812
1.852
1.809
1.426
1.460
1.381
1.771
1.804
1.798
1.047
1.065
1.053
0.706
0.798
0.752
0.991
1.005
0.993
1.215
1.244
1.246
1.090
1.107
1.135
1.258
1.275
1.282
1.227
1.307
1.325
0.828
0.850
0.866
1.053
1.104
1.076
1.426
1.423
1.441
0.759
0.791
0.801
1.020
1.068
1.055
1.819
1.816
1.832
0.508
0.549
0.617
0.730
0.737
0.737
0.817
0.848
0.856
0.510
0.542
0.561
0.932
1.027
1.073
0.517
0.555
0.549
1.348
1.326
1.338
1.924
1.938
1.934
0.805
0.812
0.776
1.510
1.575
1.582
1.619
1.624
1.600
0.769
0.856
0.884
0.719
0.728
0.726
1.438
1.500
1.504
1.859
1.839
1.845
1.048
1.044
1.054
0.376
0.380
0.381
0.718
0.808
0.739
1.279
1.326
1.296
1.592
1.609
1.613
1.176
1.244
1.220
1.025
1.067
1.079
1.302
1.333
1.351
2.732
2.756
2.783
1.290
1.305
1.291
1.002
1.073
1.084
1.009
1.010
1.015
2.252
2.293
2.308
1.585
1.624
1.619
1.539
1.511
1.553
2.096
2.098
2.117
1.685
1.848
1.790
1.563
1.591
1.660
1.337
1.345
1.347
1.542
1.527
1.521
1.379
1.374
1.428
0.990
1.017
1.036
0.898
0.905
0.923
1.023
1.084
1.049
0.677
0.685
0.663
1.322
1.321
1.256
1.897
2.020
1.973
3.102
3.109
3.144
1.229
1.250
1.218
1.011
0.993
1.024
1.112
1.125
1.129
0.722
0.741
0.738
0.837
0.990
0.970
0.377
0.529
0.530
0.928
0.941
0.967
0.969
1.020
1.002
1.294
1.330
1.318
2.686
2.694
2.719
2.346
2.362
2.380
1.814
1.751
1.795
1.525
1.634
1.632
1.377
1.419
1.400
1.248
1.276
1.261
0.598
0.599
0.629
2.773
2.812
2.781
1.326
1.358
1.309
1.192
1.218
1.179
1.141
1.165
1.177
1.539
1.570
1.567
1.779
1.799
1.787
1.422
1.430
1.429
1.600
1.574
1.559
1.747
1.764
1.759
0.610
0.666
0.671
1.346
1.394
1.374
1.105
1.128
1.088
0.967
0.989
0.996
1.411
1.437
1.401
1.455
1.440
1.428
1.416
1.423
1.430
0.869
0.880
0.919
1.628
1.670
1.650
0.787
0.812
0.798
1.412
1.432
1.430
1.412
1.432
1.430
1.422
1.441
1.433
1.714
1.857
1.814
2.117
2.120
2.186
0.793
0.821
0.816
1.262
1.282
1.273
1.627
1.700
1.696
0.564
0.757
0.689
1.294
1.311
1.283
2.517
2.548
2.536
1.436
1.550
1.536
1.606
1.628
1.665
0.780
0.793
0.792
0.911
1.118
1.047
0.846
0.886
0.902
1.398
1.402
1.409
1.125
1.157
1.142
1.090
1.116
1.132
1.300
1.301
1.298
1.300
1.407
1.374
1.566
1.559
1.590
0.723
0.785
0.788
1.162
1.319
1.294
1.324
1.305
1.336
1.900
1.928
1.999
1.905
1.899
1.911
1.083
1.115
1.136
1.522
1.774
1.731
0.816
0.841
0.841
1.397
1.378
1.373
0.670
0.682
0.697
1.070
1.049
1.058
1.271
1.263
1.296
2.154
2.544
2.545
2.101
2.108
2.109
2.705
2.738
2.793
1.191
1.199
1.205
0.840
0.765
0.836
1.106
1.100
1.128
0.746
0.753
0.774
0.615
0.741
0.649
1.683
1.701
1.700
1.405
1.388
1.404
1.619
1.634
1.637
1.496
1.528
1.523
1.555
1.552
1.518
0.714
0.756
0.788
0.981
1.019
1.028
2.323
2.355
2.325
0.692
0.738
0.752
1.028
1.029
1.058
1.445
1.459
1.466
1.681
1.722
1.750
0.889
0.914
0.934
1.765
1.852
1.873
1.204
1.229
1.202
0.934
0.962
0.978
1.434
1.454
1.472
2.077
2.106
2.121
1.444
1.490
1.478
1.459
1.503
1.506
1.607
1.623
1.640
2.583
2.634
2.618
1.001
1.004
1.018
2.775
2.791
2.809
2.089
2.174
2.151
1.084
1.092
1.106
0.578
0.639
0.662
1.001
1.035
1.036
2.404
2.414
2.424
0.772
0.789
0.791
1.224
1.231
1.251
0.674
0.672
0.724
1.967
1.934
2.009
0.773
0.742
0.772
0.522
0.585
0.590
0.841
0.997
1.112
1.593
1.605
1.611
0.623
0.628
0.594
1.401
1.433
1.442
1.517
1.561
1.578
1.349
1.410
1.393
1.566
1.589
1.543
0.862
0.939
0.912
1.085
1.126
1.101
2.519
2.544
2.516
1.750
1.755
1.752
1.450
1.469
1.500
2.170
2.215
2.205
0.748
0.904
0.810
0.682
0.698
0.709
0.557
0.589
0.596
1.397
1.434
1.469
0.677
0.668
0.693
0.668
0.688
0.695
1.327
1.361
1.346
1.542
1.507
1.557
1.577
1.601
1.600
0.216
0.209
0.250
2.104
2.129
2.134
0.998
1.040
1.080
0.919
0.909
0.906
2.035
2.040
2.001
2.387
2.449
2.415
1.727
1.770
1.727
0.761
0.787
0.798
1.085
1.091
1.062
1.586
1.588
1.592
1.072
1.095
1.213
1.953
1.973
1.993
1.013
1.021
0.996
2.681
2.804
2.798
1.284
1.358
1.379
1.677
1.673
1.726
1.583
1.970
1.937
0.751
0.741
0.782
1.968
1.975
2.006
0.939
0.935
0.936
1.427
1.404
1.425
0.418
0.429
0.434
1.119
1.123
1.129
1.478
1.485
1.499
0.888
1.008
0.893
0.917
0.976
0.955
0.727
0.751
0.740
1.725
1.739
1.752
1.233
1.243
1.245
1.498
1.520
1.524
2.012
2.023
2.031
1.082
1.059
1.077
1.804
1.845
1.842
1.487
1.512
1.518
1.081
1.123
1.114
1.400
1.435
1.410
1.487
1.509
1.517
0.646
0.662
0.693
0.667
0.856
0.860
1.221
1.218
1.258
0.714
0.725
0.748
0.883
0.937
0.927
0.389
0.357
0.400
0.702
0.758
0.766
2.072
2.107
2.134
0.886
0.915
0.925
1.319
1.338
1.320
0.710
0.724
0.755
1.035
1.162
1.168
1.105
1.109
1.133
3.300
3.388
3.394
2.154
2.139
2.174
0.701
0.711
0.720
1.316
1.436
1.377
1.213
1.236
1.238
4.168
4.185
4.174
1.027
1.076
1.067
2.235
2.352
2.286
0.926
0.972
0.936
0.891
0.888
0.896
1.510
1.534
1.530
0.947
0.981
0.999
1.359
1.367
1.382
2.298
2.304
2.316
2.574
2.553
2.619
0.666
0.697
0.723
0.728
0.771
0.794
1.316
1.320
1.326
1.092
1.100
1.068
1.850
2.055
1.793
2.073
2.264
2.148
1.287
1.399
1.380
1.777
1.792
1.814
1.343
1.380
1.352
1.860
1.874
1.867
1.592
1.617
1.652
2.611
2.617
2.633
1.315
1.315
1.321
2.843
2.991
2.948
1.801
1.847
1.841
0.909
0.923
0.916
0.569
0.566
0.554
1.457
1.488
1.512
0.597
0.634
0.632
1.634
1.583
1.590
1.700
1.711
1.724
1.672
1.701
1.755
0.699
0.715
0.740
2.100
2.123
2.097
0.995
1.023
1.018
2.396
2.442
2.427
1.252
1.249
1.276
0.534
0.569
0.580
1.837
1.846
1.830
0.816
0.839
0.822
0.752
0.757
0.764
1.457
1.446
1.489
1.034
1.062
1.067
0.796
0.833
0.834
0.855
0.866
0.799
1.581
1.781
1.644
1.044
1.046
1.060
0.588
0.615
0.614
1.630
1.672
1.686
1.684
1.694
1.771
1.483
1.529
1.484
1.269
1.473
1.600
1.112
1.207
1.192
1.450
1.507
1.492
1.870
1.869
1.883
0.869
0.885
0.858
0.908
0.934
0.862
1.464
1.484
1.484
1.389
1.429
1.400
1.329
1.343
1.333
0.664
0.692
0.646
1.123
1.191
1.150
0.520
0.553
0.519
1.566
1.591
1.615
1.677
1.676
1.675
0.777
0.822
0.827
1.293
1.300
1.357
1.677
1.676
1.675
1.456
1.478
1.495
0.924
0.925
0.942
1.229
1.262
1.250
0.772
0.787
0.787
1.031
1.067
1.086
0.994
1.044
1.086
2.423
2.456
2.466
1.356
1.359
1.371
1.517
1.556
1.525
0.607
0.642
0.637
0.607
0.784
0.840
1.406
1.432
1.437
1.315
1.339
1.377
1.181
1.212
1.199
0.626
0.623
0.652
0.546
0.583
0.552
0.734
0.787
0.790
1.803
2.006
2.048
0.810
0.867
0.863
0.885
0.904
0.903
1.487
1.578
1.486
0.708
0.720
0.708
1.018
1.047
1.033
0.793
0.798
0.804
1.147
1.149
1.153
0.843
0.916
1.076
0.701
0.730
0.732
1.129
1.180
1.181
1.021
1.060
1.073
1.025
1.025
1.031
1.251
1.271
1.264
0.971
0.947
0.956
2.099
2.300
2.220
1.270
1.316
1.331
1.274
1.289
1.274
1.455
1.481
1.478
1.567
1.579
1.567
0.518
0.539
0.555
1.276
1.315
1.277
1.117
1.216
1.279
1.052
1.069
1.043
1.873
1.919
1.920
0.963
0.983
0.987
1.160
1.167
1.181
1.130
1.150
1.136
1.218
1.235
1.250
1.223
1.292
1.262
1.395
1.389
1.393
1.224
1.286
1.261
2.065
2.054
2.056
0.969
0.929
0.947
0.703
0.719
0.731
1.171
1.192
1.171
1.229
1.253
1.248
0.934
0.950
0.932
1.470
1.635
1.604
0.757
0.766
0.773
2.052
2.086
2.082
1.500
1.571
1.627
2.337
2.379
2.375
1.817
2.008
1.984
1.547
1.585
1.645
1.131
1.218
1.236
0.763
0.789
0.800
0.800
0.839
0.854
1.384
1.392
1.416
0.916
0.926
0.943
1.012
1.126
1.125
0.679
0.698
0.673
1.762
1.792
1.757
2.199
2.246
2.254
2.436
2.439
2.436
1.411
1.527
1.601
0.791
1.046
1.005
2.210
2.213
2.278
1.634
1.632
1.628
0.748
0.782
0.780
0.962
1.008
1.052
2.393
2.413
2.411
0.936
0.950
0.975
0.854
0.881
0.934
0.740
0.835
0.796
0.904
0.992
0.917
0.789
0.825
0.847
2.570
2.596
2.670
0.508
0.540
0.546
1.498
1.546
1.481
1.020
1.036
1.043
2.125
2.135
2.118
0.966
0.967
0.966
1.065
1.145
1.157
0.574
0.602
0.641
0.668
0.659
0.698
0.720
0.735
0.731
0.995
1.041
1.020
1.336
1.356
1.369
1.873
1.939
1.883
1.607
1.965
1.808
1.445
1.447
1.467
0.674
0.668
0.692
0.736
0.736
0.747
0.742
0.946
0.885
2.056
2.055
2.113
0.606
0.629
0.667
0.983
1.001
1.017
1.573
1.577
1.550
0.865
0.870
0.889
1.380
1.376
1.381
0.775
0.799
0.815
1.797
1.865
1.849
0.665
0.681
0.692
0.908
0.922
0.915
0.841
0.863
0.875
1.191
1.255
1.274
1.441
1.507
1.530
1.441
1.592
1.594
0.906
0.941
0.916
1.401
1.516
1.462
0.898
0.927
0.927
0.762
0.946
0.924
1.662
1.707
1.709
1.431
1.457
1.459
1.132
1.122
1.146
0.676
0.686
0.682
0.632
0.635
0.641
1.708
1.685
1.693
1.989
1.965
2.016
1.861
1.901
1.902
1.444
1.494
1.474
1.319
1.327
1.335
1.161
1.153
1.221
1.134
1.195
1.181
0.684
0.702
0.617
1.250
1.256
1.273
1.477
1.481
1.477
0.586
0.614
0.640
0.518
0.624
0.637
1.663
1.676
1.674
3.463
3.517
3.523
2.441
2.533
2.496
1.654
1.673
1.683
0.785
0.817
0.821
1.049
1.095
1.081
1.723
1.732
1.727
2.407
2.401
2.392
0.887
0.905
0.900
1.637
1.640
1.661
2.320
2.311
2.367
1.758
1.793
1.801
0.618
0.610
0.605
2.348
2.360
2.349
1.244
1.293
1.284
0.750
0.773
0.754
0.479
0.495
0.469
1.979
2.003
2.020
0.709
0.751
0.759
1.321
1.353
1.369
0.732
0.799
0.787
1.926
1.936
1.944
2.208
2.214
2.376
1.854
1.940
1.892
1.132
1.159
1.161
0.759
0.817
0.808
0.768
0.821
0.821
0.989
1.002
1.074
1.190
1.227
1.255
2.254
2.237
2.232
1.712
1.699
1.732
1.054
1.058
1.051
1.500
1.594
1.594
1.780
1.790
1.808
2.244
2.268
2.294
1.679
1.708
1.704
2.191
2.438
2.312
2.074
2.392
2.354
2.047
2.058
2.060
1.896
1.952
1.932
1.181
1.358
1.452
1.327
1.332
1.338
1.353
1.485
1.440
1.990
2.031
2.068
2.196
2.222
2.217
1.462
1.534
1.479
1.385
1.438
1.412
1.385
1.420
1.429
1.729
1.730
1.730
1.912
2.062
2.003
2.468
2.483
2.487
1.234
1.230
1.246
2.342
2.342
2.354
1.946
1.950
1.948
1.291
1.359
1.394
2.339
2.370
2.397
1.091
1.079
1.124
0.467
0.471
0.469
2.024
2.030
2.226
1.309
1.413
1.535
1.778
1.808
1.805
1.476
1.505
1.502
0.571
0.583
0.601
1.202
1.223
1.225
1.894
1.917
1.935
1.050
1.075
1.076
1.611
1.668
1.672
2.833
2.836
2.848
2.099
2.294
2.210
2.173
2.170
2.194
1.126
1.317
1.348
1.765
1.778
1.774
0.691
0.698
0.711
1.424
1.423
1.443
1.332
1.370
1.353
1.843
1.854
1.835
1.865
1.914
1.932
1.202
1.243
1.267
1.212
1.229
1.212
1.557
1.592
1.624
1.300
1.292
1.299
1.135
1.147
1.134
0.997
1.024
1.077
1.771
1.761
1.763
0.597
0.630
0.636
1.055
1.056
1.053
0.704
0.730
0.749
1.078
1.119
1.070
2.276
2.272
2.274
1.917
1.941
1.974
1.529
1.537
1.535
0.679
0.713
0.709
1.626
1.620
1.636
1.836
1.843
1.818
0.931
0.882
0.923
0.790
0.828
0.832
1.519
1.573
1.599
1.383
1.419
1.438
1.387
1.403
1.405
1.051
1.084
1.110
1.535
1.552
1.554
1.723
1.759
1.748
2.356
2.372
2.373
0.881
0.910
0.902
2.211
2.257
2.265
1.869
1.982
1.940
1.410
1.464
1.455
1.017
0.965
0.994
1.506
1.505
1.468
1.044
1.080
1.060
1.100
1.114
1.127
1.751
1.737
1.792
1.408
1.453
1.426
2.813
2.820
2.604
0.941
0.954
0.962
1.432
1.455
1.453
1.244
1.241
1.249
0.987
0.997
1.031
1.251
1.274
1.294
1.654
1.653
1.654
0.456
0.542
0.521
1.899
1.927
1.932
1.475
1.472
1.474
2.156
2.212
2.232
1.777
1.794
1.788
0.826
0.823
0.829
0.942
1.065
0.978
0.668
0.707
0.658
0.932
0.935
0.941
1.557
1.581
1.578
1.365
1.367
1.390
1.154
1.162
1.139
1.273
1.280
1.287
0.863
0.927
0.951
0.524
0.542
0.523
1.490
1.538
1.525
0.885
0.894
0.931
0.797
0.800
0.814
0.698
0.787
0.774
0.814
0.831
0.925
0.486
0.498
0.529
1.402
1.396
1.402
1.429
1.452
1.443
0.641
0.666
0.737
1.253
1.259
1.276
1.546
1.577
1.561
1.168
1.239
1.242
1.099
1.121
1.144
0.735
0.745
0.758
0.699
0.838
0.791
0.863
0.893
0.911
1.564
1.559
1.576
0.874
0.895
0.922
2.068
2.078
2.089
0.919
1.052
0.931
1.372
1.394
1.387
0.828
0.852
0.870
0.828
0.885
0.855
2.107
2.099
2.114
1.337
1.341
1.374
1.606
1.673
1.646
1.235
1.262
1.257
1.137
1.186
1.217
1.545
1.565
1.587
0.698
0.729
0.720
0.960
1.182
1.072
2.518
2.534
2.514
1.140
1.197
1.180
1.088
1.099
1.084
0.796
0.861
0.877
2.583
2.614
2.563
0.995
1.339
1.391
1.028
1.052
1.050
1.174
1.223
1.221
2.114
2.237
2.184
1.871
1.874
1.879
0.477
0.507
0.524
1.887
1.916
1.872
1.047
1.053
1.053
1.267
1.297
1.302
0.897
0.960
0.959
0.831
0.876
0.880
0.681
0.661
0.683
0.979
0.968
0.960
0.841
0.866
0.887
0.767
0.771
0.767
1.067
1.145
1.046
1.354
1.362
1.346
0.868
0.878
0.905
0.921
1.025
0.964
0.703
0.700
0.697
0.976
0.978
0.992
0.901
0.916
0.905
1.369
1.373
1.368
0.878
0.899
0.903
0.925
0.935
0.931
2.042
2.069
2.075
0.607
0.643
0.640
1.085
1.123
1.114
1.498
1.509
1.524
1.028
1.037
1.035
1.136
1.145
1.134
1.165
1.174
1.174
0.890
0.961
0.933
2.301
2.304
2.219
1.168
1.199
1.191
2.291
2.510
2.278
1.343
1.355
1.368
1.754
1.774
1.825
2.169
2.160
2.168
1.367
1.362
1.331
1.138
1.164
1.162
1.612
1.635
1.613
0.338
0.398
0.360
0.562
0.581
0.570
1.433
1.476
1.501
1.371
1.571
1.502
1.235
1.256
1.246
1.127
1.195
1.174
1.043
1.078
1.057
2.288
2.301
2.321
1.086
1.116
1.119
0.766
0.761
0.823
0.724
0.931
0.927
1.366
1.394
1.363
0.837
0.856
0.869
1.499
1.495
1.503
1.908
2.084
1.983
0.938
0.977
0.972
1.229
1.258
1.469
1.585
1.600
1.605
1.043
1.100
1.069
1.651
1.653
1.657
0.808
0.846
0.846
1.302
1.347
1.346
1.774
1.774
1.789
1.565
1.583
1.607
1.315
1.455
1.502
1.758
1.793
1.786
1.388
1.421
1.426
0.822
0.986
0.896
1.137
1.192
1.173
1.179
1.199
1.263
1.191
1.206
1.226
1.233
1.274
1.289
1.647
1.648
1.714
1.313
1.369
1.369
0.339
0.374
0.385
0.711
0.720
0.720
1.155
1.190
1.177
1.464
1.564
1.493
1.549
1.737
1.718
1.139
1.629
1.670
1.064
1.101
1.065
0.793
1.101
0.922
0.815
0.832
0.843
1.028
1.060
1.061
1.732
1.782
1.768
1.025
1.032
1.041
1.096
1.087
1.090
0.979
0.982
0.990
0.772
0.805
0.781
1.392
1.409
1.434
2.294
2.292
2.304
1.546
1.578
1.601
0.966
0.980
0.983
1.046
1.085
1.080
0.634
0.690
0.662
0.728
0.764
0.760
1.705
1.718
1.718
1.017
1.038
1.026
0.785
0.875
0.859
0.433
0.429
0.458
0.703
0.742
0.749
0.780
0.812
0.818
0.431
0.735
0.923
0.724
0.735
0.715
1.197
1.208
1.217
2.731
2.838
2.996
2.205
2.303
2.282
1.080
1.105
1.113
1.634
1.646
1.656
2.338
2.405
2.353
0.916
0.946
0.964
0.916
1.037
1.038
1.662
1.663
1.714
0.887
0.945
1.018
2.909
2.905
2.947
1.603
1.624
1.641
0.975
1.011
1.017
1.014
1.009
1.052
1.301
1.302
1.318
1.325
1.345
1.353
2.130
2.200
2.128
1.044
1.086
1.057
4.258
4.309
4.337
0.963
0.981
0.974
1.049
1.075
1.077
1.753
1.789
1.777
0.963
0.957
0.972
1.349
1.364
1.387
1.754
1.732
1.773
1.691
1.693
1.721
0.474
0.503
0.507
2.643
2.715
2.694
1.250
1.295
1.310
2.115
2.118
2.123
1.388
1.403
1.737
1.788
1.806
1.812
0.725
0.761
0.769
1.107
1.123
1.103
1.192
1.204
1.188
1.498
1.494
1.472
3.151
3.214
3.250
0.656
0.678
0.666
1.042
1.145
1.162
1.245
1.259
1.273
1.223
1.265
1.255
1.291
1.281
1.301
0.989
1.002
1.016
2.459
2.489
2.466
1.346
1.331
1.446
1.199
1.352
1.389
1.242
1.271
1.296
0.561
0.590
0.578
1.285
1.297
1.298
2.178
2.173
2.169
1.203
1.251
1.205
1.170
1.212
1.208
1.628
1.642
1.633
1.280
1.308
1.323
1.601
1.630
1.527
1.797
1.794
1.796
1.456
1.479
1.517
1.456
1.446
1.463
0.863
0.865
0.865
1.613
1.635
1.652
0.559
0.587
0.579
1.493
1.536
1.541
0.897
0.902
0.892
1.333
1.336
1.343
0.997
1.022
1.009
0.835
0.865
0.863
0.835
0.865
0.863
0.929
0.981
0.987
1.928
1.934
1.933
1.805
1.806
1.835
1.429
1.484
1.478
1.424
1.542
1.482
0.747
0.805
0.990
1.149
1.175
1.156
1.029
1.051
1.075
0.814
0.826
0.836
1.227
1.237
1.244
2.203
2.215
2.246
1.991
2.197
2.156
1.234
1.237
1.277
0.796
0.818
0.800
0.845
0.886
0.868
2.235
2.228
2.238
2.486
2.568
2.512
1.035
1.063
1.064
0.938
0.921
0.917
1.140
1.195
1.171
0.844
0.840
0.881
1.326
1.380
1.324
0.788
0.808
0.823
1.151
1.110
1.120
1.245
1.224
1.248
0.639
0.723
0.726
0.745
0.795
0.779
0.846
0.887
0.855
0.693
0.738
0.751
1.547
1.615
1.592
1.384
1.376
1.368
1.018
1.035
0.995
0.831
0.863
0.868
0.971
0.964
0.955
1.560
1.599
1.608
1.367
1.372
1.375
2.931
3.024
2.958
1.806
1.821
1.834
1.623
1.597
1.623
1.126
1.154
1.154
2.206
2.286
2.300
1.175
1.204
1.212
0.865
0.882
0.877
1.636
1.651
1.652
0.859
0.855
0.860
1.806
1.782
1.819
0.856
0.899
0.886
1.111
1.137
1.108
1.041
1.056
1.048
1.714
1.741
1.724
2.162
2.204
2.185
1.531
1.545
1.532
1.597
1.667
1.698
1.254
1.296
1.322
2.827
2.824
2.808
0.825
0.895
0.887
0.483
0.535
0.540
2.557
2.623
2.682
0.592
0.617
0.629
1.103
1.136
1.128
0.657
0.686
0.636
1.360
1.375
1.371
1.959
2.045
1.930
1.178
1.215
1.198
0.714
0.779
0.785
1.273
1.276
1.283
0.962
1.001
1.012
1.199
1.281
1.253
1.640
1.642
1.644
1.150
1.181
1.175
0.683
0.733
0.736
0.797
0.826
0.880
0.459
0.513
0.498
0.679
0.687
0.642
0.669
0.689
0.695
1.599
1.634
1.635
3.385
3.430
3.398
1.295
1.343
1.286
1.350
1.345
1.350
0.763
0.794
0.860
1.283
1.289
1.295
0.955
1.042
0.957
0.772
0.738
1.137
2.202
2.215
2.209
3.109
3.065
3.106
1.056
1.084
1.114
1.297
1.302
1.303
1.126
1.142
1.136
2.638
2.616
2.583
1.824
1.934
1.924
0.962
0.972
1.012
0.825
0.849
0.872
0.653
0.702
0.703
1.050
1.032
1.086
1.770
1.813
1.791
1.599
1.608
1.650
1.446
1.511
1.528
1.153
1.174
1.171
1.153
1.174
1.171
2.489
2.491
2.484
0.592
0.617
0.638
2.218
2.229
2.235
0.721
0.764
0.753
1.228
1.234
1.237
1.543
1.547
1.537
1.349
1.361
1.320
1.188
1.225
1.235
0.848
0.891
0.909
2.319
2.363
2.391
1.732
1.743
1.750
1.290
1.304
1.315
0.970
0.997
1.016
2.205
2.220
2.221
2.862
2.868
2.872
0.721
0.764
0.753
0.593
0.634
0.607
1.554
1.571
1.571
2.029
2.038
2.043
1.729
1.710
1.733
1.185
1.202
1.222
1.949
1.951
1.992
0.925
0.956
0.961
1.507
1.570
1.571
1.593
1.639
1.603
1.322
1.352
1.381
0.639
0.683
0.661
1.513
1.526
1.561
1.487
1.621
1.513
2.918
2.949
2.932
0.849
0.898
0.879
1.573
1.579
1.586
0.877
0.903
0.947
1.183
1.213
1.210
2.172
2.216
2.163
1.752
1.768
1.783
0.654
0.685
0.731
1.017
1.082
1.097
1.424
1.442
1.440
0.660
0.647
0.685
1.616
1.631
1.646
1.302
1.313
1.299
1.939
1.951
1.972
1.859
1.867
1.882
0.899
0.948
0.946
0.891
0.900
0.895
1.191
1.179
1.203
2.136
2.185
2.140
1.022
1.064
1.091
1.542
1.538
1.562
0.921
0.951
0.955
1.811
1.827
1.828
1.742
1.760
1.774
1.530
1.582
1.712
1.238
1.256
1.297
0.922
0.937
0.910
1.031
1.022
1.051
1.447
1.455
1.452
1.380
1.400
1.384
1.393
1.390
1.418
1.232
1.224
1.245
0.736
0.766
0.767
0.507
0.511
0.492
0.693
0.715
0.847
1.168
1.185
1.153
1.711
1.749
1.739
0.508
0.586
0.503
1.666
1.699
1.715
2.054
2.114
2.122
2.106
2.117
2.174
2.224
2.252
2.277
0.801
0.813
0.810
1.591
1.602
1.611
0.904
0.948
0.958
1.260
1.255
1.247
0.699
0.827
0.762
1.127
1.119
1.183
0.971
1.232
1.175
1.248
1.252
1.235
1.545
1.606
1.554
1.719
1.772
1.736
0.777
0.835
0.838
1.487
1.592
1.500
1.300
1.306
1.278
1.281
1.306
1.309
1.507
1.564
1.545
1.316
1.350
1.353
1.479
1.493
1.488
1.313
1.339
1.359
0.890
0.895
0.931
0.494
0.539
0.540
1.121
1.198
1.159
1.303
1.295
1.317
0.882
0.899
0.894
0.871
0.966
0.878
1.275
1.285
1.312
1.166
1.198
1.199
2.337
2.364
2.393
0.930
1.015
1.017
2.605
2.671
2.669
1.326
1.327
1.335
1.455
1.580
1.438
2.386
2.966
2.676
0.611
0.656
0.664
1.005
1.067
1.060
1.910
1.906
1.907
2.028
2.033
2.133
2.367
2.375
2.360
1.054
1.129
1.035
1.211
1.233
1.237
1.292
1.300
1.307
0.891
0.889
0.930
0.815
0.827
0.850
1.339
1.372
1.359
2.038
1.853
1.848
1.237
1.276
1.340
0.618
0.628
0.642
0.892
0.909
0.915
0.712
0.895
0.860
1.271
1.271
1.290
2.314
2.377
2.355
2.288
2.454
2.515
0.712
0.740
0.716
1.357
1.439
1.366
1.834
1.909
1.913
1.092
1.083
1.100
2.384
2.384
2.378
1.771
1.846
1.709
0.740
0.806
0.776
1.167
1.178
1.162
1.203
1.263
1.277
1.273
1.275
1.281
1.209
1.206
1.198
3.022
3.016
3.006
1.615
1.626
1.594
1.719
1.743
1.736
1.547
1.766
1.722
0.900
0.927
0.895
1.240
1.272
1.268
0.749
0.768
0.776
0.724
0.758
0.742
1.234
1.234
1.232
0.551
0.628
0.611
0.736
0.780
0.797
2.255
2.226
2.294
1.135
1.148
1.147
1.203
1.231
1.235
0.728
0.769
0.763
1.026
1.031
1.049
1.881
1.894
1.915
1.563
1.562
1.473
1.241
1.274
1.294
1.201
1.235
1.227
0.514
0.517
0.550
1.106
1.157
1.142
0.530
0.548
0.560
1.184
1.211
1.218
0.997
1.057
1.018
0.587
0.657
0.662
2.173
2.152
2.224
1.054
1.056
1.061
2.113
2.146
2.125
1.266
1.264
1.286
1.484
1.483
1.477
1.523
1.522
1.511
1.649
1.606
1.653
1.628
1.633
1.632
0.903
0.924
0.915
1.041
1.191
1.154
1.041
1.191
1.154
1.777
1.795
1.804
0.707
0.731
0.747
1.171
1.173
1.230
0.658
0.678
0.686
0.799
0.863
0.850
1.233
1.298
1.222
0.347
0.327
0.364
1.671
1.626
1.657
1.163
1.230
1.162
1.163
1.179
1.177
1.425
1.437
1.456
1.494
1.530
1.585
0.942
0.974
0.962
0.647
0.684
0.688
0.662
0.645
0.615
0.867
0.904
0.925
1.765
1.739
1.723
1.422
1.449
1.420
0.901
0.924
0.925
0.622
0.649
0.646
1.257
1.286
1.278
1.658
1.659
1.630
1.823
1.834
1.836
1.521
1.660
1.616
1.698
1.706
1.718
1.138
1.165
1.181
0.769
0.786
0.821
0.910
0.927
0.934
1.251
1.388
1.358
0.987
1.018
0.993
1.852
1.938
1.936
2.004
2.020
2.055
1.088
1.094
1.091
0.498
0.550
0.573
0.389
0.423
0.470
0.710
0.744
0.748
0.710
0.744
0.748
2.207
2.265
2.269
1.657
1.693
1.725
1.711
1.910
1.778
1.689
1.765
1.754
0.857
0.904
0.907
0.825
0.836
0.848
1.727
1.690
1.745
0.841
0.851
0.855
0.932
1.068
1.074
1.315
1.326
1.369
1.022
1.046
1.069
1.809
2.021
2.010
0.710
0.777
0.787
1.298
1.283
1.292
1.075
1.097
1.101
1.169
1.191
1.146
0.981
0.979
1.001
1.087
1.121
1.155
1.367
1.476
1.433
1.083
1.120
1.104
0.528
0.575
0.602
1.646
1.640
1.718
0.883
0.905
0.930
1.064
1.094
1.128
1.247
1.280
1.282
1.363
1.383
1.339
1.611
1.668
1.662
0.770
0.773
0.775
1.016
1.065
1.023
1.269
1.315
1.325
0.832
0.866
0.857
0.696
0.706
0.723
1.051
1.067
1.070
0.507
0.568
0.545
1.698
1.735
1.740
0.873
0.879
0.880
1.064
1.069
1.067
0.801
0.939
0.863
0.641
0.683
0.670
1.248
1.309
1.280
1.132
1.177
1.149
0.788
0.817
0.810
0.882
0.892
0.898
1.364
1.366
1.359
0.377
0.397
0.396
0.753
0.769
0.767
1.826
1.846
1.865
1.980
2.039
2.021
1.459
1.536
1.524
1.903
1.916
1.929
1.364
1.349
1.399
0.981
1.012
1.009
2.140
2.179
2.153
0.494
0.601
0.589
2.227
2.237
2.248
0.911
0.921
0.942
0.999
1.004
1.001
1.425
1.450
1.456
1.113
1.353
1.143
1.739
1.749
1.746
1.851
1.894
1.869
0.767
0.775
0.785
1.071
1.106
1.105
1.112
1.150
1.128
1.216
1.224
1.248
2.611
2.716
2.615
0.554
0.559
0.594
1.852
1.808
1.758
2.125
2.202
2.250
1.848
1.871
1.840
2.336
2.353
2.353
0.786
0.795
0.800
0.421
0.464
0.511
0.404
0.601
0.577
1.299
1.389
1.477
1.235
1.260
1.278
0.634
0.789
0.686
0.634
0.789
0.686
1.131
1.264
1.185
0.953
0.971
0.995
0.738
0.725
0.754
1.437
1.398
1.463
1.345
1.358
1.354
1.976
2.044
2.006
1.976
2.052
2.006
0.872
0.878
0.890
2.382
2.389
2.400
1.824
1.856
1.895
0.887
0.930
0.910
1.678
1.674
1.669
0.791
0.812
0.831
1.773
1.961
1.965
1.311
1.315
1.359
0.681
0.789
0.771
1.042
1.165
1.116
0.967
0.974
1.006
1.459
1.564
1.540
1.084
1.073
1.053
1.525
1.547
1.540
2.367
2.446
2.439
0.987
0.977
1.025
1.846
1.862
1.861
2.020
2.009
2.022
2.724
2.922
2.830
1.179
1.200
1.233
1.363
1.546
1.287
2.290
2.278
2.314
0.969
0.986
0.985
1.436
1.441
1.432
0.889
0.919
0.923
1.183
1.197
1.202
1.324
1.333
1.329
0.544
0.543
0.606
0.747
0.878
0.780
2.335
2.294
2.406
0.772
0.810
0.820
1.532
1.447
1.527
1.296
1.333
1.300
1.774
1.825
1.753
2.240
2.327
2.297
1.395
1.560
1.549
0.948
0.973
0.983
0.522
0.556
0.567
1.826
1.853
1.863
2.346
2.381
2.385
1.284
1.306
1.286
1.105
1.180
1.166
2.205
2.195
2.165
2.120
2.127
2.120
1.845
1.870
1.874
0.635
0.649
0.671
1.620
1.618
1.691
0.502
0.527
0.869
1.621
1.644
1.705
1.126
1.161
1.119
1.191
1.192
1.245
2.017
2.037
2.017
0.427
0.441
0.445
1.374
1.403
1.364
0.917
0.940
0.921
0.670
0.698
0.690
1.560
1.620
1.616
1.810
1.838
1.821
0.962
0.976
0.992
0.924
0.922
0.819
1.437
1.440
1.460
1.345
1.383
1.391
1.480
1.551
1.514
1.091
1.114
1.097
1.212
1.312
1.230
0.903
0.899
0.905
1.263
1.269
1.262
1.361
1.380
1.383
0.900
0.926
0.951
1.490
1.945
1.961
0.906
1.039
1.017
0.699
0.757
0.759
1.514
1.529
1.560
1.646
1.635
1.630
1.475
1.458
1.478
0.870
0.878
0.863
1.217
1.249
1.310
1.666
1.701
1.705
0.944
0.941
0.938
1.695
1.684
1.721
1.563
1.546
1.561
1.918
1.938
1.935
0.761
0.776
0.779
1.223
1.251
1.243
1.324
1.417
1.492
1.945
1.961
1.942
0.625
0.700
0.695
1.224
1.226
1.243
1.671
1.762
1.828
1.362
1.522
1.526
1.527
1.559
1.557
1.527
1.611
1.601
1.024
1.219
1.187
1.584
2.093
2.002
1.295
1.313
1.327
1.137
1.140
1.140
2.321
2.794
2.775
1.705
1.707
1.704
1.107
1.121
1.115
1.675
1.703
1.706
0.432
0.450
0.458
0.558
0.663
0.670
1.437
1.537
1.546
1.708
1.879
2.038
0.976
0.984
0.979
0.450
0.480
0.487
1.903
1.925
1.936
1.067
1.123
1.127
0.643
0.661
0.681
1.491
1.495
1.545
1.299
1.316
1.340
0.689
0.749
0.708
0.413
0.576
0.565
0.796
0.804
0.819
0.994
1.042
1.038
1.353
1.383
1.379
1.429
1.434
1.445
1.061
1.073
1.066
0.845
0.840
0.885
1.464
1.503
1.529
0.931
0.942
0.935
0.998
0.996
1.018
0.812
0.830
0.837
1.583
1.615
1.606
1.437
1.442
1.488
0.613
0.594
0.607
1.531
1.543
1.551
1.045
1.075
1.085
1.024
1.110
1.136
1.231
1.281
1.257
1.178
1.190
1.156
1.042
1.086
1.079
1.602
1.597
1.602
1.368
1.467
1.445
0.698
0.714
0.706
1.293
1.293
1.298
1.079
1.129
1.147
1.632
1.694
1.640
1.950
1.980
1.967
1.525
1.559
1.573
0.737
0.829
0.778
0.459
0.484
0.498
0.712
0.725
0.740
0.920
0.927
0.938
1.174
1.464
1.339
1.572
1.574
1.594
1.328
1.358
1.384
0.638
0.697
0.691
0.666
0.665
0.607
0.747
0.768
0.782
0.548
0.778
0.696
1.101
1.091
1.114
0.757
0.782
0.820
0.606
0.614
0.573
1.111
1.112
1.154
0.676
0.827
0.763
1.072
1.090
1.091
0.751
0.804
0.793
0.800
0.845
0.866
0.705
0.748
0.784
0.712
0.714
0.713
1.055
1.057
1.047
1.267
1.286
1.291
1.122
1.152
1.137
1.345
1.376
1.358
0.902
0.953
0.874
0.445
0.453
0.461
1.447
1.549
1.434
1.631
1.647
1.650
1.504
1.456
1.449
1.001
1.052
1.034
0.759
0.770
0.768
0.887
0.898
0.900
2.907
2.999
2.966
0.793
0.820
0.815
0.838
0.863
0.841
0.792
0.753
0.775
1.060
1.062
1.065
0.481
0.568
0.506
0.724
0.771
0.721
2.046
2.074
2.067
1.508
1.533
1.547
2.224
2.296
2.270
1.205
1.194
1.236
0.728
0.747
0.736
0.995
1.006
1.010
1.543
1.564
1.549
1.596
1.708
1.599
0.641
0.649
0.656
0.955
1.005
1.001
3.274
3.315
3.294
1.024
1.076
1.047
2.013
2.019
2.216
1.618
1.641
1.639
1.027
1.037
1.059
0.866
0.906
0.852
0.827
0.848
0.873
0.811
0.837
0.843
1.379
1.483
1.547
0.846
0.863
0.872
0.919
0.949
0.933
0.641
0.704
0.687
1.054
1.135
1.109
2.269
2.287
2.324
0.630
0.641
0.637
0.650
0.670
0.682
1.592
1.652
1.664
0.982
0.979
0.976
1.443
1.480
1.473
0.916
1.321
1.304
0.916
1.015
1.008
0.912
0.920
0.901
0.495
0.541
0.521
0.902
0.897
0.910
0.810
0.827
0.823
1.147
1.146
1.159
1.868
1.879
1.880
1.017
1.096
1.122
1.386
1.527
1.440
0.722
0.945
0.940
1.309
1.317
1.321
2.081
2.091
2.046
0.620
0.636
0.627
1.116
1.167
1.172
1.659
1.726
1.740
1.257
1.281
1.273
1.050
1.038
1.070
1.311
1.332
1.300
2.070
2.093
2.078
2.180
2.237
2.403
1.159
1.131
1.157
1.093
1.111
1.122
1.129
1.172
1.189
1.396
1.446
1.443
0.934
0.945
0.939
1.656
1.689
1.688
0.800
0.823
0.840
1.411
1.417
1.408
1.161
1.169
1.195
1.610
1.625
1.634
0.761
0.836
0.790
0.638
0.697
0.691
1.819
1.867
1.843
1.385
1.385
1.386
1.555
1.563
1.565
1.762
1.774
1.763
0.885
0.917
0.913
0.681
0.714
0.708
0.640
0.656
0.655
0.938
0.946
0.968
1.014
1.009
1.058
1.093
1.159
1.186
0.622
0.679
0.618
0.761
0.801
0.804
1.082
1.124
1.093
0.647
0.663
0.684
1.739
1.772
1.785
0.953
0.985
1.049
0.759
0.778
0.758
1.555
1.511
1.533
0.631
0.674
0.675
1.430
1.458
1.450
2.219
2.246
2.239
0.782
0.828
0.828
1.429
1.457
1.440
1.430
1.410
1.422
1.773
1.787
1.774
1.207
1.209
1.225
0.959
1.006
0.994
0.786
0.820
0.832
1.181
1.160
1.219
0.431
0.411
0.443
3.361
3.391
3.368
1.836
1.829
1.819
0.863
0.868
0.878
0.464
0.465
0.481
0.812
0.830
0.826
0.728
0.802
0.726
0.728
0.806
0.726
1.196
1.205
1.216
0.865
0.883
0.885
0.932
0.983
0.960
0.842
0.851
0.861
2.108
2.126
2.061
1.850
1.834
1.830
1.305
1.345
1.302
0.817
0.831
0.837
1.925
1.938
1.926
1.597
1.624
1.634
2.013
2.043
2.005
1.865
1.856
1.897
1.206
1.145
1.262
0.534
0.559
0.580
2.659
2.666
2.666
0.585
0.770
0.770
1.473
1.447
1.475
0.805
0.796
0.798
0.916
0.975
1.009
0.843
1.018
0.925
1.735
1.758
1.773
2.593
2.599
2.658
1.104
1.116
1.088
1.888
1.893
1.894
1.382
1.476
1.485
1.212
1.238
1.259
1.213
1.260
1.341
1.085
1.094
1.106
0.717
0.710
0.721
1.922
2.024
1.993
0.920
0.925
0.996
0.943
0.965
0.961
1.258
1.275
1.286
0.866
0.857
0.886
1.052
1.051
1.049
0.924
1.017
0.994
1.093
1.112
1.112
0.944
0.963
0.970
1.202
1.227
1.226
1.437
1.451
1.490
1.271
1.296
1.287
0.831
0.829
0.847
1.443
1.472
1.471
1.271
1.245
1.262
1.180
1.195
1.194
1.871
1.873
1.894
0.622
0.640
0.689
0.849
0.833
0.869
1.322
1.318
1.343
1.402
1.413
1.395
0.804
0.805
0.852
0.820
0.858
0.850
1.504
1.537
1.541
1.205
1.209
1.235
1.193
1.191
1.202
0.842
0.874
0.869
2.320
2.343
2.339
0.430
0.439
0.440
0.920
0.971
0.922
0.741
0.754
0.768
0.817
0.809
1.007
0.877
0.874
0.888
1.090
1.193
1.163
1.887
1.876
1.941
0.459
0.509
0.529
1.337
1.345
1.334
0.308
0.310
0.335
0.811
0.851
0.783
0.656
0.714
0.708
3.335
3.300
3.347
1.413
1.426
1.475
1.081
1.122
1.141
2.026
2.080
2.043
0.945
0.972
0.981
1.407
1.649
1.392
0.848
0.855
0.856
0.817
0.829
0.816
0.739
0.754
0.739
1.487
1.507
1.484
1.195
1.226
1.232
0.832
0.841
0.848
1.634
1.663
1.643
1.011
1.010
1.009
1.050
1.098
1.091
1.150
1.217
1.181
1.080
1.139
1.135
1.219
1.256
1.211
0.505
0.556
0.560
1.176
1.215
1.209
0.510
0.550
0.552
1.042
1.073
1.084
1.259
1.265
1.257
0.949
0.950
0.958
1.917
1.939
1.954
1.437
1.466
1.458
1.414
1.436
1.455
1.685
1.702
1.705
1.242
1.255
1.262
0.967
0.977
0.981
1.965
1.978
1.974
1.174
1.177
1.203
1.263
1.288
1.274
0.512
0.515
0.489
1.824
1.806
1.826
2.103
2.095
2.082
1.057
1.259
1.273
1.982
2.051
2.031
1.279
1.322
1.300
0.693
0.694
0.684
0.753
0.760
0.755
0.851
0.875
0.870
2.343
2.340
2.337
1.262
1.267
1.269
1.729
1.884
1.696
0.662
0.680
0.718
1.263
1.276
1.259
1.632
1.654
1.673
0.836
1.035
1.082
1.090
1.112
1.084
1.545
1.818
1.810
1.897
1.898
1.880
1.755
1.907
1.741
1.294
1.320
1.341
1.667
1.912
1.818
0.480
0.524
0.525
2.036
2.047
2.054
1.050
1.037
1.051
0.696
0.726
0.718
0.771
0.962
1.216
2.300
2.320
2.312
0.956
0.972
0.975
1.447
1.488
1.522
0.918
0.911
0.922
1.900
1.962
1.961
1.240
1.251
1.292
1.587
1.593
1.601
1.610
1.641
1.666
1.292
1.361
1.349
0.754
0.790
0.800
0.940
1.014
0.945
0.701
0.735
0.733
3.582
3.578
3.584
0.999
1.013
0.990
1.621
1.630
1.650
1.770
1.781
1.788
1.955
1.971
1.971
1.411
1.652
1.590
2.059
2.130
2.013
0.721
0.773
0.785
1.144
1.175
1.185
0.491
0.546
0.540
1.402
1.501
1.433
1.191
1.199
1.228
1.040
1.080
1.058
0.832
0.877
0.858
1.018
1.035
1.018
0.976
0.987
0.977
0.864
0.894
0.900
0.523
0.537
0.548
1.124
1.149
1.140
1.124
1.202
1.124
1.326
1.351
1.324
0.998
1.016
1.023
1.373
1.379
1.357
1.045
1.101
1.090
0.734
0.749
0.754
1.269
1.304
1.278
0.749
0.763
0.770
1.039
1.063
1.084
1.553
1.563
1.540
1.568
1.585
1.577
1.449
1.477
1.471
1.532
1.529
1.542
1.368
1.372
1.440
0.760
0.772
0.772
0.493
0.545
0.539
1.427
1.416
1.433
0.896
0.902
0.906
1.638
1.745
1.756
1.103
1.292
1.333
1.329
1.352
1.353
1.453
1.478
1.458
0.594
0.607
0.576
1.534
1.531
1.577
1.161
1.163
1.157
1.443
1.380
1.240
1.162
1.338
1.304
1.464
1.479
1.554
2.606
2.740
2.683
2.606
2.740
2.683
1.058
1.188
1.060
1.134
1.162
1.177
0.881
0.949
0.927
2.005
2.055
2.042
1.778
1.824
1.791
0.872
0.911
0.881
2.759
2.773
2.771
1.722
1.755
1.755
1.106
1.145
1.133
2.316
2.281
2.314
2.603
2.733
2.729
0.756
0.786
0.727
1.257
1.270
1.272
1.816
1.820
1.815
1.016
1.038
1.028
1.408
1.414
1.413
1.200
1.271
1.303
1.675
1.675
1.703
0.965
0.977
0.979
0.593
0.608
0.648
0.502
0.561
0.540
0.691
0.908
0.714
1.509
1.568
1.566
2.036
2.166
2.123
1.977
2.007
2.033
0.904
0.921
0.867
1.041
1.079
1.078
0.800
0.813
0.813
1.058
1.095
1.136
0.685
0.807
0.737
0.792
0.807
0.820
0.743
0.762
0.767
0.880
0.913
0.879
0.886
0.919
1.072
0.745
0.790
0.780
0.709
0.680
0.609
1.609
1.644
1.640
0.725
0.758
0.761
0.889
0.978
0.940
1.204
1.209
1.200
1.308
1.324
1.334
0.915
1.275
0.928
0.752
0.801
0.823
1.810
1.803
1.835
1.349
1.386
1.482
2.471
2.480
2.443
1.188
1.136
1.209
0.598
0.608
0.627
1.652
1.670
1.635
1.003
1.034
1.022
2.167
2.067
2.194
0.497
0.538
0.528
1.261
1.283
1.308
0.448
0.497
0.491
1.919
1.912
1.893
1.260
1.288
1.316
0.837
0.936
0.859
0.837
0.949
0.859
0.910
0.995
0.919
0.571
0.621
0.604
0.944
0.945
0.947
1.087
1.119
1.058
1.087
1.128
1.077
1.130
1.153
1.131
0.824
1.065
0.996
2.832
2.866
2.879
0.705
0.737
0.755
0.955
0.949
0.956
0.915
0.928
0.947
1.908
1.929
1.941
1.247
1.289
1.265
0.505
0.552
0.506
0.943
0.975
0.974
0.714
0.751
0.746
1.463
1.497
1.432
1.211
1.211
1.221
1.529
1.582
1.597
1.039
1.048
1.039
1.830
1.911
1.884
0.601
0.605
0.604
1.092
1.103
1.106
1.343
1.341
1.381
1.384
1.399
1.416
0.574
0.568
0.577
1.438
1.443
1.442
1.551
1.561
1.555
1.017
1.102
1.107
0.727
0.817
0.755
1.499
1.513
1.513
0.770
0.775
0.788
1.396
1.404
1.407
1.226
1.243
1.249
0.691
0.725
0.727
2.471
2.477
2.473
1.217
1.191
1.220
0.664
0.692
0.684
1.855
1.849
1.875
1.751
1.779
1.776
1.733
1.777
1.777
1.133
1.137
1.194
2.088
2.191
2.203
0.999
1.001
1.025
1.043
1.069
1.049
3.448
3.431
3.491
1.018
1.045
1.081
0.570
0.606
0.599
1.068
1.074
1.050
1.393
1.417
1.393
1.411
1.431
1.430
0.934
0.932
0.943
1.619
1.782
1.794
0.461
0.483
0.476
0.860
0.941
0.835
1.347
1.465
1.478
0.984
0.993
0.998
0.586
0.766
0.689
0.849
0.885
0.883
1.561
1.569
1.627
1.343
1.367
1.440
0.993
0.986
0.984
1.008
1.018
1.030
1.604
1.583
1.585
0.618
0.641
0.668
1.370
1.472
1.455
1.052
1.065
1.049
0.853
0.869
0.869
0.695
0.708
0.719
0.883
0.934
0.918
1.360
1.364
1.378
1.750
1.720
1.728
1.525
1.531
1.543
0.950
1.018
1.039
1.234
1.241
1.269
1.089
1.149
1.161
0.879
0.818
0.834
1.649
1.666
1.677
0.732
0.736
0.725
2.017
2.191
2.012
2.225
2.274
2.252
0.857
0.914
0.881
0.585
0.612
0.608
1.829
1.868
1.849
0.574
0.618
0.593
1.514
1.572
1.577
1.403
1.425
1.431
0.621
0.659
0.659
1.067
1.131
1.084
0.656
0.698
0.730
0.588
0.600
0.602
1.688
1.700
1.701
1.972
1.968
1.975
1.771
1.797
1.800
0.586
0.607
0.622
0.617
0.638
0.629
1.004
1.187
1.147
2.235
2.294
2.248
0.997
1.024
1.022
1.748
1.793
1.677
1.408
1.445
1.444
0.650
0.672
0.718
0.817
0.942
0.918
1.327
1.412
1.389
1.492
1.523
1.448
0.696
0.726
0.659
2.014
2.024
2.026
1.945
1.977
2.001
1.231
1.291
1.301
1.547
1.569
1.592
0.973
0.979
0.989
0.524
0.556
0.584
0.956
1.030
0.979
1.725
1.736
1.746
1.388
1.406
1.409
1.173
1.434
1.364
1.064
1.081
1.121
1.058
1.083
1.071
0.853
0.876
0.874
1.108
1.212
1.129
1.055
1.121
1.099
0.704
0.707
0.737
0.976
0.991
0.986
0.786
1.250
1.200
0.827
0.870
0.883
0.490
0.497
0.459
1.151
1.169
1.145
1.447
1.436
1.491
1.711
1.702
1.712
1.472
1.471
1.488
0.785
0.791
0.712
1.447
1.405
1.444
0.781
0.803
0.800
1.917
1.938
1.932
1.394
1.491
1.488
0.487
0.507
0.531
0.980
1.009
0.997
0.982
0.991
1.002
2.154
2.155
2.138
0.570
0.634
0.568
1.090
1.210
1.190
3.053
3.066
3.090
0.990
1.082
1.023
1.650
1.707
1.658
0.811
0.799
0.823
0.721
0.748
0.734
1.047
1.067
1.061
0.945
1.042
0.952
1.287
1.369
1.327
1.994
2.002
2.009
1.276
1.361
1.273
2.986
2.997
3.013
0.918
0.972
0.998
1.764
1.751
1.774
1.240
1.289
1.309
1.042
1.056
1.059
1.440
1.497
1.486
0.805
0.836
0.829
1.073
1.117
1.156
1.265
1.272
1.225
1.046
1.078
1.092
0.987
1.021
1.105
1.280
1.299
1.324
1.329
1.396
1.421
1.097
1.104
1.115
1.626
1.638
1.638
1.068
1.107
1.080
1.501
1.507
1.558
1.503
1.521
1.478
0.579
0.607
0.628
2.087
2.067
1.950
0.602
0.617
0.632
1.550
1.579
1.546
0.940
0.983
0.981
1.150
1.225
1.435
0.601
0.634
0.670
0.707
0.735
0.782
0.978
1.058
1.123
0.427
0.454
0.465
1.072
1.083
1.096
0.390
0.416
0.447
0.964
1.177
1.167
0.572
0.630
0.610
1.019
1.018
1.034
1.048
1.068
1.044
1.087
1.146
1.095
0.793
0.833
0.844
1.760
1.775
1.775
0.710
0.803
0.814
1.109
1.185
1.214
1.139
1.304
1.290
2.102
2.107
2.077
0.780
0.837
0.860
1.086
1.108
1.138
1.875
1.917
1.885
0.816
0.922
0.902
1.163
1.145
1.178
0.555
0.670
0.642
0.916
0.901
0.945
0.873
0.885
0.895
1.474
1.466
1.450
1.018
1.014
1.028
1.260
1.257
1.270
1.154
1.150
1.181
0.907
0.883
0.893
0.745
0.738
0.755
1.008
1.039
1.026
0.953
0.959
0.960
0.939
0.968
0.976
0.745
0.754
0.767
0.725
0.740
0.732
0.882
0.894
0.865
0.437
0.473
0.464
1.273
1.278
1.270
0.689
0.722
0.727
0.829
0.865
0.870
1.531
1.581
1.492
1.243
1.247
1.223
0.754
0.785
0.784
0.790
0.777
0.795
0.875
0.931
0.918
1.573
1.616
1.600
1.306
1.334
1.350
1.647
1.698
1.667
0.592
0.727
0.738
1.281
1.313
1.312
0.558
0.595
0.619
1.139
1.167
1.485
0.725
0.744
0.687
0.478
0.497
0.505
1.179
1.212
1.204
1.216
1.249
1.249
1.573
1.720
1.820
1.688
1.835
1.924
1.573
1.720
1.820
1.688
1.835
1.924
1.688
1.835
1.924
1.573
1.720
1.820
1.477
1.616
1.700
0.812
0.801
0.831
0.823
0.878
0.859
0.563
0.597
0.595
1.067
1.053
1.081
1.560
1.575
1.557
3.206
3.152
3.103
0.985
1.020
1.002
1.234
1.265
1.259
1.657
1.690
1.723
1.886
1.883
1.900
1.051
1.065
1.052
0.863
0.862
0.859
2.017
2.031
2.032
1.317
1.313
1.312
0.683
0.709
0.702
2.427
2.437
2.457
1.654
1.677
1.785
0.448
0.508
0.508
0.754
0.807
0.787
1.099
1.140
1.119
0.836
0.820
0.839
0.684
0.662
0.642
0.596
0.619
0.644
1.034
1.088
1.126
1.256
1.404
1.336
1.067
1.099
1.107
0.601
0.729
0.679
1.653
1.649
1.656
1.758
1.774
1.698
1.173
1.167
1.159
1.746
1.763
1.764
1.058
1.066
1.053
0.688
0.713
0.697
0.902
0.893
0.904
0.962
0.967
0.981
1.303
1.316
1.302
1.514
1.532
1.547
0.792
1.253
0.980
2.042
2.107
2.350
0.575
0.594
0.593
0.916
0.942
0.931
0.543
0.543
0.563
0.589
0.622
0.626
0.823
0.830
0.831
0.633
0.657
0.662
0.647
0.676
0.605
1.334
1.343
1.358
1.041
1.071
1.050
1.441
1.447
1.450
1.089
1.104
1.105
1.114
1.147
1.125
2.391
2.388
2.401
1.306
1.314
1.315
1.514
1.538
1.523
1.251
1.272
1.271
0.697
0.727
0.744
1.255
1.254
1.254
2.073
2.098
2.019
0.772
0.773
0.792
0.957
0.967
0.957
0.819
0.845
0.852
0.721
0.810
0.739
1.008
0.985
1.002
1.450
1.595
1.609
1.315
1.336
1.287
0.846
0.903
0.905
0.774
0.793
0.789
2.298
2.328
2.333
3.150
3.170
3.165
0.467
0.493
0.496
1.669
1.677
1.654
1.669
1.734
1.710
0.676
0.689
0.717
1.027
1.020
1.039
1.087
1.117
1.144
1.981
1.975
1.991
1.059
1.091
1.110
0.859
0.963
0.888
1.212
1.232
1.259
0.983
1.014
1.009
0.869
0.876
0.886
0.697
0.720
0.722
1.700
1.729
1.715
0.793
0.779
0.826
1.078
1.081
1.273
0.712
0.802
0.734
1.152
1.170
1.218
1.513
1.567
1.523
1.054
1.055
1.099
1.519
1.535
1.546
3.478
3.524
3.488
1.336
1.342
1.364
0.572
0.585
0.599
1.135
1.167
1.180
1.665
1.685
1.714
2.526
2.490
2.510
1.241
1.261
1.275
0.822
0.823
0.845
1.419
1.416
1.429
1.134
1.169
1.182
1.093
1.252
1.189
2.316
2.356
2.335
2.089
2.105
2.103
2.100
2.103
2.116
0.686
0.678
0.695
1.275
1.295
1.304
0.881
0.949
0.959
1.494
1.501
1.482
1.067
1.070
1.091
0.489
0.496
0.511
1.048
1.064
1.123
0.714
0.735
0.741
1.070
1.103
1.090
0.951
0.952
1.046
1.055
1.072
1.103
4.183
4.181
4.160
1.076
1.141
1.102
1.675
1.730
1.745
1.191
1.189
1.204
2.089
2.037
2.061
1.565
1.590
1.586
0.957
0.953
0.932
1.713
1.746
1.736
1.845
1.890
1.868
1.368
1.393
1.392
1.701
1.727
1.745
1.403
1.425
1.428
1.298
1.306
1.298
1.298
1.317
1.307
0.868
0.970
0.907
1.531
1.546
1.560
1.468
1.527
1.504
0.712
0.753
0.764
1.726
1.744
1.751
1.587
1.581
1.598
0.604
0.635
0.672
0.852
0.905
0.936
0.825
0.906
0.894
0.674
0.742
0.731
1.458
1.505
1.484
1.147
1.181
1.194
0.731
0.696
0.747
1.122
1.184
1.201
1.299
1.323
1.328
0.608
0.645
0.643
0.303
0.370
0.394
0.794
0.796
0.810
0.630
0.667
0.658
0.973
0.988
1.002
1.659
1.668
1.656
1.810
1.833
1.840
0.681
0.693
0.682
1.342
1.611
1.554
0.896
0.976
0.956
1.189
1.205
1.208
1.336
1.412
1.380
1.114
1.106
1.123
1.205
1.225
1.224
0.574
0.724
0.611
0.825
0.835
0.841
1.761
1.764
1.775
0.896
0.913
0.910
0.670
0.701
0.682
1.795
1.810
1.839
1.699
1.829
1.798
1.610
1.709
1.825
1.494
1.629
1.565
3.021
3.010
3.005
0.842
0.939
0.914
1.258
1.366
1.281
0.792
0.811
0.810
1.428
1.583
1.630
0.883
0.885
0.877
1.102
1.112
1.138
0.606
0.621
0.626
1.014
1.100
1.065
0.812
0.819
0.827
0.577
0.597
0.594
0.726
0.742
0.737
0.505
0.549
0.574
0.431
0.447
0.453
0.647
0.715
0.756
1.749
1.756
1.736
1.533
1.553
1.567
0.773
0.911
0.860
1.158
1.174
1.135
1.520
1.521
1.539
0.637
0.641
0.624
0.960
1.024
0.958
2.018
2.156
2.131
1.152
1.155
1.162
1.268
1.445
1.405
1.892
1.927
1.924
0.775
0.802
0.837
1.094
1.115
1.139
1.024
1.077
1.065
0.699
0.711
0.701
1.035
1.065
1.061
1.322
1.328
1.345
1.245
1.245
1.242
1.064
1.128
1.114
0.645
0.662
0.661
1.840
1.967
1.823
1.638
1.642
1.654
0.442
0.466
0.482
2.015
2.008
2.043
1.841
1.843
1.847
1.433
1.449
1.446
1.477
1.499
1.461
1.445
1.449
1.422
0.820
0.831
0.848
2.233
2.267
2.230
1.008
0.985
1.012
1.164
1.195
1.150
0.460
0.491
0.479
1.156
1.208
1.174
0.780
0.911
0.783
0.600
0.619
0.646
0.707
0.811
0.709
0.707
0.842
0.763
1.733
1.711
1.772
0.697
0.755
0.751
0.840
0.871
0.845
0.708
0.787
0.716
0.789
0.872
0.845
1.794
1.800
1.802
1.166
1.209
1.206
1.505
1.564
1.531
1.563
1.589
1.566
2.078
2.121
2.108
1.114
1.143
1.135
1.756
1.740
1.762
1.325
1.331
1.336
1.372
1.388
1.369
1.270
1.269
1.258
0.537
0.554
0.567
0.584
0.703
0.669
0.708
0.766
0.791
0.917
0.932
0.928
0.807
0.808
0.802
1.149
1.200
1.222
0.936
1.196
1.124
0.775
0.962
1.206
1.398
1.432
1.431
1.362
1.364
1.389
1.109
1.116
1.117
2.047
2.062
2.077
1.829
1.924
1.934
1.414
1.432
1.469
1.259
1.257
1.280
0.976
0.998
0.977
1.165
1.263
1.158
0.604
0.635
0.638
1.479
1.500
1.527
1.639
1.751
1.689
1.194
1.234
1.223
0.525
0.585
0.599
1.767
1.770
1.769
1.075
1.080
1.117
0.961
0.979
0.985
0.465
0.470
0.456
1.165
1.161
1.285
1.530
1.565
1.624
0.573
0.689
0.536
0.609
0.863
0.527
0.622
0.642
0.636
0.743
0.856
0.707
1.140
1.150
1.155
2.395
2.399
2.393
0.720
0.756
0.732
2.465
2.483
2.499
1.570
1.548
1.498
1.116
1.150
1.128
1.883
1.946
1.962
0.827
0.857
0.906
0.649
0.642
0.648
0.793
0.818
0.826
0.865
0.903
0.883
1.206
1.338
1.297
1.324
1.379
1.370
1.581
1.598
1.605
0.660
0.767
0.794
1.547
1.573
1.550
0.769
0.790
0.813
2.678
2.726
2.723
1.297
1.301
1.290
1.793
1.826
1.804
1.113
1.105
1.107
0.501
0.618
0.577
0.501
0.618
0.577
0.501
0.618
0.577
0.759
0.782
0.783
0.610
0.643
0.617
0.872
0.888
0.873
1.408
1.411
1.417
0.715
0.727
0.741
0.655
0.701
0.678
0.757
0.776
0.757
0.923
1.050
0.971
0.923
1.189
1.108
1.264
1.259
1.245
0.784
0.920
0.819
1.250
1.466
1.318
1.010
1.029
1.190
0.851
0.902
0.875
0.870
0.887
0.880
0.650
0.677
0.620
1.439
1.435
1.463
1.113
1.210
1.192
1.149
1.182
1.176
3.170
3.247
3.033
0.927
0.952
0.970
1.047
1.086
1.094
1.150
1.149
1.161
0.609
0.666
0.670
1.533
1.610
1.578
0.571
0.614
0.596
0.898
0.920
0.964
0.884
0.916
0.886
1.260
1.265
1.273
1.405
1.508
1.433
1.639
1.655
1.650
0.876
0.882
0.881
1.254
1.513
1.253
1.118
1.133
1.141
0.480
0.501
0.483
1.383
1.416
1.471
1.178
1.189
1.244
0.846
0.855
0.863
0.652
0.677
0.675
3.385
3.327
3.410
1.310
1.334
1.324
1.270
1.265
1.283
0.450
0.465
0.417
1.251
1.255
1.292
1.173
1.357
1.291
1.167
1.207
1.222
1.537
1.774
1.674
0.727
0.783
0.759
0.658
0.669
0.664
1.078
1.096
1.093
0.695
0.719
0.709
1.558
1.616
1.634
0.811
0.823
0.839
1.047
1.068
1.076
1.035
1.078
1.091
1.208
1.326
1.277
0.782
0.939
0.816
0.484
0.543
0.551
1.417
1.517
1.356
0.966
0.972
0.977
1.247
1.266
1.464
1.072
1.069
1.075
0.422
0.477
0.447
1.956
1.975
1.995
0.800
0.851
0.855
0.747
0.766
0.765
1.507
1.528
1.526
2.138
2.168
2.156
1.387
1.383
1.362
1.242
1.390
1.366
0.719
0.724
0.721
1.717
1.759
1.793
0.719
0.738
0.736
2.159
2.168
2.190
1.544
1.661
1.626
3.217
3.210
3.217
2.687
2.733
2.777
0.480
0.544
0.558
1.021
1.012
1.036
0.760
0.697
0.746
1.284
1.288
1.291
0.847
0.899
0.883
1.577
1.602
1.567
1.270
1.279
1.303
0.696
0.700
0.704
1.125
1.118
1.107
1.805
1.803
1.795
1.036
1.076
1.069
2.369
2.385
2.401
1.339
1.362
1.355
1.330
1.319
1.291
0.657
0.654
0.666
0.599
0.606
0.599
1.000
1.011
1.021
0.784
0.843
0.864
0.962
0.988
1.001
1.677
1.726
1.722
0.582
0.602
0.607
1.081
1.062
1.082
0.836
0.880
0.972
0.715
0.740
0.742
0.593
0.706
0.556
0.700
0.719
0.714
0.492
0.505
0.530
0.934
0.962
0.951
1.478
1.506
1.491
1.633
1.592
1.622
2.116
2.107
2.079
2.301
2.407
2.423
1.782
1.851
1.767
1.782
1.827
1.768
1.087
1.187
1.149
1.145
1.165
1.132
0.489
0.503
0.503
1.544
1.534
1.541
1.174
1.221
1.225
0.713
0.787
0.752
0.635
0.640
0.639
0.981
0.960
0.996
1.154
1.178
1.177
0.637
0.655
0.653
1.095
1.078
1.099
0.940
0.959
0.975
0.902
1.046
1.046
0.937
0.992
0.982
0.963
1.001
0.990
1.241
1.335
1.361
0.725
0.729
0.754
1.180
1.135
1.151
1.106
1.123
1.126
0.941
0.972
0.936
0.706
0.718
0.700
1.775
1.845
1.790
1.270
1.277
1.267
0.687
0.688
0.690
0.940
1.036
1.059
1.474
1.597
1.558
1.140
1.179
1.163
1.115
1.131
1.118
0.597
0.713
0.696
1.652
1.778
1.775
0.663
0.690
0.641
0.663
0.668
0.703
1.304
1.434
1.458
0.680
0.738
0.750
2.351
2.517
2.495
0.710
0.730
0.746
0.753
0.811
0.815
1.060
1.063
1.070
0.940
0.948
0.950
1.370
1.384
1.404
1.151
1.179
1.149
1.258
1.388
1.201
0.857
0.892
0.903
1.543
1.556
1.508
0.959
0.991
0.965
1.250
1.313
1.323
1.015
1.012
1.010
1.469
1.473
1.484
1.480
1.483
1.511
2.166
2.235
2.222
0.839
0.867
0.843
1.690
1.736
1.771
0.894
0.945
0.928
0.642
0.687
0.651
0.675
0.703
0.715
1.099
1.093
1.074
1.393
1.433
1.421
0.686
0.720
0.718
0.771
0.784
0.797
1.210
1.211
1.385
1.318
1.352
1.316
1.554
1.647
1.618
0.775
0.952
0.942
0.593
0.633
0.615
0.383
0.392
0.377
0.792
0.786
0.806
1.658
1.691
1.640
1.039
1.059
1.084
0.688
0.708
0.739
1.028
1.057
1.060
0.613
0.633
0.629
1.338
1.338
1.346
0.906
0.909
0.913
0.593
0.633
0.615
1.447
1.455
1.452
1.137
1.166
1.179
0.579
0.617
0.600
0.698
0.702
0.734
0.822
0.824
0.846
0.579
0.617
0.600
1.179
1.189
1.178
0.423
0.452
0.473
0.882
0.902
1.111
2.071
2.089
2.183
1.138
1.163
1.163
1.209
1.210
1.189
0.579
0.617
0.600
1.399
1.411
1.438
0.871
0.863
0.867
0.579
0.617
0.600
0.628
0.656
0.637
0.813
0.825
0.880
1.089
1.110
1.108
0.783
0.794
0.802
0.616
0.677
0.696
1.321
1.356
1.318
0.656
0.736
0.649
0.656
0.718
0.695
0.656
0.718
0.695
1.300
1.347
1.404
0.791
0.826
0.814
0.496
0.539
0.537
0.729
0.753
0.759
0.593
0.633
0.615
0.745
0.753
0.774
1.324
1.337
1.327
0.711
0.719
0.740
0.657
0.686
0.672
0.538
0.777
0.608
1.222
1.212
1.196
1.502
1.475
1.520
0.837
0.848
0.859
1.139
1.055
1.099
1.153
1.174
1.180
0.717
0.750
0.735
2.102
2.306
2.320
0.809
0.822
0.824
0.942
0.974
0.984
0.579
0.617
0.600
0.796
0.830
0.813
0.462
0.494
0.498
0.918
0.919
0.920
0.871
0.782
0.762
1.604
1.623
1.619
1.609
1.608
1.618
1.247
1.248
1.256
0.661
0.691
0.682
1.489
1.529
1.496
0.736
0.753
0.749
1.085
1.115
1.128
1.170
1.220
1.183
0.770
0.847
0.790
1.377
1.393
1.379
0.940
0.952
0.904
0.920
0.954
0.849
0.726
0.731
0.761
0.702
0.752
0.738
0.688
0.686
0.699
1.653
1.659
1.679
0.774
0.782
0.784
1.690
1.697
1.691
2.087
2.204
2.183
3.284
3.302
3.301
0.722
0.725
0.727
0.701
0.752
0.743
0.897
0.918
0.906
1.678
1.751
1.690
2.945
2.977
2.976
0.585
0.581
0.604
0.411
0.442
0.431
0.632
0.696
0.694
0.702
0.718
0.752
0.897
0.909
0.899
0.806
0.836
0.855
1.235
1.346
1.255
1.794
1.825
1.843
1.433
1.467
1.435
0.705
0.726
0.733
0.610
0.659
0.649
1.931
1.958
1.952
0.853
0.914
0.901
1.292
1.310
1.303
1.102
1.121
1.125
1.758
1.784
1.754
1.472
1.381
1.642
1.978
1.994
1.984
0.690
0.682
0.643
0.532
0.690
0.672
0.988
1.039
1.002
1.293
1.306
1.304
1.091
1.107
1.101
1.999
1.986
1.977
1.681
1.676
1.695
1.786
1.799
1.798
1.291
1.304
1.300
0.973
0.990
0.997
0.897
0.939
0.953
0.618
0.654
0.647
1.208
1.249
1.237
0.993
1.034
1.056
0.941
0.985
0.998
0.807
0.908
0.890
1.475
1.497
1.508
1.365
1.403
1.440
1.425
1.399
1.426
1.351
1.355
1.386
1.790
1.799
1.810
1.138
1.251
1.266
1.557
1.594
1.588
0.623
0.658
0.642
1.231
1.239
1.203
0.583
0.720
0.709
0.855
0.851
0.885
1.149
1.188
1.200
0.447
0.485
0.491
0.776
0.894
0.917
0.752
0.749
0.760
2.019
2.016
2.035
1.360
1.405
1.409
0.769
0.783
0.788
1.603
1.605
1.577
0.945
0.989
0.988
1.961
1.999
2.001
1.826
1.856
1.853
1.618
1.663
1.664
1.900
1.946
1.926
0.778
0.951
0.898
2.471
2.494
2.516
2.297
2.279
2.276
1.415
1.422
1.427
1.104
1.111
1.116
1.293
1.315
1.320
0.729
0.749
0.755
1.112
1.113
1.127
1.551
1.615
1.642
2.261
2.278
2.263
1.698
1.717
1.763
0.927
0.962
0.947
1.692
1.714
1.771
0.625
0.656
0.680
1.212
1.205
1.214
1.379
1.374
1.381
0.976
1.036
1.057
0.974
1.020
1.001
0.822
0.853
0.873
1.251
1.243
1.253
2.083
2.082
2.088
1.960
2.003
2.016
2.193
2.203
2.237
0.674
0.699
0.702
0.755
0.786
0.795
1.197
1.200
1.195
0.728
0.771
0.751
1.762
1.783
1.807
0.964
1.070
1.109
0.463
0.549
0.538
0.647
0.662
0.661
1.936
1.967
1.955
0.743
0.793
0.749
1.454
1.459
1.448
0.732
0.768
0.771
1.348
1.357
1.367
0.684
0.725
0.744
1.010
1.017
1.032
1.258
1.253
1.220
2.525
2.575
2.566
1.301
1.309
1.273
1.003
1.008
1.014
0.797
0.805
0.809
2.292
2.298
2.256
1.745
1.798
1.965
2.335
2.300
2.319
0.781
0.809
0.788
1.625
1.648
1.613
1.652
1.651
1.663
1.328
1.351
1.333
0.855
0.909
0.934
1.530
1.689
1.727
1.196
1.266
1.269
1.091
1.098
1.102
1.336
1.349
1.479
0.887
0.885
0.898
0.716
0.738
0.728
0.761
0.821
0.794
0.761
0.821
0.794
0.761
0.821
0.794
1.630
1.657
1.643
0.491
0.522
0.516
1.171
1.209
1.214
0.581
0.583
0.583
1.218
1.292
1.258
0.920
1.134
1.143
0.687
0.707
0.706
1.521
1.558
1.521
1.231
1.289
1.287
0.745
0.745
0.802
0.658
0.794
0.768
1.349
1.537
1.508
0.993
1.030
1.035
1.493
1.494
1.561
1.241
1.263
1.250
1.564
1.720
1.639
1.104
1.108
1.106
1.577
1.574
1.585
1.656
1.730
1.741
2.162
2.516
2.195
1.479
1.507
1.495
0.808
0.835
0.818
1.035
1.039
0.969
1.089
1.233
1.150
0.879
0.893
0.939
1.126
1.105
1.118
1.019
1.008
1.031
1.821
1.955
2.013
2.491
2.543
2.506
1.141
1.165
1.146
0.573
0.633
0.625
0.950
0.974
0.949
0.490
0.556
0.574
1.390
1.587
1.560
1.243
1.197
1.236
1.731
1.722
1.712
1.710
1.795
1.747
0.544
0.565
0.586
1.823
1.822
1.818
0.785
0.788
0.774
0.664
0.688
0.665
1.265
1.282
1.312
1.385
1.370
1.324
0.629
0.643
0.624
0.537
0.525
0.535
0.536
0.541
0.564
0.518
0.552
0.535
0.638
0.670
0.653
0.743
0.752
0.773
2.138
2.389
2.281
0.823
0.805
0.848
0.729
0.746
0.744
1.016
1.016
1.014
0.627
0.638
0.650
1.557
1.580
1.582
0.896
0.910
0.907
0.808
0.815
0.825
0.827
0.856
0.847
0.991
1.036
1.042
1.140
1.248
1.196
1.016
1.035
1.064
0.443
0.471
0.457
0.861
0.816
0.846
2.241
2.219
2.266
1.166
1.183
1.184
0.848
0.875
0.872
0.455
0.578
0.538
0.455
0.578
0.538
0.455
0.578
0.538
0.986
1.004
1.018
1.163
1.181
1.105
0.647
0.672
0.669
0.880
0.894
0.957
0.581
0.586
0.605
1.448
1.501
1.461
1.518
1.560
1.531
0.792
0.838
0.825
0.812
0.856
0.863
1.413
1.503
1.494
1.474
1.653
1.618
0.948
0.941
0.904
0.553
0.582
0.534
0.682
0.675
0.691
1.492
1.499
1.498
1.288
1.311
1.298
1.288
1.352
1.298
1.245
1.278
1.265
1.154
1.193
1.190
0.573
0.621
0.662
1.537
1.540
1.481
0.619
0.631
0.639
1.232
1.240
1.220
0.942
0.956
0.952
1.174
1.195
1.216
0.890
0.893
0.904
0.226
0.321
0.329
0.678
0.804
0.793
0.882
0.953
1.024
0.843
0.825
0.784
0.477
0.484
0.501
1.457
1.422
1.494
1.905
1.983
1.974
0.748
0.760
0.757
0.869
0.851
0.815
1.188
1.225
1.248
0.795
0.799
0.916
1.072
1.070
1.061
1.658
1.693
1.702
1.283
1.330
1.262
1.938
1.952
1.912
1.021
1.027
1.032
0.539
0.559
0.604
0.528
0.516
0.557
1.425
1.410
1.427
1.120
1.157
1.148
0.731
0.763
0.777
0.731
0.763
0.777
1.725
1.734
1.747
0.633
0.687
0.658
1.468
1.465
1.453
1.228
1.240
1.250
0.680
0.664
0.650
1.166
1.173
1.175
0.852
0.890
0.891
0.659
0.801
0.753
1.846
1.851
1.842
1.558
1.569
1.564
1.431
1.449
1.426
2.351
2.351
2.367
0.900
0.905
0.933
0.895
0.901
0.911
0.996
1.016
1.039
1.306
1.349
1.348
0.840
0.855
0.872
0.807
0.798
0.881
1.467
1.487
1.484
0.895
0.951
0.937
1.160
1.180
1.168
0.785
0.793
0.792
1.217
1.201
1.178
1.143
1.157
1.168
0.518
0.529
0.552
0.872
0.880
0.893
0.589
0.600
0.612
1.546
1.559
1.571
0.953
0.974
0.966
0.814
0.840
0.842
1.324
1.375
1.360
1.136
1.243
1.170
1.226
1.302
1.313
0.840
0.868
0.864
0.780
0.807
0.794
0.933
0.947
0.911
0.892
0.920
0.925
1.067
1.096
1.084
0.849
0.860
0.869
1.264
1.330
1.309
0.604
0.876
0.813
1.788
1.802
1.801
0.715
0.716
0.708
1.418
1.433
1.410
0.642
0.668
0.718
1.008
1.014
1.009
2.420
2.439
2.441
2.499
2.635
2.628
0.692
0.714
0.724
1.120
1.154
1.124
0.743
0.763
0.764
0.923
0.971
0.942
1.714
1.809
1.725
1.643
1.656
1.656
2.051
2.046
2.060
0.880
0.920
0.866
1.340
1.332
1.341
0.782
0.809
0.796
1.986
2.022
2.020
1.244
1.272
1.157
1.161
1.197
1.147
0.498
0.520
0.533
0.458
0.497
0.467
1.234
1.261
1.265
0.674
0.720
0.702
2.047
2.128
2.102
1.188
1.193
1.204
1.073
1.072
1.108
0.730
0.782
0.751
0.782
0.809
0.796
1.227
1.242
1.245
0.372
0.493
0.439
0.658
0.684
0.651
0.763
0.778
0.767
1.107
1.133
1.168
0.753
0.768
0.756
0.878
0.917
0.918
0.579
0.586
0.599
0.780
0.807
0.794
0.621
0.625
0.619
0.919
0.927
0.927
0.670
0.684
0.650
1.037
1.038
1.038
0.495
0.512
0.522
1.068
1.099
1.113
0.696
0.728
0.728
2.964
3.129
3.032
2.964
3.129
3.032
2.964
3.129
3.032
0.794
0.815
0.823
0.782
0.809
0.796
1.603
1.612
1.598
1.165
1.199
1.187
0.584
0.571
0.586
0.864
0.886
0.894
1.177
1.227
1.232
1.020
1.025
1.025
0.795
0.799
0.813
1.398
1.408
1.394
0.532
0.559
0.543
1.902
1.925
1.938
0.788
0.780
0.791
0.782
0.809
0.796
0.534
0.546
0.561
0.934
0.946
0.946
0.486
0.469
0.492
1.987
2.005
2.022
0.645
0.783
0.777
0.921
0.972
0.988
1.583
1.672
1.660
0.528
0.555
0.554
0.567
0.647
0.697
1.549
1.596
1.577
1.095
1.117
1.094
1.621
1.638
1.629
1.174
1.185
1.187
1.596
1.624
1.631
1.025
1.051
1.052
1.279
1.347
1.296
1.808
1.829
1.838
1.174
1.211
1.212
1.793
1.819
1.827
0.985
0.977
1.005
1.275
1.272
1.308
1.301
1.270
1.297
0.413
0.458
0.460
1.006
1.093
1.109
1.520
1.495
1.557
1.689
1.719
1.712
2.157
2.191
2.191
1.059
1.078
1.070
2.448
2.448
2.364
0.778
0.788
0.772
1.824
1.850
1.839
1.211
1.219
1.252
0.948
0.980
0.993
1.307
1.339
1.305
1.313
1.358
1.343
2.335
2.353
2.346
1.691
1.722
1.691
1.131
1.182
1.217
1.741
1.715
1.767
0.738
0.807
0.723
1.265
1.282
1.213
1.188
1.230
1.243
1.490
1.441
1.624
2.557
2.611
2.621
2.255
2.253
2.272
0.723
0.721
0.713
1.265
1.292
1.306
1.571
1.608
1.596
0.905
0.912
0.945
1.098
1.321
1.273
1.281
1.316
1.332
1.342
1.331
1.328
0.815
0.816
0.822
1.025
1.005
1.083
1.173
1.249
1.213
1.418
1.429
1.434
0.760
0.780
0.744
0.760
0.780
0.744
0.986
1.022
1.015
1.141
1.149
1.137
0.673
0.687
0.688
2.031
2.148
2.056
1.477
1.409
1.432
0.707
0.752
0.674
0.435
0.501
0.498
0.548
0.531
0.560
0.915
0.936
0.944
2.126
2.088
2.095
1.147
1.098
1.079
0.498
0.518
0.533
1.704
1.721
1.785
0.974
1.011
1.013
0.714
0.747
0.728
0.525
0.540
0.551
1.334
1.350
1.354
1.065
1.062
1.051
1.847
1.896
1.864
1.136
0.931
0.919
1.933
1.925
1.926
1.473
1.479
1.480
0.975
0.994
1.000
1.600
1.801
1.717
0.625
0.637
0.642
2.281
2.367
2.315
1.932
1.958
1.932
0.727
0.746
0.748
1.008
1.031
1.039
1.154
1.170
1.174
1.086
1.180
1.122
1.322
1.343
1.340
2.293
2.314
2.343
0.727
0.755
0.758
1.023
1.108
1.181
0.982
1.022
1.027
0.707
0.675
0.819
1.428
1.462
1.448
0.567
0.581
0.588
1.188
1.199
1.143
0.909
0.921
0.922
2.161
2.182
2.182
1.598
1.834
1.646
0.770
0.799
0.785
0.494
0.536
0.536
1.017
1.022
1.054
2.033
2.036
1.965
0.761
0.778
0.750
1.091
1.097
1.086
0.599
0.623
0.952
0.702
0.734
0.736
1.426
1.456
1.442
0.792
0.815
0.825
2.660
2.684
2.687
2.923
2.931
2.929
1.129
1.236
1.233
1.044
1.062
1.057
1.587
1.591
1.597
1.295
1.328
1.307
1.619
1.690
1.662
1.113
1.120
1.099
0.895
0.965
0.960
1.029
1.049
1.034
0.549
0.581
0.567
0.380
0.392
0.394
1.088
1.119
1.097
0.949
0.978
0.978
0.572
0.603
0.603
1.709
1.762
1.767
1.228
1.395
1.350
1.045
1.087
1.071
0.587
0.679
0.721
1.625
1.774
1.710
1.508
1.498
1.519
0.811
0.829
0.824
1.248
1.291
1.149
1.103
1.142
1.186
1.142
1.179
1.159
0.605
0.590
0.595
2.095
2.091
2.110
0.572
0.634
0.593
0.572
0.578
0.593
1.350
1.374
1.353
0.530
0.579
0.612
1.097
1.120
1.098
0.963
1.050
1.040
0.574
0.591
0.596
0.680
0.695
0.706
0.750
0.758
0.703
0.673
0.657
0.681
1.321
1.336
1.325
0.939
0.933
0.886
0.747
0.816
0.774
0.645
0.659
0.749
1.525
1.528
1.559
2.530
2.533
2.534
1.240
1.256
1.263
0.845
0.844
0.870
0.892
0.913
0.901
0.673
0.659
0.700
1.382
1.375
1.368
1.225
1.249
1.248
1.347
1.332
1.366
0.597
0.646
0.628
0.568
0.599
0.609
0.543
0.573
0.568
1.368
1.373
1.367
1.487
1.503
1.492
0.585
0.604
0.617
0.986
0.982
0.994
0.782
0.809
0.796
0.782
0.809
0.796
1.298
1.334
1.328
1.083
1.264
1.278
1.041
1.062
1.067
0.662
0.663
0.687
0.793
1.060
0.960
0.748
0.795
0.813
0.474
0.476
0.527
1.085
1.117
1.156
2.344
2.352
2.374
0.752
0.785
0.797
2.250
2.241
2.234
0.877
1.024
0.958
0.877
0.895
0.888
1.715
1.737
1.734
1.604
1.630
1.625
0.977
0.973
0.977
0.625
0.709
0.695
1.335
1.336
1.333
0.724
0.731
0.750
0.771
0.781
0.769
2.131
2.171
2.163
1.538
1.538
1.543
1.414
1.436
1.441
0.969
0.933
0.999
1.279
1.305
1.287
0.648
0.690
0.688
1.053
1.061
1.082
1.083
1.153
1.139
1.534
1.572
1.574
1.220
1.230
1.229
0.856
0.871
0.883
1.192
1.238
1.223
2.275
2.289
2.276
0.600
0.628
0.600
0.600
0.696
0.654
0.876
0.890
0.917
0.522
0.572
0.571
0.718
0.743
0.729
1.590
1.626
1.598
0.756
0.762
0.763
1.091
1.158
1.161
0.620
0.662
0.651
1.710
1.761
1.764
0.904
0.936
0.945
0.700
0.723
0.749
0.601
0.655
0.685
2.435
2.465
2.439
1.652
1.658
1.646
1.312
1.305
1.325
1.172
1.178
1.179
0.756
0.767
0.757
0.668
0.707
0.700
0.784
0.809
0.796
1.658
1.737
1.713
1.059
1.077
1.083
0.888
0.923
0.905
1.071
1.050
1.131
1.100
1.177
1.122
0.826
0.855
0.851
0.928
0.929
0.933
1.164
1.193
1.191
0.552
0.573
0.611
1.499
1.523
1.512
1.283
1.265
1.320
0.929
0.936
0.942
1.177
1.212
1.195
1.506
1.548
1.542
1.138
1.149
1.181
1.293
1.312
1.298
0.448
0.460
0.480
0.602
0.549
0.627
0.749
0.752
0.758
0.808
0.821
0.837
0.763
0.797
0.770
0.763
0.782
0.772
1.288
1.305
1.312
0.929
0.968
0.934
1.093
1.210
1.127
0.990
1.012
1.011
0.831
0.849
0.835
0.442
0.487
0.474
0.744
0.739
0.765
0.652
0.679
0.666
0.535
0.552
0.563
0.712
0.719
0.742
1.014
1.303
1.291
1.184
1.226
1.230
2.597
2.646
2.628
0.719
0.806
0.789
0.628
0.653
0.672
0.848
0.912
0.872
1.016
1.021
1.039
1.965
1.993
1.958
0.739
0.743
0.746
1.193
1.215
1.249
2.467
2.476
2.475
1.089
1.113
1.149
0.943
0.978
0.951
0.612
0.613
0.624
0.883
0.925
0.897
1.621
1.674
1.643
1.956
2.055
2.011
1.968
2.078
2.024
0.915
0.942
0.926
0.962
0.987
1.010
0.738
0.774
0.776
0.756
1.107
0.959
0.692
0.708
0.697
0.636
0.671
0.661
0.437
0.460
0.415
1.066
1.178
1.170
0.929
0.962
0.973
0.535
0.590
0.535
1.219
1.183
1.230
1.337
1.343
1.351
0.535
0.732
0.552
0.805
0.824
0.831
0.810
0.807
0.809
0.885
0.929
0.902
0.895
0.902
0.917
0.502
0.511
0.526
0.566
0.581
0.579
1.165
1.385
1.201
1.066
1.045
1.059
0.531
0.560
0.561
1.638
1.643
1.638
1.379
1.420
1.386
2.365
2.359
2.357
0.612
0.636
0.638
0.635
0.666
0.683
0.788
0.836
0.844
0.929
1.215
1.123
0.887
0.892
0.889
1.496
1.536
1.513
0.710
0.740
0.755
1.004
1.143
1.144
0.762
0.766
0.790
1.165
1.220
1.177
0.691
0.697
0.710
1.386
1.442
1.404
0.784
0.798
0.830
1.001
1.007
1.004
0.901
0.890
0.877
0.577
0.711
0.688
1.124
1.136
1.103
0.667
0.859
0.812
1.869
1.880
1.890
0.945
0.940
1.019
1.488
1.500
1.501
1.198
1.186
1.187
1.350
1.347
1.347
0.734
0.758
0.752
1.676
1.657
1.661
0.908
1.059
1.144
0.601
0.589
0.611
1.635
1.656
1.606
1.806
1.816
1.823
0.952
1.201
1.190
1.889
1.882
1.852
0.611
0.612
0.603
0.557
0.573
0.573
0.362
0.392
0.378
0.560
0.568
0.567
1.130
1.173
1.145
0.888
0.905
0.906
1.101
1.230
1.077
0.933
0.941
0.942
0.821
0.823
0.828
1.080
1.101
1.093
1.210
1.241
1.226
1.281
1.306
1.355
0.793
0.795
0.866
0.481
0.508
0.495
0.645
0.647
0.665
0.720
0.745
0.738
0.920
0.941
0.929
0.481
0.508
0.495
0.419
0.453
0.439
0.481
0.508
0.495
1.674
1.668
1.672
1.153
1.165
1.185
1.476
1.485
1.485
1.162
1.185
1.223
0.647
0.652
0.668
1.147
1.189
1.150
1.067
1.092
1.054
0.459
0.474
0.503
1.497
1.513
1.492
2.431
2.541
2.544
0.839
0.883
0.898
0.433
0.582
0.558
1.469
1.473
1.472
1.113
1.158
1.152
0.903
0.953
0.891
0.754
0.767
0.786
0.714
0.737
0.752
0.861
0.946
0.933
1.349
1.327
1.396
1.028
1.132
1.122
0.880
0.910
0.913
0.383
0.445
0.436
1.331
1.413
1.429
0.774
0.770
0.790
0.498
0.526
0.535
0.919
0.922
0.922
0.562
0.606
0.596
0.912
0.933
0.928
0.817
0.953
0.879
1.515
1.542
1.499
1.773
1.769
1.795
1.987
2.116
2.077
0.760
0.793
0.794
0.915
0.948
1.004
0.528
0.559
0.559
0.824
0.846
0.873
1.441
1.482
1.452
1.660
1.680
1.677
1.307
1.322
1.345
1.307
1.322
1.345
1.210
1.229
1.253
1.395
1.413
1.399
1.758
1.796
1.774
1.323
1.346
1.352
1.162
1.212
1.198
1.224
1.349
1.346
1.040
1.044
1.055
0.728
0.772
0.756
2.224
2.338
2.304
1.178
1.262
1.190
0.375
0.395
0.419
2.641
2.655
2.623
1.092
1.117
1.142
0.965
1.181
1.150
0.633
0.927
0.919
2.004
2.054
2.023
1.568
1.576
1.567
0.720
0.778
0.774
0.942
0.952
0.935
1.628
1.622
1.653
1.374
1.393
1.401
1.539
1.581
1.612
1.008
0.998
1.004
0.843
0.898
0.905
0.902
0.953
0.943
1.858
1.881
1.881
1.027
1.059
1.055
0.808
0.839
0.845
0.690
0.699
0.734
1.299
1.292
1.312
0.903
0.911
0.902
1.624
1.648
1.638
1.220
1.245
1.238
1.358
1.364
1.376
1.888
1.921
1.947
0.792
0.796
0.832
0.971
0.976
0.957
1.093
1.122
1.080
1.281
1.323
1.323
0.424
0.437
0.434
1.431
1.490
1.426
1.362
1.349
1.392
1.413
1.414
1.408
1.490
1.474
1.519
1.854
1.861
1.884
1.532
1.549
1.558
0.954
0.967
1.022
1.385
1.395
1.382
1.626
1.666
1.665
0.575
0.605
0.589
0.613
0.632
0.663
1.769
1.911
1.999
1.441
1.442
1.430
0.715
0.718
0.728
0.890
0.921
0.914
3.180
3.212
3.200
3.032
3.210
3.134
1.272
1.277
1.280
1.577
1.592
1.626
0.569
0.730
0.733
0.798
0.865
0.825
0.561
0.629
0.606
0.850
0.891
0.893
1.033
1.110
1.091
0.820
0.948
0.797
0.820
0.933
0.833
0.640
0.803
0.782
1.518
1.496
1.536
1.383
1.471
1.501
0.275
0.268
0.276
0.704
0.745
0.725
1.058
1.063
1.063
1.448
1.441
1.482
2.018
2.083
2.054
1.859
1.900
1.918
1.594
1.606
1.627
1.055
1.063
1.058
1.305
1.362
1.319
0.689
0.722
0.736
1.086
1.040
1.126
1.820
1.810
1.816
1.176
1.173
1.172
1.218
1.254
1.258
0.727
0.798
0.766
0.537
0.509
0.546
0.986
1.031
1.042
0.655
0.607
0.630
0.928
0.933
0.939
1.245
1.214
1.240
1.216
1.298
1.286
0.648
0.645
0.617
1.060
1.080
1.070
0.673
0.679
0.719
1.273
1.303
1.305
0.676
0.788
0.758
0.676
0.682
0.660
1.305
1.311
1.306
1.581
1.597
1.593
0.887
0.924
0.910
0.896
0.955
0.966
0.877
1.066
0.922
2.106
2.141
2.158
1.547
1.582
1.570
0.618
0.647
0.625
1.728
1.790
1.788
1.130
1.174
1.221
1.155
1.173
1.189
1.775
1.784
1.808
1.463
1.598
1.549
0.771
0.854
0.776
0.771
0.854
0.776
0.796
0.834
0.871
0.672
0.869
0.860
0.695
0.864
0.822
1.704
1.745
1.750
0.474
0.477
0.755
0.534
0.578
0.600
1.609
1.614
1.609
0.681
0.802
0.743
0.942
0.965
1.022
0.841
0.814
0.844
0.508
0.527
0.546
0.542
0.581
0.588
0.872
0.901
0.905
0.483
0.576
0.547
0.859
0.868
0.869
1.044
1.064
1.094
0.731
0.799
0.765
0.884
0.890
0.922
1.524
1.539
1.560
1.321
1.385
1.342
0.880
0.869
0.868
0.624
0.624
0.599
1.105
1.096
1.103
0.934
1.084
0.984
0.889
0.907
0.977
1.081
1.120
1.097
1.081
1.144
1.214
1.548
1.575
1.586
1.163
1.158
1.147
1.103
1.142
1.165
1.115
1.338
1.260
2.408
2.434
2.417
0.937
0.994
0.983
0.872
0.924
0.916
1.248
1.300
1.275
0.531
0.665
0.671
1.038
1.056
1.065
0.476
0.502
0.490
0.781
0.792
0.808
1.345
1.329
1.350
0.670
0.708
0.700
0.691
0.700
0.682
0.558
0.576
0.587
1.706
1.755
1.733
0.823
0.846
0.836
1.089
1.103
1.069
1.478
1.503
1.532
0.682
0.695
0.674
2.434
2.467
2.432
0.949
0.971
0.967
1.318
1.372
1.363
0.816
0.842
0.859
0.969
0.980
0.960
1.394
1.403
1.405
1.377
1.581
1.548
1.211
1.209
1.217
0.983
1.008
0.986
1.034
1.050
1.039
0.859
0.882
0.888
2.080
2.068
2.088
1.503
1.546
1.523
0.830
0.926
0.833
1.069
1.094
1.094
0.733
0.741
0.747
0.681
0.686
0.693
0.663
0.677
0.645
0.770
0.927
0.940
1.478
1.490
1.480
0.472
0.497
0.488
1.445
1.464
1.432
1.219
1.262
1.411
0.882
0.909
0.894
1.111
1.129
1.129
1.277
1.324
1.321
0.785
0.812
0.781
1.430
1.432
1.438
1.321
1.315
1.355
1.409
1.464
1.498
1.119
1.146
1.154
1.041
1.050
1.056
0.476
0.502
0.490
0.993
0.975
1.016
1.635
1.710
1.632
1.170
1.196
1.210
1.489
1.483
1.512
1.099
1.121
1.089
1.321
1.369
1.359
1.403
1.409
1.411
0.851
0.872
0.881
0.830
0.899
0.885
0.817
0.840
0.831
0.848
0.859
0.869
0.740
0.742
0.769
0.799
0.932
0.875
0.760
0.792
0.813
1.641
1.839
1.918
0.759
0.778
0.773
0.612
0.619
0.621
1.063
1.631
1.405
0.874
0.897
0.881
2.722
2.724
2.751
0.529
0.557
0.561
0.552
0.563
0.584
0.644
0.635
0.582
0.702
0.704
0.701
0.467
0.488
0.508
1.611
1.625
1.669
0.267
0.303
0.316
1.179
1.237
1.229
0.674
0.788
0.733
0.921
0.949
0.947
0.492
0.519
0.506
1.572
1.571
1.572
1.085
1.108
1.131
1.110
1.296
1.222
1.052
1.052
1.064
0.960
0.990
0.991
1.192
1.204
1.201
1.639
1.671
1.651
0.533
0.564
0.541
1.809
1.852
1.743
1.780
1.861
1.972
0.818
0.825
0.822
0.582
0.676
0.681
0.324
0.321
0.353
0.622
0.674
0.667
1.719
1.722
1.737
0.660
0.714
0.715
0.490
0.593
0.578
1.555
1.560
1.572
0.632
0.654
0.682
0.674
0.715
0.749
1.242
1.241
1.231
1.159
1.174
1.159
1.136
1.229
1.196
0.706
0.719
0.672
0.814
0.822
0.818
1.057
1.086
1.071
0.709
0.712
0.707
1.091
1.096
1.089
1.160
1.190
1.140
1.608
1.878
1.886
1.597
1.593
1.580
1.734
1.719
1.773
0.618
0.606
0.625
1.108
1.095
1.105
1.487
1.477
1.520
1.466
1.499
1.478
1.283
1.303
1.331
0.824
0.905
0.890
0.966
0.960
0.966
1.364
1.366
1.374
1.802
1.817
1.845
1.093
1.262
1.235
2.362
2.429
2.394
1.657
1.651
1.662
0.605
0.642
0.647
0.650
0.652
0.652
0.997
1.002
1.033
1.214
1.264
1.214
0.761
0.788
0.782
1.304
1.315
1.306
1.169
1.184
1.182
0.758
0.829
0.819
0.810
0.834
0.845
0.979
0.982
1.222
0.912
0.931
0.907
1.488
1.524
1.490
2.075
2.149
2.181
0.800
0.808
0.802
0.873
0.909
0.899
1.237
1.249
1.305
0.664
0.843
0.873
0.607
0.767
0.578
1.050
1.074
1.048
0.622
0.653
0.658
0.669
0.700
0.721
0.871
1.012
0.984
1.202
1.318
1.273
1.008
1.023
1.025
1.826
1.928
1.926
1.106
1.161
1.130
1.659
1.681
1.674
0.859
0.874
0.898
1.276
1.315
1.320
0.744
0.763
0.778
1.428
1.460
1.466
1.025
1.026
1.027
0.725
0.775
0.787
1.924
1.935
1.929
0.484
0.521
0.508
1.129
1.064
1.056
1.216
1.222
1.220
0.725
0.732
0.726
0.598
0.596
0.593
0.581
0.823
0.734
0.923
0.952
0.965
1.057
1.070
1.095
1.960
1.966
1.969
0.958
1.053
1.020
1.498
1.518
1.540
0.784
0.786
0.794
1.686
1.739
1.750
0.690
0.787
0.768
1.168
1.304
1.256
1.266
1.323
1.274
1.011
1.078
1.063
1.171
1.276
1.166
1.171
1.284
1.248
1.746
1.728
1.738
1.156
1.161
1.158
1.969
1.965
1.970
1.097
1.114
1.108
1.491
1.493
1.490
1.844
1.898
1.877
1.859
1.865
1.866
2.211
2.248
2.220
1.319
1.466
1.417
0.672
0.732
0.725
1.375
1.348
1.696
0.828
0.840
0.854
0.678
0.659
0.688
2.033
2.027
1.988
0.916
0.895
0.793
1.344
1.354
1.361
0.656
0.675
0.682
0.834
0.957
0.896
0.870
0.847
0.853
0.958
1.077
1.122
0.804
0.809
0.824
1.101
1.274
1.248
1.287
1.328
1.297
1.147
1.132
1.124
1.110
1.078
1.295
0.973
1.004
0.994
0.302
0.576
0.442
1.259
1.270
1.279
0.778
0.769
0.798
0.755
0.769
0.797
0.849
0.989
0.922
1.506
1.563
1.575
0.870
0.926
0.928
1.149
1.284
1.235
1.535
1.595
1.476
1.164
1.178
1.193
0.741
0.741
0.724
0.838
0.847
0.899
0.908
1.060
0.955
0.999
0.998
1.037
1.149
1.247
1.222
0.442
0.512
0.533
1.348
1.267
1.345
2.010
2.015
2.016
1.190
1.173
1.217
0.497
0.535
0.533
1.393
1.444
1.447
1.077
1.116
1.147
1.087
1.149
1.177
1.215
1.329
1.317
1.716
1.757
1.797
2.626
2.620
2.655
1.734
1.765
1.754
1.418
1.453
1.439
0.806
0.829
0.835
1.690
1.705
1.699
1.281
1.287
1.265
1.063
1.358
1.082
1.542
1.608
1.603
1.370
1.940
2.084
0.659
0.709
0.709
1.569
1.573
1.575
1.681
1.715
1.765
0.761
0.774
0.788
1.832
1.855
1.855
1.199
1.216
1.253
1.723
1.739
1.694
1.102
1.120
1.126
0.964
0.980
0.959
1.600
1.642
1.636
0.801
0.798
0.877
1.512
1.560
1.524
1.291
1.272
1.297
1.258
1.283
1.229
0.723
0.734
0.744
1.536
1.599
1.606
1.745
1.790
1.743
0.700
0.740
0.723
0.643
0.697
0.722
0.549
0.573
0.579
1.360
1.308
1.345
0.638
0.736
0.690
0.478
0.552
0.466
0.432
0.456
0.462
0.508
0.542
0.552
1.608
1.628
1.635
0.973
0.978
0.971
0.652
0.668
0.669
1.248
1.295
1.304
1.540
1.655
1.563
0.702
0.768
0.776
0.899
0.919
1.196
1.736
1.776
1.800
1.722
1.716
1.743
1.207
1.270
1.152
1.831
1.885
1.914
1.435
1.454
1.456
0.654
0.696
0.796
0.671
0.709
0.708
0.530
0.718
0.682
1.006
1.036
1.069
0.874
0.870
0.878
0.968
1.033
1.026
0.715
0.735
0.735
0.465
0.494
0.514
1.387
1.410
1.421
1.572
1.620
1.588
1.793
1.809
1.795
2.022
2.032
2.022
0.774
0.812
0.801
1.657
1.645
1.645
0.861
0.994
0.901
0.833
0.839
0.845
1.045
1.038
1.040
1.243
1.457
1.167
1.102
1.233
1.163
1.319
1.315
1.343
0.576
0.609
0.630
0.824
0.827
0.855
0.717
0.762
0.746
0.632
0.720
0.766
0.737
0.750
0.743
0.527
0.555
0.560
0.486
0.492
0.519
0.522
0.648
0.615
0.812
0.832
0.843
0.749
0.858
0.820
1.314
1.371
1.309
1.277
1.307
1.436
0.993
1.011
1.040
1.216
1.233
1.238
0.780
0.770
0.778
1.015
1.024
1.022
1.414
1.431
1.430
0.725
0.718
0.748
0.687
0.719
0.714
1.272
1.294
1.311
0.689
0.723
0.748
1.136
1.112
1.137
0.798
0.838
0.858
0.950
0.953
0.962
2.027
2.001
1.999
1.164
1.264
1.218
1.234
1.215
1.253
0.992
1.012
1.285
0.887
0.938
0.889
1.781
1.833
1.833
0.337
0.552
0.559
0.596
0.634
0.630
1.174
1.202
1.198
1.131
1.140
1.154
1.011
1.061
1.035
1.178
1.164
1.191
0.588
0.877
0.789
0.761
0.806
0.778
0.824
0.857
0.838
1.332
1.341
1.321
0.744
0.787
0.781
1.385
1.624
1.406
0.390
0.406
0.408
0.515
0.707
0.619
1.668
1.671
1.664
0.587
0.609
0.618
0.792
0.843
0.834
0.727
0.753
0.777
0.946
1.025
1.009
0.803
0.822
0.846
0.562
0.628
0.636
0.810
0.817
0.818
0.926
0.943
0.947
0.989
1.036
1.032
1.156
1.321
1.252
0.997
1.057
1.038
0.688
0.688
0.687
1.523
1.537
1.532
1.219
1.253
1.293
1.289
1.281
1.253
1.368
1.415
1.428
0.578
0.587
0.562
0.825
0.955
0.837
0.913
0.926
0.916
0.821
0.818
0.806
1.283
1.303
1.307
1.012
1.010
1.055
0.354
0.393
0.359
0.779
0.816
0.807
0.895
0.940
0.952
0.687
0.760
0.752
1.297
1.325
1.316
1.092
1.173
1.173
0.815
0.834
0.805
1.303
1.324
1.316
0.850
0.867
0.853
1.210
1.200
1.265
0.714
0.728
0.717
1.705
1.726
1.752
0.733
0.763
0.755
0.669
0.662
0.658
2.123
2.139
2.134
0.868
0.889
0.903
0.900
0.948
0.985
0.772
0.796
0.784
0.773
0.779
0.771
1.086
1.109
1.117
2.047
2.066
2.071
1.155
1.211
1.191
0.931
0.966
0.943
1.181
1.182
1.178
0.893
0.946
0.948
0.792
0.798
0.801
0.542
0.548
0.553
0.718
0.723
0.719
0.920
0.931
0.906
0.980
1.010
0.989
0.858
0.869
0.879
0.385
0.409
0.403
0.604
0.610
0.614
1.481
1.500
1.492
1.227
1.210
1.239
1.376
1.387
1.386
1.176
1.167
1.197
0.805
0.843
0.815
0.751
0.766
0.702
0.884
1.031
0.905
1.067
1.055
1.065
1.603
1.621
1.619
1.784
1.808
1.783
0.496
0.506
0.518
1.008
1.007
1.010
0.526
0.534
0.526
1.359
1.372
1.384
2.107
2.092
2.059
0.652
0.672
0.658
1.493
1.515
1.520
0.619
0.660
0.631
1.066
1.090
1.080
1.326
1.346
1.355
1.783
1.813
1.808
1.676
1.687
1.695
1.040
1.071
1.080
1.113
1.090
1.109
2.536
2.550
2.538
0.720
0.746
0.747
1.163
1.168
1.202
1.015
1.063
1.063
1.535
1.559
1.543
1.480
1.500
1.484
1.022
1.038
1.036
1.078
1.090
1.082
1.282
1.359
1.329
1.217
1.193
1.125
0.937
0.946
0.952
0.895
0.948
0.951
1.134
1.143
1.141
1.472
1.455
1.476
1.631
1.620
1.592
0.986
1.024
1.024
0.835
0.879
1.079
1.224
1.228
1.193
0.986
1.186
1.214
1.244
1.259
1.264
0.977
1.061
1.229
1.931
1.964
2.037
0.368
0.549
0.563
1.387
1.395
1.392
1.678
1.707
1.749
0.617
0.675
0.927
1.752
1.789
1.798
1.763
1.776
1.789
0.815
0.816
0.819
0.918
0.937
0.940
1.397
1.407
1.410
1.229
1.252
1.247
0.767
0.782
0.816
1.319
1.385
1.323
0.777
0.789
1.123
1.154
1.150
1.140
1.214
1.224
1.232
0.581
0.616
0.605
1.246
1.363
1.285
1.895
1.922
1.920
2.475
2.463
2.483
0.974
1.000
1.001
0.730
0.750
0.747
0.889
0.891
0.888
1.022
1.051
1.040
1.309
1.306
1.324
1.147
1.169
1.154
1.824
1.826
1.826
1.784
1.798
1.764
1.225
1.226
1.260
0.729
0.728
0.755
0.633
0.660
0.655
0.841
0.849
0.849
1.928
1.996
1.924
0.848
0.852
0.858
1.390
1.395
1.390
1.989
1.987
1.992
1.540
1.571
1.588
1.865
1.881
1.881
1.680
1.830
1.777
1.310
1.382
1.360
0.663
0.684
0.699
0.870
1.014
0.928
1.920
1.935
1.914
0.955
0.961
0.955
0.954
1.035
1.014
0.827
0.909
0.918
0.855
0.866
0.859
0.813
1.057
1.053
1.198
1.451
1.352
0.595
0.732
0.622
0.845
0.896
0.888
1.098
1.177
1.132
0.881
0.879
0.914
0.777
0.804
0.787
0.968
1.004
0.957
0.669
0.673
0.675
1.201
1.243
1.214
1.626
1.636
1.625
1.367
1.387
1.446
1.485
1.553
1.536
1.018
1.096
1.051
0.787
0.816
0.802
0.438
0.468
0.439
0.632
0.636
0.636
1.827
1.866
1.844
1.022
1.173
1.164
0.688
0.694
0.672
0.715
0.751
0.757
0.974
1.004
1.023
0.620
0.643
0.647
0.785
0.871
0.849
0.577
0.589
0.608
1.134
1.195
1.166
0.679
0.682
0.682
1.417
1.397
1.428
1.614
1.631
1.643
1.285
1.331
1.317
1.368
1.446
1.485
0.934
0.950
0.962
0.790
0.801
0.811
0.869
0.908
0.900
0.494
0.514
0.530
0.935
0.961
0.960
1.046
1.071
1.090
1.124
1.309
1.113
1.461
1.473
1.469
0.815
0.841
0.846
1.514
1.758
1.628
1.386
1.503
1.451
0.677
0.670
0.692
0.677
0.693
0.677
0.581
0.609
0.597
1.411
2.200
1.583
1.629
1.632
1.631
0.434
0.455
0.449
1.315
1.306
1.298
0.921
0.957
0.930
0.886
0.920
0.936
2.414
2.430
2.460
1.351
1.296
1.346
1.597
1.616
1.611
