0.358
0.409
0.440
0.374
0.369
0.437
0.333
0.464
0.444
0.365
0.390
0.432
0.315
0.371
0.402
0.328
0.342
0.392
0.333
0.468
0.458
0.353
0.398
0.443
0.362
0.377
0.447
0.418
0.347
0.455
0.333
0.400
0.421
0.381
0.343
0.418
0.311
0.455
0.437
0.319
0.401
0.429
0.353
0.383
0.437
0.380
0.361
0.433
0.339
0.412
0.433
0.371
0.372
0.433
0.353
0.614
0.418
0.396
0.599
0.383
0.370
0.579
0.350
0.408
0.587
0.344
0.383
0.595
0.360
0.442
0.610
0.346
0.355
0.607
0.376
0.397
0.623
0.363
0.358
0.551
0.358
0.383
0.548
0.362
0.333
0.516
0.317
0.369
0.523
0.304
0.383
0.566
0.349
0.415
0.581
0.340
0.382
0.401
0.461
0.384
0.363
0.441
0.352
0.455
0.461
0.375
0.382
0.433
0.333
0.352
0.410
0.344
0.327
0.388
0.342
0.470
0.472
0.357
0.395
0.440
0.382
0.376
0.468
0.429
0.343
0.457
0.351
0.392
0.436
0.388
0.340
0.422
0.324
0.444
0.450
0.324
0.384
0.422
0.375
0.376
0.453
0.390
0.355
0.430
0.352
0.409
0.448
0.373
0.369
0.430
0.369
0.598
0.421
0.410
0.596
0.380
0.392
0.571
0.360
0.423
0.586
0.343
0.406
0.589
0.372
0.463
0.617
0.349
0.376
0.596
0.385
0.411
0.621
0.361
0.380
0.540
0.368
0.402
0.547
0.363
0.356
0.509
0.323
0.385
0.522
0.303
0.408
0.561
0.360
0.430
0.580
0.340
0.362
0.398
0.441
0.369
0.363
0.430
0.332
0.465
0.444
0.360
0.381
0.421
0.315
0.358
0.394
0.331
0.329
0.379
0.327
0.471
0.453
0.345
0.396
0.430
0.365
0.370
0.447
0.414
0.340
0.445
0.332
0.396
0.417
0.370
0.338
0.405
0.308
0.452
0.432
0.316
0.393
0.416
0.358
0.371
0.436
0.383
0.350
0.423
0.338
0.410
0.430
0.367
0.366
0.419
0.350
0.618
0.411
0.392
0.600
0.378
0.373
0.586
0.344
0.402
0.585
0.332
0.378
0.601
0.355
0.435
0.609
0.338
0.351
0.614
0.373
0.388
0.620
0.351
0.359
0.559
0.354
0.385
0.552
0.354
0.333
0.523
0.315
0.368
0.523
0.299
0.381
0.576
0.345
0.409
0.580
0.331
0.379
0.400
0.458
0.393
0.358
0.442
0.352
0.446
0.453
0.375
0.380
0.432
0.336
0.355
0.412
0.351
0.326
0.393
0.343
0.465
0.467
0.361
0.386
0.440
0.388
0.374
0.467
0.440
0.345
0.464
0.354
0.394
0.438
0.393
0.337
0.423
0.325
0.446
0.447
0.330
0.385
0.426
0.376
0.379
0.455
0.402
0.352
0.438
0.357
0.409
0.446
0.384
0.364
0.434
0.366
0.609
0.422
0.402
0.599
0.384
0.393
0.586
0.360
0.421
0.589
0.348
0.398
0.596
0.370
0.452
0.614
0.348
0.378
0.610
0.383
0.407
0.623
0.360
0.379
0.558
0.372
0.398
0.552
0.367
0.360
0.524
0.329
0.387
0.529
0.314
0.406
0.574
0.360
0.425
0.582
0.344
0.368
0.395
0.449
0.386
0.366
0.447
0.338
0.454
0.450
0.370
0.388
0.435
0.321
0.353
0.401
0.345
0.331
0.392
0.330
0.470
0.459
0.351
0.399
0.441
0.376
0.367
0.456
0.434
0.344
0.460
0.341
0.389
0.427
0.390
0.339
0.424
0.312
0.446
0.438
0.326
0.387
0.427
0.364
0.369
0.444
0.394
0.353
0.433
0.341
0.411
0.438
0.376
0.371
0.435
0.358
0.606
0.413
0.409
0.607
0.379
0.388
0.577
0.351
0.421
0.598
0.346
0.386
0.591
0.363
0.459
0.624
0.347
0.367
0.604
0.373
0.411
0.629
0.359
0.370
0.547
0.364
0.400
0.559
0.369
0.350
0.515
0.318
0.387
0.532
0.307
0.397
0.563
0.351
0.431
0.592
0.343
0.371
0.388
0.441
0.374
0.358
0.431
0.339
0.454
0.445
0.360
0.382
0.421
0.320
0.349
0.393
0.333
0.320
0.374
0.333
0.467
0.455
0.352
0.388
0.431
0.372
0.367
0.450
0.421
0.337
0.447
0.340
0.393
0.421
0.377
0.330
0.407
0.312
0.443
0.433
0.316
0.381
0.412
0.367
0.366
0.439
0.387
0.341
0.420
0.342
0.405
0.430
0.367
0.361
0.418
0.359
0.612
0.413
0.403
0.602
0.374
0.379
0.583
0.350
0.407
0.587
0.333
0.392
0.596
0.359
0.445
0.612
0.336
0.367
0.606
0.371
0.402
0.619
0.348
0.367
0.548
0.355
0.384
0.546
0.350
0.350
0.518
0.312
0.372
0.522
0.295
0.395
0.566
0.347
0.414
0.576
0.328
0.364
0.422
0.441
0.381
0.368
0.424
0.342
0.480
0.450
0.373
0.396
0.423
0.320
0.365
0.395
0.351
0.325
0.379
0.338
0.486
0.458
0.359
0.397
0.428
0.365
0.391
0.447
0.431
0.343
0.446
0.339
0.422
0.425
0.390
0.341
0.409
0.316
0.458
0.434
0.328
0.389
0.409
0.361
0.391
0.439
0.396
0.356
0.423
0.341
0.432
0.435
0.378
0.377
0.421
0.374
0.632
0.428
0.421
0.612
0.381
0.377
0.593
0.355
0.423
0.597
0.339
0.389
0.605
0.364
0.455
0.619
0.342
0.363
0.617
0.381
0.413
0.629
0.352
0.369
0.560
0.358
0.405
0.560
0.358
0.344
0.523
0.317
0.383
0.527
0.297
0.390
0.578
0.353
0.429
0.585
0.333
0.400
0.471
0.469
0.405
0.402
0.454
0.384
0.539
0.487
0.403
0.434
0.464
0.354
0.422
0.424
0.357
0.373
0.404
0.380
0.544
0.491
0.387
0.440
0.463
0.411
0.440
0.480
0.458
0.386
0.478
0.372
0.467
0.450
0.410
0.378
0.436
0.357
0.518
0.468
0.345
0.434
0.437
0.393
0.442
0.466
0.407
0.391
0.442
0.377
0.481
0.462
0.406
0.403
0.452
0.406
0.666
0.465
0.450
0.647
0.425
0.436
0.651
0.419
0.487
0.659
0.414
0.435
0.657
0.420
0.513
0.679
0.409
0.413
0.672
0.435
0.475
0.689
0.420
0.420
0.615
0.410
0.449
0.615
0.420
0.396
0.583
0.379
0.446
0.602
0.379
0.437
0.624
0.403
0.461
0.621
0.381
0.349
0.415
0.439
0.369
0.375
0.430
0.330
0.475
0.450
0.358
0.403
0.425
0.308
0.374
0.397
0.327
0.342
0.380
0.327
0.484
0.458
0.346
0.406
0.432
0.353
0.386
0.448
0.416
0.351
0.449
0.327
0.412
0.421
0.373
0.347
0.405
0.306
0.462
0.435
0.314
0.405
0.418
0.349
0.394
0.441
0.374
0.362
0.422
0.329
0.423
0.432
0.364
0.378
0.419
0.348
0.613
0.413
0.395
0.606
0.382
0.368
0.584
0.357
0.406
0.593
0.341
0.377
0.593
0.362
0.442
0.616
0.347
0.349
0.606
0.382
0.395
0.621
0.359
0.354
0.551
0.360
0.381
0.552
0.360
0.329
0.517
0.322
0.372
0.528
0.306
0.376
0.560
0.350
0.416
0.579
0.337
0.365
0.390
0.431
0.369
0.371
0.428
0.333
0.459
0.432
0.357
0.391
0.420
0.321
0.353
0.385
0.328
0.336
0.375
0.327
0.475
0.439
0.343
0.404
0.427
0.365
0.371
0.433
0.410
0.344
0.436
0.335
0.386
0.406
0.370
0.345
0.403
0.309
0.451
0.421
0.315
0.396
0.412
0.356
0.377
0.425
0.374
0.362
0.415
0.339
0.409
0.419
0.366
0.372
0.417
0.350
0.617
0.408
0.383
0.606
0.374
0.373
0.589
0.345
0.396
0.596
0.337
0.377
0.603
0.357
0.436
0.619
0.339
0.350
0.609
0.373
0.386
0.626
0.355
0.365
0.558
0.352
0.383
0.563
0.357
0.337
0.522
0.315
0.365
0.527
0.299
0.390
0.575
0.343
0.411
0.591
0.334
0.359
0.409
0.450
0.374
0.365
0.439
0.331
0.473
0.453
0.361
0.383
0.423
0.314
0.369
0.403
0.332
0.335
0.385
0.328
0.489
0.465
0.345
0.399
0.432
0.359
0.385
0.455
0.414
0.342
0.447
0.330
0.410
0.429
0.368
0.344
0.413
0.307
0.464
0.441
0.312
0.396
0.418
0.348
0.390
0.442
0.375
0.360
0.425
0.333
0.424
0.437
0.378
0.361
0.425
0.350
0.617
0.423
0.388
0.601
0.387
0.369
0.587
0.353
0.403
0.591
0.341
0.374
0.601
0.365
0.430
0.610
0.342
0.348
0.614
0.381
0.392
0.620
0.357
0.366
0.557
0.361
0.401
0.566
0.370
0.331
0.520
0.322
0.371
0.523
0.304
0.382
0.574
0.353
0.411
0.582
0.338
0.441
0.389
0.392
0.452
0.463
0.376
0.447
0.389
0.344
0.458
0.459
0.342
0.453
0.391
0.356
0.484
0.489
0.346
0.435
0.382
0.366
0.442
0.463
0.359
0.452
0.379
0.342
0.446
0.432
0.351
0.398
0.354
0.309
0.420
0.415
0.300
0.446
0.393
0.339
0.456
0.470
0.336
0.442
0.402
0.392
0.453
0.490
0.371
0.449
0.391
0.347
0.462
0.485
0.339
0.451
0.398
0.353
0.489
0.515
0.342
0.434
0.392
0.368
0.447
0.496
0.351
0.463
0.385
0.342
0.455
0.457
0.349
0.412
0.358
0.309
0.431
0.434
0.297
0.454
0.394
0.340
0.466
0.487
0.333
0.395
0.349
0.349
0.402
0.408
0.331
0.400
0.359
0.301
0.406
0.396
0.299
0.409
0.370
0.312
0.432
0.432
0.304
0.395
0.342
0.327
0.396
0.406
0.318
0.398
0.355
0.302
0.397
0.385
0.307
0.362
0.341
0.281
0.380
0.382
0.271
0.410
0.371
0.302
0.413
0.420
0.295
0.426
0.405
0.398
0.436
0.500
0.379
0.430
0.411
0.337
0.443
0.491
0.335
0.438
0.405
0.352
0.473
0.522
0.341
0.418
0.402
0.363
0.421
0.509
0.355
0.434
0.396
0.340
0.426
0.460
0.346
0.390
0.380
0.305
0.405
0.442
0.295
0.437
0.419
0.339
0.445
0.493
0.333
0.473
0.366
0.405
0.436
0.428
0.370
0.463
0.381
0.354
0.454
0.441
0.340
0.468
0.384
0.361
0.476
0.472
0.341
0.453
0.367
0.378
0.432
0.439
0.358
0.458
0.384
0.350
0.433
0.426
0.349
0.410
0.354
0.313
0.412
0.409
0.295
0.460
0.392
0.346
0.450
0.457
0.332
0.446
0.369
0.387
0.445
0.444
0.363
0.449
0.358
0.335
0.444
0.437
0.324
0.450
0.359
0.342
0.470
0.465
0.326
0.436
0.350
0.355
0.432
0.445
0.340
0.458
0.354
0.330
0.442
0.412
0.333
0.398
0.329
0.299
0.408
0.395
0.283
0.441
0.360
0.328
0.442
0.446
0.315
0.389
0.402
0.367
0.415
0.480
0.351
0.406
0.400
0.317
0.431
0.467
0.319
0.411
0.413
0.327
0.454
0.497
0.322
0.388
0.394
0.340
0.405
0.483
0.334
0.402
0.386
0.319
0.415
0.442
0.335
0.363
0.367
0.286
0.391
0.417
0.279
0.410
0.407
0.312
0.421
0.465
0.308
0.446
0.381
0.392
0.448
0.435
0.373
0.439
0.389
0.336
0.450
0.423
0.341
0.448
0.399
0.346
0.470
0.454
0.339
0.434
0.371
0.363
0.431
0.431
0.354
0.428
0.387
0.331
0.435
0.418
0.343
0.392
0.358
0.302
0.415
0.398
0.301
0.433
0.397
0.328
0.442
0.439
0.327
0.429
0.382
0.386
0.428
0.452
0.359
0.438
0.386
0.347
0.441
0.456
0.333
0.436
0.390
0.352
0.467
0.491
0.333
0.426
0.386
0.368
0.428
0.469
0.349
0.436
0.386
0.336
0.432
0.435
0.339
0.392
0.363
0.305
0.414
0.419
0.292
0.435
0.399
0.335
0.445
0.467
0.325
