0.406
0.487
0.470
0.383
0.592
0.421
0.434
0.506
0.507
0.420
0.625
0.448
0.417
0.498
0.500
0.402
0.631
0.457
0.443
0.489
0.464
0.517
0.474
0.419
0.413
0.459
0.438
0.482
0.442
0.391
0.440
0.610
0.411
0.546
0.463
0.422
0.443
0.617
0.406
0.522
0.473
0.417
0.431
0.599
0.395
0.509
0.459
0.401
0.421
0.513
0.489
0.407
0.619
0.446
0.437
0.521
0.518
0.430
0.639
0.460
0.427
0.530
0.522
0.420
0.660
0.482
0.470
0.500
0.486
0.551
0.484
0.438
0.441
0.472
0.464
0.521
0.453
0.411
0.476
0.634
0.427
0.578
0.481
0.432
0.480
0.647
0.424
0.552
0.497
0.430
0.478
0.631
0.415
0.545
0.495
0.414
0.401
0.494
0.458
0.390
0.606
0.424
0.426
0.510
0.492
0.423
0.631
0.449
0.410
0.496
0.490
0.407
0.641
0.458
0.469
0.504
0.481
0.548
0.491
0.438
0.436
0.463
0.448
0.506
0.447
0.401
0.463
0.624
0.416
0.550
0.462
0.415
0.467
0.636
0.410
0.528
0.482
0.409
0.453
0.615
0.401
0.516
0.466
0.394
0.447
0.518
0.514
0.417
0.633
0.459
0.465
0.541
0.547
0.441
0.665
0.488
0.452
0.524
0.542
0.425
0.662
0.488
0.479
0.502
0.496
0.547
0.482
0.443
0.453
0.479
0.473
0.512
0.456
0.420
0.492
0.645
0.446
0.604
0.494
0.462
0.497
0.655
0.438
0.581
0.510
0.454
0.487
0.647
0.438
0.572
0.499
0.446
0.427
0.503
0.503
0.405
0.575
0.446
0.454
0.514
0.533
0.436
0.589
0.470
0.437
0.506
0.532
0.420
0.600
0.473
0.481
0.518
0.503
0.589
0.506
0.442
0.443
0.471
0.457
0.540
0.456
0.400
0.474
0.594
0.436
0.602
0.474
0.440
0.474
0.585
0.432
0.578
0.478
0.440
0.467
0.581
0.425
0.571
0.480
0.425
0.417
0.489
0.481
0.398
0.536
0.433
0.440
0.498
0.509
0.426
0.564
0.447
0.426
0.503
0.521
0.411
0.567
0.468
0.461
0.496
0.481
0.573
0.476
0.424
0.430
0.459
0.446
0.538
0.446
0.393
0.468
0.590
0.424
0.594
0.475
0.429
0.468
0.584
0.417
0.574
0.479
0.428
0.456
0.570
0.406
0.552
0.473
0.405
0.405
0.501
0.478
0.388
0.573
0.424
0.440
0.517
0.515
0.431
0.607
0.448
0.415
0.522
0.514
0.405
0.620
0.457
0.460
0.509
0.474
0.574
0.499
0.420
0.420
0.472
0.434
0.524
0.461
0.384
0.454
0.599
0.416
0.578
0.471
0.421
0.459
0.602
0.406
0.555
0.484
0.418
0.444
0.582
0.398
0.543
0.475
0.401
0.394
0.474
0.444
0.378
0.530
0.402
0.425
0.495
0.485
0.420
0.569
0.433
0.402
0.492
0.478
0.395
0.562
0.437
0.421
0.451
0.428
0.511
0.440
0.389
0.403
0.438
0.412
0.490
0.427
0.374
0.441
0.556
0.400
0.541
0.458
0.408
0.439
0.549
0.391
0.516
0.457
0.402
0.427
0.532
0.378
0.502
0.445
0.380
0.538
0.617
0.567
0.534
0.700
0.538
0.571
0.626
0.598
0.579
0.725
0.563
0.539
0.628
0.593
0.537
0.722
0.560
0.598
0.632
0.587
0.674
0.636
0.559
0.556
0.587
0.543
0.634
0.594
0.519
0.592
0.718
0.534
0.674
0.593
0.546
0.600
0.730
0.530
0.656
0.613
0.542
0.580
0.702
0.510
0.631
0.586
0.511
0.462
0.563
0.468
0.451
0.647
0.431
0.485
0.572
0.492
0.490
0.673
0.455
0.468
0.560
0.487
0.462
0.672
0.459
0.523
0.565
0.484
0.610
0.562
0.456
0.494
0.523
0.441
0.571
0.519
0.417
0.519
0.665
0.440
0.607
0.518
0.445
0.532
0.674
0.437
0.596
0.538
0.445
0.513
0.653
0.420
0.577
0.521
0.421
0.440
0.528
0.441
0.425
0.580
0.410
0.476
0.535
0.478
0.473
0.610
0.443
0.444
0.538
0.465
0.437
0.612
0.441
0.485
0.517
0.439
0.561
0.526
0.420
0.474
0.485
0.420
0.537
0.491
0.401
0.497
0.601
0.413
0.574
0.506
0.421
0.507
0.617
0.408
0.569
0.543
0.422
0.487
0.589
0.392
0.547
0.510
0.400
0.464
0.559
0.483
0.456
0.648
0.459
0.494
0.571
0.517
0.493
0.669
0.486
0.460
0.563
0.505
0.460
0.670
0.484
0.505
0.553
0.487
0.573
0.555
0.467
0.481
0.522
0.462
0.549
0.523
0.442
0.516
0.659
0.458
0.597
0.524
0.467
0.515
0.662
0.450
0.573
0.534
0.460
0.495
0.639
0.435
0.554
0.517
0.438
0.407
0.461
0.465
0.386
0.586
0.414
0.432
0.471
0.495
0.417
0.611
0.429
0.415
0.470
0.497
0.403
0.627
0.450
0.443
0.504
0.473
0.540
0.488
0.419
0.409
0.469
0.444
0.498
0.450
0.388
0.437
0.603
0.415
0.555
0.435
0.425
0.441
0.615
0.409
0.535
0.452
0.420
0.427
0.595
0.397
0.522
0.437
0.404
0.410
0.493
0.480
0.394
0.608
0.432
0.428
0.504
0.507
0.416
0.623
0.442
0.418
0.512
0.513
0.405
0.649
0.468
0.451
0.494
0.476
0.532
0.471
0.421
0.422
0.468
0.456
0.503
0.441
0.393
0.458
0.628
0.419
0.561
0.462
0.422
0.463
0.641
0.416
0.537
0.480
0.420
0.456
0.622
0.404
0.532
0.477
0.406
0.388
0.473
0.446
0.374
0.593
0.407
0.414
0.492
0.480
0.409
0.617
0.432
0.398
0.478
0.479
0.393
0.631
0.443
0.448
0.495
0.469
0.530
0.480
0.423
0.415
0.456
0.436
0.489
0.436
0.385
0.443
0.615
0.405
0.530
0.439
0.403
0.446
0.625
0.397
0.510
0.461
0.397
0.428
0.603
0.386
0.500
0.447
0.384
0.441
0.502
0.507
0.409
0.626
0.448
0.459
0.527
0.538
0.429
0.652
0.474
0.448
0.510
0.536
0.417
0.657
0.478
0.468
0.503
0.493
0.528
0.474
0.430
0.439
0.478
0.468
0.497
0.447
0.406
0.481
0.646
0.445
0.593
0.480
0.458
0.483
0.652
0.434
0.569
0.495
0.449
0.470
0.642
0.434
0.563
0.484
0.443
0.412
0.479
0.487
0.393
0.563
0.430
0.440
0.492
0.515
0.420
0.571
0.451
0.423
0.482
0.515
0.404
0.582
0.455
0.459
0.511
0.492
0.565
0.494
0.425
0.420
0.464
0.446
0.520
0.445
0.385
0.451
0.583
0.424
0.580
0.452
0.427
0.450
0.576
0.419
0.557
0.458
0.427
0.441
0.571
0.411
0.549
0.457
0.411
0.402
0.463
0.464
0.383
0.516
0.416
0.428
0.477
0.492
0.412
0.542
0.427
0.413
0.480
0.505
0.396
0.546
0.450
0.436
0.485
0.466
0.551
0.462
0.407
0.408
0.451
0.433
0.519
0.434
0.377
0.443
0.576
0.410
0.573
0.452
0.415
0.445
0.573
0.404
0.557
0.459
0.415
0.429
0.555
0.390
0.537
0.454
0.395
0.390
0.475
0.462
0.374
0.557
0.409
0.426
0.492
0.496
0.417
0.587
0.429
0.399
0.492
0.495
0.387
0.599
0.437
0.433
0.497
0.458
0.552
0.486
0.404
0.396
0.461
0.419
0.506
0.448
0.368
0.427
0.584
0.400
0.555
0.441
0.406
0.432
0.589
0.391
0.534
0.457
0.403
0.417
0.568
0.383
0.524
0.451
0.389
0.380
0.452
0.430
0.366
0.520
0.389
0.415
0.476
0.471
0.406
0.550
0.416
0.390
0.474
0.466
0.379
0.548
0.422
0.398
0.443
0.416
0.487
0.425
0.372
0.381
0.431
0.400
0.471
0.416
0.358
0.418
0.546
0.388
0.521
0.434
0.394
0.417
0.542
0.381
0.499
0.437
0.391
0.400
0.521
0.363
0.486
0.427
0.369
0.519
0.587
0.549
0.516
0.683
0.519
0.550
0.600
0.578
0.554
0.702
0.538
0.520
0.600
0.575
0.514
0.703
0.537
0.572
0.619
0.569
0.646
0.617
0.535
0.532
0.576
0.527
0.608
0.576
0.497
0.569
0.706
0.520
0.653
0.567
0.532
0.574
0.716
0.514
0.633
0.585
0.525
0.552
0.686
0.493
0.610
0.559
0.496
0.446
0.541
0.451
0.439
0.639
0.417
0.469
0.551
0.473
0.475
0.657
0.435
0.451
0.535
0.467
0.445
0.658
0.437
0.500
0.555
0.466
0.589
0.551
0.437
0.473
0.516
0.427
0.552
0.509
0.400
0.498
0.656
0.424
0.585
0.495
0.429
0.511
0.665
0.423
0.575
0.515
0.429
0.488
0.641
0.403
0.556
0.497
0.407
0.424
0.511
0.426
0.410
0.570
0.397
0.464
0.521
0.465
0.459
0.599
0.429
0.433
0.525
0.453
0.425
0.608
0.430
0.463
0.508
0.425
0.537
0.515
0.406
0.453
0.478
0.408
0.517
0.481
0.387
0.476
0.594
0.401
0.552
0.487
0.408
0.487
0.610
0.397
0.550
0.525
0.409
0.465
0.580
0.379
0.530
0.496
0.390
0.447
0.534
0.466
0.442
0.637
0.444
0.476
0.549
0.498
0.477
0.654
0.468
0.444
0.541
0.487
0.443
0.659
0.467
0.483
0.544
0.470
0.552
0.545
0.450
0.461
0.515
0.447
0.528
0.511
0.424
0.494
0.648
0.443
0.575
0.498
0.450
0.494
0.650
0.435
0.552
0.511
0.445
0.472
0.626
0.420
0.535
0.495
0.425
0.414
0.474
0.472
0.399
0.594
0.425
0.434
0.479
0.499
0.426
0.615
0.436
0.420
0.484
0.505
0.415
0.637
0.462
0.455
0.513
0.484
0.555
0.499
0.431
0.419
0.478
0.454
0.511
0.460
0.398
0.453
0.617
0.429
0.569
0.449
0.432
0.457
0.628
0.424
0.548
0.464
0.428
0.442
0.605
0.408
0.535
0.452
0.411
0.396
0.474
0.459
0.379
0.588
0.415
0.420
0.493
0.492
0.409
0.613
0.435
0.407
0.487
0.491
0.396
0.627
0.449
0.436
0.489
0.461
0.511
0.468
0.411
0.404
0.461
0.437
0.476
0.438
0.382
0.437
0.615
0.414
0.536
0.449
0.412
0.439
0.620
0.407
0.516
0.462
0.408
0.423
0.598
0.392
0.502
0.448
0.394
0.394
0.485
0.451
0.388
0.603
0.419
0.415
0.503
0.483
0.418
0.623
0.440
0.403
0.490
0.486
0.406
0.642
0.456
0.464
0.505
0.480
0.547
0.493
0.436
0.428
0.466
0.447
0.504
0.447
0.396
0.461
0.630
0.420
0.545
0.453
0.411
0.464
0.639
0.412
0.522
0.472
0.403
0.447
0.615
0.399
0.512
0.460
0.389
0.444
0.511
0.509
0.419
0.632
0.458
0.460
0.534
0.541
0.438
0.657
0.482
0.452
0.519
0.540
0.429
0.666
0.490
0.480
0.509
0.501
0.549
0.484
0.442
0.451
0.488
0.478
0.512
0.458
0.416
0.497
0.658
0.457
0.604
0.490
0.461
0.497
0.662
0.444
0.579
0.501
0.451
0.486
0.653
0.444
0.571
0.493
0.445
0.420
0.489
0.493
0.403
0.569
0.441
0.443
0.499
0.517
0.429
0.576
0.459
0.426
0.492
0.521
0.414
0.592
0.469
0.466
0.512
0.494
0.581
0.499
0.434
0.428
0.468
0.452
0.532
0.452
0.394
0.462
0.590
0.434
0.596
0.463
0.435
0.463
0.584
0.430
0.573
0.470
0.434
0.454
0.576
0.420
0.562
0.468
0.418
0.414
0.477
0.475
0.399
0.527
0.431
0.433
0.487
0.498
0.422
0.549
0.438
0.424
0.495
0.518
0.411
0.561
0.466
0.455
0.493
0.479
0.573
0.473
0.422
0.425
0.461
0.448
0.537
0.444
0.390
0.465
0.588
0.428
0.593
0.466
0.427
0.467
0.585
0.423
0.574
0.472
0.427
0.451
0.567
0.406
0.552
0.466
0.404
0.399
0.489
0.469
0.384
0.564
0.419
0.429
0.499
0.497
0.423
0.588
0.434
0.408
0.507
0.506
0.399
0.610
0.451
0.449
0.505
0.468
0.570
0.494
0.417
0.408
0.471
0.429
0.519
0.457
0.377
0.442
0.596
0.413
0.572
0.456
0.416
0.449
0.601
0.405
0.549
0.471
0.411
0.431
0.577
0.394
0.536
0.462
0.395
0.385
0.460
0.434
0.376
0.526
0.398
0.414
0.477
0.469
0.411
0.552
0.421
0.395
0.484
0.472
0.393
0.562
0.436
0.414
0.451
0.426
0.509
0.437
0.386
0.395
0.441
0.412
0.489
0.427
0.371
0.435
0.558
0.401
0.536
0.446
0.401
0.433
0.551
0.393
0.511
0.445
0.396
0.416
0.531
0.374
0.495
0.434
0.374
0.530
0.601
0.557
0.531
0.694
0.531
0.555
0.609
0.582
0.566
0.711
0.549
0.527
0.610
0.582
0.529
0.715
0.551
0.591
0.630
0.582
0.668
0.631
0.551
0.547
0.587
0.540
0.628
0.591
0.511
0.589
0.721
0.537
0.670
0.582
0.541
0.592
0.729
0.529
0.650
0.598
0.535
0.570
0.699
0.507
0.622
0.570
0.502
0.457
0.554
0.455
0.457
0.650
0.429
0.476
0.563
0.475
0.487
0.666
0.446
0.461
0.548
0.474
0.463
0.672
0.454
0.519
0.568
0.477
0.610
0.567
0.452
0.488
0.528
0.437
0.570
0.523
0.412
0.519
0.671
0.439
0.603
0.511
0.437
0.532
0.680
0.439
0.592
0.527
0.437
0.508
0.654
0.416
0.573
0.512
0.414
0.434
0.521
0.435
0.426
0.580
0.410
0.467
0.527
0.468
0.466
0.604
0.437
0.437
0.534
0.460
0.436
0.617
0.442
0.477
0.516
0.436
0.557
0.525
0.421
0.462
0.487
0.419
0.530
0.491
0.399
0.494
0.605
0.415
0.568
0.500
0.418
0.502
0.620
0.409
0.562
0.534
0.417
0.480
0.589
0.390
0.540
0.503
0.396
0.469
0.558
0.486
0.467
0.658
0.468
0.492
0.569
0.515
0.497
0.672
0.488
0.463
0.562
0.508
0.469
0.683
0.494
0.512
0.570
0.498
0.581
0.569
0.477
0.485
0.538
0.472
0.554
0.536
0.451
0.529
0.682
0.479
0.605
0.529
0.478
0.524
0.680
0.467
0.580
0.538
0.470
0.499
0.652
0.446
0.560
0.520
0.447
0.405
0.466
0.459
0.389
0.587
0.419
0.424
0.475
0.486
0.415
0.608
0.433
0.414
0.475
0.494
0.407
0.629
0.458
0.455
0.502
0.476
0.544
0.488
0.427
0.420
0.467
0.445
0.499
0.450
0.395
0.449
0.603
0.416
0.556
0.441
0.422
0.450
0.614
0.408
0.532
0.457
0.415
0.438
0.595
0.398
0.520
0.442
0.400
0.386
0.470
0.447
0.370
0.582
0.408
0.414
0.492
0.482
0.401
0.607
0.432
0.401
0.482
0.482
0.389
0.621
0.445
0.430
0.478
0.449
0.500
0.460
0.407
0.400
0.448
0.424
0.465
0.428
0.378
0.430
0.601
0.399
0.526
0.447
0.406
0.428
0.605
0.390
0.500
0.458
0.397
0.417
0.589
0.383
0.490
0.444
0.386
0.405
0.498
0.470
0.394
0.607
0.434
0.420
0.507
0.495
0.414
0.621
0.445
0.413
0.515
0.507
0.409
0.653
0.475
0.461
0.490
0.475
0.539
0.473
0.430
0.429
0.461
0.452
0.507
0.440
0.400
0.471
0.629
0.419
0.561
0.468
0.419
0.470
0.640
0.412
0.535
0.487
0.414
0.464
0.620
0.401
0.528
0.481
0.399
0.431
0.503
0.494
0.403
0.619
0.446
0.448
0.526
0.525
0.424
0.645
0.472
0.439
0.508
0.526
0.413
0.652
0.478
0.469
0.492
0.486
0.528
0.469
0.433
0.442
0.469
0.461
0.495
0.442
0.409
0.484
0.638
0.437
0.586
0.478
0.448
0.483
0.644
0.424
0.561
0.495
0.436
0.473
0.635
0.426
0.553
0.482
0.431
0.406
0.472
0.474
0.389
0.548
0.427
0.431
0.482
0.499
0.416
0.554
0.447
0.414
0.474
0.502
0.404
0.574
0.457
0.463
0.496
0.482
0.571
0.484
0.425
0.429
0.455
0.441
0.526
0.438
0.387
0.457
0.570
0.416
0.579
0.446
0.416
0.454
0.559
0.410
0.555
0.451
0.414
0.445
0.555
0.403
0.546
0.448
0.400
0.397
0.463
0.456
0.380
0.508
0.414
0.418
0.471
0.480
0.407
0.533
0.423
0.407
0.477
0.497
0.394
0.543
0.450
0.443
0.475
0.460
0.560
0.459
0.409
0.413
0.440
0.426
0.523
0.428
0.377
0.453
0.570
0.406
0.575
0.452
0.409
0.450
0.561
0.396
0.556
0.458
0.406
0.436
0.547
0.385
0.534
0.450
0.385
0.383
0.473
0.451
0.370
0.549
0.408
0.416
0.484
0.480
0.412
0.575
0.427
0.392
0.488
0.485
0.385
0.593
0.438
0.442
0.487
0.454
0.557
0.477
0.405
0.405
0.453
0.416
0.509
0.439
0.367
0.435
0.576
0.397
0.554
0.440
0.397
0.440
0.578
0.386
0.529
0.453
0.390
0.425
0.559
0.380
0.520
0.445
0.378
0.379
0.459
0.426
0.367
0.519
0.390
0.409
0.477
0.462
0.406
0.548
0.417
0.385
0.476
0.460
0.384
0.553
0.427
0.410
0.439
0.416
0.501
0.429
0.379
0.394
0.428
0.400
0.480
0.417
0.363
0.434
0.549
0.389
0.525
0.440
0.391
0.427
0.538
0.376
0.498
0.438
0.381
0.414
0.520
0.364
0.487
0.429
0.365
0.512
0.583
0.535
0.510
0.674
0.510
0.543
0.594
0.564
0.553
0.696
0.535
0.512
0.592
0.561
0.513
0.699
0.534
0.577
0.613
0.562
0.654
0.619
0.537
0.533
0.566
0.518
0.610
0.571
0.494
0.572
0.698
0.512
0.647
0.560
0.519
0.574
0.706
0.503
0.630
0.580
0.513
0.553
0.676
0.484
0.604
0.552
0.484
0.445
0.543
0.441
0.441
0.635
0.411
0.466
0.554
0.461
0.476
0.652
0.432
0.450
0.537
0.459
0.448
0.657
0.438
0.512
0.556
0.465
0.598
0.554
0.440
0.483
0.515
0.424
0.559
0.509
0.401
0.511
0.656
0.426
0.591
0.500
0.426
0.520
0.663
0.420
0.579
0.519
0.422
0.499
0.640
0.402
0.559
0.501
0.401
0.421
0.511
0.419
0.412
0.570
0.397
0.457
0.519
0.453
0.458
0.595
0.427
0.428
0.523
0.446
0.426
0.607
0.430
0.474
0.507
0.424
0.548
0.517
0.409
0.463
0.477
0.408
0.525
0.482
0.390
0.489
0.595
0.401
0.557
0.493
0.405
0.497
0.610
0.394
0.551
0.531
0.404
0.474
0.580
0.378
0.531
0.498
0.384
0.450
0.546
0.463
0.447
0.640
0.447
0.476
0.558
0.491
0.477
0.652
0.468
0.448
0.552
0.486
0.452
0.665
0.475
0.500
0.550
0.474
0.562
0.552
0.459
0.477
0.519
0.451
0.537
0.517
0.432
0.511
0.654
0.448
0.581
0.511
0.452
0.509
0.654
0.438
0.560
0.525
0.446
0.489
0.632
0.425
0.541
0.507
0.425
0.433
0.491
0.491
0.405
0.606
0.440
0.446
0.497
0.511
0.425
0.623
0.451
0.435
0.495
0.516
0.418
0.641
0.473
0.467
0.518
0.494
0.548
0.495
0.437
0.431
0.478
0.461
0.500
0.452
0.402
0.462
0.616
0.434
0.577
0.462
0.442
0.467
0.630
0.431
0.557
0.479
0.441
0.455
0.616
0.421
0.546
0.464
0.425
0.414
0.493
0.478
0.387
0.601
0.430
0.434
0.513
0.506
0.411
0.621
0.450
0.424
0.506
0.507
0.402
0.635
0.465
0.445
0.494
0.471
0.507
0.470
0.421
0.414
0.461
0.442
0.468
0.431
0.387
0.448
0.616
0.419
0.549
0.468
0.426
0.447
0.623
0.415
0.526
0.480
0.423
0.434
0.607
0.404
0.517
0.464
0.410
0.434
0.527
0.506
0.411
0.628
0.458
0.441
0.535
0.524
0.423
0.637
0.465
0.436
0.542
0.534
0.419
0.665
0.493
0.474
0.507
0.495
0.542
0.481
0.442
0.442
0.474
0.472
0.503
0.442
0.409
0.483
0.642
0.439
0.579
0.489
0.440
0.483
0.654
0.436
0.554
0.507
0.438
0.482
0.643
0.427
0.553
0.504
0.425
0.409
0.502
0.468
0.390
0.610
0.429
0.426
0.520
0.494
0.418
0.630
0.452
0.414
0.503
0.495
0.404
0.641
0.461
0.465
0.500
0.481
0.538
0.485
0.437
0.430
0.456
0.446
0.492
0.435
0.396
0.462
0.622
0.416
0.547
0.464
0.416
0.464
0.633
0.411
0.526
0.485
0.411
0.451
0.617
0.404
0.520
0.472
0.401
0.432
0.504
0.508
0.407
0.579
0.453
0.452
0.511
0.527
0.430
0.583
0.469
0.439
0.505
0.533
0.419
0.599
0.479
0.476
0.519
0.504
0.576
0.500
0.439
0.439
0.470
0.458
0.528
0.448
0.397
0.471
0.594
0.438
0.601
0.472
0.441
0.470
0.585
0.433
0.577
0.478
0.439
0.462
0.582
0.427
0.572
0.477
0.427
0.422
0.491
0.488
0.397
0.534
0.438
0.437
0.498
0.508
0.418
0.558
0.446
0.425
0.501
0.522
0.405
0.560
0.470
0.456
0.496
0.482
0.564
0.471
0.421
0.424
0.457
0.446
0.525
0.436
0.387
0.464
0.588
0.425
0.596
0.473
0.429
0.464
0.583
0.419
0.575
0.479
0.428
0.454
0.573
0.410
0.558
0.475
0.410
0.413
0.503
0.487
0.391
0.580
0.434
0.440
0.512
0.512
0.425
0.602
0.449
0.420
0.521
0.520
0.403
0.622
0.465
0.463
0.517
0.484
0.566
0.495
0.421
0.420
0.476
0.441
0.515
0.453
0.380
0.455
0.606
0.423
0.583
0.467
0.423
0.462
0.612
0.416
0.560
0.484
0.420
0.446
0.593
0.408
0.551
0.474
0.407
0.403
0.480
0.457
0.380
0.536
0.410
0.427
0.495
0.487
0.411
0.559
0.431
0.409
0.497
0.486
0.392
0.564
0.443
0.420
0.455
0.434
0.500
0.433
0.386
0.401
0.439
0.416
0.477
0.418
0.369
0.440
0.558
0.402
0.544
0.455
0.409
0.440
0.553
0.398
0.521
0.457
0.407
0.429
0.541
0.386
0.513
0.449
0.390
0.543
0.613
0.570
0.531
0.695
0.535
0.565
0.622
0.593
0.566
0.714
0.556
0.541
0.623
0.592
0.531
0.716
0.557
0.592
0.631
0.584
0.662
0.630
0.553
0.550
0.582
0.539
0.617
0.581
0.509
0.586
0.712
0.531
0.670
0.586
0.543
0.591
0.723
0.527
0.654
0.605
0.541
0.574
0.698
0.509
0.633
0.579
0.514
0.471
0.569
0.472
0.456
0.654
0.434
0.486
0.576
0.488
0.484
0.667
0.450
0.473
0.562
0.483
0.460
0.670
0.456
0.524
0.570
0.483
0.604
0.561
0.451
0.498
0.526
0.442
0.563
0.511
0.409
0.524
0.669
0.442
0.613
0.519
0.446
0.537
0.679
0.442
0.602
0.537
0.446
0.518
0.661
0.425
0.585
0.520
0.427
0.449
0.537
0.450
0.428
0.588
0.417
0.478
0.541
0.483
0.468
0.613
0.447
0.450
0.545
0.470
0.436
0.618
0.446
0.484
0.521
0.442
0.547
0.521
0.417
0.471
0.487
0.422
0.523
0.483
0.396
0.502
0.609
0.418
0.575
0.507
0.424
0.511
0.625
0.416
0.570
0.545
0.426
0.494
0.604
0.403
0.555
0.519
0.411
0.464
0.557
0.482
0.452
0.649
0.458
0.486
0.567
0.508
0.482
0.661
0.480
0.458
0.562
0.500
0.453
0.669
0.481
0.501
0.553
0.483
0.562
0.549
0.460
0.475
0.517
0.455
0.533
0.510
0.431
0.512
0.658
0.455
0.592
0.519
0.463
0.509
0.658
0.446
0.569
0.529
0.456
0.490
0.638
0.433
0.554
0.512
0.439
0.415
0.474
0.474
0.387
0.560
0.413
0.436
0.487
0.502
0.412
0.582
0.429
0.422
0.480
0.503
0.399
0.588
0.445
0.458
0.489
0.478
0.553
0.472
0.420
0.421
0.449
0.442
0.505
0.430
0.384
0.450
0.582
0.415
0.576
0.454
0.429
0.455
0.587
0.410
0.559
0.468
0.430
0.447
0.578
0.401
0.544
0.460
0.410
0.398
0.476
0.464
0.371
0.556
0.407
0.429
0.507
0.503
0.403
0.583
0.433
0.411
0.486
0.492
0.386
0.580
0.438
0.438
0.466
0.455
0.514
0.449
0.406
0.405
0.430
0.423
0.475
0.411
0.373
0.438
0.577
0.399
0.549
0.461
0.414
0.436
0.575
0.392
0.528
0.468
0.413
0.427
0.568
0.384
0.514
0.462
0.398
0.420
0.506
0.489
0.394
0.575
0.430
0.437
0.521
0.517
0.413
0.595
0.444
0.424
0.519
0.518
0.402
0.604
0.464
0.468
0.479
0.480
0.548
0.457
0.426
0.435
0.448
0.454
0.510
0.423
0.394
0.475
0.603
0.420
0.582
0.482
0.430
0.476
0.607
0.415
0.561
0.496
0.430
0.476
0.604
0.408
0.555
0.501
0.415
0.401
0.489
0.459
0.382
0.573
0.414
0.425
0.515
0.494
0.411
0.598
0.440
0.409
0.492
0.489
0.395
0.595
0.444
0.462
0.479
0.471
0.546
0.467
0.427
0.428
0.439
0.436
0.500
0.422
0.387
0.459
0.594
0.405
0.555
0.465
0.412
0.461
0.599
0.399
0.538
0.482
0.409
0.449
0.586
0.391
0.526
0.475
0.395
0.446
0.514
0.514
0.407
0.596
0.445
0.467
0.545
0.548
0.426
0.625
0.472
0.454
0.518
0.541
0.412
0.612
0.470
0.482
0.489
0.497
0.546
0.459
0.431
0.451
0.460
0.465
0.513
0.432
0.405
0.491
0.623
0.441
0.613
0.496
0.460
0.494
0.622
0.431
0.593
0.509
0.454
0.488
0.622
0.434
0.583
0.504
0.446
0.409
0.474
0.475
0.381
0.507
0.415
0.431
0.490
0.503
0.405
0.534
0.429
0.416
0.490
0.514
0.388
0.535
0.449
0.451
0.476
0.471
0.569
0.449
0.404
0.418
0.437
0.433
0.527
0.415
0.369
0.458
0.570
0.411
0.597
0.468
0.419
0.456
0.559
0.403
0.577
0.468
0.419
0.450
0.553
0.396
0.559
0.468
0.399
0.398
0.487
0.474
0.370
0.538
0.406
0.431
0.508
0.507
0.411
0.571
0.430
0.408
0.508
0.509
0.382
0.579
0.436
0.459
0.495
0.473
0.569
0.472
0.403
0.413
0.451
0.426
0.514
0.429
0.362
0.448
0.577
0.407
0.580
0.463
0.413
0.453
0.574
0.398
0.558
0.472
0.411
0.440
0.561
0.390
0.546
0.469
0.394
0.379
0.456
0.434
0.353
0.492
0.377
0.410
0.481
0.472
0.386
0.520
0.402
0.385
0.472
0.463
0.362
0.517
0.407
0.406
0.428
0.414
0.497
0.404
0.360
0.386
0.407
0.392
0.470
0.386
0.341
0.421
0.523
0.376
0.530
0.438
0.386
0.419
0.510
0.369
0.511
0.436
0.385
0.414
0.506
0.361
0.502
0.437
0.369
0.543
0.601
0.566
0.527
0.661
0.524
0.569
0.615
0.595
0.562
0.683
0.544
0.540
0.606
0.589
0.526
0.673
0.544
0.600
0.609
0.582
0.685
0.613
0.549
0.556
0.563
0.535
0.637
0.568
0.504
0.591
0.686
0.527
0.683
0.584
0.542
0.598
0.690
0.522
0.673
0.601
0.544
0.578
0.671
0.503
0.644
0.580
0.512
0.455
0.544
0.460
0.436
0.608
0.413
0.475
0.559
0.483
0.465
0.627
0.434
0.454
0.534
0.473
0.436
0.617
0.434
0.511
0.530
0.469
0.601
0.522
0.431
0.484
0.491
0.425
0.560
0.482
0.390
0.507
0.627
0.425
0.606
0.504
0.432
0.519
0.629
0.422
0.598
0.520
0.434
0.507
0.622
0.410
0.582
0.515
0.414
0.430
0.503
0.428
0.411
0.540
0.391
0.466
0.520
0.470
0.453
0.570
0.425
0.433
0.513
0.452
0.414
0.562
0.417
0.478
0.486
0.424
0.555
0.489
0.399
0.467
0.458
0.404
0.529
0.456
0.376
0.491
0.568
0.396
0.575
0.489
0.408
0.502
0.579
0.391
0.572
0.520
0.410
0.482
0.557
0.378
0.552
0.497
0.392
0.464
0.542
0.478
0.446
0.609
0.443
0.490
0.557
0.511
0.477
0.626
0.467
0.458
0.545
0.498
0.443
0.621
0.464
0.503
0.525
0.478
0.579
0.524
0.451
0.479
0.494
0.451
0.550
0.492
0.424
0.512
0.626
0.449
0.612
0.521
0.466
0.510
0.620
0.440
0.591
0.527
0.462
0.491
0.605
0.425
0.568
0.512
0.437
0.397
0.438
0.448
0.368
0.513
0.385
0.410
0.453
0.471
0.386
0.539
0.396
0.401
0.447
0.478
0.379
0.532
0.417
0.423
0.457
0.445
0.525
0.443
0.395
0.393
0.424
0.417
0.482
0.409
0.363
0.422
0.545
0.387
0.548
0.425
0.407
0.421
0.547
0.379
0.528
0.432
0.403
0.417
0.541
0.373
0.516
0.426
0.388
0.377
0.432
0.432
0.348
0.495
0.373
0.398
0.461
0.463
0.372
0.529
0.393
0.390
0.446
0.465
0.362
0.511
0.402
0.402
0.432
0.421
0.481
0.414
0.374
0.377
0.407
0.398
0.447
0.388
0.347
0.407
0.539
0.373
0.518
0.427
0.391
0.403
0.536
0.362
0.498
0.430
0.386
0.394
0.526
0.356
0.483
0.422
0.371
0.401
0.464
0.461
0.374
0.522
0.401
0.408
0.481
0.480
0.385
0.549
0.407
0.406
0.480
0.493
0.381
0.541
0.432
0.436
0.448
0.450
0.520
0.427
0.400
0.407
0.426
0.430
0.486
0.402
0.370
0.446
0.570
0.394
0.554
0.452
0.409
0.445
0.574
0.387
0.532
0.461
0.405
0.444
0.568
0.382
0.524
0.464
0.391
0.377
0.438
0.426
0.357
0.501
0.377
0.393
0.468
0.452
0.380
0.539
0.397
0.384
0.446
0.458
0.369
0.517
0.404
0.428
0.446
0.439
0.516
0.432
0.396
0.400
0.412
0.410
0.474
0.396
0.360
0.426
0.548
0.378
0.524
0.427
0.387
0.426
0.551
0.368
0.506
0.439
0.380
0.414
0.537
0.362
0.493
0.431
0.367
0.428
0.473
0.485
0.382
0.532
0.409
0.438
0.504
0.513
0.397
0.570
0.433
0.435
0.480
0.514
0.388
0.538
0.433
0.450
0.460
0.467
0.516
0.426
0.401
0.425
0.438
0.442
0.482
0.404
0.377
0.465
0.586
0.417
0.585
0.464
0.437
0.465
0.586
0.403
0.567
0.473
0.430
0.458
0.582
0.409
0.554
0.466
0.423
0.395
0.449
0.464
0.362
0.498
0.392
0.414
0.466
0.487
0.382
0.509
0.409
0.401
0.455
0.492
0.369
0.512
0.418
0.430
0.459
0.454
0.550
0.439
0.385
0.398
0.419
0.414
0.501
0.395
0.347
0.427
0.534
0.391
0.569
0.429
0.403
0.418
0.516
0.379
0.547
0.426
0.400
0.420
0.520
0.381
0.538
0.432
0.387
0.377
0.450
0.444
0.349
0.496
0.376
0.401
0.468
0.470
0.382
0.529
0.393
0.382
0.470
0.477
0.357
0.531
0.404
0.416
0.458
0.435
0.540
0.441
0.374
0.381
0.426
0.398
0.491
0.408
0.339
0.410
0.539
0.375
0.547
0.429
0.387
0.409
0.536
0.363
0.525
0.434
0.382
0.401
0.523
0.359
0.513
0.433
0.367
0.366
0.430
0.414
0.341
0.460
0.358
0.389
0.452
0.445
0.368
0.489
0.376
0.370
0.448
0.445
0.348
0.480
0.386
0.381
0.403
0.391
0.480
0.383
0.343
0.366
0.391
0.376
0.456
0.372
0.327
0.401
0.498
0.357
0.511
0.417
0.373
0.393
0.486
0.346
0.490
0.410
0.368
0.389
0.479
0.339
0.477
0.408
0.349
0.521
0.558
0.540
0.503
0.606
0.493
0.544
0.577
0.565
0.534
0.634
0.510
0.513
0.561
0.559
0.498
0.607
0.508
0.558
0.566
0.542
0.644
0.565
0.508
0.523
0.531
0.506
0.604
0.532
0.472
0.558
0.645
0.500
0.657
0.554
0.522
0.557
0.641
0.487
0.637
0.557
0.512
0.546
0.630
0.477
0.616
0.543
0.488
0.436
0.500
0.434
0.418
0.557
0.388
0.450
0.519
0.449
0.444
0.581
0.402
0.436
0.499
0.450
0.419
0.563
0.409
0.478
0.497
0.435
0.576
0.493
0.405
0.455
0.465
0.400
0.538
0.458
0.368
0.479
0.590
0.399
0.579
0.475
0.412
0.484
0.588
0.392
0.569
0.484
0.410
0.470
0.578
0.380
0.550
0.473
0.388
0.413
0.467
0.408
0.388
0.489
0.366
0.442
0.485
0.441
0.429
0.525
0.394
0.414
0.476
0.431
0.396
0.507
0.392
0.445
0.450
0.394
0.528
0.455
0.373
0.439
0.431
0.382
0.507
0.433
0.357
0.461
0.529
0.371
0.547
0.460
0.388
0.469
0.539
0.363
0.543
0.484
0.385
0.451
0.520
0.353
0.524
0.465
0.370
0.435
0.498
0.446
0.419
0.553
0.412
0.458
0.516
0.473
0.449
0.576
0.432
0.429
0.501
0.465
0.419
0.559
0.431
0.469
0.488
0.443
0.541
0.486
0.420
0.449
0.464
0.424
0.516
0.461
0.396
0.478
0.580
0.417
0.568
0.480
0.432
0.474
0.575
0.407
0.547
0.483
0.427
0.458
0.561
0.395
0.528
0.471
0.406
0.366
0.415
0.420
0.342
0.515
0.363
0.388
0.436
0.453
0.375
0.549
0.383
0.368
0.428
0.448
0.354
0.549
0.394
0.395
0.447
0.423
0.505
0.436
0.371
0.365
0.411
0.394
0.464
0.399
0.343
0.387
0.532
0.364
0.515
0.395
0.377
0.390
0.539
0.355
0.495
0.407
0.373
0.382
0.528
0.350
0.483
0.397
0.358
0.349
0.419
0.410
0.327
0.511
0.358
0.379
0.452
0.450
0.362
0.546
0.386
0.358
0.433
0.439
0.339
0.538
0.386
0.378
0.426
0.403
0.462
0.410
0.355
0.352
0.396
0.379
0.433
0.380
0.332
0.374
0.530
0.351
0.486
0.400
0.362
0.377
0.532
0.343
0.467
0.410
0.360
0.368
0.521
0.337
0.459
0.402
0.349
0.369
0.449
0.436
0.349
0.537
0.383
0.388
0.469
0.468
0.373
0.562
0.399
0.373
0.472
0.469
0.359
0.574
0.419
0.407
0.438
0.428
0.498
0.420
0.378
0.379
0.411
0.407
0.469
0.391
0.352
0.411
0.560
0.371
0.519
0.424
0.379
0.414
0.568
0.364
0.498
0.439
0.377
0.412
0.556
0.358
0.495
0.440
0.365
0.351
0.432
0.406
0.334
0.526
0.362
0.375
0.463
0.440
0.367
0.558
0.389
0.355
0.440
0.433
0.346
0.554
0.393
0.401
0.439
0.419
0.491
0.427
0.377
0.372
0.401
0.388
0.454
0.386
0.343
0.395
0.545
0.355
0.492
0.406
0.359
0.398
0.551
0.347
0.474
0.424
0.354
0.384
0.536
0.341
0.464
0.412
0.342
0.396
0.455
0.460
0.362
0.554
0.396
0.418
0.489
0.495
0.388
0.589
0.426
0.402
0.466
0.489
0.369
0.581
0.425
0.422
0.449
0.445
0.499
0.424
0.383
0.396
0.422
0.418
0.470
0.399
0.362
0.431
0.577
0.394
0.555
0.438
0.409
0.434
0.580
0.381
0.535
0.451
0.402
0.426
0.576
0.386
0.526
0.442
0.397
0.366
0.425
0.438
0.340
0.487
0.371
0.395
0.448
0.470
0.371
0.507
0.398
0.372
0.435
0.465
0.351
0.513
0.399
0.407
0.444
0.435
0.538
0.434
0.369
0.375
0.400
0.394
0.488
0.385
0.333
0.398
0.512
0.371
0.542
0.405
0.375
0.396
0.499
0.361
0.522
0.406
0.375
0.392
0.498
0.358
0.514
0.408
0.361
0.355
0.410
0.415
0.331
0.453
0.357
0.379
0.432
0.447
0.362
0.492
0.376
0.355
0.428
0.450
0.335
0.488
0.387
0.378
0.419
0.406
0.515
0.404
0.346
0.355
0.388
0.378
0.481
0.377
0.320
0.380
0.506
0.350
0.526
0.397
0.359
0.379
0.500
0.341
0.507
0.397
0.357
0.375
0.491
0.337
0.494
0.399
0.342
0.340
0.411
0.390
0.323
0.463
0.342
0.371
0.438
0.431
0.360
0.497
0.369
0.344
0.435
0.422
0.330
0.492
0.371
0.359
0.395
0.374
0.466
0.382
0.327
0.343
0.381
0.358
0.445
0.370
0.316
0.368
0.484
0.335
0.482
0.393
0.346
0.369
0.477
0.327
0.464
0.393
0.344
0.363
0.469
0.321
0.456
0.391
0.330
0.502
0.556
0.524
0.496
0.630
0.488
0.532
0.575
0.556
0.537
0.659
0.513
0.496
0.565
0.545
0.489
0.641
0.503
0.549
0.574
0.538
0.645
0.582
0.508
0.512
0.531
0.499
0.603
0.540
0.470
0.538
0.644
0.484
0.633
0.537
0.499
0.546
0.652
0.479
0.620
0.553
0.497
0.530
0.635
0.465
0.597
0.533
0.468
0.410
0.487
0.404
0.401
0.565
0.365
0.432
0.507
0.427
0.438
0.592
0.389
0.406
0.484
0.418
0.398
0.578
0.387
0.461
0.499
0.417
0.562
0.496
0.387
0.439
0.460
0.381
0.526
0.457
0.354
0.456
0.584
0.379
0.549
0.450
0.382
0.466
0.588
0.374
0.541
0.467
0.382
0.453
0.577
0.363
0.527
0.457
0.364
0.386
0.453
0.383
0.371
0.498
0.348
0.423
0.471
0.422
0.419
0.533
0.383
0.386
0.465
0.404
0.375
0.522
0.374
0.418
0.438
0.372
0.513
0.453
0.355
0.412
0.415
0.359
0.493
0.426
0.342
0.426
0.514
0.345
0.518
0.436
0.359
0.440
0.529
0.341
0.516
0.467
0.360
0.423
0.510
0.332
0.500
0.446
0.346
0.410
0.486
0.421
0.402
0.564
0.393
0.440
0.509
0.458
0.439
0.591
0.423
0.401
0.492
0.439
0.395
0.576
0.412
0.445
0.486
0.422
0.524
0.489
0.403
0.425
0.456
0.401
0.502
0.460
0.383
0.450
0.576
0.394
0.542
0.460
0.407
0.450
0.575
0.386
0.522
0.468
0.404
0.432
0.557
0.373
0.504
0.453
0.382
0.388
0.445
0.439
0.373
0.538
0.395
0.406
0.458
0.470
0.398
0.564
0.413
0.392
0.458
0.469
0.386
0.566
0.430
0.429
0.468
0.449
0.523
0.454
0.404
0.396
0.432
0.417
0.479
0.420
0.374
0.426
0.554
0.393
0.535
0.429
0.401
0.428
0.561
0.387
0.515
0.442
0.397
0.414
0.544
0.374
0.502
0.428
0.379
0.370
0.445
0.425
0.355
0.529
0.385
0.395
0.469
0.463
0.383
0.557
0.410
0.380
0.458
0.454
0.369
0.548
0.416
0.406
0.442
0.423
0.482
0.424
0.384
0.378
0.414
0.399
0.450
0.399
0.359
0.407
0.546
0.375
0.504
0.428
0.383
0.406
0.546
0.368
0.483
0.437
0.379
0.394
0.531
0.358
0.471
0.423
0.364
0.388
0.473
0.448
0.378
0.558
0.410
0.401
0.483
0.476
0.396
0.575
0.422
0.391
0.493
0.478
0.389
0.588
0.447
0.433
0.455
0.446
0.518
0.439
0.407
0.403
0.427
0.423
0.486
0.410
0.378
0.442
0.574
0.394
0.537
0.451
0.395
0.442
0.581
0.389
0.513
0.464
0.393
0.434
0.564
0.377
0.508
0.460
0.378
0.371
0.457
0.423
0.364
0.544
0.392
0.393
0.477
0.457
0.393
0.570
0.417
0.379
0.466
0.454
0.377
0.562
0.423
0.429
0.453
0.439
0.513
0.442
0.404
0.400
0.418
0.409
0.476
0.406
0.372
0.428
0.560
0.382
0.514
0.432
0.383
0.430
0.564
0.375
0.497
0.450
0.378
0.411
0.544
0.362
0.484
0.435
0.361
0.414
0.481
0.474
0.389
0.572
0.422
0.430
0.505
0.507
0.406
0.597
0.447
0.420
0.493
0.504
0.397
0.589
0.453
0.449
0.464
0.465
0.513
0.437
0.410
0.423
0.443
0.439
0.483
0.416
0.388
0.461
0.590
0.417
0.564
0.461
0.423
0.464
0.594
0.408
0.544
0.475
0.418
0.450
0.585
0.406
0.536
0.464
0.411
0.385
0.454
0.454
0.367
0.510
0.400
0.409
0.467
0.481
0.390
0.518
0.418
0.391
0.461
0.481
0.375
0.530
0.428
0.436
0.460
0.454
0.549
0.447
0.396
0.401
0.418
0.411
0.500
0.401
0.358
0.429
0.527
0.390
0.553
0.431
0.392
0.429
0.517
0.386
0.534
0.435
0.394
0.418
0.514
0.378
0.526
0.435
0.379
0.378
0.438
0.433
0.362
0.477
0.388
0.395
0.448
0.457
0.383
0.499
0.396
0.382
0.456
0.470
0.370
0.505
0.422
0.413
0.440
0.431
0.535
0.423
0.380
0.385
0.408
0.400
0.498
0.395
0.350
0.419
0.525
0.380
0.548
0.430
0.385
0.418
0.519
0.372
0.528
0.432
0.383
0.405
0.505
0.359
0.510
0.428
0.364
0.372
0.456
0.439
0.358
0.514
0.387
0.400
0.472
0.468
0.392
0.542
0.406
0.377
0.479
0.471
0.367
0.551
0.417
0.419
0.460
0.434
0.539
0.450
0.385
0.383
0.424
0.396
0.490
0.414
0.350
0.412
0.538
0.377
0.536
0.432
0.383
0.417
0.539
0.369
0.517
0.445
0.381
0.402
0.521
0.361
0.505
0.437
0.365
0.519
0.586
0.542
0.519
0.656
0.517
0.541
0.596
0.567
0.550
0.673
0.535
0.517
0.595
0.565
0.521
0.669
0.540
0.576
0.594
0.561
0.662
0.600
0.538
0.537
0.553
0.520
0.619
0.562
0.498
0.574
0.676
0.517
0.656
0.574
0.526
0.576
0.679
0.508
0.637
0.586
0.520
0.556
0.656
0.489
0.614
0.564
0.491
0.433
0.519
0.427
0.430
0.590
0.400
0.450
0.532
0.450
0.459
0.610
0.420
0.435
0.516
0.443
0.434
0.599
0.423
0.493
0.516
0.443
0.581
0.515
0.420
0.465
0.480
0.405
0.544
0.479
0.385
0.492
0.605
0.407
0.571
0.486
0.408
0.501
0.608
0.404
0.562
0.501
0.408
0.483
0.594
0.389
0.545
0.487
0.388
0.410
0.477
0.405
0.401
0.522
0.378
0.442
0.493
0.441
0.442
0.552
0.411
0.413
0.491
0.431
0.409
0.545
0.409
0.452
0.463
0.402
0.535
0.473
0.388
0.442
0.440
0.386
0.511
0.447
0.370
0.467
0.544
0.381
0.540
0.464
0.389
0.477
0.555
0.376
0.537
0.493
0.388
0.453
0.530
0.361
0.516
0.466
0.370
0.422
0.506
0.433
0.416
0.573
0.411
0.447
0.519
0.464
0.447
0.592
0.434
0.419
0.514
0.454
0.417
0.585
0.435
0.469
0.497
0.443
0.538
0.495
0.423
0.443
0.467
0.416
0.511
0.466
0.398
0.475
0.586
0.414
0.551
0.481
0.421
0.474
0.587
0.407
0.532
0.492
0.418
0.452
0.563
0.389
0.513
0.473
0.396
0.466
0.535
0.517
0.475
0.656
0.494
0.491
0.553
0.549
0.509
0.686
0.520
0.479
0.553
0.552
0.496
0.698
0.533
0.523
0.560
0.535
0.638
0.578
0.515
0.489
0.528
0.505
0.590
0.538
0.479
0.526
0.667
0.486
0.628
0.532
0.491
0.529
0.676
0.481
0.609
0.543
0.489
0.515
0.655
0.469
0.593
0.528
0.469
0.457
0.545
0.510
0.463
0.656
0.490
0.487
0.574
0.550
0.502
0.692
0.527
0.474
0.565
0.544
0.484
0.697
0.528
0.507
0.542
0.515
0.603
0.556
0.501
0.479
0.517
0.491
0.566
0.523
0.470
0.513
0.667
0.474
0.606
0.540
0.480
0.513
0.671
0.467
0.585
0.548
0.476
0.498
0.650
0.457
0.569
0.532
0.460
0.479
0.576
0.537
0.488
0.684
0.516
0.494
0.588
0.564
0.515
0.706
0.540
0.486
0.596
0.569
0.500
0.724
0.553
0.533
0.552
0.537
0.641
0.569
0.522
0.506
0.528
0.517
0.605
0.537
0.491
0.552
0.693
0.493
0.647
0.566
0.497
0.552
0.703
0.488
0.622
0.576
0.494
0.547
0.684
0.479
0.615
0.576
0.480
0.441
0.539
0.489
0.451
0.653
0.477
0.468
0.565
0.527
0.483
0.677
0.507
0.454
0.551
0.525
0.469
0.687
0.511
0.522
0.547
0.525
0.617
0.557
0.505
0.486
0.507
0.489
0.567
0.509
0.462
0.521
0.669
0.469
0.598
0.527
0.462
0.523
0.678
0.461
0.579
0.542
0.457
0.504
0.653
0.449
0.564
0.526
0.440
0.502
0.580
0.560
0.497
0.698
0.530
0.522
0.613
0.598
0.525
0.733
0.570
0.514
0.594
0.593
0.511
0.730
0.564
0.547
0.563
0.557
0.627
0.568
0.527
0.520
0.541
0.531
0.589
0.538
0.500
0.565
0.707
0.515
0.661
0.574
0.521
0.565
0.710
0.501
0.640
0.584
0.514
0.554
0.701
0.505
0.631
0.574
0.508
0.471
0.547
0.536
0.473
0.626
0.500
0.499
0.564
0.566
0.503
0.639
0.529
0.481
0.559
0.567
0.484
0.651
0.528
0.536
0.562
0.543
0.663
0.573
0.505
0.498
0.518
0.501
0.611
0.522
0.462
0.535
0.642
0.486
0.653
0.539
0.486
0.533
0.632
0.479
0.634
0.541
0.487
0.521
0.622
0.471
0.621
0.538
0.472
0.448
0.519
0.504
0.444
0.574
0.471
0.470
0.533
0.530
0.470
0.601
0.487
0.459
0.542
0.545
0.456
0.610
0.508
0.496
0.523
0.507
0.624
0.521
0.467
0.469
0.493
0.478
0.586
0.491
0.437
0.507
0.621
0.459
0.631
0.522
0.462
0.505
0.615
0.452
0.612
0.521
0.460
0.494
0.599
0.442
0.591
0.515
0.442
0.457
0.550
0.522
0.459
0.624
0.487
0.492
0.573
0.559
0.505
0.662
0.520
0.471
0.581
0.562
0.478
0.673
0.524
0.520
0.558
0.526
0.646
0.566
0.491
0.480
0.525
0.487
0.596
0.527
0.452
0.521
0.651
0.478
0.634
0.539
0.474
0.522
0.649
0.467
0.613
0.545
0.471
0.508
0.630
0.460
0.602
0.540
0.458
0.458
0.540
0.503
0.466
0.608
0.481
0.487
0.563
0.540
0.501
0.637
0.510
0.466
0.561
0.535
0.472
0.633
0.508
0.489
0.511
0.489
0.600
0.523
0.467
0.471
0.500
0.474
0.574
0.507
0.449
0.519
0.624
0.471
0.612
0.536
0.473
0.513
0.615
0.460
0.591
0.533
0.469
0.499
0.596
0.445
0.576
0.523
0.450
0.528
0.627
0.528
0.544
0.725
0.519
0.563
0.656
0.564
0.587
0.755
0.551
0.546
0.644
0.558
0.565
0.759
0.554
0.595
0.627
0.547
0.711
0.654
0.548
0.571
0.595
0.513
0.668
0.612
0.508
0.612
0.744
0.526
0.695
0.617
0.527
0.622
0.751
0.522
0.686
0.632
0.526
0.593
0.722
0.499
0.661
0.610
0.501
0.475
0.559
0.471
0.479
0.623
0.456
0.514
0.580
0.514
0.525
0.656
0.496
0.482
0.574
0.498
0.486
0.651
0.483
0.523
0.542
0.469
0.617
0.568
0.469
0.513
0.519
0.455
0.594
0.541
0.451
0.538
0.632
0.449
0.621
0.555
0.465
0.548
0.647
0.444
0.617
0.583
0.464
0.526
0.619
0.430
0.593
0.552
0.442
0.490
0.582
0.501
0.494
0.670
0.488
0.519
0.599
0.535
0.532
0.694
0.519
0.491
0.595
0.526
0.500
0.695
0.515
0.540
0.576
0.513
0.625
0.592
0.505
0.519
0.550
0.491
0.601
0.564
0.482
0.559
0.690
0.496
0.640
0.569
0.502
0.559
0.692
0.488
0.623
0.581
0.500
0.532
0.662
0.466
0.598
0.558
0.473
0.423
0.489
0.467
0.416
0.600
0.422
0.445
0.502
0.496
0.447
0.625
0.442
0.429
0.497
0.493
0.433
0.637
0.452
0.479
0.519
0.480
0.587
0.523
0.443
0.445
0.481
0.446
0.539
0.482
0.409
0.476
0.619
0.425
0.580
0.474
0.434
0.485
0.633
0.422
0.565
0.492
0.431
0.469
0.613
0.411
0.550
0.479
0.416
0.410
0.495
0.456
0.398
0.597
0.411
0.438
0.519
0.492
0.429
0.622
0.439
0.422
0.506
0.481
0.415
0.630
0.437
0.459
0.496
0.453
0.545
0.495
0.420
0.429
0.465
0.425
0.506
0.461
0.391
0.462
0.620
0.409
0.556
0.481
0.420
0.467
0.626
0.404
0.541
0.495
0.416
0.448
0.604
0.393
0.526
0.481
0.404
0.434
0.530
0.484
0.428
0.628
0.441
0.449
0.540
0.510
0.446
0.641
0.457
0.440
0.546
0.510
0.441
0.665
0.471
0.496
0.515
0.481
0.587
0.514
0.447
0.465
0.485
0.458
0.548
0.478
0.417
0.509
0.653
0.437
0.596
0.512
0.442
0.516
0.667
0.434
0.577
0.530
0.438
0.506
0.647
0.425
0.570
0.528
0.428
0.412
0.507
0.455
0.409
0.615
0.418
0.434
0.529
0.486
0.438
0.635
0.447
0.419
0.510
0.481
0.425
0.646
0.446
0.483
0.510
0.474
0.581
0.517
0.447
0.451
0.471
0.440
0.533
0.470
0.408
0.483
0.634
0.416
0.564
0.485
0.420
0.491
0.648
0.412
0.551
0.508
0.415
0.471
0.624
0.402
0.537
0.492
0.402
0.460
0.535
0.514
0.438
0.643
0.456
0.479
0.562
0.547
0.459
0.669
0.487
0.467
0.540
0.535
0.447
0.670
0.479
0.503
0.518
0.498
0.578
0.509
0.451
0.476
0.494
0.471
0.540
0.480
0.426
0.521
0.665
0.457
0.622
0.519
0.471
0.529
0.674
0.447
0.604
0.535
0.462
0.515
0.664
0.449
0.596
0.527
0.460
0.427
0.501
0.485
0.416
0.573
0.430
0.452
0.513
0.514
0.441
0.581
0.457
0.432
0.502
0.504
0.427
0.595
0.450
0.492
0.518
0.486
0.618
0.523
0.440
0.454
0.473
0.444
0.563
0.471
0.397
0.486
0.596
0.428
0.606
0.482
0.431
0.488
0.589
0.424
0.589
0.488
0.430
0.479
0.585
0.421
0.581
0.490
0.421
0.416
0.487
0.466
0.405
0.536
0.420
0.436
0.499
0.491
0.429
0.557
0.433
0.420
0.501
0.497
0.413
0.566
0.447
0.467
0.492
0.465
0.596
0.489
0.419
0.436
0.458
0.430
0.554
0.457
0.387
0.477
0.589
0.416
0.596
0.481
0.420
0.484
0.588
0.411
0.585
0.489
0.421
0.464
0.570
0.399
0.562
0.483
0.403
0.403
0.496
0.461
0.395
0.567
0.411
0.437
0.516
0.496
0.437
0.598
0.438
0.410
0.517
0.492
0.407
0.610
0.438
0.468
0.506
0.462
0.596
0.512
0.421
0.427
0.468
0.420
0.541
0.469
0.380
0.462
0.595
0.407
0.579
0.473
0.412
0.472
0.601
0.399
0.563
0.490
0.408
0.452
0.579
0.393
0.550
0.480
0.397
0.397
0.476
0.433
0.391
0.534
0.395
0.428
0.502
0.474
0.428
0.564
0.427
0.404
0.495
0.462
0.405
0.562
0.424
0.432
0.452
0.419
0.536
0.455
0.389
0.415
0.440
0.404
0.510
0.439
0.373
0.456
0.560
0.400
0.549
0.468
0.407
0.457
0.555
0.390
0.532
0.469
0.399
0.439
0.536
0.377
0.516
0.459
0.383
0.516
0.589
0.522
0.522
0.678
0.499
0.544
0.603
0.553
0.561
0.700
0.526
0.514
0.600
0.540
0.523
0.697
0.513
0.592
0.613
0.548
0.683
0.630
0.531
0.552
0.571
0.509
0.635
0.585
0.490
0.588
0.703
0.507
0.658
0.577
0.513
0.599
0.718
0.504
0.652
0.604
0.513
0.567
0.681
0.481
0.622
0.571
0.485
0.437
0.520
0.425
0.432
0.579
0.396
0.472
0.535
0.464
0.476
0.609
0.434
0.442
0.533
0.448
0.443
0.611
0.423
0.494
0.513
0.428
0.577
0.529
0.415
0.479
0.483
0.410
0.547
0.493
0.393
0.506
0.604
0.406
0.576
0.507
0.414
0.519
0.619
0.401
0.576
0.542
0.414
0.491
0.587
0.384
0.552
0.509
0.395
0.461
0.552
0.463
0.458
0.639
0.439
0.488
0.568
0.494
0.491
0.657
0.466
0.456
0.557
0.481
0.460
0.659
0.461
0.514
0.551
0.472
0.594
0.562
0.458
0.490
0.518
0.445
0.563
0.527
0.431
0.524
0.657
0.448
0.601
0.529
0.458
0.526
0.661
0.442
0.586
0.544
0.454
0.500
0.634
0.424
0.562
0.522
0.432
0.394
0.472
0.426
0.380
0.556
0.387
0.423
0.480
0.462
0.416
0.585
0.413
0.403
0.487
0.453
0.396
0.595
0.420
0.451
0.485
0.435
0.547
0.494
0.408
0.425
0.450
0.404
0.505
0.454
0.377
0.450
0.578
0.393
0.551
0.464
0.400
0.460
0.592
0.389
0.539
0.490
0.399
0.437
0.563
0.371
0.518
0.463
0.380
0.381
0.477
0.413
0.364
0.552
0.376
0.414
0.499
0.457
0.402
0.585
0.412
0.398
0.495
0.440
0.387
0.592
0.410
0.432
0.466
0.410
0.514
0.473
0.391
0.410
0.438
0.386
0.479
0.439
0.364
0.437
0.580
0.380
0.528
0.472
0.390
0.443
0.585
0.373
0.514
0.492
0.387
0.418
0.556
0.356
0.492
0.465
0.369
0.416
0.517
0.453
0.403
0.593
0.417
0.436
0.522
0.486
0.427
0.609
0.437
0.424
0.539
0.481
0.417
0.634
0.451
0.475
0.492
0.450
0.563
0.499
0.426
0.447
0.463
0.425
0.525
0.461
0.394
0.489
0.620
0.418
0.582
0.508
0.423
0.493
0.630
0.412
0.564
0.533
0.421
0.473
0.601
0.394
0.546
0.513
0.402
0.384
0.493
0.413
0.375
0.571
0.383
0.411
0.507
0.450
0.410
0.594
0.415
0.394
0.500
0.436
0.394
0.604
0.414
0.455
0.478
0.424
0.544
0.496
0.412
0.432
0.443
0.397
0.505
0.450
0.377
0.455
0.591
0.383
0.533
0.474
0.386
0.464
0.602
0.378
0.525
0.506
0.384
0.438
0.571
0.360
0.506
0.480
0.367
0.446
0.531
0.478
0.423
0.614
0.434
0.464
0.541
0.511
0.443
0.635
0.462
0.453
0.537
0.496
0.434
0.643
0.460
0.488
0.497
0.459
0.563
0.503
0.431
0.467
0.476
0.436
0.530
0.473
0.406
0.510
0.636
0.436
0.608
0.522
0.446
0.514
0.640
0.423
0.595
0.547
0.442
0.496
0.626
0.420
0.582
0.526
0.434
0.395
0.472
0.434
0.378
0.524
0.389
0.426
0.478
0.468
0.408
0.531
0.415
0.405
0.477
0.454
0.390
0.548
0.412
0.459
0.471
0.431
0.573
0.485
0.400
0.433
0.432
0.392
0.525
0.436
0.360
0.454
0.546
0.385
0.573
0.463
0.394
0.461
0.542
0.381
0.559
0.479
0.394
0.444
0.531
0.372
0.545
0.466
0.382
0.386
0.458
0.424
0.367
0.490
0.380
0.413
0.468
0.455
0.399
0.516
0.398
0.396
0.478
0.459
0.380
0.524
0.413
0.432
0.450
0.415
0.557
0.458
0.385
0.415
0.420
0.386
0.522
0.429
0.356
0.443
0.545
0.379
0.569
0.464
0.392
0.452
0.543
0.373
0.556
0.478
0.390
0.429
0.520
0.356
0.530
0.460
0.369
0.371
0.469
0.420
0.354
0.520
0.371
0.406
0.480
0.455
0.396
0.547
0.397
0.379
0.488
0.448
0.367
0.562
0.399
0.430
0.464
0.411
0.550
0.476
0.380
0.403
0.430
0.375
0.505
0.437
0.347
0.430
0.550
0.369
0.546
0.455
0.378
0.440
0.554
0.360
0.531
0.476
0.376
0.416
0.529
0.350
0.514
0.456
0.360
0.370
0.451
0.399
0.353
0.493
0.359
0.402
0.467
0.438
0.393
0.520
0.390
0.378
0.473
0.430
0.368
0.527
0.393
0.401
0.415
0.377
0.498
0.422
0.354
0.392
0.405
0.364
0.478
0.411
0.342
0.429
0.526
0.365
0.524
0.451
0.377
0.426
0.517
0.354
0.505
0.455
0.371
0.404
0.493
0.338
0.486
0.434
0.352
0.465
0.545
0.472
0.462
0.611
0.447
0.492
0.554
0.500
0.502
0.635
0.473
0.468
0.563
0.495
0.470
0.641
0.473
0.540
0.559
0.495
0.626
0.579
0.484
0.504
0.519
0.456
0.583
0.536
0.444
0.537
0.642
0.459
0.614
0.543
0.468
0.542
0.651
0.451
0.601
0.566
0.464
0.516
0.617
0.428
0.573
0.532
0.436
0.419
0.522
0.407
0.417
0.593
0.381
0.447
0.540
0.435
0.456
0.619
0.409
0.425
0.526
0.422
0.429
0.619
0.408
0.494
0.521
0.426
0.587
0.534
0.414
0.471
0.482
0.389
0.545
0.488
0.374
0.493
0.614
0.395
0.573
0.498
0.396
0.505
0.620
0.391
0.566
0.520
0.396
0.478
0.592
0.368
0.544
0.495
0.374
0.414
0.513
0.412
0.405
0.578
0.388
0.444
0.530
0.446
0.443
0.601
0.418
0.413
0.525
0.433
0.410
0.604
0.414
0.469
0.506
0.420
0.543
0.519
0.411
0.446
0.470
0.394
0.513
0.480
0.384
0.480
0.601
0.401
0.555
0.498
0.410
0.482
0.603
0.393
0.541
0.515
0.409
0.451
0.571
0.371
0.517
0.492
0.386
0.445
0.521
0.490
0.453
0.637
0.472
0.464
0.528
0.517
0.479
0.658
0.491
0.448
0.530
0.515
0.464
0.671
0.503
0.498
0.533
0.499
0.609
0.551
0.488
0.470
0.503
0.474
0.572
0.518
0.460
0.502
0.641
0.456
0.602
0.508
0.461
0.508
0.653
0.450
0.584
0.526
0.457
0.490
0.628
0.435
0.568
0.510
0.441
0.435
0.533
0.480
0.439
0.634
0.462
0.459
0.551
0.514
0.467
0.659
0.489
0.446
0.543
0.505
0.455
0.668
0.493
0.481
0.513
0.476
0.575
0.529
0.469
0.461
0.493
0.459
0.547
0.503
0.449
0.491
0.643
0.442
0.581
0.520
0.453
0.492
0.648
0.434
0.563
0.532
0.446
0.474
0.622
0.421
0.546
0.516
0.432
0.470
0.574
0.518
0.482
0.678
0.505
0.483
0.577
0.543
0.500
0.691
0.521
0.473
0.588
0.544
0.493
0.718
0.541
0.528
0.543
0.516
0.636
0.564
0.511
0.504
0.523
0.502
0.605
0.536
0.488
0.547
0.690
0.485
0.638
0.559
0.487
0.550
0.700
0.478
0.616
0.576
0.481
0.538
0.674
0.464
0.605
0.569
0.467
0.437
0.545
0.478
0.449
0.651
0.469
0.456
0.559
0.507
0.470
0.663
0.490
0.442
0.549
0.503
0.459
0.678
0.496
0.503
0.523
0.492
0.605
0.546
0.490
0.477
0.490
0.465
0.568
0.506
0.458
0.509
0.653
0.446
0.589
0.525
0.450
0.511
0.662
0.438
0.572
0.546
0.444
0.493
0.637
0.427
0.558
0.530
0.430
0.479
0.563
0.530
0.475
0.675
0.502
0.497
0.584
0.563
0.494
0.699
0.530
0.484
0.569
0.553
0.479
0.700
0.526
0.518
0.531
0.514
0.605
0.539
0.494
0.497
0.514
0.495
0.575
0.516
0.475
0.541
0.681
0.483
0.643
0.552
0.496
0.543
0.685
0.469
0.621
0.566
0.486
0.532
0.674
0.472
0.612
0.555
0.482
0.450
0.526
0.504
0.454
0.606
0.478
0.471
0.531
0.529
0.475
0.608
0.498
0.451
0.525
0.524
0.460
0.626
0.501
0.512
0.528
0.502
0.643
0.547
0.481
0.480
0.488
0.466
0.596
0.501
0.444
0.514
0.615
0.457
0.633
0.515
0.460
0.515
0.605
0.449
0.612
0.518
0.456
0.503
0.597
0.443
0.601
0.516
0.446
0.435
0.510
0.485
0.436
0.561
0.460
0.454
0.515
0.507
0.459
0.581
0.472
0.443
0.524
0.519
0.446
0.590
0.493
0.482
0.500
0.480
0.616
0.508
0.458
0.462
0.475
0.456
0.587
0.485
0.435
0.498
0.605
0.441
0.621
0.509
0.447
0.500
0.599
0.433
0.604
0.514
0.444
0.486
0.581
0.420
0.583
0.509
0.427
0.421
0.519
0.480
0.425
0.593
0.451
0.452
0.530
0.511
0.463
0.618
0.475
0.426
0.537
0.509
0.436
0.633
0.482
0.482
0.513
0.475
0.614
0.527
0.454
0.453
0.486
0.446
0.574
0.498
0.426
0.487
0.611
0.432
0.601
0.503
0.435
0.494
0.615
0.423
0.581
0.515
0.430
0.475
0.591
0.414
0.567
0.505
0.417
0.408
0.490
0.446
0.410
0.551
0.424
0.435
0.507
0.481
0.444
0.578
0.451
0.412
0.508
0.475
0.420
0.579
0.454
0.443
0.459
0.432
0.550
0.469
0.415
0.432
0.452
0.422
0.533
0.461
0.406
0.475
0.574
0.418
0.566
0.488
0.424
0.470
0.566
0.408
0.545
0.487
0.417
0.454
0.543
0.392
0.529
0.476
0.399
0.516
0.595
0.528
0.531
0.685
0.522
0.543
0.606
0.557
0.569
0.707
0.548
0.516
0.609
0.550
0.531
0.706
0.541
0.585
0.603
0.551
0.686
0.634
0.553
0.554
0.570
0.520
0.654
0.603
0.525
0.585
0.697
0.515
0.663
0.587
0.523
0.592
0.708
0.510
0.652
0.608
0.522
0.570
0.677
0.489
0.627
0.584
0.497
0.491
0.595
0.487
0.501
0.684
0.474
0.512
0.607
0.507
0.531
0.702
0.495
0.492
0.595
0.499
0.505
0.703
0.495
0.552
0.578
0.496
0.662
0.603
0.498
0.535
0.547
0.465
0.628
0.567
0.466
0.559
0.690
0.468
0.647
0.569
0.476
0.570
0.698
0.465
0.638
0.587
0.475
0.549
0.674
0.448
0.619
0.570
0.456
0.454
0.543
0.443
0.458
0.603
0.432
0.486
0.553
0.477
0.496
0.627
0.462
0.455
0.552
0.463
0.464
0.630
0.458
0.511
0.527
0.445
0.598
0.551
0.447
0.506
0.506
0.436
0.576
0.523
0.431
0.527
0.619
0.429
0.598
0.536
0.438
0.537
0.633
0.425
0.593
0.568
0.436
0.512
0.601
0.407
0.571
0.538
0.418
