0.669
0.755
0.723
1.314
0.986
1.150
0.714
0.849
0.787
1.524
1.109
1.313
0.836
0.965
0.888
1.646
1.239
1.452
0.707
0.819
0.757
1.448
1.075
1.265
0.531
0.655
0.615
1.439
1.004
1.233
0.773
0.872
0.818
1.573
1.142
1.343
0.789
0.859
0.820
1.559
1.121
1.341
0.707
0.823
0.753
1.416
1.030
1.221
0.578
0.714
0.640
1.343
0.986
1.157
0.779
0.905
0.852
1.545
1.177
1.359
0.675
0.811
0.738
1.452
1.066
1.256
0.708
0.863
0.786
1.475
1.092
1.275
0.537
0.634
0.604
1.433
0.945
1.183
0.796
0.920
0.865
1.495
1.119
1.318
0.472
0.580
0.533
1.355
0.932
1.135
0.487
0.614
0.552
1.362
0.968
1.142
0.515
0.603
0.560
1.395
0.954
1.160
0.533
0.712
0.505
1.363
1.030
1.078
0.499
0.620
0.517
1.373
0.992
1.112
0.542
0.665
0.603
1.103
0.862
0.977
0.535
0.705
0.612
1.225
0.945
1.077
0.643
0.797
0.716
1.339
1.047
1.203
0.513
0.657
0.573
1.172
0.909
1.044
0.384
0.555
0.478
1.139
0.836
0.993
0.597
0.746
0.660
1.258
0.960
1.100
0.602
0.730
0.667
1.249
0.950
1.101
0.541
0.672
0.593
1.157
0.883
1.016
0.443
0.595
0.500
1.105
0.851
0.973
0.615
0.761
0.683
1.250
0.986
1.121
0.508
0.662
0.576
1.174
0.905
1.034
0.537
0.710
0.613
1.191
0.930
1.053
0.385
0.524
0.467
1.113
0.791
0.947
0.642
0.788
0.712
1.241
0.972
1.113
0.352
0.488
0.412
1.063
0.768
0.909
0.355
0.516
0.425
1.062
0.798
0.912
0.377
0.506
0.433
1.085
0.789
0.929
0.367
0.555
0.384
1.072
0.833
0.869
0.366
0.505
0.399
1.068
0.806
0.894
0.616
0.801
0.782
1.289
0.986
1.164
0.639
0.926
0.863
1.482
1.115
1.333
0.744
0.991
0.935
1.583
1.211
1.448
0.620
0.813
0.762
1.391
1.045
1.257
0.449
0.699
0.658
1.368
0.957
1.209
0.692
0.910
0.866
1.506
1.130
1.341
0.682
0.889
0.852
1.485
1.085
1.322
0.638
0.847
0.808
1.366
1.019
1.226
0.536
0.758
0.701
1.306
0.986
1.172
0.737
0.970
0.930
1.503
1.156
1.374
0.590
0.844
0.773
1.398
1.075
1.266
0.651
0.942
0.854
1.436
1.102
1.295
0.430
0.669
0.628
1.334
0.902
1.147
0.755
0.998
0.954
1.458
1.114
1.327
0.386
0.617
0.583
1.258
0.890
1.103
0.398
0.672
0.605
1.249
0.926
1.104
0.410
0.644
0.594
1.275
0.903
1.115
0.404
0.715
0.519
1.275
1.001
1.034
0.390
0.661
0.553
1.276
0.955
1.074
0.600
0.834
0.782
1.273
0.997
1.159
0.659
0.959
0.886
1.469
1.132
1.332
0.753
1.054
0.963
1.589
1.244
1.461
0.604
0.849
0.772
1.384
1.063
1.258
0.469
0.738
0.683
1.383
1.001
1.240
0.707
0.940
0.884
1.508
1.146
1.343
0.699
0.923
0.871
1.480
1.115
1.327
0.626
0.875
0.806
1.341
1.030
1.213
0.519
0.783
0.694
1.275
0.990
1.156
0.768
1.015
0.962
1.530
1.215
1.412
0.638
0.925
0.839
1.416
1.107
1.290
0.663
1.001
0.893
1.428
1.120
1.302
0.451
0.721
0.676
1.327
0.931
1.162
0.790
1.050
0.995
1.434
1.115
1.312
0.404
0.652
0.614
1.257
0.899
1.106
0.413
0.693
0.625
1.252
0.936
1.106
0.438
0.696
0.639
1.285
0.928
1.129
0.426
0.754
0.571
1.280
0.990
1.045
0.404
0.678
0.586
1.275
0.948
1.079
0.616
0.808
0.777
1.260
0.991
1.138
0.631
0.896
0.838
1.436
1.096
1.286
0.761
1.043
0.959
1.582
1.237
1.439
0.623
0.845
0.785
1.380
1.051
1.239
0.453
0.702
0.662
1.354
0.981
1.200
0.705
0.913
0.873
1.490
1.128
1.313
0.683
0.877
0.848
1.481
1.100
1.310
0.625
0.851
0.792
1.332
1.014
1.189
0.522
0.753
0.684
1.273
0.984
1.143
0.739
0.956
0.919
1.476
1.166
1.350
0.594
0.847
0.776
1.391
1.080
1.250
0.636
0.932
0.840
1.402
1.094
1.256
0.460
0.677
0.652
1.342
0.929
1.151
0.771
1.009
0.961
1.433
1.111
1.300
0.408
0.647
0.609
1.265
0.908
1.104
0.420
0.675
0.614
1.258
0.949
1.105
0.437
0.681
0.631
1.290
0.931
1.121
0.435
0.754
0.576
1.280
0.995
1.040
0.412
0.669
0.577
1.281
0.965
1.084
0.630
0.808
0.772
1.300
0.988
1.160
0.656
0.883
0.816
1.505
1.105
1.310
0.763
0.986
0.917
1.616
1.225
1.442
0.639
0.806
0.751
1.408
1.044
1.242
0.483
0.726
0.665
1.406
0.989
1.223
0.731
0.892
0.843
1.544
1.131
1.335
0.722
0.875
0.843
1.525
1.108
1.327
0.641
0.825
0.764
1.374
1.015
1.205
0.536
0.742
0.661
1.321
0.991
1.162
0.742
0.941
0.892
1.518
1.162
1.360
0.606
0.829
0.751
1.430
1.080
1.264
0.727
0.994
0.899
1.468
1.130
1.304
0.516
0.731
0.688
1.415
0.954
1.186
0.784
0.977
0.930
1.479
1.128
1.329
0.407
0.607
0.551
1.300
0.894
1.099
0.403
0.635
0.550
1.290
0.927
1.096
0.433
0.634
0.571
1.318
0.909
1.115
0.418
0.673
0.481
1.305
0.996
1.037
0.425
0.636
0.531
1.326
0.956
1.080
0.648
0.914
0.823
1.358
1.107
1.231
0.689
1.041
0.906
1.538
1.225
1.376
0.750
1.080
0.963
1.698
1.367
1.539
0.678
0.957
0.849
1.503
1.198
1.355
0.553
0.902
0.778
1.437
1.108
1.279
0.734
1.043
0.924
1.566
1.249
1.401
0.768
1.049
0.947
1.604
1.241
1.419
0.649
0.930
0.822
1.415
1.132
1.276
0.550
0.847
0.726
1.376
1.107
1.237
0.747
1.056
0.947
1.553
1.265
1.416
0.629
0.938
0.826
1.456
1.184
1.320
0.710
1.060
0.919
1.470
1.220
1.335
0.509
0.836
0.726
1.399
1.054
1.221
0.767
1.050
0.954
1.530
1.234
1.396
0.455
0.772
0.665
1.335
1.040
1.189
0.503
0.840
0.718
1.345
1.085
1.201
0.515
0.840
0.716
1.363
1.063
1.208
0.489
0.838
0.659
1.348
1.111
1.135
0.484
0.810
0.674
1.366
1.098
1.183
0.610
0.825
0.762
1.288
1.006
1.164
0.636
0.931
0.838
1.461
1.107
1.305
0.744
1.020
0.903
1.580
1.219
1.433
0.605
0.843
0.742
1.401
1.072
1.265
0.438
0.726
0.637
1.350
0.960
1.186
0.681
0.932
0.842
1.506
1.133
1.331
0.683
0.912
0.831
1.494
1.110
1.326
0.643
0.874
0.792
1.381
1.041
1.232
0.540
0.781
0.690
1.315
1.017
1.184
0.725
0.972
0.890
1.487
1.158
1.351
0.597
0.865
0.769
1.396
1.070
1.255
0.634
0.944
0.826
1.408
1.087
1.262
0.446
0.711
0.637
1.337
0.937
1.160
0.744
0.983
0.921
1.457
1.124
1.320
0.397
0.659
0.601
1.268
0.918
1.120
0.404
0.694
0.603
1.262
0.951
1.113
0.425
0.692
0.608
1.293
0.933
1.131
0.408
0.731
0.537
1.269
1.004
1.043
0.416
0.689
0.582
1.278
0.975
1.090
0.616
0.809
0.731
1.279
1.085
1.201
0.689
0.972
0.839
1.472
1.241
1.379
0.775
1.021
0.907
1.651
1.394
1.562
0.676
0.877
0.769
1.457
1.235
1.381
0.452
0.717
0.612
1.374
1.117
1.286
0.691
0.919
0.809
1.511
1.250
1.401
0.738
0.928
0.839
1.535
1.268
1.436
0.649
0.853
0.748
1.365
1.132
1.268
0.567
0.795
0.675
1.305
1.088
1.216
0.729
0.953
0.849
1.493
1.268
1.410
0.628
0.878
0.760
1.414
1.192
1.328
0.658
0.962
0.810
1.420
1.220
1.338
0.460
0.685
0.599
1.363
1.086
1.253
0.780
1.017
0.920
1.490
1.235
1.399
0.384
0.616
0.515
1.273
1.036
1.184
0.400
0.669
0.535
1.293
1.091
1.204
0.422
0.662
0.548
1.306
1.073
1.210
0.413
0.718
0.474
1.272
1.080
1.104
0.395
0.647
0.498
1.270
1.070
1.152
0.620
0.799
0.744
1.287
0.997
1.157
0.647
0.897
0.803
1.484
1.110
1.314
0.768
1.006
0.913
1.616
1.240
1.452
0.645
0.817
0.742
1.413
1.068
1.263
0.463
0.706
0.629
1.387
0.987
1.214
0.713
0.909
0.836
1.530
1.151
1.349
0.733
0.901
0.850
1.524
1.124
1.346
0.649
0.829
0.759
1.389
1.042
1.234
0.522
0.739
0.641
1.298
0.995
1.158
0.760
0.979
0.906
1.525
1.188
1.379
0.585
0.818
0.729
1.385
1.058
1.235
0.652
0.921
0.808
1.430
1.105
1.277
0.434
0.658
0.587
1.351
0.909
1.141
0.777
0.995
0.926
1.458
1.124
1.324
0.391
0.591
0.523
1.265
0.894
1.092
0.394
0.634
0.536
1.254
0.927
1.088
0.412
0.628
0.547
1.284
0.908
1.104
0.408
0.675
0.482
1.281
0.995
1.025
0.400
0.613
0.499
1.285
0.947
1.063
0.826
0.389
0.629
1.455
0.855
1.150
1.146
0.726
0.961
1.538
0.983
1.263
1.129
0.693
0.917
1.553
0.918
1.216
0.814
0.413
0.630
1.498
0.908
1.200
0.809
0.437
0.640
1.417
0.913
1.185
0.832
0.428
0.638
1.499
0.929
1.204
0.799
0.421
0.625
1.437
0.903
1.177
0.789
0.389
0.588
1.430
0.865
1.152
0.981
0.586
0.790
1.421
0.936
1.185
0.893
0.461
0.694
1.620
0.929
1.239
0.817
0.422
0.638
1.469
0.890
1.169
0.869
0.463
0.684
1.517
0.914
1.196
0.790
0.409
0.627
1.465
0.870
1.157
0.789
0.414
0.631
1.350
0.883
1.130
0.777
0.387
0.612
1.433
0.853
1.143
0.787
0.389
0.612
1.489
0.882
1.161
0.781
0.393
0.620
1.483
0.897
1.176
1.172
0.782
1.016
1.445
0.870
1.146
0.782
0.386
0.544
1.410
0.876
1.071
0.810
0.378
0.578
1.468
0.855
1.118
0.987
0.838
0.954
1.437
1.181
1.333
1.181
1.053
1.154
1.503
1.247
1.398
1.241
1.065
1.175
1.510
1.217
1.383
0.873
0.800
0.854
1.465
1.188
1.353
0.971
0.855
0.945
1.486
1.246
1.394
0.959
0.883
0.921
1.482
1.198
1.350
0.897
0.862
0.890
1.454
1.200
1.352
1.081
0.949
1.027
1.573
1.314
1.466
0.982
0.906
0.948
1.434
1.205
1.336
0.967
0.841
0.933
1.515
1.224
1.384
0.905
0.765
0.874
1.441
1.180
1.326
0.985
0.789
0.934
1.421
1.153
1.304
0.860
0.780
0.850
1.392
1.123
1.270
0.848
0.773
0.839
1.360
1.146
1.270
0.820
0.729
0.796
1.394
1.131
1.283
0.863
0.738
0.824
1.403
1.138
1.273
0.854
0.766
0.836
1.414
1.159
1.296
1.174
1.094
1.167
1.382
1.143
1.270
0.907
0.812
0.808
1.490
1.191
1.246
0.887
0.786
0.818
1.510
1.142
1.275
0.603
0.396
0.553
1.266
0.895
1.103
0.918
0.730
0.865
1.337
0.990
1.184
0.919
0.714
0.858
1.322
0.928
1.145
0.641
0.477
0.601
1.317
0.923
1.144
0.629
0.461
0.594
1.256
0.941
1.131
0.637
0.443
0.571
1.325
0.952
1.148
0.598
0.460
0.566
1.273
0.929
1.130
0.602
0.422
0.527
1.249
0.904
1.104
0.768
0.606
0.712
1.347
1.055
1.224
0.679
0.484
0.626
1.388
0.958
1.172
0.640
0.464
0.589
1.284
0.928
1.121
0.682
0.480
0.627
1.314
0.937
1.136
0.592
0.452
0.566
1.311
0.917
1.123
0.606
0.454
0.574
1.209
0.927
1.085
0.585
0.433
0.548
1.253
0.895
1.100
0.591
0.413
0.539
1.275
0.908
1.095
0.588
0.432
0.553
1.277
0.922
1.112
0.968
0.818
0.946
1.253
0.913
1.094
0.631
0.451
0.475
1.313
0.942
1.020
0.633
0.404
0.499
1.351
0.887
1.063
0.593
0.397
0.530
1.280
0.852
1.077
0.889
0.685
0.815
1.349
0.940
1.156
0.856
0.656
0.778
1.352
0.896
1.124
0.594
0.413
0.527
1.328
0.887
1.118
0.630
0.459
0.573
1.279
0.935
1.138
0.627
0.434
0.543
1.331
0.909
1.115
0.595
0.434
0.531
1.285
0.895
1.109
0.598
0.398
0.495
1.277
0.862
1.086
0.732
0.548
0.645
1.305
0.963
1.146
0.655
0.462
0.590
1.390
0.919
1.146
0.622
0.427
0.543
1.296
0.884
1.097
0.651
0.443
0.567
1.326
0.892
1.104
0.592
0.421
0.529
1.334
0.875
1.100
0.593
0.420
0.525
1.207
0.869
1.048
0.563
0.417
0.518
1.277
0.857
1.082
0.588
0.409
0.515
1.317
0.875
1.079
0.582
0.412
0.524
1.324
0.889
1.104
0.893
0.738
0.857
1.289
0.869
1.079
0.618
0.411
0.465
1.289
0.876
1.010
0.644
0.396
0.499
1.329
0.844
1.052
0.603
0.436
0.554
1.316
0.921
1.129
0.919
0.767
0.868
1.381
0.998
1.199
0.910
0.752
0.848
1.388
0.947
1.160
0.635
0.507
0.590
1.367
0.943
1.162
0.642
0.516
0.610
1.314
0.967
1.158
0.644
0.485
0.576
1.370
0.966
1.162
0.618
0.515
0.581
1.316
0.946
1.152
0.622
0.469
0.547
1.306
0.919
1.127
0.760
0.642
0.704
1.416
1.088
1.258
0.679
0.514
0.623
1.428
0.971
1.184
0.655
0.510
0.605
1.363
0.955
1.152
0.692
0.517
0.630
1.379
0.956
1.159
0.614
0.491
0.551
1.341
0.932
1.144
0.619
0.486
0.583
1.236
0.925
1.087
0.595
0.481
0.560
1.329
0.918
1.130
0.617
0.460
0.553
1.361
0.934
1.123
0.600
0.483
0.567
1.364
0.949
1.142
0.955
0.832
0.934
1.333
0.934
1.119
0.670
0.505
0.509
1.371
0.952
1.053
0.667
0.443
0.519
1.392
0.909
1.094
0.565
0.458
0.529
1.337
0.945
1.124
0.865
0.767
0.825
1.394
1.030
1.201
0.880
0.752
0.819
1.417
0.972
1.170
0.582
0.490
0.534
1.401
0.971
1.165
0.600
0.528
0.578
1.350
1.024
1.195
0.614
0.509
0.551
1.399
0.997
1.178
0.574
0.518
0.544
1.335
0.975
1.159
0.573
0.479
0.502
1.312
0.952
1.123
0.731
0.640
0.680
1.372
1.051
1.201
0.654
0.549
0.611
1.469
1.023
1.219
0.601
0.510
0.556
1.366
0.981
1.144
0.635
0.524
0.584
1.386
0.989
1.156
0.562
0.503
0.535
1.367
0.959
1.132
0.553
0.492
0.526
1.260
0.959
1.096
0.548
0.490
0.517
1.330
0.946
1.127
0.568
0.477
0.517
1.365
0.968
1.124
0.559
0.494
0.530
1.366
0.976
1.141
0.916
0.858
0.902
1.332
0.963
1.118
0.618
0.518
0.476
1.369
0.977
1.054
0.611
0.464
0.492
1.393
0.932
1.087
0.698
0.396
0.579
1.318
0.842
1.113
1.035
0.746
0.920
1.426
0.952
1.216
0.990
0.686
0.863
1.401
0.878
1.161
0.707
0.421
0.600
1.360
0.859
1.152
0.728
0.454
0.628
1.318
0.913
1.173
0.718
0.439
0.594
1.375
0.900
1.160
0.684
0.424
0.581
1.332
0.870
1.138
0.670
0.400
0.539
1.311
0.845
1.112
0.844
0.565
0.715
1.355
0.965
1.192
0.773
0.465
0.647
1.463
0.907
1.195
0.715
0.435
0.603
1.346
0.867
1.136
0.770
0.459
0.631
1.408
0.884
1.157
0.674
0.412
0.566
1.352
0.854
1.129
0.675
0.425
0.585
1.257
0.882
1.109
0.645
0.392
0.559
1.300
0.831
1.108
0.679
0.401
0.567
1.331
0.849
1.114
0.668
0.400
0.576
1.330
0.856
1.128
1.029
0.770
0.950
1.309
0.845
1.108
0.679
0.407
0.499
1.333
0.870
1.035
0.677
0.383
0.525
1.362
0.834
1.074
0.536
0.377
0.533
1.166
0.840
1.045
0.836
0.691
0.826
1.247
0.933
1.123
0.839
0.690
0.815
1.229
0.882
1.089
0.584
0.470
0.580
1.228
0.884
1.098
0.557
0.438
0.572
1.181
0.889
1.082
0.577
0.415
0.559
1.222
0.902
1.096
0.532
0.444
0.548
1.187
0.877
1.081
0.532
0.402
0.507
1.170
0.854
1.053
0.685
0.549
0.664
1.235
0.974
1.137
0.611
0.462
0.606
1.269
0.912
1.119
0.585
0.439
0.573
1.194
0.882
1.070
0.614
0.461
0.602
1.203
0.887
1.078
0.517
0.427
0.516
1.189
0.858
1.055
0.528
0.404
0.528
1.114
0.862
1.013
0.523
0.422
0.534
1.177
0.854
1.057
0.541
0.402
0.534
1.196
0.866
1.057
0.525
0.411
0.538
1.191
0.878
1.068
0.860
0.754
0.886
1.167
0.863
1.043
0.566
0.417
0.458
1.218
0.872
0.972
0.568
0.382
0.489
1.238
0.831
1.011
0.691
0.413
0.586
1.368
0.884
1.115
0.989
0.721
0.879
1.421
0.963
1.185
1.012
0.720
0.886
1.488
0.934
1.164
0.703
0.451
0.600
1.418
0.912
1.151
0.701
0.468
0.620
1.333
0.941
1.151
0.710
0.457
0.603
1.399
0.940
1.154
0.671
0.457
0.587
1.357
0.920
1.141
0.690
0.429
0.557
1.368
0.903
1.126
0.853
0.632
0.748
1.388
1.018
1.203
0.767
0.502
0.661
1.507
0.966
1.196
0.713
0.458
0.600
1.394
0.911
1.128
0.755
0.493
0.649
1.438
0.932
1.156
0.672
0.454
0.579
1.376
0.906
1.130
0.668
0.436
0.575
1.274
0.902
1.080
0.648
0.438
0.568
1.374
0.885
1.123
0.685
0.432
0.576
1.413
0.900
1.121
0.673
0.439
0.582
1.423
0.926
1.145
1.013
0.788
0.940
1.373
0.900
1.115
0.718
0.443
0.541
1.374
0.907
1.051
0.699
0.404
0.537
1.392
0.871
1.085
0.621
0.544
0.579
1.328
0.961
1.145
0.949
0.866
0.891
1.375
1.028
1.207
0.956
0.864
0.888
1.425
0.993
1.188
0.677
0.623
0.628
1.401
0.997
1.198
0.666
0.582
0.618
1.347
1.010
1.185
0.692
0.615
0.625
1.399
1.016
1.192
0.655
0.630
0.624
1.357
0.998
1.192
0.659
0.579
0.573
1.321
0.967
1.155
0.833
0.775
0.770
1.346
1.042
1.198
0.726
0.630
0.663
1.483
1.045
1.233
0.735
0.653
0.668
1.364
0.995
1.172
0.714
0.610
0.649
1.379
0.996
1.174
0.650
0.605
0.589
1.345
0.973
1.158
0.646
0.596
0.605
1.257
0.971
1.117
0.674
0.626
0.629
1.343
0.977
1.166
0.660
0.586
0.595
1.378
0.994
1.159
0.648
0.613
0.614
1.364
1.007
1.177
1.026
0.974
0.990
1.327
0.992
1.149
0.747
0.675
0.562
1.405
1.011
1.076
0.722
0.555
0.556
1.446
0.971
1.132
0.655
0.362
0.547
1.257
0.883
1.080
0.986
0.703
0.880
1.346
0.989
1.172
0.952
0.660
0.835
1.316
0.925
1.128
0.629
0.392
0.541
1.300
0.911
1.115
0.709
0.445
0.612
1.297
0.956
1.142
0.676
0.418
0.558
1.341
0.945
1.131
0.630
0.397
0.542
1.272
0.919
1.113
0.640
0.361
0.502
1.248
0.885
1.077
0.810
0.537
0.690
1.334
1.016
1.184
0.710
0.433
0.609
1.380
0.941
1.153
0.648
0.399
0.547
1.290
0.921
1.097
0.718
0.425
0.597
1.317
0.923
1.106
0.622
0.401
0.539
1.284
0.909
1.097
0.627
0.394
0.547
1.209
0.927
1.076
0.610
0.371
0.522
1.264
0.883
1.082
0.640
0.372
0.523
1.276
0.904
1.072
0.627
0.376
0.531
1.285
0.914
1.091
1.005
0.764
0.926
1.264
0.907
1.080
0.649
0.376
0.461
1.304
0.923
1.004
0.672
0.360
0.491
1.357
0.881
1.047
0.792
0.435
0.621
1.480
0.932
1.197
1.107
0.766
0.941
1.538
1.049
1.291
1.062
0.712
0.889
1.502
0.960
1.227
0.728
0.490
0.610
1.476
0.969
1.231
0.778
0.491
0.648
1.397
0.966
1.209
0.804
0.498
0.638
1.512
1.017
1.248
0.734
0.477
0.607
1.419
0.962
1.212
0.762
0.427
0.584
1.430
0.920
1.188
0.943
0.601
0.770
1.428
0.983
1.207
0.834
0.483
0.669
1.572
0.984
1.257
0.817
0.475
0.657
1.502
0.956
1.220
0.859
0.501
0.685
1.539
0.966
1.232
0.748
0.441
0.602
1.485
0.940
1.211
0.749
0.458
0.617
1.345
0.947
1.163
0.748
0.421
0.608
1.429
0.912
1.181
0.803
0.452
0.639
1.497
0.947
1.202
0.783
0.439
0.635
1.511
0.955
1.215
1.134
0.808
1.006
1.458
0.944
1.194
0.791
0.428
0.564
1.438
0.948
1.111
0.783
0.418
0.580
1.468
0.923
1.159
0.642
0.391
0.577
1.166
0.793
1.020
0.912
0.669
0.845
1.244
0.882
1.097
0.878
0.634
0.804
1.237
0.839
1.062
0.633
0.406
0.573
1.206
0.828
1.055
0.658
0.434
0.602
1.175
0.843
1.051
0.687
0.437
0.604
1.233
0.864
1.075
0.628
0.416
0.569
1.185
0.836
1.048
0.626
0.380
0.534
1.160
0.794
1.015
0.745
0.520
0.670
1.174
0.861
1.050
0.712
0.462
0.639
1.280
0.867
1.097
0.657
0.417
0.585
1.188
0.818
1.034
0.691
0.442
0.620
1.214
0.824
1.045
0.634
0.424
0.577
1.189
0.811
1.030
0.625
0.405
0.566
1.120
0.824
1.003
0.603
0.399
0.549
1.160
0.795
1.021
0.632
0.402
0.562
1.186
0.819
1.027
0.625
0.402
0.567
1.195
0.824
1.040
0.930
0.722
0.889
1.170
0.811
1.018
0.649
0.398
0.508
1.187
0.813
0.961
0.659
0.388
0.527
1.207
0.786
0.990
0.652
0.457
0.569
1.311
0.932
1.136
0.978
0.786
0.890
1.390
1.024
1.217
0.966
0.751
0.852
1.408
0.966
1.176
0.688
0.512
0.596
1.386
0.971
1.182
0.676
0.515
0.601
1.298
0.978
1.162
0.687
0.509
0.591
1.375
0.990
1.186
0.655
0.520
0.588
1.337
0.973
1.175
0.648
0.486
0.549
1.309
0.951
1.146
0.823
0.672
0.732
1.364
1.064
1.226
0.760
0.567
0.676
1.466
1.023
1.232
0.695
0.516
0.614
1.352
0.973
1.166
0.731
0.531
0.639
1.377
0.978
1.174
0.644
0.496
0.578
1.342
0.946
1.149
0.641
0.495
0.579
1.245
0.955
1.112
0.642
0.473
0.566
1.329
0.945
1.151
0.663
0.465
0.567
1.369
0.950
1.146
0.650
0.486
0.581
1.362
0.971
1.167
1.019
0.858
0.962
1.322
0.957
1.138
0.683
0.505
0.521
1.380
0.977
1.072
0.680
0.463
0.536
1.411
0.934
1.112
0.679
0.422
0.614
1.286
0.904
1.121
0.992
0.747
0.928
1.357
0.998
1.204
0.981
0.728
0.892
1.367
0.928
1.159
0.685
0.472
0.625
1.328
0.921
1.154
0.714
0.489
0.656
1.283
0.957
1.157
0.699
0.458
0.624
1.338
0.955
1.170
0.651
0.459
0.608
1.271
0.929
1.144
0.647
0.437
0.566
1.275
0.919
1.125
0.819
0.607
0.742
1.330
1.025
1.199
0.744
0.499
0.674
1.389
0.952
1.178
0.690
0.470
0.628
1.308
0.936
1.143
0.744
0.495
0.672
1.343
0.935
1.158
0.634
0.461
0.579
1.301
0.915
1.130
0.655
0.458
0.607
1.226
0.937
1.101
0.642
0.432
0.594
1.275
0.899
1.121
0.673
0.425
0.601
1.317
0.907
1.117
0.663
0.436
0.615
1.307
0.924
1.132
1.031
0.815
0.998
1.272
0.916
1.112
0.688
0.454
0.530
1.346
0.947
1.041
0.695
0.418
0.559
1.376
0.894
1.084
0.616
0.697
0.387
1.276
0.956
1.081
0.944
1.021
0.710
1.351
1.049
1.170
0.927
1.006
0.669
1.352
0.984
1.131
0.630
0.715
0.413
1.318
0.964
1.114
0.685
0.764
0.469
1.306
1.022
1.151
0.643
0.722
0.427
1.321
0.996
1.123
0.614
0.715
0.408
1.271
0.972
1.111
0.617
0.692
0.368
1.271
0.957
1.080
0.832
0.896
0.583
1.396
1.128
1.237
0.701
0.776
0.457
1.384
1.002
1.135
0.647
0.730
0.405
1.309
0.987
1.103
0.700
0.794
0.446
1.351
0.999
1.109
0.602
0.686
0.397
1.293
0.955
1.088
0.614
0.695
0.406
1.216
0.975
1.075
0.592
0.700
0.383
1.277
0.953
1.078
0.615
0.708
0.375
1.290
0.978
1.069
0.605
0.711
0.390
1.285
0.978
1.083
0.990
1.098
0.796
1.265
0.971
1.073
0.812
0.802
0.595
1.308
0.962
1.109
0.874
0.866
0.607
1.515
1.056
1.246
1.012
0.992
0.712
1.648
1.200
1.393
0.829
0.834
0.592
1.423
1.018
1.201
0.701
0.694
0.430
1.427
0.945
1.157
0.949
0.899
0.680
1.557
1.096
1.280
0.912
0.864
0.645
1.532
1.060
1.270
0.856
0.846
0.600
1.390
0.989
1.157
0.757
0.759
0.504
1.338
0.964
1.117
0.962
0.947
0.698
1.523
1.114
1.286
0.813
0.814
0.560
1.439
1.032
1.198
0.887
0.909
0.621
1.475
1.069
1.219
0.710
0.656
0.410
1.436
0.888
1.116
0.954
0.949
0.721
1.476
1.091
1.278
0.652
0.611
0.375
1.339
0.875
1.066
0.660
0.640
0.374
1.338
0.913
1.064
0.664
0.633
0.395
1.368
0.892
1.085
0.596
0.741
0.441
1.320
1.024
1.142
0.899
1.041
0.734
1.394
1.107
1.220
0.879
1.027
0.709
1.420
1.072
1.214
0.606
0.759
0.466
1.375
1.043
1.183
0.680
0.818
0.541
1.383
1.113
1.229
0.625
0.764
0.474
1.366
1.056
1.178
0.596
0.758
0.470
1.333
1.035
1.169
0.577
0.718
0.412
1.317
1.025
1.139
0.760
0.893
0.599
1.364
1.108
1.212
0.683
0.825
0.526
1.442
1.095
1.220
0.639
0.783
0.463
1.345
1.055
1.162
0.682
0.835
0.492
1.368
1.073
1.170
0.583
0.723
0.434
1.341
1.019
1.145
0.583
0.726
0.442
1.240
1.009
1.104
0.568
0.740
0.442
1.312
1.013
1.138
0.601
0.759
0.437
1.340
1.043
1.138
0.592
0.756
0.449
1.346
1.048
1.157
0.927
1.096
0.800
1.320
1.031
1.135
0.792
0.838
0.640
1.350
1.045
1.181
0.822
0.896
0.642
1.544
1.142
1.312
0.997
1.061
0.799
1.723
1.327
1.512
0.790
0.871
0.640
1.485
1.121
1.291
0.675
0.744
0.503
1.474
1.046
1.236
0.913
0.954
0.735
1.598
1.188
1.357
0.879
0.907
0.714
1.591
1.161
1.355
0.809
0.868
0.644
1.430
1.082
1.231
0.713
0.787
0.551
1.372
1.042
1.185
0.920
0.972
0.750
1.582
1.212
1.377
0.805
0.881
0.633
1.510
1.160
1.311
0.855
0.941
0.658
1.508
1.156
1.296
0.679
0.714
0.464
1.442
0.979
1.170
0.958
1.018
0.808
1.512
1.155
1.331
0.599
0.664
0.438
1.359
0.950
1.127
0.623
0.699
0.438
1.360
0.986
1.125
0.621
0.675
0.462
1.394
0.980
1.152
0.586
0.685
0.370
1.261
0.966
1.083
0.920
1.019
0.701
1.350
1.063
1.178
0.890
0.991
0.657
1.338
0.987
1.130
0.603
0.699
0.392
1.313
0.976
1.118
0.641
0.733
0.441
1.293
1.027
1.147
0.615
0.706
0.406
1.337
1.013
1.137
0.581
0.696
0.395
1.274
0.976
1.112
0.577
0.674
0.363
1.251
0.965
1.085
0.778
0.867
0.554
1.383
1.131
1.237
0.694
0.787
0.473
1.385
1.039
1.168
0.612
0.715
0.392
1.294
0.997
1.106
0.655
0.762
0.431
1.316
1.006
1.113
0.565
0.676
0.385
1.286
0.964
1.095
0.583
0.688
0.389
1.200
0.976
1.076
0.562
0.690
0.367
1.264
0.965
1.084
0.576
0.695
0.367
1.275
0.989
1.075
0.577
0.702
0.375
1.279
0.989
1.092
0.949
1.082
0.764
1.260
0.985
1.080
0.782
0.785
0.576
1.321
0.992
1.135
0.839
0.846
0.585
1.520
1.093
1.268
0.972
0.967
0.694
1.665
1.234
1.423
0.791
0.811
0.566
1.434
1.050
1.222
0.671
0.674
0.420
1.417
0.962
1.163
0.912
0.884
0.654
1.579
1.139
1.311
0.893
0.852
0.647
1.562
1.112
1.309
0.822
0.823
0.594
1.411
1.026
1.192
0.717
0.740
0.488
1.342
0.994
1.137
0.949
0.948
0.705
1.579
1.181
1.352
0.775
0.797
0.544
1.453
1.078
1.230
0.855
0.894
0.617
1.486
1.117
1.259
0.669
0.629
0.395
1.401
0.906
1.110
0.934
0.940
0.716
1.472
1.098
1.284
0.614
0.597
0.366
1.325
0.893
1.070
0.620
0.630
0.367
1.321
0.929
1.066
0.632
0.625
0.382
1.345
0.911
1.087
0.619
0.706
0.393
1.324
0.983
1.087
0.945
1.031
0.718
1.384
1.069
1.173
0.953
1.038
0.709
1.429
1.024
1.146
0.655
0.743
0.436
1.369
1.015
1.132
0.681
0.765
0.473
1.329
1.042
1.142
0.659
0.739
0.436
1.351
1.024
1.134
0.623
0.726
0.431
1.320
1.003
1.119
0.632
0.720
0.396
1.320
0.999
1.103
0.815
0.899
0.589
1.343
1.069
1.165
0.681
0.772
0.462
1.421
1.039
1.149
0.659
0.752
0.437
1.350
1.016
1.118
0.695
0.797
0.462
1.391
1.035
1.131
0.612
0.706
0.411
1.324
0.978
1.098
0.616
0.714
0.419
1.241
0.982
1.071
0.606
0.729
0.412
1.313
0.992
1.099
0.634
0.726
0.405
1.357
1.013
1.095
0.626
0.729
0.418
1.362
1.021
1.120
1.005
1.119
0.813
1.325
0.999
1.093
0.819
0.820
0.605
1.320
0.994
1.116
0.891
0.904
0.634
1.533
1.099
1.256
1.017
1.025
0.739
1.702
1.268
1.423
0.836
0.861
0.604
1.443
1.066
1.208
0.705
0.717
0.447
1.455
0.995
1.165
0.956
0.934
0.687
1.572
1.131
1.286
0.918
0.894
0.669
1.575
1.127
1.297
0.863
0.877
0.621
1.406
1.024
1.161
0.747
0.771
0.517
1.358
0.991
1.124
0.950
0.957
0.710
1.567
1.173
1.316
0.816
0.840
0.587
1.452
1.062
1.204
0.886
0.922
0.640
1.498
1.113
1.238
0.706
0.685
0.430
1.434
0.933
1.120
0.957
0.975
0.735
1.490
1.112
1.273
0.653
0.647
0.401
1.349
0.920
1.086
0.665
0.673
0.401
1.358
0.953
1.085
0.668
0.676
0.418
1.390
0.953
1.105
0.554
0.640
0.414
1.313
0.978
1.102
0.887
0.964
0.745
1.385
1.068
1.195
0.871
0.949
0.717
1.408
1.024
1.166
0.599
0.684
0.465
1.373
1.012
1.156
0.624
0.702
0.495
1.326
1.034
1.157
0.593
0.676
0.450
1.354
1.012
1.139
0.574
0.681
0.460
1.322
1.006
1.140
0.577
0.649
0.413
1.307
0.984
1.116
0.775
0.849
0.635
1.365
1.093
1.204
0.620
0.701
0.477
1.427
1.034
1.168
0.608
0.694
0.464
1.330
1.009
1.127
0.641
0.728
0.492
1.384
1.028
1.144
0.560
0.653
0.425
1.326
0.979
1.112
0.567
0.662
0.454
1.228
0.975
1.080
0.560
0.668
0.425
1.308
0.977
1.106
0.566
0.658
0.417
1.347
1.007
1.111
0.562
0.667
0.434
1.351
1.023
1.135
0.905
1.019
0.791
1.299
0.992
1.098
0.787
0.764
0.632
1.332
0.995
1.132
0.837
0.821
0.656
1.526
1.082
1.266
0.996
0.959
0.785
1.678
1.241
1.424
0.826
0.820
0.662
1.454
1.062
1.231
0.677
0.656
0.490
1.471
1.006
1.206
0.933
0.881
0.726
1.569
1.115
1.296
0.888
0.837
0.699
1.564
1.108
1.302
0.840
0.816
0.656
1.407
1.015
1.183
0.711
0.709
0.551
1.347
0.986
1.135
0.907
0.886
0.726
1.539
1.138
1.303
0.796
0.796
0.632
1.440
1.052
1.213
0.842
0.848
0.669
1.487
1.093
1.244
0.664
0.601
0.461
1.437
0.919
1.134
0.938
0.932
0.789
1.487
1.109
1.291
0.609
0.561
0.405
1.356
0.906
1.092
0.622
0.596
0.415
1.367
0.947
1.098
0.634
0.593
0.436
1.404
0.949
1.128
0.597
0.687
0.401
1.346
0.985
1.106
0.933
1.016
0.723
1.411
1.071
1.188
0.947
1.023
0.733
1.489
1.029
1.166
0.667
0.745
0.463
1.436
1.025
1.158
0.658
0.732
0.459
1.320
1.012
1.127
0.647
0.721
0.442
1.401
1.028
1.151
0.624
0.712
0.447
1.365
1.014
1.142
0.620
0.701
0.410
1.333
0.994
1.114
0.794
0.876
0.596
1.393
1.083
1.191
0.672
0.752
0.467
1.474
1.042
1.167
0.659
0.745
0.453
1.389
1.016
1.134
0.690
0.773
0.466
1.432
1.034
1.149
0.606
0.697
0.428
1.378
0.993
1.128
0.620
0.710
0.438
1.288
0.990
1.092
0.592
0.708
0.421
1.356
0.987
1.110
0.613
0.703
0.410
1.395
1.008
1.114
0.610
0.708
0.424
1.411
1.023
1.137
0.970
1.082
0.801
1.365
1.003
1.108
0.812
0.802
0.617
1.354
1.004
1.142
0.893
0.892
0.649
1.582
1.114
1.283
1.035
1.009
0.774
1.756
1.282
1.454
0.851
0.863
0.634
1.493
1.091
1.240
0.724
0.720
0.472
1.517
1.024
1.209
0.947
0.916
0.696
1.608
1.146
1.309
0.922
0.892
0.691
1.627
1.153
1.328
0.876
0.882
0.658
1.468
1.069
1.223
0.744
0.759
0.536
1.402
1.014
1.154
0.952
0.951
0.725
1.582
1.169
1.321
0.854
0.870
0.638
1.523
1.100
1.256
0.895
0.912
0.658
1.547
1.136
1.275
0.701
0.673
0.455
1.466
0.949
1.138
0.947
0.952
0.736
1.533
1.135
1.300
0.637
0.623
0.402
1.374
0.924
1.097
0.650
0.645
0.406
1.389
0.951
1.099
0.660
0.647
0.426
1.418
0.960
1.124
0.653
0.751
0.431
1.361
1.026
1.135
0.990
1.079
0.771
1.445
1.157
1.259
1.025
1.119
0.779
1.465
1.071
1.193
0.710
0.797
0.494
1.439
1.077
1.197
0.679
0.762
0.481
1.373
1.097
1.211
0.687
0.775
0.476
1.421
1.074
1.212
0.662
0.762
0.479
1.379
1.060
1.197
0.695
0.785
0.460
1.383
1.073
1.184
0.849
0.930
0.621
1.390
1.129
1.230
0.744
0.835
0.526
1.515
1.119
1.242
0.708
0.802
0.490
1.402
1.078
1.178
0.745
0.844
0.509
1.426
1.089
1.183
0.654
0.758
0.465
1.379
1.046
1.156
0.639
0.741
0.453
1.269
1.018
1.117
0.651
0.784
0.468
1.361
1.047
1.150
0.658
0.761
0.440
1.409
1.067
1.153
0.665
0.775
0.455
1.427
1.088
1.188
1.043
1.167
0.856
1.357
1.059
1.147
0.829
0.832
0.610
1.326
1.024
1.154
0.908
0.910
0.654
1.552
1.150
1.303
1.062
1.051
0.766
1.689
1.282
1.438
0.868
0.882
0.637
1.456
1.117
1.258
0.740
0.748
0.493
1.465
1.046
1.223
0.969
0.934
0.702
1.586
1.170
1.347
0.944
0.906
0.703
1.593
1.169
1.350
0.877
0.884
0.632
1.437
1.088
1.230
0.766
0.792
0.535
1.351
1.012
1.146
0.997
0.996
0.752
1.606
1.255
1.403
0.858
0.869
0.628
1.455
1.098
1.235
0.918
0.947
0.666
1.475
1.133
1.256
0.755
0.722
0.484
1.441
0.988
1.162
0.983
0.986
0.766
1.506
1.149
1.314
0.691
0.674
0.437
1.375
0.987
1.141
0.691
0.696
0.436
1.380
1.009
1.137
0.715
0.709
0.458
1.405
1.020
1.174
0.748
0.824
0.428
1.367
1.022
1.112
1.091
1.173
0.790
1.447
1.129
1.211
1.043
1.122
0.710
1.436
1.057
1.169
0.782
0.861
0.489
1.403
1.048
1.155
0.774
0.859
0.488
1.370
1.078
1.170
0.775
0.853
0.461
1.418
1.066
1.159
0.728
0.824
0.443
1.352
1.027
1.134
0.813
0.879
0.492
1.398
1.070
1.149
0.909
0.977
0.609
1.343
1.056
1.146
0.797
0.883
0.489
1.484
1.082
1.179
0.773
0.870
0.481
1.377
1.052
1.133
0.805
0.900
0.499
1.433
1.084
1.148
0.723
0.814
0.445
1.380
1.009
1.116
0.719
0.808
0.451
1.275
1.012
1.098
0.734
0.845
0.450
1.358
1.022
1.112
0.759
0.857
0.455
1.382
1.062
1.114
0.772
0.873
0.477
1.395
1.065
1.137
1.118
1.229
0.844
1.357
1.040
1.111
0.898
0.911
0.620
1.354
1.044
1.145
0.975
1.002
0.653
1.581
1.188
1.304
1.097
1.108
0.736
1.707
1.293
1.434
0.941
0.967
0.648
1.481
1.120
1.243
0.791
0.828
0.464
1.466
1.053
1.192
1.028
1.022
0.687
1.607
1.189
1.316
0.985
0.972
0.667
1.578
1.161
1.301
1.015
1.023
0.701
1.501
1.134
1.238
0.842
0.875
0.549
1.383
1.041
1.154
1.035
1.061
0.725
1.610
1.243
1.362
0.921
0.961
0.631
1.484
1.129
1.240
0.991
1.035
0.687
1.528
1.189
1.271
0.814
0.798
0.476
1.431
0.999
1.136
1.038
1.065
0.755
1.504
1.155
1.288
0.758
0.765
0.434
1.368
0.978
1.103
0.776
0.792
0.447
1.373
1.022
1.105
0.777
0.791
0.449
1.400
1.018
1.132
0.636
0.704
0.495
1.330
1.057
1.164
0.923
0.994
0.782
1.412
1.148
1.254
0.944
0.985
0.799
1.418
1.100
1.220
0.679
0.741
0.558
1.388
1.087
1.211
0.677
0.742
0.555
1.349
1.095
1.208
0.657
0.724
0.522
1.386
1.100
1.210
0.641
0.719
0.537
1.354
1.077
1.195
0.642
0.703
0.502
1.338
1.061
1.176
0.783
0.851
0.652
1.350
1.121
1.218
0.679
0.740
0.540
1.393
1.081
1.195
0.677
0.750
0.544
1.367
1.088
1.191
0.712
0.794
0.560
1.388
1.083
1.185
0.627
0.708
0.516
1.373
1.074
1.194
0.616
0.700
0.509
1.271
1.054
1.144
0.613
0.709
0.508
1.343
1.069
1.182
0.649
0.722
0.514
1.382
1.093
1.183
0.645
0.731
0.530
1.390
1.105
1.205
0.960
1.058
0.866
1.356
1.096
1.191
0.844
0.827
0.691
1.378
1.075
1.209
0.918
0.913
0.745
1.550
1.176
1.334
1.003
0.977
0.823
1.678
1.312
1.471
0.853
0.854
0.713
1.470
1.128
1.283
0.702
0.695
0.533
1.448
1.057
1.235
0.944
0.919
0.765
1.582
1.196
1.355
0.936
0.903
0.782
1.567
1.183
1.352
0.856
0.851
0.706
1.427
1.085
1.235
0.737
0.744
0.593
1.358
1.045
1.179
0.907
0.901
0.748
1.503
1.167
1.311
0.822
0.833
0.676
1.459
1.126
1.265
0.892
0.918
0.725
1.492
1.157
1.291
0.709
0.687
0.538
1.433
1.008
1.192
0.978
0.978
0.843
1.529
1.190
1.356
0.665
0.657
0.495
1.369
0.994
1.156
0.666
0.676
0.494
1.365
1.020
1.150
0.704
0.696
0.545
1.396
1.020
1.177
0.602
0.691
0.399
1.309
0.961
1.081
0.926
1.005
0.707
1.360
1.036
1.154
0.921
1.008
0.689
1.399
0.988
1.127
0.629
0.719
0.427
1.361
0.979
1.121
0.665
0.751
0.471
1.317
1.024
1.145
0.643
0.720
0.437
1.366
1.002
1.129
0.607
0.713
0.430
1.305
0.977
1.113
0.627
0.709
0.397
1.305
0.970
1.091
0.800
0.880
0.590
1.362
1.082
1.190
0.677
0.763
0.461
1.414
1.010
1.137
0.643
0.729
0.427
1.345
0.994
1.111
0.682
0.777
0.454
1.388
1.016
1.124
0.601
0.694
0.421
1.339
0.968
1.098
0.610
0.704
0.420
1.236
0.968
1.072
0.590
0.706
0.404
1.317
0.965
1.089
0.607
0.698
0.390
1.345
0.978
1.077
0.603
0.710
0.409
1.354
0.987
1.101
0.984
1.096
0.800
1.319
0.978
1.084
0.822
0.806
0.615
1.329
0.981
1.121
0.862
0.851
0.606
1.525
1.068
1.239
1.012
0.986
0.728
1.675
1.224
1.402
0.831
0.837
0.604
1.442
1.042
1.207
0.702
0.691
0.446
1.455
0.966
1.161
0.964
0.917
0.701
1.594
1.134
1.304
0.919
0.871
0.670
1.564
1.095
1.284
0.865
0.855
0.621
1.414
1.020
1.173
0.736
0.740
0.511
1.347
0.960
1.109
0.956
0.938
0.708
1.546
1.136
1.295
0.813
0.812
0.579
1.461
1.052
1.209
0.867
0.884
0.619
1.496
1.085
1.231
0.705
0.644
0.420
1.443
0.903
1.106
0.970
0.968
0.747
1.489
1.108
1.279
0.660
0.616
0.392
1.346
0.892
1.070
0.658
0.637
0.390
1.345
0.927
1.067
0.667
0.636
0.410
1.373
0.915
1.088
0.548
0.631
0.429
1.305
0.986
1.128
0.886
0.966
0.765
1.389
1.078
1.218
0.883
0.956
0.749
1.382
1.027
1.183
0.607
0.685
0.488
1.373
1.027
1.188
0.622
0.702
0.505
1.353
1.066
1.201
0.600
0.676
0.467
1.358
1.025
1.162
0.578
0.673
0.470
1.335
1.020
1.171
0.572
0.644
0.425
1.305
0.983
1.128
0.751
0.819
0.630
1.324
1.045
1.174
0.632
0.706
0.503
1.421
1.053
1.199
0.615
0.695
0.486
1.343
1.023
1.158
0.632
0.718
0.494
1.364
1.029
1.160
0.573
0.652
0.435
1.331
0.992
1.144
0.564
0.656
0.463
1.237
0.982
1.101
0.571
0.678
0.461
1.308
0.989
1.134
0.559
0.648
0.430
1.331
1.010
1.128
0.556
0.662
0.452
1.335
1.026
1.154
0.940
1.053
0.842
1.306
1.007
1.129
0.773
0.762
0.644
1.325
1.009
1.152
0.850
0.850
0.694
1.531
1.111
1.303
0.983
0.956
0.801
1.677
1.266
1.457
0.824
0.825
0.676
1.474
1.094
1.273
0.664
0.661
0.501
1.463
1.025
1.230
0.915
0.883
0.732
1.569
1.145
1.322
0.895
0.854
0.724
1.584
1.142
1.345
0.823
0.814
0.663
1.416
1.032
1.207
0.703
0.719
0.573
1.350
1.007
1.162
0.911
0.910
0.759
1.553
1.177
1.347
0.795
0.807
0.653
1.456
1.083
1.252
0.831
0.851
0.676
1.468
1.096
1.251
0.664
0.623
0.486
1.434
0.948
1.169
0.903
0.914
0.775
1.483
1.120
1.305
0.598
0.571
0.430
1.361
0.928
1.122
0.602
0.598
0.432
1.361
0.965
1.124
0.626
0.603
0.462
1.399
0.970
1.154
