0.945
0.942
0.965
0.940
0.922
0.950
0.960
0.954
0.972
0.957
0.932
0.957
0.840
0.843
0.862
0.797
0.791
0.814
0.932
0.939
0.958
0.932
0.910
0.943
0.928
0.927
0.948
0.917
0.896
0.927
0.926
0.927
0.944
0.923
0.897
0.929
0.830
0.839
0.867
0.797
0.796
0.824
0.895
0.893
0.923
0.864
0.844
0.878
0.929
0.935
0.952
0.924
0.911
0.934
0.898
0.961
0.924
0.908
0.954
0.915
0.922
0.964
0.924
0.884
0.917
0.879
0.914
0.970
0.921
0.913
0.958
0.906
0.912
0.967
0.925
0.924
0.969
0.930
0.879
0.919
0.895
0.853
0.889
0.865
0.800
0.841
0.800
0.756
0.796
0.755
0.881
0.924
0.886
0.846
0.887
0.847
0.953
0.939
0.970
0.954
0.930
0.961
0.965
0.953
0.977
0.965
0.936
0.961
0.845
0.840
0.863
0.809
0.799
0.820
0.932
0.936
0.957
0.937
0.914
0.946
0.927
0.921
0.944
0.922
0.899
0.927
0.932
0.924
0.946
0.934
0.906
0.937
0.839
0.840
0.870
0.811
0.804
0.830
0.900
0.893
0.924
0.872
0.852
0.883
0.929
0.928
0.948
0.931
0.914
0.935
0.904
0.960
0.924
0.913
0.955
0.914
0.922
0.961
0.921
0.892
0.923
0.883
0.915
0.969
0.917
0.922
0.967
0.910
0.917
0.968
0.925
0.931
0.974
0.933
0.885
0.920
0.896
0.862
0.893
0.869
0.803
0.840
0.799
0.763
0.800
0.759
0.888
0.925
0.885
0.861
0.897
0.858
0.940
0.943
0.966
0.935
0.930
0.957
0.949
0.952
0.969
0.948
0.936
0.959
0.833
0.841
0.859
0.794
0.800
0.819
0.923
0.938
0.957
0.925
0.915
0.946
0.914
0.925
0.943
0.908
0.902
0.930
0.919
0.926
0.941
0.921
0.907
0.935
0.828
0.846
0.874
0.799
0.815
0.840
0.889
0.894
0.923
0.858
0.853
0.883
0.914
0.927
0.943
0.914
0.916
0.936
0.890
0.957
0.921
0.904
0.954
0.919
0.913
0.961
0.919
0.882
0.922
0.885
0.903
0.965
0.918
0.910
0.962
0.912
0.900
0.960
0.919
0.917
0.969
0.932
0.874
0.921
0.895
0.852
0.896
0.872
0.795
0.840
0.800
0.753
0.800
0.764
0.874
0.923
0.885
0.849
0.896
0.860
0.948
0.950
0.972
0.953
0.930
0.966
0.960
0.961
0.979
0.966
0.940
0.968
0.843
0.852
0.869
0.811
0.806
0.829
0.932
0.947
0.963
0.942
0.919
0.954
0.926
0.930
0.948
0.923
0.903
0.934
0.930
0.937
0.953
0.933
0.908
0.943
0.835
0.849
0.872
0.818
0.815
0.843
0.901
0.903
0.931
0.876
0.860
0.891
0.931
0.945
0.958
0.933
0.919
0.945
0.898
0.964
0.925
0.919
0.964
0.928
0.922
0.972
0.931
0.896
0.930
0.894
0.911
0.975
0.922
0.923
0.971
0.919
0.921
0.979
0.934
0.936
0.979
0.939
0.883
0.930
0.903
0.868
0.906
0.882
0.803
0.849
0.803
0.781
0.821
0.784
0.882
0.931
0.888
0.861
0.902
0.866
0.942
0.939
0.962
0.948
0.931
0.961
0.949
0.949
0.964
0.957
0.937
0.960
0.841
0.844
0.861
0.803
0.799
0.821
0.925
0.936
0.949
0.930
0.913
0.943
0.917
0.916
0.935
0.914
0.896
0.924
0.919
0.922
0.936
0.926
0.905
0.935
0.824
0.832
0.854
0.797
0.794
0.821
0.891
0.890
0.915
0.863
0.847
0.877
0.916
0.925
0.938
0.924
0.916
0.935
0.890
0.954
0.911
0.911
0.960
0.916
0.915
0.963
0.918
0.885
0.924
0.882
0.903
0.964
0.909
0.917
0.968
0.910
0.906
0.964
0.917
0.927
0.974
0.932
0.879
0.922
0.894
0.862
0.901
0.877
0.800
0.844
0.798
0.758
0.801
0.758
0.876
0.923
0.878
0.853
0.895
0.854
0.926
0.920
0.944
0.952
0.932
0.956
0.931
0.931
0.947
0.961
0.937
0.954
0.822
0.828
0.842
0.808
0.804
0.817
0.914
0.925
0.938
0.942
0.919
0.944
0.904
0.906
0.921
0.925
0.905
0.926
0.907
0.912
0.925
0.928
0.905
0.929
0.815
0.824
0.843
0.817
0.813
0.831
0.877
0.877
0.898
0.871
0.855
0.876
0.906
0.915
0.926
0.935
0.919
0.934
0.879
0.947
0.901
0.916
0.963
0.915
0.896
0.946
0.900
0.890
0.928
0.879
0.885
0.948
0.890
0.917
0.967
0.905
0.893
0.950
0.901
0.926
0.972
0.923
0.860
0.904
0.871
0.859
0.897
0.863
0.780
0.824
0.776
0.764
0.805
0.758
0.863
0.910
0.864
0.852
0.893
0.846
0.966
0.969
0.988
0.965
0.950
0.979
0.981
0.980
0.996
0.979
0.960
0.982
0.856
0.862
0.878
0.821
0.817
0.840
0.952
0.965
0.984
0.949
0.932
0.967
0.942
0.945
0.964
0.935
0.915
0.947
0.946
0.952
0.966
0.947
0.929
0.959
0.852
0.863
0.889
0.826
0.822
0.855
0.917
0.916
0.946
0.892
0.875
0.910
0.946
0.957
0.972
0.949
0.939
0.962
0.938
0.998
0.966
0.942
0.987
0.950
0.941
0.984
0.943
0.904
0.942
0.903
0.937
0.992
0.944
0.937
0.987
0.935
0.933
0.988
0.946
0.941
0.989
0.948
0.901
0.941
0.918
0.875
0.914
0.890
0.815
0.856
0.815
0.769
0.812
0.773
0.902
0.945
0.907
0.870
0.912
0.874
1.009
1.008
1.026
1.004
0.986
1.009
1.033
1.028
1.048
1.036
1.015
1.034
0.908
0.911
0.927
0.864
0.862
0.876
1.003
1.011
1.025
1.008
0.987
1.014
1.001
1.002
1.017
0.996
0.975
0.998
0.993
0.995
1.010
0.992
0.971
0.996
0.916
0.923
0.946
0.886
0.881
0.905
0.963
0.959
0.985
0.924
0.909
0.934
0.997
1.004
1.018
0.999
0.985
1.003
0.974
1.031
0.998
0.989
1.030
0.991
1.019
1.060
1.024
1.007
1.038
1.000
0.997
1.049
1.004
1.017
1.061
1.009
0.999
1.049
1.009
1.023
1.064
1.023
0.968
1.004
0.982
0.952
0.985
0.959
0.902
0.940
0.903
0.866
0.904
0.866
0.956
0.996
0.962
0.931
0.966
0.929
0.950
0.950
0.973
0.959
0.947
0.974
0.963
0.959
0.980
0.972
0.958
0.979
0.848
0.852
0.873
0.813
0.817
0.834
0.942
0.950
0.973
0.948
0.932
0.964
0.931
0.932
0.956
0.933
0.920
0.948
0.932
0.935
0.953
0.941
0.924
0.951
0.840
0.848
0.880
0.814
0.824
0.850
0.909
0.904
0.939
0.884
0.873
0.905
0.930
0.938
0.957
0.940
0.932
0.954
0.897
0.962
0.929
0.926
0.976
0.941
0.926
0.973
0.933
0.904
0.944
0.903
0.917
0.975
0.925
0.933
0.987
0.934
0.917
0.972
0.934
0.942
0.990
0.953
0.887
0.928
0.906
0.870
0.912
0.889
0.808
0.850
0.811
0.769
0.815
0.777
0.886
0.929
0.894
0.866
0.909
0.874
0.953
0.940
0.962
0.962
0.940
0.960
0.963
0.954
0.967
0.975
0.948
0.964
0.846
0.841
0.856
0.824
0.812
0.825
0.936
0.941
0.950
0.946
0.923
0.946
0.931
0.926
0.938
0.937
0.912
0.931
0.934
0.929
0.942
0.944
0.918
0.940
0.848
0.846
0.865
0.831
0.823
0.837
0.909
0.898
0.921
0.888
0.868
0.889
0.936
0.937
0.946
0.948
0.930
0.943
0.901
0.958
0.911
0.919
0.960
0.913
0.923
0.962
0.917
0.906
0.936
0.892
0.917
0.969
0.914
0.929
0.971
0.913
0.920
0.967
0.919
0.942
0.981
0.936
0.888
0.922
0.891
0.877
0.908
0.875
0.807
0.844
0.798
0.775
0.810
0.765
0.882
0.922
0.875
0.871
0.907
0.862
0.940
0.941
0.961
0.954
0.939
0.967
0.946
0.949
0.962
0.964
0.941
0.964
0.832
0.837
0.852
0.810
0.806
0.826
0.923
0.938
0.950
0.942
0.925
0.955
0.916
0.924
0.936
0.926
0.909
0.935
0.919
0.926
0.937
0.938
0.918
0.946
0.835
0.848
0.869
0.823
0.827
0.852
0.887
0.891
0.914
0.876
0.864
0.891
0.922
0.934
0.945
0.940
0.925
0.946
0.894
0.954
0.917
0.927
0.972
0.936
0.914
0.959
0.918
0.900
0.934
0.897
0.904
0.960
0.912
0.924
0.971
0.921
0.909
0.963
0.920
0.939
0.982
0.945
0.878
0.919
0.892
0.880
0.917
0.892
0.797
0.836
0.796
0.771
0.809
0.774
0.874
0.918
0.878
0.861
0.902
0.865
0.950
0.912
0.926
0.959
0.929
0.932
0.961
0.926
0.926
0.935
0.902
0.900
0.961
0.927
0.925
0.964
0.938
0.928
0.958
0.926
0.930
0.975
0.949
0.950
0.921
0.881
0.896
0.903
0.866
0.881
0.838
0.808
0.804
0.800
0.764
0.767
0.924
0.884
0.890
0.900
0.870
0.872
0.959
0.918
0.927
0.972
0.942
0.939
0.974
0.934
0.931
0.944
0.908
0.902
0.975
0.935
0.931
0.975
0.948
0.934
0.973
0.937
0.936
0.985
0.958
0.952
0.935
0.888
0.899
0.914
0.880
0.885
0.848
0.811
0.806
0.814
0.779
0.775
0.937
0.890
0.893
0.910
0.876
0.873
0.811
0.779
0.785
0.857
0.831
0.834
0.826
0.797
0.790
0.842
0.812
0.810
0.825
0.800
0.789
0.861
0.841
0.830
0.829
0.803
0.798
0.869
0.848
0.847
0.799
0.767
0.770
0.819
0.792
0.797
0.736
0.718
0.703
0.747
0.722
0.719
0.807
0.775
0.768
0.819
0.794
0.791
0.945
0.907
0.925
0.954
0.935
0.936
0.949
0.911
0.917
0.919
0.899
0.893
0.946
0.908
0.914
0.947
0.935
0.919
0.948
0.917
0.921
0.957
0.944
0.940
0.912
0.870
0.890
0.885
0.866
0.872
0.828
0.797
0.797
0.791
0.772
0.767
0.913
0.871
0.882
0.886
0.868
0.866
0.919
0.877
0.889
0.931
0.906
0.905
0.945
0.904
0.907
0.914
0.884
0.878
0.937
0.898
0.897
0.940
0.919
0.903
0.937
0.905
0.904
0.951
0.930
0.925
0.906
0.863
0.877
0.882
0.852
0.860
0.823
0.791
0.787
0.789
0.759
0.756
0.904
0.862
0.866
0.883
0.856
0.853
0.937
0.895
0.913
0.949
0.920
0.923
0.943
0.905
0.909
0.917
0.885
0.881
0.942
0.902
0.906
0.947
0.923
0.910
0.942
0.906
0.912
0.958
0.933
0.930
0.907
0.862
0.881
0.884
0.850
0.858
0.821
0.788
0.787
0.786
0.754
0.752
0.907
0.862
0.872
0.882
0.852
0.851
0.825
0.790
0.794
0.858
0.827
0.827
0.855
0.815
0.808
0.846
0.808
0.805
0.837
0.808
0.790
0.864
0.843
0.825
0.844
0.815
0.805
0.873
0.848
0.844
0.814
0.771
0.776
0.816
0.778
0.788
0.745
0.718
0.695
0.728
0.693
0.686
0.817
0.776
0.763
0.803
0.770
0.763
0.879
0.839
0.852
0.924
0.890
0.898
0.895
0.855
0.858
0.901
0.859
0.867
0.888
0.852
0.850
0.922
0.892
0.887
0.889
0.855
0.859
0.929
0.901
0.907
0.853
0.814
0.827
0.871
0.837
0.852
0.784
0.757
0.752
0.791
0.754
0.759
0.857
0.818
0.821
0.862
0.827
0.834
0.926
0.892
0.900
0.940
0.917
0.912
0.949
0.914
0.912
0.920
0.891
0.881
0.944
0.914
0.908
0.945
0.928
0.908
0.944
0.915
0.913
0.959
0.939
0.933
0.911
0.873
0.884
0.887
0.861
0.866
0.827
0.801
0.793
0.790
0.763
0.758
0.908
0.872
0.872
0.886
0.862
0.855
