0.352
0.374
0.486
0.388
0.373
0.496
0.374
0.370
0.467
0.371
0.405
0.495
0.398
0.400
0.501
0.388
0.404
0.476
0.348
0.403
0.492
0.375
0.387
0.495
0.365
0.393
0.469
0.412
0.417
0.512
0.447
0.415
0.525
0.432
0.411
0.490
0.339
0.348
0.455
0.369
0.344
0.461
0.363
0.350
0.444
0.379
0.397
0.460
0.425
0.391
0.475
0.410
0.392
0.445
0.372
0.393
0.470
0.415
0.390
0.485
0.408
0.396
0.461
0.351
0.378
0.454
0.392
0.372
0.465
0.379
0.375
0.440
0.362
0.328
0.487
0.399
0.345
0.504
0.386
0.336
0.479
0.390
0.360
0.499
0.418
0.374
0.512
0.410
0.371
0.494
0.357
0.350
0.494
0.388
0.361
0.507
0.378
0.356
0.483
0.415
0.373
0.509
0.447
0.384
0.525
0.435
0.376
0.495
0.352
0.318
0.461
0.384
0.330
0.475
0.378
0.329
0.458
0.384
0.350
0.463
0.430
0.366
0.485
0.412
0.357
0.453
0.381
0.355
0.471
0.425
0.370
0.495
0.415
0.366
0.470
0.358
0.334
0.456
0.401
0.349
0.476
0.385
0.343
0.450
0.337
0.344
0.482
0.370
0.348
0.492
0.360
0.350
0.467
0.359
0.387
0.494
0.384
0.384
0.499
0.381
0.397
0.480
0.333
0.380
0.492
0.355
0.369
0.493
0.352
0.380
0.473
0.394
0.391
0.509
0.426
0.396
0.523
0.417
0.397
0.493
0.326
0.330
0.457
0.354
0.331
0.463
0.353
0.343
0.448
0.363
0.368
0.457
0.401
0.367
0.469
0.399
0.379
0.448
0.357
0.367
0.466
0.396
0.369
0.480
0.400
0.385
0.465
0.338
0.352
0.449
0.375
0.349
0.460
0.371
0.361
0.442
0.331
0.344
0.462
0.357
0.342
0.467
0.351
0.343
0.446
0.347
0.375
0.472
0.368
0.369
0.475
0.370
0.379
0.462
0.329
0.365
0.470
0.347
0.352
0.468
0.345
0.358
0.452
0.377
0.378
0.481
0.406
0.376
0.492
0.396
0.373
0.462
0.320
0.331
0.441
0.346
0.327
0.447
0.346
0.337
0.434
0.351
0.364
0.435
0.386
0.359
0.446
0.380
0.362
0.424
0.350
0.365
0.449
0.383
0.364
0.461
0.384
0.371
0.443
0.327
0.344
0.430
0.358
0.340
0.438
0.357
0.347
0.424
0.381
0.480
0.479
0.401
0.457
0.480
0.420
0.503
0.486
0.406
0.517
0.492
0.420
0.485
0.492
0.438
0.537
0.497
0.385
0.508
0.495
0.399
0.472
0.491
0.416
0.526
0.493
0.454
0.526
0.517
0.468
0.495
0.514
0.487
0.539
0.517
0.370
0.446
0.452
0.383
0.420
0.448
0.401
0.462
0.455
0.415
0.506
0.471
0.441
0.478
0.471
0.464
0.533
0.483
0.408
0.506
0.472
0.433
0.480
0.477
0.457
0.536
0.489
0.384
0.480
0.455
0.406
0.453
0.456
0.426
0.501
0.465
0.357
0.425
0.381
0.384
0.415
0.395
0.379
0.431
0.380
0.374
0.454
0.395
0.396
0.436
0.408
0.395
0.463
0.401
0.359
0.460
0.395
0.377
0.430
0.401
0.375
0.460
0.389
0.427
0.469
0.426
0.449
0.455
0.438
0.446
0.472
0.423
0.351
0.402
0.365
0.370
0.388
0.374
0.373
0.413
0.370
0.394
0.452
0.385
0.425
0.438
0.399
0.423
0.461
0.387
0.394
0.456
0.391
0.423
0.443
0.404
0.426
0.470
0.398
0.371
0.430
0.371
0.395
0.415
0.380
0.398
0.440
0.375
0.325
0.386
0.398
0.356
0.381
0.409
0.346
0.393
0.388
0.349
0.420
0.417
0.377
0.410
0.424
0.370
0.430
0.411
0.328
0.425
0.419
0.350
0.402
0.420
0.340
0.421
0.399
0.386
0.432
0.434
0.412
0.420
0.442
0.403
0.433
0.421
0.321
0.376
0.390
0.346
0.366
0.396
0.342
0.386
0.385
0.359
0.421
0.395
0.392
0.409
0.406
0.382
0.424
0.387
0.351
0.416
0.397
0.385
0.407
0.410
0.378
0.425
0.393
0.329
0.392
0.381
0.361
0.384
0.392
0.355
0.402
0.379
0.377
0.465
0.424
0.406
0.450
0.435
0.407
0.482
0.433
0.394
0.492
0.435
0.413
0.465
0.440
0.420
0.508
0.444
0.371
0.491
0.434
0.391
0.458
0.436
0.393
0.498
0.433
0.443
0.498
0.455
0.465
0.478
0.461
0.466
0.506
0.457
0.376
0.440
0.407
0.394
0.421
0.408
0.403
0.456
0.419
0.420
0.502
0.432
0.452
0.481
0.443
0.456
0.521
0.445
0.412
0.499
0.430
0.445
0.479
0.442
0.453
0.523
0.449
0.381
0.469
0.411
0.412
0.448
0.420
0.416
0.485
0.422
0.347
0.376
0.488
0.374
0.369
0.493
0.359
0.366
0.466
0.368
0.408
0.498
0.391
0.401
0.502
0.380
0.406
0.479
0.346
0.408
0.498
0.367
0.391
0.497
0.356
0.396
0.473
0.399
0.415
0.510
0.426
0.411
0.518
0.406
0.403
0.483
0.332
0.348
0.457
0.354
0.340
0.458
0.344
0.344
0.439
0.368
0.399
0.459
0.402
0.390
0.469
0.390
0.394
0.444
0.363
0.395
0.469
0.398
0.389
0.481
0.390
0.396
0.460
0.339
0.376
0.448
0.372
0.370
0.460
0.360
0.374
0.438
0.357
0.326
0.487
0.384
0.336
0.497
0.370
0.327
0.474
0.382
0.355
0.497
0.407
0.367
0.507
0.397
0.363
0.488
0.351
0.347
0.494
0.375
0.352
0.502
0.364
0.348
0.479
0.399
0.362
0.503
0.426
0.371
0.515
0.408
0.358
0.484
0.346
0.312
0.462
0.369
0.320
0.469
0.359
0.315
0.452
0.372
0.342
0.459
0.410
0.356
0.478
0.392
0.345
0.448
0.371
0.347
0.468
0.409
0.361
0.489
0.398
0.356
0.466
0.346
0.325
0.448
0.383
0.340
0.466
0.368
0.332
0.443
0.327
0.344
0.478
0.351
0.341
0.482
0.341
0.344
0.459
0.352
0.390
0.494
0.374
0.385
0.496
0.369
0.396
0.478
0.325
0.382
0.491
0.342
0.368
0.489
0.339
0.380
0.470
0.375
0.385
0.500
0.402
0.388
0.510
0.388
0.385
0.480
0.316
0.330
0.454
0.336
0.326
0.455
0.332
0.336
0.441
0.344
0.367
0.449
0.374
0.363
0.458
0.371
0.374
0.438
0.341
0.365
0.458
0.373
0.365
0.470
0.373
0.380
0.456
0.321
0.350
0.439
0.353
0.346
0.449
0.348
0.357
0.433
0.326
0.341
0.462
0.344
0.336
0.461
0.339
0.336
0.445
0.346
0.372
0.473
0.364
0.367
0.474
0.366
0.375
0.463
0.328
0.364
0.474
0.340
0.350
0.469
0.339
0.355
0.454
0.363
0.368
0.475
0.386
0.365
0.482
0.373
0.358
0.454
0.315
0.327
0.442
0.333
0.321
0.442
0.329
0.326
0.429
0.343
0.361
0.435
0.371
0.356
0.443
0.364
0.356
0.421
0.344
0.361
0.447
0.371
0.360
0.456
0.370
0.363
0.441
0.316
0.338
0.424
0.343
0.335
0.432
0.342
0.341
0.419
0.379
0.483
0.476
0.393
0.458
0.474
0.414
0.505
0.485
0.404
0.522
0.490
0.413
0.488
0.487
0.434
0.541
0.496
0.387
0.517
0.498
0.395
0.477
0.492
0.416
0.535
0.498
0.444
0.524
0.509
0.452
0.491
0.502
0.471
0.533
0.509
0.366
0.447
0.448
0.373
0.416
0.439
0.390
0.459
0.450
0.406
0.508
0.465
0.427
0.478
0.463
0.454
0.537
0.482
0.403
0.511
0.468
0.422
0.482
0.469
0.453
0.544
0.491
0.376
0.484
0.448
0.394
0.457
0.450
0.416
0.506
0.461
0.354
0.429
0.382
0.373
0.415
0.391
0.366
0.429
0.376
0.372
0.461
0.397
0.390
0.441
0.407
0.386
0.467
0.399
0.357
0.467
0.400
0.370
0.435
0.403
0.366
0.465
0.389
0.412
0.466
0.416
0.428
0.449
0.425
0.419
0.461
0.406
0.346
0.406
0.364
0.358
0.387
0.368
0.357
0.408
0.362
0.387
0.459
0.384
0.411
0.442
0.394
0.405
0.462
0.380
0.387
0.461
0.387
0.411
0.446
0.399
0.411
0.471
0.392
0.361
0.434
0.368
0.383
0.419
0.378
0.382
0.441
0.371
0.318
0.387
0.395
0.343
0.379
0.403
0.332
0.391
0.384
0.346
0.427
0.418
0.372
0.415
0.425
0.365
0.435
0.412
0.325
0.431
0.422
0.344
0.406
0.421
0.333
0.425
0.401
0.369
0.425
0.425
0.390
0.413
0.431
0.377
0.420
0.407
0.313
0.377
0.389
0.332
0.364
0.392
0.326
0.381
0.380
0.346
0.421
0.391
0.375
0.409
0.402
0.364
0.424
0.383
0.340
0.417
0.393
0.369
0.406
0.404
0.361
0.425
0.388
0.318
0.392
0.374
0.347
0.385
0.385
0.343
0.402
0.373
0.375
0.472
0.427
0.396
0.453
0.434
0.398
0.483
0.433
0.393
0.499
0.436
0.408
0.472
0.441
0.414
0.513
0.445
0.369
0.497
0.437
0.384
0.465
0.438
0.388
0.504
0.435
0.429
0.496
0.446
0.446
0.477
0.452
0.445
0.501
0.447
0.368
0.441
0.403
0.382
0.422
0.404
0.389
0.454
0.413
0.408
0.504
0.427
0.435
0.484
0.439
0.440
0.524
0.443
0.402
0.500
0.424
0.429
0.481
0.437
0.437
0.524
0.445
0.370
0.468
0.404
0.397
0.451
0.414
0.401
0.485
0.416
0.372
0.389
0.505
0.406
0.385
0.514
0.389
0.379
0.483
0.382
0.412
0.507
0.409
0.405
0.514
0.394
0.406
0.483
0.358
0.412
0.508
0.385
0.396
0.510
0.371
0.399
0.481
0.429
0.424
0.527
0.465
0.424
0.542
0.447
0.416
0.503
0.346
0.348
0.464
0.374
0.343
0.470
0.363
0.345
0.446
0.393
0.405
0.468
0.435
0.397
0.482
0.419
0.397
0.449
0.381
0.397
0.477
0.426
0.395
0.495
0.415
0.399
0.465
0.362
0.385
0.461
0.404
0.380
0.474
0.390
0.383
0.448
0.381
0.341
0.502
0.415
0.355
0.518
0.398
0.344
0.491
0.398
0.364
0.507
0.426
0.377
0.521
0.415
0.371
0.498
0.367
0.359
0.509
0.396
0.366
0.519
0.383
0.360
0.492
0.432
0.381
0.522
0.466
0.393
0.541
0.447
0.380
0.503
0.361
0.321
0.471
0.392
0.331
0.484
0.379
0.325
0.460
0.396
0.359
0.470
0.442
0.372
0.493
0.420
0.360
0.456
0.392
0.360
0.479
0.438
0.376
0.505
0.421
0.367
0.471
0.370
0.342
0.463
0.413
0.357
0.484
0.397
0.350
0.457
0.351
0.359
0.495
0.382
0.357
0.503
0.370
0.358
0.474
0.365
0.396
0.500
0.392
0.389
0.506
0.384
0.400
0.482
0.340
0.393
0.504
0.362
0.379
0.505
0.355
0.389
0.480
0.404
0.400
0.518
0.439
0.403
0.533
0.425
0.402
0.496
0.329
0.334
0.461
0.358
0.331
0.468
0.351
0.341
0.447
0.369
0.380
0.457
0.409
0.374
0.471
0.405
0.387
0.445
0.361
0.376
0.466
0.403
0.376
0.484
0.402
0.392
0.461
0.342
0.361
0.452
0.383
0.356
0.464
0.376
0.369
0.444
0.348
0.353
0.475
0.373
0.352
0.480
0.366
0.349
0.458
0.359
0.379
0.481
0.380
0.373
0.486
0.378
0.379
0.467
0.342
0.374
0.485
0.359
0.360
0.484
0.355
0.363
0.464
0.392
0.380
0.492
0.423
0.381
0.505
0.412
0.374
0.473
0.328
0.330
0.448
0.353
0.326
0.455
0.349
0.332
0.436
0.363
0.369
0.441
0.399
0.364
0.454
0.391
0.362
0.426
0.362
0.368
0.456
0.396
0.367
0.470
0.395
0.370
0.446
0.337
0.351
0.437
0.371
0.348
0.447
0.370
0.355
0.432
0.399
0.492
0.491
0.416
0.466
0.489
0.435
0.511
0.497
0.415
0.524
0.497
0.427
0.489
0.495
0.445
0.541
0.501
0.396
0.519
0.507
0.406
0.478
0.499
0.424
0.534
0.502
0.470
0.531
0.525
0.484
0.500
0.521
0.505
0.543
0.525
0.379
0.448
0.457
0.390
0.417
0.451
0.410
0.462
0.460
0.431
0.516
0.479
0.454
0.483
0.477
0.486
0.547
0.496
0.422
0.517
0.478
0.445
0.486
0.481
0.475
0.548
0.499
0.398
0.492
0.463
0.420
0.465
0.463
0.443
0.516
0.476
0.380
0.442
0.403
0.404
0.431
0.414
0.396
0.443
0.396
0.386
0.467
0.409
0.407
0.448
0.422
0.403
0.473
0.410
0.373
0.475
0.413
0.389
0.445
0.420
0.385
0.473
0.402
0.443
0.479
0.439
0.464
0.463
0.450
0.459
0.477
0.431
0.359
0.407
0.375
0.375
0.390
0.382
0.375
0.411
0.374
0.411
0.468
0.400
0.439
0.450
0.413
0.433
0.471
0.396
0.407
0.469
0.401
0.435
0.454
0.415
0.435
0.479
0.406
0.384
0.445
0.384
0.410
0.432
0.395
0.411
0.455
0.389
0.345
0.402
0.414
0.374
0.396
0.424
0.363
0.407
0.403
0.362
0.432
0.429
0.389
0.421
0.437
0.381
0.439
0.421
0.342
0.439
0.436
0.362
0.416
0.437
0.351
0.432
0.413
0.402
0.438
0.444
0.428
0.429
0.454
0.417
0.437
0.427
0.330
0.380
0.398
0.352
0.368
0.403
0.345
0.383
0.387
0.373
0.429
0.404
0.406
0.418
0.417
0.395
0.432
0.396
0.365
0.428
0.406
0.397
0.416
0.420
0.390
0.436
0.402
0.344
0.406
0.391
0.376
0.398
0.403
0.371
0.416
0.390
0.419
0.500
0.462
0.440
0.481
0.468
0.440
0.509
0.467
0.420
0.515
0.458
0.437
0.486
0.463
0.444
0.529
0.468
0.400
0.518
0.464
0.415
0.482
0.463
0.420
0.525
0.463
0.474
0.518
0.479
0.492
0.498
0.483
0.495
0.524
0.481
0.397
0.455
0.428
0.412
0.435
0.428
0.420
0.467
0.437
0.451
0.528
0.460
0.480
0.506
0.469
0.485
0.545
0.473
0.441
0.524
0.453
0.470
0.501
0.464
0.481
0.546
0.475
0.412
0.497
0.438
0.442
0.478
0.447
0.448
0.514
0.452
0.335
0.359
0.459
0.364
0.354
0.466
0.352
0.352
0.440
0.347
0.386
0.464
0.369
0.375
0.468
0.359
0.381
0.444
0.325
0.382
0.467
0.347
0.364
0.465
0.338
0.372
0.443
0.393
0.397
0.488
0.422
0.393
0.498
0.410
0.391
0.467
0.316
0.327
0.427
0.340
0.318
0.431
0.334
0.323
0.412
0.354
0.376
0.431
0.392
0.365
0.444
0.383
0.372
0.417
0.345
0.368
0.434
0.383
0.362
0.448
0.379
0.371
0.426
0.331
0.364
0.426
0.368
0.355
0.437
0.358
0.362
0.415
0.345
0.311
0.459
0.375
0.322
0.471
0.363
0.314
0.448
0.364
0.335
0.465
0.388
0.344
0.475
0.379
0.341
0.455
0.332
0.329
0.467
0.356
0.331
0.472
0.347
0.329
0.452
0.397
0.353
0.484
0.426
0.359
0.498
0.416
0.354
0.468
0.332
0.296
0.434
0.358
0.302
0.443
0.350
0.300
0.424
0.358
0.328
0.429
0.400
0.337
0.450
0.386
0.333
0.418
0.354
0.327
0.433
0.394
0.338
0.456
0.386
0.337
0.430
0.337
0.316
0.423
0.377
0.328
0.442
0.363
0.323
0.419
0.318
0.334
0.454
0.346
0.330
0.460
0.338
0.335
0.436
0.335
0.374
0.463
0.356
0.363
0.464
0.350
0.375
0.444
0.310
0.366
0.466
0.327
0.351
0.463
0.322
0.362
0.444
0.374
0.379
0.483
0.405
0.378
0.495
0.394
0.380
0.463
0.303
0.313
0.426
0.327
0.306
0.429
0.324
0.319
0.413
0.336
0.355
0.422
0.372
0.345
0.434
0.370
0.361
0.410
0.326
0.348
0.423
0.363
0.343
0.437
0.364
0.362
0.419
0.315
0.343
0.418
0.351
0.336
0.428
0.346
0.350
0.410
0.319
0.328
0.438
0.340
0.325
0.440
0.337
0.326
0.422
0.329
0.351
0.443
0.347
0.345
0.446
0.348
0.352
0.431
0.313
0.345
0.449
0.326
0.332
0.444
0.326
0.336
0.429
0.363
0.358
0.458
0.389
0.356
0.469
0.381
0.351
0.439
0.304
0.310
0.415
0.325
0.304
0.420
0.325
0.311
0.405
0.335
0.346
0.410
0.368
0.340
0.423
0.366
0.344
0.400
0.332
0.343
0.417
0.362
0.339
0.428
0.366
0.346
0.412
0.313
0.331
0.407
0.342
0.327
0.414
0.342
0.334
0.400
0.361
0.461
0.449
0.375
0.434
0.447
0.395
0.481
0.456
0.380
0.495
0.462
0.387
0.456
0.456
0.409
0.511
0.465
0.361
0.489
0.468
0.370
0.450
0.461
0.389
0.506
0.466
0.434
0.504
0.492
0.443
0.471
0.485
0.468
0.518
0.493
0.348
0.426
0.424
0.355
0.393
0.414
0.375
0.437
0.424
0.391
0.486
0.443
0.412
0.452
0.440
0.443
0.516
0.456
0.384
0.488
0.441
0.406
0.455
0.441
0.436
0.520
0.459
0.364
0.468
0.428
0.383
0.439
0.428
0.405
0.490
0.438
0.345
0.412
0.364
0.364
0.399
0.373
0.362
0.417
0.362
0.354
0.439
0.374
0.370
0.416
0.383
0.370
0.446
0.377
0.340
0.445
0.376
0.353
0.414
0.380
0.353
0.446
0.368
0.409
0.451
0.405
0.425
0.433
0.414
0.427
0.453
0.401
0.333
0.387
0.345
0.344
0.367
0.350
0.350
0.393
0.346
0.375
0.439
0.364
0.399
0.418
0.375
0.402
0.449
0.366
0.371
0.440
0.364
0.394
0.421
0.375
0.403
0.454
0.373
0.355
0.422
0.351
0.378
0.407
0.362
0.382
0.433
0.359
0.315
0.379
0.378
0.341
0.370
0.388
0.334
0.385
0.370
0.332
0.408
0.393
0.356
0.395
0.400
0.351
0.415
0.387
0.309
0.411
0.397
0.329
0.387
0.397
0.321
0.408
0.379
0.372
0.414
0.410
0.396
0.403
0.420
0.392
0.418
0.399
0.306
0.362
0.366
0.326
0.347
0.370
0.325
0.369
0.359
0.340
0.404
0.369
0.371
0.391
0.380
0.367
0.413
0.365
0.331
0.399
0.366
0.363
0.387
0.380
0.361
0.412
0.366
0.318
0.388
0.362
0.347
0.378
0.372
0.346
0.399
0.361
0.371
0.459
0.411
0.393
0.441
0.419
0.397
0.473
0.419
0.379
0.480
0.416
0.394
0.450
0.419
0.403
0.494
0.425
0.360
0.482
0.418
0.374
0.447
0.417
0.379
0.489
0.417
0.434
0.488
0.440
0.452
0.467
0.445
0.458
0.497
0.444
0.360
0.425
0.387
0.373
0.405
0.386
0.385
0.439
0.396
0.403
0.490
0.413
0.432
0.467
0.422
0.441
0.511
0.428
0.395
0.485
0.407
0.424
0.463
0.417
0.435
0.508
0.425
0.371
0.465
0.395
0.400
0.444
0.404
0.407
0.482
0.408
0.363
0.390
0.508
0.396
0.385
0.516
0.379
0.381
0.485
0.376
0.416
0.508
0.401
0.405
0.511
0.387
0.410
0.484
0.352
0.408
0.500
0.378
0.392
0.501
0.364
0.397
0.473
0.409
0.420
0.519
0.438
0.415
0.526
0.418
0.407
0.489
0.340
0.353
0.466
0.363
0.343
0.466
0.352
0.347
0.445
0.385
0.408
0.473
0.425
0.400
0.486
0.407
0.398
0.453
0.373
0.399
0.479
0.413
0.393
0.491
0.401
0.396
0.463
0.360
0.390
0.470
0.398
0.382
0.480
0.381
0.383
0.451
0.373
0.340
0.507
0.407
0.354
0.522
0.391
0.344
0.497
0.394
0.365
0.510
0.421
0.376
0.521
0.409
0.371
0.500
0.359
0.352
0.498
0.388
0.360
0.509
0.375
0.353
0.483
0.414
0.375
0.516
0.443
0.383
0.528
0.426
0.371
0.495
0.355
0.320
0.472
0.381
0.327
0.479
0.370
0.322
0.462
0.389
0.357
0.475
0.435
0.373
0.497
0.412
0.359
0.461
0.382
0.357
0.481
0.424
0.370
0.501
0.409
0.363
0.473
0.368
0.342
0.472
0.409
0.357
0.490
0.391
0.346
0.462
0.348
0.362
0.502
0.377
0.360
0.508
0.365
0.363
0.480
0.366
0.401
0.508
0.387
0.393
0.508
0.382
0.406
0.489
0.339
0.391
0.501
0.359
0.375
0.499
0.352
0.385
0.474
0.392
0.399
0.516
0.419
0.397
0.523
0.406
0.396
0.491
0.325
0.337
0.465
0.349
0.332
0.465
0.344
0.343
0.449
0.365
0.381
0.465
0.403
0.377
0.477
0.397
0.386
0.452
0.357
0.375
0.472
0.393
0.372
0.483
0.391
0.387
0.462
0.346
0.366
0.464
0.381
0.360
0.473
0.375
0.372
0.452
0.343
0.357
0.483
0.368
0.355
0.486
0.359
0.352
0.464
0.354
0.380
0.482
0.373
0.374
0.484
0.372
0.380
0.469
0.334
0.367
0.476
0.350
0.352
0.473
0.346
0.355
0.454
0.376
0.377
0.486
0.402
0.375
0.494
0.388
0.368
0.463
0.321
0.331
0.450
0.342
0.325
0.450
0.340
0.333
0.438
0.356
0.367
0.445
0.392
0.366
0.458
0.380
0.363
0.432
0.354
0.367
0.458
0.386
0.366
0.468
0.381
0.367
0.447
0.337
0.354
0.447
0.368
0.350
0.454
0.364
0.353
0.436
0.389
0.494
0.491
0.406
0.468
0.490
0.422
0.513
0.495
0.408
0.528
0.498
0.417
0.491
0.492
0.434
0.543
0.498
0.385
0.511
0.495
0.397
0.472
0.489
0.413
0.527
0.491
0.451
0.528
0.518
0.462
0.496
0.511
0.478
0.537
0.515
0.369
0.453
0.455
0.377
0.422
0.445
0.395
0.465
0.455
0.420
0.516
0.480
0.445
0.487
0.479
0.467
0.542
0.491
0.408
0.511
0.477
0.432
0.484
0.479
0.455
0.539
0.490
0.390
0.492
0.464
0.411
0.465
0.463
0.428
0.511
0.468
0.370
0.446
0.400
0.392
0.431
0.409
0.384
0.447
0.394
0.380
0.472
0.407
0.396
0.448
0.415
0.395
0.478
0.408
0.365
0.469
0.401
0.379
0.438
0.407
0.375
0.467
0.391
0.424
0.476
0.428
0.439
0.458
0.436
0.434
0.472
0.419
0.352
0.413
0.372
0.364
0.394
0.376
0.363
0.416
0.369
0.399
0.466
0.396
0.427
0.450
0.409
0.421
0.472
0.394
0.396
0.465
0.397
0.420
0.450
0.408
0.419
0.474
0.398
0.380
0.448
0.384
0.401
0.431
0.392
0.400
0.454
0.385
0.342
0.410
0.419
0.370
0.402
0.427
0.359
0.415
0.407
0.363
0.442
0.434
0.386
0.428
0.438
0.379
0.447
0.425
0.340
0.437
0.431
0.360
0.414
0.430
0.348
0.432
0.408
0.392
0.442
0.443
0.412
0.427
0.446
0.399
0.436
0.421
0.326
0.388
0.400
0.344
0.372
0.400
0.337
0.391
0.388
0.370
0.435
0.408
0.400
0.423
0.419
0.388
0.437
0.397
0.359
0.428
0.408
0.390
0.417
0.419
0.380
0.434
0.399
0.345
0.414
0.400
0.374
0.404
0.408
0.368
0.421
0.394
0.387
0.485
0.440
0.412
0.465
0.447
0.409
0.494
0.442
0.398
0.507
0.440
0.414
0.477
0.442
0.418
0.518
0.445
0.375
0.499
0.437
0.392
0.464
0.437
0.391
0.502
0.430
0.439
0.503
0.454
0.457
0.482
0.458
0.454
0.506
0.451
0.373
0.446
0.406
0.386
0.424
0.404
0.391
0.457
0.410
0.422
0.513
0.439
0.454
0.494
0.451
0.451
0.527
0.445
0.408
0.503
0.430
0.439
0.483
0.441
0.440
0.520
0.440
0.389
0.484
0.420
0.418
0.464
0.428
0.418
0.496
0.425
0.362
0.369
0.484
0.398
0.368
0.496
0.375
0.366
0.461
0.367
0.390
0.486
0.395
0.383
0.493
0.377
0.391
0.466
0.351
0.387
0.484
0.380
0.372
0.488
0.364
0.380
0.459
0.411
0.404
0.509
0.452
0.407
0.525
0.431
0.403
0.489
0.341
0.334
0.450
0.372
0.331
0.457
0.360
0.336
0.437
0.383
0.388
0.458
0.431
0.384
0.476
0.409
0.387
0.445
0.372
0.374
0.466
0.419
0.375
0.484
0.406
0.383
0.458
0.361
0.375
0.457
0.404
0.369
0.468
0.386
0.375
0.444
0.350
0.366
0.482
0.383
0.362
0.492
0.358
0.363
0.459
0.368
0.396
0.494
0.394
0.387
0.500
0.374
0.395
0.473
0.347
0.386
0.485
0.376
0.371
0.489
0.356
0.378
0.459
0.402
0.406
0.508
0.439
0.405
0.522
0.413
0.400
0.484
0.331
0.335
0.449
0.358
0.327
0.452
0.344
0.335
0.432
0.371
0.389
0.460
0.413
0.382
0.475
0.389
0.386
0.443
0.360
0.375
0.465
0.402
0.374
0.480
0.386
0.383
0.455
0.349
0.375
0.457
0.387
0.368
0.468
0.368
0.375
0.445
0.367
0.370
0.493
0.407
0.371
0.508
0.382
0.368
0.468
0.376
0.395
0.499
0.408
0.391
0.509
0.387
0.394
0.475
0.360
0.393
0.495
0.392
0.379
0.500
0.372
0.384
0.465
0.415
0.406
0.514
0.454
0.407
0.529
0.431
0.401
0.488
0.346
0.340
0.460
0.378
0.336
0.467
0.363
0.339
0.441
0.388
0.389
0.467
0.438
0.387
0.485
0.415
0.387
0.449
0.379
0.378
0.475
0.427
0.378
0.492
0.410
0.384
0.461
0.367
0.378
0.467
0.410
0.373
0.479
0.390
0.377
0.451
0.350
0.365
0.470
0.382
0.362
0.481
0.361
0.365
0.450
0.359
0.390
0.477
0.383
0.379
0.482
0.369
0.391
0.459
0.340
0.384
0.472
0.366
0.367
0.474
0.351
0.378
0.448
0.399
0.405
0.498
0.435
0.404
0.512
0.415
0.403
0.478
0.326
0.332
0.436
0.354
0.325
0.441
0.341
0.333
0.422
0.362
0.380
0.442
0.404
0.372
0.458
0.385
0.380
0.429
0.353
0.365
0.447
0.396
0.364
0.463
0.382
0.373
0.438
0.344
0.370
0.439
0.379
0.358
0.447
0.364
0.370
0.426
0.375
0.385
0.507
0.410
0.382
0.517
0.382
0.380
0.479
0.385
0.411
0.510
0.411
0.402
0.514
0.389
0.408
0.484
0.367
0.402
0.503
0.396
0.387
0.506
0.373
0.391
0.470
0.420
0.418
0.522
0.453
0.416
0.533
0.426
0.410
0.492
0.351
0.349
0.465
0.380
0.343
0.470
0.361
0.346
0.444
0.397
0.407
0.477
0.439
0.400
0.492
0.413
0.401
0.456
0.386
0.393
0.485
0.428
0.391
0.499
0.408
0.395
0.467
0.377
0.395
0.478
0.416
0.387
0.488
0.394
0.391
0.458
0.421
0.413
0.472
0.464
0.411
0.484
0.467
0.434
0.480
0.432
0.443
0.482
0.463
0.432
0.488
0.468
0.462
0.487
0.409
0.429
0.477
0.447
0.415
0.484
0.452
0.443
0.477
0.507
0.470
0.520
0.550
0.465
0.529
0.557
0.489
0.524
0.414
0.383
0.446
0.450
0.376
0.450
0.457
0.399
0.450
0.471
0.449
0.480
0.531
0.444
0.493
0.541
0.477
0.495
0.460
0.438
0.475
0.517
0.438
0.492
0.529
0.470
0.495
0.431
0.423
0.458
0.484
0.419
0.469
0.489
0.444
0.469
0.410
0.374
0.396
0.448
0.378
0.414
0.433
0.380
0.392
0.409
0.393
0.402
0.441
0.392
0.420
0.427
0.399
0.402
0.399
0.393
0.398
0.433
0.385
0.413
0.420
0.393
0.391
0.479
0.422
0.438
0.520
0.426
0.457
0.506
0.426
0.433
0.393
0.346
0.370
0.424
0.343
0.380
0.417
0.351
0.368
0.448
0.403
0.402
0.501
0.404
0.421
0.485
0.408
0.399
0.443
0.395
0.399
0.490
0.399
0.419
0.481
0.408
0.405
0.422
0.386
0.388
0.467
0.386
0.403
0.456
0.393
0.389
0.389
0.344
0.408
0.433
0.353
0.428
0.416
0.351
0.401
0.397
0.367
0.419
0.439
0.375
0.437
0.422
0.375
0.415
0.376
0.364
0.416
0.418
0.363
0.427
0.400
0.362
0.399
0.455
0.394
0.448
0.505
0.402
0.468
0.487
0.398
0.438
0.377
0.325
0.391
0.418
0.329
0.403
0.406
0.332
0.386
0.424
0.374
0.408
0.482
0.381
0.429
0.464
0.379
0.404
0.413
0.361
0.405
0.469
0.371
0.428
0.454
0.372
0.404
0.391
0.353
0.393
0.447
0.361
0.412
0.430
0.362
0.393
0.432
0.400
0.438
0.479
0.409
0.459
0.468
0.418
0.446
0.433
0.417
0.439
0.468
0.416
0.455
0.463
0.434
0.449
0.411
0.410
0.434
0.452
0.405
0.448
0.444
0.419
0.436
0.498
0.438
0.464
0.548
0.445
0.483
0.539
0.453
0.472
0.420
0.373
0.407
0.459
0.373
0.419
0.460
0.391
0.421
0.477
0.437
0.446
0.541
0.444
0.470
0.532
0.458
0.462
0.467
0.422
0.440
0.528
0.431
0.463
0.525
0.449
0.462
0.442
0.411
0.428
0.500
0.415
0.446
0.492
0.429
0.441
0.348
0.324
0.465
0.379
0.330
0.479
0.358
0.326
0.450
0.352
0.344
0.464
0.378
0.347
0.474
0.364
0.350
0.452
0.337
0.338
0.470
0.363
0.338
0.477
0.350
0.340
0.455
0.400
0.364
0.492
0.433
0.368
0.507
0.415
0.365
0.475
0.338
0.306
0.444
0.364
0.307
0.452
0.354
0.311
0.435
0.369
0.346
0.441
0.412
0.350
0.460
0.391
0.350
0.430
0.362
0.338
0.447
0.403
0.345
0.467
0.391
0.349
0.443
0.343
0.330
0.432
0.382
0.333
0.447
0.365
0.336
0.426
0.337
0.321
0.462
0.366
0.324
0.473
0.343
0.322
0.445
0.352
0.349
0.470
0.377
0.349
0.480
0.359
0.352
0.456
0.333
0.341
0.471
0.358
0.337
0.478
0.341
0.338
0.452
0.386
0.360
0.485
0.416
0.360
0.498
0.392
0.354
0.463
0.327
0.303
0.441
0.352
0.300
0.445
0.338
0.304
0.428
0.355
0.343
0.438
0.395
0.343
0.455
0.371
0.343
0.424
0.351
0.338
0.444
0.389
0.340
0.462
0.372
0.344
0.436
0.333
0.329
0.430
0.367
0.330
0.444
0.351
0.335
0.424
0.353
0.325
0.473
0.389
0.333
0.488
0.365
0.326
0.455
0.360
0.347
0.475
0.390
0.352
0.488
0.372
0.351
0.458
0.344
0.345
0.479
0.374
0.346
0.489
0.358
0.344
0.459
0.399
0.359
0.491
0.433
0.363
0.505
0.413
0.354
0.468
0.341
0.307
0.451
0.371
0.310
0.460
0.357
0.309
0.436
0.374
0.346
0.446
0.422
0.352
0.468
0.399
0.348
0.431
0.369
0.342
0.455
0.413
0.348
0.475
0.397
0.349
0.443
0.349
0.332
0.439
0.389
0.337
0.455
0.372
0.337
0.430
0.338
0.318
0.450
0.367
0.322
0.462
0.348
0.321
0.437
0.346
0.341
0.453
0.370
0.342
0.463
0.358
0.347
0.442
0.326
0.334
0.455
0.351
0.330
0.462
0.338
0.335
0.441
0.392
0.363
0.480
0.424
0.365
0.495
0.406
0.363
0.464
0.326
0.302
0.430
0.351
0.300
0.435
0.340
0.305
0.419
0.352
0.338
0.423
0.393
0.338
0.441
0.375
0.342
0.411
0.347
0.331
0.427
0.388
0.334
0.447
0.375
0.340
0.422
0.330
0.325
0.413
0.364
0.322
0.425
0.350
0.330
0.407
0.361
0.340
0.486
0.393
0.345
0.499
0.367
0.339
0.468
0.368
0.363
0.484
0.394
0.364
0.493
0.375
0.365
0.468
0.351
0.352
0.485
0.377
0.351
0.492
0.358
0.347
0.464
0.402
0.371
0.498
0.432
0.373
0.510
0.408
0.365
0.474
0.344
0.316
0.455
0.372
0.317
0.462
0.354
0.315
0.440
0.381
0.363
0.456
0.422
0.366
0.475
0.396
0.362
0.440
0.374
0.356
0.463
0.413
0.360
0.482
0.394
0.360
0.451
0.357
0.348
0.451
0.394
0.349
0.463
0.374
0.350
0.439
0.414
0.378
0.465
0.450
0.382
0.476
0.455
0.403
0.473
0.418
0.402
0.470
0.445
0.398
0.475
0.449
0.422
0.472
0.402
0.396
0.480
0.434
0.393
0.484
0.443
0.416
0.482
0.490
0.432
0.505
0.523
0.427
0.510
0.532
0.448
0.506
0.413
0.361
0.451
0.441
0.357
0.450
0.450
0.378
0.454
0.454
0.412
0.462
0.504
0.409
0.472
0.516
0.442
0.476
0.451
0.409
0.464
0.497
0.408
0.477
0.511
0.438
0.480
0.421
0.391
0.447
0.464
0.390
0.456
0.471
0.414
0.457
0.387
0.337
0.378
0.422
0.343
0.398
0.406
0.346
0.375
0.386
0.358
0.383
0.418
0.362
0.404
0.404
0.368
0.385
0.373
0.358
0.384
0.404
0.354
0.400
0.393
0.362
0.378
0.453
0.384
0.416
0.488
0.387
0.433
0.476
0.388
0.410
0.382
0.322
0.363
0.410
0.321
0.375
0.403
0.329
0.362
0.423
0.370
0.380
0.473
0.371
0.400
0.456
0.376
0.377
0.423
0.369
0.381
0.465
0.371
0.401
0.456
0.379
0.385
0.398
0.354
0.366
0.439
0.355
0.382
0.428
0.363
0.369
0.361
0.309
0.390
0.402
0.319
0.408
0.384
0.317
0.384
0.374
0.334
0.401
0.412
0.344
0.421
0.396
0.345
0.399
0.351
0.330
0.406
0.387
0.333
0.417
0.372
0.331
0.392
0.421
0.351
0.423
0.465
0.358
0.441
0.448
0.354
0.412
0.362
0.300
0.385
0.398
0.306
0.397
0.385
0.307
0.379
0.398
0.342
0.387
0.451
0.349
0.410
0.432
0.346
0.381
0.390
0.333
0.386
0.441
0.343
0.411
0.425
0.342
0.385
0.366
0.322
0.372
0.415
0.330
0.391
0.400
0.332
0.373
0.406
0.362
0.421
0.448
0.373
0.441
0.437
0.380
0.427
0.408
0.379
0.422
0.440
0.381
0.437
0.436
0.397
0.430
0.385
0.373
0.423
0.423
0.376
0.437
0.417
0.385
0.424
0.470
0.401
0.443
0.513
0.406
0.460
0.505
0.412
0.447
0.405
0.348
0.403
0.438
0.349
0.413
0.440
0.366
0.413
0.447
0.400
0.423
0.504
0.408
0.446
0.496
0.421
0.436
0.442
0.391
0.421
0.498
0.400
0.444
0.495
0.417
0.440
0.411
0.372
0.405
0.463
0.378
0.422
0.456
0.391
0.417
0.317
0.325
0.452
0.346
0.320
0.462
0.327
0.322
0.431
0.334
0.366
0.464
0.358
0.355
0.470
0.346
0.370
0.447
0.312
0.359
0.467
0.331
0.341
0.466
0.321
0.354
0.444
0.379
0.370
0.492
0.414
0.371
0.506
0.395
0.368
0.471
0.320
0.310
0.446
0.344
0.304
0.449
0.337
0.313
0.431
0.344
0.346
0.428
0.382
0.338
0.441
0.370
0.349
0.415
0.334
0.337
0.438
0.374
0.334
0.452
0.365
0.347
0.429
0.326
0.333
0.428
0.363
0.328
0.438
0.349
0.335
0.416
0.305
0.326
0.448
0.334
0.317
0.456
0.314
0.323
0.427
0.332
0.372
0.468
0.355
0.356
0.473
0.342
0.374
0.450
0.307
0.364
0.467
0.326
0.341
0.464
0.313
0.355
0.441
0.367
0.374
0.487
0.399
0.368
0.498
0.375
0.365
0.461
0.307
0.310
0.440
0.331
0.300
0.441
0.321
0.311
0.424
0.330
0.350
0.428
0.366
0.337
0.437
0.351
0.350
0.411
0.323
0.343
0.436
0.359
0.335
0.448
0.348
0.351
0.425
0.314
0.337
0.426
0.350
0.328
0.435
0.335
0.340
0.415
0.320
0.333
0.460
0.353
0.326
0.471
0.333
0.329
0.436
0.338
0.372
0.473
0.366
0.358
0.480
0.351
0.373
0.450
0.318
0.373
0.477
0.341
0.351
0.476
0.327
0.363
0.447
0.376
0.373
0.491
0.411
0.368
0.502
0.389
0.364
0.460
0.319
0.315
0.449
0.347
0.306
0.453
0.335
0.313
0.428
0.345
0.354
0.433
0.389
0.344
0.446
0.373
0.355
0.413
0.336
0.346
0.443
0.380
0.340
0.458
0.367
0.352
0.427
0.328
0.342
0.434
0.368
0.335
0.445
0.353
0.344
0.419
0.305
0.324
0.438
0.332
0.314
0.445
0.314
0.322
0.416
0.326
0.367
0.454
0.348
0.351
0.458
0.337
0.369
0.436
0.301
0.361
0.453
0.318
0.337
0.450
0.307
0.353
0.429
0.369
0.377
0.480
0.402
0.371
0.492
0.381
0.372
0.457
0.305
0.310
0.429
0.328
0.298
0.430
0.319
0.308
0.413
0.325
0.344
0.413
0.361
0.331
0.423
0.349
0.346
0.398
0.317
0.335
0.418
0.354
0.327
0.432
0.343
0.343
0.408
0.308
0.332
0.408
0.341
0.318
0.414
0.328
0.334
0.395
0.328
0.346
0.472
0.357
0.336
0.479
0.334
0.341
0.446
0.347
0.388
0.484
0.370
0.371
0.486
0.354
0.387
0.459
0.325
0.377
0.483
0.345
0.355
0.480
0.329
0.366
0.452
0.383
0.386
0.499
0.414
0.379
0.509
0.389
0.377
0.470
0.324
0.323
0.454
0.352
0.313
0.457
0.337
0.322
0.434
0.354
0.369
0.443
0.392
0.356
0.454
0.373
0.366
0.422
0.346
0.362
0.456
0.384
0.352
0.467
0.368
0.366
0.438
0.338
0.355
0.445
0.375
0.345
0.454
0.356
0.355
0.428
0.387
0.382
0.448
0.422
0.373
0.456
0.427
0.399
0.451
0.406
0.423
0.466
0.432
0.406
0.468
0.440
0.440
0.467
0.382
0.414
0.472
0.406
0.392
0.468
0.417
0.424
0.464
0.484
0.445
0.506
0.521
0.437
0.512
0.529
0.461
0.506
0.398
0.364
0.441
0.425
0.352
0.439
0.439
0.380
0.443
0.438
0.418
0.454
0.486
0.405
0.460
0.504
0.446
0.468
0.430
0.411
0.452
0.477
0.403
0.462
0.495
0.442
0.470
0.407
0.394
0.441
0.448
0.384
0.446
0.459
0.415
0.449
0.362
0.326
0.356
0.395
0.326
0.373
0.384
0.331
0.353
0.375
0.363
0.374
0.404
0.359
0.392
0.395
0.372
0.377
0.354
0.361
0.369
0.378
0.347
0.379
0.372
0.360
0.361
0.446
0.384
0.409
0.481
0.385
0.426
0.472
0.389
0.405
0.372
0.317
0.353
0.396
0.312
0.361
0.394
0.324
0.354
0.408
0.361
0.366
0.453
0.357
0.382
0.446
0.370
0.367
0.405
0.355
0.364
0.446
0.355
0.383
0.443
0.370
0.372
0.387
0.344
0.357
0.426
0.342
0.371
0.418
0.354
0.360
0.336
0.303
0.371
0.377
0.308
0.388
0.363
0.310
0.365
0.358
0.341
0.394
0.397
0.344
0.410
0.384
0.350
0.390
0.327
0.337
0.393
0.361
0.328
0.399
0.348
0.334
0.375
0.413
0.356
0.420
0.457
0.362
0.437
0.443
0.361
0.409
0.347
0.297
0.376
0.381
0.298
0.386
0.375
0.306
0.372
0.378
0.334
0.373
0.428
0.337
0.390
0.418
0.343
0.370
0.368
0.324
0.370
0.418
0.331
0.392
0.411
0.338
0.372
0.352
0.317
0.364
0.400
0.323
0.381
0.388
0.329
0.365
0.380
0.356
0.396
0.420
0.358
0.415
0.417
0.373
0.406
0.396
0.389
0.411
0.426
0.382
0.425
0.427
0.406
0.422
0.364
0.379
0.405
0.394
0.367
0.413
0.395
0.387
0.406
0.459
0.401
0.433
0.501
0.404
0.449
0.496
0.415
0.440
0.393
0.347
0.389
0.424
0.342
0.397
0.431
0.365
0.403
0.431
0.396
0.409
0.483
0.395
0.426
0.487
0.421
0.426
0.422
0.385
0.402
0.474
0.387
0.423
0.479
0.413
0.425
0.400
0.370
0.394
0.450
0.371
0.411
0.448
0.391
0.410
0.327
0.349
0.454
0.351
0.340
0.458
0.335
0.345
0.432
0.338
0.377
0.460
0.360
0.365
0.465
0.351
0.381
0.446
0.324
0.367
0.467
0.343
0.350
0.465
0.333
0.361
0.445
0.361
0.365
0.464
0.394
0.362
0.479
0.374
0.360
0.443
0.314
0.322
0.432
0.338
0.314
0.436
0.332
0.326
0.422
0.356
0.370
0.435
0.392
0.361
0.448
0.375
0.368
0.419
0.342
0.363
0.439
0.379
0.358
0.453
0.368
0.368
0.428
0.325
0.349
0.423
0.360
0.341
0.432
0.346
0.350
0.411
0.318
0.347
0.451
0.339
0.335
0.454
0.321
0.341
0.429
0.340
0.380
0.466
0.362
0.367
0.471
0.350
0.382
0.451
0.321
0.368
0.469
0.337
0.347
0.464
0.324
0.355
0.442
0.348
0.361
0.459
0.376
0.352
0.468
0.354
0.349
0.431
0.308
0.322
0.432
0.329
0.308
0.433
0.320
0.321
0.417
0.343
0.366
0.433
0.376
0.354
0.441
0.356
0.359
0.410
0.335
0.364
0.438
0.367
0.354
0.448
0.353
0.362
0.422
0.316
0.351
0.422
0.347
0.340
0.431
0.333
0.351
0.410
0.333
0.351
0.461
0.360
0.342
0.466
0.341
0.344
0.436
0.346
0.380
0.469
0.372
0.368
0.476
0.358
0.380
0.448
0.331
0.372
0.475
0.351
0.353
0.473
0.338
0.360
0.445
0.361
0.361
0.464
0.392
0.353
0.474
0.373
0.350
0.435
0.320
0.324
0.439
0.345
0.314
0.443
0.334
0.322
0.420
0.359
0.369
0.437
0.397
0.359
0.450
0.379
0.364
0.415
0.350
0.365
0.444
0.386
0.356
0.457
0.373
0.364
0.425
0.332
0.354
0.430
0.366
0.344
0.438
0.353
0.353
0.414
0.318
0.344
0.441
0.340
0.332
0.445
0.324
0.340
0.420
0.332
0.372
0.449
0.352
0.359
0.453
0.344
0.376
0.437
0.315
0.361
0.455
0.330
0.340
0.450
0.320
0.352
0.430
0.353
0.363
0.454
0.382
0.355
0.464
0.363
0.357
0.431
0.306
0.319
0.420
0.326
0.305
0.421
0.319
0.319
0.406
0.341
0.362
0.421
0.374
0.348
0.430
0.358
0.358
0.402
0.330
0.354
0.421
0.362
0.344
0.432
0.349
0.355
0.406
0.315
0.347
0.410
0.344
0.332
0.414
0.331
0.347
0.396
0.340
0.368
0.477
0.365
0.358
0.480
0.343
0.361
0.450
0.351
0.396
0.478
0.373
0.382
0.483
0.359
0.396
0.459
0.338
0.381
0.484
0.356
0.364
0.480
0.341
0.369
0.454
0.366
0.379
0.474
0.393
0.370
0.483
0.369
0.367
0.444
0.324
0.338
0.447
0.347
0.325
0.449
0.333
0.334
0.428
0.368
0.390
0.452
0.403
0.378
0.463
0.380
0.383
0.429
0.357
0.387
0.460
0.390
0.375
0.469
0.372
0.382
0.437
0.341
0.374
0.446
0.374
0.362
0.453
0.358
0.372
0.429
0.411
0.420
0.471
0.440
0.406
0.472
0.448
0.435
0.472
0.416
0.443
0.476
0.442
0.426
0.477
0.451
0.461
0.479
0.406
0.438
0.486
0.426
0.412
0.478
0.438
0.446
0.477
0.465
0.444
0.487
0.501
0.432
0.493
0.510
0.460
0.491
0.400
0.386
0.442
0.427
0.371
0.442
0.438
0.400
0.445
0.454
0.447
0.471
0.498
0.434
0.477
0.514
0.473
0.482
0.444
0.443
0.468
0.484
0.432
0.475
0.497
0.467
0.479
0.418
0.421
0.451
0.456
0.410
0.456
0.465
0.440
0.458
0.378
0.361
0.368
0.406
0.358
0.381
0.395
0.363
0.364
0.382
0.383
0.379
0.408
0.377
0.393
0.401
0.391
0.383
0.371
0.380
0.377
0.392
0.365
0.383
0.388
0.377
0.370
0.428
0.386
0.392
0.461
0.386
0.408
0.450
0.387
0.387
0.370
0.339
0.353
0.392
0.331
0.359
0.391
0.345
0.354
0.425
0.395
0.383
0.465
0.391
0.398
0.454
0.399
0.381
0.418
0.393
0.379
0.452
0.390
0.393
0.445
0.399
0.381
0.391
0.370
0.362
0.425
0.366
0.374
0.419
0.378
0.366
0.352
0.324
0.380
0.387
0.327
0.392
0.372
0.326
0.370
0.365
0.356
0.397
0.401
0.357
0.411
0.390
0.366
0.395
0.345
0.349
0.401
0.375
0.339
0.403
0.363
0.344
0.382
0.398
0.351
0.402
0.439
0.354
0.417
0.424
0.352
0.390
0.349
0.310
0.374
0.381
0.310
0.382
0.375
0.318
0.369
0.394
0.359
0.388
0.440
0.359
0.403
0.425
0.361
0.380
0.383
0.351
0.383
0.426
0.353
0.399
0.416
0.357
0.380
0.357
0.330
0.364
0.402
0.335
0.380
0.390
0.340
0.364
0.389
0.376
0.405
0.422
0.373
0.418
0.417
0.387
0.410
0.398
0.399
0.414
0.426
0.392
0.426
0.426
0.416
0.425
0.376
0.388
0.411
0.402
0.375
0.415
0.401
0.392
0.409
0.437
0.394
0.416
0.475
0.394
0.432
0.468
0.402
0.420
0.386
0.356
0.386
0.415
0.351
0.394
0.420
0.373
0.399
0.437
0.413
0.420
0.484
0.412
0.436
0.481
0.430
0.432
0.422
0.401
0.408
0.466
0.401
0.424
0.468
0.420
0.425
0.396
0.379
0.392
0.438
0.378
0.406
0.436
0.396
0.404
0.410
0.497
0.488
0.432
0.476
0.494
0.433
0.507
0.489
0.419
0.526
0.496
0.436
0.498
0.500
0.441
0.539
0.498
0.422
0.538
0.516
0.438
0.504
0.515
0.447
0.551
0.514
0.479
0.541
0.530
0.502
0.517
0.535
0.506
0.549
0.527
0.402
0.472
0.464
0.425
0.453
0.470
0.431
0.488
0.470
0.502
0.583
0.535
0.539
0.565
0.547
0.568
0.629
0.571
0.476
0.569
0.529
0.502
0.542
0.534
0.524
0.598
0.548
0.440
0.529
0.496
0.466
0.507
0.501
0.482
0.554
0.515
0.406
0.500
0.492
0.428
0.479
0.497
0.424
0.508
0.489
0.428
0.539
0.510
0.447
0.511
0.515
0.449
0.552
0.510
0.424
0.545
0.524
0.441
0.513
0.523
0.441
0.552
0.514
0.474
0.546
0.534
0.495
0.522
0.537
0.493
0.549
0.523
0.400
0.480
0.469
0.420
0.455
0.470
0.423
0.490
0.468
0.491
0.583
0.535
0.526
0.563
0.545
0.543
0.618
0.557
0.470
0.573
0.532
0.498
0.549
0.540
0.510
0.599
0.546
0.441
0.541
0.505
0.467
0.521
0.512
0.480
0.565
0.522
0.424
0.510
0.502
0.449
0.488
0.508
0.449
0.519
0.500
0.431
0.536
0.506
0.453
0.506
0.513
0.457
0.548
0.507
0.436
0.551
0.529
0.453
0.515
0.527
0.458
0.559
0.519
0.483
0.543
0.532
0.506
0.517
0.534
0.512
0.549
0.524
0.413
0.484
0.475
0.438
0.461
0.479
0.443
0.496
0.475
0.532
0.611
0.563
0.570
0.590
0.575
0.599
0.655
0.595
0.490
0.581
0.541
0.520
0.554
0.549
0.539
0.609
0.557
0.458
0.547
0.513
0.486
0.525
0.517
0.505
0.573
0.531
0.394
0.488
0.470
0.413
0.465
0.474
0.415
0.498
0.470
0.408
0.519
0.483
0.423
0.487
0.484
0.430
0.532
0.484
0.402
0.526
0.494
0.414
0.489
0.490
0.423
0.536
0.489
0.463
0.536
0.515
0.482
0.509
0.515
0.488
0.543
0.510
0.386
0.467
0.450
0.404
0.442
0.450
0.412
0.479
0.452
0.463
0.554
0.498
0.492
0.529
0.504
0.515
0.587
0.519
0.444
0.545
0.495
0.467
0.516
0.498
0.485
0.570
0.508
0.414
0.514
0.468
0.434
0.485
0.468
0.448
0.533
0.479
0.427
0.521
0.513
0.449
0.500
0.519
0.443
0.526
0.507
0.437
0.551
0.521
0.455
0.522
0.525
0.454
0.560
0.516
0.438
0.557
0.536
0.456
0.525
0.536
0.454
0.561
0.522
0.484
0.554
0.543
0.502
0.528
0.543
0.500
0.555
0.529
0.409
0.487
0.480
0.433
0.466
0.483
0.432
0.497
0.476
0.524
0.611
0.564
0.562
0.595
0.578
0.580
0.650
0.589
0.488
0.587
0.550
0.513
0.561
0.554
0.527
0.611
0.559
0.460
0.557
0.521
0.486
0.535
0.525
0.498
0.580
0.534
0.451
0.449
0.497
0.496
0.447
0.510
0.489
0.454
0.496
0.454
0.473
0.504
0.488
0.462
0.513
0.484
0.478
0.503
0.450
0.483
0.514
0.488
0.467
0.522
0.485
0.484
0.508
0.534
0.504
0.546
0.581
0.501
0.558
0.579
0.512
0.541
0.443
0.425
0.468
0.485
0.422
0.478
0.486
0.437
0.472
0.544
0.532
0.541
0.604
0.533
0.559
0.623
0.567
0.570
0.523
0.515
0.538
0.575
0.513
0.554
0.587
0.540
0.556
0.482
0.482
0.502
0.533
0.478
0.513
0.538
0.498
0.516
0.437
0.391
0.487
0.482
0.407
0.506
0.476
0.409
0.492
0.451
0.417
0.501
0.487
0.430
0.517
0.481
0.434
0.504
0.437
0.423
0.512
0.477
0.432
0.525
0.474
0.437
0.509
0.510
0.450
0.526
0.555
0.458
0.543
0.552
0.462
0.522
0.434
0.386
0.466
0.477
0.398
0.482
0.474
0.404
0.471
0.508
0.468
0.509
0.569
0.482
0.535
0.578
0.505
0.533
0.498
0.461
0.513
0.550
0.471
0.536
0.555
0.486
0.528
0.464
0.431
0.488
0.516
0.443
0.509
0.515
0.454
0.502
0.440
0.426
0.495
0.485
0.429
0.511
0.483
0.443
0.500
0.445
0.458
0.502
0.483
0.455
0.515
0.485
0.479
0.509
0.442
0.471
0.524
0.479
0.462
0.532
0.483
0.484
0.521
0.510
0.476
0.534
0.561
0.483
0.553
0.560
0.495
0.535
0.431
0.410
0.468
0.476
0.413
0.482
0.480
0.433
0.477
0.528
0.509
0.533
0.585
0.513
0.553
0.617
0.562
0.572
0.506
0.494
0.529
0.559
0.496
0.547
0.579
0.533
0.556
0.470
0.462
0.498
0.519
0.461
0.513
0.537
0.496
0.525
0.440
0.432
0.489
0.478
0.432
0.500
0.478
0.443
0.491
0.438
0.451
0.490
0.470
0.445
0.499
0.474
0.461
0.493
0.443
0.461
0.509
0.473
0.450
0.513
0.477
0.465
0.506
0.494
0.464
0.511
0.540
0.466
0.527
0.538
0.472
0.508
0.430
0.414
0.462
0.470
0.414
0.474
0.475
0.432
0.470
0.520
0.508
0.522
0.573
0.512
0.541
0.597
0.547
0.554
0.505
0.496
0.524
0.549
0.496
0.540
0.566
0.522
0.543
0.462
0.457
0.487
0.504
0.457
0.500
0.522
0.484
0.511
0.360
0.434
0.383
0.383
0.419
0.391
0.373
0.434
0.376
0.366
0.462
0.392
0.387
0.440
0.400
0.382
0.467
0.392
0.350
0.456
0.382
0.367
0.425
0.384
0.362
0.453
0.373
0.421
0.476
0.423
0.445
0.459
0.431
0.438
0.476
0.416
0.347
0.407
0.360
0.365
0.391
0.364
0.365
0.413
0.359
0.390
0.463
0.385
0.419
0.445
0.393
0.414
0.470
0.383
0.383
0.461
0.386
0.414
0.445
0.396
0.414
0.473
0.389
0.365
0.443
0.374
0.392
0.426
0.383
0.389
0.449
0.375
0.353
0.435
0.383
0.374
0.418
0.390
0.363
0.433
0.375
0.370
0.470
0.401
0.389
0.447
0.407
0.380
0.472
0.396
0.349
0.461
0.388
0.364
0.429
0.388
0.353
0.452
0.371
0.413
0.478
0.422
0.432
0.459
0.427
0.421
0.474
0.409
0.340
0.410
0.359
0.356
0.390
0.361
0.353
0.414
0.354
0.379
0.465
0.382
0.407
0.445
0.390
0.397
0.468
0.376
0.375
0.462
0.387
0.404
0.446
0.396
0.399
0.472
0.386
0.356
0.445
0.374
0.382
0.428
0.382
0.377
0.450
0.375
0.372
0.445
0.392
0.399
0.432
0.403
0.388
0.446
0.386
0.379
0.472
0.400
0.403
0.451
0.411
0.396
0.476
0.398
0.364
0.470
0.394
0.382
0.439
0.398
0.374
0.463
0.379
0.427
0.480
0.424
0.451
0.463
0.432
0.443
0.477
0.412
0.357
0.419
0.366
0.376
0.400
0.371
0.375
0.422
0.363
0.398
0.472
0.388
0.431
0.454
0.400
0.425
0.480
0.387
0.393
0.471
0.393
0.427
0.454
0.404
0.426
0.482
0.394
0.377
0.454
0.383
0.405
0.438
0.392
0.403
0.461
0.384
0.354
0.436
0.379
0.374
0.419
0.386
0.367
0.438
0.375
0.363
0.462
0.390
0.381
0.438
0.397
0.378
0.467
0.389
0.344
0.458
0.381
0.358
0.424
0.382
0.353
0.454
0.369
0.414
0.479
0.420
0.436
0.462
0.429
0.429
0.480
0.413
0.339
0.410
0.356
0.355
0.390
0.358
0.354
0.414
0.353
0.375
0.459
0.374
0.402
0.439
0.382
0.399
0.468
0.373
0.370
0.459
0.378
0.398
0.440
0.387
0.398
0.471
0.380
0.352
0.442
0.366
0.375
0.419
0.371
0.375
0.449
0.368
0.374
0.457
0.406
0.396
0.441
0.413
0.382
0.454
0.395
0.384
0.487
0.416
0.401
0.462
0.421
0.393
0.487
0.409
0.369
0.479
0.405
0.382
0.445
0.404
0.372
0.469
0.386
0.426
0.489
0.434
0.442
0.468
0.438
0.431
0.482
0.418
0.356
0.425
0.375
0.372
0.405
0.377
0.366
0.425
0.367
0.401
0.483
0.403
0.428
0.463
0.410
0.419
0.487
0.395
0.396
0.481
0.409
0.422
0.461
0.414
0.417
0.487
0.402
0.380
0.466
0.394
0.405
0.447
0.400
0.398
0.468
0.390
0.402
0.394
0.397
0.439
0.392
0.412
0.428
0.391
0.393
0.403
0.416
0.403
0.431
0.409
0.416
0.422
0.414
0.401
0.386
0.410
0.390
0.415
0.395
0.399
0.406
0.400
0.380
0.473
0.442
0.437
0.510
0.441
0.451
0.499
0.439
0.429
0.386
0.364
0.365
0.415
0.361
0.373
0.411
0.367
0.364
0.437
0.422
0.397
0.484
0.416
0.411
0.476
0.423
0.396
0.433
0.418
0.401
0.476
0.416
0.416
0.473
0.423
0.405
0.409
0.402
0.385
0.452
0.399
0.399
0.443
0.403
0.386
0.397
0.349
0.399
0.435
0.362
0.419
0.422
0.355
0.398
0.402
0.368
0.411
0.433
0.380
0.426
0.424
0.377
0.412
0.377
0.359
0.396
0.409
0.364
0.408
0.398
0.361
0.387
0.454
0.395
0.429
0.490
0.403
0.444
0.480
0.398
0.421
0.381
0.332
0.371
0.414
0.340
0.385
0.407
0.341
0.371
0.418
0.374
0.387
0.469
0.385
0.409
0.457
0.384
0.387
0.422
0.380
0.397
0.469
0.391
0.419
0.461
0.392
0.401
0.395
0.358
0.380
0.440
0.369
0.400
0.429
0.367
0.383
0.384
0.365
0.381
0.418
0.365
0.397
0.413
0.370
0.381
0.394
0.400
0.394
0.421
0.397
0.407
0.420
0.408
0.398
0.370
0.392
0.382
0.394
0.379
0.389
0.393
0.390
0.374
0.451
0.419
0.421
0.486
0.420
0.437
0.483
0.427
0.420
0.371
0.349
0.356
0.400
0.348
0.366
0.402
0.361
0.361
0.418
0.398
0.382
0.459
0.394
0.396
0.465
0.412
0.389
0.414
0.396
0.385
0.455
0.396
0.402
0.462
0.414
0.396
0.390
0.376
0.370
0.429
0.375
0.385
0.430
0.388
0.379
0.377
0.363
0.379
0.405
0.363
0.389
0.403
0.364
0.378
0.379
0.384
0.383
0.403
0.380
0.394
0.405
0.388
0.388
0.366
0.376
0.377
0.385
0.363
0.379
0.384
0.367
0.369
0.433
0.401
0.407
0.464
0.400
0.418
0.459
0.398
0.400
0.365
0.348
0.355
0.391
0.345
0.362
0.393
0.354
0.357
0.409
0.393
0.376
0.445
0.388
0.388
0.445
0.396
0.377
0.410
0.394
0.385
0.444
0.392
0.396
0.448
0.400
0.389
0.379
0.369
0.367
0.414
0.368
0.379
0.416
0.376
0.373
0.319
0.389
0.395
0.342
0.374
0.399
0.329
0.387
0.381
0.341
0.427
0.417
0.362
0.407
0.419
0.355
0.430
0.407
0.318
0.421
0.414
0.332
0.389
0.407
0.327
0.415
0.394
0.370
0.419
0.421
0.393
0.402
0.426
0.386
0.419
0.406
0.319
0.377
0.387
0.335
0.356
0.385
0.335
0.381
0.378
0.354
0.423
0.389
0.383
0.403
0.394
0.376
0.426
0.380
0.341
0.416
0.391
0.367
0.394
0.394
0.366
0.423
0.385
0.317
0.390
0.372
0.345
0.373
0.376
0.338
0.395
0.366
0.312
0.391
0.396
0.333
0.374
0.398
0.320
0.389
0.381
0.345
0.435
0.426
0.364
0.412
0.426
0.355
0.435
0.413
0.318
0.426
0.420
0.331
0.393
0.411
0.317
0.412
0.391
0.360
0.420
0.419
0.378
0.401
0.420
0.367
0.414
0.399
0.312
0.379
0.386
0.326
0.357
0.382
0.323
0.380
0.374
0.343
0.424
0.387
0.367
0.404
0.391
0.356
0.422
0.374
0.332
0.417
0.390
0.355
0.396
0.393
0.348
0.420
0.380
0.309
0.395
0.374
0.334
0.378
0.377
0.326
0.399
0.367
0.333
0.402
0.408
0.359
0.386
0.413
0.345
0.400
0.392
0.354
0.436
0.428
0.376
0.414
0.430
0.368
0.437
0.414
0.334
0.435
0.429
0.349
0.402
0.421
0.339
0.423
0.400
0.377
0.422
0.422
0.398
0.404
0.425
0.390
0.417
0.401
0.329
0.386
0.395
0.346
0.364
0.393
0.345
0.387
0.381
0.362
0.428
0.393
0.393
0.409
0.399
0.386
0.431
0.383
0.354
0.427
0.401
0.382
0.403
0.405
0.378
0.429
0.389
0.326
0.399
0.380
0.354
0.381
0.383
0.348
0.402
0.371
0.314
0.391
0.389
0.333
0.373
0.390
0.325
0.392
0.376
0.336
0.423
0.409
0.353
0.400
0.409
0.349
0.427
0.399
0.312
0.421
0.406
0.322
0.385
0.397
0.317
0.413
0.383
0.368
0.425
0.417
0.385
0.405
0.418
0.383
0.426
0.404
0.311
0.377
0.377
0.323
0.352
0.373
0.323
0.378
0.366
0.340
0.416
0.373
0.363
0.394
0.376
0.360
0.420
0.365
0.328
0.410
0.376
0.350
0.385
0.377
0.350
0.416
0.367
0.308
0.390
0.362
0.331
0.368
0.362
0.327
0.395
0.354
0.350
0.429
0.428
0.369
0.407
0.426
0.356
0.424
0.409
0.368
0.458
0.444
0.385
0.435
0.442
0.375
0.457
0.428
0.348
0.451
0.442
0.360
0.418
0.431
0.348
0.439
0.410
0.395
0.450
0.444
0.407
0.424
0.440
0.400
0.442
0.422
0.341
0.404
0.409
0.353
0.378
0.401
0.350
0.403
0.394
0.384
0.458
0.419
0.408
0.436
0.420
0.397
0.456
0.403
0.372
0.453
0.425
0.392
0.425
0.422
0.387
0.452
0.408
0.346
0.428
0.403
0.371
0.407
0.403
0.363
0.429
0.392
0.364
0.348
0.398
0.401
0.348
0.407
0.389
0.349
0.391
0.380
0.380
0.418
0.412
0.375
0.424
0.402
0.381
0.408
0.354
0.370
0.410
0.384
0.356
0.409
0.373
0.362
0.390
0.431
0.391
0.432
0.467
0.391
0.441
0.460
0.393
0.422
0.365
0.335
0.385
0.392
0.329
0.387
0.391
0.338
0.378
0.406
0.384
0.398
0.451
0.380
0.407
0.445
0.385
0.392
0.395
0.373
0.397
0.437
0.371
0.406
0.434
0.379
0.395
0.365
0.353
0.377
0.409
0.351
0.386
0.400
0.356
0.375
0.361
0.311
0.408
0.397
0.323
0.420
0.382
0.315
0.398
0.388
0.345
0.433
0.418
0.356
0.443
0.408
0.354
0.425
0.353
0.327
0.422
0.381
0.332
0.425
0.369
0.326
0.402
0.418
0.351
0.431
0.451
0.358
0.442
0.440
0.353
0.416
0.366
0.311
0.398
0.392
0.314
0.402
0.387
0.316
0.390
0.393
0.343
0.391
0.440
0.353
0.410
0.426
0.349
0.383
0.391
0.341
0.400
0.431
0.348
0.415
0.423
0.347
0.393
0.359
0.315
0.380
0.403
0.328
0.396
0.388
0.323
0.376
0.342
0.324
0.393
0.376
0.325
0.402
0.368
0.328
0.384
0.365
0.364
0.415
0.396
0.360
0.422
0.392
0.371
0.408
0.335
0.353
0.411
0.359
0.340
0.407
0.355
0.349
0.389
0.402
0.363
0.421
0.435
0.364
0.430
0.432
0.369
0.410
0.345
0.317
0.382
0.371
0.313
0.384
0.373
0.326
0.377
0.380
0.357
0.384
0.421
0.354
0.394
0.423
0.368
0.382
0.368
0.345
0.383
0.408
0.344
0.394
0.414
0.361
0.384
0.343
0.327
0.368
0.384
0.327
0.379
0.383
0.339
0.369
0.344
0.325
0.388
0.375
0.324
0.393
0.368
0.326
0.377
0.359
0.355
0.405
0.387
0.351
0.411
0.386
0.360
0.400
0.339
0.344
0.403
0.359
0.330
0.397
0.355
0.335
0.382
0.393
0.354
0.407
0.424
0.352
0.414
0.419
0.354
0.395
0.347
0.322
0.381
0.375
0.319
0.385
0.377
0.330
0.377
0.377
0.357
0.379
0.416
0.354
0.390
0.412
0.360
0.375
0.374
0.350
0.386
0.408
0.348
0.392
0.412
0.358
0.383
0.340
0.321
0.361
0.376
0.321
0.369
0.376
0.330
0.361
0.397
0.489
0.453
0.425
0.472
0.464
0.416
0.495
0.454
0.403
0.510
0.459
0.425
0.483
0.466
0.423
0.521
0.464
0.397
0.522
0.472
0.416
0.486
0.473
0.418
0.528
0.470
0.458
0.517
0.483
0.487
0.504
0.494
0.488
0.530
0.489
0.391
0.460
0.431
0.414
0.443
0.436
0.419
0.476
0.442
0.445
0.533
0.471
0.478
0.512
0.481
0.481
0.550
0.481
0.434
0.529
0.475
0.469
0.509
0.486
0.477
0.555
0.492
0.410
0.504
0.452
0.441
0.483
0.460
0.440
0.516
0.461
0.394
0.492
0.455
0.419
0.473
0.465
0.406
0.493
0.453
0.408
0.520
0.468
0.429
0.491
0.474
0.426
0.529
0.472
0.398
0.527
0.476
0.416
0.493
0.477
0.411
0.529
0.469
0.454
0.523
0.485
0.479
0.509
0.494
0.474
0.530
0.485
0.388
0.467
0.433
0.408
0.448
0.436
0.412
0.480
0.440
0.441
0.539
0.475
0.472
0.519
0.485
0.471
0.554
0.482
0.430
0.534
0.478
0.461
0.516
0.490
0.465
0.556
0.491
0.407
0.511
0.456
0.434
0.491
0.464
0.432
0.523
0.464
0.417
0.507
0.468
0.446
0.490
0.480
0.437
0.511
0.468
0.424
0.528
0.475
0.448
0.500
0.484
0.447
0.537
0.479
0.419
0.542
0.487
0.440
0.508
0.490
0.441
0.547
0.483
0.478
0.533
0.493
0.504
0.519
0.503
0.507
0.543
0.497
0.411
0.480
0.445
0.434
0.463
0.450
0.441
0.496
0.456
0.468
0.555
0.489
0.503
0.536
0.501
0.513
0.579
0.506
0.460
0.552
0.495
0.494
0.531
0.507
0.507
0.579
0.513
0.430
0.522
0.467
0.460
0.502
0.476
0.463
0.536
0.477
0.389
0.486
0.444
0.414
0.467
0.455
0.407
0.494
0.445
0.398
0.507
0.454
0.418
0.478
0.460
0.420
0.518
0.460
0.388
0.518
0.462
0.405
0.482
0.463
0.407
0.524
0.460
0.452
0.519
0.479
0.478
0.505
0.489
0.481
0.533
0.484
0.382
0.459
0.423
0.400
0.440
0.427
0.408
0.474
0.431
0.433
0.528
0.459
0.463
0.506
0.467
0.469
0.547
0.469
0.424
0.525
0.462
0.454
0.503
0.471
0.463
0.548
0.475
0.401
0.503
0.441
0.427
0.477
0.447
0.430
0.516
0.448
0.413
0.511
0.474
0.439
0.492
0.482
0.426
0.512
0.468
0.422
0.533
0.480
0.443
0.506
0.485
0.438
0.541
0.480
0.412
0.536
0.486
0.430
0.501
0.486
0.424
0.536
0.474
0.469
0.532
0.495
0.492
0.517
0.503
0.486
0.537
0.491
0.401
0.475
0.441
0.422
0.457
0.444
0.420
0.484
0.443
0.459
0.551
0.489
0.490
0.532
0.498
0.487
0.564
0.490
0.447
0.545
0.491
0.478
0.526
0.501
0.478
0.563
0.497
0.425
0.523
0.467
0.455
0.503
0.476
0.449
0.532
0.469
0.443
0.439
0.463
0.487
0.441
0.481
0.475
0.441
0.465
0.443
0.453
0.468
0.479
0.449
0.482
0.472
0.459
0.472
0.433
0.463
0.474
0.468
0.449
0.482
0.464
0.463
0.471
0.519
0.485
0.500
0.563
0.488
0.517
0.560
0.495
0.505
0.438
0.414
0.435
0.474
0.413
0.445
0.475
0.426
0.444
0.498
0.486
0.483
0.552
0.486
0.501
0.548
0.498
0.492
0.493
0.477
0.489
0.546
0.481
0.508
0.549
0.497
0.505
0.463
0.458
0.464
0.513
0.458
0.481
0.505
0.466
0.473
0.428
0.391
0.461
0.472
0.405
0.482
0.459
0.401
0.464
0.439
0.406
0.474
0.474
0.418
0.490
0.469
0.422
0.479
0.420
0.412
0.477
0.458
0.418
0.491
0.453
0.423
0.475
0.494
0.436
0.487
0.537
0.448
0.507
0.533
0.451
0.492
0.428
0.382
0.439
0.465
0.392
0.453
0.465
0.399
0.448
0.475
0.439
0.469
0.530
0.452
0.494
0.520
0.457
0.478
0.476
0.438
0.480
0.528
0.450
0.503
0.528
0.461
0.494
0.440
0.409
0.453
0.492
0.424
0.476
0.480
0.424
0.460
0.414
0.404
0.445
0.456
0.407
0.465
0.449
0.414
0.450
0.427
0.434
0.459
0.462
0.431
0.473
0.460
0.448
0.467
0.409
0.438
0.465
0.441
0.428
0.473
0.444
0.445
0.466
0.486
0.450
0.480
0.531
0.458
0.502
0.532
0.470
0.491
0.413
0.390
0.423
0.448
0.391
0.435
0.455
0.410
0.437
0.470
0.453
0.465
0.516
0.452
0.482
0.527
0.477
0.482
0.465
0.448
0.470
0.514
0.451
0.491
0.527
0.479
0.494
0.435
0.425
0.445
0.479
0.424
0.461
0.482
0.444
0.460
0.403
0.396
0.434
0.438
0.395
0.446
0.435
0.400
0.436
0.408
0.413
0.439
0.438
0.409
0.449
0.442
0.423
0.449
0.402
0.418
0.451
0.428
0.407
0.453
0.430
0.418
0.447
0.462
0.430
0.455
0.501
0.432
0.471
0.500
0.438
0.459
0.405
0.387
0.415
0.437
0.385
0.425
0.443
0.401
0.426
0.453
0.443
0.447
0.496
0.442
0.462
0.500
0.457
0.457
0.452
0.439
0.456
0.494
0.440
0.471
0.502
0.456
0.469
0.419
0.409
0.429
0.460
0.410
0.443
0.463
0.423
0.442
