0.698
1.042
0.348
0.670
0.977
0.341
0.698
1.044
0.380
0.683
1.029
0.355
0.672
1.005
0.380
1.131
1.379
0.771
1.207
1.427
0.873
1.314
1.507
0.945
1.224
1.432
0.857
1.317
1.541
0.944
1.419
1.738
1.043
1.598
1.945
1.238
1.437
1.741
1.069
1.441
1.770
1.059
1.331
1.664
0.964
0.699
1.024
0.338
0.685
0.971
0.346
0.709
1.028
0.362
0.698
1.016
0.356
0.662
0.973
0.374
1.140
1.354
0.769
1.254
1.434
0.911
1.365
1.523
0.979
1.228
1.395
0.840
1.399
1.570
0.991
1.507
1.793
1.129
1.582
1.903
1.220
1.452
1.716
1.070
1.448
1.739
1.043
1.376
1.681
0.985
0.684
1.043
0.342
0.651
0.980
0.337
0.684
1.037
0.364
0.667
1.025
0.356
0.639
0.979
0.368
1.083
1.352
0.749
1.158
1.406
0.861
1.300
1.525
0.962
1.207
1.441
0.865
1.295
1.560
0.955
1.463
1.823
1.146
1.563
1.942
1.244
1.405
1.744
1.082
1.440
1.816
1.108
1.320
1.690
0.989
0.715
1.078
0.344
0.687
1.028
0.342
0.708
1.063
0.362
0.695
1.064
0.358
0.663
1.028
0.377
1.077
1.357
0.718
1.164
1.432
0.838
1.308
1.485
0.927
1.196
1.450
0.826
1.318
1.548
0.947
1.465
1.826
1.098
1.556
1.942
1.201
1.403
1.754
1.042
1.448
1.814
1.068
1.332
1.696
0.960
0.685
1.029
0.341
0.668
0.974
0.343
0.687
1.020
0.362
0.691
1.027
0.363
0.646
0.983
0.373
1.115
1.353
0.762
1.220
1.434
0.894
1.414
1.595
1.042
1.272
1.477
0.910
1.380
1.594
1.009
1.459
1.773
1.095
1.592
1.937
1.242
1.469
1.773
1.113
1.432
1.757
1.057
1.341
1.671
0.979
0.712
1.028
0.366
0.677
0.997
0.365
0.707
1.031
0.402
0.695
1.031
0.386
0.683
1.017
0.423
1.054
1.311
0.730
1.115
1.363
0.827
1.227
1.442
0.901
1.154
1.386
0.826
1.260
1.527
0.941
1.443
1.777
1.130
1.478
1.820
1.160
1.393
1.727
1.088
1.416
1.758
1.081
1.293
1.638
0.976
0.695
1.055
0.332
0.657
0.996
0.324
0.702
1.054
0.359
0.683
1.049
0.341
0.649
1.000
0.363
1.082
1.358
0.719
1.144
1.384
0.803
1.305
1.515
0.926
1.190
1.417
0.810
1.385
1.625
1.000
1.431
1.777
1.055
1.555
1.920
1.198
1.471
1.812
1.091
1.409
1.765
1.029
1.374
1.732
0.988
0.681
1.020
0.339
0.648
0.956
0.336
0.682
1.016
0.363
0.673
1.020
0.358
0.631
0.964
0.367
1.041
1.276
0.690
1.181
1.392
0.860
1.296
1.486
0.939
1.219
1.423
0.849
1.316
1.543
0.965
1.541
1.869
1.195
1.586
1.924
1.246
1.434
1.742
1.085
1.443
1.777
1.089
1.304
1.641
0.952
0.697
1.041
0.340
0.686
1.006
0.342
0.702
1.046
0.370
0.673
1.029
0.350
0.665
1.002
0.369
1.123
1.389
0.778
1.126
1.386
0.821
1.308
1.527
0.952
1.215
1.455
0.861
1.350
1.611
0.994
1.413
1.767
1.075
1.553
1.921
1.224
1.483
1.825
1.147
1.503
1.857
1.149
1.395
1.753
1.042
1.377
1.430
0.869
1.342
1.356
0.847
1.259
1.305
0.780
1.469
1.519
0.997
1.413
1.466
0.973
0.840
0.893
0.365
0.927
0.954
0.460
0.897
0.864
0.391
0.846
0.863
0.359
0.885
0.821
0.336
1.442
1.462
0.903
1.584
1.630
1.060
1.551
1.569
1.014
1.572
1.576
1.026
1.350
1.395
0.828
1.387
1.385
0.848
1.351
1.305
0.815
1.248
1.239
0.735
1.458
1.429
0.944
1.443
1.433
0.961
0.855
0.837
0.349
0.923
0.883
0.424
0.898
0.791
0.358
0.856
0.817
0.339
0.902
0.808
0.322
1.464
1.415
0.892
1.543
1.507
0.986
1.550
1.482
0.976
1.573
1.508
0.993
1.360
1.346
0.808
1.105
1.099
0.687
1.098
1.032
0.683
1.063
1.042
0.660
1.156
1.114
0.763
1.149
1.106
0.792
0.690
0.653
0.289
0.756
0.702
0.359
0.733
0.659
0.306
0.712
0.662
0.297
0.734
0.630
0.276
1.223
1.150
0.769
1.276
1.246
0.839
1.225
1.146
0.778
1.313
1.252
0.858
1.104
1.067
0.668
1.380
1.395
0.870
1.381
1.343
0.874
1.236
1.239
0.754
1.463
1.442
0.981
1.449
1.435
1.002
0.834
0.823
0.352
0.888
0.848
0.413
0.883
0.798
0.374
0.834
0.807
0.343
0.869
0.781
0.313
1.481
1.428
0.939
1.616
1.597
1.092
1.630
1.566
1.087
1.588
1.535
1.033
1.377
1.378
0.855
1.367
1.350
0.864
1.294
1.221
0.800
1.254
1.211
0.781
1.407
1.366
0.934
1.426
1.392
0.996
0.847
0.805
0.371
0.911
0.859
0.451
0.900
0.798
0.398
0.872
0.818
0.390
0.902
0.796
0.369
1.436
1.353
0.909
1.556
1.497
1.041
1.564
1.498
1.037
1.533
1.465
0.999
1.318
1.273
0.806
1.355
1.413
0.855
1.356
1.365
0.866
1.224
1.284
0.756
1.405
1.440
0.933
1.437
1.500
1.006
0.809
0.839
0.336
0.882
0.893
0.416
0.857
0.812
0.351
0.823
0.841
0.338
0.870
0.826
0.316
1.456
1.443
0.920
1.493
1.516
0.977
1.558
1.558
1.025
1.543
1.526
0.991
1.313
1.357
0.796
1.246
1.290
0.791
1.235
1.214
0.786
1.180
1.216
0.739
1.273
1.288
0.842
1.307
1.334
0.922
0.760
0.786
0.324
0.808
0.812
0.375
0.821
0.778
0.350
0.790
0.797
0.336
0.821
0.756
0.311
1.311
1.301
0.810
1.455
1.475
0.974
1.399
1.393
0.904
1.427
1.399
0.915
1.225
1.249
0.742
1.242
1.256
0.790
1.252
1.214
0.804
1.145
1.158
0.711
1.302
1.302
0.872
1.313
1.302
0.925
0.764
0.758
0.332
0.794
0.755
0.367
0.824
0.757
0.362
0.776
0.748
0.331
0.808
0.708
0.314
1.339
1.314
0.848
1.467
1.456
0.993
1.466
1.422
0.979
1.404
1.355
0.902
1.209
1.205
0.738
1.384
1.412
0.867
1.354
1.342
0.840
1.238
1.262
0.751
1.450
1.464
0.962
1.413
1.434
0.966
0.836
0.850
0.349
0.909
0.908
0.434
0.886
0.824
0.370
0.847
0.848
0.353
0.884
0.834
0.329
1.498
1.489
0.954
1.570
1.577
1.041
1.623
1.606
1.081
1.579
1.548
1.023
1.346
1.369
0.819
1.347
1.567
0.923
1.579
1.774
1.170
1.122
1.325
0.719
1.525
1.754
1.136
1.510
1.729
1.156
1.393
1.539
0.987
1.225
1.340
0.827
1.256
1.352
0.827
1.142
1.274
0.724
1.613
1.698
1.141
1.086
1.261
0.622
1.007
1.190
0.553
1.049
1.216
0.595
0.984
1.152
0.511
0.951
1.131
0.505
1.301
1.523
0.837
1.517
1.707
1.073
1.083
1.294
0.644
1.412
1.638
0.977
1.347
1.559
0.956
1.212
1.355
0.766
1.137
1.243
0.687
1.208
1.286
0.734
1.233
1.358
0.760
1.620
1.677
1.096
0.870
1.043
0.345
0.849
1.023
0.339
0.866
1.039
0.350
0.852
1.014
0.322
0.836
1.022
0.332
1.288
1.508
0.829
1.532
1.708
1.095
1.024
1.231
0.591
1.395
1.626
0.973
1.345
1.569
0.954
1.320
1.469
0.883
1.203
1.319
0.766
1.257
1.344
0.790
1.153
1.275
0.691
1.622
1.699
1.104
0.872
1.045
0.362
0.855
1.033
0.354
0.877
1.036
0.366
0.856
1.016
0.331
0.841
1.017
0.339
1.309
1.579
0.854
1.497
1.735
1.058
1.057
1.313
0.628
1.384
1.661
0.962
1.386
1.658
0.995
1.305
1.499
0.869
1.188
1.352
0.756
1.262
1.389
0.799
1.183
1.358
0.725
1.504
1.626
0.998
0.852
1.077
0.345
0.839
1.076
0.346
0.855
1.066
0.352
0.837
1.050
0.319
0.811
1.050
0.322
1.203
1.378
0.791
1.341
1.497
0.952
0.929
1.091
0.534
1.352
1.526
0.968
1.290
1.471
0.941
1.153
1.265
0.760
1.063
1.148
0.673
1.116
1.198
0.700
1.054
1.148
0.643
1.404
1.464
0.956
0.778
0.913
0.327
0.770
0.920
0.327
0.782
0.912
0.340
0.756
0.889
0.303
0.750
0.897
0.315
1.047
1.213
0.696
1.202
1.340
0.862
0.827
0.984
0.488
1.249
1.419
0.920
1.146
1.310
0.845
0.982
1.090
0.641
0.940
1.031
0.602
0.953
1.040
0.603
0.898
1.001
0.541
1.310
1.379
0.922
0.672
0.807
0.285
0.664
0.807
0.288
0.670
0.805
0.294
0.656
0.789
0.269
0.654
0.801
0.277
1.267
1.488
0.867
1.503
1.696
1.117
0.993
1.207
0.610
1.474
1.709
1.101
1.480
1.707
1.145
1.321
1.464
0.929
1.167
1.286
0.779
1.256
1.353
0.841
1.099
1.233
0.693
1.523
1.619
1.069
0.920
1.099
0.473
0.879
1.063
0.443
0.924
1.098
0.484
0.857
1.031
0.403
0.868
1.051
0.429
