0.962
1.001
1.022
0.963
0.977
1.008
0.970
1.009
1.025
0.985
0.992
1.018
0.844
0.886
0.901
0.835
0.855
0.880
0.969
1.003
1.034
0.973
0.974
1.017
0.934
0.973
1.002
0.958
0.962
1.004
0.933
0.975
0.991
0.951
0.956
0.993
0.776
0.836
0.875
0.754
0.804
0.845
0.896
0.933
0.962
0.912
0.911
0.955
0.947
0.989
1.013
0.964
0.974
1.008
0.912
1.019
0.977
0.932
1.019
0.966
0.942
1.015
0.985
0.944
1.008
0.967
0.924
1.021
0.979
0.940
1.022
0.968
0.918
1.020
0.979
0.960
1.048
0.999
0.880
0.957
0.937
0.885
0.957
0.928
0.786
0.860
0.827
0.789
0.858
0.811
0.881
0.959
0.931
0.878
0.952
0.910
0.991
1.014
1.046
0.982
0.991
1.026
0.992
1.022
1.046
0.994
0.994
1.025
0.859
0.895
0.914
0.849
0.865
0.892
0.984
1.020
1.052
0.982
0.983
1.027
0.951
0.987
1.020
0.965
0.970
1.012
0.955
0.989
1.009
0.966
0.969
1.006
0.810
0.864
0.905
0.773
0.819
0.864
0.922
0.955
0.987
0.923
0.921
0.966
0.964
0.999
1.027
0.973
0.981
1.016
0.935
1.038
0.999
0.941
1.030
0.976
0.959
1.028
0.997
0.954
1.018
0.974
0.948
1.042
0.998
0.951
1.037
0.980
0.939
1.039
0.997
0.970
1.057
1.008
0.900
0.975
0.953
0.897
0.968
0.938
0.800
0.872
0.839
0.799
0.867
0.821
0.903
0.978
0.948
0.891
0.964
0.923
0.967
1.014
1.032
0.965
0.992
1.017
0.969
1.019
1.032
0.979
0.998
1.020
0.842
0.891
0.900
0.837
0.865
0.885
0.968
1.015
1.037
0.974
0.985
1.022
0.934
0.987
1.009
0.952
0.972
1.006
0.937
0.989
0.997
0.947
0.965
0.993
0.788
0.860
0.888
0.766
0.831
0.861
0.903
0.948
0.971
0.911
0.921
0.959
0.950
1.002
1.019
0.960
0.983
1.009
0.917
1.033
0.986
0.939
1.032
0.980
0.947
1.026
0.991
0.946
1.016
0.972
0.925
1.031
0.983
0.940
1.030
0.974
0.920
1.032
0.986
0.960
1.055
1.005
0.884
0.969
0.941
0.889
0.965
0.934
0.789
0.869
0.831
0.793
0.867
0.820
0.884
0.970
0.936
0.883
0.961
0.920
0.982
1.024
1.048
0.974
0.985
1.021
0.992
1.033
1.053
0.986
0.990
1.021
0.860
0.907
0.921
0.848
0.870
0.895
0.988
1.030
1.059
0.978
0.980
1.025
0.956
1.000
1.028
0.964
0.973
1.015
0.957
1.004
1.020
0.958
0.964
1.002
0.802
0.868
0.903
0.785
0.832
0.871
0.922
0.962
0.992
0.918
0.921
0.964
0.964
1.012
1.035
0.970
0.980
1.016
0.939
1.047
1.008
0.940
1.028
0.979
0.963
1.039
1.009
0.953
1.017
0.977
0.943
1.044
1.001
0.944
1.029
0.976
0.944
1.047
1.006
0.962
1.049
1.001
0.905
0.986
0.965
0.898
0.970
0.943
0.803
0.881
0.849
0.810
0.879
0.836
0.902
0.985
0.955
0.890
0.963
0.925
0.964
1.003
1.028
0.960
0.985
1.016
0.967
1.011
1.028
0.973
0.989
1.016
0.845
0.893
0.906
0.831
0.862
0.887
0.964
1.008
1.037
0.965
0.978
1.020
0.934
0.976
1.006
0.948
0.964
1.005
0.931
0.979
0.992
0.943
0.959
0.995
0.764
0.832
0.869
0.729
0.790
0.834
0.895
0.937
0.966
0.905
0.914
0.958
0.942
0.992
1.014
0.955
0.979
1.011
0.915
1.033
0.984
0.922
1.024
0.965
0.942
1.024
0.987
0.931
1.012
0.963
0.924
1.033
0.981
0.931
1.030
0.967
0.919
1.032
0.982
0.950
1.052
0.996
0.881
0.969
0.943
0.882
0.967
0.935
0.785
0.869
0.827
0.777
0.858
0.805
0.878
0.967
0.931
0.870
0.957
0.909
0.984
1.018
1.041
0.965
0.988
1.015
0.988
1.030
1.045
0.976
0.991
1.015
0.850
0.896
0.905
0.829
0.860
0.880
0.988
1.029
1.054
0.975
0.985
1.024
0.952
0.994
1.018
0.955
0.971
1.007
0.956
1.000
1.012
0.945
0.960
0.991
0.795
0.860
0.890
0.757
0.819
0.855
0.921
0.960
0.984
0.907
0.918
0.955
0.962
1.007
1.026
0.960
0.977
1.007
0.933
1.044
0.997
0.931
1.029
0.973
0.954
1.033
0.995
0.940
1.016
0.965
0.937
1.040
0.988
0.931
1.026
0.965
0.937
1.041
0.994
0.950
1.046
0.992
0.891
0.973
0.946
0.880
0.964
0.928
0.792
0.873
0.831
0.782
0.864
0.811
0.898
0.980
0.943
0.869
0.956
0.907
0.985
1.030
1.043
0.992
1.010
1.036
0.997
1.041
1.052
1.014
1.027
1.048
0.859
0.904
0.913
0.861
0.884
0.905
0.999
1.035
1.061
0.996
1.000
1.040
0.957
0.999
1.022
0.978
0.985
1.024
0.961
1.007
1.015
0.979
0.990
1.021
0.806
0.869
0.897
0.789
0.837
0.874
0.930
0.966
0.990
0.942
0.945
0.983
0.969
1.016
1.031
0.990
1.005
1.034
0.951
1.057
1.013
0.982
1.072
1.016
0.966
1.040
1.005
0.969
1.040
0.993
0.950
1.047
1.000
0.968
1.056
0.997
0.949
1.051
1.004
0.983
1.075
1.021
0.902
0.978
0.953
0.915
0.990
0.957
0.801
0.877
0.839
0.806
0.879
0.829
0.905
0.984
0.950
0.902
0.979
0.933
1.045
1.083
1.097
1.044
1.056
1.082
1.061
1.098
1.110
1.080
1.091
1.112
0.920
0.959
0.967
0.913
0.934
0.952
1.060
1.092
1.115
1.060
1.061
1.099
1.029
1.065
1.085
1.048
1.050
1.087
1.022
1.062
1.071
1.032
1.039
1.069
0.893
0.946
0.970
0.865
0.905
0.937
0.986
1.017
1.040
0.983
0.985
1.020
1.032
1.072
1.088
1.049
1.058
1.087
1.010
1.103
1.069
1.037
1.116
1.068
1.064
1.130
1.102
1.088
1.145
1.104
1.030
1.116
1.079
1.067
1.143
1.092
1.029
1.119
1.081
1.084
1.162
1.116
0.990
1.057
1.037
1.013
1.078
1.049
0.905
0.973
0.944
0.924
0.987
0.945
0.978
1.047
1.022
0.976
1.042
1.004
0.969
1.010
1.032
0.977
0.998
1.026
0.976
1.019
1.036
0.990
1.006
1.030
0.849
0.893
0.906
0.845
0.874
0.893
0.984
1.022
1.050
0.983
0.990
1.030
0.949
0.991
1.018
0.965
0.977
1.017
0.948
0.992
1.006
0.960
0.973
1.005
0.789
0.855
0.886
0.764
0.827
0.858
0.929
0.965
0.994
0.924
0.931
0.972
0.954
0.999
1.019
0.970
0.987
1.016
0.915
1.027
0.984
0.946
1.041
0.992
0.950
1.029
0.996
0.953
1.024
0.981
0.932
1.034
0.985
0.953
1.044
0.989
0.929
1.033
0.990
0.968
1.059
1.013
0.887
0.970
0.944
0.895
0.973
0.943
0.790
0.871
0.833
0.797
0.874
0.828
0.887
0.970
0.937
0.886
0.966
0.926
0.986
1.018
1.038
0.991
1.008
1.034
0.989
1.024
1.036
1.004
1.012
1.034
0.861
0.898
0.908
0.863
0.880
0.901
0.987
1.023
1.045
0.995
1.001
1.037
0.959
0.994
1.016
0.977
0.984
1.019
0.959
0.996
1.006
0.972
0.982
1.011
0.810
0.866
0.893
0.795
0.842
0.874
0.926
0.957
0.980
0.937
0.940
0.977
0.968
1.007
1.022
0.982
0.994
1.021
0.936
1.037
0.990
0.944
1.028
0.977
0.963
1.033
0.996
0.968
1.029
0.986
0.947
1.039
0.990
0.960
1.040
0.986
0.944
1.039
0.993
0.983
1.065
1.020
0.901
0.975
0.947
0.915
0.984
0.953
0.805
0.876
0.839
0.815
0.881
0.837
0.898
0.974
0.938
0.905
0.979
0.936
0.986
1.026
1.044
0.983
0.999
1.028
0.986
1.030
1.042
0.993
1.000
1.025
0.857
0.901
0.909
0.854
0.873
0.895
0.989
1.029
1.052
0.989
0.995
1.030
0.955
0.999
1.020
0.966
0.975
1.012
0.959
1.004
1.012
0.965
0.977
1.006
0.820
0.882
0.907
0.795
0.846
0.875
0.919
0.960
0.981
0.925
0.929
0.965
0.962
1.008
1.023
0.978
0.987
1.016
0.936
1.037
1.000
0.955
1.039
0.993
0.959
1.032
0.998
0.964
1.024
0.984
0.945
1.038
0.995
0.951
1.031
0.981
0.940
1.037
0.996
0.977
1.056
1.014
0.910
0.985
0.959
0.922
0.988
0.959
0.804
0.875
0.841
0.811
0.874
0.834
0.905
0.982
0.952
0.897
0.968
0.930
0.975
0.969
0.982
0.985
0.992
0.984
1.002
0.986
0.995
1.000
0.991
0.986
0.987
0.980
0.986
0.995
1.002
0.989
0.980
0.979
0.987
1.015
1.027
1.019
0.937
0.923
0.942
0.942
0.929
0.943
0.835
0.830
0.835
0.839
0.832
0.827
0.934
0.925
0.936
0.935
0.933
0.931
0.995
0.979
0.991
1.000
1.004
0.991
1.011
0.991
0.997
1.006
0.997
0.986
1.004
0.988
0.992
1.005
1.010
0.993
1.000
0.990
0.994
1.027
1.035
1.020
0.953
0.932
0.948
0.954
0.945
0.949
0.846
0.831
0.837
0.841
0.833
0.823
0.951
0.931
0.943
0.943
0.934
0.930
0.854
0.849
0.858
0.870
0.882
0.873
0.879
0.869
0.870
0.885
0.885
0.876
0.857
0.856
0.854
0.869
0.882
0.867
0.858
0.860
0.861
0.889
0.906
0.894
0.825
0.816
0.825
0.843
0.846
0.847
0.753
0.756
0.754
0.770
0.774
0.765
0.828
0.822
0.824
0.833
0.839
0.830
0.985
0.969
0.996
1.000
1.007
1.010
0.997
0.974
0.993
0.998
0.993
0.991
0.991
0.972
0.990
0.994
1.003
0.997
0.984
0.972
0.990
1.018
1.030
1.029
0.942
0.917
0.948
0.940
0.937
0.952
0.837
0.822
0.838
0.838
0.839
0.837
0.941
0.920
0.944
0.935
0.937
0.940
0.962
0.947
0.970
0.952
0.962
0.958
0.995
0.969
0.987
0.979
0.970
0.966
0.978
0.960
0.976
0.965
0.973
0.964
0.971
0.962
0.978
0.989
1.001
0.997
0.934
0.912
0.939
0.919
0.914
0.927
0.824
0.813
0.825
0.817
0.814
0.810
0.927
0.908
0.929
0.912
0.911
0.910
0.974
0.962
0.981
0.976
0.983
0.975
0.984
0.965
0.977
0.977
0.970
0.960
0.972
0.958
0.968
0.970
0.978
0.959
0.968
0.960
0.971
0.992
1.005
0.991
0.925
0.905
0.928
0.922
0.914
0.919
0.822
0.812
0.821
0.817
0.812
0.802
0.922
0.903
0.918
0.910
0.906
0.899
0.792
0.806
0.816
0.817
0.843
0.831
0.840
0.831
0.834
0.846
0.845
0.836
0.800
0.813
0.800
0.827
0.849
0.823
0.800
0.816
0.817
0.844
0.871
0.859
0.767
0.766
0.781
0.784
0.789
0.803
0.682
0.694
0.677
0.693
0.700
0.682
0.769
0.771
0.762
0.766
0.779
0.768
0.933
0.916
0.940
0.943
0.949
0.950
0.947
0.921
0.939
0.948
0.937
0.940
0.929
0.913
0.926
0.928
0.934
0.929
0.928
0.913
0.932
0.956
0.966
0.965
0.884
0.862
0.887
0.897
0.892
0.906
0.799
0.787
0.800
0.813
0.808
0.808
0.879
0.861
0.878
0.878
0.875
0.880
0.968
0.958
0.972
0.966
0.976
0.966
0.998
0.978
0.989
0.988
0.981
0.974
0.981
0.971
0.978
0.977
0.990
0.973
0.983
0.977
0.987
1.001
1.014
1.006
0.934
0.916
0.937
0.929
0.925
0.934
0.834
0.824
0.832
0.831
0.829
0.822
0.931
0.916
0.930
0.921
0.920
0.917
