1.503
1.586
1.610
3.106
3.211
3.224
0.820
0.988
0.962
1.412
1.457
1.462
0.906
0.971
0.892
0.570
0.687
0.818
0.430
0.676
0.624
3.612
3.620
3.603
1.812
1.902
1.898
1.604
1.751
1.819
1.497
1.635
1.578
0.319
0.496
0.531
1.145
1.216
1.249
1.396
1.602
1.600
1.642
1.688
1.727
0.597
0.817
1.556
0.504
0.721
0.697
1.206
1.257
1.300
1.908
2.168
2.546
0.400
0.624
0.726
1.038
1.177
1.119
2.377
2.450
2.449
2.869
2.929
2.926
2.466
2.653
2.660
0.910
1.144
1.175
1.384
1.392
1.433
1.078
1.217
1.224
1.021
1.157
1.150
1.693
1.863
2.029
1.408
1.590
1.616
1.297
1.564
1.458
2.114
2.242
2.245
1.674
1.704
1.744
1.547
1.799
1.782
2.327
2.431
2.414
1.603
1.722
1.601
1.065
1.199
1.201
1.319
1.303
1.313
0.983
1.164
1.191
1.292
1.228
1.327
0.822
1.055
0.961
0.794
0.956
0.895
1.719
1.842
1.818
0.441
0.701
0.626
1.295
1.513
1.494
1.500
1.592
1.623
1.707
1.859
1.969
0.755
0.896
0.860
1.592
1.685
1.674
2.449
2.495
2.500
2.386
2.560
2.477
2.249
2.394
2.363
1.481
1.482
1.527
0.953
0.989
1.022
1.409
1.604
1.617
1.331
1.484
1.365
0.873
0.990
1.001
1.280
1.482
1.293
0.551
0.720
0.718
2.921
3.042
2.941
2.107
2.127
2.161
2.277
2.356
2.331
1.022
1.304
1.291
2.137
2.133
2.116
0.605
0.979
0.723
2.220
2.437
2.416
2.301
2.452
2.487
1.153
1.233
1.161
1.078
1.291
1.179
0.886
0.918
0.934
0.886
1.020
1.015
0.870
0.998
1.017
2.146
2.263
2.280
1.523
1.676
1.666
0.911
0.964
1.093
0.941
1.120
1.113
2.258
2.346
2.413
1.932
2.139
2.161
2.357
2.419
2.451
1.104
1.202
1.178
0.610
0.624
0.527
1.100
1.158
1.133
1.800
1.784
1.820
3.698
3.784
3.802
0.668
0.821
0.829
1.893
2.036
2.038
0.687
0.830
0.753
1.858
1.912
1.957
0.643
0.872
0.852
1.222
1.335
1.335
1.159
1.249
1.275
1.163
1.253
1.238
2.714
2.749
2.750
2.432
2.556
2.586
1.315
1.379
1.506
1.853
1.930
1.961
1.755
1.786
1.803
1.031
1.081
1.050
2.244
2.313
2.259
0.904
1.259
1.027
0.405
0.599
0.537
1.896
2.004
2.006
1.610
1.682
1.680
1.894
2.073
2.118
1.207
1.366
1.362
1.321
1.345
1.387
2.205
2.402
2.379
0.684
0.786
0.791
1.404
1.460
1.470
0.785
0.863
0.856
1.463
1.600
1.603
1.473
1.670
1.844
1.840
1.904
1.926
1.087
1.190
1.194
0.775
1.019
1.050
1.935
2.049
2.083
0.529
0.875
0.736
1.565
1.679
1.669
0.971
1.049
1.060
1.279
1.381
1.447
0.810
0.942
1.018
0.837
1.005
0.926
2.387
2.490
2.463
2.953
3.298
3.011
3.397
3.463
3.457
1.541
1.658
1.676
2.524
2.591
2.607
1.954
2.056
2.017
1.335
1.395
1.415
1.672
1.764
1.804
1.872
1.840
1.896
1.629
1.801
1.795
1.141
1.362
1.317
1.361
1.518
1.524
1.966
2.110
2.110
1.670
1.735
1.756
2.137
2.204
2.214
0.450
0.644
0.658
1.701
1.884
1.772
1.547
1.960
2.007
1.813
1.848
1.798
1.620
1.910
1.863
1.408
1.590
1.616
2.294
2.503
2.423
2.712
2.762
2.921
0.965
1.155
1.080
0.504
0.713
0.656
1.040
1.127
1.148
1.706
1.871
1.803
0.965
0.968
0.969
1.061
1.096
1.055
1.696
1.657
1.756
1.414
1.505
1.501
1.982
2.044
2.114
1.152
1.144
1.178
1.975
2.124
2.143
0.855
1.131
0.942
1.772
1.861
1.881
1.279
1.368
1.380
1.052
1.374
1.254
1.140
1.296
1.265
0.871
1.027
1.013
1.883
2.052
2.153
1.626
1.827
1.839
0.882
0.946
0.902
0.803
0.819
0.823
0.920
0.977
0.992
0.789
0.840
0.834
1.499
1.546
1.561
2.178
2.305
2.315
1.162
1.464
1.455
1.359
1.473
1.472
1.413
1.489
1.456
0.782
0.793
0.795
1.539
1.599
1.600
1.726
1.841
1.839
1.311
1.528
1.556
0.793
0.970
0.977
2.091
2.417
2.378
1.911
2.001
2.056
0.977
0.982
0.987
1.456
1.449
1.431
2.449
2.513
2.558
1.534
1.803
1.746
2.719
2.749
2.777
1.717
1.860
1.917
1.734
1.803
1.843
2.079
2.098
2.099
1.672
1.991
1.919
0.362
0.409
0.412
0.917
0.994
1.036
0.867
0.988
0.988
1.767
1.926
1.906
0.671
0.979
0.839
0.997
1.076
1.377
0.683
1.525
0.823
0.618
0.872
0.860
0.607
0.926
0.866
1.785
1.843
1.873
0.687
0.711
0.744
1.702
1.784
1.802
1.035
1.145
1.068
2.670
2.808
2.881
1.694
1.759
1.863
1.400
1.551
1.580
1.042
1.283
1.244
0.621
1.019
0.990
0.683
0.851
0.910
2.202
2.259
2.211
1.530
1.584
1.570
1.878
2.203
1.942
1.449
1.512
1.481
1.206
1.329
1.278
1.442
1.480
1.488
0.925
1.189
1.055
1.443
1.503
1.550
0.813
0.956
1.602
1.306
1.352
1.347
0.821
1.150
1.099
2.903
3.007
3.005
2.332
2.517
2.450
1.864
1.941
1.875
1.527
1.574
1.552
1.784
1.827
1.816
0.657
0.737
0.807
0.707
0.806
0.809
1.256
1.359
1.434
0.598
0.732
0.713
2.657
2.745
2.724
0.934
1.171
1.106
1.894
2.072
2.064
1.293
1.365
1.335
1.293
1.428
1.399
0.817
0.909
0.919
0.634
0.842
0.759
0.854
1.093
1.073
0.672
0.770
0.770
1.646
1.645
1.698
1.033
1.260
1.203
0.842
0.893
0.908
1.959
2.037
2.070
0.889
0.971
0.989
0.844
1.094
1.105
1.506
1.556
1.506
2.158
2.286
2.328
0.829
1.019
1.034
2.222
2.303
2.329
0.910
0.964
0.936
1.865
1.953
1.964
1.538
1.663
1.617
1.038
1.234
1.454
1.894
1.996
1.985
1.005
1.116
1.097
0.888
0.869
0.904
1.134
1.254
1.288
1.833
1.921
1.934
1.567
1.662
1.712
1.881
2.101
2.065
1.154
1.222
1.220
3.263
3.397
3.494
1.267
1.378
1.399
2.045
2.095
2.059
0.734
0.934
0.890
1.683
1.741
1.729
1.329
1.392
1.446
2.064
2.201
2.202
1.997
2.169
2.171
1.685
1.798
1.833
0.308
0.427
0.390
1.532
1.675
1.683
1.677
1.801
1.954
1.561
1.910
1.863
1.148
1.421
1.242
0.872
1.019
0.986
1.072
1.320
1.318
0.809
1.000
0.967
0.420
0.584
0.562
0.805
0.859
0.849
1.961
2.032
2.044
1.039
1.099
1.108
1.039
1.142
1.130
1.402
1.622
1.565
1.598
1.611
1.639
1.521
1.618
1.578
0.261
0.362
0.419
0.619
0.997
1.020
0.638
0.708
0.725
2.380
2.478
2.605
1.753
1.834
1.851
1.927
2.097
2.100
0.647
0.725
0.731
0.861
0.976
1.013
3.270
3.504
3.495
1.303
1.575
1.494
3.198
3.268
3.367
1.157
1.196
1.177
0.875
1.139
1.089
0.874
0.928
0.859
0.923
1.108
1.080
0.892
1.018
1.062
0.539
0.620
0.668
1.326
1.443
1.423
1.216
1.374
1.311
0.813
0.846
0.897
2.390
2.491
2.496
1.134
1.279
1.227
0.934
1.025
1.000
0.681
0.749
0.775
1.134
1.249
1.287
0.647
0.800
0.849
1.145
1.396
1.369
1.522
1.570
1.586
1.896
2.033
2.052
1.657
1.683
1.703
1.970
2.113
2.118
1.169
1.300
1.261
0.962
1.180
1.118
1.306
1.432
1.327
1.624
1.721
1.744
0.829
0.995
0.929
1.829
1.871
1.893
1.176
1.314
1.293
0.756
1.102
1.068
1.065
1.087
1.034
1.261
1.426
1.382
1.212
1.302
1.349
2.880
3.011
3.062
1.057
1.210
1.191
2.614
2.648
2.613
1.375
1.432
1.387
1.974
2.013
2.021
0.617
0.739
0.726
3.067
3.114
3.139
1.019
1.126
1.104
1.209
1.176
1.197
1.841
1.890
1.883
0.784
1.080
1.019
1.250
1.282
1.270
0.884
0.900
0.937
1.633
1.636
1.958
0.546
0.668
0.609
0.642
0.678
0.715
1.773
1.921
1.816
1.896
1.948
2.043
1.375
1.422
1.399
0.861
0.947
0.933
2.439
2.560
2.611
2.059
2.143
2.158
2.262
2.376
2.358
0.763
0.931
0.963
0.708
0.955
0.882
0.394
0.591
0.580
2.868
2.939
2.941
1.666
1.661
1.689
0.630
0.620
0.765
0.940
0.997
0.990
0.605
0.847
0.720
0.903
0.918
0.967
1.057
1.131
1.117
1.352
1.585
1.457
1.377
1.506
1.588
1.067
1.224
1.314
2.863
2.899
2.946
3.024
3.233
3.193
1.743
1.753
1.787
0.778
0.894
0.818
0.960
1.088
1.090
2.553
2.734
2.676
2.141
2.200
2.242
2.479
2.516
2.510
1.142
1.270
1.147
1.485
1.765
1.707
1.074
1.412
1.373
1.206
1.297
1.376
0.850
1.297
0.852
1.629
1.684
1.658
1.226
1.308
1.303
2.105
2.264
2.205
1.272
1.299
1.309
1.143
1.223
1.224
1.514
1.624
1.621
1.117
1.369
1.388
0.755
1.045
0.955
1.119
1.326
1.306
1.999
1.963
1.977
2.343
2.511
2.495
2.308
2.322
2.358
1.888
2.043
1.951
1.641
1.705
1.713
1.349
1.491
1.592
2.509
2.578
2.585
1.358
1.473
1.467
1.992
2.001
2.010
2.505
2.581
2.620
0.722
0.838
0.832
1.033
1.197
1.192
1.137
1.203
1.221
0.933
1.050
1.018
0.474
0.625
0.669
0.715
1.007
0.945
1.142
1.411
1.530
1.077
1.199
1.260
2.348
2.486
2.379
1.524
1.604
1.652
2.196
2.409
2.405
1.490
2.081
1.855
1.464
1.500
1.518
1.284
1.335
1.364
1.797
1.917
1.898
1.192
1.440
1.398
1.107
1.288
1.314
0.933
0.955
0.990
0.948
1.003
1.048
0.966
1.350
1.115
1.187
1.489
1.304
0.973
1.095
1.100
1.220
1.366
1.393
1.391
1.497
1.481
0.621
0.702
0.671
0.817
0.887
0.879
1.188
1.243
1.269
0.706
0.820
0.848
0.909
1.110
1.116
1.209
1.386
1.349
1.008
1.050
1.020
0.757
1.017
0.976
2.535
2.600
2.542
0.985
1.211
1.240
0.657
1.319
0.914
1.115
1.185
1.191
0.495
0.581
0.611
0.981
1.143
1.075
1.324
1.552
1.541
0.351
0.473
0.472
0.580
0.779
0.761
1.017
1.105
1.158
1.631
1.637
1.625
1.207
1.294
1.272
0.862
1.069
1.058
0.548
0.510
0.333
1.268
1.321
1.343
1.679
1.830
1.839
0.863
0.970
0.973
1.142
1.475
1.476
1.937
2.019
2.061
1.230
1.242
1.220
2.949
3.073
3.042
0.527
0.686
0.651
0.813
0.860
0.872
0.685
0.743
0.719
1.054
1.175
1.289
1.054
1.259
1.281
1.230
1.422
1.361
1.619
1.690
1.708
1.143
1.341
1.306
1.569
1.657
1.699
1.637
1.734
1.737
1.319
1.404
1.399
2.290
2.330
2.345
2.031
2.110
2.109
1.434
1.502
1.487
1.677
1.720
1.776
2.007
2.157
2.143
1.173
1.285
1.254
0.921
0.974
0.984
1.863
1.898
1.897
3.004
3.087
2.924
2.244
2.319
2.373
0.606
0.579
0.671
2.001
2.083
2.097
1.716
1.671
1.675
1.594
1.704
1.608
1.344
1.374
1.346
1.444
1.595
1.583
1.322
1.405
1.386
2.291
2.357
2.376
1.583
1.650
1.712
1.890
1.955
1.965
0.972
1.280
1.089
0.652
0.743
0.695
0.699
0.821
0.856
1.786
1.834
1.965
1.811
1.690
1.853
0.932
0.919
0.872
1.583
1.621
1.640
1.008
1.142
1.127
1.276
1.405
1.370
2.517
2.452
2.573
1.510
1.540
1.599
1.243
1.450
1.368
1.155
1.210
1.232
0.856
1.021
1.056
1.298
1.387
1.371
1.094
1.168
1.131
0.572
0.836
0.716
1.780
1.916
1.858
3.227
3.261
3.242
0.227
0.629
0.517
0.530
1.082
0.918
1.711
1.699
1.660
1.875
1.942
1.966
1.417
1.525
1.489
1.612
2.226
1.709
2.030
2.442
2.065
1.613
1.810
1.808
0.366
0.468
0.464
1.882
2.069
2.104
1.458
1.663
1.586
0.625
0.786
0.820
0.671
0.759
0.746
2.290
2.412
2.373
1.604
1.740
2.003
0.744
0.927
1.231
0.856
0.943
0.840
1.825
2.031
1.997
1.104
1.217
1.251
0.672
0.905
1.030
1.057
1.240
1.270
0.734
0.813
0.865
0.728
0.909
0.919
0.792
0.948
0.892
1.297
1.407
1.428
1.769
1.920
1.763
2.948
3.049
3.056
1.569
2.081
2.244
1.312
1.488
1.456
1.963
2.056
2.012
1.120
1.425
1.424
0.989
1.156
1.102
1.218
1.353
1.280
1.724
1.832
1.801
1.065
1.318
1.389
2.223
2.287
2.302
1.510
1.554
1.580
0.704
0.885
0.923
2.479
2.582
2.585
1.560
1.623
1.606
1.911
2.022
2.084
1.097
1.328
1.210
1.280
1.540
1.555
1.167
1.255
1.245
1.016
1.225
1.155
1.849
2.037
2.024
1.981
2.017
2.041
1.574
1.735
1.696
0.667
0.832
0.826
0.865
1.033
1.043
0.694
0.887
0.906
0.438
0.610
0.561
0.961
1.133
1.058
2.082
2.212
2.273
1.428
1.532
1.569
0.653
0.820
0.780
0.555
0.663
0.666
1.200
1.368
1.320
1.269
1.551
1.533
1.364
1.501
1.485
1.002
1.024
1.034
1.183
1.234
1.279
0.980
1.186
1.176
1.337
1.452
1.435
1.057
1.173
1.159
1.419
1.457
1.496
0.714
0.724
0.776
1.919
2.009
1.969
1.951
2.035
2.050
1.757
1.997
2.034
1.299
1.422
1.385
1.702
1.840
1.839
1.160
1.280
1.281
1.085
1.366
1.323
1.085
1.305
1.389
2.818
2.983
3.010
0.821
0.945
0.940
1.148
1.294
1.363
0.839
0.973
0.911
1.893
1.932
2.047
1.262
1.191
1.255
0.860
0.920
0.924
0.906
0.851
0.965
0.713
0.712
0.744
0.752
1.064
0.886
0.559
0.639
0.735
1.090
1.174
1.197
3.157
3.145
3.174
1.971
2.098
2.059
2.326
2.519
2.500
0.973
1.225
1.226
1.145
1.190
1.190
1.889
1.966
1.898
2.080
2.569
2.198
1.983
2.103
2.017
0.811
0.986
1.014
1.277
1.507
1.348
2.031
2.186
2.185
0.414
0.627
1.037
1.246
1.233
1.250
2.476
2.705
2.333
0.914
1.051
0.959
1.541
1.502
1.591
0.965
1.167
1.654
3.226
3.297
3.304
1.498
1.668
1.774
2.117
2.130
2.130
0.695
0.821
0.811
0.627
0.736
0.746
1.419
1.478
1.492
3.552
3.618
3.626
1.242
1.309
1.280
2.088
2.236
2.183
0.437
0.432
0.459
0.661
0.916
0.862
2.080
2.330
2.430
0.740
0.985
1.036
1.154
1.219
1.203
1.661
1.817
1.814
1.221
1.311
1.296
1.174
1.246
1.254
1.754
1.827
1.871
2.549
2.570
2.628
1.857
2.047
1.956
1.055
1.113
1.104
0.822
0.906
0.904
1.852
2.077
1.953
1.852
2.041
1.953
1.852
2.021
1.953
1.078
1.097
1.091
1.572
1.707
1.726
1.737
1.804
1.752
0.899
0.925
0.909
0.353
0.592
0.567
1.454
1.593
1.545
2.103
2.153
2.199
1.112
1.222
1.241
0.701
0.804
0.738
1.531
1.595
1.541
1.310
1.359
1.390
0.846
0.989
1.073
1.188
1.508
1.482
1.098
1.230
1.206
1.125
1.235
1.322
1.052
1.194
1.364
1.192
1.358
1.366
2.108
2.238
2.163
2.009
1.936
1.966
1.474
1.564
1.523
2.386
2.520
2.510
1.261
1.273
1.319
1.849
1.836
1.864
1.855
1.859
1.979
1.855
1.859
1.979
1.064
1.426
1.174
1.972
1.842
1.848
0.876
1.110
1.046
0.876
1.156
1.046
1.857
2.080
2.031
0.928
1.041
1.094
0.968
1.116
1.038
2.512
2.533
2.521
0.533
0.659
0.660
1.094
1.333
1.251
1.408
1.583
1.635
1.159
1.211
1.092
2.591
2.676
2.650
1.266
1.334
1.373
2.595
2.750
2.693
1.977
2.049
2.033
1.482
1.576
1.535
1.778
1.815
1.826
1.146
1.214
1.191
0.786
0.982
0.930
1.109
1.179
1.118
1.264
1.336
1.336
1.404
1.406
1.487
1.319
1.382
1.390
1.454
1.668
1.680
0.905
1.028
1.015
1.279
1.410
1.341
1.555
1.631
1.651
0.551
0.746
0.744
1.339
1.504
1.462
1.936
1.969
1.991
0.463
0.707
0.772
0.769
0.833
0.823
0.953
1.083
1.096
0.520
0.713
0.730
1.026
1.292
1.277
0.603
0.801
0.737
1.568
1.575
1.641
1.610
1.713
1.690
0.788
0.859
0.833
1.956
2.166
2.181
1.857
1.901
1.846
0.916
1.134
1.186
0.817
0.890
0.884
1.589
1.749
1.716
1.984
2.064
2.104
1.205
1.275
1.235
0.388
0.498
0.462
0.707
1.035
0.777
1.453
1.566
1.511
1.137
1.281
1.261
1.165
1.283
1.262
0.923
1.025
1.037
1.372
1.599
1.556
2.834
2.848
2.939
1.319
1.411
1.377
1.066
1.191
1.266
1.295
1.414
1.395
2.117
2.167
2.206
1.661
1.768
1.771
1.915
1.932
1.934
2.382
2.505
2.529
1.693
1.895
1.871
1.869
2.011
2.113
1.501
1.550
1.542
1.290
1.329
1.328
1.738
1.835
1.936
1.171
1.360
1.394
0.869
0.967
0.961
1.125
1.296
1.362
0.637
0.660
0.643
1.308
1.299
1.277
1.962
2.133
2.086
3.626
3.674
3.760
1.243
1.421
1.289
1.066
1.044
1.068
1.221
1.315
1.324
0.980
1.189
1.144
0.856
1.039
1.066
0.382
0.582
0.633
1.103
1.143
1.220
1.023
1.101
1.099
1.412
1.495
1.497
2.826
2.880
2.924
3.007
3.163
3.155
2.221
2.186
2.237
1.572
1.705
1.735
1.635
1.754
1.767
1.346
1.454
1.417
0.764
0.850
0.908
3.367
3.450
3.406
1.830
1.959
1.886
1.714
1.890
1.706
1.291
1.347
1.411
1.668
1.871
1.805
2.162
2.278
2.221
1.526
1.590
1.555
1.549
1.587
1.616
1.854
1.929
1.925
0.797
1.106
1.065
1.278
1.341
1.374
1.116
1.186
1.106
1.068
1.142
1.140
1.892
2.094
1.999
1.587
1.577
1.580
1.742
1.848
1.835
1.006
1.098
1.155
1.830
1.973
1.936
0.934
1.049
0.999
1.511
1.543
1.579
1.511
1.543
1.579
1.364
1.464
1.430
1.712
1.913
1.883
2.564
2.610
2.752
0.840
0.967
0.917
1.526
1.689
1.683
1.599
1.697
1.697
0.537
0.798
0.713
1.458
1.676
1.624
2.529
2.566
2.550
1.419
1.590
1.582
2.118
2.222
2.226
0.827
0.950
0.922
0.922
1.260
1.169
0.930
1.058
1.091
1.665
1.713
1.743
1.126
1.172
1.106
1.376
1.558
1.533
1.281
1.276
1.331
1.281
1.414
1.437
1.341
1.340
1.372
0.908
1.162
1.136
1.135
1.369
1.365
1.481
1.581
1.576
1.724
2.030
2.080
2.476
2.566
2.573
1.089
1.135
1.192
1.587
1.968
1.963
0.889
0.953
0.946
1.594
1.591
1.559
0.620
0.733
0.759
0.949
1.006
1.002
1.121
1.165
1.211
2.226
2.735
2.768
2.314
2.377
2.369
3.018
3.084
3.159
1.154
1.225
1.222
0.823
0.820
0.946
1.171
1.151
1.180
0.847
0.910
0.932
0.669
1.253
0.858
1.842
1.924
1.901
1.353
1.331
1.401
1.839
1.958
1.943
1.740
1.871
1.846
1.730
1.775
1.724
0.814
1.020
1.050
1.096
1.205
1.208
2.334
2.311
2.366
0.729
0.922
0.892
1.284
1.465
1.495
1.673
1.748
1.727
2.214
2.528
2.501
0.964
1.134
1.185
1.757
1.859
1.931
1.200
1.225
1.207
0.972
1.073
1.004
1.877
2.071
2.084
2.257
2.393
2.394
1.457
1.520
1.501
1.594
1.848
1.870
1.899
2.014
1.976
2.472
2.550
2.541
1.254
1.358
1.368
3.991
4.063
4.086
2.144
2.304
2.320
1.331
1.458
1.468
0.624
1.063
1.010
1.147
1.272
1.296
2.716
2.795
2.787
0.849
1.127
0.989
0.835
0.912
0.957
0.644
0.714
0.865
2.217
2.361
2.456
0.828
0.779
0.828
0.527
0.607
0.617
0.904
1.142
1.256
1.637
1.646
1.689
0.529
0.629
0.606
1.718
1.844
1.864
1.694
1.785
1.833
1.405
1.543
1.504
1.691
1.814
1.736
1.150
1.637
1.416
1.284
1.470
1.425
2.279
2.404
2.354
1.919
1.964
1.968
1.706
1.822
1.872
2.441
2.521
2.511
0.867
1.698
1.124
0.626
0.726
0.735
0.528
0.756
0.773
1.765
2.026
2.010
0.796
0.851
0.861
0.765
0.934
0.965
1.422
1.514
1.508
1.589
1.550
1.599
1.838
1.928
1.910
0.220
0.208
0.289
2.485
2.573
2.571
1.339
1.623
1.687
0.955
0.958
0.969
2.456
2.493
2.467
2.794
2.893
2.859
1.910
2.030
1.973
0.871
1.018
1.033
1.240
1.337
1.220
1.699
1.758
1.765
1.199
1.291
1.495
2.331
2.428
2.452
1.112
1.138
1.104
3.255
3.439
3.532
1.695
2.008
2.037
1.636
1.676
1.766
1.746
2.301
2.301
0.591
0.747
0.788
2.055
2.112
2.131
0.853
0.873
0.861
1.551
1.518
1.539
0.256
0.383
0.368
1.191
1.219
1.210
1.605
1.665
1.695
0.898
1.251
0.889
0.871
1.038
1.014
0.760
0.826
0.803
1.852
1.825
1.925
1.394
1.453
1.436
2.003
2.146
2.108
2.306
2.380
2.404
1.307
1.313
1.337
1.926
2.032
2.018
1.845
2.060
2.069
1.300
1.360
1.359
1.570
1.665
1.597
1.593
1.684
1.696
0.624
0.745
0.830
0.575
0.871
1.075
1.455
1.557
1.589
0.663
0.850
0.841
0.817
0.918
0.946
0.406
0.369
0.415
0.678
0.881
0.834
2.314
2.383
2.476
1.140
1.266
1.238
1.427
1.478
1.465
0.749
0.876
0.944
1.035
1.225
1.299
1.496
1.645
1.628
3.156
3.303
3.336
2.184
2.159
2.226
0.760
0.818
0.848
1.292
1.451
1.374
1.276
1.422
1.388
4.398
4.424
4.424
1.154
1.342
1.287
2.402
2.609
2.580
0.979
1.251
1.087
0.859
0.930
0.977
1.480
1.569
1.580
0.895
1.005
1.039
1.592
1.634
1.608
2.685
2.849
2.845
2.575
2.561
2.660
0.772
0.927
0.993
0.754
0.938
0.988
1.472
1.560
1.553
1.185
1.279
1.197
1.839
2.101
1.853
2.329
2.671
2.545
1.435
1.546
1.578
2.015
2.052
2.094
1.528
1.626
1.602
2.109
2.167
2.155
2.011
2.174
2.238
2.884
2.947
2.966
1.618
1.730
1.705
2.872
3.069
3.045
2.208
2.329
2.326
1.025
1.076
1.030
0.595
0.684
0.569
1.729
1.872
1.884
0.550
0.817
0.795
2.052
2.001
1.949
1.986
2.111
2.116
1.627
1.669
1.746
0.853
0.985
1.022
2.471
2.519
2.490
1.143
1.318
1.269
2.325
2.428
2.388
1.257
1.276
1.321
0.467
0.591
0.611
2.022
2.100
2.079
0.917
1.092
1.016
0.830
0.868
0.881
1.535
1.518
1.627
1.273
1.378
1.377
0.703
0.859
0.897
0.911
0.996
0.858
1.607
1.839
1.725
0.916
0.993
1.016
0.560
0.665
0.687
1.669
1.801
1.817
1.718
1.793
1.772
1.293
1.362
1.330
1.582
1.992
2.200
1.277
1.435
1.424
1.301
1.513
1.491
2.291
2.308
2.330
0.915
1.020
0.960
0.841
0.936
0.860
1.501
1.588
1.578
1.649
1.849
1.754
1.442
1.479
1.478
0.674
0.807
0.754
1.102
1.203
1.143
0.396
0.599
0.543
1.735
1.887
1.918
2.010
2.063
2.023
0.776
1.040
1.056
1.304
1.318
1.397
2.010
2.063
2.023
1.756
1.801
1.829
0.948
1.044
1.054
1.441
1.560
1.536
0.778
0.843
0.847
1.150
1.280
1.299
1.023
1.155
1.201
2.801
2.897
2.904
1.544
1.609
1.637
1.967
2.110
2.056
0.655
0.844
0.776
0.672
0.968
1.064
1.515
1.556
1.591
1.301
1.320
1.378
1.215
1.278
1.261
0.656
0.742
0.756
0.551
0.729
0.620
1.006
1.286
1.228
1.786
2.046
2.173
0.949
1.184
1.144
0.973
1.040
1.043
1.951
2.115
2.087
0.788
0.877
0.832
1.069
1.341
1.207
0.800
0.866
0.858
1.240
1.254
1.261
0.772
0.935
1.215
0.790
0.958
0.935
1.279
1.483
1.523
1.336
1.623
1.621
1.260
1.299
1.298
1.434
1.492
1.491
1.011
1.005
0.960
2.125
2.379
2.285
1.364
1.532
1.586
1.291
1.358
1.308
0.997
1.071
1.091
2.126
2.191
2.163
0.467
0.590
0.552
1.347
1.567
1.460
1.189
1.443
1.572
1.167
1.258
1.240
1.944
2.015
2.028
1.043
1.170
1.126
1.254
1.288
1.317
1.206
1.281
1.237
1.188
1.265
1.277
1.422
1.628
1.541
1.122
1.154
1.164
1.445
1.608
1.561
2.132
2.107
2.128
0.825
0.793
0.807
0.745
0.838
0.836
1.337
1.412
1.356
1.356
1.501
1.474
0.888
0.965
0.974
1.421
1.653
1.614
0.868
1.049
1.015
2.445
2.579
2.542
1.915
2.115
2.233
2.985
3.090
3.098
1.958
2.287
2.237
1.504
1.586
1.733
1.099
1.197
1.249
0.761
0.840
0.846
0.801
0.909
0.945
1.439
1.437
1.520
1.029
1.092
1.119
1.075
1.207
1.229
0.795
0.886
0.793
1.776
1.803
1.764
2.635
2.770
2.814
2.826
2.834
2.789
1.447
1.603
1.691
0.915
1.235
1.218
2.358
2.411
2.510
2.025
2.084
2.104
0.942
1.108
1.076
1.280
1.499
1.523
2.538
2.625
2.632
0.859
1.057
1.047
1.071
1.209
1.287
0.697
0.976
0.921
1.027
1.146
1.081
0.946
1.146
1.205
2.561
2.771
2.923
0.661
0.881
0.843
1.536
1.678
1.574
0.950
1.016
1.070
2.135
2.153
2.108
1.074
1.152
1.162
1.369
1.675
1.662
0.574
0.855
0.838
0.684
0.886
0.949
0.830
0.915
0.897
1.067
1.176
1.195
1.452
1.577
1.572
1.908
1.993
1.941
1.789
2.262
2.066
1.686
1.731
1.750
0.706
0.781
0.820
0.807
0.930
0.930
0.836
1.031
1.032
2.092
2.128
2.243
0.654
0.783
0.826
1.075
1.185
1.224
1.515
1.570
1.528
0.941
0.959
0.947
1.454
1.480
1.476
0.871
0.999
1.002
1.733
1.833
1.829
0.731
0.775
0.799
1.012
1.121
1.075
0.835
0.873
0.896
1.325
1.433
1.538
1.649
1.812
1.900
1.649
1.911
1.961
0.892
1.032
1.020
1.447
1.609
1.562
0.948
1.146
1.096
0.629
0.847
0.876
1.618
1.727
1.738
1.571
1.665
1.657
1.392
1.525
1.514
0.741
0.975
0.902
0.680
0.788
0.784
2.461
2.450
2.488
2.065
1.999
2.095
2.051
2.217
2.171
1.521
1.807
1.690
1.438
1.440
1.507
1.352
1.392
1.555
1.511
1.676
1.586
0.651
0.830
0.726
1.342
1.377
1.402
1.664
1.718
1.690
0.684
0.887
0.913
0.528
0.674
0.737
1.812
1.856
1.863
3.433
3.538
3.538
2.344
2.456
2.445
1.697
1.791
1.782
0.906
0.984
1.002
1.032
1.109
1.073
2.018
2.055
2.035
2.707
2.720
2.720
0.911
0.978
0.956
1.762
1.821
1.848
2.312
2.274
2.387
2.272
2.457
2.428
0.650
0.612
0.644
2.433
2.455
2.387
1.446
1.594
1.583
0.927
1.023
0.984
0.487
0.524
0.494
2.527
2.674
2.640
0.794
0.948
0.948
1.523
1.604
1.634
0.832
1.076
1.024
1.889
1.907
1.965
2.319
2.410
2.787
2.290
2.555
2.451
1.187
1.312
1.282
0.801
0.960
0.923
0.659
0.808
0.814
1.065
1.096
1.234
1.259
1.388
1.417
2.551
2.563
2.560
1.659
1.718
1.780
1.010
1.035
1.023
1.460
1.615
1.623
2.167
2.200
2.227
2.308
2.353
2.428
1.902
2.010
2.069
2.141
2.406
2.333
2.102
2.418
2.441
2.013
2.072
2.063
2.114
2.295
2.165
1.157
1.441
1.529
1.438
1.552
1.584
1.333
1.508
1.491
2.110
2.236
2.260
2.180
2.206
2.210
1.272
1.530
1.379
1.467
1.609
1.600
1.467
1.559
1.642
1.846
1.896
1.867
1.942
2.092
2.023
2.526
2.486
2.499
1.376
1.407
1.429
2.643
2.686
2.656
2.106
2.121
2.109
1.660
1.978
1.946
2.431
2.558
2.583
1.235
1.304
1.410
0.358
0.495
0.489
2.095
2.106
2.324
1.443
1.590
1.863
1.867
1.921
1.927
1.469
1.525
1.542
0.519
0.667
0.689
1.437
1.533
1.483
2.360
2.476
2.492
1.239
1.403
1.340
2.014
2.175
2.181
2.815
2.824
2.829
2.080
2.340
2.296
2.629
2.686
2.773
1.229
1.598
1.681
2.134
2.252
2.215
0.369
0.433
0.446
1.299
1.337
1.373
1.362
1.507
1.417
2.056
2.127
2.105
1.950
2.013
2.069
1.660
1.840
1.900
1.457
1.629
1.522
1.638
1.790
1.839
1.443
1.473
1.474
1.208
1.279
1.305
0.945
1.100
1.087
1.162
1.254
1.161
0.481
0.713
0.721
0.883
0.901
0.866
0.807
0.887
0.940
1.144
1.255
1.177
1.605
1.638
1.633
2.258
2.368
2.375
1.551
1.592
1.590
0.633
0.724
0.795
1.641
1.656
1.681
1.883
1.899
1.878
0.957
0.902
0.947
0.781
1.069
1.022
1.575
1.833
1.785
2.445
2.718
2.742
1.597
1.677
1.659
1.065
1.197
1.175
1.458
1.494
1.496
1.948
2.057
2.018
2.796
2.891
2.888
0.880
0.956
0.931
2.935
2.951
3.051
1.898
2.000
1.996
1.528
1.631
1.608
1.196
1.135
1.214
1.667
1.727
1.615
1.265
1.430
1.400
1.476
1.589
1.622
2.019
2.042
2.128
1.614
1.731
1.704
2.759
2.765
2.575
0.887
0.942
0.960
1.625
1.702
1.731
1.732
1.798
1.729
1.061
1.150
1.202
1.189
1.211
1.271
1.766
1.810
1.812
0.400
0.624
0.687
1.891
1.914
1.931
1.538
1.570
1.572
2.184
2.225
2.282
1.489
1.855
1.865
0.940
1.046
1.045
0.803
0.998
0.910
0.402
0.556
0.456
0.976
1.083
1.127
1.665
1.768
1.730
1.942
2.054
2.007
1.176
1.245
1.239
1.689
1.807
1.782
0.955
1.079
1.124
0.527
0.616
0.563
1.468
1.678
1.602
0.920
1.112
1.109
0.788
0.847
0.887
0.696
0.840
0.806
0.875
0.915
1.090
0.455
0.592
0.670
1.353
1.370
1.428
1.654
1.772
1.708
0.662
0.753
0.866
1.356
1.442
1.471
1.760
1.963
1.962
1.367
1.529
1.562
1.142
1.239
1.251
0.843
0.932
0.963
0.679
0.832
0.814
1.038
1.229
1.235
1.677
1.729
1.734
0.925
1.015
1.054
2.171
2.226
2.230
0.925
1.590
1.054
1.364
1.388
1.382
0.944
1.122
1.116
0.430
0.579
0.580
2.265
2.265
2.306
1.506
1.564
1.587
1.644
1.705
1.708
1.243
1.269
1.255
1.107
1.228
1.255
1.905
2.052
2.069
0.811
0.970
0.913
0.947
1.198
1.077
2.784
2.832
2.773
1.301
1.575
1.507
0.888
0.923
0.859
0.950
1.257
1.257
2.587
2.623
2.563
1.042
1.672
1.794
1.085
1.194
1.190
1.384
1.571
1.567
2.104
2.259
2.182
2.205
2.199
2.232
0.464
0.740
0.689
2.088
2.243
2.164
1.256
1.374
1.351
1.009
1.236
1.187
0.641
0.943
0.935
0.919
1.092
1.076
0.622
0.583
0.627
1.006
0.991
0.998
0.948
1.071
1.105
0.796
0.840
0.820
1.328
1.758
1.387
1.347
1.360
1.330
0.959
1.063
1.056
0.911
1.037
0.948
0.732
0.821
0.818
1.069
1.076
1.113
0.901
0.977
0.953
1.477
1.548
1.491
0.934
1.061
1.055
1.000
1.076
1.059
2.231
2.321
2.353
0.605
0.753
0.715
1.121
1.314
1.282
1.560
1.623
1.644
1.045
1.116
1.131
1.332
1.376
1.357
1.280
1.325
1.335
0.906
1.071
1.023
2.302
2.307
2.280
1.243
1.392
1.379
2.061
2.606
2.127
1.571
1.674
1.695
2.521
2.708
2.740
2.189
2.174
2.199
1.177
1.222
1.191
1.281
1.382
1.358
1.813
1.889
1.830
0.333
0.398
0.384
0.641
0.737
0.718
1.648
1.905
1.984
1.362
1.573
1.515
1.380
1.443
1.415
0.857
1.097
1.076
0.970
1.069
0.998
2.869
2.985
3.023
0.951
1.146
1.220
0.936
1.010
1.033
0.817
1.078
1.095
1.275
1.358
1.243
0.842
0.936
0.944
1.640
1.692
1.704
1.893
2.261
2.159
1.010
1.218
1.160
1.446
1.515
1.880
1.723
1.806
1.817
1.348
1.539
1.474
2.030
2.104
2.083
0.871
1.015
1.019
1.471
1.607
1.631
1.907
1.937
1.944
1.845
1.900
1.942
2.195
2.762
3.109
2.259
2.331
2.302
1.541
1.706
1.670
0.906
1.742
1.150
1.661
1.927
1.833
1.273
1.295
1.346
0.964
1.061
1.101
1.579
1.774
1.800
2.104
2.288
2.381
1.318
1.387
1.388
0.250
0.388
0.402
0.784
0.856
0.871
1.427
1.565
1.553
1.536
1.673
1.515
1.644
1.879
1.862
1.310
2.001
2.049
1.560
1.691
1.537
0.767
1.150
0.959
0.855
0.956
0.929
1.109
1.396
1.338
1.722
1.800
1.771
1.184
1.308
1.305
1.063
1.076
1.072
1.064
1.129
1.142
0.858
1.009
0.926
1.174
1.264
1.306
1.825
2.039
2.058
1.747
1.820
1.892
1.354
1.500
1.483
1.246
1.458
1.407
0.577
0.733
0.765
0.693
0.743
0.769
1.850
1.896
1.902
1.059
1.112
1.103
0.852
1.126
1.065
0.458
0.467
0.415
0.830
0.932
0.945
0.933
1.056
1.043
0.366
0.935
1.282
0.647
0.661
0.623
1.454
1.522
1.527
2.735
2.853
3.082
2.148
2.242
2.253
1.149
1.198
1.200
1.974
2.110
2.093
1.927
2.016
1.998
1.031
1.163
1.215
1.031
1.289
1.304
1.652
1.710
1.833
0.900
1.006
1.228
2.910
2.902
2.957
1.792
1.858
1.864
1.159
1.337
1.298
1.142
1.153
1.208
1.422
1.483
1.501
1.457
1.551
1.539
2.082
2.175
2.154
1.069
1.199
1.111
4.280
4.337
4.425
1.116
1.190
1.176
1.226
1.376
1.359
1.734
1.813
1.821
1.000
1.071
1.118
1.663
1.748
1.797
2.196
2.255
2.316
1.885
1.980
1.974
0.570
0.757
0.725
2.611
2.740
2.718
1.472
1.582
1.588
2.152
2.176
2.195
1.566
1.629
2.159
2.063
2.153
2.149
0.889
1.011
1.021
1.708
1.855
1.795
1.181
1.243
1.214
1.802
1.858
1.830
3.708
3.766
3.808
0.683
0.752
0.743
1.031
1.167
1.185
1.492
1.622
1.623
1.430
1.576
1.563
1.345
1.340
1.386
1.102
1.249
1.211
2.875
2.978
2.923
1.319
1.337
1.575
1.155
1.383
1.421
1.599
1.719
1.734
0.522
0.643
0.656
1.422
1.460
1.473
2.717
2.761
2.731
1.572
1.736
1.655
0.914
1.028
0.997
1.903
1.984
1.968
1.183
1.261
1.298
1.552
1.591
1.514
1.844
1.808
1.928
1.430
1.445
1.547
1.430
1.444
1.522
1.014
1.099
1.058
1.924
2.066
2.039
0.580
0.753
0.738
1.984
2.180
2.157
0.754
0.860
0.832
1.326
1.334
1.334
1.086
1.154
1.155
0.897
0.994
0.986
0.897
0.994
0.986
0.995
1.125
1.149
2.218
2.259
2.252
2.021
2.070
2.123
1.630
1.850
1.820
1.429
1.562
1.515
0.718
0.873
1.102
1.591
1.752
1.666
0.931
0.927
1.039
0.874
1.063
1.102
1.366
1.421
1.459
2.822
2.948
2.986
2.073
2.324
2.294
1.378
1.408
1.515
0.765
0.880
0.793
1.046
1.311
1.252
2.246
2.219
2.262
2.789
2.899
2.876
1.110
1.225
1.213
1.042
1.140
1.068
1.278
1.421
1.385
0.841
0.839
0.906
1.145
1.382
1.262
0.842
0.939
0.966
1.154
1.084
1.106
1.622
1.677
1.706
0.829
1.255
1.191
0.946
1.151
1.096
1.031
1.135
1.121
0.735
0.811
0.871
1.747
2.078
1.949
1.676
1.740
1.715
1.064
1.070
1.019
1.086
1.246
1.174
1.141
1.199
1.156
1.753
1.837
1.845
1.411
1.412
1.374
2.886
3.265
2.943
2.031
2.141
2.156
1.856
1.856
1.908
1.170
1.257
1.274
2.211
2.372
2.396
1.301
1.469
1.522
0.830
0.891
0.877
1.752
1.880
1.844
1.036
1.155
1.121
1.957
1.956
2.008
1.016
1.250
1.191
1.003
1.139
1.146
1.056
1.129
1.112
2.019
2.093
2.086
2.681
2.799
2.781
1.788
1.856
1.778
1.942
2.142
2.280
1.524
1.659
1.789
3.764
3.827
3.838
1.077
1.279
1.230
0.478
0.695
0.670
2.480
2.787
3.129
0.512
0.700
0.686
1.352
1.483
1.462
0.656
0.723
0.645
1.561
1.617
1.533
1.995
2.080
1.939
1.402
1.557
1.509
0.890
1.176
1.145
1.480
1.563
1.548
1.022
1.125
1.178
1.153
1.285
1.263
1.928
1.935
1.921
1.376
1.455
1.429
0.745
0.990
0.954
0.864
0.966
1.098
0.394
0.557
0.524
0.670
0.689
0.664
0.697
0.788
0.779
2.055
2.148
2.215
3.418
3.513
3.478
1.489
1.613
1.544
1.388
1.379
1.380
0.871
1.059
1.085
1.160
1.233
1.269
1.091
1.452
1.153
0.791
0.760
1.252
2.483
2.538
2.514
3.090
3.019
3.117
1.232
1.332
1.402
1.495
1.576
1.604
1.295
1.373
1.366
2.799
2.795
2.784
1.780
1.996
1.954
1.044
1.144
1.194
1.034
1.108
1.151
0.765
0.979
0.937
1.136
1.183
1.216
1.835
1.921
1.887
1.859
1.945
1.996
1.759
2.046
2.091
1.247
1.305
1.299
1.247
1.305
1.299
3.432
3.578
3.526
0.635
0.765
0.809
2.448
2.506
2.537
0.654
0.784
0.735
1.284
1.319
1.318
1.613
1.635
1.642
1.443
1.502
1.445
1.367
1.462
1.464
0.968
1.107
1.095
2.870
2.991
3.017
2.214
2.320
2.273
1.400
1.440
1.473
1.215
1.360
1.357
2.605
2.689
2.695
3.443
3.517
3.524
0.654
0.784
0.735
0.588
0.836
0.735
1.876
1.959
1.955
2.204
2.260
2.226
1.726
1.728
1.791
1.228
1.197
1.305
1.922
1.932
1.956
1.084
1.232
1.222
1.593
1.585
1.669
1.898
2.159
1.961
1.492
1.628
1.681
0.635
0.771
0.770
1.876
1.963
2.012
1.740
2.030
1.832
3.342
3.437
3.438
0.889
0.979
0.935
1.716
1.741
1.757
1.068
1.320
1.304
1.211
1.315
1.338
2.126
2.196
2.223
1.586
1.711
1.731
0.877
1.109
1.177
1.031
1.098
1.100
1.438
1.511
1.500
0.649
0.640
0.682
1.915
1.988
1.986
1.459
1.525
1.480
2.124
2.173
2.202
2.099
2.147
2.159
1.015
1.210
1.214
1.233
1.433
1.379
1.282
1.299
1.322
1.993
2.104
2.010
1.426
1.589
1.617
1.552
1.528
1.601
0.961
1.191
1.146
1.983
2.151
2.142
2.037
2.142
2.154
1.481
1.586
1.803
1.433
1.542
1.564
1.098
1.213
1.118
1.178
1.272
1.322
1.645
1.769
1.701
1.505
1.617
1.576
1.409
1.542
1.650
1.191
1.216
1.245
0.897
1.001
0.982
0.548
0.570
0.480
0.813
0.893
1.108
1.212
1.306
1.330
1.856
1.975
1.958
0.453
0.615
0.536
2.244
2.413
2.447
2.098
2.201
2.274
2.495
2.546
2.672
2.843
2.957
2.983
0.895
1.001
0.974
2.099
2.217
2.192
1.018
1.177
1.242
1.117
1.146
1.109
0.488
0.725
0.655
1.448
1.515
1.614
1.061
1.369
1.373
1.296
1.303
1.294
1.604
1.649
1.622
2.104
2.290
2.167
0.790
0.917
0.943
1.583
1.799
1.652
1.563
1.535
1.546
1.530
1.606
1.619
1.841
1.997
1.964
1.460
1.545
1.566
1.661
1.709
1.705
1.485
1.672
1.657
0.916
1.087
1.163
0.563
0.754
0.712
1.319
1.543
1.480
1.355
1.369
1.406
0.784
0.826
0.838
0.812
1.194
0.975
1.379
1.506
1.578
1.328
1.443
1.422
2.527
2.687
2.745
1.032
1.243
1.227
3.083
3.216
3.215
1.325
1.391
1.391
1.818
2.418
1.928
2.430
3.252
2.756
0.660
0.794
0.799
1.371
1.645
1.642
2.070
2.069
2.073
2.720
2.825
2.969
2.530
2.565
2.538
1.094
1.325
1.143
1.245
1.317
1.323
1.282
1.356
1.347
0.867
1.010
1.036
0.836
1.009
1.008
1.513
1.599
1.580
2.188
1.972
1.965
1.337
1.513
1.563
0.523
0.687
0.670
0.990
1.082
1.070
0.692
1.004
0.938
1.617
1.689
1.696
1.928
2.003
1.999
2.311
2.651
2.713
0.854
0.953
0.910
1.443
1.716
1.510
2.074
2.363
2.233
0.880
0.905
0.917
2.868
2.901
2.920
1.751
2.054
1.771
0.849
1.126
1.008
1.239
1.291
1.240
1.418
1.599
1.671
1.273
1.283
1.294
0.981
1.110
1.070
2.948
2.923
2.943
1.689
1.698
1.633
2.004
2.119
2.157
1.553
1.847
1.846
0.989
1.094
1.092
1.421
1.543
1.567
0.848
0.965
0.917
0.919
1.218
1.068
0.972
1.045
1.018
0.369
0.699
0.570
0.673
0.807
0.862
2.224
2.206
2.288
1.278
1.376
1.353
1.639
1.732
1.739
0.826
1.010
0.960
1.140
1.167
1.203
1.486
1.571
1.584
1.660
1.679
1.545
1.511
1.678
1.677
0.862
1.092
1.134
0.512
0.531
0.598
1.148
1.233
1.209
0.664
0.877
0.853
1.296
1.372
1.406
1.105
1.222
1.165
0.662
0.943
0.904
2.124
2.114
2.191
1.118
1.150
1.145
2.254
2.367
2.336
1.379
1.482
1.533
1.610
1.664
1.648
1.618
1.717
1.677
1.906
1.886
1.911
1.735
1.791
1.780
1.156
1.269
1.180
1.045
1.203
1.181
1.045
1.203
1.181
1.857
1.914
1.939
0.724
0.845
0.859
1.283
1.315
1.391
0.668
0.753
0.726
0.828
0.932
0.914
1.392
1.573
1.406
0.323
0.309
0.385
1.826
1.806
1.855
1.128
1.255
1.177
1.229
1.342
1.278
1.519
1.572
1.606
1.555
1.684
1.722
1.144
1.303
1.249
0.651
0.808
0.809
0.572
0.618
0.656
0.998
1.155
1.209
1.889
1.981
1.933
1.732
1.831
1.734
1.239
1.448
1.402
0.713
0.874
0.838
1.422
1.517
1.493
1.803
1.837
1.800
2.317
2.348
2.354
1.486
1.647
1.616
1.672
1.737
1.778
1.405
1.525
1.556
0.844
0.994
1.079
1.218
1.438
1.392
1.203
1.364
1.373
0.996
1.117
1.063
1.857
1.971
1.974
2.262
2.360
2.446
1.333
1.506
1.501
0.582
0.765
0.776
0.360
0.403
0.461
0.771
0.911
0.886
0.771
0.911
0.886
2.651
2.766
2.793
2.199
2.478
2.502
1.816
2.057
1.875
1.758
1.911
1.881
0.938
1.172
1.165
0.902
0.946
0.940
1.712
1.640
1.708
1.011
1.094
1.096
0.925
1.088
1.109
1.376
1.431
1.488
1.175
1.236
1.255
1.813
2.062
2.169
0.523
0.735
0.727
1.451
1.416
1.444
1.072
1.108
1.127
1.307
1.403
1.344
1.045
1.154
1.192
1.300
1.366
1.398
1.876
2.146
2.105
1.278
1.367
1.367
0.520
0.745
0.752
1.512
1.443
1.612
0.896
1.004
1.021
1.301
1.427
1.455
1.466
1.538
1.532
1.500
1.574
1.575
1.897
2.011
2.022
0.760
0.835
0.853
0.985
1.151
1.054
1.259
1.353
1.362
0.976
1.191
1.094
0.787
0.902
0.928
1.093
1.157
1.144
0.568
0.773
0.680
1.902
2.056
2.032
0.929
0.952
0.956
1.208
1.276
1.256
0.934
1.107
1.098
0.925
1.066
1.017
1.398
1.562
1.519
1.256
1.350
1.291
0.956
1.149
1.099
0.953
1.035
1.015
1.631
1.718
1.666
0.334
0.422
0.426
0.727
0.805
0.794
2.321
2.436
2.432
2.208
2.381
2.345
1.466
1.619
1.580
1.874
1.933
1.956
1.564
1.588
1.666
0.741
0.927
0.908
1.612
1.690
1.657
0.420
0.639
0.618
2.386
2.392
2.433
1.026
1.132
1.171
1.105
1.148
1.146
1.128
1.263
1.262
1.079
1.755
1.351
1.903
1.934
1.931
2.046
2.119
2.092
0.880
0.904
0.912
1.434
1.650
1.623
1.168
1.271
1.236
1.390
1.431
1.410
2.572
2.659
2.571
0.517
0.605
0.646
1.881
1.810
1.848
2.302
2.464
2.560
2.016
2.038
2.022
2.808
2.840
2.862
0.814
0.795
0.854
0.402
0.648
0.759
0.401
0.617
0.632
1.553
1.787
1.908
1.343
1.413
1.468
0.600
0.776
0.748
0.600
0.776
0.748
1.120
1.252
1.245
0.428
0.630
0.602
0.718
0.716
0.755
1.450
1.392
1.480
1.420
1.477
1.471
2.288
2.461
2.448
2.288
2.477
2.448
0.784
0.871
0.874
2.485
2.535
2.560
2.105
2.217
2.299
0.982
1.194
1.087
2.020
2.073
2.068
0.913
0.981
0.993
1.806
2.003
2.060
1.863
1.971
2.132
0.686
0.893
0.917
1.068
1.227
1.149
1.061
1.125
1.188
1.522
1.752
1.758
1.018
1.156
1.077
1.866
1.984
1.931
2.339
2.457
2.436
0.891
0.912
0.968
1.746
1.778
1.771
2.414
2.423
2.430
3.050
3.324
3.207
1.414
1.597
1.669
1.247
1.641
1.199
2.504
2.504
2.577
0.990
1.053
1.046
1.774
1.901
1.911
1.103
1.245
1.268
1.223
1.263
1.249
1.803
1.657
1.764
0.548
0.569
0.685
0.506
0.768
0.639
2.750
2.796
2.861
0.816
1.000
0.975
1.543
1.421
1.535
1.231
1.312
1.265
2.128
2.312
2.245
2.208
2.321
2.293
1.324
1.494
1.526
1.131
1.226
1.235
0.510
0.688
0.706
1.818
1.906
1.911
2.717
2.795
2.847
1.288
1.343
1.328
1.055
1.296
1.227
2.189
2.181
2.162
2.462
2.531
2.538
2.299
2.444
2.447
0.624
0.789
0.758
1.832
1.872
1.987
0.551
0.692
1.279
2.149
2.269
2.421
1.095
1.211
1.194
1.232
1.287
1.381
2.258
2.401
2.335
0.439
0.468
0.479
1.525
1.583
1.620
0.936
1.002
1.003
0.683
0.796
0.763
2.097
2.243
2.226
1.963
2.017
1.995
1.007
1.130
1.137
0.900
0.886
0.844
1.476
1.529
1.572
1.587
1.762
1.752
1.668
1.807
1.727
1.243
1.337
1.275
1.381
1.649
1.454
0.923
0.974
0.961
1.648
1.752
1.780
1.488
1.545
1.537
1.128
1.289
1.254
1.468
1.953
1.986
0.868
1.082
1.108
0.864
1.112
1.066
1.778
1.871
1.916
1.690
1.721
1.723
1.559
1.540
1.566
1.027
1.115
1.078
1.261
1.360
1.451
1.575
1.635
1.642
0.636
0.702
0.689
1.806
1.894
1.941
1.476
1.492
1.546
1.844
1.881
1.896
0.314
0.356
0.364
1.177
1.284
1.257
1.542
1.723
1.888
2.316
2.390
2.351
0.656
0.795
0.878
1.294
1.340
1.348
1.884
2.066
2.195
1.380
1.589
1.607
1.864
2.022
2.079
1.864
2.058
2.114
1.011
1.252
1.247
1.877
2.389
2.398
1.501
1.534
1.590
1.154
1.175
1.165
2.319
2.786
2.818
1.750
1.746
1.720
1.117
1.136
1.149
2.169
2.304
2.255
0.436
0.559
0.577
0.535
0.673
0.702
1.570
1.744
1.800
1.555
1.811
1.981
1.085
1.112
1.082
0.393
0.602
0.601
2.143
2.172
2.190
1.301
1.474
1.465
0.496
0.611
0.593
1.826
1.940
1.970
1.402
1.490
1.522
0.789
0.983
1.018
0.409
0.676
0.648
0.871
0.912
0.920
1.306
1.527
1.492
1.373
1.520
1.512
1.558
1.619
1.699
1.038
1.134
1.134
0.886
0.977
1.038
1.796
1.936
1.955
1.023
1.127
1.064
1.001
1.101
1.133
0.876
0.956
0.969
1.844
2.070
2.019
2.055
2.079
2.121
0.785
0.797
0.777
1.064
1.240
1.180
1.330
1.485
1.480
1.312
1.689
1.651
1.622
1.788
1.722
1.047
1.143
1.101
1.228
1.361
1.368
1.633
1.636
1.695
1.372
1.485
1.461
0.520
0.609
0.602
1.228
1.226
1.252
1.407
1.659
1.642
2.158
2.382
2.249
2.219
2.305
2.267
1.578
1.704
1.733
0.757
1.075
0.844
0.450
0.571
0.595
0.808
0.884
0.896
0.920
0.995
0.995
1.191
1.541
1.373
1.730
1.761
1.777
1.290
1.340
1.385
0.787
1.091
1.047
0.666
0.655
0.609
0.878
1.097
1.028
0.530
0.865
0.781
1.245
1.303
1.323
0.863
0.938
1.023
0.561
0.699
0.637
1.280
1.358
1.388
0.674
0.873
0.775
1.217
1.335
1.304
0.742
0.943
0.920
0.962
1.302
1.321
0.749
1.105
1.137
0.735
0.730
0.736
1.254
1.270
1.219
1.333
1.442
1.427
1.267
1.394
1.312
1.329
1.394
1.417
0.982
1.142
0.999
0.371
0.451
0.442
1.374
1.753
1.519
1.807
1.894
1.889
1.485
1.348
1.412
1.225
1.458
1.335
0.830
0.966
0.935
1.127
1.181
1.179
2.472
2.605
2.583
0.976
1.077
1.077
1.106
1.284
1.168
0.870
0.833
0.882
1.531
1.630
1.597
0.358
0.636
0.455
0.699
0.860
0.737
2.606
2.710
2.676
1.684
1.776
1.782
2.612
2.747
2.710
1.416
1.456
1.450
0.744
0.819
0.806
1.051
1.097
1.110
1.820
1.871
1.858
1.549
1.846
1.561
0.720
0.755
0.774
1.050
1.194
1.280
4.096
4.228
4.187
1.193
1.351
1.280
2.025
2.046
2.343
2.069
2.202
2.184
1.199
1.323
1.358
1.009
1.143
1.047
0.749
0.867
0.896
0.768
0.852
0.860
1.490
1.686
1.762
1.026
1.108
1.131
0.914
1.012
0.996
0.637
0.877
0.875
1.026
1.153
1.118
2.512
2.646
2.704
0.598
0.667
0.682
0.714
0.833
0.854
2.178
2.407
2.406
0.982
0.967
0.970
1.547
1.694
1.646
0.948
1.450
1.426
0.948
1.038
1.030
0.964
1.033
0.999
0.538
0.752
0.704
0.941
0.998
0.969
0.916
1.001
1.021
1.182
1.184
1.203
2.199
2.276
2.253
1.027
1.138
1.190
1.540
1.842
1.709
0.678
1.018
1.004
1.393
1.468
1.465
2.129
2.181
2.136
0.649
0.726
0.686
1.188
1.367
1.392
1.830
1.938
2.024
0.578
0.637
0.610
1.173
1.203
1.259
1.729
1.825
1.762
2.207
2.271
2.261
2.270
2.334
2.486
1.517
1.536
1.610
1.304
1.370
1.384
1.395
1.512
1.511
1.595
1.820
1.814
1.045
1.095
1.081
1.859
1.949
1.944
0.704
0.807
0.854
1.417
1.480
1.427
1.341
1.382
1.452
1.649
1.709
1.720
0.696
0.930
0.897
0.787
1.091
1.047
2.288
2.443
2.422
1.392
1.400
1.397
1.532
1.535
1.547
1.904
1.960
1.949
0.968
1.039
1.026
0.829
1.005
0.991
0.648
0.786
0.754
1.143
1.219
1.259
1.212
1.341
1.418
1.204
1.304
1.329
0.654
0.792
0.692
0.550
0.790
0.733
1.249
1.366
1.371
0.633
0.715
0.744
1.694
1.735
1.773
1.094
1.429
1.516
0.783
0.891
0.875
1.594
1.489
1.567
0.654
0.773
0.791
1.757
1.879
1.853
2.240
2.582
2.383
0.802
0.956
0.960
1.708
1.813
1.784
1.609
1.562
1.616
1.962
2.050
2.038
1.168
1.237
1.238
1.013
1.193
1.151
0.875
1.042
1.019
1.173
1.161
1.207
0.376
0.363
0.406
3.982
4.070
4.049
1.708
1.755
1.744
0.690
0.751
0.745
0.417
0.470
0.492
0.826
0.929
0.871
0.692
0.878
0.801
0.692
0.881
0.801
1.177
1.232
1.245
0.938
1.019
1.008
1.120
1.324
1.248
0.987
1.075
1.058
2.393
2.474
2.392
1.850
1.849
1.824
1.373
1.488
1.391
0.894
0.971
0.964
2.594
2.668
2.650
1.875
1.952
1.977
2.033
2.061
2.021
1.855
1.808
1.915
1.222
1.153
1.290
0.614
0.747
0.767
3.150
3.163
3.213
0.539
0.809
0.794
1.606
1.612
1.664
0.776
0.792
0.819
0.930
1.021
1.069
0.828
1.030
0.960
2.099
2.183
2.235
2.855
2.988
3.062
1.482
1.553
1.442
2.151
2.208
2.205
1.501
1.766
1.771
1.452
1.605
1.641
1.439
1.599
1.763
1.066
1.095
1.113
0.712
0.726
0.734
1.886
2.053
1.984
0.973
1.086
1.151
1.030
1.162
1.129
1.355
1.512
1.488
0.983
0.999
1.060
1.052
1.054
1.056
1.004
1.162
1.166
1.149
1.227
1.238
1.135
1.280
1.247
1.331
1.400
1.402
1.482
1.523
1.565
1.250
1.274
1.273
0.963
1.022
1.006
1.938
2.089
2.067
1.360
1.401
1.393
1.385
1.487
1.468
2.180
2.235
2.269
0.662
0.886
0.985
0.820
0.842
0.916
1.214
1.356
1.352
1.600
1.713
1.637
0.796
0.811
0.886
0.910
1.044
0.967
1.825
1.908
1.920
1.511
1.593
1.620
0.958
1.062
1.050
1.029
1.154
1.141
2.332
2.378
2.378
0.478
0.570
0.538
1.072
1.270
1.183
0.795
0.862
0.869
0.634
0.650
0.906
0.917
0.940
0.939
1.069
1.178
1.159
2.179
2.195
2.317
0.407
0.506
0.530
1.408
1.430
1.418
0.230
0.309
0.327
0.860
0.998
0.946
0.751
0.981
0.942
3.464
3.420
3.490
1.656
1.728
1.797
1.475
1.582
1.635
2.183
2.344
2.309
1.027
1.132
1.157
1.422
1.982
1.408
0.849
0.846
0.845
0.724
0.816
0.784
0.706
0.747
0.728
2.001
2.151
2.074
1.235
1.329
1.328
1.012
1.090
1.087
2.060
2.227
2.154
1.185
1.194
1.208
1.046
1.109
1.120
1.377
1.559
1.480
1.214
1.384
1.383
0.896
0.987
0.951
0.467
0.759
0.705
1.230
1.315
1.271
0.420
0.676
0.647
1.180
1.292
1.281
1.326
1.349
1.316
0.934
0.999
0.977
2.510
2.710
2.653
1.644
1.737
1.730
1.600
1.650
1.641
1.957
2.026
2.036
1.464
1.543
1.545
1.201
1.295
1.276
2.191
2.249
2.248
1.315
1.385
1.409
1.447
1.518
1.527
0.491
0.522
0.511
1.850
1.846
1.887
2.467
2.514
2.515
1.048
1.467
1.487
2.033
2.100
2.073
1.710
1.882
1.859
0.678
0.730
0.684
0.828
0.852
0.866
0.759
0.890
0.903
2.872
2.892
2.904
1.343
1.387
1.391
1.785
1.926
1.818
0.755
0.994
1.020
1.306
1.325
1.272
1.969
2.056
2.086
0.621
1.089
1.188
1.249
1.339
1.272
1.818
2.273
2.264
2.075
2.164
2.108
1.871
2.087
1.930
1.341
1.443
1.439
1.603
1.962
1.884
0.413
0.660
0.643
2.057
2.078
2.121
1.141
1.134
1.154
0.833
0.987
0.928
0.861
1.304
1.624
2.535
2.598
2.611
1.123
1.207
1.219
1.681
1.789
1.841
1.165
1.207
1.207
2.272
2.482
2.495
1.370
1.389
1.469
2.020
2.080
2.070
1.610
1.668
1.645
1.107
1.367
1.314
0.681
0.788
0.803
1.096
1.528
1.240
0.696
0.777
0.729
4.183
4.230
4.250
0.997
1.067
1.019
1.866
1.928
1.943
2.090
2.186
2.168
2.087
2.166
2.163
1.471
1.721
1.758
2.109
2.205
2.147
0.890
1.193
1.177
1.207
1.313
1.284
0.469
0.670
0.644
1.628
2.041
1.812
1.401
1.508
1.529
1.143
1.249
1.222
0.879
1.112
1.019
1.199
1.251
1.210
1.203
1.331
1.306
1.012
1.113
1.110
0.545
0.662
0.702
1.186
1.296
1.254
1.097
1.190
1.143
1.555
1.716
1.649
1.093
1.134
1.140
1.481
1.545
1.524
1.171
1.351
1.324
0.663
0.748
0.767
1.322
1.382
1.359
0.677
0.759
0.776
1.200
1.291
1.276
1.594
1.670
1.638
1.634
1.679
1.649
1.806
1.959
1.876
1.673
1.736
1.783
1.636
1.733
1.815
0.632
0.751
0.733
0.574
0.825
0.700
1.441
1.426
1.475
0.911
0.950
0.950
1.703
1.873
1.918
1.315
1.647
1.739
1.805
1.991
1.907
1.578
1.698
1.619
0.559
0.642
0.575
1.924
1.970
2.002
1.485
1.532
1.505
1.504
1.446
1.349
1.177
1.464
1.409
1.624
1.723
1.833
2.658
2.818
2.805
2.658
2.818
2.805
1.134
1.308
1.169
1.306
1.391
1.409
0.957
1.030
1.074
2.404
2.550
2.543
1.811
1.912
1.884
0.893
0.985
0.943
3.047
3.105
3.107
2.033
2.155
2.177
1.152
1.202
1.164
2.868
2.870
2.910
2.573
2.710
2.739
0.737
0.790
0.704
1.419
1.514
1.507
2.112
2.194
2.159
1.118
1.234
1.225
1.450
1.486
1.491
1.528
1.710
1.782
2.037
2.066
2.067
1.060
1.119
1.099
0.663
0.752
0.761
0.301
0.540
0.569
0.808
1.419
1.013
1.724
1.909
1.929
2.056
2.195
2.224
2.481
2.596
2.617
0.948
1.074
1.003
0.788
0.943
0.948
1.005
1.077
1.008
1.296
1.471
1.509
0.631
0.985
0.740
0.793
0.880
0.904
0.652
0.747
0.739
0.912
0.963
0.904
0.953
1.094
1.346
0.803
0.954
0.913
0.672
0.659
0.581
1.896
2.015
1.995
0.806
0.918
0.948
0.863
0.980
0.944
1.526
1.590
1.570
1.384
1.535
1.517
0.892
1.356
0.891
0.770
1.057
1.095
2.204
2.176
2.247
1.725
1.899
1.992
2.498
2.556
2.508
1.205
1.143
1.176
0.585
0.684
0.679
1.803
1.910
1.825
1.155
1.294
1.258
2.746
2.699
2.893
0.485
0.590
0.532
1.111
1.222
1.260
0.453
0.613
0.566
2.347
2.500
2.291
1.626
1.758
1.778
0.839
1.012
1.012
0.839
1.058
1.012
1.163
1.363
1.273
0.639
0.766
0.742
1.021
1.036
1.043
1.239
1.320
1.309
1.239
1.317
1.300
1.263
1.306
1.279
0.767
1.005
0.997
3.976
4.156
4.212
0.867
0.993
1.024
0.674
0.763
0.747
0.992
1.093
1.129
1.199
1.261
1.305
1.574
1.714
1.673
0.460
0.652
0.571
0.919
0.953
0.960
0.708
0.833
0.834
1.464
1.541
1.446
1.695
1.746
1.737
1.344
1.427
1.485
1.256
1.355
1.327
1.749
1.863
1.870
0.662
0.702
0.659
1.259
1.305
1.315
1.440
1.464
1.505
1.703
1.801
1.835
0.535
0.609
0.592
1.594
1.624
1.602
1.651
1.704
1.695
1.134
1.454
1.415
0.833
1.170
0.983
1.495
1.536
1.552
0.760
0.811
0.801
1.429
1.511
1.525
1.409
1.588
1.540
0.699
0.818
0.815
2.659
2.698
2.686
1.220
1.266
1.299
0.718
0.785
0.764
2.322
2.402
2.452
2.572
2.643
2.604
1.750
1.823
1.835
1.172
1.163
1.246
2.025
2.176
2.194
0.867
0.923
0.927
1.147
1.235
1.185
3.720
3.713
3.831
1.040
1.163
1.181
0.487
0.670
0.650
1.201
1.235
1.207
1.313
1.378
1.348
1.590
1.715
1.681
0.939
0.935
0.934
1.850
2.214
2.254
0.403
0.521
0.454
0.888
1.048
0.998
1.461
1.728
1.765
1.087
1.177
1.173
0.567
0.770
0.676
0.943
1.104
1.122
1.190
1.340
1.394
1.533
1.601
1.694
1.086
1.207
1.186
1.071
1.143
1.154
1.951
1.993
1.984
0.684
0.868
0.888
1.349
1.491
1.473
0.833
0.790
0.856
0.927
1.003
1.006
0.679
0.781
0.800
1.025
1.234
1.189
1.338
1.347
1.337
1.780
1.742
1.753
1.748
1.791
1.795
1.221
1.533
1.527
1.232
1.238
1.263
1.552
1.852
1.881
0.896
0.908
0.918
1.735
1.836
1.808
1.070
1.176
1.172
2.388
2.574
2.382
2.227
2.290
2.271
0.836
0.923
0.893
0.581
0.654
0.675
2.049
2.164
2.166
0.556
0.846
0.729
1.681
1.853
1.837
1.589
1.673
1.663
0.628
0.731
0.743
1.144
1.304
1.274
0.823
1.112
1.185
0.570
0.630
0.607
1.657
1.790
1.817
2.134
2.193
2.150
1.953
1.988
2.034
0.540
0.713
0.699
0.682
0.857
0.791
1.004
1.223
1.183
2.326
2.455
2.379
1.130
1.296
1.302
1.853
1.900
1.673
1.468
1.639
1.590
0.673
0.853
0.880
0.848
1.021
1.005
1.328
1.449
1.424
1.606
1.699
1.614
0.714
0.768
0.654
2.189
2.242
2.235
2.190
2.332
2.360
1.274
1.432
1.493
1.711
1.833
1.863
0.799
0.837
0.849
0.627
0.866
0.984
1.095
1.397
1.178
1.948
2.078
2.080
2.112
2.287
2.259
1.297
1.616
1.570
1.214
1.321
1.399
1.117
1.242
1.190
0.742
0.813
0.821
1.095
1.240
1.124
1.143
1.312
1.289
0.783
0.858
0.932
1.022
1.093
1.070
0.657
1.136
1.273
0.946
1.085
1.105
0.514
0.525
0.462
1.245
1.320
1.257
1.610
1.689
1.843
1.620
1.744
1.743
1.685
1.709
1.737
0.779
0.780
0.723
1.627
1.624
1.703
0.822
0.903
0.953
1.993
2.073
2.066
1.632
1.955
1.910
0.533
0.686
0.722
1.080
1.204
1.197
1.040
1.114
1.131
2.098
2.101
2.104
0.337
0.798
0.614
1.262
1.494
1.467
3.109
3.170
3.233
1.562
1.897
1.715
1.876
1.960
1.896
0.594
0.875
0.753
0.735
0.887
0.822
1.298
1.504
1.424
1.065
1.439
1.138
1.318
1.468
1.414
2.407
2.448
2.491
1.329
1.471
1.284
2.994
3.014
3.030
0.753
1.191
1.157
1.760
1.738
1.782
1.525
1.713
1.799
1.083
1.107
1.116
1.409
1.475
1.468
1.086
1.319
1.213
0.929
1.098
1.173
1.296
1.322
1.315
0.628
0.798
0.830
1.238
1.457
1.537
1.340
1.462
1.449
1.475
1.623
1.691
1.288
1.333
1.384
1.941
2.053
2.049
1.088
1.190
1.163
1.626
1.647
1.734
1.324
1.543
1.403
0.537
0.718
0.755
2.097
2.081
1.973
0.618
0.717
0.755
0.833
0.888
0.869
1.062
1.255
1.205
1.220
1.315
1.686
0.611
0.891
0.850
0.645
0.857
0.872
0.934
1.118
1.175
0.363
0.460
0.458
1.189
1.274
1.301
0.285
0.540
0.533
0.959
1.278
1.267
0.671
0.922
0.828
1.032
1.049
1.066
1.130
1.184
1.159
1.262
1.518
1.317
0.900
1.073
1.042
1.989
2.043
2.019
0.696
0.829
0.857
1.330
1.506
1.649
1.114
1.339
1.333
2.015
2.024
1.966
0.894
1.104
1.098
1.437
1.661
1.714
2.137
2.324
2.214
0.986
1.379
1.240
1.208
1.245
1.322
0.551
0.713
0.711
0.947
0.943
0.953
0.903
0.962
0.967
1.537
1.508
1.440
1.063
1.092
1.109
1.327
1.347
1.348
1.326
1.363
1.413
0.915
0.884
0.897
0.886
1.039
1.046
1.061
1.171
1.147
0.960
0.985
0.974
0.940
1.037
1.010
0.651
0.714
0.775
0.877
1.032
1.003
1.019
1.075
1.032
0.443
0.521
0.534
0.930
1.083
1.031
0.681
0.722
0.747
1.007
1.129
1.140
1.497
1.540
1.513
1.287
1.349
1.336
0.827
0.995
0.958
0.903
0.937
0.947
0.931
1.095
1.054
1.754
1.870
1.836
1.403
1.542
1.560
1.766
1.996
1.826
0.580
0.757
0.790
1.671
1.802
1.757
0.534
0.794
0.770
1.312
1.391
1.822
0.681
0.797
0.722
0.288
0.448
0.449
1.707
1.887
1.827
1.456
1.571
1.554
1.742
1.986
2.343
1.885
2.137
2.530
1.742
1.986
2.343
1.885
2.137
2.530
1.885
2.137
2.530
1.742
1.986
2.343
1.690
1.921
2.243
0.824
0.803
0.863
0.812
0.919
0.884
0.609
0.810
0.751
1.201
1.234
1.259
1.705
1.755
1.718
3.120
3.091
3.025
1.134
1.211
1.155
1.573
1.703
1.724
1.982
2.063
2.142
2.121
2.110
2.143
1.021
1.088
1.058
0.993
1.070
1.044
2.495
2.595
2.604
1.605
1.776
1.737
0.779
0.809
0.835
2.490
2.457
2.519
1.653
1.675
1.862
0.498
0.780
0.734
0.820
1.002
1.005
1.118
1.271
1.239
1.060
1.040
1.055
0.732
0.722
0.676
0.661
0.822
0.853
1.340
1.567
1.602
1.258
1.440
1.426
1.298
1.447
1.417
0.578
0.745
0.696
1.557
1.566
1.600
1.136
1.214
1.119
1.690
1.620
1.502
2.146
2.271
2.224
1.032
1.083
1.062
0.782
0.891
0.874
1.007
1.040
1.050
1.039
1.068
1.108
1.030
1.145
1.072
1.889
2.001
2.011
0.807
1.446
1.067
2.184
2.300
2.617
0.544
0.644
0.627
0.914
0.991
0.968
0.444
0.581
0.633
0.633
0.808
0.707
0.933
0.991
0.984
0.721
0.815
0.805
0.606
0.705
0.647
1.433
1.552
1.557
1.152
1.249
1.183
1.487
1.490
1.506
1.346
1.451
1.426
1.262
1.314
1.249
2.825
2.813
2.853
1.400
1.442
1.423
1.725
1.862
1.818
1.430
1.479
1.462
0.744
0.897
0.895
1.354
1.378
1.393
1.985
2.062
1.954
0.821
0.877
0.905
1.011
1.042
1.041
0.836
0.889
0.908
0.785
0.962
0.865
1.188
1.173
1.218
1.426
1.597
1.702
1.599
1.807
1.751
0.990
1.093
1.054
0.797
0.859
0.853
2.678
2.772
2.776
3.829
3.913
3.901
0.456
0.596
0.552
1.669
1.769
1.747
1.669
1.799
1.863
0.681
0.697
0.732
1.216
1.313
1.349
0.752
0.823
0.981
1.926
1.904
1.961
1.354
1.547
1.561
1.020
1.372
1.141
1.468
1.621
1.616
1.301
1.451
1.398
0.852
1.021
1.007
0.807
0.909
0.921
1.687
1.761
1.763
0.814
0.850
0.940
1.077
1.172
1.429
0.807
1.150
0.912
1.224
1.289
1.364
1.732
1.939
1.853
1.221
1.286
1.353
1.646
1.732
1.730
3.517
3.546
3.538
1.509
1.548
1.562
0.557
0.776
0.823
1.427
1.599
1.583
1.673
1.783
1.809
2.499
2.398
2.489
1.490
1.580
1.613
0.879
0.981
1.004
1.518
1.540
1.564
1.117
1.384
1.370
1.099
1.342
1.268
2.326
2.395
2.386
2.391
2.435
2.422
3.424
3.573
3.573
0.315
0.383
0.384
1.608
1.738
1.727
0.894
1.076
1.131
1.646
1.722
1.668
1.047
1.104
1.105
0.506
0.549
0.577
1.056
1.067
1.150
0.822
0.901
0.903
1.116
1.251
1.203
0.991
1.047
1.212
1.098
1.172
1.186
4.139
4.132
4.132
1.277
1.543
1.408
1.671
1.858
1.804
1.296
1.317
1.338
1.451
1.373
1.451
1.271
1.352
1.337
1.163
1.231
1.183
1.678
1.802
1.776
1.855
1.911
1.876
1.131
1.220
1.200
1.820
1.907
1.917
1.719
1.838
1.809
1.212
1.259
1.280
1.212
1.265
1.288
0.954
1.206
1.138
1.747
1.826
1.833
1.997
2.222
2.191
0.823
0.943
0.932
1.793
1.899
1.860
1.646
1.688
1.692
0.650
0.839
0.845
1.063
1.215
1.295
0.955
1.089
1.108
0.546
0.910
0.815
1.681
1.827
1.764
0.905
1.098
1.068
0.735
0.695
0.695
1.166
1.306
1.330
1.693
1.825
1.786
0.568
0.677
0.694
0.195
0.476
0.461
0.807
0.817
0.844
0.588
0.800
0.735
1.118
1.242
1.267
1.791
1.846
1.827
1.753
1.828
1.819
0.747
0.888
0.800
1.356
1.655
1.610
0.879
1.001
0.975
1.257
1.357
1.305
1.461
1.642
1.629
1.136
1.114
1.111
1.464
1.579
1.533
0.396
1.153
0.700
0.429
0.468
0.483
2.025
2.112
2.127
0.935
1.036
1.038
0.794
0.949
0.864
2.002
2.055
2.076
1.627
1.780
1.776
1.605
1.737
1.933
1.411
1.590
1.534
3.376
3.403
3.398
0.750
1.013
0.983
1.511
1.963
1.656
0.902
1.012
0.982
1.406
1.579
1.653
0.881
0.924
0.916
0.695
0.823
0.795
0.604
0.682
0.675
1.005
1.169
1.097
0.875
0.940
0.953
0.651
0.756
0.738
0.706
0.805
0.821
0.494
0.774
0.840
0.424
0.559
0.586
0.640
0.825
0.824
1.765
1.807
1.781
0.739
0.806
0.832
0.781
0.979
0.892
1.274
1.327
1.321
1.156
1.196
1.231
0.647
0.690
0.643
0.987
1.125
1.027
1.946
2.098
2.087
1.249
1.372
1.327
1.292
1.456
1.472
2.288
2.440
2.431
0.810
0.982
1.005
1.375
1.529
1.553
1.284
1.405
1.361
0.626
0.747
0.676
1.301
1.442
1.433
0.996
1.090
1.134
1.326
1.434
1.378
1.392
1.705
1.592
0.660
0.761
0.785
2.432
3.028
2.520
1.782
1.820
1.830
0.392
0.620
0.553
2.204
2.218
2.282
2.101
2.125
2.138
1.497
1.558
1.539
1.861
2.000
1.911
1.449
1.439
1.413
0.839
0.855
0.880
2.466
2.561
2.499
0.924
1.027
0.973
1.523
1.608
1.498
0.378
0.546
0.501
1.793
1.941
1.921
0.779
1.358
0.844
0.615
0.765
0.788
0.644
0.895
0.811
0.644
0.960
0.901
1.945
1.940
2.025
0.873
1.059
1.026
0.673
0.745
0.738
0.688
0.906
0.777
0.766
0.886
0.862
2.120
2.156
2.158
0.997
1.097
1.094
1.879
2.107
2.025
1.703
1.773
1.758
2.054
2.095
2.105
1.344
1.484
1.443
2.109
2.161
2.169
1.477
1.530
1.565
1.571
1.685
1.599
1.240
1.250
1.230
0.576
0.653
0.670
0.636
0.768
0.737
0.646
0.987
1.013
0.981
1.064
1.031
0.724
0.846
0.794
1.438
1.719
1.697
0.911
1.231
1.153
0.874
1.239
1.508
1.719
1.799
1.812
1.449
1.472
1.539
1.180
1.229
1.206
2.210
2.260
2.279
1.855
2.022
2.049
1.511
1.544
1.613
1.413
1.499
1.556
1.011
1.093
1.056
1.342
1.708
1.366
0.577
0.738
0.737
1.665
1.799
1.836
1.994
2.340
2.121
1.255
1.401
1.351
0.682
0.980
0.959
1.880
1.921
1.920
1.133
1.164
1.209
1.042
1.135
1.116
0.462
0.555
0.481
1.057
1.089
1.298
1.678
1.765
1.870
0.570
1.092
0.573
0.672
1.345
0.572
0.599
0.683
0.650
0.857
1.364
0.854
1.438
1.487
1.485
2.564
2.616
2.593
0.685
0.750
0.701
2.935
3.006
3.009
1.598
1.586
1.571
1.228
1.308
1.293
2.092
2.206
2.175
0.857
0.986
1.006
0.709
0.749
0.776
0.822
0.895
0.947
0.946
1.074
0.941
1.190
1.407
1.359
1.658
1.899
1.864
1.597
1.648
1.657
0.571
0.881
1.071
1.728
1.825
1.779
0.822
0.923
0.925
3.152
3.250
3.241
1.371
1.413
1.383
1.973
2.042
2.016
1.110
1.125
1.153
0.505
0.679
0.707
0.505
0.679
0.707
0.505
0.679
0.707
0.914
1.048
1.020
0.753
0.851
0.806
1.003
1.114
1.069
1.623
1.675
1.638
0.742
0.865
0.896
0.432
0.624
0.572
0.813
0.896
0.871
0.889
1.011
1.014
0.889
1.160
1.157
1.267
1.260
1.232
0.969
1.675
1.216
1.229
1.616
1.315
1.056
1.109
1.320
0.898
1.063
1.024
1.062
1.154
1.126
0.693
0.780
0.713
1.606
1.649
1.699
1.258
1.484
1.485
1.320
1.483
1.473
3.112
3.195
3.034
0.967
1.062
1.071
1.195
1.340
1.333
1.189
1.195
1.177
0.616
0.699
0.661
1.533
1.639
1.607
0.570
0.709
0.680
0.979
1.075
1.145
0.833
0.992
0.905
1.320
1.356
1.382
1.940
2.441
2.070
1.810
1.846
1.827
0.949
1.019
1.013
1.266
1.879
1.275
0.798
1.000
0.972
0.442
0.533
0.485
1.821
2.022
2.067
1.325
1.475
1.594
0.864
0.906
0.924
0.665
0.860
0.818
3.411
3.355
3.505
1.604
1.715
1.662
1.105
1.137
1.180
0.445
0.556
0.475
1.669
1.737
1.729
1.168
1.346
1.301
1.700
1.931
1.896
1.541
1.803
1.735
0.663
0.795
0.761
0.675
0.718
0.711
0.896
0.972
0.991
0.727
0.850
0.788
1.458
1.606
1.646
0.775
0.905
0.918
1.058
1.082
1.089
1.191
1.353
1.387
1.198
1.342
1.316
0.795
0.987
0.863
0.531
0.573
0.600
1.590
1.772
1.620
1.003
1.052
1.049
1.350
1.423
1.687
1.146
1.191
1.185
0.353
0.637
0.509
2.586
2.659
2.703
0.853
0.974
0.949
0.836
1.000
0.979
1.659
1.793
1.764
2.481
2.605
2.549
1.469
1.452
1.441
0.965
1.465
1.449
0.659
0.702
0.708
1.584
1.677
1.744
0.743
0.806
0.814
1.996
2.032
2.083
1.521
1.662
1.637
3.892
3.991
3.975
3.320
3.428
3.529
0.518
0.782
0.755
0.930
0.956
0.990
0.828
0.726
0.808
1.284
1.346
1.320
1.024
1.204
1.176
1.788
1.887
1.821
1.444
1.583
1.597
0.698
0.740
0.727
1.419
1.460
1.364
2.015
2.007
1.983
1.075
1.287
1.240
2.677
2.726
2.744
1.612
1.692
1.704
1.642
1.726
1.695
0.769
0.835
0.865
0.681
0.742
0.687
0.991
1.002
1.094
0.751
1.024
1.004
1.237
1.440
1.454
2.158
2.377
2.336
0.643
0.743
0.698
0.982
1.065
1.058
0.918
1.170
1.341
0.719
0.795
0.790
0.620
1.129
0.609
0.722
0.774
0.751
0.424
0.596
0.656
0.980
1.087
1.076
1.461
1.497
1.491
1.927
1.855
1.956
2.412
2.437
2.301
2.811
3.074
3.094
1.233
1.426
1.293
1.233
1.338
1.342
1.051
1.199
1.153
1.408
1.570
1.478
0.489
0.569
0.560
1.542
1.537
1.533
1.252
1.411
1.408
0.782
0.951
0.961
0.674
0.701
0.701
1.005
1.047
1.091
1.275
1.417
1.396
0.725
0.807
0.770
1.237
1.213
1.205
0.905
1.018
1.058
0.913
1.113
1.125
1.163
1.293
1.289
0.973
1.072
1.043
1.310
1.506
1.597
0.772
0.871
0.850
1.224
1.153
1.125
1.407
1.562
1.554
0.915
1.021
1.045
0.724
0.786
0.742
2.055
2.233
2.098
1.448
1.508
1.493
0.767
0.848
0.823
1.008
1.153
1.298
1.460
1.629
1.575
1.162
1.285
1.285
1.039
1.126
1.122
0.591
0.781
0.752
2.106
2.374
2.410
0.589
0.645
0.670
0.589
0.644
0.730
1.220
1.317
1.392
0.749
0.893
0.895
2.307
2.548
2.484
0.818
1.031
1.016
0.743
0.832
0.825
1.163
1.189
1.198
0.724
0.759
0.792
1.467
1.533
1.551
1.416
1.576
1.491
1.210
1.378
1.233
1.077
1.181
1.222
1.541
1.606
1.539
1.215
1.302
1.280
1.676
1.925
1.860
1.095
1.064
1.068
1.608
1.674
1.693
1.513
1.516
1.550
2.184
2.238
2.210
0.973
1.100
1.066
1.792
1.980
2.017
0.969
1.132
1.090
0.730
0.855
0.769
0.776
0.931
0.934
1.052
1.042
1.108
1.326
1.377
1.404
0.706
0.885
0.833
1.069
1.176
1.117
1.024
1.136
1.468
1.544
1.670
1.552
1.602
1.753
1.761
0.729
1.022
1.005
0.607
0.746
0.714
0.510
0.631
0.471
0.730
0.835
0.838
1.908
2.022
1.933
1.209
1.314
1.340
0.815
1.012
1.056
1.177
1.257
1.240
0.653
0.744
0.777
1.622
1.734
1.721
0.957
1.016
0.933
0.607
0.746
0.714
1.620
1.703
1.702
1.202
1.313
1.297
0.582
0.716
0.687
0.773
0.908
0.917
0.886
0.963
0.977
0.582
0.716
0.687
1.228
1.302
1.275
0.405
0.555
0.593
1.002
1.089
1.424
1.787
1.879
2.023
1.315
1.487
1.476
1.337
1.409
1.365
0.582
0.716
0.687
1.405
1.418
1.443
0.896
0.977
0.990
0.582
0.716
0.687
0.640
0.763
0.713
0.907
0.959
1.009
1.097
1.140
1.146
0.849
0.914
0.929
0.677
0.999
0.969
1.395
1.438
1.393
0.614
0.730
0.680
0.614
0.699
0.742
0.614
0.739
0.742
1.617
1.792
1.837
0.983
1.190
1.123
0.467
0.691
0.689
0.799
0.910
0.913
0.607
0.746
0.714
0.742
0.835
0.875
1.395
1.437
1.408
0.795
0.929
0.943
0.659
0.758
0.734
0.526
1.270
0.871
1.397
1.543
1.488
1.908
1.860
1.963
0.912
0.968
0.982
1.339
1.392
1.443
1.206
1.289
1.260
0.735
0.849
0.827
2.031
2.307
2.363
0.856
0.947
0.941
1.028
1.167
1.157
0.582
0.716
0.687
0.795
1.090
0.982
0.497
0.666
0.617
0.926
0.923
0.924
0.894
0.901
0.809
1.686
1.733
1.719
1.703
1.710
1.718
1.202
1.219
1.222
0.826
0.963
0.932
1.429
1.611
1.579
0.788
0.926
0.897
1.422
1.588
1.599
1.310
1.473
1.366
0.861
1.523
1.155
1.809
2.007
1.930
0.854
1.118
1.029
1.157
1.259
1.133
0.812
0.874
0.910
0.685
0.743
0.744
0.706
0.726
0.754
2.110
2.231
2.234
0.748
0.842
0.842
1.860
1.916
1.903
2.058
2.245
2.227
3.842
3.925
3.895
0.588
0.713
0.739
0.719
0.912
0.861
0.942
1.019
0.973
1.706
1.892
1.887
2.888
3.032
3.029
0.723
0.887
0.802
0.370
0.549
0.526
0.704
0.927
0.914
0.586
0.626
0.670
0.998
1.074
1.098
1.037
1.312
1.281
1.463
1.706
1.539
1.971
2.127
2.125
1.563
1.646
1.600
0.748
0.938
0.930
0.704
0.953
0.896
2.241
2.300
2.284
0.927
1.035
1.012
1.366
1.432
1.395
1.307
1.389
1.396
1.947
1.999
1.957
0.986
0.883
1.260
2.481
2.545
2.539
0.667
0.663
0.647
0.546
0.749
0.726
1.023
1.256
1.167
1.425
1.543
1.536
1.260
1.322
1.307
2.025
1.994
1.979
1.887
1.973
1.991
1.853
1.885
1.912
1.407
1.503
1.492
1.044
1.114
1.128
0.965
1.158
1.155
0.573
0.718
0.712
1.372
1.459
1.467
1.086
1.245
1.269
0.992
1.170
1.167
0.817
1.008
0.983
1.671
1.722
1.779
1.536
1.720
1.757
1.890
1.876
1.963
1.526
1.599
1.617
2.204
2.274
2.305
1.173
1.331
1.374
1.558
1.621
1.627
0.640
0.803
0.731
1.366
1.414
1.391
0.574
0.765
0.777
0.894
0.901
0.985
1.238
1.374
1.369
0.370
0.496
0.520
0.866
1.103
1.084
0.985
1.070
1.077
2.180
2.213
2.268
1.736
2.056
1.993
0.776
0.876
0.871
1.844
1.900
1.894
1.061
1.178
1.184
2.306
2.469
2.444
2.156
2.278
2.253
1.846
2.085
2.011
2.727
2.267
2.185
0.867
1.686
1.259
3.120
3.266
3.289
2.811
2.909
2.851
1.397
1.601
1.554
1.148
1.306
1.330
1.481
1.574
1.569
0.758
0.899
0.905
1.201
1.229
1.248
1.597
1.649
1.718
2.470
2.571
2.550
2.199
2.271
2.355
0.967
1.129
1.073
1.797
1.880
1.939
0.766
0.964
0.986
1.334
1.375
1.385
1.516
1.548
1.559
1.226
1.467
1.484
1.046
1.212
1.202
0.937
1.074
1.092
1.238
1.191
1.235
2.500
2.528
2.545
1.974
1.995
2.051
2.495
2.527
2.615
0.821
0.964
0.968
0.880
0.971
0.995
1.405
1.439
1.440
0.770
0.881
0.847
2.044
2.142
2.188
1.344
1.664
1.811
0.476
0.633
0.646
0.661
0.728
0.698
1.863
1.956
1.920
0.699
0.850
0.949
1.516
1.543
1.529
0.914
1.044
1.045
1.273
1.349
1.398
0.781
1.042
1.097
1.284
1.304
1.353
1.589
1.616
1.524
2.767
2.888
2.916
1.327
1.318
1.286
0.725
0.848
0.858
0.801
0.917
0.921
2.910
2.776
2.782
1.806
1.898
2.324
2.342
2.426
2.435
0.917
1.052
1.007
1.942
2.033
1.931
2.178
2.278
2.308
1.477
1.544
1.530
0.923
1.073
1.094
1.579
1.919
1.936
1.246
1.393
1.414
1.309
1.404
1.356
1.452
1.506
1.684
0.970
1.020
1.047
0.691
0.779
0.785
0.739
0.937
0.953
0.739
0.937
0.953
0.739
0.937
0.953
1.979
2.028
2.027
0.446
0.622
0.529
1.391
1.566
1.536
0.486
0.543
0.612
1.320
1.524
1.498
0.938
1.255
1.269
0.698
0.826
0.802
1.923
2.030
1.894
1.131
1.374
1.313
0.626
0.680
0.729
0.779
0.945
0.951
1.444
1.690
1.704
0.793
1.000
0.984
1.505
1.483
1.601
0.904
1.027
0.941
1.645
1.832
1.726
1.268
1.402
1.416
1.553
1.554
1.567
2.387
2.586
2.637
2.330
3.133
2.415
1.646
1.715
1.705
0.868
0.932
0.923
1.012
1.038
0.974
1.012
1.194
1.204
1.152
1.307
1.363
1.307
1.321
1.325
1.256
1.297
1.300
1.805
1.982
2.118
2.435
2.521
2.491
1.366
1.444
1.396
0.609
0.733
0.770
1.039
1.145
1.120
0.539
0.811
0.797
1.387
1.601
1.627
1.417
1.354
1.379
1.366
1.482
1.427
1.756
2.012
1.899
0.544
0.665
0.695
2.153
2.178
2.140
0.818
0.841
0.819
0.858
1.035
0.909
1.188
1.172
1.279
1.717
1.757
1.663
0.633
0.672
0.628
0.532
0.581
0.582
0.531
0.594
0.632
0.515
0.634
0.604
0.654
0.756
0.728
0.935
1.056
1.068
2.164
2.446
2.316
1.099
1.109
1.169
0.782
0.907
0.896
1.017
1.073
1.045
0.618
0.683
0.687
1.885
1.981
1.988
0.961
1.035
1.022
0.856
0.897
0.925
0.860
1.038
0.988
1.136
1.224
1.177
1.333
1.507
1.436
1.224
1.341
1.394
0.405
0.501
0.478
0.969
0.934
0.989
2.489
2.470
2.555
1.381
1.503
1.498
0.992
1.152
1.122
0.418
0.569
0.592
0.418
0.569
0.592
0.418
0.569
0.592
1.013
1.099
1.098
1.295
1.408
1.309
0.660
0.773
0.680
1.152
1.364
1.448
0.591
0.667
0.666
1.262
1.413
1.350
1.557
1.702
1.635
0.874
1.046
0.993
0.974
1.126
1.182
1.595
1.734
1.734
1.506
1.728
1.734
1.042
1.107
1.095
0.527
0.699
0.594
0.672
0.706
0.722
1.575
1.630
1.646
1.271
1.361
1.402
1.271
1.448
1.402
1.655
1.839
1.830
1.449
1.607
1.574
0.588
0.814
0.866
1.789
1.864
1.817
0.662
0.733
0.739
1.244
1.301
1.286
0.933
0.986
0.987
1.339
1.407
1.516
0.937
0.929
0.936
0.183
0.468
0.440
0.680
0.850
0.838
0.602
0.838
0.961
0.849
0.907
0.867
0.508
0.519
0.497
1.447
1.427
1.512
1.889
2.005
2.002
0.692
0.748
0.748
0.894
0.960
0.919
0.934
1.023
1.021
0.829
0.809
1.012
0.928
1.022
0.964
1.906
2.019
2.027
1.344
1.495
1.407
1.891
1.994
1.911
1.049
1.147
1.153
0.636
0.806
0.849
0.560
0.654
0.701
1.741
1.810
1.832
1.039
1.198
1.173
0.724
0.849
0.886
0.724
0.849
0.886
1.926
1.974
2.004
0.763
0.968
0.866
1.628
1.678
1.677
1.247
1.360
1.356
0.660
0.732
0.663
1.259
1.318
1.286
0.942
1.069
1.023
0.653
0.824
0.779
2.367
2.431
2.444
1.814
1.881
1.879
1.498
1.605
1.565
2.659
2.697
2.681
1.069
1.260
1.292
0.848
0.903
0.911
1.248
1.373
1.390
1.641
1.809
1.872
1.075
1.186
1.193
0.730
0.812
0.989
1.515
1.605
1.567
1.019
1.218
1.186
1.203
1.301
1.267
0.796
0.899
0.888
1.275
1.253
1.159
1.240
1.348
1.345
0.436
0.620
0.609
0.863
0.920
0.918
0.656
0.737
0.730
1.661
1.720
1.728
0.953
1.026
1.088
0.938
1.154
1.107
1.498
1.629
1.600
1.482
2.048
1.664
1.453
1.627
1.640
0.884
1.004
0.969
0.696
0.790
0.767
0.954
0.997
0.946
0.669
0.923
0.893
1.080
1.162
1.145
0.988
1.080
1.072
1.414
1.561
1.531
0.612
0.939
0.912
1.978
2.061
2.072
0.796
0.869
0.835
1.833
1.931
1.868
0.667
0.807
0.815
0.921
0.959
0.990
2.664
2.785
2.779
2.363
2.541
2.524
0.766
0.876
0.949
1.826
2.066
1.996
0.712
0.826
0.788
1.086
1.271
1.188
1.955
2.327
2.048
1.874
1.929
1.922
1.988
2.056
2.061
0.880
0.983
0.959
1.324
1.351
1.366
0.702
0.794
0.771
2.460
2.607
2.571
1.638
1.766
1.560
1.079
1.195
1.144
0.430
0.556
0.596
0.479
0.499
0.487
1.305
1.377
1.399
0.673
0.851
0.798
2.317
2.478
2.485
1.405
1.566
1.592
1.436
1.560
1.646
0.689
0.842
0.868
0.702
0.794
0.771
1.441
1.494
1.488
0.369
0.662
0.571
0.634
0.743
0.646
0.767
0.804
0.788
1.241
1.329
1.368
0.756
0.863
0.804
1.065
1.234
1.220
0.563
0.608
0.641
0.696
0.790
0.767
0.614
0.710
0.701
0.984
1.007
0.996
0.707
0.776
0.721
1.012
1.028
1.031
0.560
0.709
0.690
1.228
1.334
1.352
0.671
0.923
0.854
2.960
3.187
3.073
2.960
3.187
3.073
2.960
3.187
3.073
0.807
1.004
1.052
0.702
0.794
0.771
1.742
1.810
1.771
1.201
1.263
1.263
0.593
0.617
0.593
0.821
0.941
0.928
0.900
1.044
0.997
1.177
1.271
1.239
0.771
0.822
0.843
1.574
1.621
1.604
0.577
0.734
0.731
2.293
2.410
2.427
0.849
0.782
0.851
0.702
0.794
0.771
0.537
0.650
0.653
0.949
1.054
1.039
0.508
0.578
0.632
2.256
2.395
2.379
0.648
0.858
0.864
1.067
1.304
1.335
1.720
1.883
1.825
0.573
0.652
0.640
0.538
0.713
0.755
1.745
1.891
1.874
1.189
1.257
1.221
1.860
1.890
1.920
1.325
1.380
1.386
1.621
1.688
1.678
1.130
1.257
1.238
1.013
1.336
1.205
1.634
1.768
1.751
1.284
1.417
1.409
2.047
2.181
2.219
1.212
1.300
1.335
1.393
1.477
1.539
1.503
1.485
1.557
0.314
0.565
0.533
1.062
1.240
1.223
1.534
1.499
1.603
1.853
1.954
1.936
2.136
2.213
2.243
1.152
1.230
1.193
2.818
2.777
2.756
0.834
0.872
0.752
1.830
1.879
1.869
1.585
1.770
1.860
1.126
1.224
1.232
1.443
1.650
1.550
1.159
1.410
1.410
2.528
2.602
2.581
1.711
1.801
1.823
1.463
1.645
1.682
1.784
1.781
1.886
0.809
1.222
1.028
1.423
1.534
1.461
1.448
1.637
1.664
1.562
1.512
1.698
2.537
2.606
2.608
2.264
2.257
2.292
0.664
0.785
0.743
1.248
1.405
1.417
1.622
1.708
1.721
1.168
1.304
1.320
1.164
1.422
1.418
1.432
1.667
1.669
1.422
1.449
1.412
0.865
0.910
0.917
1.166
1.161
1.341
1.187
1.287
1.276
1.278
1.334
1.327
0.738
0.846
0.796
0.738
0.846
0.796
1.026
1.128
1.115
1.475
1.506
1.487
0.625
0.711
0.673
1.971
2.098
2.002
1.517
1.440
1.511
0.724
0.825
0.736
0.458
0.791
0.721
0.470
0.500
0.551
0.991
1.078
1.071
2.183
2.137
2.150
1.203
1.141
1.077
0.461
0.610
0.585
1.952
2.010
2.116
1.016
1.094
1.112
0.730
0.837
0.791
0.687
0.900
0.856
1.488
1.537
1.525
1.184
1.222
1.209
2.081
2.217
2.211
1.120
0.965
0.959
1.902
1.906
1.922
1.519
1.587
1.580
1.003
1.037
1.032
1.638
1.904
1.821
0.784
0.901
0.864
2.335
2.423
2.381
1.651
1.754
1.797
0.777
0.895
0.893
1.179
1.261
1.272
0.891
1.001
0.995
1.112
1.236
1.128
1.641
1.722
1.687
2.722
2.768
2.798
0.740
0.853
0.933
1.026
1.229
1.301
1.020
1.206
1.174
0.597
0.622
0.897
1.412
1.504
1.507
0.631
0.764
0.753
1.335
1.434
1.365
0.885
1.042
0.979
2.786
2.944
2.928
1.669
2.083
1.900
0.587
0.723
0.700
0.566
0.696
0.658
1.116
1.191
1.277
2.090
2.061
1.932
0.907
0.954
0.893
1.234
1.272
1.279
0.602
0.675
1.091
0.791
0.914
0.923
1.735
1.943
1.855
0.811
0.955
0.933
2.873
2.928
2.929
3.125
3.151
3.142
1.513
1.771
1.751
1.169
1.246
1.248
1.765
1.786
1.810
1.469
1.575
1.561
1.831
1.989
1.975
1.021
1.056
1.062
0.989
1.181
1.161
1.239
1.369
1.331
0.602
0.736
0.708
0.323
0.370
0.370
1.115
1.185
1.220
1.001
1.196
1.203
0.578
0.662
0.663
1.898
2.019
2.047
1.262
1.503
1.474
1.163
1.304
1.265
0.541
0.749
0.777
1.561
1.768
1.732
1.498
1.511
1.494
0.883
0.950
0.961
1.688
1.881
1.622
1.417
1.562
1.613
1.342
1.452
1.421
0.636
0.644
0.643
2.328
2.359
2.383
0.591
0.771
0.730
0.591
0.694
0.730
1.533
1.649
1.588
0.491
0.650
0.750
0.783
0.899
0.909
0.624
0.791
0.779
0.564
0.632
0.640
0.653
0.724
0.727
0.829
0.909
0.894
0.630
0.618
0.655
1.440
1.512
1.499
0.943
0.996
0.948
0.779
0.939
0.905
0.801
0.958
1.009
1.936
2.002
2.008
3.467
3.474
3.474
1.350
1.402
1.394
0.807
0.844
0.906
0.755
0.820
0.848
0.619
0.712
0.754
1.464
1.475
1.464
0.952
1.258
1.217
1.338
1.319
1.362
0.725
0.934
0.899
0.519
0.744
0.723
0.508
0.702
0.611
1.337
1.357
1.362
1.638
1.723
1.700
0.582
0.618
0.631
0.998
1.015
1.036
0.702
0.794
0.771
0.702
0.794
0.771
1.246
1.299
1.288
1.039
1.272
1.307
1.150
1.306
1.301
0.724
0.790
0.851
0.844
1.152
1.059
0.912
1.162
1.150
0.424
0.615
0.650
1.273
1.364
1.466
2.424
2.502
2.512
0.770
0.900
0.911
2.272
2.269
2.261
0.870
1.047
0.995
0.915
1.024
0.942
1.689
1.779
1.767
1.717
1.811
1.808
1.141
1.140
1.181
0.638
0.757
0.740
1.027
1.111
1.092
0.909
1.029
1.066
0.803
0.888
0.850
2.456
2.541
2.536
1.427
1.438
1.445
1.585
1.667
1.664
0.980
0.951
1.038
1.767
1.920
1.861
0.550
0.749
0.763
1.131
1.213
1.239
1.052
1.123
1.102
1.778
1.888
1.890
0.700
0.849
0.758
1.146
1.320
1.250
1.260
1.368
1.344
2.124
2.181
2.168
0.590
0.601
0.609
0.590
0.686
0.674
1.005
1.054
1.103
0.543
0.700
0.661
0.819
0.993
0.969
1.471
1.576
1.566
0.607
0.698
0.693
1.049
1.181
1.221
0.549
0.719
0.700
2.064
2.167
2.074
0.991
1.095
1.080
0.812
0.996
1.067
0.726
1.009
0.977
3.030
3.197
3.152
1.517
1.553
1.540
1.581
1.609
1.629
1.356
1.404
1.390
0.966
1.090
1.014
0.813
1.053
1.013
0.758
0.852
0.826
1.648
1.717
1.740
1.180
1.222
1.233
0.817
0.940
0.916
1.059
1.143
1.243
1.384
1.672
1.540
0.986
1.072
1.068
1.065
1.119
1.100
1.305
1.418
1.416
0.574
0.658
0.763
1.652
1.727
1.699
1.393
1.372
1.465
1.022
1.070
1.072
1.150
1.254
1.240
1.637
1.770
1.738
1.209
1.338
1.393
1.443
1.496
1.486
0.406
0.512
0.513
0.706
0.550
0.714
0.726
0.781
0.785
0.867
0.930
0.956
0.767
0.840
0.845
0.767
0.834
0.860
1.383
1.428
1.452
1.031
1.130
1.111
1.276
1.519
1.360
1.166
1.261
1.261
1.027
1.139
1.104
0.401
0.581
0.538
0.736
0.795
0.829
0.563
0.663
0.639
0.514
0.782
0.706
0.501
0.586
0.655
1.055
1.383
1.430
1.357
1.532
1.516
2.606
2.658
2.622
0.720
0.814
0.811
0.662
0.839
0.876
0.931
1.128
1.077
1.077
1.101
1.136
1.979
2.015
1.974
0.821
0.865
0.870
1.348
1.509
1.518
3.253
3.312
3.298
1.378
1.513
1.583
0.945
1.057
1.034
0.663
0.646
0.685
0.993
1.229
1.140
1.933
2.098
2.021
1.958
2.100
2.064
1.898
2.020
1.959
0.938
1.056
1.030
0.476
0.562
0.561
0.859
1.063
1.019
0.756
1.165
0.998
0.602
0.717
0.730
0.650
0.926
0.880
0.415
0.504
0.424
1.052
1.220
1.221
0.999
1.222
1.219
0.396
0.561
0.530
1.150
1.187
1.211
1.303
1.326
1.349
0.386
0.914
0.490
0.777
0.887
0.884
0.821
0.816
0.816
0.714
0.811
0.778
0.891
0.965
0.967
0.394
0.488
0.505
0.543
0.628
0.637
1.201
1.772
1.389
0.967
0.967
1.005
0.562
0.672
0.649
1.897
1.998
1.902
1.564
2.014
1.771
2.345
2.408
2.394
0.730
0.896
0.858
0.639
0.776
0.799
0.820
0.919
0.940
0.886
1.206
1.193
0.884
0.932
0.877
1.591
1.771
1.710
0.806
1.110
1.078
1.132
1.385
1.435
0.847
0.898
0.950
0.860
0.984
0.940
0.687
0.784
0.805
1.291
1.388
1.327
0.827
0.939
1.016
1.247
1.342
1.313
0.908
0.896
0.895
0.550
0.885
0.838
1.181
1.235
1.201
0.706
0.921
0.829
2.296
2.359
2.362
0.953
1.020
1.135
1.858
1.933
1.893
0.942
0.948
0.915
1.389
1.402
1.400
0.827
0.931
0.908
1.871
1.882
1.889
0.978
1.309
1.472
0.639
0.656
0.702
1.744
1.807
1.745
1.797
1.913
1.895
1.052
1.468
1.519
2.122
2.119
2.103
0.624
0.751
0.683
0.565
0.640
0.621
0.339
0.437
0.413
0.688
0.757
0.750
1.011
1.181
1.102
0.973
1.042
1.052
1.193
1.484
1.098
0.945
0.998
0.998
0.899
0.961
0.962
1.256
1.343
1.332
1.461
1.592
1.555
1.493
1.613
1.705
0.876
0.919
1.004
0.404
0.502
0.479
0.567
0.700
0.715
0.865
1.024
0.936
0.923
0.995
0.957
0.404
0.502
0.479
0.401
0.519
0.495
0.404
0.502
0.479
1.904
1.927
1.947
1.361
1.413
1.426
1.570
1.617
1.582
1.216
1.363
1.386
0.710
0.768
0.780
1.337
1.473
1.372
1.115
1.165
1.134
0.450
0.550
0.580
1.873
1.941
1.932
2.399
2.545
2.577
0.715
0.929
0.947
0.414
0.593
0.585
1.762
1.793
1.825
1.153
1.308
1.271
0.934
1.156
1.019
0.716
0.834
0.867
0.782
0.843
0.858
0.933
1.190
1.126
1.353
1.320
1.425
1.055
1.185
1.137
0.698
0.917
0.866
0.271
0.440
0.450
1.343
1.443
1.484
0.823
0.890
0.936
0.568
0.726
0.723
0.842
1.055
0.983
0.603
0.787
0.727
1.021
1.117
1.094
0.724
0.872
0.831
1.330
1.365
1.304
2.215
2.247
2.315
1.981
2.137
2.147
0.919
1.060
1.016
1.023
1.310
1.388
0.537
0.659
0.649
0.827
0.843
0.901
1.698
1.871
1.809
1.948
1.996
2.049
1.567
1.661
1.686
1.567
1.661
1.686
1.160
1.236
1.274
1.420
1.425
1.427
1.800
1.851
1.839
0.932
1.154
1.122
1.241
1.345
1.342
1.202
1.387
1.380
1.113
1.162
1.180
0.918
1.101
1.021
2.560
2.839
2.689
1.507
1.678
1.573
0.247
0.435
0.449
3.050
3.133
3.050
1.422
1.621
1.633
0.949
1.227
1.222
0.768
1.273
1.201
1.981
2.092
2.050
1.761
1.781
1.774
0.602
0.799
0.771
0.917
0.942
0.896
1.951
2.051
2.089
1.693
1.905
1.889
2.438
2.633
2.647
1.240
1.337
1.334
0.869
0.928
0.963
1.195
1.408
1.358
1.904
1.977
1.965
1.109
1.206
1.224
1.009
1.139
1.166
0.839
0.951
0.972
1.524
1.597
1.605
0.758
0.785
0.769
1.955
2.055
2.048
1.192
1.240
1.224
1.449
1.639
1.665
2.100
2.190
2.201
0.903
1.027
1.067
1.211
1.313
1.282
1.133
1.169
1.043
1.430
1.580
1.550
0.459
0.578
0.523
1.448
1.552
1.450
1.411
1.519
1.538
1.213
1.305
1.256
1.626
1.653
1.712
2.178
2.223
2.260
1.912
2.044
2.021
1.298
1.607
1.699
1.575
1.739
1.666
1.806
1.899
1.894
0.618
0.771
0.710
0.631
0.760
0.841
1.775
1.904
2.071
1.758
1.941
1.871
0.708
0.737
0.754
1.086
1.292
1.290
3.154
3.242
3.270
2.951
3.155
3.077
1.538
1.589
1.544
1.664
1.738
1.765
0.567
0.828
0.872
0.786
0.962
0.905
0.571
0.701
0.666
0.973
1.160
1.134
1.270
1.440
1.432
0.769
1.055
0.913
0.769
1.023
0.949
0.593
0.806
0.809
1.544
1.526
1.575
1.473
1.741
1.769
0.300
0.310
0.237
0.634
0.813
0.782
1.052
1.088
1.071
1.842
1.940
1.981
2.346
2.546
2.469
1.714
1.847
1.900
1.827
1.901
1.956
1.158
1.235
1.245
1.518
1.647
1.586
0.778
0.907
0.926
1.142
1.072
1.130
2.173
2.169
2.204
1.403
1.477
1.440
1.316
1.421
1.442
0.962
1.184
1.108
0.525
0.591
0.694
1.213
1.374
1.400
0.685
0.629
0.668
0.589
0.651
0.620
1.286
1.236
1.301
1.420
1.648
1.589
0.615
0.676
0.676
0.629
0.915
0.718
0.675
0.744
0.848
1.486
1.577
1.570
0.610
0.813
0.756
0.548
0.600
0.573
1.343
1.387
1.357
1.841
1.910
1.870
0.688
0.890
0.868
1.058
1.233
1.261
0.923
1.628
1.186
2.600
2.738
2.739
1.521
1.629
1.598
0.690
0.806
0.676
1.770
1.847
1.894
1.129
1.188
1.250
1.173
1.283
1.436
1.799
1.854
1.903
1.519
1.688
1.641
0.795
0.859
0.825
0.795
0.859
0.825
1.231
1.405
1.462
0.695
0.934
0.963
0.672
0.947
0.889
1.961
2.121
2.122
0.423
0.547
0.971
0.609
0.801
0.889
1.811
1.851
1.819
0.707
0.935
0.842
1.001
1.143
1.188
1.070
1.058
1.124
0.454
0.518
0.549
0.504
0.649
0.651
1.136
1.279
1.271
0.337
0.649
0.514
0.915
0.961
0.955
1.177
1.275
1.267
0.774
0.889
0.809
0.930
0.998
1.041
1.774
1.884
1.895
1.446
1.596
1.528
0.951
0.999
0.980
0.564
0.653
0.603
1.209
1.236
1.228
1.068
1.444
1.264
1.070
1.194
1.325
1.165
1.262
1.229
1.165
1.300
1.400
1.868
1.967
1.996
1.361
1.456
1.424
1.133
1.185
1.244
1.192
1.422
1.420
2.617
2.706
2.674
0.987
1.179
1.152
1.083
1.286
1.228
1.220
1.297
1.259
0.499
0.734
0.705
0.812
0.931
0.961
0.398
0.506
0.473
0.809
0.911
0.881
1.614
1.610
1.639
0.835
0.931
0.929
0.773
0.846
0.803
0.544
0.604
0.620
1.641
1.744
1.704
0.826
0.918
0.887
1.187
1.325
1.260
1.781
1.826
1.927
0.648
0.703
0.697
2.686
2.818
2.751
1.231
1.405
1.357
1.514
1.586
1.597
1.014
1.178
1.176
0.991
1.024
1.002
1.375
1.397
1.399
1.392
1.663
1.652
1.254
1.303
1.311
1.039
1.211
1.148
0.878
0.951
0.920
1.262
1.454
1.409
2.522
2.571
2.603
1.766
1.880
1.844
0.875
1.147
1.017
1.094
1.188
1.180
0.864
0.815
0.906
0.665
0.736
0.750
0.748
0.794
0.753
0.687
0.911
0.921
1.596
1.580
1.589
0.416
0.562
0.469
1.409
1.475
1.448
1.504
1.709
2.138
0.998
1.080
1.051
1.222
1.306
1.290
1.484
1.660
1.601
0.852
0.913
0.910
1.623
1.693
1.703
1.119
1.122
1.190
1.712
1.917
1.991
1.026
1.123
1.107
1.212
1.360
1.383
0.398
0.506
0.473
1.092
1.155
1.224
1.529
1.642
1.562
1.292
1.357
1.379
1.486
1.479
1.532
0.968
1.141
1.064
1.590
1.733
1.710
1.536
1.568
1.575
0.978
1.069
1.091
0.686
0.933
0.970
0.812
0.838
0.831
0.706
0.862
0.808
0.803
0.910
0.930
0.807
0.970
0.883
0.310
0.580
0.564
1.872
2.174
2.276
0.815
0.895
0.868
0.688
0.767
0.769
1.064
1.979
1.524
0.961
1.071
0.998
2.683
2.686
2.722
0.500
0.665
0.665
0.567
0.580
0.603
0.606
0.680
0.637
0.641
0.740
0.697
0.499
0.701
0.750
1.705
1.763
1.848
0.153
0.354
0.330
1.374
1.493
1.471
0.649
0.776
0.752
1.127
1.273
1.234
0.414
0.514
0.490
1.652
1.648
1.648
1.176
1.302
1.314
1.046
1.282
1.227
1.078
1.133
1.152
1.046
1.236
1.226
1.231
1.318
1.286
1.897
1.975
1.962
0.559
0.692
0.630
1.783
1.847
1.747
1.713
1.787
1.930
0.920
1.015
0.968
0.684
1.003
0.971
0.301
0.402
0.439
0.669
0.865
0.837
1.839
1.879
1.903
0.817
1.051
1.045
0.431
0.748
0.676
1.503
1.509
1.540
0.885
0.974
1.035
0.690
0.845
0.873
1.340
1.343
1.321
1.344
1.408
1.400
1.335
1.494
1.441
0.689
0.846
0.761
0.912
1.097
1.048
0.846
1.033
1.031
0.522
0.628
0.644
1.282
1.419
1.407
1.390
1.548
1.412
1.925
2.387
2.396
1.949
1.989
1.954
1.939
1.931
2.031
0.729
0.753
0.774
1.207
1.199
1.207
1.704
1.723
1.763
1.969
2.212
2.098
1.638
1.773
1.803
0.880
0.984
0.948
0.809
0.768
0.808
1.498
1.517
1.526
2.334
2.447
2.494
1.169
1.355
1.407
2.666
2.814
2.780
1.674
1.664
1.656
0.650
0.758
0.758
0.746
0.849
0.824
1.141
1.173
1.227
1.130
1.258
1.233
0.729
0.800
0.805
1.368
1.384
1.384
1.323
1.441
1.408
0.765
0.905
0.889
0.864
0.897
0.928
1.042
1.103
1.491
0.976
1.061
1.010
1.764
1.920
1.820
2.015
2.167
2.140
0.761
0.792
0.796
1.074
1.196
1.192
1.216
1.281
1.389
0.673
0.906
0.972
0.674
0.893
0.624
1.283
1.433
1.377
0.695
0.799
0.808
0.736
0.967
0.953
0.885
1.051
1.058
1.230
1.390
1.327
1.189
1.311
1.308
1.763
1.903
1.928
1.126
1.228
1.250
1.858
1.965
1.964
1.001
1.159
1.184
1.498
1.623
1.597
0.835
1.031
0.998
1.801
1.933
1.915
1.244
1.314
1.306
0.698
0.885
0.915
2.084
2.158
2.126
0.592
0.839
0.764
1.135
1.141
0.981
1.474
1.501
1.494
0.647
0.681
0.673
0.430
0.566
0.471
0.562
0.803
0.772
1.107
1.250
1.252
1.352
1.477
1.513
1.939
1.958
1.964
1.043
1.417
1.266
1.695
1.788
1.839
0.703
0.734
0.736
1.581
1.689
1.776
0.557
0.756
0.741
1.234
1.519
1.458
1.029
1.249
1.183
1.178
1.386
1.384
1.283
1.524
1.397
1.283
1.488
1.541
2.075
2.113
2.124
1.247
1.255
1.260
2.057
2.061
2.095
1.220
1.280
1.269
1.513
1.533
1.538
1.799
1.848
1.833
1.810
1.855
1.866
2.232
2.304
2.299
1.324
1.528
1.456
0.847
1.088
1.010
1.390
1.331
1.909
1.014
1.228
1.172
0.779
0.907
0.819
2.176
2.322
2.209
0.867
0.904
0.856
1.538
1.588
1.601
0.831
0.980
0.974
0.911
1.180
1.018
1.122
1.080
1.061
1.041
1.505
1.503
0.724
0.793
0.797
1.147
1.359
1.367
1.395
1.565
1.490
0.656
0.790
0.740
1.035
1.142
1.449
0.933
1.111
0.974
0.344
0.655
0.471
1.566
1.627
1.644
0.745
0.773
0.807
0.826
0.984
0.985
0.835
0.971
0.935
2.152
2.334
2.313
0.941
1.187
1.145
1.247
1.664
1.456
1.474
1.608
1.454
1.516
1.714
1.750
0.878
0.891
0.853
0.818
0.831
0.904
1.273
1.831
1.457
0.945
1.087
1.136
1.458
1.965
1.720
0.499
0.772
0.773
1.365
1.223
1.361
2.492
2.558
2.534
1.569
1.698
1.689
0.535
0.732
0.677
1.577
1.755
1.751
1.153
1.309
1.349
1.444
1.659
1.713
1.264
1.413
1.409
1.940
2.109
2.183
2.185
2.301
2.331
1.825
1.924
1.894
1.505
1.581
1.550
0.829
0.960
0.963
1.856
1.929
1.894
1.354
1.403
1.361
1.095
1.732
1.116
1.881
2.013
2.037
1.711
2.449
2.792
0.706
0.868
0.834
1.919
1.946
1.915
1.359
1.466
1.515
0.771
0.806
0.826
2.069
2.184
2.149
1.225
1.464
1.537
1.764
1.883
1.832
1.305
1.406
1.390
1.002
1.097
1.019
1.649
1.870
1.825
0.692
0.795
0.904
1.593
1.672
1.616
1.184
1.239
1.264
1.105
1.160
1.035
0.741
0.797
0.800
1.502
1.559
1.579
1.925
2.022
1.957
0.699
0.948
0.830
0.687
0.820
0.866
0.503
0.609
0.599
1.261
1.448
1.405
0.625
0.875
0.795
0.455
0.591
0.469
0.289
0.458
0.409
0.618
0.774
0.768
1.496
1.640
1.653
1.134
1.218
1.146
0.678
0.806
0.765
1.287
1.388
1.405
1.735
2.060
1.864
1.027
1.381
1.234
1.042
1.146
1.533
2.263
2.527
2.517
2.264
2.349
2.332
1.138
1.408
1.203
2.206
2.389
2.436
1.460
1.535
1.531
0.591
0.702
0.842
0.669
0.932
0.890
0.541
0.741
0.710
1.013
1.173
1.220
0.901
0.950
0.974
0.972
1.131
1.122
0.709
0.797
0.793
0.477
0.639
0.671
1.603
1.758
1.744
1.486
1.691
1.584
1.547
1.644
1.536
2.132
2.198
2.168
0.793
0.916
0.906
1.793
1.816
1.785
1.062
1.580
1.224
0.866
0.901
0.895
1.064
1.076
1.084
1.220
1.663
1.184
1.111
1.366
1.223
1.486
1.493
1.531
0.602
0.643
0.676
0.923
1.023
1.073
0.733
0.852
0.841
0.613
0.792
0.792
0.734
0.795
0.758
0.457
0.657
0.609
0.443
0.477
0.554
0.505
0.686
0.641
0.764
0.916
0.921
0.745
0.860
0.835
1.455
1.604
1.526
1.322
1.421
1.629
1.138
1.278
1.350
1.202
1.275
1.272
0.693
0.689
0.710
1.141
1.199
1.195
1.655
1.816
1.797
0.792
0.865
0.983
0.763
0.911
0.873
1.516
1.597
1.626
0.771
0.916
0.937
1.314
1.312
1.377
0.876
0.997
1.014
0.853
0.982
0.962
2.592
2.523
2.531
1.150
1.362
1.286
1.553
1.601
1.679
1.107
1.215
1.748
0.621
0.937
0.730
1.999
2.067
2.089
0.244
0.710
0.665
0.738
0.868
0.837
1.270
1.331
1.342
1.300
1.392
1.398
0.902
1.045
1.033
0.999
1.065
1.087
0.682
1.029
0.960
0.739
1.065
1.025
0.842
0.909
0.888
1.079
1.124
1.087
0.799
0.971
0.902
1.668
1.969
1.721
0.394
0.430
0.433
0.583
0.786
0.726
1.335
1.347
1.343
0.548
0.646
0.677
0.830
0.951
0.941
0.858
1.000
1.014
0.995
1.092
1.089
0.964
1.143
1.170
0.437
0.621
0.644
0.647
0.666
0.667
1.040
1.110
1.116
0.896
0.927
0.967
1.089
1.235
1.183
0.992
1.087
1.057
0.730
0.765
0.755
1.826
1.907
1.871
1.475
1.663
1.698
1.258
1.285
1.248
1.368
1.419
1.463
0.631
0.754
0.691
0.856
1.061
0.905
0.988
1.163
1.117
0.887
1.007
0.937
1.582
1.749
1.715
1.072
1.089
1.161
0.295
0.443
0.372
0.750
0.852
0.922
0.778
1.035
1.105
0.684
0.888
0.864
1.561
1.646
1.627
1.409
1.793
1.694
0.975
1.066
0.993
1.586
1.610
1.649
0.885
0.938
0.959
1.496
1.606
1.665
0.771
0.878
0.803
1.671
1.696
1.723
0.881
1.074
1.042
0.501
0.573
0.548
2.146
2.171
2.176
0.986
1.111
1.120
0.881
1.064
1.124
0.711
0.939
0.874
0.840
0.930
0.879
1.249
1.484
1.437
2.594
2.696
2.701
1.728
1.909
1.837
0.748
0.943
0.909
1.255
1.292
1.269
1.052
1.272
1.256
0.837
0.885
0.882
0.434
0.490
0.498
0.773
0.835
0.780
0.969
0.973
0.903
1.016
1.073
0.978
1.040
1.210
1.252
0.299
0.423
0.402
0.601
0.670
0.676
1.638
1.695
1.683
1.154
1.176
1.256
1.570
1.613
1.618
1.259
1.358
1.380
1.006
1.199
1.111
0.806
0.870
0.767
1.059
1.654
1.230
1.040
1.040
1.053
1.827
1.948
1.940
1.993
2.069
2.010
0.480
0.527
0.549
1.053
1.072
1.104
0.580
0.686
0.650
1.569
1.683
1.699
1.809
1.842
1.747
0.806
0.877
0.856
1.561
1.607
1.656
0.684
0.806
0.743
1.198
1.258
1.276
1.391
1.475
1.473
1.876
1.971
1.962
1.879
1.933
1.943
1.125
1.223
1.231
1.271
1.334
1.336
2.878
2.912
2.918
0.884
0.990
0.962
1.190
1.256
1.291
1.121
1.291
1.237
1.661
1.744
1.725
1.719
1.893
1.927
1.365
1.466
1.413
1.121
1.233
1.200
1.303
1.396
1.351
1.216
1.186
1.144
0.669
0.807
0.742
0.893
0.983
1.034
0.998
1.042
1.029
1.559
1.584
1.602
1.748
1.744
1.667
1.037
1.152
1.141
0.940
1.168
1.472
1.244
1.250
1.188
1.013
1.316
1.327
1.497
1.582
1.566
1.218
1.446
1.633
1.897
1.912
2.139
0.351
0.590
0.622
1.463
1.528
1.508
1.915
1.979
2.018
0.602
0.790
1.277
1.684
1.788
1.861
2.039
2.121
2.150
0.841
0.877
0.882
0.593
0.636
0.632
1.483
1.518
1.527
1.440
1.457
1.444
0.848
0.928
0.951
1.367
1.514
1.395
0.827
0.953
1.356
1.370
1.458
1.367
1.299
1.353
1.350
0.695
0.815
0.791
1.233
1.351
1.401
1.850
1.925
1.913
3.073
3.082
3.099
1.108
1.285
1.232
0.837
0.933
0.951
1.063
1.150
1.113
1.287
1.436
1.394
1.639
1.708
1.750
1.250
1.313
1.284
1.923
1.964
1.971
1.748
1.754
1.722
1.210
1.216
1.294
0.821
0.880
0.915
0.597
0.662
0.678
0.835
0.883
0.879
1.825
1.906
1.844
0.562
0.610
0.610
1.407
1.437
1.436
1.849
1.880
1.867
1.909
2.078
2.090
2.210
2.328
2.339
1.664
1.855
1.807
1.334
1.418
1.403
0.661
0.720
0.752
0.888
1.235
1.020
1.936
1.985
1.925
0.763
0.780
0.791
0.885
1.046
1.049
0.911
1.215
1.199
0.917
1.027
0.988
0.889
1.251
1.242
1.189
1.496
1.384
0.436
0.961
0.590
1.032
1.189
1.160
1.176
1.309
1.257
1.022
1.095
1.196
0.824
0.926
0.875
1.244
1.343
1.205
0.639
0.779
0.729
1.362
1.465
1.403
1.783
1.818
1.796
1.135
1.196
1.282
1.588
1.842
1.795
1.055
1.194
1.196
0.785
0.868
0.837
0.433
0.666
0.577
0.636
0.703
0.673
2.029
2.148
2.106
1.011
1.333
1.272
0.716
0.792
0.728
0.442
0.509
0.509
1.265
1.381
1.440
0.620
0.658
0.678
0.859
1.019
0.993
0.487
0.627
0.637
1.292
1.484
1.432
0.633
0.650
0.651
1.296
1.390
1.409
1.971
2.140
2.120
1.287
1.336
1.346
1.506
1.650
1.792
1.042
1.122
1.165
0.331
0.475
0.467
0.572
0.751
0.724
0.520
0.579
0.615
0.887
1.027
1.014
1.184
1.280
1.298
0.945
1.255
0.987
1.387
1.481
1.474
0.906
1.033
1.008
1.438
1.705
1.596
1.356
1.511
1.459
0.627
0.615
0.697
0.642
0.700
0.660
0.524
0.751
0.705
1.416
2.249
1.658
1.803
1.851
1.886
0.395
0.488
0.506
1.351
1.455
1.400
0.945
1.103
1.001
0.906
1.002
1.013
1.924
1.974
2.044
1.840
1.795
1.871
1.327
1.387
1.342
