1.428
1.487
1.474
2.930
3.006
3.006
1.081
1.237
1.181
1.349
1.371
1.402
0.858
0.891
0.821
1.057
1.112
1.218
0.942
1.062
1.040
3.506
3.518
3.485
1.953
2.028
2.024
1.575
1.621
1.679
1.772
1.864
1.838
0.732
0.816
0.847
1.166
1.223
1.254
1.515
1.579
1.640
1.762
1.798
1.836
0.711
0.837
1.435
0.777
0.921
0.915
1.409
1.435
1.492
1.908
2.168
2.546
1.205
1.339
1.406
1.017
1.118
1.071
2.302
2.326
2.344
2.958
2.999
2.990
2.206
2.331
2.327
0.955
1.086
1.132
1.384
1.392
1.433
1.091
1.142
1.152
1.021
1.157
1.150
1.693
1.863
2.029
1.379
1.517
1.514
1.632
1.794
1.700
2.114
2.242
2.245
1.674
1.704
1.744
1.609
1.760
1.755
2.189
2.249
2.265
1.740
1.837
1.702
1.412
1.512
1.521
1.319
1.303
1.313
1.211
1.374
1.369
1.292
1.228
1.327
0.822
1.055
0.961
0.818
0.919
0.871
1.984
2.082
2.066
0.878
1.089
1.006
1.693
1.826
1.815
1.500
1.592
1.623
1.545
1.694
1.752
0.755
0.896
0.860
1.722
1.806
1.791
2.516
2.543
2.555
2.179
2.299
2.225
2.351
2.455
2.430
1.481
1.482
1.527
0.906
0.936
0.959
1.505
1.641
1.653
1.331
1.484
1.365
0.943
1.030
1.032
1.327
1.436
1.299
0.920
1.040
1.043
2.846
2.964
2.910
2.305
2.298
2.327
2.277
2.356
2.331
1.326
1.528
1.528
2.182
2.122
2.155
0.660
0.958
0.733
2.501
2.638
2.659
2.630
2.694
2.700
1.121
1.168
1.117
1.182
1.381
1.277
0.838
0.872
0.880
0.838
0.947
0.937
1.426
1.500
1.514
2.336
2.400
2.410
1.657
1.729
1.722
0.927
0.916
1.030
0.961
1.091
1.091
1.914
1.993
2.044
1.932
2.139
2.161
2.204
2.260
2.299
1.218
1.277
1.267
0.610
0.624
0.527
1.125
1.155
1.141
1.800
1.784
1.820
3.349
3.396
3.418
0.750
0.837
0.852
1.846
1.933
1.949
0.988
1.079
1.022
1.736
1.756
1.816
0.643
0.872
0.852
1.204
1.290
1.296
1.153
1.207
1.221
1.402
1.448
1.434
2.701
2.723
2.726
2.633
2.745
2.741
1.552
1.591
1.663
2.109
2.163
2.189
2.156
2.179
2.186
0.961
1.014
0.986
2.212
2.270
2.256
0.889
1.163
0.970
0.570
0.716
0.670
1.753
1.809
1.810
1.529
1.596
1.594
1.800
1.865
1.903
1.132
1.295
1.248
1.429
1.436
1.474
2.251
2.453
2.424
1.028
1.099
1.100
1.391
1.429
1.436
0.877
0.932
0.934
1.459
1.571
1.549
1.473
1.670
1.844
1.840
1.904
1.926
1.089
1.143
1.150
0.839
1.016
1.050
1.841
1.914
1.960
0.663
0.850
0.756
1.538
1.610
1.607
0.971
1.049
1.060
1.268
1.305
1.357
0.871
0.987
1.042
0.958
0.926
0.978
2.355
2.423
2.409
2.638
2.899
2.661
3.119
3.142
3.173
1.533
1.616
1.628
2.626
2.673
2.698
2.122
2.188
2.170
1.335
1.395
1.415
1.881
2.000
1.977
1.713
1.715
1.763
1.488
1.578
1.577
1.330
1.485
1.445
1.698
1.792
1.798
1.666
1.708
1.723
1.984
2.010
2.050
2.287
2.338
2.353
0.580
0.705
0.742
1.895
1.997
1.906
1.516
1.845
1.874
1.772
1.797
1.741
1.620
1.910
1.863
1.379
1.517
1.514
2.647
2.763
2.722
2.692
2.731
2.856
1.922
2.032
2.004
0.557
0.688
0.653
1.145
1.198
1.205
1.567
1.674
1.636
0.965
0.968
0.969
1.137
1.132
1.106
1.696
1.657
1.756
1.407
1.456
1.448
1.888
1.933
1.990
1.152
1.144
1.178
1.849
1.955
1.977
0.865
1.055
0.914
1.782
1.816
1.832
1.252
1.307
1.338
1.217
1.465
1.340
1.468
1.537
1.508
0.972
1.093
1.078
1.841
1.898
2.000
2.167
2.253
2.292
1.307
1.370
1.328
0.807
0.805
0.810
1.145
1.201
1.209
0.789
0.840
0.834
1.441
1.472
1.481
2.169
2.226
2.239
1.275
1.491
1.487
1.406
1.424
1.443
1.404
1.456
1.439
0.881
0.893
0.896
1.594
1.654
1.648
1.633
1.733
1.742
1.287
1.412
1.443
0.793
0.970
0.977
2.304
2.506
2.505
2.202
2.248
2.273
0.977
0.982
0.987
1.456
1.449
1.431
2.458
2.495
2.537
1.403
1.605
1.565
2.663
2.688
2.715
1.851
1.944
1.997
1.443
1.490
1.508
2.098
2.139
2.127
1.672
1.991
1.919
0.414
0.456
0.448
0.963
0.980
1.020
0.867
0.988
0.988
2.155
2.274
2.264
0.648
0.852
0.766
0.997
1.076
1.377
0.683
1.525
0.823
0.756
0.907
0.907
0.607
0.926
0.866
1.785
1.843
1.873
1.403
1.406
1.438
1.771
1.838
1.822
1.034
1.102
1.052
2.828
2.915
2.999
1.900
1.956
2.033
1.400
1.551
1.580
1.042
1.283
1.244
0.621
1.019
0.990
0.807
0.907
0.961
2.121
2.155
2.130
1.743
1.782
1.771
1.878
2.203
1.942
1.336
1.374
1.349
1.083
1.135
1.124
1.428
1.441
1.449
0.952
1.187
1.057
1.480
1.533
1.574
1.281
1.376
1.876
1.697
1.716
1.722
0.897
1.114
1.073
2.803
2.893
2.894
2.252
2.406
2.345
1.805
1.868
1.822
1.546
1.581
1.564
1.733
1.763
1.754
0.710
0.736
0.806
0.663
0.753
0.762
1.242
1.320
1.376
0.993
1.075
1.078
2.635
2.682
2.683
1.273
1.425
1.383
1.748
1.892
1.882
1.209
1.251
1.219
1.523
1.645
1.598
0.970
0.987
1.010
0.728
0.812
0.781
0.986
1.095
1.092
0.928
1.004
0.993
1.683
1.675
1.712
1.350
1.482
1.452
1.047
1.067
1.094
1.782
1.839
1.869
0.917
0.972
0.992
0.945
1.085
1.100
1.431
1.435
1.405
2.078
2.169
2.200
0.841
0.971
0.986
2.194
2.243
2.272
0.910
0.964
0.936
1.792
1.850
1.873
1.423
1.501
1.481
1.222
1.370
1.588
2.018
2.095
2.084
1.160
1.240
1.222
0.910
0.868
0.895
1.585
1.545
1.618
1.995
2.053
2.070
1.551
1.612
1.665
1.466
1.598
1.608
1.492
1.540
1.533
2.924
3.014
3.065
1.331
1.386
1.415
1.942
1.971
1.947
0.740
0.890
0.855
1.736
1.786
1.769
1.384
1.434
1.462
2.064
2.201
2.202
2.017
2.128
2.127
1.697
1.750
1.784
0.506
0.568
0.553
2.135
2.251
2.253
1.513
1.580
1.696
1.520
1.646
1.652
1.148
1.421
1.242
1.044
1.130
1.109
1.072
1.320
1.318
0.809
1.000
0.967
0.420
0.584
0.562
0.829
0.846
0.848
1.896
1.969
1.980
1.039
1.099
1.108
1.039
1.142
1.130
1.341
1.547
1.537
1.770
1.800
1.819
1.405
1.475
1.458
0.460
0.494
0.564
0.890
1.054
1.084
0.653
0.733
0.724
2.198
2.244
2.334
1.728
1.790
1.811
2.516
2.521
2.556
0.682
0.731
0.744
0.931
0.996
1.043
2.805
2.933
2.907
1.670
1.827
1.781
3.272
3.336
3.419
1.157
1.196
1.177
1.320
1.480
1.442
0.874
0.928
0.859
0.923
1.108
1.080
0.902
0.986
1.020
0.668
0.736
0.771
1.818
1.859
1.877
1.216
1.294
1.263
0.916
0.903
0.954
2.336
2.356
2.392
1.134
1.279
1.227
1.063
1.139
1.112
0.681
0.749
0.775
1.108
1.183
1.226
0.669
0.739
0.796
1.074
1.230
1.228
1.448
1.491
1.503
2.238
2.333
2.357
1.765
1.786
1.796
2.182
2.253
2.270
1.424
1.506
1.486
0.961
1.047
1.019
1.612
1.660
1.595
1.991
2.065
2.085
1.671
1.796
1.764
2.078
2.143
2.119
1.404
1.515
1.499
0.793
0.941
0.963
1.929
1.926
1.877
1.205
1.283
1.259
1.183
1.259
1.287
2.762
2.860
2.905
1.301
1.375
1.361
2.614
2.648
2.613
1.388
1.424
1.391
1.974
2.013
2.021
0.948
1.017
1.033
2.888
2.920
2.936
1.132
1.206
1.189
1.239
1.231
1.247
1.777
1.803
1.810
1.425
1.594
1.542
1.242
1.267
1.261
0.968
0.982
1.014
1.633
1.636
1.958
1.118
1.185
1.134
0.715
0.740
0.776
1.613
1.706
1.643
1.934
1.970
2.062
1.518
1.563
1.553
0.862
0.911
0.914
2.491
2.590
2.647
2.109
2.192
2.206
2.152
2.237
2.215
1.020
1.098
1.131
0.708
0.955
0.882
1.008
1.136
1.128
2.868
2.939
2.941
1.666
1.661
1.689
0.630
0.620
0.765
0.952
1.009
0.997
0.805
0.971
0.872
0.921
0.942
0.979
1.361
1.408
1.402
1.246
1.380
1.307
1.893
1.979
2.016
1.614
1.719
1.755
2.863
2.899
2.946
2.972
3.118
3.109
1.743
1.753
1.787
0.811
0.889
0.838
0.989
1.075
1.068
2.547
2.667
2.627
2.003
2.043
2.068
2.397
2.421
2.414
1.559
1.506
1.555
1.463
1.630
1.610
1.074
1.412
1.373
1.310
1.385
1.441
1.075
1.397
1.055
1.552
1.578
1.548
1.290
1.355
1.350
1.950
2.026
2.003
1.383
1.406
1.412
1.412
1.455
1.464
1.552
1.644
1.640
1.162
1.326
1.359
0.755
1.045
0.955
1.605
1.750
1.727
1.889
1.913
1.921
2.091
2.223
2.204
2.431
2.418
2.470
1.888
2.043
1.951
1.642
1.676
1.684
1.175
1.309
1.401
2.346
2.380
2.391
1.517
1.584
1.571
2.011
2.016
2.028
2.316
2.327
2.361
0.907
0.997
0.988
1.338
1.403
1.428
1.327
1.346
1.360
1.013
1.108
1.071
0.957
1.070
1.091
0.715
1.007
0.945
1.202
1.320
1.388
1.029
1.107
1.170
2.348
2.486
2.379
1.472
1.512
1.562
2.033
2.168
2.172
1.490
2.081
1.855
1.495
1.519
1.541
1.279
1.312
1.344
1.995
2.119
2.079
1.192
1.440
1.398
1.241
1.399
1.425
0.933
0.955
0.990
0.959
0.985
1.024
1.175
1.485
1.304
1.219
1.446
1.287
1.011
1.011
1.019
1.602
1.711
1.728
1.390
1.458
1.462
0.718
0.779
0.755
0.869
0.930
0.917
1.256
1.278
1.314
1.168
1.223
1.260
0.909
1.110
1.116
1.209
1.386
1.349
1.289
1.324
1.296
0.757
1.017
0.976
2.535
2.600
2.542
1.197
1.286
1.365
1.143
1.631
1.338
1.108
1.133
1.141
0.570
0.582
0.615
1.074
1.212
1.158
1.044
1.175
1.188
0.628
0.725
0.734
1.010
1.148
1.144
1.359
1.408
1.487
1.619
1.621
1.614
1.235
1.301
1.282
1.112
1.217
1.218
0.548
0.510
0.333
1.455
1.488
1.506
1.548
1.612
1.650
0.891
0.976
0.972
1.142
1.475
1.476
1.820
1.865
1.898
1.836
1.874
1.837
3.034
3.129
3.106
0.620
0.722
0.714
0.825
0.861
0.877
0.685
0.743
0.719
1.031
1.114
1.239
1.031
1.212
1.243
1.230
1.422
1.361
1.706
1.753
1.765
1.143
1.341
1.306
1.569
1.657
1.699
1.637
1.734
1.737
1.319
1.404
1.399
2.290
2.330
2.345
1.815
1.818
1.822
1.401
1.452
1.443
1.483
1.509
1.557
1.894
2.001
1.978
1.198
1.277
1.257
1.009
1.044
1.047
1.847
1.865
1.871
2.912
2.945
2.800
2.205
2.260
2.311
0.606
0.579
0.671
2.184
2.239
2.245
1.716
1.671
1.675
1.594
1.704
1.608
1.272
1.295
1.281
1.386
1.505
1.499
1.524
1.597
1.578
2.432
2.464
2.477
1.715
1.735
1.815
2.264
2.303
2.319
0.944
1.224
1.048
1.456
1.535
1.486
1.131
1.219
1.236
1.786
1.834
1.965
1.858
1.859
1.879
0.932
0.919
0.872
1.678
1.711
1.731
1.145
1.215
1.201
1.460
1.552
1.524
2.517
2.452
2.573
1.518
1.532
1.589
1.194
1.319
1.265
1.671
1.717
1.721
0.856
1.021
1.056
1.602
1.657
1.635
1.080
1.125
1.105
0.974
1.150
1.073
1.780
1.916
1.858
3.227
3.261
3.242
0.431
0.605
0.599
0.530
1.082
0.918
1.711
1.699
1.660
1.875
1.942
1.966
1.369
1.429
1.409
1.612
2.226
1.709
2.078
2.424
2.099
1.525
1.607
1.615
0.436
0.502
0.514
1.882
2.069
2.104
1.660
1.812
1.761
0.760
0.891
0.908
0.715
0.737
0.731
2.632
2.691
2.665
1.593
1.731
1.983
0.744
0.927
1.231
1.357
1.387
1.319
1.825
2.031
1.997
1.079
1.131
1.165
0.851
1.059
1.179
1.122
1.243
1.277
1.044
1.108
1.146
0.847
0.959
0.979
1.248
1.327
1.299
1.714
1.793
1.791
1.769
1.920
1.763
2.705
2.751
2.795
1.569
2.081
2.244
1.310
1.404
1.392
1.784
1.827
1.798
1.153
1.341
1.342
1.306
1.417
1.357
1.427
1.534
1.478
1.666
1.723
1.701
1.065
1.318
1.389
2.551
2.617
2.615
1.676
1.713
1.738
0.663
0.748
0.783
2.386
2.447
2.451
1.649
1.681
1.665
2.112
2.167
2.246
1.371
1.549
1.474
1.114
1.239
1.287
1.265
1.324
1.321
1.220
1.369
1.305
1.767
1.869
1.879
2.155
2.176
2.188
1.849
1.960
1.932
0.878
0.995
0.992
1.349
1.451
1.473
0.844
1.002
0.999
0.504
0.631
0.607
0.954
1.094
1.046
2.119
2.218
2.276
1.589
1.662
1.680
0.861
0.960
0.954
0.955
1.042
1.046
1.200
1.368
1.320
1.269
1.551
1.533
1.364
1.501
1.485
1.264
1.286
1.295
1.183
1.234
1.279
1.345
1.457
1.461
1.325
1.411
1.402
1.381
1.453
1.439
1.515
1.538
1.579
0.876
0.879
0.918
1.843
1.912
1.880
1.815
1.877
1.884
1.545
1.616
1.667
1.576
1.679
1.658
2.237
2.365
2.324
1.206
1.278
1.281
1.017
1.295
1.158
1.017
1.184
1.260
2.818
2.983
3.010
0.844
0.920
0.919
1.098
1.143
1.216
0.956
1.061
1.005
1.739
1.798
1.876
1.262
1.191
1.255
1.240
1.279
1.308
0.909
0.868
0.960
0.713
0.712
0.744
0.717
0.993
0.796
0.623
0.661
0.737
1.108
1.155
1.184
3.035
3.023
3.048
1.787
1.881
1.861
2.847
2.982
2.956
1.057
1.174
1.180
1.148
1.181
1.183
1.846
1.884
1.834
1.829
2.162
1.866
1.864
1.946
1.870
1.167
1.233
1.282
1.209
1.359
1.261
1.911
1.967
1.987
0.499
0.606
1.024
1.515
1.507
1.524
2.801
3.011
2.751
1.286
1.403
1.341
1.805
1.766
1.842
1.165
1.275
1.740
3.016
3.072
3.079
1.525
1.616
1.694
2.462
2.471
2.461
0.807
0.930
0.913
0.588
0.652
0.651
1.466
1.517
1.530
3.715
3.757
3.755
1.519
1.564
1.547
2.007
2.095
2.062
0.437
0.432
0.459
0.801
0.931
0.911
2.277
2.501
2.599
1.286
1.449
1.488
1.154
1.219
1.203
1.530
1.642
1.636
1.055
1.098
1.095
1.201
1.244
1.264
1.553
1.590
1.645
2.322
2.322
2.363
1.852
1.965
1.903
1.115
1.158
1.150
0.842
0.880
0.886
2.121
2.313
2.215
2.121
2.275
2.215
2.121
2.279
2.215
1.181
1.195
1.189
1.532
1.620
1.649
1.736
1.776
1.744
0.899
0.925
0.909
0.353
0.592
0.567
1.356
1.460
1.432
1.957
1.992
2.031
1.396
1.471
1.498
0.701
0.804
0.738
1.968
2.035
1.971
1.258
1.273
1.308
0.846
0.989
1.073
1.471
1.708
1.678
1.239
1.345
1.330
1.137
1.202
1.282
1.173
1.265
1.395
1.104
1.212
1.213
1.866
1.964
1.879
1.991
1.914
1.948
1.653
1.717
1.689
2.386
2.520
2.510
1.261
1.273
1.319
1.977
1.956
1.984
1.864
1.878
1.977
1.864
1.878
1.977
1.035
1.327
1.096
1.925
1.926
1.883
0.880
1.074
1.009
0.880
1.100
1.009
1.989
2.157
2.121
0.898
0.964
1.004
1.464
1.580
1.542
2.448
2.462
2.461
0.826
0.893
0.881
1.177
1.309
1.279
1.208
1.284
1.339
1.159
1.211
1.092
2.407
2.469
2.450
1.409
1.447
1.490
2.718
2.885
2.828
1.922
1.971
1.968
1.446
1.536
1.490
1.778
1.815
1.826
1.345
1.395
1.381
1.001
1.168
1.124
1.113
1.174
1.114
1.158
1.210
1.192
1.288
1.337
1.365
1.314
1.353
1.358
1.371
1.533
1.537
0.871
0.941
0.935
1.264
1.378
1.321
1.638
1.690
1.706
0.745
0.888
0.883
1.381
1.472
1.432
2.024
2.035
2.059
0.918
1.063
1.146
0.830
0.878
0.871
0.949
1.029
1.046
0.864
1.008
1.034
1.013
1.212
1.268
1.064
1.197
1.147
1.499
1.500
1.544
2.168
2.232
2.208
0.895
0.939
0.915
1.916
2.048
2.064
2.020
2.059
2.015
0.934
1.062
1.121
0.979
1.034
1.024
1.886
1.997
1.977
2.058
2.078
2.105
1.620
1.645
1.640
0.757
0.815
0.785
0.932
1.214
0.989
1.398
1.483
1.432
1.751
1.712
1.770
1.165
1.283
1.262
1.014
1.103
1.118
1.506
1.639
1.629
2.834
2.848
2.939
1.317
1.402
1.358
1.034
1.170
1.236
1.283
1.373
1.353
2.291
2.350
2.375
1.768
1.806
1.822
2.160
2.165
2.177
2.230
2.289
2.310
1.693
1.895
1.871
2.026
2.100
2.226
1.566
1.601
1.594
1.858
1.797
1.842
2.051
2.099
2.187
1.213
1.319
1.354
0.854
0.929
0.931
1.182
1.325
1.351
0.637
0.660
0.643
1.308
1.299
1.277
1.962
2.133
2.086
3.329
3.363
3.440
1.398
1.515
1.427
1.066
1.044
1.068
1.588
1.647
1.663
1.010
1.135
1.108
0.856
1.039
1.066
0.382
0.582
0.633
1.120
1.151
1.222
1.120
1.197
1.183
1.443
1.534
1.477
2.752
2.796
2.816
2.704
2.791
2.827
2.123
2.109
2.150
1.572
1.705
1.735
1.560
1.599
1.615
1.452
1.518
1.476
0.977
1.024
1.072
3.253
3.303
3.277
1.451
1.561
1.474
1.457
1.551
1.434
1.507
1.537
1.593
2.006
2.118
2.076
2.035
2.104
2.058
1.522
1.556
1.529
1.576
1.583
1.614
2.011
2.061
2.067
0.843
1.000
0.987
1.278
1.341
1.374
1.116
1.186
1.106
1.293
1.353
1.357
1.660
1.791
1.718
1.518
1.492
1.495
1.595
1.674
1.670
1.272
1.308
1.359
2.072
2.214
2.189
1.192
1.299
1.247
1.504
1.525
1.562
1.504
1.525
1.562
1.492
1.556
1.528
1.712
1.913
1.883
2.501
2.541
2.658
1.106
1.199
1.162
1.427
1.516
1.516
1.599
1.697
1.697
0.537
0.798
0.713
1.319
1.453
1.436
2.529
2.566
2.550
1.419
1.590
1.582
1.928
1.982
2.000
0.834
0.920
0.889
0.922
1.260
1.169
1.238
1.318
1.358
2.006
2.039
2.056
1.126
1.172
1.106
1.430
1.555
1.544
1.281
1.276
1.331
1.281
1.414
1.437
1.497
1.515
1.530
1.286
1.498
1.482
1.135
1.369
1.365
1.928
1.959
1.967
2.062
2.233
2.289
2.586
2.644
2.656
1.089
1.135
1.192
1.587
1.968
1.963
1.279
1.351
1.331
1.529
1.528
1.500
0.763
0.811
0.834
1.456
1.483
1.477
1.344
1.380
1.421
2.298
2.685
2.735
2.265
2.296
2.280
2.860
2.905
2.993
1.219
1.248
1.261
0.893
0.846
0.955
1.171
1.151
1.180
1.119
1.149
1.173
0.792
1.204
0.899
1.774
1.831
1.817
1.726
1.701
1.752
1.689
1.784
1.763
1.708
1.803
1.791
1.688
1.684
1.637
0.809
0.901
0.943
1.345
1.421
1.431
2.334
2.311
2.366
0.785
0.929
0.905
1.149
1.235
1.265
1.585
1.666
1.632
2.044
2.195
2.209
0.940
1.033
1.065
1.773
1.878
1.948
1.200
1.225
1.207
1.039
1.098
1.045
2.033
2.109
2.113
2.347
2.450
2.462
1.457
1.520
1.501
1.725
1.853
1.867
1.807
1.871
1.854
2.472
2.550
2.541
1.493
1.569
1.585
3.220
3.262
3.291
2.144
2.304
2.320
1.564
1.664
1.678
1.199
1.416
1.367
1.367
1.456
1.459
2.526
2.574
2.576
0.887
0.979
0.923
1.443
1.508
1.534
0.746
0.777
0.880
2.265
2.334
2.470
0.828
0.779
0.828
0.527
0.607
0.617
0.937
1.165
1.289
1.637
1.646
1.689
0.873
0.921
0.922
1.873
1.957
1.971
1.628
1.725
1.738
1.605
1.731
1.684
1.979
2.061
2.002
1.176
1.496
1.337
1.237
1.337
1.301
2.779
2.839
2.823
1.825
1.822
1.831
1.973
2.059
2.106
2.570
2.641
2.632
0.860
1.461
1.049
0.648
0.725
0.732
0.925
1.078
1.096
1.758
1.882
1.909
0.855
0.881
0.911
0.906
1.017
1.048
1.461
1.526
1.523
1.589
1.550
1.599
1.948
2.000
2.000
0.220
0.208
0.289
2.535
2.594
2.602
1.238
1.413
1.448
1.156
1.148
1.150
2.452
2.472
2.456
2.689
2.780
2.748
1.792
1.868
1.825
0.968
1.040
1.051
1.202
1.279
1.176
1.966
2.010
2.016
1.255
1.334
1.494
2.287
2.327
2.371
1.117
1.127
1.103
3.118
3.293
3.380
1.423
1.526
1.557
1.730
1.763
1.817
1.745
2.214
2.211
0.866
0.957
1.000
1.934
1.975
1.997
1.198
1.203
1.188
1.539
1.518
1.528
0.412
0.489
0.490
1.098
1.111
1.106
1.631
1.669
1.698
0.898
1.251
0.889
1.500
1.617
1.616
1.223
1.237
1.222
1.910
1.962
1.982
1.381
1.404
1.395
1.875
1.941
1.940
2.408
2.450
2.475
1.503
1.490
1.511
1.904
1.962
1.958
2.171
2.300
2.330
1.335
1.380
1.382
1.637
1.673
1.650
1.794
1.837
1.882
1.137
1.190
1.261
0.975
1.320
1.383
1.923
2.027
2.055
1.114
1.218
1.224
0.888
0.972
0.996
0.406
0.369
0.415
0.678
0.881
0.834
2.316
2.393
2.440
0.963
1.005
1.000
1.508
1.561
1.536
0.785
0.875
0.941
1.035
1.225
1.299
1.426
1.497
1.508
3.156
3.303
3.336
2.184
2.159
2.226
0.806
0.837
0.861
1.292
1.451
1.374
1.504
1.592
1.576
4.624
4.620
4.624
1.358
1.486
1.451
2.405
2.565
2.551
0.979
1.205
1.062
1.034
1.056
1.100
1.480
1.569
1.580
1.043
1.137
1.167
1.508
1.534
1.513
2.485
2.588
2.608
2.575
2.561
2.660
1.122
1.202
1.246
0.829
0.957
0.988
1.419
1.473
1.474
1.177
1.247
1.176
1.839
2.101
1.853
2.182
2.455
2.349
1.427
1.526
1.561
1.972
1.988
2.024
1.657
1.738
1.704
1.975
2.003
1.999
1.921
2.002
2.054
2.813
2.841
2.870
1.581
1.648
1.622
2.872
3.069
3.045
2.538
2.623
2.636
1.133
1.147
1.137
0.718
0.760
0.666
1.688
1.803
1.817
0.684
0.843
0.847
2.123
2.093
2.054
1.897
1.946
1.942
1.627
1.669
1.746
1.248
1.340
1.374
2.500
2.542
2.522
1.438
1.573
1.520
2.754
2.842
2.813
1.257
1.276
1.321
0.570
0.644
0.665
2.155
2.189
2.188
1.422
1.544
1.485
0.881
0.911
0.913
1.584
1.547
1.650
1.161
1.219
1.234
0.849
0.949
0.992
1.092
1.165
1.071
1.607
1.839
1.725
0.973
1.030
1.045
0.670
0.726
0.737
1.896
1.998
1.965
1.718
1.793
1.772
1.624
1.688
1.660
1.457
1.763
1.955
1.135
1.249
1.257
1.831
1.950
1.942
2.203
2.234
2.237
1.129
1.198
1.158
0.916
1.002
0.932
1.450
1.526
1.504
1.507
1.647
1.587
1.408
1.448
1.448
0.741
0.839
0.793
1.102
1.203
1.143
0.580
0.698
0.678
1.703
1.733
1.807
2.023
2.051
2.017
0.769
0.912
0.943
1.304
1.318
1.397
2.023
2.051
2.017
1.669
1.694
1.732
0.951
1.001
1.017
1.407
1.472
1.460
0.792
0.858
0.858
1.174
1.242
1.268
1.346
1.438
1.501
2.653
2.704
2.719
1.564
1.587
1.622
1.842
1.921
1.884
0.680
0.786
0.754
0.789
1.041
1.124
1.556
1.592
1.625
1.301
1.320
1.378
1.215
1.278
1.261
1.304
1.338
1.359
0.658
0.761
0.689
1.366
1.569
1.541
1.786
2.046
2.173
0.968
1.076
1.068
1.460
1.498
1.504
1.703
1.799
1.780
0.942
0.993
0.960
0.997
1.156
1.059
0.812
0.831
0.832
1.216
1.223
1.233
0.799
0.903
1.177
0.974
1.026
1.045
1.325
1.428
1.466
1.410
1.580
1.574
1.940
1.980
1.971
1.432
1.468
1.476
1.011
1.005
0.960
2.125
2.379
2.285
1.297
1.405
1.443
1.402
1.443
1.404
1.659
1.745
1.714
1.871
1.909
1.899
0.717
0.831
0.793
1.667
1.815
1.729
1.219
1.381
1.502
1.210
1.254
1.237
2.044
2.109
2.105
1.040
1.106
1.074
1.243
1.260
1.294
1.212
1.254
1.217
1.170
1.216
1.242
1.419
1.583
1.504
1.728
1.716
1.728
1.444
1.561
1.517
2.132
2.107
2.128
1.202
1.147
1.170
1.259
1.326
1.322
1.421
1.484
1.434
1.323
1.434
1.412
0.888
0.965
0.974
1.421
1.653
1.614
0.844
0.946
0.941
2.481
2.583
2.556
2.062
2.183
2.277
2.791
2.851
2.890
1.934
2.197
2.167
1.504
1.586
1.733
1.099
1.197
1.249
1.124
1.176
1.193
0.865
0.947
0.975
1.520
1.533
1.578
1.074
1.138
1.154
1.075
1.207
1.229
0.722
0.771
0.710
1.776
1.803
1.764
2.703
2.806
2.851
2.688
2.700
2.659
1.447
1.603
1.691
0.915
1.235
1.218
2.448
2.472
2.566
1.987
2.002
1.996
0.875
0.998
0.976
1.316
1.474
1.514
2.675
2.743
2.740
1.649
1.790
1.746
0.920
1.008
1.078
0.978
1.210
1.143
0.986
1.072
1.017
1.432
1.532
1.570
2.905
3.007
3.149
0.748
0.863
0.850
1.443
1.575
1.491
1.126
1.174
1.212
2.135
2.153
2.108
1.133
1.178
1.167
1.797
2.035
2.028
0.757
0.898
0.926
0.888
0.951
0.999
0.844
0.895
0.889
1.314
1.371
1.402
1.498
1.574
1.593
1.908
1.993
1.941
1.789
2.262
2.066
1.581
1.610
1.623
0.820
0.870
0.911
1.309
1.383
1.374
0.836
1.031
1.032
2.270
2.311
2.414
0.638
0.724
0.755
1.229
1.305
1.327
1.790
1.831
1.800
0.940
0.955
0.942
1.387
1.402
1.399
0.930
0.997
1.006
1.733
1.833
1.829
0.741
0.769
0.800
0.965
1.042
1.020
0.835
0.873
0.896
1.325
1.411
1.501
1.617
1.734
1.815
1.617
1.847
1.892
1.135
1.197
1.190
1.384
1.548
1.504
1.090
1.222
1.198
0.629
0.847
0.876
1.618
1.727
1.738
1.693
1.765
1.757
1.521
1.616
1.584
0.810
0.953
0.909
0.713
0.786
0.784
1.934
1.957
1.955
2.065
1.999
2.095
2.163
2.280
2.260
1.278
1.403
1.357
1.341
1.344
1.364
1.419
1.431
1.558
1.671
1.799
1.727
0.808
0.910
0.858
1.340
1.368
1.395
1.574
1.588
1.575
0.798
0.927
0.939
0.528
0.674
0.737
1.800
1.837
1.841
3.433
3.538
3.538
2.386
2.503
2.489
1.819
1.896
1.890
1.163
1.207
1.241
1.032
1.109
1.073
1.802
1.819
1.815
2.612
2.595
2.591
0.987
1.044
1.022
1.596
1.632
1.664
2.312
2.274
2.387
2.056
2.181
2.157
0.784
0.734
0.762
2.433
2.455
2.387
1.385
1.486
1.474
0.988
1.055
1.032
0.487
0.524
0.494
2.280
2.355
2.339
1.365
1.435
1.465
1.443
1.541
1.538
1.104
1.289
1.256
2.068
2.067
2.129
2.391
2.472
2.722
2.081
2.196
2.185
1.608
1.685
1.663
1.081
1.199
1.176
1.048
1.175
1.144
1.079
1.124
1.216
1.463
1.556
1.595
2.440
2.449
2.451
1.765
1.788
1.847
1.293
1.295
1.297
1.460
1.615
1.623
2.285
2.298
2.340
2.367
2.409
2.475
1.989
2.046
2.074
2.267
2.528
2.446
2.102
2.418
2.441
1.952
1.991
1.988
2.298
2.453
2.344
1.363
1.590
1.699
1.365
1.435
1.463
1.333
1.508
1.491
2.076
2.158
2.198
2.180
2.206
2.210
1.714
1.837
1.770
1.513
1.643
1.612
1.513
1.590
1.629
1.742
1.757
1.748
1.942
2.092
2.023
2.526
2.486
2.499
1.415
1.415
1.444
2.716
2.725
2.727
2.102
2.116
2.110
2.059
2.271
2.273
2.715
2.811
2.816
1.770
1.812
1.887
0.464
0.521
0.522
2.095
2.106
2.324
1.493
1.602
1.826
1.866
1.907
1.913
1.544
1.607
1.600
0.597
0.662
0.693
1.569
1.649
1.592
2.644
2.718
2.740
1.370
1.475
1.449
1.784
1.858
1.903
2.815
2.824
2.829
2.080
2.340
2.296
2.339
2.414
2.446
1.554
1.854
1.952
2.169
2.254
2.225
0.596
0.617
0.642
1.576
1.594
1.618
1.834
1.925
1.860
1.929
1.974
1.938
1.855
1.920
1.971
1.848
2.011
2.029
1.415
1.511
1.431
1.775
1.874
1.921
1.347
1.355
1.355
1.203
1.250
1.261
1.517
1.618
1.612
1.932
1.856
1.866
0.728
0.834
0.867
1.156
1.173
1.138
1.210
1.252
1.314
1.188
1.199
1.154
1.970
1.967
1.979
2.177
2.205
2.216
1.326
1.371
1.354
0.924
0.979
1.003
1.963
1.952
1.964
1.883
1.899
1.878
0.957
0.902
0.947
0.815
1.007
0.977
1.518
1.684
1.703
1.812
1.964
1.989
1.484
1.540
1.533
1.006
1.112
1.100
1.714
1.732
1.740
1.839
1.914
1.885
2.884
2.904
2.920
1.020
1.078
1.061
2.522
2.599
2.613
1.898
2.000
1.996
1.476
1.571
1.540
1.143
1.100
1.164
1.756
1.772
1.704
1.184
1.295
1.282
1.228
1.297
1.293
2.123
2.140
2.199
1.603
1.677
1.661
2.759
2.765
2.575
0.924
0.951
0.953
1.513
1.537
1.560
2.095
2.142
2.077
1.426
1.505
1.514
1.228
1.244
1.302
2.120
2.129
2.132
0.469
0.641
0.652
1.891
1.914
1.931
1.636
1.609
1.619
2.184
2.225
2.282
1.885
1.902
1.905
1.143
1.219
1.222
0.874
1.015
0.960
1.155
1.227
1.169
1.116
1.175
1.205
1.633
1.697
1.674
1.601
1.660
1.642
1.166
1.203
1.181
1.866
1.951
1.944
0.945
1.019
1.071
0.573
0.632
0.580
2.207
2.330
2.279
0.955
1.054
1.094
0.804
0.848
0.884
0.696
0.840
0.806
0.881
0.910
1.044
0.723
0.759
0.818
1.400
1.409
1.456
1.706
1.765
1.720
0.682
0.727
0.824
1.367
1.408
1.450
2.178
2.279
2.287
1.573
1.674
1.716
1.279
1.342
1.351
0.869
0.918
0.953
0.679
0.832
0.814
1.023
1.142
1.151
1.684
1.716
1.726
0.949
1.000
1.044
2.072
2.089
2.104
0.976
1.439
1.021
1.364
1.388
1.382
1.001
1.058
1.078
0.925
1.065
1.007
2.349
2.344
2.387
1.596
1.615
1.650
1.644
1.705
1.708
1.243
1.269
1.255
1.107
1.228
1.255
1.765
1.846
1.878
0.852
0.968
0.935
0.947
1.198
1.077
2.835
2.849
2.797
1.313
1.439
1.398
1.287
1.315
1.266
0.929
1.106
1.115
2.587
2.623
2.563
1.120
1.645
1.693
1.477
1.513
1.511
1.725
1.813
1.852
2.104
2.259
2.182
1.962
1.961
1.983
1.267
1.414
1.381
2.233
2.300
2.244
1.149
1.217
1.214
1.375
1.520
1.497
1.312
1.500
1.464
1.193
1.319
1.294
0.790
0.789
0.799
0.947
0.935
0.943
1.002
1.077
1.108
1.676
1.706
1.689
1.338
1.642
1.336
1.347
1.360
1.330
0.962
1.028
1.032
0.911
1.037
0.948
0.743
0.806
0.802
1.245
1.240
1.268
0.926
0.977
0.950
1.697
1.712
1.690
0.947
1.021
1.026
1.014
1.078
1.057
2.179
2.240
2.274
0.935
1.075
1.021
1.258
1.408
1.376
1.515
1.557
1.586
1.060
1.121
1.104
1.094
1.120
1.109
1.195
1.240
1.243
0.936
1.073
1.031
2.302
2.307
2.280
1.279
1.385
1.380
2.373
2.849
2.395
1.658
1.742
1.737
2.290
2.377
2.402
2.189
2.174
2.199
1.565
1.561
1.526
1.501
1.555
1.534
1.945
2.002
1.953
0.333
0.398
0.384
0.585
0.627
0.617
1.649
1.808
1.869
1.362
1.573
1.515
1.389
1.433
1.414
1.439
1.598
1.544
1.386
1.435
1.378
2.801
2.858
2.895
1.699
1.843
1.857
1.692
1.759
1.779
0.817
1.078
1.095
1.545
1.626
1.528
1.031
1.055
1.086
1.632
1.623
1.643
1.893
2.261
2.159
0.987
1.081
1.069
1.412
1.472
1.799
1.734
1.794
1.798
1.317
1.433
1.405
1.970
2.000
2.002
0.934
1.013
1.034
1.585
1.684
1.707
1.833
1.851
1.861
1.794
1.833
1.867
1.888
2.397
2.605
2.075
2.139
2.116
1.614
1.720
1.699
0.953
1.487
1.067
1.437
1.622
1.554
1.279
1.277
1.318
1.948
1.993
2.043
1.557
1.670
1.688
1.856
2.005
2.081
1.318
1.387
1.388
0.396
0.522
0.527
1.132
1.184
1.162
1.618
1.725
1.719
1.536
1.673
1.515
1.644
1.879
1.862
1.559
2.121
2.175
1.442
1.519
1.405
0.767
1.150
0.959
0.975
1.045
1.039
1.186
1.323
1.306
1.722
1.800
1.771
1.483
1.575
1.564
1.131
1.142
1.140
1.071
1.126
1.133
1.352
1.447
1.393
1.455
1.449
1.533
2.115
2.124
2.138
1.732
1.759
1.838
1.301
1.389
1.371
1.167
1.304
1.299
0.641
0.769
0.780
0.719
0.778
0.779
1.776
1.806
1.815
1.067
1.104
1.101
0.900
1.053
1.052
0.458
0.467
0.415
0.891
0.980
0.988
1.022
1.082
1.080
0.495
1.078
1.232
0.907
0.931
0.896
1.648
1.696
1.705
2.735
2.853
3.082
2.148
2.242
2.253
1.149
1.198
1.200
1.935
2.038
2.006
2.208
2.292
2.273
1.328
1.417
1.472
1.328
1.549
1.576
1.726
1.735
1.835
0.985
1.092
1.270
2.918
2.911
2.966
1.947
1.994
2.009
1.143
1.266
1.246
1.185
1.172
1.231
1.514
1.556
1.591
1.441
1.513
1.516
2.082
2.175
2.154
1.261
1.360
1.270
4.280
4.337
4.425
1.435
1.471
1.494
1.244
1.342
1.333
2.401
2.432
2.452
1.256
1.295
1.340
1.595
1.655
1.691
1.963
1.992
2.039
2.037
2.096
2.105
0.604
0.728
0.711
2.611
2.740
2.718
1.474
1.560
1.564
2.341
2.352
2.371
2.055
2.082
2.514
2.087
2.144
2.150
0.814
0.886
0.905
2.073
2.177
2.146
1.181
1.243
1.214
1.807
1.822
1.801
3.464
3.513
3.543
0.584
0.629
0.624
1.031
1.167
1.185
1.290
1.372
1.386
1.359
1.478
1.458
1.305
1.300
1.341
1.568
1.627
1.611
2.743
2.812
2.763
1.450
1.433
1.634
1.155
1.383
1.421
1.645
1.707
1.733
0.575
0.660
0.658
1.579
1.601
1.619
2.435
2.460
2.449
1.575
1.680
1.624
0.969
1.057
1.032
1.773
1.838
1.835
1.216
1.256
1.294
1.552
1.591
1.514
1.952
1.911
1.980
1.430
1.445
1.547
1.430
1.444
1.522
1.306
1.361
1.334
2.214
2.300
2.286
0.654
0.768
0.747
2.025
2.149
2.145
1.040
1.106
1.100
1.326
1.334
1.334
1.024
1.086
1.077
0.824
0.872
0.888
0.824
0.872
0.888
0.926
0.995
1.023
2.124
2.147
2.141
1.901
1.926
1.973
1.647
1.770
1.757
1.501
1.634
1.603
0.779
0.890
1.116
1.406
1.505
1.438
1.216
1.222
1.313
0.825
0.929
0.942
1.331
1.374
1.403
2.550
2.632
2.668
2.073
2.324
2.294
1.611
1.637
1.735
0.939
1.035
0.961
1.454
1.548
1.526
2.246
2.219
2.262
2.736
2.818
2.813
1.148
1.204
1.208
0.925
0.964
0.917
1.700
1.800
1.776
0.841
0.839
0.906
1.388
1.523
1.448
0.925
0.987
1.009
1.154
1.084
1.106
1.931
1.958
1.982
0.788
1.036
1.007
0.935
1.067
1.002
0.821
0.915
0.885
0.828
0.900
0.962
1.642
1.843
1.770
1.506
1.536
1.523
1.064
1.070
1.019
0.946
0.999
0.972
1.123
1.156
1.126
1.781
1.845
1.852
1.411
1.412
1.374
2.886
3.265
2.943
1.882
1.934
1.958
1.736
1.743
1.779
1.322
1.390
1.403
2.211
2.372
2.396
1.531
1.609
1.653
0.834
0.875
0.863
2.025
2.120
2.103
1.059
1.112
1.091
2.150
2.125
2.169
0.981
1.123
1.096
1.327
1.407
1.409
1.109
1.150
1.134
2.271
2.383
2.377
2.759
2.873
2.850
1.726
1.737
1.690
2.148
2.308
2.404
1.947
2.051
2.101
3.024
3.019
3.035
1.351
1.493
1.466
0.594
0.738
0.717
3.191
3.431
3.608
0.728
0.811
0.827
1.498
1.592
1.566
0.712
0.752
0.691
1.887
1.924
1.861
1.995
2.080
1.939
1.643
1.720
1.703
1.463
1.640
1.619
1.416
1.473
1.463
1.020
1.092
1.164
1.153
1.285
1.263
1.894
1.886
1.878
1.500
1.549
1.542
1.111
1.297
1.263
1.193
1.278
1.384
0.627
0.765
0.737
0.670
0.689
0.664
0.731
0.815
0.821
1.952
2.018
2.057
3.418
3.513
3.478
1.221
1.316
1.255
1.388
1.379
1.380
1.272
1.391
1.447
1.318
1.365
1.389
1.373
1.675
1.421
0.791
0.760
1.252
2.361
2.406
2.387
3.090
3.019
3.117
1.167
1.206
1.275
1.688
1.761
1.793
1.308
1.334
1.347
2.688
2.651
2.648
1.780
1.996
1.954
1.083
1.155
1.188
1.367
1.405
1.449
0.819
0.963
0.946
1.130
1.136
1.175
2.146
2.223
2.198
1.967
2.047
2.074
2.278
2.434
2.465
1.301
1.341
1.346
1.301
1.341
1.346
3.542
3.655
3.615
0.709
0.762
0.817
2.338
2.351
2.348
0.805
0.905
0.869
1.331
1.343
1.347
1.746
1.762
1.767
1.512
1.590
1.533
1.331
1.409
1.413
0.973
1.064
1.077
2.558
2.648
2.689
2.028
2.105
2.068
1.393
1.416
1.448
1.294
1.398
1.395
2.437
2.498
2.507
3.316
3.326
3.342
0.805
0.905
0.869
0.654
0.783
0.736
1.900
1.951
1.958
2.163
2.208
2.183
1.813
1.799
1.844
1.228
1.197
1.305
1.922
1.932
1.956
1.110
1.223
1.201
1.593
1.585
1.669
1.915
2.120
1.964
1.467
1.554
1.610
0.646
0.760
0.763
2.080
2.137
2.181
1.875
2.073
1.945
3.342
3.425
3.428
0.972
1.052
1.013
1.692
1.715
1.724
1.652
1.799
1.800
1.773
1.855
1.880
2.126
2.196
2.223
1.618
1.659
1.677
1.375
1.534
1.576
1.031
1.098
1.100
1.458
1.500
1.503
0.649
0.640
0.682
1.971
2.036
2.024
1.506
1.545
1.503
2.275
2.306
2.333
2.030
2.073
2.089
1.003
1.118
1.140
1.218
1.321
1.300
1.490
1.495
1.508
1.950
2.043
1.955
1.198
1.282
1.334
2.196
2.202
2.224
1.467
1.592
1.571
2.318
2.405
2.374
1.941
2.007
2.020
1.409
1.493
1.710
1.591
1.685
1.705
1.095
1.166
1.094
1.333
1.377
1.420
1.607
1.674
1.640
1.530
1.605
1.575
1.373
1.451
1.545
1.336
1.357
1.341
0.979
1.046
1.052
0.548
0.570
0.480
0.799
0.857
1.018
1.160
1.215
1.211
1.875
1.947
1.941
0.692
0.823
0.747
1.990
2.103
2.131
2.207
2.292
2.351
2.585
2.634
2.748
2.559
2.637
2.663
1.331
1.406
1.393
1.933
1.998
1.987
1.326
1.449
1.499
1.366
1.387
1.358
0.744
0.942
0.878
1.816
1.862
1.946
1.061
1.369
1.373
1.296
1.303
1.294
1.604
1.649
1.622
2.515
2.648
2.554
0.860
0.959
0.991
1.715
1.906
1.751
1.451
1.429
1.434
1.417
1.470
1.489
1.791
1.934
1.884
1.403
1.480
1.491
1.617
1.649
1.645
1.738
1.872
1.858
0.947
1.024
1.086
0.912
1.037
1.017
1.652
1.798
1.752
1.336
1.351
1.385
0.899
0.925
0.945
0.818
1.090
0.918
1.525
1.590
1.653
1.514
1.593
1.585
2.616
2.695
2.768
1.430
1.583
1.580
2.961
3.077
3.075
1.351
1.382
1.386
1.624
2.081
1.725
2.430
3.252
2.756
0.746
0.853
0.854
1.664
1.854
1.842
2.013
2.007
2.020
2.336
2.400
2.483
2.420
2.449
2.430
1.141
1.289
1.157
1.533
1.600
1.603
1.276
1.324
1.318
0.950
1.034
1.084
0.936
1.046
1.055
1.722
1.789
1.782
1.936
1.740
1.730
1.264
1.378
1.439
0.660
0.728
0.735
0.954
1.023
1.015
0.692
1.004
0.938
1.539
1.584
1.606
2.271
2.348
2.342
2.312
2.615
2.733
1.232
1.307
1.291
1.423
1.621
1.454
1.931
2.133
2.070
1.129
1.132
1.151
2.526
2.541
2.555
2.455
2.539
2.395
1.130
1.308
1.236
1.571
1.560
1.527
1.376
1.532
1.562
1.443
1.442
1.451
1.054
1.142
1.108
3.074
3.048
3.062
1.689
1.698
1.633
1.930
2.012
2.044
1.553
1.847
1.846
1.116
1.171
1.182
1.573
1.658
1.679
0.889
0.969
0.939
1.053
1.213
1.118
1.565
1.616
1.590
0.600
0.822
0.747
0.709
0.798
0.842
2.224
2.206
2.288
1.294
1.361
1.331
1.875
1.942
1.953
1.203
1.368
1.319
1.272
1.289
1.325
1.783
1.842
1.862
1.844
1.836
1.749
1.412
1.467
1.491
1.294
1.360
1.377
0.601
0.613
0.670
1.271
1.335
1.317
0.786
0.877
0.876
1.282
1.337
1.370
1.238
1.339
1.293
1.088
1.275
1.259
2.124
2.114
2.191
1.087
1.107
1.108
2.516
2.532
2.522
1.358
1.368
1.432
1.559
1.597
1.581
1.528
1.582
1.567
1.803
1.783
1.795
1.710
1.719
1.720
1.066
1.111
1.065
1.045
1.203
1.181
1.045
1.203
1.181
2.066
2.118
2.139
0.915
0.958
0.996
1.263
1.292
1.363
0.658
0.685
0.706
0.828
0.932
0.914
1.359
1.512
1.361
0.323
0.309
0.385
1.741
1.708
1.755
1.128
1.255
1.177
1.206
1.287
1.235
1.497
1.531
1.561
1.785
1.908
1.943
1.293
1.390
1.369
0.795
0.876
0.896
0.607
0.622
0.661
1.290
1.406
1.451
2.118
2.088
2.139
1.668
1.755
1.667
1.056
1.149
1.125
0.702
0.795
0.787
1.348
1.426
1.416
1.758
1.782
1.749
2.052
2.076
2.091
1.486
1.647
1.616
1.980
2.021
2.051
1.739
1.793
1.832
0.936
1.035
1.101
1.197
1.259
1.268
1.203
1.364
1.373
1.118
1.211
1.170
1.857
1.971
1.974
2.431
2.500
2.555
1.328
1.414
1.410
0.675
0.789
0.806
0.360
0.403
0.461
0.880
0.975
0.971
0.880
0.975
0.971
2.657
2.750
2.768
1.827
2.017
2.041
1.816
2.057
1.875
1.951
2.108
2.075
0.910
1.024
1.034
1.020
1.041
1.027
1.712
1.640
1.708
0.957
1.038
1.037
0.925
1.088
1.109
1.406
1.424
1.501
1.109
1.180
1.203
1.813
2.062
2.169
0.843
0.973
0.964
1.422
1.387
1.413
1.072
1.108
1.127
1.678
1.728
1.691
1.009
1.050
1.091
1.378
1.422
1.502
2.097
2.281
2.255
1.407
1.494
1.482
0.604
0.745
0.744
1.637
1.575
1.738
0.926
1.008
1.026
1.114
1.203
1.232
1.402
1.450
1.441
1.511
1.568
1.557
1.772
1.856
1.893
0.753
0.786
0.799
1.000
1.126
1.044
1.257
1.332
1.341
1.272
1.406
1.338
1.150
1.209
1.235
1.118
1.167
1.159
0.915
1.066
1.001
1.785
1.880
1.877
1.060
1.074
1.076
1.198
1.235
1.227
1.160
1.283
1.272
0.690
0.730
0.730
1.333
1.435
1.399
1.233
1.299
1.251
0.902
0.989
0.963
0.927
0.972
0.966
1.417
1.465
1.427
0.370
0.429
0.427
0.989
1.034
1.017
2.122
2.172
2.172
2.399
2.537
2.491
1.466
1.619
1.580
2.204
2.235
2.249
1.483
1.496
1.556
0.772
0.889
0.889
2.515
2.576
2.543
0.947
1.123
1.101
2.524
2.560
2.576
1.043
1.090
1.122
1.074
1.100
1.098
1.502
1.603
1.606
1.252
1.790
1.421
2.009
2.035
2.033
2.116
2.178
2.155
1.149
1.170
1.182
1.482
1.632
1.613
1.131
1.211
1.167
1.367
1.391
1.383
2.599
2.682
2.596
0.585
0.642
0.672
1.881
1.810
1.848
2.535
2.644
2.754
1.983
2.006
1.984
2.601
2.623
2.637
0.814
0.795
0.854
0.927
1.019
1.126
0.401
0.617
0.632
1.559
1.684
1.825
1.592
1.631
1.689
0.600
0.776
0.748
0.600
0.776
0.748
1.120
1.252
1.245
1.112
1.229
1.185
0.718
0.716
0.755
1.450
1.392
1.480
1.590
1.629
1.628
2.134
2.277
2.268
2.134
2.290
2.268
0.915
0.941
0.959
2.926
2.953
2.974
1.991
2.041
2.126
1.590
1.729
1.657
1.844
1.874
1.877
0.895
0.930
0.960
1.806
2.003
2.060
1.957
1.993
2.115
0.686
0.893
0.917
1.068
1.227
1.149
1.131
1.151
1.219
1.519
1.665
1.689
0.959
1.030
0.979
2.175
2.253
2.217
2.339
2.457
2.436
1.070
1.075
1.122
1.855
1.889
1.879
2.278
2.292
2.292
3.086
3.288
3.204
1.351
1.485
1.555
1.443
1.729
1.385
2.638
2.635
2.682
0.990
1.012
1.024
1.705
1.764
1.775
1.025
1.099
1.115
1.302
1.333
1.320
1.548
1.574
1.562
0.548
0.569
0.685
1.004
1.175
1.077
2.763
2.796
2.858
0.928
1.058
1.041
1.543
1.421
1.535
1.556
1.698
1.612
2.337
2.486
2.423
2.195
2.309
2.281
1.324
1.494
1.526
1.006
1.061
1.077
1.041
1.154
1.167
1.891
1.947
1.957
2.636
2.684
2.706
1.299
1.343
1.328
1.180
1.267
1.247
2.189
2.181
2.162
2.599
2.626
2.637
2.080
2.164
2.176
0.608
0.705
0.694
1.759
1.771
1.882
0.922
1.017
1.498
2.176
2.248
2.326
1.293
1.377
1.351
1.644
1.670
1.760
2.185
2.281
2.230
0.439
0.468
0.479
1.507
1.562
1.562
1.026
1.074
1.074
1.063
1.137
1.138
2.144
2.248
2.252
1.986
2.032
2.022
0.981
1.088
1.098
0.900
0.886
0.844
1.632
1.647
1.707
2.098
2.193
2.205
1.608
1.692
1.641
1.145
1.206
1.170
1.568
1.794
1.628
1.021
1.053
1.045
1.863
1.916
1.935
1.493
1.524
1.519
1.424
1.552
1.527
1.468
1.953
1.986
0.868
1.082
1.108
0.966
1.118
1.100
1.949
2.006
2.045
1.662
1.667
1.666
1.649
1.638
1.658
0.951
0.983
0.956
1.287
1.336
1.443
1.635
1.694
1.703
0.787
0.838
0.820
1.747
1.783
1.833
1.727
1.689
1.752
2.018
2.031
2.058
0.785
0.819
0.818
1.334
1.403
1.364
1.454
1.628
1.747
2.462
2.504
2.468
0.709
0.821
0.868
1.430
1.457
1.473
1.811
1.970
2.104
1.380
1.589
1.607
1.716
1.805
1.882
1.716
1.882
1.956
1.011
1.252
1.247
1.842
2.444
2.348
1.579
1.605
1.661
1.195
1.206
1.198
2.319
2.786
2.818
1.750
1.746
1.720
1.185
1.196
1.207
2.103
2.215
2.184
0.811
0.878
0.893
0.535
0.673
0.702
1.731
1.885
1.936
1.555
1.811
1.981
1.063
1.080
1.054
0.496
0.604
0.608
2.235
2.259
2.283
1.167
1.246
1.281
0.669
0.773
0.763
1.804
1.876
1.899
1.392
1.439
1.471
0.793
0.948
0.914
0.409
0.676
0.648
0.998
1.028
1.046
1.082
1.222
1.214
1.879
1.974
1.975
1.499
1.499
1.575
1.050
1.132
1.128
0.994
1.027
1.054
1.836
1.917
1.943
1.031
1.108
1.063
0.994
1.051
1.083
1.106
1.150
1.166
1.706
1.818
1.801
1.726
1.748
1.784
1.072
1.083
1.075
1.749
1.797
1.786
1.164
1.287
1.279
1.181
1.443
1.417
1.402
1.515
1.482
1.229
1.213
1.233
1.361
1.469
1.466
1.757
1.758
1.799
1.372
1.485
1.461
0.706
0.759
0.759
1.302
1.300
1.325
1.478
1.653
1.631
2.304
2.425
2.339
2.124
2.187
2.152
1.692
1.794
1.794
0.771
1.042
0.841
0.526
0.601
0.629
1.013
1.071
1.073
1.007
1.082
1.074
1.191
1.541
1.373
1.780
1.770
1.801
1.290
1.340
1.385
0.772
0.950
0.935
0.666
0.655
0.609
0.892
1.027
0.979
0.530
0.865
0.781
1.201
1.249
1.259
0.976
1.041
1.105
0.620
0.690
0.643
1.540
1.597
1.614
0.674
0.873
0.775
1.473
1.535
1.528
0.743
0.873
0.868
1.018
1.148
1.179
0.848
1.000
1.060
0.735
0.730
0.736
1.175
1.201
1.159
1.611
1.684
1.683
1.251
1.293
1.244
1.515
1.576
1.590
1.277
1.373
1.265
0.457
0.519
0.516
1.738
2.051
1.836
1.722
1.773
1.780
1.837
1.757
1.784
1.071
1.178
1.101
1.112
1.180
1.173
1.689
1.740
1.735
2.862
2.990
2.965
1.205
1.283
1.282
1.357
1.493
1.417
0.943
0.931
0.961
2.057
2.052
2.073
0.922
1.147
0.985
0.759
0.879
0.752
2.944
3.024
3.013
1.827
1.860
1.873
2.312
2.427
2.398
1.376
1.386
1.395
0.918
0.986
0.966
1.397
1.424
1.437
1.808
1.838
1.827
1.549
1.846
1.561
0.775
0.791
0.815
1.052
1.167
1.227
3.964
4.010
3.999
1.435
1.529
1.475
2.025
2.046
2.343
1.971
2.001
2.005
1.205
1.291
1.317
1.028
1.137
1.058
0.808
0.898
0.927
1.364
1.417
1.426
1.635
1.812
1.884
1.200
1.270
1.281
1.175
1.236
1.226
0.725
0.868
0.870
1.026
1.153
1.118
2.189
2.267
2.335
0.658
0.693
0.709
0.732
0.774
0.813
2.060
2.196
2.219
0.982
0.967
0.970
1.696
1.810
1.769
1.109
1.524
1.515
1.109
1.205
1.206
0.955
1.001
0.971
0.574
0.722
0.697
1.242
1.295
1.267
0.916
0.947
0.970
1.376
1.383
1.396
2.257
2.291
2.268
1.027
1.138
1.190
1.598
1.811
1.713
0.678
1.018
1.004
1.416
1.466
1.469
2.106
2.137
2.101
0.663
0.732
0.693
1.044
1.165
1.171
1.811
1.895
1.973
1.294
1.342
1.319
1.209
1.232
1.281
1.500
1.546
1.515
2.277
2.293
2.309
2.270
2.334
2.486
1.615
1.628
1.685
1.264
1.315
1.320
1.351
1.446
1.452
1.572
1.701
1.702
1.177
1.213
1.201
1.775
1.837
1.839
0.844
0.911
0.948
1.563
1.606
1.572
1.315
1.334
1.403
1.949
1.994
2.005
0.880
1.055
1.019
0.772
0.950
0.935
2.022
2.146
2.138
1.392
1.400
1.397
1.532
1.535
1.547
1.930
1.978
1.956
1.124
1.178
1.170
0.847
0.972
0.980
0.728
0.834
0.794
1.074
1.102
1.136
1.493
1.557
1.628
1.162
1.271
1.293
0.766
0.915
0.783
0.859
1.025
0.976
1.550
1.665
1.612
0.666
0.702
0.738
1.694
1.735
1.773
1.065
1.153
1.253
0.907
0.976
0.961
1.594
1.489
1.567
0.736
0.814
0.839
1.552
1.635
1.620
2.859
2.974
2.889
0.863
0.961
0.987
1.570
1.653
1.633
1.465
1.418
1.476
1.895
1.940
1.940
1.595
1.641
1.636
1.248
1.365
1.349
1.020
1.149
1.134
1.173
1.161
1.207
0.435
0.446
0.477
3.894
3.969
3.944
1.852
1.835
1.835
1.753
1.777
1.786
0.459
0.496
0.506
0.851
0.933
0.884
0.815
0.961
0.864
0.815
0.966
0.864
1.185
1.226
1.237
0.964
1.016
1.006
1.081
1.208
1.158
1.269
1.314
1.299
2.429
2.478
2.415
1.850
1.849
1.824
1.363
1.437
1.366
1.116
1.157
1.152
2.439
2.485
2.476
1.913
1.969
1.995
2.033
2.061
2.021
2.225
2.179
2.263
1.222
1.153
1.290
0.653
0.753
0.763
3.082
3.107
3.102
0.539
0.809
0.794
1.667
1.668
1.704
0.751
0.733
0.759
0.930
1.021
1.069
0.828
1.030
0.960
2.104
2.164
2.210
2.810
2.794
2.934
1.520
1.577
1.475
2.338
2.368
2.361
1.429
1.619
1.640
1.501
1.578
1.618
1.428
1.535
1.665
1.066
1.095
1.113
1.158
1.165
1.170
1.886
2.053
1.984
1.443
1.497
1.558
1.076
1.129
1.117
1.356
1.404
1.411
1.185
1.181
1.242
1.052
1.054
1.056
1.223
1.363
1.364
1.157
1.224
1.227
1.130
1.243
1.238
1.329
1.369
1.388
1.482
1.523
1.565
1.250
1.274
1.273
0.985
1.025
1.023
1.807
1.921
1.887
1.425
1.443
1.446
1.357
1.415
1.407
1.963
1.990
2.021
0.768
0.907
0.966
0.873
0.889
0.943
1.497
1.477
1.547
1.715
1.806
1.738
0.818
0.839
0.900
0.919
1.005
0.953
1.828
1.904
1.912
1.378
1.437
1.469
1.388
1.352
1.407
0.928
1.004
0.998
2.332
2.378
2.378
0.807
0.853
0.839
1.239
1.376
1.297
0.809
0.856
0.869
0.879
0.880
1.127
1.095
1.112
1.117
1.069
1.178
1.159
2.047
2.027
2.125
0.463
0.549
0.569
1.551
1.557
1.549
0.639
0.700
0.717
0.863
0.981
0.938
1.458
1.583
1.607
3.419
3.375
3.441
1.846
1.898
1.938
1.588
1.682
1.713
2.516
2.611
2.584
1.005
1.080
1.103
1.422
1.982
1.408
0.849
0.846
0.845
0.763
0.824
0.790
0.720
0.750
0.735
2.289
2.382
2.326
1.606
1.661
1.669
1.001
1.041
1.052
1.894
1.995
1.943
1.300
1.316
1.328
1.046
1.109
1.120
1.305
1.442
1.376
1.108
1.216
1.216
1.062
1.139
1.094
0.536
0.696
0.691
1.809
1.832
1.804
0.544
0.694
0.689
1.224
1.282
1.307
1.433
1.442
1.422
0.980
1.009
0.994
2.693
2.820
2.785
1.844
1.912
1.905
1.682
1.712
1.700
1.819
1.854
1.864
1.605
1.663
1.666
1.163
1.231
1.226
2.114
2.147
2.151
1.544
1.591
1.618
1.767
1.815
1.826
0.778
0.792
0.784
1.850
1.846
1.887
2.220
2.232
2.238
0.992
1.284
1.297
2.003
2.052
2.034
1.825
1.942
1.922
0.963
0.996
0.964
0.834
0.845
0.847
0.843
0.938
0.945
2.611
2.631
2.634
1.314
1.334
1.346
2.090
2.239
2.141
0.819
0.938
0.982
1.306
1.325
1.272
2.128
2.181
2.212
0.924
1.220
1.317
1.252
1.324
1.251
2.103
2.437
2.429
2.207
2.236
2.209
1.874
2.055
1.884
1.376
1.455
1.448
1.603
1.962
1.884
0.550
0.716
0.687
2.057
2.078
2.121
1.218
1.203
1.220
0.985
1.091
1.057
0.922
1.297
1.611
2.563
2.609
2.606
1.281
1.309
1.341
1.847
1.915
1.981
1.437
1.474
1.470
2.094
2.266
2.280
1.321
1.318
1.402
1.808
1.837
1.845
1.610
1.668
1.645
1.380
1.547
1.553
0.818
0.901
0.911
1.128
1.487
1.227
0.927
0.986
0.958
3.977
3.987
4.003
1.062
1.110
1.077
2.010
2.059
2.066
1.946
1.976
1.974
2.292
2.347
2.341
1.471
1.721
1.758
2.109
2.205
2.147
0.972
1.142
1.138
1.219
1.286
1.272
0.993
1.125
1.115
1.635
1.975
1.768
1.415
1.462
1.506
1.136
1.213
1.193
1.004
1.115
1.077
1.199
1.241
1.201
1.141
1.214
1.217
1.017
1.098
1.109
0.537
0.602
0.633
1.197
1.276
1.253
1.478
1.527
1.479
1.634
1.723
1.698
1.179
1.214
1.220
1.480
1.525
1.499
1.239
1.354
1.336
0.841
0.906
0.903
1.486
1.538
1.518
0.862
0.924
0.919
1.480
1.527
1.539
1.519
1.543
1.526
1.766
1.809
1.779
1.698
1.793
1.742
1.774
1.811
1.823
1.903
1.966
2.056
0.815
0.860
0.870
1.088
1.251
1.174
1.441
1.426
1.475
0.938
0.966
0.965
1.703
1.873
1.918
1.618
1.873
1.936
1.731
1.857
1.794
1.598
1.695
1.619
0.673
0.735
0.672
1.921
1.917
1.964
1.559
1.594
1.567
1.504
1.446
1.349
1.177
1.464
1.409
1.766
1.853
1.948
2.658
2.818
2.805
2.658
2.818
2.805
1.301
1.445
1.319
1.359
1.415
1.436
0.957
1.030
1.074
2.385
2.476
2.441
1.847
1.910
1.896
0.943
1.006
0.964
3.143
3.185
3.182
1.935
1.995
2.007
1.152
1.202
1.164
2.647
2.629
2.660
2.573
2.710
2.739
1.081
1.117
1.045
1.366
1.436
1.436
2.000
2.047
2.032
1.157
1.225
1.228
1.755
1.779
1.784
1.603
1.748
1.795
1.917
1.942
1.940
1.362
1.400
1.391
1.006
1.058
1.081
0.629
0.809
0.791
0.825
1.314
0.976
1.689
1.818
1.859
2.056
2.195
2.224
2.338
2.392
2.432
1.014
1.098
1.036
1.402
1.496
1.492
0.981
1.017
1.008
1.193
1.295
1.346
0.659
0.963
0.757
1.039
1.095
1.127
0.816
0.869
0.875
0.912
0.963
0.904
0.941
1.029
1.261
0.780
0.888
0.864
0.672
0.659
0.581
1.931
2.027
2.003
1.225
1.285
1.328
0.863
0.980
0.944
1.513
1.547
1.550
1.368
1.465
1.479
0.892
1.356
0.891
0.807
0.962
1.000
2.047
2.046
2.093
1.932
2.042
2.133
2.751
2.782
2.767
1.205
1.143
1.176
0.756
0.834
0.825
1.803
1.858
1.793
1.537
1.616
1.596
2.443
2.391
2.579
0.804
0.879
0.849
1.344
1.406
1.435
0.949
1.074
1.042
2.441
2.424
2.344
1.553
1.648
1.669
0.919
1.083
1.027
0.919
1.112
1.027
1.342
1.507
1.430
0.862
0.955
0.931
1.057
1.057
1.068
1.261
1.303
1.313
1.261
1.308
1.310
1.239
1.269
1.250
0.767
1.005
0.997
3.700
3.742
3.759
1.189
1.277
1.314
0.854
0.893
0.878
1.364
1.413
1.455
2.073
2.104
2.136
1.777
1.842
1.847
0.596
0.720
0.659
0.919
0.953
0.960
0.764
0.853
0.852
1.464
1.541
1.446
1.362
1.388
1.392
1.569
1.642
1.692
1.147
1.202
1.199
1.870
1.973
1.980
0.697
0.712
0.686
1.174
1.213
1.226
1.678
1.693
1.723
1.529
1.596
1.630
0.619
0.655
0.649
1.490
1.507
1.486
1.615
1.628
1.645
1.563
1.731
1.780
0.845
1.132
0.969
1.697
1.728
1.746
0.947
0.997
0.980
1.428
1.476
1.490
1.438
1.524
1.508
0.964
1.072
1.062
2.551
2.566
2.562
1.628
1.656
1.655
0.971
1.024
1.007
1.984
2.034
2.075
2.498
2.543
2.520
1.750
1.823
1.835
1.172
1.163
1.246
2.025
2.176
2.194
1.115
1.153
1.171
1.175
1.255
1.210
4.031
4.015
4.105
1.019
1.104
1.139
0.671
0.759
0.769
1.232
1.255
1.236
1.523
1.569
1.542
1.664
1.750
1.720
0.939
0.935
0.934
1.665
2.007
2.056
0.826
0.913
0.862
1.112
1.252
1.202
1.355
1.608
1.669
1.094
1.157
1.162
0.567
0.770
0.676
1.040
1.126
1.133
1.185
1.262
1.325
1.475
1.520
1.607
1.189
1.238
1.220
1.093
1.142
1.152
1.796
1.790
1.791
0.940
1.052
1.074
1.399
1.530
1.507
1.354
1.409
1.358
1.149
1.218
1.213
0.730
0.814
0.820
1.104
1.193
1.189
1.338
1.347
1.337
1.780
1.742
1.753
1.674
1.694
1.696
1.169
1.368
1.369
1.232
1.238
1.263
1.386
1.533
1.569
1.122
1.088
1.111
2.015
2.085
2.088
1.020
1.084
1.100
2.350
2.537
2.358
2.227
2.290
2.271
0.836
0.923
0.893
0.704
0.784
0.756
2.453
2.507
2.529
0.634
0.825
0.744
1.837
1.977
1.971
1.494
1.545
1.539
0.671
0.728
0.753
1.151
1.275
1.284
0.795
0.921
0.980
0.665
0.698
0.683
2.140
2.252
2.211
2.358
2.379
2.353
2.058
2.072
2.104
0.722
0.832
0.836
0.683
0.782
0.747
1.004
1.223
1.183
2.364
2.458
2.401
1.226
1.285
1.310
1.853
1.900
1.673
1.544
1.667
1.638
0.713
0.832
0.857
0.848
1.021
1.005
1.328
1.449
1.424
1.631
1.708
1.638
0.714
0.768
0.654
2.144
2.171
2.173
2.051
2.127
2.155
1.769
1.898
1.938
1.886
1.965
1.998
1.081
1.144
1.141
0.565
0.702
0.772
1.042
1.321
1.116
2.399
2.478
2.477
2.209
2.301
2.288
1.297
1.616
1.570
1.146
1.225
1.292
1.153
1.235
1.198
1.031
1.106
1.092
1.095
1.240
1.124
1.014
1.145
1.124
0.795
0.826
0.877
1.162
1.225
1.206
0.657
1.136
1.273
1.334
1.450
1.471
0.514
0.525
0.462
1.254
1.315
1.259
1.706
1.757
1.846
1.843
1.805
1.877
1.574
1.594
1.616
0.814
0.821
0.768
1.573
1.543
1.612
0.750
0.816
0.838
1.901
1.960
1.948
1.678
1.896
1.867
0.778
0.877
0.913
1.296
1.382
1.372
1.153
1.197
1.214
2.098
2.101
2.104
0.776
1.065
0.871
1.355
1.506
1.497
3.662
3.680
3.717
1.198
1.494
1.308
1.901
1.969
1.920
1.110
1.008
1.113
0.788
0.928
0.861
1.816
1.966
1.916
1.076
1.384
1.125
1.318
1.468
1.414
2.219
2.249
2.286
1.329
1.471
1.284
2.994
3.014
3.030
1.188
1.398
1.399
1.760
1.738
1.782
1.801
1.924
1.995
1.135
1.158
1.166
1.409
1.475
1.468
1.485
1.629
1.559
1.251
1.341
1.411
1.296
1.322
1.315
1.243
1.322
1.333
1.541
1.678
1.737
1.370
1.468
1.455
1.617
1.741
1.767
1.186
1.224
1.264
2.040
2.101
2.110
1.302
1.385
1.344
1.653
1.669
1.756
1.786
1.744
1.754
0.688
0.796
0.829
2.097
2.081
1.973
0.659
0.711
0.750
1.679
1.730
1.704
1.340
1.480
1.442
1.213
1.299
1.645
0.867
1.035
1.043
0.893
1.070
1.064
0.934
1.118
1.175
0.792
0.862
0.861
1.386
1.451
1.475
0.381
0.526
0.527
0.959
1.278
1.267
1.217
1.354
1.306
1.022
1.039
1.055
1.092
1.128
1.117
1.699
1.872
1.724
0.903
1.030
1.020
2.234
2.280
2.258
0.696
0.829
0.857
1.322
1.456
1.567
1.114
1.339
1.333
2.185
2.201
2.141
0.838
0.940
0.953
1.272
1.370
1.419
2.211
2.306
2.226
1.380
1.638
1.547
1.161
1.172
1.229
0.551
0.713
0.711
0.947
0.943
0.953
0.942
0.979
0.991
1.695
1.688
1.630
1.233
1.242
1.263
1.420
1.434
1.438
1.262
1.308
1.347
0.915
0.884
0.897
1.017
1.085
1.101
1.059
1.134
1.122
0.941
0.955
0.948
1.015
1.086
1.063
0.781
0.830
0.874
0.811
0.860
0.827
1.424
1.449
1.430
0.652
0.722
0.748
1.675
1.751
1.703
0.681
0.722
0.747
1.379
1.453
1.473
1.497
1.540
1.513
1.280
1.323
1.314
0.848
0.972
0.938
0.914
0.935
0.941
1.125
1.246
1.224
1.680
1.753
1.732
1.402
1.490
1.514
1.947
2.067
1.973
0.580
0.757
0.790
1.586
1.676
1.648
0.557
0.681
0.647
1.494
1.577
1.958
0.792
0.850
0.792
0.487
0.558
0.570
1.589
1.671
1.647
1.619
1.712
1.706
1.764
1.963
2.246
1.916
2.118
2.419
1.764
1.963
2.246
1.916
2.118
2.419
1.916
2.118
2.419
1.764
1.963
2.246
1.691
1.883
2.123
0.824
0.803
0.863
0.930
1.016
0.993
0.738
0.874
0.846
1.155
1.151
1.183
1.695
1.739
1.703
3.120
3.091
3.025
1.237
1.295
1.268
1.432
1.523
1.536
2.103
2.167
2.245
2.526
2.516
2.539
1.357
1.373
1.370
1.129
1.196
1.168
2.303
2.371
2.384
1.755
1.855
1.818
0.637
0.678
0.676
2.490
2.457
2.519
1.653
1.675
1.862
1.061
1.242
1.211
1.056
1.191
1.195
1.116
1.218
1.201
1.493
1.469
1.479
0.732
0.722
0.676
0.765
0.838
0.863
1.282
1.401
1.446
1.258
1.440
1.426
1.237
1.337
1.328
0.578
0.745
0.696
1.699
1.708
1.727
1.734
1.802
1.733
1.636
1.656
1.501
2.519
2.620
2.600
1.087
1.135
1.111
0.781
0.848
0.839
0.970
0.980
0.994
1.234
1.270
1.283
1.262
1.338
1.294
1.772
1.847
1.855
0.807
1.446
1.067
2.145
2.250
2.556
0.776
0.827
0.827
0.993
1.046
1.033
0.591
0.670
0.730
1.353
1.452
1.383
0.888
0.934
0.929
1.061
1.147
1.132
0.861
0.933
0.878
1.484
1.524
1.538
1.169
1.259
1.202
1.547
1.547
1.564
1.336
1.409
1.390
1.486
1.520
1.454
2.686
2.705
2.705
1.327
1.358
1.342
1.629
1.739
1.696
1.684
1.727
1.712
0.773
0.816
0.829
1.470
1.482
1.490
2.316
2.379
2.281
0.809
0.838
0.869
1.366
1.384
1.378
1.074
1.107
1.131
0.817
0.919
0.876
1.116
1.096
1.141
1.426
1.597
1.702
1.483
1.566
1.533
0.959
1.050
1.025
0.804
0.852
0.848
2.521
2.607
2.622
3.909
3.959
3.959
0.765
0.850
0.835
1.635
1.687
1.665
1.635
1.737
1.752
0.681
0.697
0.732
1.259
1.315
1.328
1.382
1.433
1.496
2.211
2.211
2.238
1.706
1.791
1.808
1.418
1.715
1.508
1.433
1.434
1.481
1.517
1.611
1.589
0.833
0.945
0.944
1.128
1.195
1.209
1.730
1.774
1.784
1.225
1.280
1.305
1.141
1.188
1.394
0.826
1.083
0.909
1.193
1.241
1.312
1.667
1.777
1.762
1.392
1.435
1.496
1.781
1.836
1.845
3.517
3.546
3.538
1.365
1.401
1.424
0.586
0.738
0.751
1.322
1.412
1.415
1.657
1.741
1.774
2.600
2.496
2.585
1.604
1.642
1.684
1.006
1.029
1.090
1.518
1.526
1.553
1.307
1.448
1.432
1.099
1.342
1.268
2.326
2.395
2.386
2.238
2.258
2.264
2.820
2.841
2.869
0.665
0.619
0.671
2.186
2.287
2.288
0.982
1.122
1.158
1.780
1.849
1.804
1.000
1.013
1.007
0.534
0.543
0.569
1.056
1.067
1.150
0.797
0.846
0.854
1.368
1.451
1.424
1.043
1.076
1.233
1.117
1.169
1.189
4.139
4.132
4.132
1.230
1.366
1.292
1.759
1.886
1.861
1.317
1.328
1.350
2.110
2.041
2.078
2.189
2.239
2.223
1.166
1.216
1.178
1.924
2.008
1.990
1.855
1.911
1.876
1.500
1.556
1.534
2.005
2.055
2.069
1.641
1.737
1.713
1.326
1.343
1.393
1.326
1.376
1.415
1.231
1.437
1.347
1.761
1.826
1.830
1.811
1.951
1.936
1.087
1.167
1.171
1.679
1.768
1.734
1.725
1.753
1.763
0.721
0.876
0.873
1.266
1.354
1.425
1.188
1.299
1.323
0.720
0.936
0.895
1.860
1.968
1.926
1.423
1.517
1.506
0.735
0.695
0.695
1.501
1.617
1.638
1.649
1.687
1.705
0.545
0.638
0.644
0.764
0.933
0.938
0.848
0.859
0.884
1.685
1.816
1.780
1.376
1.466
1.490
1.774
1.804
1.785
1.573
1.607
1.608
1.194
1.322
1.237
1.356
1.655
1.610
0.879
1.001
0.975
1.247
1.290
1.259
1.493
1.621
1.623
1.136
1.114
1.111
1.447
1.520
1.486
0.882
1.411
1.065
1.104
1.114
1.135
1.853
1.906
1.924
0.880
0.917
0.925
0.767
0.831
0.765
1.895
1.926
1.947
1.702
1.847
1.853
1.609
1.730
1.939
1.456
1.628
1.581
3.289
3.299
3.309
1.183
1.315
1.326
1.615
1.968
1.703
1.273
1.344
1.337
1.406
1.579
1.653
0.873
0.898
0.894
1.258
1.283
1.261
0.679
0.737
0.735
1.005
1.169
1.097
0.866
0.910
0.928
0.600
0.666
0.675
0.746
0.838
0.845
0.614
0.760
0.834
0.477
0.552
0.573
0.640
0.825
0.824
1.918
1.950
1.910
1.906
1.943
1.967
0.781
0.979
0.892
1.460
1.503
1.493
1.696
1.716
1.749
0.647
0.690
0.643
0.989
1.109
1.014
1.946
2.098
2.087
1.312
1.373
1.357
1.292
1.456
1.472
2.124
2.239
2.221
0.822
0.917
0.948
1.368
1.458
1.506
1.191
1.278
1.251
0.666
0.738
0.702
1.503
1.626
1.599
1.464
1.500
1.534
1.379
1.444
1.409
1.422
1.608
1.535
1.125
1.131
1.185
2.214
2.635
2.241
1.736
1.757
1.771
0.438
0.546
0.528
2.250
2.260
2.321
2.049
2.063
2.080
1.439
1.491
1.478
1.584
1.669
1.587
1.449
1.439
1.413
0.839
0.855
0.880
2.566
2.648
2.589
1.299
1.256
1.282
1.381
1.443
1.350
0.506
0.614
0.587
1.298
1.399
1.372
0.860
1.298
0.901
0.702
0.806
0.836
0.744
0.959
0.865
0.744
1.004
0.953
2.072
2.070
2.138
0.904
1.042
1.025
0.817
0.858
0.853
0.756
0.914
0.799
0.766
0.886
0.862
2.256
2.291
2.296
1.219
1.312
1.293
1.722
1.904
1.855
1.617
1.669
1.645
2.054
2.095
2.105
1.136
1.186
1.192
2.113
2.128
2.145
1.396
1.439
1.468
1.516
1.596
1.528
1.240
1.250
1.230
0.718
0.752
0.784
0.636
0.768
0.737
0.889
1.098
1.104
1.022
1.083
1.059
0.812
0.858
0.828
1.882
2.068
2.056
0.911
1.231
1.153
1.087
1.437
1.663
1.589
1.671
1.649
1.645
1.667
1.717
1.181
1.215
1.206
2.269
2.306
2.318
1.909
2.051
2.078
1.444
1.457
1.514
1.388
1.440
1.475
1.063
1.096
1.070
1.758
2.072
1.788
0.726
0.841
0.856
1.624
1.656
1.708
2.227
2.524
2.328
1.520
1.583
1.584
1.246
1.440
1.426
1.868
1.904
1.900
1.233
1.237
1.246
1.016
1.084
1.077
0.588
0.637
0.588
1.083
1.089
1.307
1.742
1.809
1.915
0.736
1.141
0.717
0.672
1.345
0.572
0.658
0.721
0.697
0.962
1.350
0.933
1.676
1.688
1.707
2.588
2.637
2.615
1.048
1.103
1.064
2.913
2.979
2.986
1.653
1.640
1.616
1.211
1.287
1.271
2.136
2.242
2.206
1.127
1.217
1.239
0.947
0.970
0.987
0.825
0.877
0.916
0.972
1.069
0.975
1.190
1.407
1.359
1.668
1.811
1.794
1.560
1.600
1.612
0.933
1.200
1.386
1.667
1.733
1.699
0.865
0.934
0.942
3.054
3.115
3.126
1.333
1.360
1.337
2.105
2.167
2.142
1.207
1.206
1.236
0.686
0.852
0.869
0.686
0.852
0.869
0.686
0.852
0.869
1.215
1.292
1.284
0.714
0.764
0.747
0.941
1.036
1.005
1.650
1.686
1.670
0.773
0.848
0.879
0.770
0.893
0.870
0.798
0.858
0.840
0.897
1.006
1.008
0.897
1.164
1.167
1.267
1.260
1.232
1.023
1.513
1.156
1.229
1.616
1.315
1.055
1.096
1.299
0.930
1.025
0.994
1.415
1.481
1.457
0.998
1.076
1.028
1.523
1.538
1.586
1.470
1.643
1.648
1.772
1.885
1.885
3.112
3.195
3.034
1.002
1.083
1.093
1.167
1.251
1.259
1.189
1.195
1.177
0.616
0.699
0.661
1.533
1.639
1.607
0.614
0.708
0.686
0.971
1.030
1.097
1.515
1.618
1.548
1.268
1.292
1.307
1.714
2.120
1.827
1.893
1.921
1.907
0.978
1.029
1.028
1.266
1.879
1.275
1.189
1.197
1.241
0.571
0.611
0.559
2.057
2.184
2.225
1.507
1.585
1.673
1.008
1.005
1.025
0.701
0.814
0.790
3.411
3.355
3.505
1.449
1.532
1.498
1.408
1.405
1.446
0.529
0.622
0.554
2.083
2.115
2.139
1.168
1.346
1.301
1.270
1.418
1.426
1.541
1.803
1.735
0.928
1.050
0.997
0.807
0.835
0.830
1.335
1.386
1.377
1.246
1.304
1.276
1.665
1.770
1.803
0.900
0.986
0.984
1.058
1.082
1.089
1.184
1.253
1.291
1.208
1.349
1.326
0.795
0.987
0.863
0.531
0.573
0.600
1.625
1.772
1.632
1.015
1.050
1.047
1.339
1.365
1.595
1.140
1.166
1.156
0.487
0.659
0.573
2.364
2.393
2.447
1.103
1.204
1.188
0.907
1.011
1.020
1.631
1.719
1.696
2.394
2.509
2.475
1.469
1.452
1.441
1.444
1.574
1.704
0.762
0.787
0.793
1.912
2.004
2.055
0.890
0.941
0.931
2.183
2.211
2.267
1.521
1.662
1.637
3.484
3.509
3.465
3.051
3.133
3.229
1.053
1.236
1.215
1.211
1.156
1.221
0.828
0.726
0.808
1.341
1.354
1.343
1.061
1.165
1.162
2.262
2.309
2.275
1.424
1.469
1.498
0.762
0.779
0.763
1.416
1.422
1.337
2.000
1.996
1.967
1.022
1.171
1.140
2.704
2.746
2.761
1.552
1.573
1.597
1.804
1.851
1.848
0.788
0.828
0.843
0.955
1.013
0.965
1.032
0.999
1.046
0.860
1.021
1.021
1.276
1.400
1.429
2.270
2.416
2.398
0.923
0.972
0.946
1.287
1.280
1.302
1.015
1.168
1.278
0.758
0.821
0.818
0.778
1.168
0.744
0.978
0.994
0.989
0.564
0.673
0.715
0.985
1.051
1.050
1.461
1.497
1.491
2.158
2.096
2.158
2.823
2.823
2.735
2.901
3.100
3.140
1.772
1.908
1.800
1.772
1.861
1.805
1.051
1.199
1.153
1.523
1.628
1.546
0.778
0.821
0.814
1.542
1.537
1.533
1.272
1.382
1.381
0.935
1.087
1.077
0.923
0.944
0.947
1.438
1.487
1.497
1.256
1.324
1.326
1.047
1.092
1.072
1.582
1.571
1.560
0.934
1.010
1.042
0.913
1.113
1.125
1.205
1.267
1.265
0.995
1.072
1.056
1.515
1.680
1.757
0.764
0.837
0.812
1.342
1.292
1.268
1.670
1.774
1.771
0.898
0.952
0.961
0.744
0.787
0.752
2.255
2.392
2.271
1.491
1.535
1.527
1.063
1.129
1.114
1.133
1.259
1.385
1.460
1.629
1.575
1.191
1.287
1.292
1.297
1.355
1.341
0.591
0.781
0.752
2.207
2.438
2.461
0.706
0.759
0.765
0.706
0.728
0.849
1.240
1.354
1.428
1.189
1.296
1.305
2.307
2.548
2.484
0.924
1.046
1.049
0.743
0.832
0.825
1.433
1.432
1.444
1.008
1.039
1.048
1.412
1.475
1.492
1.263
1.330
1.284
1.210
1.378
1.233
1.073
1.134
1.164
1.541
1.606
1.539
1.170
1.304
1.211
1.642
1.797
1.744
1.095
1.064
1.068
1.777
1.818
1.836
1.513
1.516
1.550
2.184
2.238
2.210
1.272
1.367
1.345
1.663
1.761
1.834
1.042
1.146
1.128
1.068
1.171
1.100
1.117
1.231
1.249
1.202
1.205
1.219
1.371
1.420
1.453
1.483
1.593
1.576
1.331
1.401
1.347
1.505
1.584
1.778
1.772
1.865
1.761
1.602
1.753
1.761
0.729
1.022
1.005
0.646
0.738
0.714
0.929
1.032
0.899
0.675
0.716
0.742
1.980
2.054
1.980
1.430
1.514
1.541
0.941
1.065
1.095
1.290
1.354
1.343
0.654
0.731
0.741
1.578
1.621
1.629
1.586
1.631
1.565
0.646
0.738
0.714
1.542
1.593
1.601
1.506
1.589
1.571
0.624
0.714
0.691
0.816
0.905
0.916
1.093
1.149
1.170
0.624
0.714
0.691
1.379
1.432
1.408
0.877
0.978
1.011
0.868
0.937
1.223
2.215
2.258
2.388
1.368
1.496
1.494
1.318
1.348
1.319
0.624
0.714
0.691
1.405
1.418
1.443
0.903
0.931
0.941
0.624
0.714
0.691
0.696
0.770
0.723
0.978
1.057
1.088
1.169
1.201
1.210
0.860
0.907
0.916
1.153
1.349
1.335
1.395
1.438
1.393
0.677
0.799
0.745
0.677
0.764
0.806
0.677
0.791
0.806
1.855
1.946
2.045
1.420
1.573
1.522
0.567
0.698
0.720
1.045
1.132
1.148
0.646
0.738
0.714
1.119
1.178
1.221
1.418
1.453
1.433
0.855
0.923
0.948
0.666
0.738
0.722
0.595
1.110
0.802
1.746
1.803
1.757
1.715
1.643
1.737
0.946
0.982
1.002
1.344
1.333
1.384
1.300
1.358
1.328
0.740
0.823
0.808
2.031
2.307
2.363
0.916
0.981
0.972
1.009
1.115
1.109
0.624
0.714
0.691
0.858
1.039
0.967
0.625
0.752
0.715
0.926
0.923
0.924
1.084
1.072
0.996
1.676
1.712
1.701
1.772
1.769
1.786
1.232
1.243
1.248
0.736
0.839
0.819
1.553
1.635
1.614
0.855
0.942
0.920
1.322
1.439
1.456
1.313
1.418
1.356
0.913
1.349
1.097
1.684
1.806
1.761
0.945
1.056
1.007
1.328
1.400
1.266
0.957
0.996
1.024
0.685
0.743
0.744
0.727
0.726
0.758
2.387
2.427
2.446
0.986
1.019
1.017
1.797
1.825
1.813
2.058
2.245
2.227
3.825
3.872
3.851
0.797
0.858
0.888
1.052
1.189
1.155
0.960
1.021
0.978
1.647
1.743
1.689
3.314
3.389
3.395
0.888
0.986
0.931
0.799
0.897
0.891
1.207
1.347
1.335
0.675
0.710
0.746
1.035
1.085
1.095
1.098
1.265
1.258
1.335
1.537
1.401
2.109
2.236
2.240
1.666
1.734
1.698
1.102
1.221
1.240
1.173
1.322
1.281
2.160
2.216
2.208
1.093
1.180
1.163
1.485
1.533
1.505
1.429
1.487
1.495
1.925
1.969
1.936
1.563
1.494
1.817
2.602
2.644
2.634
0.667
0.663
0.647
0.546
0.749
0.726
1.564
1.745
1.652
1.617
1.686
1.689
1.218
1.260
1.255
2.025
1.994
1.979
1.736
1.765
1.787
1.880
1.909
1.916
1.234
1.317
1.307
1.008
1.037
1.072
1.019
1.136
1.152
0.705
0.727
0.763
1.387
1.444
1.455
1.153
1.313
1.331
1.065
1.189
1.200
0.817
1.008
0.983
1.498
1.510
1.544
1.458
1.579
1.618
2.301
2.280
2.338
1.557
1.603
1.608
2.037
2.077
2.115
1.173
1.331
1.374
1.595
1.653
1.654
1.076
1.192
1.135
1.490
1.533
1.514
0.574
0.765
0.777
1.094
1.090
1.167
1.422
1.534
1.523
0.534
0.619
0.645
0.866
1.033
1.040
1.138
1.176
1.210
2.040
2.062
2.109
1.578
1.706
1.669
1.074
1.132
1.123
2.166
2.213
2.162
1.055
1.149
1.158
2.235
2.280
2.268
1.959
2.031
2.035
1.831
1.996
1.951
2.215
2.298
2.260
0.882
1.469
1.108
2.916
2.999
3.026
2.690
2.711
2.682
1.812
1.911
1.904
1.171
1.233
1.253
1.458
1.512
1.522
0.766
0.827
0.833
1.143
1.153
1.175
1.597
1.649
1.718
2.685
2.719
2.713
2.066
2.142
2.196
0.989
1.068
1.042
1.767
1.837
1.889
0.809
0.899
0.929
1.290
1.327
1.332
1.486
1.513
1.521
1.381
1.543
1.549
1.110
1.216
1.196
0.921
1.006
1.044
1.238
1.191
1.235
2.283
2.300
2.318
1.974
1.995
2.051
2.319
2.344
2.402
1.028
1.102
1.124
1.234
1.291
1.327
1.348
1.371
1.367
0.798
0.874
0.853
2.064
2.105
2.153
1.360
1.648
1.759
0.545
0.696
0.704
0.677
0.722
0.701
1.770
1.831
1.815
0.940
1.068
1.081
1.558
1.581
1.566
1.702
1.752
1.817
1.414
1.461
1.503
0.904
1.051
1.111
1.107
1.136
1.138
1.446
1.460
1.403
2.885
2.968
2.990
1.327
1.318
1.286
1.319
1.393
1.386
0.805
0.904
0.888
2.604
2.625
2.538
1.652
1.720
2.059
2.342
2.426
2.435
0.997
1.093
1.060
2.100
2.150
2.063
1.973
2.020
2.043
1.616
1.671
1.656
0.949
1.067
1.082
1.830
2.079
2.139
1.227
1.353
1.377
1.339
1.344
1.337
1.508
1.545
1.700
0.945
0.991
1.008
0.693
0.762
0.753
1.039
1.168
1.175
1.039
1.168
1.175
1.039
1.168
1.175
2.095
2.156
2.141
0.875
1.001
0.926
1.614
1.742
1.731
0.577
0.570
0.619
1.500
1.620
1.603
0.989
1.276
1.276
0.781
0.854
0.840
1.741
1.830
1.727
1.464
1.582
1.535
1.037
1.055
1.109
0.779
0.945
0.951
1.444
1.690
1.704
1.076
1.154
1.147
1.505
1.483
1.601
1.747
1.788
1.737
1.645
1.832
1.726
1.243
1.317
1.329
1.553
1.554
1.567
2.027
2.134
2.168
2.330
3.133
2.415
1.519
1.579
1.573
0.969
1.021
1.017
1.012
1.038
0.974
1.012
1.194
1.204
1.061
1.149
1.204
1.509
1.506
1.514
1.558
1.574
1.604
1.805
1.982
2.118
2.435
2.521
2.491
1.504
1.539
1.515
1.010
1.106
1.151
1.173
1.241
1.222
0.501
0.624
0.647
1.387
1.601
1.627
1.357
1.318
1.324
1.509
1.538
1.502
1.691
1.879
1.785
0.878
0.971
1.010
1.997
2.006
1.980
0.818
0.822
0.809
0.963
1.014
0.944
1.499
1.552
1.581
1.970
1.999
1.914
0.803
0.834
0.794
0.605
0.651
0.656
0.594
0.637
0.672
0.545
0.631
0.610
0.681
0.753
0.734
1.081
1.155
1.171
2.164
2.446
2.316
1.040
1.012
1.078
0.806
0.907
0.898
1.048
1.087
1.067
1.216
1.240
1.262
1.715
1.775
1.773
1.034
1.086
1.079
1.012
1.062
1.074
0.902
0.992
0.962
1.142
1.226
1.189
1.485
1.627
1.570
1.180
1.277
1.310
0.443
0.511
0.495
0.992
0.964
1.013
2.399
2.368
2.435
1.330
1.434
1.430
1.038
1.138
1.128
0.418
0.569
0.592
0.418
0.569
0.592
0.418
0.569
0.592
1.043
1.105
1.112
1.321
1.392
1.304
0.689
0.763
0.693
1.112
1.239
1.306
0.603
0.649
0.655
1.800
1.895
1.841
1.829
1.896
1.881
1.203
1.334
1.305
0.899
0.962
0.990
1.560
1.685
1.683
1.506
1.728
1.734
1.121
1.150
1.135
0.831
0.923
0.840
0.701
0.704
0.724
1.589
1.632
1.635
1.246
1.314
1.340
1.246
1.398
1.340
1.552
1.667
1.654
1.531
1.627
1.612
0.690
0.814
0.845
2.304
2.337
2.299
0.717
0.765
0.769
1.308
1.340
1.325
0.945
0.985
0.986
1.344
1.427
1.484
0.937
0.929
0.936
0.345
0.544
0.526
0.680
0.850
0.838
1.039
1.202
1.299
1.475
1.499
1.458
0.508
0.519
0.497
1.447
1.427
1.512
1.860
1.975
1.965
0.761
0.803
0.807
1.645
1.672
1.634
1.289
1.354
1.346
0.915
0.896
1.071
1.419
1.505
1.454
1.861
1.960
1.966
1.354
1.469
1.404
1.946
2.022
1.955
1.080
1.153
1.167
1.106
1.231
1.249
0.933
1.012
1.045
1.666
1.709
1.731
1.180
1.263
1.258
0.780
0.880
0.896
0.780
0.880
0.896
1.948
1.982
2.020
0.760
0.902
0.828
1.704
1.718
1.706
1.351
1.453
1.460
0.758
0.823
0.761
1.238
1.290
1.263
1.284
1.392
1.360
0.653
0.824
0.779
2.041
2.091
2.059
1.752
1.816
1.817
1.556
1.637
1.610
2.676
2.685
2.683
1.418
1.585
1.615
0.898
0.928
0.940
1.276
1.345
1.378
1.547
1.688
1.698
1.362
1.425
1.448
0.865
0.865
1.013
1.766
1.831
1.800
1.603
1.731
1.710
1.476
1.536
1.510
0.786
0.866
0.857
1.275
1.253
1.159
1.225
1.277
1.295
0.492
0.559
0.556
0.846
0.875
0.872
0.757
0.826
0.819
1.592
1.637
1.647
0.992
1.009
1.041
1.036
1.144
1.140
1.674
1.791
1.761
1.971
2.410
2.099
1.587
1.733
1.751
1.166
1.251
1.225
0.875
0.943
0.928
0.965
0.994
0.951
0.847
1.022
1.014
1.063
1.118
1.112
0.944
1.007
1.009
1.771
1.889
1.861
0.612
0.939
0.912
2.018
2.081
2.090
1.018
1.054
1.027
1.977
2.048
1.993
0.634
0.689
0.716
1.286
1.327
1.327
2.718
2.775
2.795
2.363
2.541
2.524
0.727
0.838
0.862
1.930
2.038
2.011
1.192
1.284
1.266
1.043
1.185
1.112
2.109
2.404
2.167
1.673
1.730
1.721
2.073
2.086
2.104
0.814
0.903
0.863
1.324
1.351
1.366
0.879
0.946
0.931
2.259
2.354
2.324
1.646
1.723
1.564
1.175
1.267
1.227
0.531
0.640
0.662
0.479
0.499
0.487
1.532
1.575
1.599
1.057
1.189
1.160
2.619
2.743
2.742
1.356
1.467
1.476
1.566
1.636
1.711
0.739
0.866
0.859
0.879
0.946
0.931
1.748
1.810
1.795
0.796
1.026
0.931
0.727
0.790
0.706
0.796
0.827
0.815
1.456
1.525
1.560
0.846
0.922
0.887
1.386
1.504
1.512
0.857
0.894
0.921
0.875
0.943
0.928
0.629
0.661
0.640
1.076
1.096
1.086
0.909
0.986
0.907
1.093
1.108
1.113
0.609
0.701
0.699
1.521
1.587
1.589
0.682
0.795
0.770
2.960
3.187
3.073
2.960
3.187
3.073
2.960
3.187
3.073
0.894
0.994
1.031
0.879
0.946
0.931
1.684
1.709
1.686
1.207
1.265
1.262
0.616
0.624
0.604
0.901
0.981
0.970
1.390
1.478
1.446
1.169
1.217
1.186
0.762
0.788
0.808
1.689
1.727
1.711
0.917
1.017
0.998
2.019
2.103
2.128
0.849
0.782
0.851
0.879
0.946
0.931
0.912
0.987
0.997
0.972
1.048
1.032
0.777
0.820
0.852
2.501
2.572
2.581
0.648
0.858
0.864
1.004
1.174
1.190
1.932
2.067
2.029
0.752
0.768
0.784
0.538
0.713
0.755
2.132
2.259
2.230
1.321
1.381
1.344
1.695
1.765
1.774
1.373
1.409
1.412
1.730
1.763
1.766
1.126
1.211
1.193
1.002
1.277
1.130
1.884
1.989
1.935
1.215
1.313
1.300
2.008
2.123
2.130
1.173
1.219
1.254
1.647
1.685
1.744
1.410
1.383
1.444
0.661
0.827
0.799
1.089
1.245
1.238
1.534
1.499
1.603
1.856
1.929
1.914
2.136
2.213
2.243
1.106
1.172
1.144
2.577
2.534
2.504
0.918
0.940
0.853
1.830
1.879
1.869
1.583
1.691
1.751
1.060
1.137
1.145
1.789
1.944
1.848
1.704
1.879
1.846
2.417
2.465
2.451
1.937
2.033
2.030
1.613
1.772
1.799
1.784
1.781
1.886
1.054
1.297
1.143
1.583
1.642
1.574
1.659
1.738
1.764
1.562
1.512
1.698
2.552
2.632
2.655
2.280
2.272
2.308
0.725
0.783
0.758
1.232
1.366
1.383
1.834
1.915
1.907
1.364
1.467
1.491
1.164
1.422
1.418
1.495
1.609
1.635
1.749
1.734
1.713
0.901
0.927
0.942
1.073
1.064
1.216
1.187
1.287
1.276
1.540
1.583
1.578
0.793
0.869
0.833
0.793
0.869
0.833
1.277
1.341
1.336
1.303
1.327
1.312
0.696
0.732
0.718
2.040
2.170
2.070
1.517
1.440
1.511
0.804
0.875
0.801
1.046
1.215
1.210
0.559
0.557
0.605
1.011
1.083
1.072
2.183
2.137
2.150
1.203
1.141
1.077
0.483
0.597
0.606
2.156
2.216
2.328
1.054
1.109
1.133
0.942
1.026
0.994
1.092
1.228
1.198
1.697
1.729
1.728
1.209
1.227
1.218
2.183
2.291
2.246
1.120
0.965
0.959
1.989
1.990
2.000
1.569
1.605
1.612
1.003
1.037
1.032
1.638
1.904
1.821
0.697
0.720
0.723
2.335
2.423
2.381
2.026
2.102
2.096
0.801
0.906
0.904
1.129
1.160
1.170
1.456
1.506
1.514
1.112
1.236
1.128
1.652
1.713
1.687
2.498
2.534
2.564
0.801
0.892
0.932
1.039
1.209
1.262
1.594
1.745
1.707
1.039
1.050
1.242
1.544
1.626
1.627
0.628
0.717
0.713
1.285
1.352
1.297
0.925
0.973
0.955
3.150
3.227
3.238
1.766
2.149
1.991
0.743
0.785
0.781
0.887
0.978
0.954
1.120
1.152
1.209
2.090
2.061
1.932
1.045
1.088
1.029
1.361
1.376
1.380
0.823
0.857
1.248
1.100
1.161
1.161
1.701
1.824
1.776
0.863
0.958
0.941
2.959
3.008
3.007
2.891
2.912
2.902
1.798
1.968
1.968
1.102
1.158
1.176
1.700
1.705
1.732
1.505
1.583
1.541
1.865
1.998
1.965
1.201
1.228
1.222
1.345
1.501
1.486
1.362
1.467
1.445
0.904
0.997
0.976
0.390
0.416
0.421
1.173
1.235
1.253
0.983
1.095
1.084
0.736
0.766
0.803
2.066
2.174
2.193
1.262
1.503
1.474
1.135
1.257
1.228
0.541
0.749
0.777
1.561
1.768
1.732
1.498
1.511
1.494
0.886
0.905
0.925
1.594
1.730
1.566
1.376
1.465
1.550
1.342
1.428
1.402
0.977
0.994
0.972
2.170
2.178
2.197
0.804
0.950
0.924
0.804
0.886
0.924
1.903
1.953
1.918
1.385
1.488
1.546
1.268
1.320
1.321
1.067
1.198
1.193
0.642
0.713
0.717
0.744
0.793
0.802
1.108
1.146
1.133
0.622
0.608
0.646
2.041
2.078
2.069
1.063
1.115
1.064
0.878
0.982
0.957
0.931
1.012
1.062
2.072
2.120
2.127
2.959
2.975
2.972
1.324
1.370
1.364
0.887
0.926
0.966
0.877
0.922
0.951
0.619
0.712
0.754
1.437
1.447
1.435
1.520
1.501
1.598
1.338
1.319
1.362
1.010
1.168
1.140
0.662
0.770
0.781
0.590
0.631
0.633
1.337
1.357
1.362
1.649
1.710
1.692
0.835
0.864
0.872
0.951
0.948
0.965
0.879
0.946
0.931
0.879
0.946
0.931
1.246
1.299
1.288
1.039
1.272
1.307
1.143
1.225
1.217
0.807
0.834
0.902
0.844
1.152
1.059
1.393
1.577
1.577
0.485
0.603
0.645
1.560
1.635
1.742
2.376
2.373
2.421
0.804
0.895
0.907
2.272
2.269
2.261
0.870
1.047
0.995
0.984
1.053
0.978
1.791
1.859
1.858
1.664
1.707
1.703
0.979
1.000
1.009
0.638
0.757
0.740
1.444
1.468
1.458
0.712
0.798
0.845
0.795
0.839
0.771
2.557
2.620
2.630
1.739
1.736
1.750
1.657
1.712
1.724
0.980
0.951
1.038
1.856
1.986
1.940
0.803
0.918
0.941
1.118
1.166
1.199
1.052
1.123
1.102
1.666
1.755
1.746
1.279
1.343
1.280
1.278
1.414
1.353
1.230
1.308
1.292
2.513
2.568
2.550
0.590
0.601
0.609
0.590
0.686
0.674
0.976
0.992
1.048
0.887
0.987
0.977
1.089
1.205
1.193
1.705
1.786
1.770
0.798
0.871
0.861
1.049
1.181
1.221
0.692
0.799
0.788
2.042
2.127
2.043
0.995
1.072
1.058
0.838
0.943
0.988
1.165
1.342
1.348
2.755
2.821
2.830
1.762
1.799
1.788
1.508
1.558
1.572
1.275
1.316
1.305
0.871
0.934
0.881
1.147
1.300
1.294
0.818
0.885
0.867
1.648
1.717
1.740
1.507
1.529
1.559
1.060
1.146
1.127
1.537
1.616
1.675
2.041
2.253
2.143
1.425
1.505
1.496
1.526
1.564
1.553
1.350
1.420
1.418
0.786
0.867
0.945
1.589
1.618
1.604
1.253
1.230
1.312
1.166
1.206
1.210
1.124
1.211
1.194
1.693
1.789
1.759
1.192
1.250
1.293
1.359
1.401
1.391
0.942
0.991
1.016
0.715
0.605
0.750
0.740
0.771
0.778
1.132
1.181
1.208
0.809
0.872
0.869
0.809
0.865
0.881
1.431
1.458
1.480
1.090
1.177
1.156
1.249
1.472
1.327
1.172
1.247
1.255
1.224
1.262
1.245
0.469
0.601
0.574
0.791
0.821
0.847
0.650
0.718
0.702
0.555
0.694
0.676
0.935
1.003
1.062
1.055
1.383
1.430
1.238
1.368
1.353
2.606
2.658
2.622
0.720
0.814
0.811
0.712
0.832
0.878
1.267
1.413
1.359
1.248
1.250
1.287
1.979
2.015
1.974
1.076
1.108
1.113
1.244
1.313
1.334
3.016
3.044
3.038
1.715
1.819
1.875
0.940
1.027
1.009
0.819
0.816
0.847
1.156
1.324
1.244
2.014
2.132
2.063
1.958
2.100
2.064
1.898
2.020
1.959
0.904
1.035
0.973
0.953
1.015
1.011
0.862
0.950
0.944
0.756
1.165
0.998
0.778
0.833
0.847
0.788
0.910
0.876
0.509
0.563
0.492
1.052
1.220
1.221
0.983
1.117
1.111
0.533
0.667
0.609
1.150
1.187
1.211
1.394
1.405
1.419
0.990
1.403
1.095
0.984
1.061
1.059
0.846
0.842
0.845
0.887
0.958
0.934
1.134
1.188
1.208
0.595
0.667
0.690
0.655
0.713
0.723
1.596
2.022
1.738
0.952
0.957
0.985
0.843
0.938
0.925
1.663
1.727
1.676
1.445
1.695
1.545
2.767
2.786
2.765
0.893
0.917
0.905
0.702
0.773
0.805
0.886
0.967
0.990
0.886
1.206
1.193
0.953
0.969
0.935
1.689
1.805
1.756
0.886
1.060
1.049
1.083
1.281
1.333
1.161
1.187
1.240
1.287
1.412
1.340
0.947
1.021
1.038
1.395
1.475
1.439
0.903
0.972
1.051
1.107
1.170
1.154
0.908
0.896
0.895
0.598
0.848
0.831
1.344
1.384
1.350
0.706
0.921
0.829
2.079
2.117
2.120
1.010
1.006
1.120
1.673
1.704
1.688
1.165
1.126
1.118
1.389
1.402
1.400
1.033
1.103
1.098
1.836
1.860
1.851
1.055
1.340
1.443
0.976
0.998
1.030
1.805
1.860
1.799
1.844
1.923
1.909
0.988
1.334
1.389
2.002
1.997
1.981
0.862
0.971
0.902
0.606
0.659
0.644
0.368
0.439
0.422
0.682
0.736
0.735
1.422
1.548
1.475
0.977
1.017
1.023
1.193
1.484
1.098
0.945
0.943
0.954
1.000
1.049
1.053
1.174
1.223
1.212
1.945
2.008
1.977
1.699
1.762
1.854
1.018
1.067
1.144
0.487
0.556
0.539
0.851
0.921
0.944
0.871
0.992
0.910
1.046
1.093
1.066
0.487
0.556
0.539
0.427
0.510
0.495
0.487
0.556
0.539
1.821
1.827
1.843
1.575
1.610
1.619
1.527
1.569
1.550
1.431
1.553
1.554
0.986
1.046
1.053
1.362
1.490
1.382
1.094
1.139
1.096
0.466
0.501
0.519
1.702
1.736
1.716
2.399
2.545
2.577
1.396
1.505
1.535
0.414
0.593
0.585
1.993
2.017
2.031
1.166
1.295
1.262
0.915
1.107
0.952
0.741
0.804
0.839
0.995
1.035
1.045
1.004
1.201
1.149
1.353
1.320
1.425
1.055
1.185
1.137
0.845
0.910
0.934
0.636
0.761
0.752
1.343
1.443
1.484
1.051
1.048
1.086
1.069
1.173
1.180
1.204
1.298
1.258
0.825
0.930
0.908
0.978
1.019
1.016
0.724
0.872
0.831
1.579
1.608
1.548
2.281
2.295
2.352
1.981
2.137
2.147
1.031
1.147
1.103
1.651
1.780
1.824
0.566
0.634
0.636
0.827
0.843
0.901
1.653
1.779
1.734
1.867
1.871
1.892
1.491
1.548
1.596
1.491
1.548
1.596
1.251
1.301
1.342
1.420
1.425
1.427
1.800
1.851
1.839
1.560
1.608
1.636
1.232
1.310
1.307
1.202
1.387
1.380
1.375
1.411
1.418
1.323
1.446
1.390
2.236
2.494
2.351
1.688
1.838
1.740
0.464
0.585
0.608
3.014
3.049
2.971
1.780
1.866
1.905
0.949
1.227
1.222
1.259
1.656
1.618
2.256
2.337
2.282
1.707
1.710
1.710
1.095
1.258
1.255
0.917
0.942
0.896
1.957
1.981
2.026
1.721
1.856
1.845
2.161
2.291
2.319
1.790
1.856
1.862
0.869
0.928
0.963
1.319
1.455
1.403
1.887
1.945
1.944
1.092
1.154
1.170
0.949
1.045
1.058
0.796
0.853
0.889
1.435
1.484
1.508
1.187
1.202
1.169
1.799
1.869
1.859
1.192
1.240
1.224
1.425
1.489
1.511
2.271
2.350
2.356
0.979
1.020
1.074
1.171
1.250
1.217
1.133
1.169
1.043
1.566
1.677
1.652
0.582
0.652
0.616
1.563
1.676
1.561
1.713
1.647
1.716
1.518
1.530
1.501
1.553
1.582
1.608
2.121
2.149
2.177
1.814
1.908
1.900
1.362
1.471
1.584
1.465
1.547
1.492
1.916
1.989
1.987
1.030
1.121
1.081
1.244
1.346
1.402
1.775
1.904
2.071
1.750
1.821
1.784
0.825
0.833
0.857
1.081
1.216
1.202
3.154
3.242
3.270
2.951
3.155
3.077
1.583
1.629
1.596
1.801
1.855
1.915
0.596
0.840
0.877
1.171
1.289
1.246
0.846
0.953
0.917
1.437
1.535
1.528
1.211
1.340
1.329
0.796
1.032
0.919
0.796
1.007
0.988
0.593
0.806
0.809
1.544
1.526
1.575
1.391
1.587
1.601
0.300
0.310
0.237
0.666
0.759
0.737
1.239
1.275
1.262
1.881
1.885
1.934
2.280
2.405
2.375
2.150
2.231
2.278
1.825
1.843
1.873
1.077
1.144
1.124
1.627
1.726
1.692
0.816
0.916
0.927
1.142
1.072
1.130
1.739
1.759
1.791
1.277
1.328
1.283
1.560
1.620
1.647
1.157
1.314
1.236
1.212
1.175
1.258
1.259
1.366
1.399
0.685
0.629
0.668
0.862
0.839
0.857
1.286
1.236
1.301
1.377
1.544
1.503
0.841
0.891
0.872
1.322
1.296
1.294
0.675
0.712
0.809
1.482
1.535
1.546
1.265
1.436
1.387
0.687
0.707
0.690
1.440
1.473
1.455
1.809
1.856
1.805
1.067
1.175
1.162
1.330
1.444
1.472
0.982
1.530
1.150
2.358
2.444
2.452
1.600
1.688
1.660
0.734
0.811
0.716
1.819
1.896
1.944
1.129
1.188
1.250
1.286
1.329
1.414
1.811
1.843
1.889
1.519
1.688
1.641
0.795
0.859
0.825
0.795
0.859
0.825
0.933
1.038
1.115
0.695
0.934
0.963
0.672
0.947
0.889
1.752
1.858
1.863
0.592
0.654
1.010
1.105
1.207
1.286
2.012
2.025
2.002
1.109
1.309
1.224
1.269
1.351
1.407
1.040
0.996
1.038
0.725
0.767
0.793
1.265
1.327
1.369
1.119
1.194
1.202
0.804
1.017
0.924
1.166
1.182
1.192
1.146
1.206
1.197
0.774
0.889
0.809
0.962
0.998
1.046
1.653
1.704
1.726
1.415
1.525
1.474
0.933
0.964
0.944
0.791
0.839
0.816
1.219
1.228
1.212
1.120
1.346
1.172
1.086
1.152
1.262
1.266
1.350
1.319
1.266
1.382
1.481
1.879
1.951
1.964
1.397
1.442
1.427
1.133
1.185
1.244
1.192
1.422
1.420
2.663
2.733
2.695
1.061
1.171
1.150
1.458
1.599
1.560
1.220
1.297
1.259
0.582
0.741
0.717
1.057
1.113
1.141
0.502
0.584
0.559
0.822
0.890
0.869
1.659
1.645
1.669
1.562
1.569
1.593
0.832
0.874
0.832
1.015
1.049
1.071
1.724
1.799
1.771
0.828
0.899
0.871
1.422
1.530
1.475
1.803
1.821
1.912
1.214
1.260
1.250
2.591
2.678
2.620
1.439
1.589
1.549
1.606
1.665
1.674
0.808
0.905
0.910
1.125
1.149
1.130
1.375
1.397
1.399
1.392
1.663
1.652
1.404
1.441
1.454
1.283
1.405
1.387
1.185
1.219
1.218
1.075
1.198
1.188
2.531
2.577
2.606
1.785
1.859
1.827
0.907
1.138
1.006
1.061
1.109
1.112
0.877
0.855
0.910
0.978
1.008
1.021
0.696
0.739
0.704
0.719
0.905
0.921
1.868
1.874
1.863
0.826
0.919
0.851
1.559
1.595
1.580
1.311
1.440
1.748
1.204
1.269
1.241
1.196
1.258
1.247
1.385
1.518
1.480
0.925
0.970
0.980
1.846
1.882
1.905
1.632
1.633
1.685
1.618
1.737
1.790
1.176
1.252
1.236
1.555
1.627
1.639
0.502
0.584
0.559
0.952
0.983
1.040
1.529
1.642
1.562
1.320
1.358
1.384
1.486
1.479
1.532
1.096
1.190
1.148
1.455
1.554
1.551
1.511
1.542
1.546
1.293
1.356
1.373
1.157
1.302
1.354
1.013
1.041
1.026
0.997
0.961
1.012
0.837
0.880
0.916
0.807
0.970
0.883
0.999
1.139
1.147
1.772
2.051
2.149
1.060
1.123
1.099
0.710
0.754
0.746
1.064
1.979
1.524
1.233
1.298
1.238
2.683
2.686
2.722
0.594
0.672
0.689
0.567
0.580
0.603
0.694
0.733
0.705
0.753
0.784
0.760
0.517
0.620
0.640
1.819
1.847
1.922
0.379
0.528
0.508
1.332
1.430
1.413
0.649
0.776
0.752
1.384
1.478
1.459
0.495
0.563
0.548
1.703
1.686
1.687
1.189
1.278
1.286
1.046
1.282
1.227
1.143
1.170
1.181
1.294
1.380
1.395
1.399
1.452
1.431
1.920
1.981
1.971
0.584
0.638
0.615
1.783
1.847
1.747
1.713
1.787
1.930
0.932
1.015
0.968
1.330
1.516
1.500
0.793
0.858
0.893
1.067
1.172
1.168
2.010
2.026
2.048
1.051
1.189
1.176
0.954
1.145
1.130
1.835
1.834
1.865
1.241
1.298
1.364
0.753
0.853
0.895
1.305
1.296
1.285
1.438
1.484
1.473
1.420
1.559
1.512
0.855
0.920
0.857
1.261
1.376
1.346
1.052
1.152
1.144
0.775
0.825
0.856
1.193
1.247
1.240
1.430
1.518
1.429
1.761
2.123
2.147
1.897
1.915
1.876
1.984
1.953
2.063
1.200
1.193
1.223
1.184
1.186
1.194
2.047
2.046
2.078
1.730
1.866
1.790
1.336
1.420
1.452
0.880
0.984
0.948
1.157
1.138
1.137
1.425
1.433
1.443
2.076
2.117
2.206
1.169
1.355
1.407
2.712
2.827
2.811
1.674
1.664
1.656
0.918
0.994
0.999
0.697
0.767
0.748
1.205
1.219
1.259
1.621
1.719
1.727
0.729
0.800
0.805
1.551
1.568
1.561
1.226
1.299
1.275
0.964
1.074
1.066
0.927
0.939
0.962
1.030
1.068
1.366
0.915
0.983
0.939
1.634
1.745
1.656
2.015
2.167
2.140
0.796
0.810
0.817
1.401
1.468
1.481
1.112
1.138
1.229
0.673
0.906
0.972
0.674
0.893
0.624
1.206
1.308
1.270
1.010
1.080
1.114
0.772
0.924
0.926
0.885
1.051
1.058
1.230
1.390
1.327
1.441
1.516
1.526
1.763
1.903
1.928
1.164
1.255
1.269
2.126
2.191
2.202
0.986
1.070
1.109
1.707
1.807
1.791
1.000
1.112
1.109
1.690
1.769
1.770
1.415
1.449
1.447
0.917
1.017
1.068
1.957
2.009
1.993
0.589
0.758
0.699
1.708
1.719
1.603
1.407
1.401
1.420
0.731
0.764
0.753
0.595
0.685
0.626
0.562
0.803
0.772
1.064
1.166
1.175
1.690
1.764
1.768
1.939
1.958
1.964
0.956
1.251
1.087
1.591
1.659
1.709
0.936
0.945
0.955
1.795
1.867
1.933
0.815
0.963
0.952
1.186
1.424
1.358
1.521
1.671
1.637
1.318
1.494
1.502
1.632
1.840
1.696
1.632
1.802
1.822
2.153
2.175
2.183
1.237
1.238
1.245
2.092
2.087
2.120
1.298
1.345
1.346
1.592
1.605
1.615
1.799
1.848
1.833
1.912
1.934
1.948
2.488
2.538
2.523
1.324
1.528
1.456
0.870
0.982
0.938
1.390
1.331
1.909
0.774
0.882
0.861
1.255
1.340
1.280
2.418
2.453
2.394
1.074
1.095
1.060
1.511
1.546
1.553
1.050
1.122
1.125
0.932
1.189
1.032
0.995
0.956
0.946
1.200
1.467
1.481
1.026
1.048
1.052
1.147
1.359
1.367
1.509
1.574
1.536
1.098
1.053
1.062
1.218
1.253
1.518
0.908
0.999
0.912
0.344
0.655
0.471
1.327
1.373
1.389
0.859
0.861
0.897
0.655
0.726
0.763
0.835
0.971
0.935
1.824
1.938
1.932
1.392
1.574
1.544
1.220
1.571
1.381
1.474
1.608
1.454
1.583
1.708
1.740
1.047
1.089
1.054
0.818
0.831
0.904
1.042
1.462
1.171
1.155
1.203
1.266
1.435
1.803
1.572
1.179
1.333
1.354
1.365
1.223
1.361
2.268
2.298
2.296
1.628
1.660
1.699
0.677
0.772
0.752
1.776
1.880
1.901
1.532
1.644
1.675
1.693
1.823
1.867
1.264
1.413
1.409
2.345
2.426
2.491
3.101
3.051
3.159
1.838
1.932
1.906
1.703
1.741
1.717
1.047
1.095
1.110
1.816
1.871
1.846
1.341
1.364
1.338
1.095
1.732
1.116
1.711
1.811
1.839
1.603
2.286
2.567
0.814
0.919
0.909
1.957
1.954
1.945
1.587
1.666
1.705
0.822
0.868
0.872
1.951
2.020
2.004
1.382
1.454
1.525
1.748
1.808
1.761
1.242
1.311
1.310
1.000
1.074
1.011
1.337
1.466
1.445
0.714
0.761
0.869
1.552
1.629
1.573
1.473
1.392
1.477
1.517
1.572
1.470
0.794
0.833
0.833
1.502
1.559
1.579
1.956
2.026
1.997
1.056
1.281
1.158
0.974
1.068
1.096
0.526
0.575
0.591
1.733
1.655
1.721
0.701
0.892
0.827
0.666
0.747
0.647
0.477
0.544
0.535
0.707
0.814
0.809
1.999
2.099
2.076
1.522
1.575
1.528
0.740
0.820
0.799
1.287
1.388
1.405
1.690
1.874
1.719
0.871
1.019
0.975
1.027
1.091
1.469
2.101
2.249
2.259
2.109
2.137
2.143
1.364
1.536
1.378
2.140
2.274
2.323
1.499
1.570
1.578
0.702
0.786
0.925
0.709
0.846
0.836
0.541
0.741
0.710
1.116
1.240
1.254
1.160
1.175
1.204
1.132
1.260
1.235
1.014
1.066
1.067
0.498
0.591
0.610
1.535
1.608
1.626
1.650
1.790
1.699
2.070
2.089
2.008
2.301
2.344
2.319
0.801
0.870
0.869
1.740
1.752
1.728
1.364
1.784
1.497
0.870
0.899
0.895
1.110
1.110
1.115
1.220
1.663
1.184
1.111
1.366
1.223
1.878
1.863
1.900
0.602
0.643
0.676
0.972
1.013
1.048
0.876
0.985
0.962
0.613
0.792
0.792
0.755
0.808
0.782
0.560
0.688
0.651
0.780
0.774
0.862
0.505
0.686
0.641
0.885
0.994
1.012
0.745
0.860
0.835
1.397
1.522
1.445
1.339
1.423
1.607
1.764
1.851
1.902
1.317
1.352
1.363
0.823
0.804
0.827
1.093
1.122
1.122
1.626
1.713
1.715
1.212
1.250
1.351
1.191
1.299
1.272
1.457
1.521
1.551
1.121
1.208
1.237
1.521
1.526
1.571
1.023
1.120
1.137
0.893
0.944
0.944
2.750
2.712
2.706
1.192
1.361
1.297
1.462
1.478
1.537
1.591
1.613
2.064
1.249
1.418
1.300
1.857
1.915
1.939
0.350
0.738
0.698
0.738
0.813
0.803
1.266
1.306
1.317
1.286
1.362
1.373
1.157
1.255
1.255
1.448
1.498
1.521
0.682
1.029
0.960
1.137
1.234
1.231
0.863
0.900
0.878
1.243
1.275
1.245
1.215
1.341
1.292
1.830
2.083
1.866
0.394
0.430
0.433
0.583
0.786
0.726
1.986
1.997
1.991
0.682
0.800
0.763
0.941
1.045
1.031
0.872
0.938
0.975
0.995
1.092
1.089
0.984
1.074
1.119
0.667
0.800
0.829
0.826
0.839
0.835
1.044
1.079
1.100
1.020
1.051
1.088
1.168
1.319
1.262
0.977
1.072
1.042
0.851
0.882
0.879
1.972
2.033
2.000
1.363
1.518
1.536
1.258
1.285
1.248
1.368
1.419
1.463
0.692
0.730
0.711
0.876
1.055
0.916
1.006
1.088
1.071
1.010
1.078
1.028
1.474
1.589
1.557
1.071
1.090
1.149
0.394
0.484
0.416
0.851
0.972
0.969
1.356
1.442
1.547
1.124
1.262
1.250
1.469
1.533
1.523
1.381
1.629
1.547
0.986
1.052
0.993
1.486
1.500
1.540
1.231
1.275
1.297
1.732
1.784
1.812
1.014
1.096
1.036
1.671
1.696
1.723
0.837
0.947
0.933
0.703
0.727
0.714
2.146
2.171
2.176
1.009
1.089
1.101
1.390
1.513
1.589
0.834
0.974
0.936
0.992
1.051
1.005
1.826
1.986
1.946
2.309
2.378
2.383
1.362
1.438
1.402
0.983
1.096
1.062
1.248
1.267
1.251
1.033
1.179
1.169
0.817
0.860
0.861
0.795
0.835
0.845
0.781
0.838
0.792
0.969
0.973
0.903
1.016
1.073
0.978
1.051
1.146
1.176
0.529
0.624
0.602
0.585
0.641
0.646
1.845
1.878
1.870
1.526
1.518
1.575
1.535
1.559
1.580
1.169
1.223
1.262
1.233
1.382
1.306
0.978
1.029
0.937
1.053
1.485
1.142
1.040
1.040
1.053
1.768
1.806
1.826
2.005
2.065
2.011
0.658
0.685
0.711
1.271
1.281
1.303
1.030
1.097
1.070
1.546
1.600
1.644
1.797
1.781
1.726
1.103
1.148
1.135
1.649
1.694
1.730
0.837
0.929
0.872
1.308
1.356
1.381
1.344
1.409
1.416
2.056
2.125
2.119
1.729
1.760
1.776
1.347
1.410
1.425
1.195
1.229
1.242
2.763
2.780
2.789
1.523
1.598
1.572
1.180
1.233
1.264
1.304
1.439
1.389
1.712
1.777
1.761
1.904
2.027
2.051
1.622
1.682
1.636
1.220
1.302
1.268
1.303
1.396
1.351
1.216
1.186
1.144
0.947
1.001
0.991
0.893
0.983
1.034
1.361
1.386
1.379
1.661
1.670
1.705
1.696
1.699
1.626
0.964
1.046
1.035
1.235
1.522
1.699
1.244
1.250
1.188
1.013
1.316
1.327
1.387
1.424
1.423
1.241
1.410
1.563
1.897
1.912
2.139
0.351
0.590
0.622
1.408
1.450
1.444
1.847
1.896
1.935
0.696
0.803
1.152
2.138
2.208
2.294
1.946
2.003
2.021
1.049
1.053
1.063
0.849
0.885
0.880
1.468
1.481
1.492
1.645
1.641
1.639
0.840
0.875
0.906
1.611
1.719
1.628
0.808
0.891
1.273
1.312
1.344
1.266
1.401
1.419
1.428
1.092
1.155
1.172
1.233
1.351
1.401
1.987
2.051
2.040
3.048
3.048
3.065
1.390
1.521
1.470
1.035
1.071
1.077
1.030
1.082
1.059
1.213
1.295
1.272
1.753
1.803
1.835
1.760
1.814
1.773
1.904
1.921
1.934
1.765
1.767
1.741
1.247
1.255
1.320
1.072
1.119
1.149
1.009
1.066
1.078
0.869
0.903
0.901
1.825
1.906
1.844
1.172
1.187
1.184
1.518
1.541
1.543
2.204
2.221
2.207
2.274
2.377
2.393
2.350
2.410
2.419
1.664
1.855
1.807
1.280
1.364
1.347
0.678
0.707
0.743
0.947
1.256
1.077
2.034
2.081
2.028
1.114
1.117
1.132
1.185
1.360
1.273
1.321
1.525
1.549
0.958
0.997
0.982
0.881
1.227
1.194
1.189
1.496
1.384
1.020
1.450
1.135
1.039
1.157
1.130
1.296
1.389
1.352
1.167
1.205
1.254
1.023
1.099
1.057
1.415
1.496
1.381
0.706
0.746
0.730
1.339
1.402
1.356
1.752
1.799
1.766
1.619
1.644
1.700
2.010
2.160
2.140
1.151
1.252
1.262
0.822
0.883
0.851
0.738
0.882
0.810
0.689
0.738
0.718
1.990
2.082
2.039
1.011
1.333
1.272
0.755
0.796
0.734
0.746
0.806
0.784
1.251
1.319
1.374
0.620
0.658
0.678
1.063
1.184
1.173
0.641
0.697
0.737
1.498
1.669
1.616
0.679
0.701
0.700
1.591
1.545
1.628
1.893
1.966
1.977
1.287
1.336
1.346
1.770
1.894
2.024
1.529
1.596
1.623
0.947
0.927
0.995
1.090
1.207
1.175
0.830
0.871
0.910
1.014
1.110
1.094
1.168
1.238
1.265
1.159
1.400
1.178
1.660
1.728
1.714
0.904
0.988
0.974
1.438
1.705
1.596
1.356
1.511
1.459
0.627
0.615
0.697
0.698
0.747
0.708
0.744
0.807
0.814
1.416
2.249
1.658
1.722
1.754
1.758
0.777
0.820
0.837
1.321
1.384
1.343
1.148
1.239
1.154
1.131
1.201
1.213
2.639
2.650
2.722
2.043
1.996
2.065
1.639
1.672
1.654
