0.410
0.480
0.475
0.389
0.592
0.425
0.439
0.497
0.511
0.425
0.627
0.449
0.421
0.494
0.510
0.411
0.638
0.466
0.450
0.490
0.470
0.547
0.482
0.427
0.416
0.457
0.441
0.504
0.446
0.396
0.451
0.607
0.413
0.569
0.460
0.428
0.453
0.615
0.407
0.541
0.468
0.422
0.440
0.597
0.398
0.528
0.453
0.406
0.419
0.497
0.484
0.401
0.608
0.439
0.437
0.498
0.508
0.428
0.627
0.450
0.425
0.505
0.515
0.417
0.648
0.473
0.467
0.501
0.483
0.560
0.490
0.436
0.434
0.471
0.458
0.518
0.455
0.406
0.474
0.625
0.423
0.584
0.473
0.431
0.475
0.635
0.419
0.557
0.482
0.428
0.470
0.620
0.412
0.546
0.475
0.414
0.402
0.473
0.459
0.388
0.594
0.421
0.427
0.485
0.493
0.422
0.620
0.441
0.412
0.472
0.489
0.407
0.629
0.450
0.462
0.498
0.476
0.556
0.491
0.431
0.425
0.460
0.443
0.508
0.449
0.395
0.457
0.608
0.413
0.561
0.449
0.418
0.462
0.621
0.407
0.538
0.467
0.411
0.448
0.603
0.400
0.523
0.449
0.398
0.439
0.500
0.498
0.414
0.617
0.445
0.459
0.516
0.530
0.439
0.642
0.466
0.443
0.505
0.525
0.421
0.644
0.472
0.471
0.502
0.486
0.558
0.491
0.434
0.442
0.476
0.461
0.522
0.462
0.410
0.481
0.629
0.437
0.600
0.480
0.453
0.487
0.639
0.428
0.576
0.491
0.446
0.475
0.628
0.430
0.566
0.479
0.438
0.428
0.498
0.495
0.407
0.604
0.440
0.452
0.509
0.523
0.437
0.623
0.459
0.441
0.497
0.523
0.427
0.633
0.471
0.478
0.528
0.498
0.571
0.516
0.442
0.442
0.487
0.462
0.526
0.471
0.407
0.481
0.626
0.438
0.591
0.474
0.444
0.480
0.631
0.434
0.566
0.479
0.444
0.475
0.619
0.426
0.558
0.477
0.430
0.417
0.487
0.479
0.398
0.582
0.432
0.436
0.494
0.504
0.423
0.600
0.443
0.427
0.489
0.512
0.413
0.606
0.463
0.465
0.505
0.483
0.564
0.492
0.435
0.429
0.465
0.449
0.521
0.454
0.402
0.473
0.609
0.423
0.586
0.471
0.436
0.470
0.615
0.416
0.558
0.476
0.431
0.461
0.599
0.406
0.542
0.465
0.412
0.408
0.483
0.469
0.387
0.581
0.419
0.436
0.496
0.503
0.424
0.609
0.438
0.419
0.495
0.505
0.406
0.623
0.454
0.462
0.507
0.475
0.556
0.497
0.428
0.422
0.469
0.438
0.505
0.455
0.392
0.460
0.605
0.415
0.572
0.462
0.428
0.461
0.615
0.408
0.545
0.474
0.423
0.449
0.593
0.399
0.534
0.462
0.408
0.402
0.472
0.461
0.381
0.559
0.411
0.423
0.489
0.495
0.409
0.587
0.434
0.410
0.482
0.493
0.399
0.590
0.449
0.429
0.465
0.445
0.521
0.457
0.403
0.412
0.448
0.431
0.495
0.439
0.389
0.452
0.582
0.404
0.559
0.456
0.419
0.446
0.584
0.396
0.531
0.458
0.414
0.438
0.568
0.385
0.516
0.446
0.394
0.471
0.542
0.525
0.461
0.654
0.488
0.496
0.551
0.553
0.493
0.676
0.506
0.482
0.550
0.555
0.478
0.688
0.519
0.517
0.571
0.537
0.616
0.569
0.495
0.470
0.521
0.492
0.563
0.519
0.452
0.524
0.675
0.491
0.636
0.530
0.501
0.522
0.681
0.477
0.606
0.534
0.490
0.509
0.656
0.463
0.587
0.517
0.464
0.431
0.503
0.494
0.413
0.612
0.441
0.450
0.508
0.517
0.442
0.635
0.456
0.437
0.505
0.518
0.430
0.649
0.471
0.482
0.524
0.503
0.583
0.516
0.455
0.441
0.485
0.461
0.532
0.476
0.415
0.478
0.632
0.442
0.592
0.473
0.450
0.481
0.639
0.436
0.570
0.483
0.449
0.469
0.621
0.425
0.556
0.471
0.428
0.419
0.485
0.460
0.398
0.576
0.414
0.445
0.496
0.497
0.433
0.604
0.439
0.426
0.501
0.487
0.413
0.616
0.446
0.454
0.494
0.453
0.552
0.495
0.416
0.432
0.466
0.433
0.519
0.464
0.396
0.463
0.596
0.414
0.576
0.472
0.425
0.471
0.609
0.407
0.558
0.492
0.423
0.448
0.581
0.396
0.537
0.463
0.405
0.456
0.521
0.505
0.447
0.641
0.470
0.473
0.530
0.533
0.468
0.655
0.482
0.461
0.525
0.531
0.458
0.670
0.497
0.496
0.539
0.506
0.598
0.540
0.471
0.465
0.506
0.476
0.558
0.505
0.440
0.514
0.660
0.469
0.626
0.516
0.480
0.510
0.664
0.458
0.594
0.518
0.470
0.499
0.642
0.448
0.579
0.501
0.452
0.403
0.462
0.461
0.379
0.583
0.406
0.426
0.470
0.488
0.410
0.607
0.422
0.411
0.468
0.488
0.394
0.620
0.438
0.435
0.500
0.464
0.516
0.480
0.409
0.404
0.466
0.436
0.481
0.444
0.380
0.426
0.603
0.408
0.538
0.434
0.417
0.431
0.612
0.403
0.519
0.451
0.414
0.418
0.593
0.390
0.507
0.436
0.397
0.403
0.478
0.468
0.381
0.596
0.417
0.423
0.487
0.491
0.407
0.611
0.427
0.412
0.488
0.495
0.393
0.630
0.446
0.441
0.494
0.466
0.514
0.469
0.408
0.412
0.464
0.444
0.480
0.435
0.380
0.445
0.619
0.410
0.546
0.452
0.412
0.448
0.629
0.406
0.526
0.467
0.412
0.437
0.610
0.395
0.517
0.458
0.400
0.385
0.456
0.442
0.367
0.579
0.397
0.412
0.472
0.473
0.402
0.602
0.419
0.397
0.456
0.469
0.385
0.613
0.425
0.434
0.489
0.456
0.510
0.472
0.406
0.403
0.455
0.427
0.471
0.433
0.373
0.426
0.602
0.400
0.521
0.427
0.400
0.431
0.611
0.391
0.502
0.448
0.395
0.415
0.591
0.382
0.491
0.433
0.383
0.427
0.487
0.486
0.397
0.608
0.429
0.447
0.507
0.514
0.422
0.626
0.447
0.435
0.493
0.510
0.406
0.635
0.454
0.451
0.501
0.475
0.517
0.476
0.413
0.425
0.474
0.450
0.489
0.448
0.390
0.459
0.631
0.431
0.568
0.466
0.441
0.462
0.637
0.419
0.547
0.478
0.434
0.449
0.625
0.419
0.538
0.465
0.427
0.411
0.477
0.474
0.387
0.590
0.418
0.435
0.492
0.500
0.417
0.601
0.434
0.424
0.472
0.497
0.401
0.607
0.439
0.448
0.519
0.476
0.522
0.496
0.414
0.414
0.477
0.441
0.487
0.453
0.382
0.448
0.615
0.421
0.551
0.452
0.425
0.446
0.616
0.415
0.529
0.459
0.426
0.437
0.603
0.405
0.520
0.455
0.410
0.397
0.463
0.456
0.375
0.558
0.407
0.419
0.476
0.481
0.401
0.574
0.418
0.411
0.465
0.487
0.388
0.572
0.430
0.433
0.491
0.459
0.510
0.466
0.404
0.403
0.454
0.430
0.480
0.433
0.377
0.437
0.593
0.404
0.543
0.447
0.415
0.437
0.598
0.398
0.522
0.458
0.413
0.422
0.579
0.385
0.507
0.446
0.395
0.390
0.461
0.449
0.366
0.564
0.396
0.419
0.477
0.480
0.401
0.587
0.415
0.399
0.466
0.476
0.378
0.593
0.421
0.427
0.495
0.451
0.503
0.473
0.396
0.392
0.457
0.417
0.467
0.435
0.366
0.421
0.590
0.395
0.528
0.433
0.405
0.424
0.598
0.387
0.506
0.448
0.403
0.411
0.578
0.379
0.498
0.440
0.389
0.386
0.454
0.441
0.363
0.544
0.391
0.412
0.478
0.478
0.393
0.569
0.415
0.398
0.465
0.472
0.377
0.562
0.420
0.402
0.453
0.424
0.474
0.432
0.374
0.387
0.442
0.414
0.462
0.424
0.366
0.420
0.571
0.388
0.523
0.436
0.400
0.418
0.573
0.383
0.500
0.442
0.398
0.402
0.551
0.366
0.485
0.428
0.379
0.453
0.521
0.504
0.441
0.641
0.466
0.478
0.537
0.532
0.468
0.655
0.480
0.467
0.534
0.534
0.452
0.667
0.489
0.492
0.562
0.517
0.570
0.548
0.465
0.449
0.516
0.476
0.526
0.501
0.426
0.498
0.671
0.479
0.603
0.513
0.487
0.495
0.673
0.462
0.572
0.516
0.471
0.477
0.646
0.447
0.553
0.496
0.447
0.411
0.480
0.470
0.392
0.600
0.418
0.430
0.490
0.491
0.420
0.616
0.431
0.417
0.478
0.488
0.402
0.627
0.436
0.450
0.509
0.475
0.535
0.493
0.422
0.416
0.477
0.441
0.496
0.459
0.389
0.445
0.622
0.420
0.551
0.448
0.425
0.451
0.630
0.417
0.533
0.463
0.425
0.434
0.607
0.402
0.521
0.447
0.406
0.402
0.469
0.438
0.379
0.564
0.393
0.431
0.488
0.477
0.414
0.591
0.421
0.414
0.487
0.463
0.396
0.602
0.422
0.427
0.485
0.430
0.510
0.477
0.391
0.411
0.461
0.415
0.484
0.449
0.373
0.437
0.590
0.397
0.539
0.453
0.404
0.444
0.602
0.390
0.527
0.477
0.404
0.420
0.573
0.378
0.508
0.451
0.389
0.441
0.505
0.484
0.430
0.629
0.448
0.459
0.517
0.511
0.449
0.638
0.461
0.447
0.509
0.507
0.438
0.654
0.470
0.473
0.534
0.486
0.559
0.527
0.447
0.446
0.504
0.460
0.525
0.493
0.419
0.490
0.656
0.456
0.592
0.497
0.463
0.485
0.658
0.444
0.564
0.504
0.454
0.470
0.632
0.431
0.550
0.486
0.438
0.415
0.482
0.475
0.400
0.600
0.428
0.431
0.490
0.504
0.426
0.622
0.440
0.419
0.499
0.507
0.414
0.645
0.467
0.454
0.503
0.478
0.549
0.489
0.428
0.420
0.473
0.453
0.515
0.454
0.396
0.452
0.620
0.425
0.565
0.451
0.429
0.458
0.632
0.421
0.544
0.469
0.425
0.446
0.610
0.404
0.534
0.463
0.407
0.403
0.481
0.470
0.391
0.598
0.427
0.426
0.501
0.505
0.418
0.622
0.444
0.412
0.503
0.505
0.405
0.642
0.466
0.445
0.484
0.466
0.534
0.466
0.417
0.412
0.458
0.443
0.502
0.439
0.389
0.450
0.619
0.416
0.556
0.452
0.418
0.453
0.627
0.410
0.533
0.469
0.414
0.441
0.606
0.395
0.522
0.459
0.398
0.395
0.477
0.454
0.388
0.597
0.419
0.415
0.491
0.487
0.417
0.617
0.436
0.403
0.485
0.488
0.405
0.640
0.455
0.456
0.492
0.471
0.546
0.481
0.426
0.419
0.460
0.443
0.506
0.444
0.390
0.456
0.621
0.417
0.549
0.444
0.412
0.461
0.633
0.409
0.525
0.465
0.403
0.448
0.611
0.397
0.517
0.457
0.391
0.431
0.502
0.494
0.413
0.620
0.446
0.448
0.525
0.528
0.436
0.641
0.465
0.437
0.518
0.525
0.424
0.657
0.481
0.468
0.502
0.486
0.549
0.481
0.432
0.440
0.480
0.466
0.518
0.457
0.405
0.483
0.646
0.444
0.586
0.477
0.447
0.486
0.653
0.433
0.562
0.491
0.437
0.478
0.641
0.431
0.556
0.484
0.430
0.422
0.496
0.487
0.407
0.603
0.438
0.441
0.509
0.514
0.433
0.617
0.454
0.429
0.500
0.515
0.420
0.633
0.469
0.461
0.517
0.484
0.554
0.500
0.429
0.429
0.483
0.455
0.519
0.463
0.399
0.471
0.629
0.435
0.578
0.468
0.437
0.472
0.636
0.432
0.553
0.478
0.437
0.465
0.620
0.418
0.546
0.479
0.420
0.413
0.488
0.475
0.400
0.579
0.433
0.428
0.498
0.500
0.419
0.595
0.440
0.424
0.499
0.513
0.413
0.605
0.466
0.458
0.496
0.478
0.551
0.476
0.428
0.426
0.466
0.451
0.519
0.448
0.398
0.473
0.619
0.426
0.575
0.468
0.431
0.472
0.626
0.421
0.549
0.479
0.427
0.461
0.607
0.406
0.536
0.474
0.407
0.405
0.489
0.468
0.388
0.584
0.420
0.428
0.499
0.499
0.420
0.605
0.436
0.412
0.505
0.502
0.401
0.626
0.457
0.451
0.497
0.468
0.542
0.481
0.420
0.413
0.469
0.436
0.504
0.450
0.387
0.454
0.613
0.415
0.562
0.457
0.422
0.457
0.626
0.409
0.535
0.474
0.419
0.445
0.602
0.396
0.528
0.468
0.402
0.399
0.475
0.457
0.387
0.565
0.415
0.417
0.491
0.490
0.408
0.585
0.432
0.409
0.496
0.494
0.402
0.599
0.455
0.427
0.462
0.444
0.517
0.448
0.401
0.409
0.452
0.434
0.501
0.439
0.387
0.454
0.594
0.410
0.553
0.456
0.415
0.447
0.597
0.404
0.524
0.459
0.411
0.436
0.575
0.385
0.512
0.452
0.389
0.469
0.545
0.522
0.466
0.660
0.490
0.485
0.553
0.546
0.483
0.669
0.498
0.475
0.559
0.553
0.474
0.694
0.520
0.514
0.569
0.535
0.609
0.559
0.489
0.469
0.527
0.496
0.567
0.518
0.449
0.535
0.698
0.505
0.642
0.539
0.509
0.527
0.698
0.486
0.605
0.539
0.490
0.511
0.668
0.464
0.584
0.524
0.459
0.422
0.497
0.483
0.415
0.617
0.440
0.436
0.507
0.508
0.435
0.633
0.452
0.426
0.508
0.510
0.426
0.657
0.471
0.471
0.513
0.492
0.573
0.506
0.446
0.433
0.486
0.459
0.532
0.472
0.408
0.474
0.641
0.439
0.581
0.466
0.439
0.480
0.651
0.436
0.560
0.480
0.437
0.466
0.627
0.418
0.549
0.473
0.417
0.420
0.492
0.456
0.403
0.582
0.417
0.439
0.503
0.492
0.429
0.603
0.437
0.425
0.516
0.483
0.416
0.627
0.451
0.450
0.490
0.447
0.548
0.488
0.414
0.429
0.470
0.432
0.519
0.462
0.392
0.467
0.607
0.417
0.573
0.474
0.420
0.474
0.623
0.411
0.556
0.498
0.419
0.452
0.592
0.396
0.537
0.474
0.403
0.481
0.549
0.524
0.479
0.672
0.496
0.487
0.552
0.545
0.486
0.671
0.498
0.479
0.557
0.547
0.484
0.705
0.525
0.515
0.561
0.525
0.618
0.561
0.492
0.483
0.534
0.497
0.585
0.531
0.461
0.547
0.705
0.505
0.652
0.545
0.508
0.538
0.704
0.489
0.618
0.549
0.495
0.522
0.674
0.471
0.603
0.534
0.475
0.403
0.481
0.458
0.388
0.600
0.420
0.421
0.489
0.485
0.416
0.620
0.436
0.412
0.492
0.493
0.406
0.641
0.461
0.458
0.503
0.474
0.543
0.490
0.431
0.425
0.465
0.443
0.506
0.449
0.397
0.455
0.616
0.412
0.549
0.450
0.417
0.454
0.625
0.405
0.527
0.469
0.412
0.441
0.605
0.394
0.515
0.452
0.394
0.390
0.482
0.451
0.377
0.595
0.416
0.418
0.506
0.487
0.409
0.621
0.440
0.405
0.500
0.493
0.396
0.638
0.460
0.443
0.480
0.459
0.527
0.468
0.421
0.414
0.447
0.430
0.489
0.430
0.387
0.449
0.614
0.400
0.543
0.456
0.408
0.445
0.617
0.392
0.516
0.469
0.401
0.433
0.599
0.385
0.505
0.453
0.387
0.401
0.498
0.463
0.388
0.609
0.428
0.416
0.505
0.484
0.412
0.621
0.440
0.409
0.509
0.499
0.404
0.650
0.469
0.464
0.495
0.474
0.545
0.480
0.433
0.430
0.457
0.445
0.506
0.438
0.398
0.474
0.634
0.413
0.561
0.469
0.413
0.469
0.639
0.405
0.535
0.486
0.409
0.460
0.620
0.397
0.525
0.474
0.394
0.421
0.504
0.477
0.400
0.616
0.434
0.439
0.524
0.506
0.425
0.635
0.456
0.428
0.509
0.508
0.410
0.645
0.468
0.466
0.495
0.477
0.538
0.479
0.430
0.440
0.466
0.451
0.507
0.448
0.402
0.480
0.637
0.426
0.571
0.474
0.432
0.477
0.641
0.414
0.546
0.489
0.423
0.466
0.628
0.416
0.538
0.476
0.417
0.407
0.494
0.467
0.392
0.601
0.427
0.428
0.508
0.492
0.421
0.613
0.446
0.417
0.492
0.495
0.410
0.626
0.459
0.461
0.516
0.476
0.543
0.502
0.430
0.434
0.476
0.445
0.508
0.456
0.396
0.470
0.624
0.418
0.556
0.462
0.417
0.463
0.626
0.412
0.529
0.472
0.414
0.456
0.612
0.404
0.523
0.467
0.401
0.396
0.482
0.453
0.382
0.567
0.415
0.414
0.494
0.475
0.407
0.585
0.429
0.407
0.484
0.488
0.396
0.587
0.449
0.455
0.492
0.468
0.541
0.476
0.426
0.421
0.450
0.433
0.505
0.436
0.391
0.466
0.607
0.408
0.555
0.462
0.411
0.458
0.606
0.397
0.530
0.473
0.407
0.445
0.589
0.387
0.515
0.460
0.389
0.388
0.483
0.447
0.372
0.579
0.407
0.415
0.498
0.474
0.409
0.604
0.430
0.399
0.491
0.480
0.388
0.616
0.445
0.451
0.498
0.462
0.529
0.481
0.420
0.415
0.459
0.425
0.491
0.438
0.381
0.451
0.608
0.399
0.542
0.451
0.402
0.448
0.615
0.391
0.513
0.466
0.396
0.434
0.591
0.383
0.505
0.454
0.383
0.390
0.479
0.445
0.375
0.562
0.407
0.413
0.501
0.480
0.405
0.587
0.433
0.400
0.490
0.480
0.394
0.589
0.447
0.430
0.460
0.439
0.509
0.449
0.402
0.414
0.443
0.425
0.491
0.432
0.387
0.455
0.590
0.398
0.539
0.454
0.405
0.443
0.587
0.388
0.510
0.459
0.397
0.432
0.568
0.376
0.500
0.447
0.381
0.448
0.532
0.495
0.439
0.644
0.466
0.472
0.548
0.524
0.472
0.663
0.489
0.458
0.540
0.529
0.455
0.676
0.502
0.503
0.560
0.518
0.588
0.553
0.479
0.458
0.507
0.473
0.539
0.497
0.433
0.509
0.669
0.470
0.598
0.507
0.472
0.502
0.672
0.455
0.569
0.517
0.460
0.486
0.645
0.440
0.553
0.498
0.436
0.413
0.500
0.469
0.402
0.614
0.429
0.429
0.510
0.491
0.428
0.630
0.445
0.419
0.503
0.496
0.416
0.649
0.461
0.472
0.515
0.487
0.563
0.505
0.446
0.435
0.477
0.448
0.520
0.463
0.406
0.472
0.637
0.428
0.566
0.463
0.430
0.472
0.643
0.421
0.543
0.479
0.425
0.458
0.622
0.409
0.531
0.463
0.406
0.406
0.491
0.441
0.390
0.581
0.407
0.433
0.507
0.477
0.425
0.604
0.435
0.417
0.507
0.471
0.408
0.621
0.443
0.452
0.490
0.442
0.538
0.490
0.412
0.434
0.462
0.423
0.511
0.457
0.390
0.466
0.605
0.405
0.556
0.471
0.410
0.471
0.618
0.397
0.542
0.499
0.408
0.446
0.586
0.384
0.523
0.468
0.392
0.450
0.530
0.492
0.446
0.650
0.467
0.463
0.541
0.515
0.463
0.656
0.481
0.455
0.533
0.520
0.458
0.681
0.499
0.498
0.540
0.501
0.589
0.540
0.473
0.471
0.507
0.472
0.556
0.504
0.442
0.521
0.673
0.465
0.610
0.516
0.469
0.512
0.674
0.452
0.580
0.525
0.459
0.500
0.651
0.443
0.567
0.507
0.443
0.442
0.500
0.505
0.407
0.619
0.448
0.453
0.510
0.526
0.425
0.642
0.463
0.444
0.507
0.531
0.418
0.656
0.482
0.473
0.513
0.500
0.543
0.485
0.440
0.440
0.480
0.470
0.500
0.445
0.407
0.469
0.628
0.437
0.584
0.468
0.448
0.474
0.641
0.435
0.565
0.489
0.447
0.463
0.630
0.426
0.556
0.476
0.433
0.428
0.497
0.499
0.396
0.613
0.444
0.448
0.522
0.528
0.419
0.644
0.469
0.437
0.512
0.531
0.412
0.658
0.486
0.459
0.491
0.484
0.528
0.466
0.433
0.429
0.462
0.457
0.486
0.429
0.400
0.467
0.626
0.427
0.578
0.473
0.440
0.465
0.633
0.422
0.555
0.488
0.437
0.453
0.621
0.413
0.545
0.472
0.424
0.444
0.523
0.517
0.413
0.634
0.462
0.451
0.529
0.530
0.425
0.648
0.473
0.447
0.529
0.542
0.422
0.671
0.496
0.483
0.507
0.502
0.551
0.481
0.447
0.451
0.477
0.478
0.504
0.439
0.413
0.495
0.649
0.442
0.598
0.493
0.447
0.494
0.658
0.439
0.576
0.509
0.446
0.489
0.650
0.434
0.569
0.500
0.436
0.415
0.492
0.480
0.389
0.609
0.433
0.434
0.508
0.508
0.415
0.635
0.457
0.423
0.487
0.508
0.404
0.643
0.462
0.463
0.490
0.482
0.532
0.473
0.434
0.429
0.455
0.450
0.485
0.429
0.396
0.464
0.619
0.419
0.561
0.456
0.424
0.466
0.630
0.413
0.540
0.479
0.418
0.455
0.620
0.409
0.534
0.468
0.412
0.446
0.515
0.515
0.414
0.625
0.458
0.462
0.529
0.536
0.436
0.641
0.477
0.455
0.511
0.539
0.428
0.650
0.486
0.483
0.532
0.509
0.554
0.505
0.446
0.450
0.492
0.474
0.511
0.460
0.411
0.487
0.641
0.447
0.596
0.483
0.454
0.486
0.645
0.443
0.571
0.495
0.452
0.479
0.638
0.436
0.568
0.492
0.442
0.434
0.503
0.502
0.403
0.596
0.447
0.446
0.515
0.521
0.419
0.617
0.460
0.440
0.502
0.530
0.411
0.613
0.475
0.473
0.508
0.496
0.545
0.477
0.438
0.438
0.471
0.463
0.507
0.441
0.405
0.481
0.625
0.433
0.592
0.481
0.445
0.478
0.630
0.427
0.566
0.492
0.441
0.471
0.623
0.421
0.557
0.483
0.428
0.427
0.502
0.496
0.396
0.607
0.439
0.447
0.516
0.519
0.421
0.630
0.458
0.438
0.515
0.529
0.409
0.643
0.473
0.474
0.518
0.496
0.538
0.484
0.432
0.433
0.480
0.456
0.491
0.445
0.396
0.471
0.626
0.430
0.582
0.473
0.439
0.475
0.639
0.425
0.557
0.491
0.436
0.461
0.623
0.420
0.551
0.478
0.425
0.425
0.498
0.490
0.392
0.584
0.434
0.442
0.516
0.519
0.412
0.608
0.456
0.434
0.507
0.522
0.408
0.611
0.470
0.444
0.474
0.464
0.511
0.448
0.411
0.426
0.459
0.448
0.487
0.431
0.395
0.466
0.601
0.418
0.571
0.469
0.433
0.460
0.605
0.415
0.548
0.478
0.432
0.455
0.596
0.407
0.542
0.469
0.419
0.495
0.566
0.555
0.472
0.680
0.511
0.509
0.579
0.576
0.492
0.699
0.531
0.507
0.575
0.586
0.488
0.715
0.544
0.529
0.582
0.557
0.601
0.568
0.505
0.485
0.532
0.512
0.548
0.513
0.461
0.538
0.698
0.510
0.647
0.546
0.521
0.534
0.702
0.496
0.618
0.554
0.509
0.521
0.682
0.483
0.603
0.535
0.486
0.445
0.517
0.514
0.418
0.634
0.457
0.458
0.528
0.532
0.436
0.654
0.474
0.448
0.518
0.533
0.427
0.667
0.484
0.488
0.525
0.514
0.563
0.500
0.454
0.455
0.493
0.478
0.517
0.461
0.417
0.486
0.648
0.452
0.598
0.478
0.459
0.494
0.660
0.452
0.578
0.495
0.457
0.482
0.648
0.443
0.571
0.484
0.444
0.446
0.512
0.487
0.410
0.602
0.435
0.463
0.524
0.519
0.436
0.628
0.463
0.450
0.523
0.509
0.422
0.640
0.466
0.463
0.498
0.463
0.540
0.485
0.420
0.443
0.474
0.444
0.507
0.455
0.398
0.482
0.618
0.428
0.591
0.489
0.441
0.489
0.633
0.425
0.577
0.515
0.441
0.469
0.615
0.418
0.566
0.492
0.432
0.474
0.540
0.525
0.453
0.661
0.484
0.484
0.549
0.546
0.467
0.672
0.499
0.475
0.539
0.545
0.459
0.687
0.509
0.502
0.541
0.515
0.585
0.531
0.474
0.471
0.508
0.483
0.543
0.495
0.442
0.524
0.676
0.479
0.635
0.526
0.492
0.517
0.676
0.466
0.603
0.532
0.480
0.505
0.660
0.458
0.594
0.516
0.468
0.407
0.467
0.476
0.376
0.532
0.408
0.429
0.480
0.504
0.402
0.549
0.427
0.410
0.481
0.506
0.383
0.564
0.440
0.452
0.476
0.472
0.569
0.459
0.407
0.410
0.429
0.426
0.516
0.411
0.364
0.435
0.549
0.401
0.584
0.442
0.414
0.442
0.544
0.397
0.569
0.455
0.417
0.430
0.539
0.388
0.554
0.447
0.396
0.397
0.469
0.474
0.369
0.529
0.411
0.432
0.496
0.512
0.403
0.554
0.439
0.407
0.486
0.509
0.380
0.561
0.445
0.444
0.455
0.457
0.562
0.448
0.407
0.406
0.413
0.416
0.510
0.402
0.365
0.439
0.546
0.389
0.584
0.451
0.411
0.440
0.537
0.387
0.563
0.459
0.413
0.427
0.531
0.380
0.550
0.450
0.395
0.411
0.488
0.489
0.381
0.543
0.423
0.433
0.495
0.510
0.403
0.552
0.436
0.414
0.499
0.518
0.386
0.571
0.452
0.464
0.471
0.474
0.573
0.454
0.414
0.425
0.430
0.436
0.523
0.411
0.374
0.461
0.565
0.404
0.600
0.467
0.416
0.462
0.555
0.400
0.579
0.474
0.418
0.456
0.557
0.397
0.567
0.473
0.405
0.394
0.462
0.463
0.370
0.526
0.406
0.423
0.478
0.495
0.401
0.543
0.429
0.400
0.464
0.492
0.380
0.552
0.429
0.454
0.459
0.463
0.573
0.452
0.409
0.417
0.417
0.421
0.517
0.403
0.365
0.444
0.544
0.390
0.581
0.440
0.403
0.450
0.538
0.386
0.563
0.452
0.401
0.435
0.532
0.381
0.549
0.444
0.387
0.430
0.493
0.502
0.395
0.555
0.431
0.453
0.514
0.532
0.416
0.570
0.452
0.435
0.501
0.530
0.397
0.574
0.455
0.471
0.480
0.483
0.575
0.458
0.413
0.436
0.440
0.444
0.533
0.422
0.381
0.473
0.580
0.422
0.619
0.476
0.439
0.478
0.568
0.412
0.600
0.484
0.436
0.466
0.569
0.418
0.588
0.478
0.426
0.405
0.477
0.480
0.376
0.528
0.416
0.429
0.488
0.507
0.399
0.541
0.432
0.412
0.484
0.514
0.382
0.549
0.445
0.459
0.479
0.476
0.577
0.459
0.411
0.418
0.433
0.432
0.525
0.414
0.369
0.457
0.563
0.404
0.596
0.462
0.418
0.451
0.551
0.397
0.572
0.462
0.417
0.445
0.548
0.393
0.558
0.460
0.399
0.396
0.469
0.470
0.365
0.516
0.401
0.429
0.485
0.503
0.400
0.535
0.426
0.406
0.488
0.506
0.374
0.552
0.433
0.465
0.484
0.478
0.571
0.461
0.405
0.415
0.432
0.423
0.512
0.409
0.359
0.448
0.553
0.401
0.583
0.451
0.409
0.452
0.546
0.395
0.561
0.457
0.408
0.439
0.535
0.389
0.551
0.453
0.393
0.387
0.464
0.461
0.355
0.505
0.393
0.414
0.483
0.494
0.379
0.522
0.415
0.393
0.476
0.491
0.362
0.529
0.424
0.420
0.439
0.436
0.525
0.420
0.373
0.398
0.412
0.409
0.493
0.391
0.349
0.431
0.529
0.380
0.560
0.442
0.395
0.425
0.515
0.376
0.540
0.443
0.397
0.423
0.516
0.371
0.531
0.445
0.382
0.460
0.527
0.523
0.437
0.590
0.465
0.486
0.540
0.549
0.461
0.599
0.483
0.467
0.537
0.554
0.445
0.615
0.493
0.506
0.539
0.526
0.629
0.533
0.467
0.455
0.482
0.472
0.566
0.474
0.414
0.503
0.617
0.470
0.642
0.512
0.480
0.501
0.606
0.457
0.617
0.514
0.473
0.484
0.591
0.441
0.598
0.505
0.448
0.411
0.485
0.488
0.381
0.544
0.418
0.433
0.497
0.510
0.405
0.559
0.437
0.409
0.490
0.509
0.386
0.571
0.442
0.463
0.483
0.484
0.584
0.470
0.419
0.421
0.439
0.436
0.528
0.423
0.373
0.449
0.565
0.413
0.593
0.453
0.421
0.455
0.558
0.411
0.576
0.463
0.424
0.447
0.556
0.403
0.565
0.460
0.406
0.404
0.465
0.452
0.372
0.512
0.391
0.434
0.482
0.490
0.404
0.532
0.421
0.406
0.483
0.477
0.375
0.542
0.418
0.438
0.451
0.431
0.557
0.449
0.385
0.414
0.418
0.404
0.517
0.413
0.355
0.444
0.533
0.382
0.582
0.453
0.399
0.451
0.533
0.378
0.570
0.473
0.402
0.428
0.517
0.372
0.552
0.451
0.389
0.445
0.511
0.503
0.422
0.577
0.447
0.466
0.518
0.528
0.439
0.578
0.461
0.446
0.515
0.529
0.424
0.599
0.472
0.482
0.505
0.492
0.611
0.504
0.442
0.447
0.464
0.452
0.562
0.461
0.404
0.496
0.603
0.449
0.643
0.508
0.465
0.491
0.588
0.438
0.617
0.509
0.461
0.478
0.577
0.428
0.598
0.496
0.439
0.391
0.433
0.447
0.360
0.482
0.382
0.406
0.454
0.474
0.382
0.516
0.393
0.390
0.455
0.482
0.369
0.514
0.417
0.408
0.441
0.434
0.536
0.427
0.376
0.382
0.412
0.405
0.496
0.398
0.345
0.410
0.528
0.378
0.555
0.421
0.392
0.410
0.522
0.370
0.540
0.426
0.392
0.402
0.514
0.364
0.523
0.423
0.374
0.379
0.427
0.440
0.352
0.470
0.381
0.403
0.458
0.474
0.379
0.512
0.398
0.387
0.456
0.483
0.363
0.504
0.418
0.400
0.422
0.420
0.526
0.411
0.371
0.376
0.395
0.393
0.487
0.384
0.341
0.411
0.524
0.369
0.554
0.427
0.388
0.408
0.515
0.360
0.533
0.426
0.386
0.397
0.503
0.354
0.514
0.420
0.368
0.394
0.450
0.457
0.363
0.484
0.395
0.406
0.462
0.474
0.381
0.511
0.398
0.397
0.473
0.494
0.370
0.516
0.429
0.421
0.434
0.438
0.542
0.418
0.382
0.395
0.412
0.414
0.501
0.393
0.351
0.436
0.544
0.383
0.574
0.445
0.396
0.433
0.534
0.375
0.556
0.445
0.396
0.427
0.529
0.373
0.537
0.446
0.381
0.371
0.420
0.425
0.348
0.464
0.372
0.390
0.441
0.452
0.374
0.503
0.386
0.373
0.433
0.460
0.356
0.497
0.398
0.407
0.426
0.424
0.534
0.415
0.371
0.382
0.396
0.394
0.490
0.384
0.337
0.409
0.518
0.366
0.543
0.409
0.375
0.412
0.511
0.355
0.528
0.416
0.370
0.400
0.500
0.352
0.510
0.412
0.357
0.414
0.457
0.473
0.373
0.492
0.400
0.427
0.483
0.498
0.394
0.531
0.416
0.413
0.473
0.504
0.376
0.515
0.428
0.429
0.448
0.448
0.541
0.422
0.379
0.406
0.423
0.422
0.504
0.399
0.353
0.445
0.555
0.400
0.589
0.449
0.414
0.445
0.547
0.388
0.572
0.453
0.410
0.438
0.540
0.394
0.556
0.449
0.401
0.389
0.445
0.454
0.358
0.486
0.385
0.407
0.463
0.478
0.382
0.514
0.399
0.393
0.455
0.486
0.366
0.508
0.413
0.412
0.452
0.439
0.539
0.432
0.369
0.387
0.421
0.408
0.498
0.399
0.339
0.421
0.542
0.386
0.561
0.428
0.394
0.411
0.527
0.374
0.541
0.424
0.392
0.415
0.524
0.374
0.530
0.432
0.379
0.374
0.429
0.434
0.343
0.459
0.367
0.397
0.450
0.462
0.374
0.498
0.384
0.378
0.456
0.473
0.350
0.497
0.400
0.404
0.438
0.426
0.532
0.420
0.363
0.373
0.408
0.390
0.487
0.392
0.331
0.407
0.523
0.366
0.547
0.420
0.380
0.402
0.515
0.353
0.526
0.421
0.376
0.396
0.504
0.352
0.512
0.421
0.362
0.370
0.433
0.431
0.340
0.459
0.367
0.387
0.455
0.459
0.361
0.492
0.382
0.375
0.456
0.468
0.347
0.483
0.400
0.382
0.408
0.402
0.500
0.390
0.346
0.370
0.396
0.388
0.476
0.378
0.330
0.405
0.510
0.358
0.537
0.425
0.376
0.395
0.498
0.350
0.517
0.417
0.375
0.393
0.490
0.343
0.500
0.417
0.356
0.444
0.497
0.497
0.421
0.548
0.440
0.464
0.519
0.522
0.442
0.573
0.452
0.446
0.516
0.531
0.425
0.572
0.468
0.457
0.501
0.484
0.587
0.490
0.425
0.426
0.465
0.449
0.541
0.453
0.389
0.479
0.601
0.453
0.623
0.499
0.467
0.466
0.586
0.432
0.591
0.486
0.450
0.461
0.574
0.425
0.573
0.483
0.429
0.392
0.448
0.455
0.366
0.495
0.389
0.405
0.465
0.474
0.387
0.523
0.400
0.388
0.465
0.483
0.369
0.525
0.417
0.412
0.444
0.441
0.547
0.432
0.381
0.388
0.419
0.409
0.506
0.406
0.348
0.416
0.540
0.388
0.560
0.428
0.398
0.415
0.533
0.381
0.545
0.430
0.398
0.410
0.524
0.374
0.527
0.426
0.378
0.385
0.436
0.424
0.352
0.464
0.364
0.408
0.458
0.458
0.382
0.504
0.387
0.386
0.460
0.455
0.358
0.498
0.396
0.395
0.419
0.397
0.525
0.416
0.353
0.384
0.401
0.383
0.496
0.398
0.335
0.413
0.513
0.361
0.554
0.431
0.379
0.418
0.511
0.351
0.542
0.443
0.378
0.400
0.493
0.346
0.521
0.427
0.364
0.413
0.467
0.462
0.391
0.515
0.409
0.430
0.484
0.487
0.412
0.541
0.422
0.413
0.479
0.493
0.396
0.537
0.437
0.433
0.462
0.449
0.564
0.455
0.399
0.411
0.438
0.423
0.528
0.432
0.373
0.456
0.569
0.414
0.596
0.467
0.427
0.447
0.557
0.401
0.573
0.463
0.420
0.440
0.541
0.392
0.553
0.456
0.402
0.359
0.427
0.425
0.339
0.512
0.364
0.386
0.454
0.463
0.380
0.553
0.386
0.360
0.451
0.456
0.349
0.554
0.392
0.387
0.447
0.415
0.527
0.441
0.358
0.356
0.413
0.385
0.484
0.406
0.328
0.376
0.528
0.358
0.524
0.397
0.367
0.383
0.531
0.349
0.507
0.413
0.363
0.371
0.517
0.343
0.490
0.402
0.345
0.349
0.429
0.423
0.330
0.506
0.366
0.386
0.462
0.463
0.376
0.550
0.393
0.358
0.455
0.458
0.346
0.551
0.398
0.381
0.428
0.403
0.519
0.425
0.355
0.352
0.398
0.375
0.476
0.393
0.326
0.378
0.525
0.349
0.524
0.405
0.362
0.383
0.524
0.340
0.503
0.417
0.359
0.369
0.510
0.335
0.488
0.406
0.345
0.360
0.448
0.434
0.340
0.521
0.378
0.387
0.463
0.461
0.375
0.548
0.391
0.364
0.470
0.466
0.351
0.564
0.407
0.397
0.438
0.415
0.529
0.429
0.363
0.365
0.409
0.388
0.485
0.398
0.332
0.398
0.542
0.359
0.540
0.419
0.366
0.401
0.541
0.351
0.519
0.432
0.365
0.392
0.530
0.347
0.504
0.426
0.353
0.345
0.424
0.412
0.327
0.500
0.358
0.376
0.448
0.445
0.370
0.537
0.380
0.348
0.436
0.440
0.340
0.541
0.381
0.388
0.429
0.405
0.525
0.425
0.356
0.356
0.395
0.373
0.478
0.390
0.322
0.379
0.517
0.346
0.518
0.394
0.353
0.388
0.520
0.337
0.499
0.412
0.347
0.372
0.506
0.333
0.483
0.399
0.334
0.382
0.454
0.453
0.355
0.533
0.386
0.411
0.485
0.488
0.392
0.571
0.411
0.386
0.472
0.483
0.363
0.569
0.413
0.410
0.453
0.431
0.536
0.439
0.366
0.381
0.420
0.400
0.498
0.410
0.340
0.413
0.559
0.381
0.561
0.430
0.390
0.419
0.556
0.368
0.542
0.443
0.386
0.408
0.549
0.373
0.527
0.433
0.377
0.360
0.440
0.435
0.339
0.515
0.368
0.391
0.466
0.469
0.379
0.546
0.391
0.367
0.452
0.463
0.354
0.547
0.394
0.397
0.461
0.425
0.535
0.452
0.361
0.366
0.420
0.388
0.488
0.409
0.328
0.394
0.541
0.369
0.535
0.413
0.371
0.394
0.536
0.359
0.513
0.417
0.371
0.389
0.528
0.355
0.503
0.418
0.356
0.352
0.426
0.420
0.332
0.495
0.360
0.379
0.449
0.453
0.367
0.527
0.379
0.354
0.442
0.452
0.339
0.529
0.387
0.382
0.438
0.408
0.523
0.428
0.351
0.354
0.404
0.378
0.484
0.396
0.323
0.380
0.524
0.352
0.527
0.404
0.362
0.380
0.525
0.342
0.503
0.410
0.358
0.373
0.511
0.337
0.490
0.406
0.342
0.350
0.435
0.421
0.329
0.494
0.359
0.378
0.462
0.456
0.361
0.525
0.381
0.354
0.458
0.452
0.337
0.528
0.387
0.371
0.423
0.393
0.496
0.412
0.339
0.353
0.403
0.376
0.470
0.394
0.325
0.378
0.513
0.344
0.511
0.409
0.358
0.379
0.511
0.339
0.493
0.414
0.358
0.373
0.501
0.333
0.480
0.411
0.343
0.422
0.500
0.486
0.410
0.578
0.434
0.451
0.521
0.515
0.447
0.609
0.457
0.424
0.516
0.511
0.416
0.608
0.455
0.455
0.520
0.483
0.591
0.517
0.428
0.412
0.471
0.439
0.538
0.468
0.386
0.454
0.601
0.435
0.592
0.480
0.439
0.454
0.598
0.419
0.565
0.483
0.430
0.444
0.583
0.412
0.548
0.474
0.408
0.360
0.439
0.432
0.343
0.518
0.370
0.386
0.461
0.459
0.381
0.553
0.390
0.357
0.456
0.455
0.350
0.557
0.393
0.400
0.457
0.431
0.537
0.446
0.367
0.367
0.422
0.394
0.493
0.414
0.334
0.390
0.545
0.375
0.529
0.405
0.372
0.397
0.545
0.366
0.512
0.417
0.371
0.389
0.535
0.361
0.500
0.411
0.355
0.354
0.428
0.407
0.332
0.490
0.350
0.389
0.453
0.445
0.376
0.527
0.378
0.356
0.454
0.433
0.340
0.532
0.377
0.372
0.419
0.377
0.513
0.426
0.338
0.355
0.396
0.360
0.480
0.401
0.321
0.376
0.504
0.336
0.520
0.408
0.352
0.389
0.513
0.329
0.509
0.431
0.353
0.369
0.494
0.326
0.491
0.410
0.341
0.387
0.462
0.446
0.374
0.543
0.395
0.415
0.482
0.478
0.410
0.568
0.415
0.386
0.476
0.472
0.379
0.575
0.419
0.415
0.467
0.430
0.559
0.472
0.388
0.387
0.435
0.401
0.519
0.441
0.360
0.428
0.566
0.394
0.572
0.453
0.405
0.429
0.565
0.383
0.547
0.457
0.400
0.414
0.543
0.374
0.529
0.443
0.382
0.381
0.442
0.424
0.367
0.504
0.384
0.405
0.457
0.458
0.403
0.540
0.406
0.382
0.459
0.453
0.377
0.532
0.414
0.415
0.444
0.425
0.515
0.431
0.383
0.382
0.413
0.391
0.473
0.402
0.352
0.410
0.518
0.379
0.518
0.420
0.384
0.418
0.518
0.373
0.502
0.433
0.383
0.400
0.501
0.360
0.488
0.418
0.363
0.368
0.440
0.419
0.357
0.500
0.382
0.401
0.462
0.457
0.396
0.535
0.407
0.374
0.461
0.450
0.369
0.527
0.415
0.402
0.423
0.408
0.505
0.413
0.375
0.373
0.398
0.379
0.464
0.388
0.345
0.406
0.513
0.368
0.514
0.422
0.377
0.410
0.509
0.361
0.493
0.429
0.373
0.393
0.494
0.351
0.480
0.414
0.356
0.376
0.453
0.428
0.366
0.513
0.392
0.399
0.461
0.454
0.397
0.535
0.407
0.379
0.472
0.457
0.376
0.543
0.424
0.417
0.434
0.420
0.516
0.420
0.383
0.384
0.407
0.391
0.475
0.393
0.352
0.425
0.530
0.376
0.527
0.433
0.377
0.427
0.526
0.370
0.507
0.442
0.376
0.413
0.513
0.360
0.495
0.433
0.361
0.361
0.432
0.405
0.353
0.495
0.374
0.392
0.448
0.439
0.394
0.528
0.398
0.367
0.444
0.435
0.366
0.522
0.400
0.407
0.426
0.409
0.510
0.418
0.374
0.377
0.399
0.379
0.468
0.390
0.343
0.407
0.512
0.366
0.507
0.412
0.366
0.416
0.511
0.358
0.490
0.426
0.362
0.394
0.493
0.347
0.475
0.410
0.346
0.397
0.459
0.445
0.378
0.518
0.398
0.420
0.478
0.477
0.407
0.547
0.420
0.399
0.474
0.472
0.385
0.541
0.426
0.427
0.442
0.432
0.515
0.422
0.382
0.399
0.420
0.404
0.480
0.402
0.357
0.437
0.540
0.394
0.542
0.441
0.397
0.443
0.537
0.386
0.524
0.449
0.393
0.426
0.525
0.383
0.514
0.438
0.384
0.377
0.449
0.430
0.362
0.501
0.384
0.404
0.464
0.458
0.395
0.525
0.404
0.382
0.456
0.454
0.373
0.520
0.408
0.420
0.452
0.429
0.517
0.433
0.379
0.389
0.419
0.394
0.475
0.400
0.347
0.420
0.524
0.381
0.521
0.426
0.380
0.422
0.517
0.376
0.503
0.430
0.381
0.411
0.508
0.366
0.495
0.429
0.366
0.371
0.444
0.421
0.357
0.490
0.380
0.392
0.450
0.444
0.384
0.508
0.390
0.375
0.456
0.451
0.365
0.513
0.408
0.407
0.435
0.417
0.511
0.415
0.372
0.378
0.405
0.386
0.473
0.390
0.343
0.415
0.517
0.372
0.521
0.425
0.378
0.414
0.514
0.364
0.500
0.429
0.374
0.399
0.498
0.352
0.486
0.420
0.356
0.364
0.440
0.413
0.351
0.489
0.370
0.393
0.453
0.444
0.388
0.519
0.391
0.367
0.460
0.443
0.358
0.520
0.399
0.407
0.440
0.415
0.511
0.425
0.372
0.373
0.407
0.378
0.466
0.395
0.340
0.404
0.512
0.365
0.509
0.420
0.369
0.409
0.512
0.357
0.490
0.429
0.367
0.393
0.495
0.348
0.480
0.419
0.352
0.438
0.511
0.482
0.431
0.572
0.449
0.464
0.524
0.508
0.465
0.596
0.469
0.445
0.529
0.512
0.447
0.603
0.481
0.476
0.511
0.486
0.581
0.504
0.448
0.433
0.471
0.445
0.532
0.465
0.408
0.487
0.599
0.458
0.592
0.504
0.458
0.485
0.593
0.441
0.564
0.505
0.445
0.471
0.576
0.429
0.550
0.492
0.423
0.385
0.458
0.435
0.376
0.519
0.397
0.408
0.471
0.461
0.409
0.547
0.416
0.386
0.470
0.458
0.385
0.544
0.421
0.429
0.455
0.438
0.531
0.442
0.395
0.394
0.425
0.401
0.488
0.414
0.362
0.426
0.536
0.393
0.527
0.431
0.390
0.434
0.535
0.388
0.513
0.442
0.390
0.418
0.519
0.376
0.499
0.427
0.370
0.378
0.440
0.410
0.362
0.489
0.372
0.407
0.458
0.445
0.401
0.520
0.400
0.383
0.464
0.440
0.371
0.522
0.402
0.403
0.421
0.394
0.506
0.417
0.364
0.384
0.403
0.376
0.474
0.399
0.346
0.418
0.510
0.367
0.521
0.430
0.376
0.426
0.512
0.361
0.507
0.444
0.374
0.401
0.490
0.352
0.490
0.421
0.360
0.398
0.468
0.437
0.388
0.528
0.404
0.422
0.478
0.465
0.420
0.549
0.422
0.401
0.481
0.464
0.397
0.551
0.431
0.436
0.460
0.435
0.539
0.453
0.401
0.405
0.430
0.403
0.499
0.426
0.372
0.451
0.552
0.406
0.555
0.463
0.412
0.450
0.547
0.397
0.532
0.467
0.407
0.431
0.524
0.382
0.516
0.450
0.387
0.539
0.604
0.560
0.554
0.707
0.545
0.567
0.615
0.594
0.598
0.738
0.575
0.535
0.618
0.584
0.557
0.736
0.571
0.599
0.615
0.576
0.706
0.652
0.578
0.567
0.585
0.544
0.667
0.615
0.542
0.592
0.706
0.523
0.670
0.586
0.533
0.600
0.718
0.523
0.659
0.609
0.535
0.583
0.695
0.509
0.642
0.587
0.516
0.530
0.606
0.556
0.548
0.709
0.547
0.563
0.627
0.595
0.598
0.746
0.585
0.531
0.625
0.584
0.556
0.743
0.577
0.589
0.597
0.563
0.698
0.637
0.573
0.561
0.573
0.535
0.660
0.604
0.538
0.593
0.707
0.516
0.669
0.590
0.527
0.597
0.716
0.514
0.654
0.611
0.528
0.578
0.691
0.501
0.635
0.587
0.510
0.545
0.627
0.570
0.558
0.720
0.555
0.565
0.631
0.595
0.598
0.744
0.583
0.536
0.635
0.589
0.553
0.743
0.575
0.605
0.610
0.576
0.704
0.641
0.575
0.578
0.586
0.551
0.671
0.613
0.546
0.612
0.721
0.525
0.684
0.606
0.533
0.616
0.732
0.525
0.670
0.626
0.535
0.603
0.712
0.515
0.655
0.611
0.521
0.512
0.586
0.530
0.526
0.685
0.517
0.544
0.602
0.567
0.571
0.713
0.551
0.511
0.592
0.554
0.531
0.711
0.541
0.589
0.594
0.557
0.689
0.626
0.556
0.555
0.562
0.523
0.646
0.588
0.517
0.585
0.694
0.504
0.652
0.570
0.508
0.592
0.706
0.501
0.643
0.596
0.508
0.570
0.680
0.488
0.621
0.570
0.490
0.561
0.625
0.581
0.568
0.722
0.557
0.585
0.647
0.617
0.607
0.755
0.595
0.557
0.635
0.602
0.564
0.743
0.579
0.608
0.612
0.580
0.701
0.639
0.572
0.584
0.590
0.555
0.672
0.615
0.546
0.620
0.726
0.537
0.694
0.608
0.547
0.622
0.732
0.531
0.682
0.628
0.547
0.611
0.718
0.530
0.670
0.610
0.540
0.551
0.621
0.575
0.561
0.710
0.553
0.578
0.634
0.606
0.602
0.732
0.583
0.550
0.626
0.597
0.563
0.727
0.573
0.617
0.633
0.588
0.716
0.658
0.578
0.584
0.597
0.554
0.675
0.619
0.542
0.619
0.721
0.538
0.690
0.606
0.544
0.621
0.728
0.537
0.679
0.625
0.549
0.606
0.708
0.524
0.661
0.609
0.530
0.525
0.591
0.549
0.527
0.666
0.521
0.552
0.604
0.577
0.563
0.687
0.544
0.525
0.600
0.576
0.527
0.680
0.544
0.586
0.594
0.559
0.682
0.612
0.546
0.556
0.563
0.529
0.648
0.582
0.515
0.589
0.686
0.508
0.669
0.583
0.522
0.591
0.693
0.505
0.656
0.598
0.523
0.573
0.671
0.492
0.634
0.579
0.502
0.539
0.614
0.562
0.545
0.692
0.537
0.571
0.628
0.597
0.595
0.724
0.572
0.539
0.628
0.590
0.550
0.721
0.564
0.607
0.620
0.579
0.699
0.639
0.564
0.571
0.589
0.542
0.663
0.610
0.532
0.605
0.707
0.526
0.676
0.595
0.531
0.608
0.718
0.523
0.662
0.616
0.533
0.592
0.695
0.513
0.648
0.599
0.518
0.547
0.618
0.572
0.561
0.702
0.556
0.570
0.634
0.601
0.589
0.719
0.575
0.542
0.628
0.593
0.552
0.710
0.569
0.588
0.597
0.562
0.684
0.624
0.557
0.572
0.584
0.547
0.664
0.610
0.541
0.608
0.705
0.531
0.676
0.604
0.539
0.607
0.711
0.529
0.663
0.617
0.543
0.590
0.687
0.511
0.643
0.598
0.520
0.548
0.622
0.567
0.564
0.722
0.554
0.582
0.644
0.607
0.609
0.754
0.588
0.553
0.640
0.592
0.573
0.754
0.580
0.621
0.634
0.592
0.727
0.664
0.590
0.589
0.606
0.558
0.683
0.628
0.550
0.624
0.740
0.548
0.698
0.614
0.552
0.635
0.753
0.549
0.690
0.637
0.555
0.605
0.720
0.529
0.666
0.608
0.532
0.505
0.574
0.516
0.510
0.653
0.495
0.538
0.596
0.557
0.552
0.685
0.531
0.505
0.596
0.538
0.509
0.680
0.516
0.554
0.558
0.512
0.653
0.591
0.512
0.541
0.546
0.499
0.631
0.574
0.495
0.565
0.659
0.476
0.647
0.567
0.495
0.571
0.674
0.473
0.639
0.593
0.497
0.549
0.646
0.464
0.616
0.561
0.480
0.539
0.609
0.553
0.546
0.699
0.534
0.568
0.625
0.587
0.590
0.727
0.568
0.537
0.621
0.574
0.548
0.724
0.556
0.601
0.612
0.567
0.699
0.640
0.563
0.578
0.591
0.543
0.673
0.620
0.540
0.618
0.725
0.539
0.697
0.614
0.551
0.619
0.732
0.534
0.683
0.631
0.550
0.596
0.700
0.514
0.657
0.603
0.525
0.451
0.537
0.447
0.450
0.631
0.415
0.474
0.548
0.473
0.490
0.657
0.440
0.453
0.540
0.465
0.457
0.657
0.441
0.514
0.548
0.462
0.612
0.556
0.440
0.488
0.506
0.425
0.571
0.511
0.405
0.509
0.644
0.417
0.594
0.504
0.426
0.528
0.659
0.417
0.590
0.532
0.427
0.505
0.637
0.403
0.571
0.513
0.410
0.445
0.542
0.443
0.442
0.632
0.412
0.475
0.565
0.475
0.484
0.660
0.440
0.452
0.551
0.465
0.452
0.659
0.437
0.506
0.532
0.448
0.601
0.542
0.432
0.484
0.496
0.415
0.562
0.501
0.398
0.511
0.647
0.411
0.594
0.515
0.424
0.525
0.658
0.408
0.586
0.538
0.423
0.501
0.635
0.395
0.568
0.518
0.408
0.460
0.564
0.459
0.459
0.651
0.428
0.483
0.573
0.479
0.492
0.666
0.446
0.463
0.565
0.476
0.466
0.674
0.451
0.532
0.550
0.468
0.620
0.557
0.447
0.511
0.516
0.437
0.581
0.516
0.414
0.543
0.672
0.431
0.617
0.535
0.436
0.557
0.683
0.429
0.607
0.557
0.435
0.537
0.664
0.419
0.592
0.544
0.424
0.442
0.538
0.434
0.444
0.631
0.406
0.468
0.555
0.461
0.483
0.653
0.433
0.446
0.530
0.451
0.453
0.652
0.428
0.518
0.540
0.454
0.613
0.552
0.438
0.493
0.499
0.417
0.569
0.505
0.400
0.517
0.646
0.411
0.593
0.507
0.419
0.535
0.661
0.408
0.586
0.535
0.416
0.509
0.639
0.396
0.567
0.514
0.402
0.482
0.568
0.476
0.473
0.657
0.437
0.503
0.590
0.502
0.504
0.677
0.461
0.484
0.567
0.488
0.475
0.673
0.455
0.534
0.550
0.471
0.618
0.554
0.445
0.518
0.519
0.442
0.586
0.520
0.417
0.550
0.675
0.443
0.633
0.540
0.455
0.566
0.685
0.438
0.624
0.562
0.451
0.547
0.672
0.435
0.612
0.546
0.446
0.458
0.550
0.462
0.456
0.636
0.425
0.484
0.566
0.485
0.491
0.653
0.449
0.465
0.540
0.474
0.466
0.651
0.444
0.529
0.564
0.470
0.625
0.568
0.444
0.505
0.521
0.435
0.582
0.521
0.408
0.533
0.657
0.433
0.613
0.521
0.437
0.544
0.665
0.430
0.602
0.536
0.436
0.530
0.653
0.423
0.590
0.531
0.425
0.449
0.535
0.448
0.446
0.611
0.416
0.470
0.546
0.466
0.478
0.627
0.431
0.453
0.533
0.467
0.452
0.624
0.437
0.519
0.539
0.459
0.614
0.542
0.435
0.493
0.496
0.423
0.576
0.501
0.402
0.527
0.639
0.421
0.605
0.513
0.429
0.537
0.647
0.418
0.595
0.529
0.428
0.513
0.626
0.403
0.574
0.514
0.410
0.444
0.538
0.440
0.443
0.617
0.406
0.477
0.557
0.467
0.489
0.644
0.432
0.449
0.542
0.461
0.448
0.640
0.430
0.521
0.549
0.457
0.612
0.554
0.433
0.493
0.507
0.415
0.569
0.509
0.395
0.518
0.638
0.414
0.595
0.508
0.422
0.533
0.653
0.411
0.586
0.532
0.420
0.509
0.629
0.399
0.571
0.518
0.408
0.435
0.526
0.434
0.433
0.597
0.403
0.463
0.550
0.467
0.468
0.622
0.430
0.443
0.532
0.456
0.445
0.615
0.429
0.487
0.503
0.427
0.576
0.513
0.409
0.478
0.487
0.411
0.556
0.494
0.394
0.511
0.620
0.411
0.587
0.509
0.422
0.517
0.624
0.404
0.574
0.520
0.417
0.496
0.604
0.389
0.554
0.504
0.399
0.493
0.586
0.490
0.502
0.681
0.470
0.519
0.604
0.511
0.535
0.699
0.490
0.500
0.592
0.508
0.509
0.702
0.489
0.567
0.605
0.511
0.667
0.618
0.494
0.532
0.559
0.470
0.618
0.566
0.452
0.580
0.712
0.490
0.655
0.574
0.491
0.587
0.720
0.480
0.643
0.592
0.485
0.550
0.680
0.451
0.609
0.559
0.452
0.444
0.527
0.428
0.438
0.600
0.395
0.474
0.551
0.464
0.479
0.632
0.431
0.447
0.539
0.447
0.445
0.629
0.421
0.496
0.521
0.430
0.593
0.534
0.414
0.483
0.492
0.409
0.562
0.500
0.390
0.505
0.620
0.403
0.590
0.505
0.414
0.521
0.634
0.399
0.585
0.532
0.414
0.491
0.604
0.384
0.562
0.504
0.398
0.485
0.573
0.476
0.485
0.665
0.450
0.506
0.588
0.501
0.516
0.681
0.472
0.485
0.574
0.493
0.491
0.687
0.472
0.546
0.574
0.486
0.645
0.587
0.471
0.525
0.539
0.454
0.609
0.550
0.440
0.561
0.688
0.464
0.645
0.557
0.473
0.571
0.698
0.458
0.634
0.577
0.470
0.544
0.668
0.440
0.609
0.549
0.448
0.419
0.501
0.410
0.409
0.557
0.382
0.455
0.507
0.445
0.456
0.588
0.414
0.420
0.510
0.430
0.416
0.587
0.410
0.481
0.506
0.419
0.558
0.518
0.405
0.462
0.464
0.391
0.524
0.473
0.377
0.481
0.577
0.388
0.551
0.484
0.395
0.492
0.591
0.385
0.551
0.524
0.397
0.471
0.562
0.363
0.529
0.492
0.373
0.411
0.503
0.408
0.401
0.557
0.382
0.449
0.516
0.446
0.449
0.590
0.416
0.417
0.519
0.433
0.414
0.595
0.416
0.471
0.490
0.407
0.548
0.504
0.400
0.453
0.454
0.382
0.517
0.464
0.373
0.481
0.580
0.383
0.551
0.492
0.395
0.487
0.590
0.378
0.545
0.526
0.393
0.466
0.562
0.359
0.525
0.496
0.373
0.432
0.528
0.430
0.423
0.581
0.404
0.461
0.527
0.457
0.461
0.600
0.426
0.433
0.537
0.453
0.430
0.613
0.433
0.493
0.511
0.431
0.570
0.525
0.420
0.473
0.473
0.407
0.535
0.482
0.392
0.510
0.607
0.408
0.579
0.515
0.415
0.513
0.616
0.403
0.570
0.548
0.414
0.494
0.588
0.383
0.549
0.520
0.392
0.406
0.498
0.398
0.402
0.560
0.376
0.440
0.503
0.430
0.447
0.582
0.405
0.409
0.499
0.416
0.412
0.586
0.400
0.474
0.494
0.408
0.555
0.514
0.402
0.457
0.457
0.383
0.521
0.468
0.372
0.479
0.577
0.378
0.542
0.481
0.384
0.489
0.589
0.373
0.541
0.522
0.383
0.467
0.562
0.356
0.521
0.492
0.365
0.451
0.534
0.441
0.438
0.591
0.410
0.478
0.541
0.472
0.473
0.614
0.438
0.451
0.538
0.457
0.442
0.615
0.434
0.498
0.515
0.431
0.569
0.527
0.417
0.486
0.484
0.411
0.543
0.490
0.394
0.520
0.615
0.417
0.588
0.520
0.426
0.524
0.619
0.406
0.585
0.554
0.423
0.511
0.605
0.400
0.569
0.528
0.410
0.420
0.504
0.415
0.409
0.557
0.384
0.453
0.512
0.448
0.451
0.576
0.413
0.427
0.506
0.434
0.420
0.578
0.408
0.483
0.509
0.420
0.561
0.520
0.404
0.466
0.470
0.393
0.526
0.474
0.373
0.492
0.583
0.393
0.562
0.492
0.400
0.497
0.591
0.388
0.553
0.520
0.398
0.484
0.571
0.373
0.540
0.503
0.383
0.411
0.495
0.411
0.398
0.536
0.378
0.443
0.501
0.440
0.439
0.557
0.403
0.418
0.502
0.436
0.409
0.559
0.407
0.471
0.487
0.410
0.552
0.499
0.397
0.457
0.453
0.387
0.525
0.464
0.373
0.487
0.571
0.386
0.560
0.491
0.399
0.490
0.579
0.379
0.552
0.520
0.396
0.472
0.555
0.361
0.531
0.495
0.375
0.400
0.487
0.397
0.387
0.532
0.363
0.437
0.497
0.432
0.435
0.560
0.395
0.405
0.497
0.420
0.394
0.561
0.391
0.461
0.487
0.401
0.542
0.501
0.386
0.444
0.452
0.373
0.510
0.460
0.359
0.468
0.560
0.373
0.541
0.475
0.382
0.474
0.572
0.366
0.533
0.508
0.381
0.457
0.547
0.352
0.518
0.484
0.363
0.400
0.483
0.400
0.385
0.523
0.365
0.433
0.497
0.435
0.427
0.551
0.397
0.406
0.498
0.427
0.396
0.550
0.398
0.441
0.452
0.382
0.518
0.467
0.371
0.442
0.440
0.374
0.506
0.451
0.362
0.473
0.556
0.374
0.541
0.479
0.388
0.468
0.557
0.364
0.529
0.499
0.383
0.453
0.533
0.346
0.511
0.476
0.362
0.437
0.528
0.434
0.432
0.585
0.412
0.466
0.534
0.461
0.470
0.606
0.437
0.446
0.542
0.461
0.446
0.617
0.444
0.505
0.534
0.451
0.585
0.549
0.439
0.477
0.489
0.415
0.546
0.501
0.403
0.513
0.616
0.430
0.587
0.525
0.436
0.518
0.624
0.419
0.576
0.553
0.430
0.495
0.591
0.395
0.549
0.520
0.401
0.409
0.497
0.407
0.405
0.560
0.382
0.438
0.505
0.439
0.445
0.588
0.412
0.412
0.505
0.428
0.418
0.596
0.413
0.480
0.502
0.425
0.564
0.518
0.413
0.457
0.464
0.393
0.522
0.472
0.376
0.483
0.588
0.396
0.552
0.482
0.396
0.492
0.597
0.390
0.544
0.511
0.394
0.469
0.567
0.368
0.525
0.484
0.372
0.434
0.520
0.423
0.424
0.576
0.397
0.465
0.526
0.453
0.465
0.598
0.425
0.436
0.526
0.442
0.435
0.605
0.425
0.496
0.520
0.433
0.577
0.537
0.424
0.478
0.483
0.405
0.544
0.495
0.395
0.513
0.609
0.417
0.584
0.519
0.425
0.516
0.616
0.407
0.575
0.548
0.421
0.492
0.583
0.386
0.551
0.516
0.399
0.451
0.543
0.467
0.462
0.643
0.459
0.480
0.552
0.499
0.501
0.670
0.485
0.442
0.548
0.487
0.459
0.665
0.482
0.496
0.533
0.472
0.589
0.557
0.474
0.474
0.502
0.447
0.564
0.525
0.450
0.494
0.630
0.434
0.574
0.502
0.442
0.501
0.638
0.430
0.561
0.523
0.441
0.479
0.615
0.414
0.545
0.507
0.423
0.453
0.555
0.471
0.461
0.650
0.464
0.485
0.572
0.506
0.501
0.677
0.492
0.450
0.564
0.494
0.463
0.675
0.489
0.491
0.523
0.464
0.583
0.549
0.470
0.473
0.497
0.443
0.559
0.518
0.448
0.497
0.636
0.432
0.579
0.516
0.446
0.500
0.640
0.425
0.561
0.532
0.442
0.477
0.617
0.412
0.545
0.517
0.426
0.470
0.577
0.489
0.482
0.673
0.485
0.493
0.582
0.515
0.516
0.692
0.507
0.461
0.582
0.509
0.480
0.697
0.509
0.518
0.547
0.488
0.606
0.571
0.492
0.499
0.521
0.471
0.583
0.541
0.471
0.528
0.665
0.458
0.601
0.538
0.461
0.529
0.669
0.451
0.583
0.554
0.458
0.511
0.647
0.438
0.568
0.543
0.444
0.446
0.551
0.457
0.457
0.646
0.452
0.472
0.560
0.485
0.489
0.661
0.474
0.439
0.549
0.475
0.454
0.663
0.471
0.498
0.528
0.464
0.585
0.554
0.469
0.476
0.495
0.439
0.557
0.517
0.441
0.500
0.633
0.428
0.571
0.509
0.436
0.505
0.638
0.421
0.557
0.531
0.432
0.482
0.617
0.410
0.541
0.515
0.418
0.477
0.571
0.491
0.479
0.667
0.477
0.502
0.588
0.523
0.512
0.688
0.504
0.468
0.574
0.508
0.472
0.681
0.494
0.508
0.536
0.478
0.589
0.553
0.474
0.492
0.512
0.461
0.571
0.528
0.456
0.524
0.658
0.454
0.606
0.534
0.466
0.525
0.658
0.445
0.588
0.547
0.462
0.511
0.648
0.444
0.576
0.536
0.454
0.461
0.554
0.480
0.470
0.645
0.468
0.486
0.562
0.507
0.502
0.659
0.491
0.453
0.549
0.495
0.467
0.657
0.487
0.512
0.545
0.481
0.602
0.564
0.476
0.491
0.510
0.456
0.576
0.527
0.451
0.518
0.640
0.449
0.596
0.519
0.453
0.519
0.639
0.443
0.577
0.527
0.451
0.503
0.625
0.433
0.565
0.523
0.438
0.452
0.545
0.470
0.458
0.620
0.457
0.476
0.550
0.493
0.489
0.635
0.475
0.450
0.544
0.491
0.458
0.631
0.479
0.501
0.523
0.469
0.586
0.539
0.467
0.483
0.495
0.450
0.568
0.513
0.447
0.507
0.622
0.436
0.585
0.514
0.445
0.506
0.621
0.429
0.567
0.521
0.443
0.489
0.603
0.416
0.550
0.512
0.426
0.444
0.539
0.459
0.451
0.622
0.446
0.477
0.556
0.493
0.494
0.651
0.477
0.437
0.547
0.481
0.448
0.645
0.469
0.498
0.531
0.465
0.578
0.546
0.459
0.481
0.505
0.443
0.561
0.521
0.440
0.500
0.622
0.430
0.574
0.502
0.435
0.503
0.627
0.423
0.554
0.516
0.432
0.482
0.604
0.411
0.541
0.505
0.417
0.435
0.525
0.452
0.439
0.599
0.436
0.460
0.539
0.482
0.472
0.621
0.462
0.431
0.532
0.472
0.439
0.613
0.459
0.472
0.492
0.441
0.555
0.509
0.438
0.465
0.481
0.435
0.547
0.499
0.430
0.494
0.605
0.425
0.567
0.500
0.434
0.490
0.604
0.417
0.548
0.507
0.431
0.468
0.579
0.398
0.529
0.491
0.410
0.467
0.566
0.482
0.481
0.659
0.479
0.493
0.576
0.508
0.512
0.677
0.500
0.465
0.578
0.506
0.480
0.681
0.501
0.518
0.557
0.492
0.610
0.580
0.493
0.492
0.524
0.465
0.583
0.547
0.465
0.528
0.662
0.470
0.605
0.539
0.474
0.530
0.667
0.460
0.588
0.554
0.469
0.506
0.638
0.441
0.567
0.535
0.446
0.459
0.559
0.473
0.466
0.649
0.459
0.483
0.569
0.499
0.498
0.670
0.483
0.451
0.564
0.488
0.462
0.671
0.480
0.511
0.540
0.479
0.604
0.561
0.478
0.489
0.511
0.452
0.576
0.529
0.449
0.513
0.650
0.445
0.593
0.521
0.451
0.518
0.653
0.441
0.579
0.538
0.450
0.497
0.631
0.426
0.563
0.523
0.432
0.431
0.522
0.432
0.436
0.601
0.420
0.462
0.543
0.469
0.472
0.628
0.452
0.427
0.539
0.454
0.434
0.628
0.446
0.478
0.505
0.433
0.563
0.525
0.432
0.469
0.485
0.424
0.546
0.501
0.418
0.490
0.607
0.411
0.566
0.501
0.419
0.496
0.615
0.406
0.556
0.522
0.419
0.467
0.585
0.390
0.534
0.498
0.401
