0.415
0.463
0.498
0.387
0.519
0.449
0.449
0.475
0.530
0.424
0.547
0.466
0.428
0.477
0.527
0.408
0.556
0.485
0.455
0.476
0.499
0.493
0.459
0.458
0.422
0.439
0.465
0.456
0.423
0.427
0.432
0.526
0.437
0.510
0.439
0.464
0.432
0.531
0.429
0.487
0.451
0.453
0.416
0.511
0.422
0.472
0.427
0.439
0.424
0.478
0.508
0.398
0.533
0.461
0.447
0.474
0.527
0.424
0.546
0.465
0.431
0.486
0.532
0.414
0.564
0.492
0.470
0.486
0.509
0.503
0.466
0.466
0.438
0.452
0.482
0.467
0.430
0.435
0.450
0.540
0.445
0.522
0.448
0.465
0.450
0.547
0.440
0.499
0.461
0.457
0.438
0.529
0.433
0.488
0.444
0.445
0.404
0.456
0.483
0.383
0.516
0.443
0.435
0.461
0.513
0.417
0.536
0.454
0.415
0.456
0.509
0.402
0.544
0.469
0.463
0.482
0.502
0.496
0.464
0.458
0.428
0.442
0.468
0.455
0.421
0.422
0.433
0.523
0.434
0.498
0.426
0.451
0.434
0.531
0.426
0.477
0.443
0.438
0.419
0.512
0.421
0.464
0.421
0.428
0.443
0.485
0.522
0.410
0.541
0.469
0.467
0.493
0.548
0.437
0.560
0.480
0.447
0.490
0.542
0.419
0.562
0.491
0.472
0.491
0.514
0.500
0.467
0.464
0.444
0.459
0.485
0.469
0.437
0.439
0.457
0.546
0.460
0.537
0.460
0.488
0.459
0.551
0.450
0.516
0.471
0.475
0.449
0.541
0.453
0.507
0.454
0.469
0.432
0.479
0.514
0.403
0.530
0.462
0.461
0.485
0.540
0.434
0.546
0.473
0.444
0.482
0.537
0.422
0.555
0.489
0.480
0.506
0.521
0.509
0.481
0.470
0.446
0.463
0.484
0.469
0.437
0.435
0.456
0.543
0.460
0.526
0.451
0.477
0.456
0.548
0.454
0.506
0.462
0.472
0.447
0.532
0.448
0.498
0.449
0.460
0.419
0.470
0.499
0.393
0.513
0.454
0.445
0.469
0.523
0.420
0.524
0.459
0.431
0.472
0.527
0.410
0.535
0.482
0.466
0.484
0.506
0.503
0.463
0.463
0.434
0.443
0.472
0.467
0.425
0.432
0.446
0.525
0.444
0.521
0.446
0.468
0.442
0.529
0.434
0.498
0.456
0.458
0.429
0.510
0.427
0.481
0.434
0.441
0.409
0.464
0.490
0.382
0.508
0.441
0.443
0.471
0.522
0.418
0.530
0.453
0.421
0.473
0.518
0.401
0.541
0.471
0.461
0.485
0.499
0.494
0.465
0.453
0.424
0.443
0.461
0.452
0.424
0.420
0.436
0.521
0.435
0.508
0.437
0.459
0.434
0.529
0.426
0.485
0.453
0.450
0.419
0.505
0.418
0.473
0.431
0.436
0.406
0.454
0.480
0.377
0.492
0.433
0.432
0.462
0.511
0.408
0.515
0.448
0.415
0.462
0.506
0.397
0.521
0.466
0.432
0.448
0.469
0.467
0.432
0.431
0.417
0.428
0.453
0.448
0.414
0.417
0.428
0.503
0.425
0.499
0.433
0.450
0.423
0.506
0.416
0.475
0.440
0.440
0.408
0.483
0.403
0.459
0.417
0.421
0.468
0.521
0.541
0.451
0.578
0.505
0.497
0.525
0.566
0.481
0.595
0.515
0.482
0.532
0.570
0.470
0.608
0.535
0.517
0.544
0.557
0.556
0.531
0.518
0.471
0.494
0.510
0.508
0.482
0.475
0.500
0.591
0.506
0.573
0.506
0.525
0.496
0.594
0.491
0.546
0.513
0.510
0.477
0.567
0.477
0.525
0.485
0.485
0.434
0.482
0.511
0.408
0.535
0.462
0.457
0.483
0.531
0.436
0.553
0.469
0.441
0.485
0.530
0.424
0.564
0.487
0.484
0.507
0.525
0.522
0.489
0.481
0.444
0.462
0.482
0.477
0.445
0.440
0.456
0.548
0.460
0.530
0.454
0.479
0.458
0.553
0.454
0.511
0.467
0.473
0.442
0.533
0.443
0.495
0.444
0.453
0.418
0.460
0.482
0.388
0.502
0.433
0.451
0.470
0.515
0.425
0.527
0.452
0.425
0.474
0.505
0.404
0.536
0.463
0.449
0.468
0.474
0.487
0.455
0.438
0.430
0.439
0.455
0.460
0.425
0.420
0.436
0.512
0.428
0.510
0.440
0.449
0.438
0.520
0.420
0.492
0.458
0.444
0.418
0.496
0.412
0.474
0.428
0.428
0.456
0.504
0.522
0.437
0.563
0.487
0.479
0.507
0.546
0.460
0.574
0.493
0.462
0.510
0.545
0.450
0.589
0.512
0.497
0.517
0.528
0.538
0.507
0.494
0.466
0.481
0.495
0.500
0.470
0.463
0.489
0.575
0.484
0.562
0.492
0.503
0.484
0.577
0.473
0.533
0.497
0.490
0.467
0.553
0.463
0.519
0.474
0.475
0.403
0.450
0.485
0.370
0.509
0.431
0.431
0.455
0.510
0.402
0.527
0.441
0.412
0.458
0.508
0.387
0.538
0.461
0.439
0.478
0.491
0.463
0.452
0.441
0.408
0.440
0.460
0.431
0.416
0.409
0.412
0.521
0.430
0.483
0.420
0.450
0.415
0.527
0.424
0.467
0.438
0.443
0.397
0.507
0.413
0.453
0.417
0.428
0.404
0.462
0.492
0.375
0.520
0.441
0.429
0.465
0.511
0.400
0.530
0.445
0.415
0.472
0.516
0.388
0.545
0.467
0.443
0.477
0.493
0.461
0.446
0.440
0.415
0.445
0.469
0.431
0.413
0.410
0.425
0.536
0.433
0.487
0.431
0.444
0.427
0.541
0.428
0.471
0.448
0.441
0.411
0.522
0.419
0.461
0.432
0.432
0.384
0.441
0.467
0.358
0.503
0.420
0.416
0.449
0.494
0.394
0.520
0.435
0.397
0.443
0.491
0.378
0.529
0.448
0.434
0.470
0.483
0.456
0.447
0.437
0.404
0.434
0.453
0.421
0.408
0.401
0.407
0.518
0.422
0.464
0.410
0.433
0.408
0.521
0.411
0.449
0.429
0.423
0.391
0.503
0.405
0.437
0.410
0.414
0.426
0.474
0.510
0.390
0.533
0.453
0.452
0.485
0.533
0.417
0.547
0.464
0.435
0.480
0.529
0.401
0.552
0.475
0.452
0.487
0.503
0.465
0.454
0.445
0.426
0.455
0.475
0.439
0.424
0.419
0.440
0.549
0.454
0.507
0.447
0.473
0.439
0.548
0.441
0.490
0.460
0.462
0.427
0.539
0.443
0.483
0.446
0.459
0.411
0.462
0.495
0.379
0.518
0.442
0.441
0.471
0.519
0.410
0.526
0.452
0.423
0.462
0.514
0.393
0.532
0.461
0.451
0.493
0.502
0.468
0.462
0.446
0.418
0.449
0.464
0.434
0.420
0.412
0.429
0.535
0.445
0.493
0.433
0.457
0.428
0.534
0.436
0.476
0.446
0.454
0.414
0.519
0.428
0.466
0.434
0.442
0.397
0.450
0.480
0.369
0.497
0.432
0.425
0.455
0.502
0.395
0.504
0.438
0.413
0.454
0.507
0.382
0.509
0.454
0.435
0.469
0.485
0.457
0.440
0.435
0.408
0.432
0.455
0.430
0.408
0.407
0.416
0.513
0.428
0.486
0.427
0.447
0.416
0.515
0.420
0.470
0.441
0.442
0.399
0.497
0.410
0.454
0.421
0.428
0.388
0.445
0.472
0.358
0.494
0.419
0.423
0.456
0.502
0.393
0.512
0.433
0.399
0.450
0.495
0.370
0.516
0.442
0.428
0.470
0.478
0.448
0.443
0.426
0.395
0.429
0.442
0.417
0.405
0.395
0.403
0.508
0.418
0.471
0.415
0.436
0.404
0.513
0.409
0.454
0.432
0.431
0.389
0.495
0.402
0.444
0.416
0.421
0.386
0.438
0.462
0.357
0.480
0.415
0.418
0.454
0.496
0.388
0.499
0.431
0.400
0.449
0.489
0.372
0.497
0.441
0.405
0.436
0.451
0.425
0.409
0.404
0.393
0.420
0.438
0.416
0.399
0.395
0.403
0.496
0.412
0.469
0.418
0.431
0.401
0.496
0.404
0.450
0.426
0.425
0.380
0.473
0.388
0.433
0.405
0.408
0.449
0.504
0.524
0.428
0.566
0.485
0.478
0.514
0.548
0.456
0.578
0.494
0.464
0.517
0.551
0.441
0.587
0.507
0.491
0.534
0.539
0.513
0.510
0.491
0.449
0.485
0.495
0.472
0.465
0.449
0.479
0.588
0.495
0.545
0.494
0.511
0.473
0.585
0.477
0.518
0.498
0.493
0.452
0.560
0.462
0.498
0.472
0.471
0.411
0.463
0.489
0.384
0.523
0.440
0.433
0.467
0.507
0.410
0.535
0.446
0.417
0.463
0.504
0.393
0.541
0.455
0.451
0.490
0.499
0.478
0.466
0.450
0.417
0.451
0.462
0.441
0.428
0.413
0.427
0.538
0.439
0.493
0.432
0.453
0.432
0.543
0.435
0.479
0.448
0.449
0.410
0.520
0.421
0.465
0.427
0.433
0.397
0.446
0.462
0.365
0.491
0.413
0.432
0.462
0.497
0.403
0.514
0.435
0.411
0.463
0.486
0.384
0.523
0.442
0.422
0.456
0.454
0.447
0.437
0.414
0.407
0.430
0.438
0.426
0.410
0.396
0.412
0.507
0.413
0.478
0.425
0.430
0.415
0.512
0.405
0.465
0.444
0.425
0.393
0.489
0.395
0.450
0.420
0.414
0.437
0.489
0.504
0.417
0.553
0.467
0.462
0.497
0.528
0.440
0.560
0.475
0.444
0.495
0.523
0.428
0.572
0.488
0.472
0.508
0.508
0.500
0.492
0.471
0.444
0.474
0.479
0.470
0.458
0.442
0.468
0.570
0.471
0.532
0.478
0.485
0.463
0.570
0.459
0.509
0.486
0.475
0.443
0.546
0.447
0.494
0.464
0.461
0.418
0.465
0.499
0.394
0.525
0.451
0.441
0.466
0.522
0.420
0.539
0.455
0.423
0.477
0.524
0.409
0.558
0.485
0.460
0.484
0.505
0.494
0.463
0.458
0.427
0.449
0.477
0.460
0.426
0.425
0.437
0.535
0.446
0.507
0.433
0.461
0.440
0.544
0.442
0.489
0.452
0.454
0.423
0.522
0.426
0.477
0.434
0.438
0.406
0.460
0.492
0.386
0.522
0.449
0.436
0.470
0.520
0.416
0.538
0.457
0.417
0.477
0.521
0.402
0.555
0.482
0.449
0.469
0.493
0.482
0.447
0.449
0.419
0.440
0.468
0.451
0.418
0.419
0.431
0.532
0.437
0.498
0.431
0.451
0.432
0.538
0.431
0.478
0.448
0.444
0.415
0.517
0.419
0.467
0.430
0.431
0.398
0.454
0.479
0.382
0.520
0.440
0.424
0.458
0.503
0.412
0.530
0.448
0.407
0.460
0.506
0.400
0.550
0.471
0.459
0.477
0.498
0.490
0.459
0.455
0.422
0.441
0.468
0.451
0.419
0.418
0.434
0.532
0.436
0.490
0.422
0.445
0.434
0.540
0.429
0.467
0.440
0.431
0.419
0.520
0.418
0.459
0.425
0.422
0.433
0.483
0.517
0.407
0.544
0.469
0.456
0.492
0.540
0.433
0.556
0.477
0.440
0.493
0.539
0.420
0.569
0.496
0.470
0.489
0.513
0.493
0.461
0.461
0.442
0.461
0.489
0.464
0.433
0.434
0.461
0.559
0.466
0.525
0.454
0.479
0.459
0.562
0.455
0.503
0.468
0.466
0.449
0.551
0.454
0.498
0.457
0.462
0.425
0.475
0.507
0.402
0.531
0.460
0.449
0.479
0.528
0.429
0.538
0.467
0.431
0.478
0.528
0.414
0.553
0.486
0.467
0.494
0.510
0.496
0.469
0.459
0.434
0.455
0.478
0.462
0.430
0.427
0.451
0.545
0.457
0.516
0.445
0.468
0.450
0.550
0.452
0.496
0.459
0.463
0.437
0.532
0.438
0.487
0.448
0.449
0.415
0.467
0.497
0.393
0.515
0.454
0.436
0.467
0.515
0.416
0.518
0.454
0.428
0.475
0.528
0.409
0.535
0.484
0.461
0.478
0.503
0.494
0.454
0.457
0.432
0.445
0.475
0.463
0.421
0.427
0.448
0.533
0.448
0.514
0.443
0.462
0.446
0.538
0.442
0.492
0.455
0.454
0.430
0.519
0.428
0.478
0.439
0.438
0.406
0.463
0.489
0.381
0.512
0.440
0.435
0.468
0.515
0.415
0.525
0.450
0.413
0.473
0.515
0.396
0.543
0.470
0.452
0.477
0.492
0.484
0.455
0.446
0.417
0.441
0.459
0.449
0.420
0.415
0.433
0.526
0.435
0.500
0.432
0.450
0.432
0.536
0.429
0.478
0.450
0.444
0.416
0.513
0.416
0.469
0.435
0.431
0.401
0.451
0.477
0.382
0.498
0.436
0.426
0.460
0.504
0.407
0.511
0.446
0.413
0.468
0.508
0.397
0.526
0.470
0.432
0.447
0.469
0.464
0.427
0.429
0.416
0.431
0.457
0.450
0.414
0.416
0.432
0.513
0.430
0.495
0.431
0.444
0.427
0.516
0.424
0.471
0.439
0.438
0.409
0.493
0.405
0.456
0.420
0.418
0.467
0.522
0.542
0.455
0.585
0.508
0.489
0.523
0.559
0.475
0.588
0.508
0.476
0.534
0.568
0.466
0.610
0.535
0.516
0.543
0.556
0.551
0.525
0.514
0.472
0.498
0.515
0.509
0.482
0.473
0.512
0.610
0.519
0.581
0.517
0.532
0.503
0.608
0.501
0.549
0.519
0.512
0.481
0.579
0.479
0.524
0.490
0.482
0.424
0.474
0.501
0.407
0.538
0.459
0.444
0.477
0.520
0.429
0.547
0.462
0.429
0.480
0.521
0.419
0.566
0.484
0.473
0.496
0.514
0.513
0.480
0.471
0.436
0.460
0.479
0.472
0.440
0.432
0.452
0.552
0.456
0.520
0.445
0.466
0.455
0.559
0.452
0.501
0.460
0.460
0.436
0.536
0.436
0.488
0.443
0.443
0.415
0.461
0.479
0.392
0.509
0.437
0.444
0.472
0.508
0.422
0.524
0.449
0.423
0.481
0.503
0.407
0.544
0.467
0.447
0.464
0.470
0.484
0.451
0.436
0.428
0.441
0.456
0.457
0.423
0.415
0.440
0.521
0.431
0.508
0.441
0.444
0.441
0.530
0.424
0.489
0.460
0.439
0.420
0.504
0.411
0.474
0.435
0.425
0.475
0.524
0.540
0.463
0.591
0.509
0.492
0.523
0.556
0.477
0.587
0.507
0.475
0.529
0.557
0.472
0.615
0.534
0.513
0.534
0.543
0.555
0.525
0.512
0.482
0.502
0.514
0.521
0.492
0.481
0.519
0.612
0.515
0.586
0.517
0.525
0.509
0.610
0.500
0.554
0.523
0.511
0.488
0.581
0.483
0.540
0.501
0.494
0.400
0.457
0.477
0.378
0.516
0.436
0.426
0.458
0.500
0.406
0.530
0.445
0.414
0.467
0.509
0.398
0.549
0.473
0.458
0.479
0.496
0.486
0.459
0.456
0.426
0.440
0.464
0.451
0.419
0.420
0.428
0.525
0.429
0.491
0.426
0.445
0.426
0.529
0.420
0.472
0.443
0.436
0.411
0.510
0.412
0.457
0.421
0.420
0.390
0.454
0.471
0.370
0.513
0.433
0.423
0.466
0.501
0.403
0.532
0.449
0.409
0.471
0.508
0.391
0.546
0.471
0.444
0.462
0.482
0.474
0.445
0.447
0.414
0.428
0.452
0.440
0.408
0.412
0.420
0.521
0.419
0.485
0.427
0.437
0.416
0.522
0.409
0.461
0.439
0.426
0.401
0.505
0.404
0.449
0.419
0.414
0.402
0.469
0.483
0.380
0.525
0.443
0.422
0.466
0.499
0.404
0.532
0.448
0.413
0.478
0.514
0.398
0.557
0.479
0.462
0.476
0.497
0.489
0.456
0.458
0.429
0.439
0.467
0.452
0.416
0.421
0.441
0.538
0.430
0.498
0.437
0.441
0.436
0.541
0.422
0.475
0.452
0.433
0.423
0.523
0.415
0.465
0.435
0.420
0.418
0.477
0.496
0.390
0.532
0.451
0.443
0.485
0.519
0.418
0.546
0.464
0.430
0.482
0.523
0.404
0.554
0.479
0.463
0.479
0.500
0.482
0.455
0.455
0.436
0.447
0.472
0.453
0.422
0.424
0.448
0.544
0.444
0.509
0.445
0.459
0.443
0.542
0.430
0.487
0.458
0.447
0.433
0.533
0.434
0.480
0.444
0.443
0.404
0.464
0.483
0.383
0.520
0.443
0.432
0.470
0.505
0.413
0.528
0.453
0.418
0.465
0.509
0.400
0.542
0.471
0.460
0.487
0.497
0.485
0.465
0.454
0.433
0.448
0.466
0.452
0.422
0.419
0.438
0.533
0.435
0.494
0.433
0.445
0.434
0.533
0.428
0.473
0.444
0.438
0.423
0.518
0.421
0.465
0.432
0.427
0.394
0.456
0.472
0.372
0.498
0.433
0.419
0.456
0.491
0.398
0.504
0.438
0.411
0.458
0.504
0.388
0.515
0.462
0.452
0.467
0.488
0.483
0.448
0.449
0.421
0.427
0.453
0.450
0.409
0.414
0.430
0.515
0.423
0.493
0.430
0.440
0.425
0.514
0.412
0.473
0.442
0.431
0.409
0.497
0.405
0.456
0.422
0.415
0.384
0.451
0.463
0.362
0.498
0.422
0.417
0.459
0.490
0.398
0.517
0.438
0.398
0.458
0.493
0.379
0.528
0.453
0.447
0.472
0.482
0.472
0.451
0.442
0.413
0.430
0.446
0.435
0.407
0.403
0.419
0.514
0.414
0.478
0.419
0.427
0.416
0.518
0.406
0.455
0.433
0.417
0.401
0.498
0.400
0.446
0.417
0.408
0.388
0.449
0.460
0.367
0.489
0.422
0.417
0.459
0.490
0.398
0.507
0.439
0.402
0.458
0.491
0.386
0.514
0.457
0.429
0.441
0.460
0.455
0.424
0.425
0.415
0.421
0.444
0.440
0.405
0.408
0.423
0.504
0.414
0.480
0.425
0.430
0.414
0.500
0.403
0.455
0.431
0.419
0.398
0.479
0.391
0.442
0.411
0.403
0.439
0.501
0.508
0.424
0.560
0.478
0.468
0.507
0.532
0.457
0.575
0.492
0.455
0.509
0.539
0.442
0.587
0.509
0.499
0.527
0.534
0.529
0.511
0.498
0.454
0.476
0.488
0.483
0.461
0.451
0.478
0.577
0.480
0.537
0.479
0.491
0.471
0.576
0.464
0.511
0.488
0.476
0.453
0.551
0.451
0.494
0.464
0.455
0.410
0.468
0.482
0.390
0.527
0.442
0.431
0.471
0.500
0.417
0.540
0.451
0.420
0.471
0.506
0.405
0.555
0.469
0.469
0.492
0.505
0.502
0.476
0.467
0.432
0.449
0.465
0.461
0.432
0.424
0.442
0.543
0.440
0.504
0.438
0.452
0.440
0.545
0.432
0.484
0.452
0.443
0.424
0.525
0.422
0.471
0.431
0.427
0.399
0.456
0.459
0.374
0.500
0.420
0.432
0.466
0.490
0.411
0.518
0.440
0.412
0.470
0.486
0.393
0.532
0.451
0.441
0.459
0.459
0.470
0.445
0.427
0.425
0.430
0.441
0.447
0.415
0.406
0.429
0.512
0.413
0.490
0.433
0.429
0.428
0.517
0.404
0.474
0.452
0.423
0.407
0.492
0.394
0.459
0.425
0.409
0.444
0.503
0.505
0.431
0.565
0.479
0.465
0.505
0.526
0.451
0.569
0.485
0.453
0.508
0.531
0.444
0.590
0.506
0.493
0.510
0.516
0.528
0.503
0.490
0.465
0.477
0.487
0.495
0.467
0.458
0.486
0.578
0.474
0.546
0.486
0.487
0.478
0.576
0.461
0.520
0.495
0.475
0.463
0.556
0.454
0.507
0.473
0.462
0.442
0.487
0.528
0.402
0.543
0.471
0.459
0.487
0.544
0.422
0.558
0.475
0.446
0.493
0.547
0.415
0.571
0.496
0.474
0.499
0.525
0.490
0.468
0.469
0.441
0.460
0.491
0.451
0.426
0.435
0.448
0.544
0.458
0.525
0.451
0.479
0.452
0.554
0.456
0.510
0.472
0.475
0.438
0.542
0.448
0.500
0.453
0.463
0.430
0.482
0.520
0.393
0.538
0.466
0.455
0.493
0.544
0.418
0.557
0.478
0.441
0.496
0.546
0.411
0.571
0.498
0.460
0.482
0.511
0.479
0.456
0.464
0.429
0.447
0.479
0.440
0.415
0.427
0.443
0.542
0.450
0.520
0.453
0.472
0.443
0.546
0.444
0.500
0.469
0.466
0.427
0.533
0.436
0.490
0.449
0.456
0.446
0.503
0.537
0.410
0.557
0.484
0.458
0.499
0.546
0.423
0.562
0.482
0.450
0.509
0.556
0.421
0.583
0.508
0.481
0.498
0.528
0.497
0.468
0.476
0.450
0.463
0.500
0.456
0.427
0.440
0.466
0.561
0.462
0.536
0.468
0.477
0.465
0.567
0.458
0.516
0.485
0.474
0.456
0.558
0.454
0.509
0.468
0.464
0.416
0.473
0.503
0.385
0.532
0.456
0.439
0.477
0.524
0.412
0.548
0.466
0.426
0.471
0.525
0.401
0.555
0.477
0.461
0.481
0.508
0.479
0.459
0.461
0.427
0.441
0.473
0.438
0.413
0.422
0.437
0.532
0.439
0.503
0.435
0.454
0.438
0.539
0.433
0.482
0.455
0.445
0.426
0.530
0.431
0.478
0.440
0.442
0.446
0.495
0.533
0.409
0.550
0.478
0.466
0.500
0.551
0.432
0.559
0.487
0.454
0.495
0.552
0.422
0.568
0.499
0.484
0.513
0.534
0.498
0.479
0.475
0.450
0.469
0.495
0.458
0.434
0.437
0.461
0.557
0.468
0.534
0.461
0.482
0.462
0.559
0.464
0.513
0.474
0.477
0.452
0.551
0.457
0.510
0.464
0.470
0.434
0.485
0.522
0.397
0.529
0.469
0.452
0.485
0.537
0.416
0.536
0.470
0.442
0.483
0.543
0.407
0.542
0.488
0.471
0.491
0.520
0.489
0.459
0.465
0.440
0.451
0.485
0.455
0.420
0.432
0.453
0.540
0.454
0.530
0.456
0.475
0.451
0.542
0.447
0.508
0.469
0.468
0.440
0.533
0.442
0.498
0.453
0.457
0.426
0.482
0.515
0.390
0.531
0.460
0.451
0.488
0.536
0.416
0.547
0.468
0.437
0.490
0.541
0.403
0.558
0.483
0.471
0.499
0.519
0.482
0.464
0.458
0.432
0.456
0.478
0.442
0.422
0.422
0.445
0.541
0.449
0.519
0.448
0.465
0.446
0.550
0.444
0.496
0.465
0.459
0.434
0.534
0.439
0.491
0.449
0.452
0.426
0.477
0.508
0.388
0.515
0.454
0.447
0.485
0.532
0.409
0.530
0.464
0.435
0.485
0.532
0.403
0.538
0.481
0.443
0.460
0.488
0.459
0.431
0.437
0.427
0.439
0.469
0.440
0.411
0.420
0.439
0.521
0.437
0.511
0.446
0.459
0.435
0.523
0.433
0.491
0.457
0.456
0.426
0.512
0.425
0.484
0.441
0.443
0.489
0.544
0.570
0.461
0.602
0.527
0.508
0.548
0.587
0.484
0.616
0.536
0.503
0.554
0.595
0.478
0.630
0.553
0.524
0.557
0.575
0.546
0.537
0.529
0.481
0.506
0.527
0.498
0.485
0.482
0.512
0.612
0.523
0.586
0.524
0.541
0.506
0.611
0.508
0.558
0.530
0.526
0.490
0.592
0.495
0.543
0.506
0.506
0.445
0.494
0.528
0.410
0.553
0.475
0.461
0.498
0.544
0.430
0.566
0.480
0.448
0.495
0.541
0.420
0.576
0.492
0.484
0.510
0.533
0.505
0.482
0.479
0.450
0.470
0.494
0.463
0.439
0.438
0.460
0.560
0.467
0.535
0.459
0.482
0.466
0.568
0.465
0.518
0.475
0.477
0.452
0.556
0.458
0.510
0.459
0.467
0.439
0.486
0.506
0.398
0.526
0.453
0.465
0.494
0.534
0.427
0.545
0.469
0.444
0.495
0.522
0.412
0.556
0.477
0.456
0.475
0.485
0.476
0.452
0.439
0.436
0.446
0.464
0.450
0.421
0.419
0.451
0.533
0.442
0.525
0.457
0.460
0.452
0.540
0.436
0.508
0.476
0.457
0.436
0.526
0.431
0.502
0.456
0.451
0.469
0.520
0.540
0.442
0.581
0.500
0.487
0.521
0.558
0.460
0.588
0.506
0.472
0.521
0.555
0.450
0.601
0.518
0.499
0.521
0.534
0.528
0.505
0.496
0.467
0.485
0.499
0.490
0.468
0.463
0.495
0.588
0.491
0.571
0.503
0.509
0.488
0.587
0.479
0.542
0.509
0.497
0.475
0.571
0.473
0.534
0.490
0.488
0.411
0.438
0.485
0.373
0.463
0.423
0.439
0.447
0.514
0.401
0.476
0.435
0.415
0.448
0.509
0.381
0.487
0.450
0.461
0.456
0.496
0.505
0.430
0.440
0.420
0.405
0.450
0.458
0.380
0.397
0.421
0.475
0.419
0.516
0.416
0.447
0.427
0.472
0.415
0.504
0.431
0.445
0.411
0.461
0.407
0.487
0.412
0.427
0.403
0.436
0.483
0.369
0.462
0.425
0.443
0.459
0.521
0.405
0.481
0.446
0.416
0.452
0.513
0.381
0.486
0.455
0.453
0.442
0.485
0.503
0.425
0.440
0.414
0.395
0.442
0.455
0.376
0.397
0.419
0.471
0.411
0.517
0.422
0.446
0.423
0.465
0.406
0.501
0.432
0.442
0.406
0.454
0.400
0.486
0.414
0.427
0.416
0.453
0.496
0.379
0.473
0.437
0.442
0.459
0.518
0.404
0.480
0.444
0.420
0.462
0.520
0.385
0.494
0.461
0.472
0.456
0.501
0.512
0.431
0.448
0.433
0.410
0.461
0.466
0.384
0.407
0.439
0.488
0.424
0.528
0.431
0.448
0.441
0.481
0.418
0.512
0.442
0.445
0.430
0.476
0.415
0.499
0.431
0.434
0.399
0.430
0.473
0.368
0.456
0.418
0.435
0.443
0.506
0.402
0.471
0.437
0.407
0.432
0.498
0.378
0.474
0.439
0.459
0.444
0.487
0.508
0.426
0.440
0.421
0.397
0.445
0.458
0.375
0.396
0.421
0.467
0.409
0.510
0.409
0.435
0.426
0.462
0.402
0.494
0.421
0.427
0.411
0.454
0.400
0.482
0.407
0.419
0.436
0.462
0.512
0.393
0.484
0.444
0.463
0.477
0.540
0.417
0.495
0.458
0.441
0.468
0.533
0.396
0.496
0.463
0.477
0.464
0.509
0.512
0.433
0.446
0.442
0.421
0.468
0.473
0.392
0.411
0.450
0.502
0.442
0.547
0.445
0.471
0.453
0.491
0.431
0.531
0.452
0.462
0.444
0.491
0.437
0.520
0.442
0.457
0.410
0.444
0.488
0.375
0.462
0.430
0.440
0.453
0.515
0.400
0.468
0.438
0.420
0.450
0.516
0.383
0.477
0.454
0.468
0.458
0.500
0.510
0.430
0.442
0.428
0.409
0.455
0.465
0.382
0.401
0.436
0.485
0.426
0.527
0.430
0.451
0.434
0.476
0.417
0.508
0.436
0.445
0.422
0.468
0.412
0.493
0.421
0.430
0.400
0.435
0.478
0.363
0.449
0.415
0.437
0.449
0.512
0.399
0.465
0.434
0.411
0.448
0.507
0.372
0.473
0.439
0.470
0.462
0.500
0.504
0.429
0.434
0.422
0.405
0.445
0.451
0.374
0.389
0.428
0.475
0.419
0.513
0.418
0.440
0.430
0.471
0.411
0.495
0.428
0.433
0.415
0.458
0.406
0.484
0.414
0.421
0.391
0.428
0.466
0.354
0.440
0.406
0.421
0.443
0.498
0.380
0.451
0.420
0.398
0.436
0.490
0.362
0.457
0.430
0.428
0.418
0.457
0.463
0.392
0.402
0.405
0.387
0.428
0.437
0.362
0.379
0.410
0.454
0.398
0.493
0.409
0.424
0.408
0.446
0.392
0.477
0.415
0.420
0.398
0.439
0.386
0.465
0.403
0.406
0.455
0.490
0.525
0.426
0.517
0.474
0.487
0.501
0.552
0.454
0.524
0.485
0.466
0.501
0.552
0.436
0.536
0.497
0.511
0.510
0.543
0.559
0.492
0.492
0.460
0.452
0.486
0.500
0.432
0.439
0.482
0.538
0.481
0.570
0.480
0.502
0.479
0.527
0.465
0.548
0.484
0.490
0.461
0.511
0.452
0.528
0.464
0.468
0.416
0.448
0.491
0.380
0.471
0.429
0.441
0.459
0.515
0.406
0.484
0.442
0.418
0.452
0.507
0.385
0.490
0.448
0.474
0.467
0.506
0.520
0.443
0.450
0.430
0.415
0.455
0.466
0.390
0.402
0.435
0.491
0.430
0.525
0.427
0.450
0.440
0.485
0.426
0.511
0.438
0.448
0.428
0.477
0.419
0.499
0.424
0.432
0.405
0.431
0.463
0.367
0.446
0.405
0.442
0.449
0.501
0.402
0.464
0.428
0.409
0.444
0.484
0.371
0.468
0.426
0.442
0.429
0.455
0.488
0.412
0.410
0.418
0.394
0.428
0.453
0.375
0.383
0.421
0.459
0.399
0.510
0.416
0.425
0.425
0.457
0.392
0.498
0.432
0.423
0.404
0.441
0.386
0.483
0.410
0.412
0.447
0.476
0.507
0.416
0.505
0.457
0.473
0.484
0.534
0.438
0.507
0.467
0.450
0.482
0.528
0.422
0.523
0.478
0.491
0.483
0.512
0.544
0.469
0.469
0.456
0.439
0.471
0.499
0.424
0.430
0.477
0.527
0.463
0.571
0.476
0.488
0.473
0.514
0.451
0.550
0.479
0.480
0.457
0.500
0.443
0.530
0.458
0.462
0.394
0.408
0.465
0.355
0.425
0.404
0.417
0.420
0.488
0.378
0.439
0.407
0.400
0.421
0.492
0.367
0.443
0.435
0.421
0.415
0.460
0.476
0.395
0.412
0.395
0.382
0.430
0.439
0.362
0.380
0.398
0.447
0.395
0.494
0.395
0.427
0.398
0.443
0.388
0.482
0.403
0.423
0.386
0.435
0.382
0.463
0.388
0.406
0.385
0.400
0.459
0.350
0.417
0.403
0.416
0.421
0.488
0.378
0.437
0.411
0.399
0.420
0.493
0.365
0.436
0.436
0.413
0.400
0.449
0.469
0.385
0.407
0.387
0.369
0.420
0.433
0.354
0.376
0.396
0.441
0.388
0.494
0.396
0.424
0.393
0.435
0.379
0.477
0.400
0.417
0.379
0.424
0.373
0.456
0.383
0.401
0.399
0.420
0.476
0.361
0.429
0.416
0.419
0.425
0.490
0.380
0.438
0.412
0.407
0.433
0.503
0.371
0.444
0.445
0.435
0.415
0.466
0.484
0.394
0.419
0.409
0.387
0.441
0.447
0.363
0.387
0.418
0.460
0.402
0.510
0.410
0.431
0.416
0.453
0.395
0.495
0.415
0.426
0.405
0.448
0.392
0.476
0.404
0.413
0.373
0.391
0.443
0.343
0.409
0.392
0.401
0.404
0.468
0.372
0.427
0.399
0.383
0.397
0.473
0.356
0.423
0.417
0.418
0.403
0.451
0.472
0.386
0.405
0.391
0.370
0.421
0.432
0.351
0.371
0.392
0.434
0.383
0.480
0.379
0.409
0.393
0.429
0.372
0.466
0.385
0.399
0.379
0.420
0.370
0.448
0.373
0.389
0.419
0.431
0.491
0.371
0.438
0.421
0.440
0.445
0.512
0.394
0.455
0.428
0.423
0.437
0.513
0.378
0.445
0.444
0.439
0.427
0.476
0.479
0.394
0.414
0.417
0.397
0.448
0.448
0.367
0.388
0.427
0.471
0.420
0.523
0.419
0.449
0.427
0.464
0.408
0.509
0.423
0.441
0.418
0.461
0.413
0.494
0.414
0.435
0.394
0.414
0.469
0.356
0.428
0.405
0.419
0.427
0.491
0.382
0.441
0.412
0.403
0.421
0.494
0.367
0.437
0.429
0.426
0.423
0.464
0.474
0.395
0.405
0.400
0.389
0.431
0.438
0.360
0.373
0.408
0.459
0.405
0.499
0.400
0.428
0.401
0.449
0.393
0.481
0.401
0.422
0.398
0.446
0.393
0.470
0.397
0.411
0.378
0.399
0.450
0.340
0.405
0.388
0.408
0.413
0.478
0.372
0.426
0.398
0.387
0.413
0.481
0.351
0.423
0.415
0.416
0.410
0.451
0.467
0.386
0.396
0.385
0.374
0.415
0.427
0.351
0.364
0.394
0.441
0.386
0.485
0.390
0.413
0.387
0.434
0.373
0.467
0.394
0.405
0.378
0.425
0.371
0.452
0.383
0.392
0.375
0.403
0.446
0.339
0.407
0.387
0.398
0.416
0.470
0.361
0.421
0.394
0.385
0.416
0.475
0.349
0.419
0.416
0.395
0.384
0.427
0.442
0.363
0.380
0.383
0.368
0.411
0.422
0.347
0.364
0.390
0.432
0.378
0.478
0.394
0.408
0.384
0.425
0.369
0.461
0.394
0.403
0.373
0.415
0.361
0.440
0.379
0.383
0.442
0.465
0.507
0.411
0.485
0.456
0.468
0.479
0.530
0.433
0.494
0.460
0.449
0.476
0.534
0.420
0.497
0.480
0.466
0.466
0.502
0.521
0.448
0.454
0.434
0.429
0.466
0.479
0.410
0.417
0.462
0.516
0.464
0.559
0.468
0.492
0.450
0.502
0.442
0.530
0.459
0.472
0.441
0.491
0.435
0.509
0.444
0.452
0.397
0.415
0.467
0.364
0.434
0.408
0.417
0.427
0.486
0.385
0.447
0.412
0.399
0.423
0.487
0.370
0.447
0.430
0.427
0.421
0.465
0.486
0.404
0.416
0.401
0.389
0.431
0.446
0.370
0.381
0.408
0.460
0.406
0.501
0.403
0.430
0.407
0.455
0.398
0.488
0.409
0.427
0.394
0.445
0.389
0.468
0.393
0.406
0.387
0.403
0.443
0.346
0.406
0.383
0.418
0.421
0.473
0.379
0.429
0.399
0.394
0.418
0.468
0.357
0.425
0.411
0.404
0.392
0.422
0.459
0.377
0.383
0.394
0.372
0.408
0.435
0.356
0.366
0.397
0.432
0.377
0.490
0.395
0.407
0.397
0.429
0.366
0.477
0.404
0.402
0.379
0.415
0.361
0.457
0.385
0.389
0.419
0.437
0.476
0.388
0.455
0.428
0.441
0.449
0.499
0.410
0.466
0.433
0.424
0.446
0.501
0.396
0.467
0.451
0.445
0.435
0.470
0.502
0.422
0.431
0.425
0.409
0.445
0.470
0.395
0.405
0.441
0.484
0.428
0.534
0.438
0.455
0.434
0.475
0.415
0.514
0.438
0.446
0.421
0.463
0.408
0.494
0.422
0.429
0.361
0.396
0.442
0.333
0.434
0.381
0.394
0.415
0.477
0.370
0.466
0.396
0.367
0.410
0.467
0.344
0.465
0.407
0.396
0.418
0.442
0.455
0.398
0.387
0.366
0.378
0.410
0.418
0.361
0.359
0.365
0.445
0.378
0.459
0.372
0.403
0.366
0.447
0.368
0.443
0.385
0.394
0.352
0.431
0.360
0.427
0.366
0.378
0.354
0.394
0.439
0.328
0.431
0.383
0.395
0.420
0.478
0.370
0.464
0.404
0.366
0.411
0.468
0.344
0.463
0.412
0.388
0.403
0.432
0.452
0.390
0.387
0.360
0.367
0.402
0.414
0.355
0.359
0.362
0.439
0.370
0.458
0.374
0.398
0.364
0.440
0.361
0.440
0.384
0.390
0.348
0.426
0.355
0.426
0.368
0.378
0.363
0.409
0.450
0.336
0.443
0.394
0.395
0.420
0.477
0.368
0.462
0.401
0.371
0.423
0.476
0.349
0.474
0.420
0.403
0.413
0.443
0.461
0.395
0.395
0.373
0.378
0.415
0.421
0.359
0.364
0.378
0.453
0.378
0.470
0.384
0.401
0.379
0.455
0.371
0.451
0.395
0.395
0.367
0.444
0.366
0.438
0.383
0.384
0.346
0.387
0.426
0.323
0.421
0.373
0.383
0.405
0.460
0.362
0.450
0.390
0.354
0.393
0.451
0.336
0.450
0.394
0.393
0.403
0.432
0.452
0.389
0.385
0.361
0.364
0.400
0.412
0.350
0.352
0.360
0.430
0.364
0.448
0.361
0.386
0.363
0.432
0.354
0.430
0.374
0.375
0.348
0.420
0.351
0.416
0.358
0.365
0.386
0.419
0.469
0.350
0.453
0.402
0.420
0.443
0.502
0.386
0.483
0.420
0.393
0.430
0.492
0.360
0.478
0.424
0.413
0.428
0.458
0.464
0.401
0.396
0.386
0.391
0.427
0.432
0.370
0.371
0.393
0.471
0.400
0.491
0.398
0.426
0.394
0.469
0.387
0.473
0.408
0.416
0.385
0.462
0.392
0.462
0.396
0.410
0.365
0.404
0.449
0.335
0.436
0.385
0.401
0.425
0.484
0.373
0.463
0.403
0.375
0.413
0.474
0.350
0.461
0.408
0.405
0.428
0.452
0.460
0.404
0.390
0.373
0.385
0.414
0.419
0.363
0.358
0.379
0.458
0.391
0.468
0.382
0.407
0.378
0.455
0.379
0.449
0.390
0.401
0.369
0.444
0.375
0.439
0.380
0.389
0.356
0.395
0.437
0.329
0.423
0.380
0.391
0.410
0.471
0.363
0.446
0.393
0.365
0.403
0.465
0.340
0.445
0.402
0.391
0.407
0.435
0.452
0.387
0.382
0.364
0.371
0.406
0.418
0.353
0.355
0.367
0.440
0.375
0.462
0.375
0.400
0.365
0.441
0.364
0.442
0.382
0.390
0.355
0.428
0.360
0.427
0.368
0.376
0.351
0.397
0.431
0.324
0.421
0.375
0.384
0.416
0.467
0.356
0.445
0.390
0.360
0.410
0.458
0.334
0.445
0.398
0.375
0.392
0.416
0.428
0.372
0.366
0.361
0.370
0.399
0.408
0.354
0.354
0.362
0.432
0.364
0.447
0.375
0.389
0.361
0.432
0.357
0.431
0.383
0.385
0.351
0.419
0.350
0.417
0.369
0.370
0.417
0.461
0.494
0.397
0.496
0.444
0.451
0.476
0.522
0.432
0.520
0.460
0.424
0.470
0.515
0.406
0.519
0.463
0.457
0.481
0.500
0.515
0.464
0.449
0.414
0.430
0.455
0.467
0.417
0.408
0.434
0.513
0.445
0.523
0.446
0.465
0.431
0.511
0.429
0.498
0.448
0.449
0.418
0.494
0.422
0.480
0.430
0.429
0.363
0.400
0.441
0.338
0.437
0.383
0.393
0.418
0.469
0.372
0.465
0.398
0.365
0.409
0.459
0.346
0.464
0.401
0.406
0.426
0.451
0.465
0.406
0.394
0.373
0.386
0.413
0.423
0.368
0.361
0.377
0.459
0.391
0.464
0.378
0.403
0.379
0.459
0.380
0.448
0.389
0.397
0.368
0.446
0.374
0.436
0.375
0.382
0.356
0.391
0.422
0.325
0.417
0.365
0.396
0.415
0.461
0.368
0.447
0.388
0.361
0.407
0.444
0.335
0.447
0.388
0.376
0.389
0.402
0.439
0.380
0.363
0.361
0.363
0.387
0.413
0.355
0.348
0.359
0.423
0.354
0.453
0.371
0.381
0.364
0.429
0.346
0.439
0.388
0.377
0.347
0.413
0.342
0.426
0.369
0.367
0.389
0.427
0.457
0.368
0.464
0.408
0.423
0.444
0.490
0.401
0.486
0.425
0.393
0.435
0.478
0.375
0.488
0.428
0.422
0.436
0.453
0.487
0.427
0.413
0.394
0.401
0.423
0.451
0.394
0.386
0.410
0.481
0.409
0.504
0.420
0.432
0.408
0.481
0.398
0.482
0.426
0.423
0.393
0.461
0.390
0.465
0.407
0.408
0.380
0.414
0.438
0.359
0.441
0.400
0.408
0.423
0.467
0.391
0.464
0.413
0.384
0.425
0.460
0.371
0.463
0.427
0.422
0.422
0.447
0.462
0.405
0.409
0.390
0.387
0.412
0.423
0.372
0.378
0.397
0.447
0.394
0.462
0.394
0.412
0.400
0.448
0.387
0.447
0.407
0.405
0.381
0.431
0.375
0.432
0.384
0.388
0.369
0.408
0.432
0.351
0.436
0.397
0.404
0.425
0.465
0.387
0.461
0.413
0.378
0.423
0.457
0.366
0.458
0.426
0.408
0.404
0.432
0.453
0.392
0.402
0.379
0.374
0.401
0.416
0.362
0.371
0.391
0.442
0.384
0.458
0.392
0.405
0.391
0.439
0.376
0.439
0.400
0.396
0.373
0.424
0.367
0.424
0.378
0.381
0.376
0.419
0.440
0.359
0.446
0.406
0.402
0.424
0.462
0.387
0.461
0.414
0.382
0.431
0.462
0.371
0.469
0.433
0.422
0.414
0.443
0.463
0.399
0.410
0.390
0.384
0.413
0.424
0.368
0.378
0.405
0.454
0.390
0.466
0.398
0.403
0.404
0.452
0.384
0.447
0.408
0.398
0.389
0.439
0.375
0.435
0.391
0.385
0.360
0.401
0.420
0.345
0.431
0.388
0.395
0.412
0.450
0.384
0.454
0.405
0.369
0.406
0.442
0.360
0.449
0.411
0.410
0.405
0.431
0.454
0.393
0.399
0.380
0.374
0.400
0.415
0.361
0.367
0.389
0.437
0.379
0.447
0.380
0.393
0.390
0.436
0.371
0.431
0.391
0.383
0.371
0.420
0.362
0.418
0.372
0.371
0.397
0.429
0.458
0.370
0.453
0.413
0.424
0.442
0.485
0.399
0.473
0.426
0.402
0.438
0.477
0.379
0.468
0.435
0.430
0.425
0.455
0.460
0.400
0.408
0.403
0.396
0.424
0.428
0.374
0.382
0.417
0.466
0.409
0.481
0.409
0.425
0.419
0.464
0.400
0.466
0.418
0.417
0.404
0.454
0.398
0.456
0.403
0.410
0.377
0.414
0.438
0.355
0.436
0.397
0.406
0.426
0.465
0.386
0.453
0.410
0.385
0.420
0.458
0.366
0.450
0.418
0.427
0.427
0.451
0.460
0.404
0.405
0.394
0.390
0.413
0.420
0.367
0.371
0.403
0.452
0.397
0.461
0.394
0.407
0.404
0.449
0.390
0.446
0.402
0.402
0.390
0.436
0.380
0.436
0.389
0.389
0.371
0.411
0.433
0.350
0.430
0.395
0.396
0.414
0.454
0.376
0.438
0.399
0.379
0.418
0.457
0.361
0.444
0.418
0.414
0.411
0.438
0.454
0.390
0.397
0.386
0.379
0.406
0.420
0.360
0.369
0.398
0.444
0.389
0.463
0.395
0.406
0.395
0.441
0.379
0.444
0.401
0.397
0.378
0.425
0.368
0.429
0.382
0.381
0.362
0.405
0.424
0.342
0.426
0.384
0.395
0.416
0.453
0.377
0.446
0.398
0.368
0.416
0.447
0.351
0.446
0.406
0.410
0.413
0.434
0.451
0.396
0.394
0.376
0.376
0.396
0.411
0.361
0.362
0.386
0.437
0.377
0.449
0.386
0.394
0.386
0.438
0.369
0.432
0.397
0.388
0.370
0.422
0.361
0.421
0.379
0.375
0.430
0.474
0.487
0.417
0.503
0.457
0.458
0.482
0.510
0.447
0.518
0.468
0.442
0.488
0.512
0.433
0.526
0.484
0.477
0.482
0.501
0.522
0.469
0.466
0.435
0.438
0.457
0.474
0.427
0.425
0.467
0.523
0.465
0.531
0.470
0.476
0.460
0.516
0.446
0.505
0.471
0.459
0.444
0.498
0.434
0.487
0.448
0.438
0.386
0.423
0.443
0.369
0.452
0.408
0.410
0.433
0.466
0.399
0.471
0.420
0.389
0.430
0.459
0.379
0.469
0.428
0.435
0.434
0.457
0.475
0.418
0.419
0.398
0.397
0.418
0.433
0.383
0.383
0.411
0.464
0.405
0.470
0.403
0.414
0.414
0.464
0.400
0.456
0.415
0.410
0.397
0.448
0.389
0.441
0.392
0.392
0.376
0.407
0.423
0.351
0.425
0.383
0.408
0.424
0.454
0.389
0.449
0.404
0.383
0.424
0.446
0.364
0.450
0.410
0.404
0.398
0.415
0.446
0.387
0.385
0.387
0.377
0.396
0.420
0.366
0.368
0.398
0.437
0.378
0.461
0.394
0.397
0.399
0.438
0.371
0.446
0.406
0.392
0.378
0.419
0.363
0.431
0.383
0.379
0.397
0.436
0.448
0.379
0.463
0.415
0.424
0.445
0.474
0.409
0.477
0.427
0.402
0.445
0.468
0.391
0.481
0.439
0.440
0.436
0.454
0.482
0.425
0.423
0.410
0.405
0.422
0.445
0.394
0.393
0.431
0.477
0.417
0.495
0.430
0.432
0.429
0.475
0.408
0.474
0.436
0.423
0.409
0.454
0.395
0.458
0.413
0.406
0.526
0.572
0.572
0.527
0.631
0.554
0.557
0.580
0.598
0.567
0.654
0.575
0.526
0.581
0.590
0.535
0.655
0.577
0.584
0.590
0.588
0.638
0.605
0.584
0.550
0.556
0.557
0.598
0.566
0.549
0.556
0.621
0.531
0.608
0.553
0.550
0.560
0.633
0.531
0.598
0.573
0.549
0.543
0.611
0.518
0.581
0.548
0.532
0.520
0.570
0.569
0.526
0.634
0.557
0.558
0.588
0.601
0.571
0.662
0.584
0.525
0.585
0.590
0.536
0.660
0.581
0.574
0.577
0.575
0.633
0.597
0.579
0.543
0.548
0.547
0.594
0.561
0.546
0.553
0.619
0.524
0.606
0.554
0.546
0.555
0.628
0.522
0.594
0.572
0.543
0.537
0.606
0.511
0.577
0.547
0.529
0.532
0.588
0.582
0.533
0.643
0.564
0.558
0.589
0.599
0.570
0.660
0.581
0.529
0.593
0.595
0.533
0.660
0.580
0.588
0.589
0.587
0.637
0.599
0.581
0.559
0.562
0.564
0.603
0.568
0.553
0.569
0.633
0.534
0.618
0.565
0.550
0.570
0.643
0.533
0.606
0.583
0.549
0.557
0.625
0.525
0.592
0.565
0.538
0.499
0.551
0.543
0.503
0.609
0.528
0.536
0.562
0.573
0.546
0.631
0.552
0.502
0.553
0.561
0.510
0.628
0.546
0.570
0.572
0.568
0.618
0.582
0.561
0.534
0.536
0.536
0.578
0.543
0.525
0.542
0.607
0.511
0.585
0.531
0.523
0.546
0.618
0.509
0.576
0.553
0.520
0.528
0.595
0.499
0.557
0.527
0.506
0.550
0.593
0.595
0.544
0.647
0.569
0.579
0.607
0.622
0.582
0.672
0.594
0.549
0.598
0.608
0.544
0.662
0.584
0.590
0.593
0.591
0.635
0.599
0.580
0.563
0.566
0.567
0.604
0.570
0.554
0.575
0.639
0.546
0.630
0.572
0.566
0.577
0.645
0.540
0.619
0.588
0.563
0.568
0.634
0.541
0.609
0.572
0.558
0.537
0.585
0.584
0.535
0.635
0.561
0.569
0.593
0.607
0.573
0.652
0.581
0.539
0.586
0.599
0.539
0.650
0.576
0.600
0.606
0.599
0.643
0.608
0.583
0.565
0.569
0.566
0.603
0.568
0.549
0.575
0.636
0.546
0.621
0.564
0.557
0.577
0.645
0.545
0.612
0.583
0.559
0.562
0.624
0.533
0.595
0.562
0.542
0.511
0.559
0.559
0.504
0.599
0.532
0.541
0.565
0.580
0.538
0.613
0.546
0.515
0.564
0.579
0.509
0.612
0.550
0.570
0.570
0.570
0.613
0.569
0.552
0.541
0.538
0.542
0.580
0.537
0.524
0.548
0.603
0.517
0.602
0.544
0.537
0.549
0.611
0.514
0.591
0.560
0.535
0.531
0.590
0.503
0.570
0.535
0.517
0.526
0.579
0.573
0.523
0.622
0.549
0.563
0.589
0.601
0.569
0.647
0.574
0.528
0.586
0.591
0.530
0.645
0.568
0.590
0.596
0.590
0.631
0.596
0.572
0.555
0.562
0.556
0.594
0.563
0.541
0.565
0.625
0.535
0.609
0.556
0.546
0.566
0.635
0.532
0.597
0.576
0.545
0.551
0.613
0.522
0.583
0.554
0.531
0.533
0.583
0.579
0.534
0.629
0.561
0.561
0.591
0.601
0.562
0.640
0.572
0.533
0.588
0.593
0.530
0.637
0.570
0.571
0.573
0.571
0.616
0.581
0.562
0.555
0.558
0.558
0.596
0.563
0.546
0.567
0.624
0.538
0.614
0.565
0.553
0.567
0.630
0.536
0.604
0.581
0.555
0.547
0.605
0.517
0.581
0.554
0.532
0.530
0.580
0.572
0.536
0.641
0.559
0.569
0.599
0.604
0.579
0.669
0.584
0.537
0.592
0.590
0.546
0.665
0.578
0.599
0.605
0.597
0.652
0.616
0.590
0.563
0.570
0.563
0.609
0.576
0.553
0.580
0.649
0.550
0.629
0.573
0.560
0.587
0.660
0.551
0.620
0.593
0.561
0.561
0.631
0.532
0.597
0.563
0.539
0.491
0.537
0.527
0.484
0.580
0.503
0.531
0.556
0.562
0.528
0.607
0.531
0.495
0.553
0.546
0.488
0.603
0.521
0.536
0.534
0.524
0.583
0.545
0.517
0.520
0.517
0.511
0.560
0.525
0.502
0.524
0.578
0.484
0.581
0.525
0.507
0.525
0.588
0.479
0.570
0.545
0.505
0.508
0.566
0.472
0.551
0.517
0.491
0.524
0.574
0.561
0.519
0.622
0.541
0.558
0.585
0.588
0.561
0.645
0.565
0.526
0.583
0.577
0.526
0.645
0.559
0.583
0.585
0.575
0.630
0.593
0.567
0.557
0.560
0.552
0.601
0.567
0.543
0.577
0.638
0.543
0.630
0.576
0.560
0.576
0.645
0.538
0.616
0.590
0.556
0.554
0.617
0.521
0.592
0.560
0.535
0.442
0.495
0.466
0.428
0.545
0.432
0.470
0.505
0.485
0.465
0.567
0.449
0.448
0.503
0.482
0.441
0.569
0.457
0.502
0.515
0.479
0.541
0.508
0.457
0.472
0.471
0.446
0.501
0.462
0.424
0.475
0.550
0.431
0.527
0.470
0.447
0.485
0.561
0.429
0.521
0.492
0.444
0.462
0.539
0.415
0.503
0.467
0.429
0.437
0.497
0.462
0.423
0.545
0.429
0.473
0.516
0.487
0.463
0.570
0.450
0.448
0.511
0.482
0.438
0.570
0.453
0.493
0.503
0.466
0.532
0.498
0.447
0.464
0.462
0.435
0.494
0.456
0.417
0.475
0.552
0.425
0.527
0.475
0.445
0.481
0.559
0.421
0.519
0.494
0.440
0.457
0.536
0.408
0.501
0.470
0.427
0.452
0.517
0.477
0.439
0.564
0.445
0.478
0.522
0.490
0.470
0.575
0.455
0.458
0.524
0.492
0.450
0.584
0.465
0.515
0.521
0.483
0.549
0.512
0.461
0.488
0.483
0.456
0.511
0.471
0.432
0.502
0.573
0.442
0.546
0.492
0.456
0.507
0.582
0.440
0.536
0.510
0.451
0.487
0.563
0.430
0.522
0.492
0.442
0.431
0.491
0.452
0.421
0.542
0.421
0.465
0.504
0.472
0.461
0.560
0.441
0.440
0.491
0.466
0.434
0.559
0.440
0.500
0.508
0.469
0.539
0.504
0.451
0.470
0.465
0.436
0.497
0.457
0.417
0.477
0.548
0.422
0.522
0.467
0.437
0.484
0.558
0.417
0.514
0.489
0.431
0.460
0.537
0.407
0.497
0.464
0.419
0.471
0.523
0.492
0.451
0.569
0.452
0.499
0.539
0.511
0.484
0.586
0.469
0.476
0.525
0.502
0.458
0.582
0.467
0.516
0.523
0.487
0.546
0.510
0.459
0.493
0.486
0.460
0.514
0.473
0.434
0.508
0.578
0.455
0.561
0.499
0.474
0.515
0.584
0.448
0.551
0.517
0.466
0.499
0.572
0.447
0.541
0.499
0.464
0.452
0.507
0.477
0.437
0.552
0.440
0.481
0.518
0.494
0.470
0.566
0.456
0.460
0.505
0.488
0.449
0.566
0.456
0.516
0.529
0.488
0.549
0.516
0.460
0.485
0.483
0.454
0.507
0.468
0.426
0.496
0.566
0.446
0.543
0.483
0.457
0.499
0.571
0.441
0.532
0.499
0.454
0.485
0.557
0.434
0.521
0.484
0.444
0.440
0.495
0.465
0.427
0.534
0.431
0.466
0.500
0.477
0.457
0.543
0.440
0.449
0.498
0.482
0.438
0.547
0.450
0.505
0.509
0.474
0.541
0.496
0.450
0.475
0.464
0.442
0.503
0.454
0.419
0.488
0.548
0.433
0.536
0.475
0.448
0.491
0.554
0.428
0.526
0.492
0.445
0.467
0.531
0.415
0.507
0.469
0.430
0.434
0.492
0.457
0.420
0.532
0.421
0.469
0.507
0.478
0.462
0.554
0.440
0.442
0.500
0.473
0.431
0.554
0.440
0.502
0.515
0.473
0.538
0.504
0.446
0.469
0.467
0.434
0.495
0.457
0.412
0.478
0.545
0.425
0.525
0.469
0.440
0.484
0.556
0.420
0.515
0.490
0.436
0.462
0.532
0.410
0.502
0.468
0.425
0.428
0.483
0.449
0.416
0.520
0.417
0.460
0.502
0.474
0.451
0.541
0.437
0.440
0.493
0.468
0.432
0.540
0.441
0.474
0.479
0.445
0.509
0.472
0.425
0.461
0.456
0.430
0.488
0.450
0.412
0.476
0.535
0.424
0.523
0.473
0.442
0.475
0.538
0.415
0.508
0.482
0.432
0.452
0.514
0.399
0.489
0.458
0.415
0.479
0.539
0.500
0.476
0.593
0.478
0.508
0.551
0.517
0.508
0.609
0.493
0.490
0.549
0.518
0.489
0.613
0.498
0.548
0.565
0.522
0.589
0.562
0.503
0.511
0.518
0.484
0.542
0.512
0.464
0.541
0.617
0.496
0.585
0.534
0.503
0.541
0.622
0.485
0.571
0.548
0.494
0.504
0.582
0.456
0.538
0.509
0.463
0.433
0.481
0.443
0.416
0.519
0.408
0.470
0.504
0.473
0.458
0.547
0.437
0.440
0.496
0.461
0.427
0.545
0.431
0.480
0.488
0.445
0.519
0.484
0.426
0.463
0.456
0.426
0.488
0.449
0.405
0.470
0.530
0.413
0.521
0.464
0.431
0.475
0.539
0.407
0.513
0.484
0.427
0.448
0.512
0.393
0.494
0.456
0.413
0.474
0.531
0.489
0.463
0.579
0.462
0.501
0.542
0.508
0.493
0.593
0.477
0.478
0.536
0.503
0.474
0.599
0.481
0.531
0.541
0.499
0.573
0.539
0.482
0.505
0.502
0.469
0.535
0.499
0.453
0.524
0.595
0.472
0.576
0.520
0.486
0.527
0.601
0.464
0.563
0.536
0.481
0.500
0.572
0.448
0.540
0.505
0.462
0.402
0.449
0.432
0.381
0.477
0.398
0.441
0.461
0.465
0.427
0.505
0.423
0.406
0.459
0.448
0.393
0.503
0.423
0.455
0.459
0.436
0.486
0.456
0.419
0.432
0.421
0.410
0.454
0.417
0.392
0.435
0.485
0.394
0.479
0.430
0.412
0.440
0.497
0.392
0.475
0.458
0.409
0.418
0.470
0.371
0.455
0.426
0.387
0.398
0.452
0.434
0.380
0.482
0.403
0.441
0.468
0.468
0.426
0.508
0.428
0.409
0.470
0.455
0.396
0.513
0.432
0.446
0.449
0.427
0.482
0.451
0.417
0.424
0.414
0.403
0.451
0.415
0.391
0.433
0.487
0.391
0.482
0.437
0.414
0.436
0.496
0.387
0.473
0.460
0.408
0.413
0.469
0.366
0.454
0.429
0.389
0.419
0.477
0.456
0.400
0.505
0.424
0.451
0.479
0.477
0.435
0.516
0.436
0.424
0.486
0.473
0.410
0.528
0.447
0.469
0.471
0.451
0.502
0.470
0.437
0.446
0.436
0.428
0.469
0.433
0.410
0.462
0.513
0.415
0.505
0.458
0.432
0.461
0.521
0.410
0.495
0.481
0.427
0.440
0.495
0.390
0.476
0.453
0.408
0.389
0.447
0.421
0.376
0.479
0.394
0.428
0.454
0.449
0.419
0.497
0.414
0.397
0.449
0.437
0.389
0.500
0.414
0.445
0.448
0.425
0.483
0.454
0.415
0.424
0.413
0.401
0.450
0.414
0.387
0.429
0.481
0.385
0.470
0.425
0.401
0.433
0.491
0.380
0.464
0.451
0.395
0.412
0.467
0.363
0.448
0.425
0.380
0.433
0.481
0.464
0.411
0.512
0.429
0.465
0.491
0.490
0.445
0.527
0.445
0.437
0.487
0.475
0.420
0.530
0.447
0.468
0.472
0.448
0.497
0.468
0.431
0.452
0.441
0.429
0.471
0.435
0.409
0.468
0.519
0.423
0.514
0.463
0.443
0.467
0.522
0.413
0.508
0.486
0.436
0.454
0.508
0.405
0.494
0.462
0.425
0.404
0.453
0.435
0.382
0.479
0.399
0.441
0.464
0.464
0.424
0.495
0.420
0.414
0.458
0.451
0.396
0.498
0.420
0.457
0.463
0.437
0.487
0.457
0.417
0.435
0.426
0.410
0.453
0.416
0.387
0.444
0.492
0.401
0.488
0.438
0.417
0.444
0.498
0.395
0.479
0.458
0.410
0.430
0.479
0.381
0.466
0.438
0.397
0.397
0.448
0.432
0.374
0.464
0.395
0.433
0.454
0.457
0.413
0.477
0.411
0.408
0.455
0.453
0.390
0.485
0.420
0.446
0.444
0.426
0.479
0.441
0.409
0.429
0.413
0.405
0.454
0.409
0.388
0.439
0.481
0.395
0.488
0.437
0.417
0.439
0.487
0.387
0.478
0.457
0.408
0.418
0.462
0.369
0.458
0.429
0.389
0.385
0.439
0.419
0.362
0.457
0.381
0.427
0.451
0.450
0.409
0.481
0.405
0.393
0.448
0.438
0.374
0.481
0.403
0.437
0.442
0.419
0.469
0.438
0.399
0.416
0.409
0.394
0.439
0.404
0.375
0.423
0.471
0.382
0.469
0.421
0.400
0.423
0.479
0.374
0.460
0.444
0.394
0.406
0.456
0.360
0.445
0.419
0.378
0.389
0.437
0.421
0.366
0.454
0.384
0.425
0.451
0.450
0.406
0.475
0.406
0.398
0.450
0.442
0.380
0.477
0.411
0.421
0.418
0.402
0.453
0.418
0.387
0.418
0.403
0.395
0.441
0.401
0.379
0.428
0.470
0.383
0.474
0.428
0.405
0.422
0.471
0.373
0.462
0.443
0.398
0.402
0.445
0.354
0.442
0.414
0.376
0.418
0.475
0.449
0.403
0.504
0.421
0.452
0.482
0.471
0.441
0.520
0.439
0.432
0.490
0.472
0.422
0.532
0.450
0.481
0.490
0.463
0.514
0.489
0.448
0.451
0.448
0.430
0.475
0.445
0.414
0.472
0.527
0.435
0.516
0.473
0.448
0.469
0.531
0.422
0.502
0.490
0.437
0.445
0.500
0.399
0.478
0.456
0.411
0.394
0.445
0.424
0.379
0.479
0.394
0.428
0.456
0.451
0.419
0.501
0.416
0.402
0.454
0.440
0.396
0.508
0.419
0.456
0.463
0.438
0.493
0.464
0.424
0.430
0.423
0.407
0.452
0.418
0.389
0.440
0.496
0.401
0.482
0.433
0.412
0.442
0.501
0.394
0.471
0.451
0.404
0.418
0.474
0.372
0.454
0.424
0.385
0.417
0.470
0.441
0.398
0.497
0.410
0.453
0.480
0.467
0.438
0.515
0.431
0.424
0.479
0.457
0.413
0.522
0.434
0.470
0.475
0.446
0.506
0.477
0.434
0.448
0.439
0.419
0.474
0.439
0.407
0.468
0.518
0.422
0.514
0.467
0.438
0.466
0.523
0.412
0.502
0.486
0.430
0.441
0.493
0.392
0.481
0.455
0.410
0.447
0.507
0.487
0.449
0.571
0.476
0.477
0.515
0.511
0.484
0.590
0.493
0.443
0.511
0.501
0.449
0.585
0.491
0.489
0.507
0.489
0.538
0.520
0.490
0.466
0.476
0.467
0.512
0.489
0.467
0.471
0.550
0.449
0.522
0.477
0.465
0.474
0.557
0.444
0.512
0.495
0.461
0.452
0.535
0.430
0.494
0.473
0.446
0.450
0.517
0.493
0.451
0.579
0.481
0.484
0.529
0.518
0.487
0.597
0.501
0.453
0.526
0.509
0.457
0.596
0.500
0.485
0.502
0.483
0.537
0.519
0.489
0.464
0.475
0.463
0.511
0.489
0.467
0.473
0.556
0.449
0.528
0.488
0.470
0.473
0.557
0.440
0.514
0.501
0.463
0.451
0.539
0.430
0.496
0.481
0.451
0.466
0.537
0.511
0.470
0.600
0.501
0.490
0.537
0.525
0.499
0.608
0.512
0.462
0.540
0.521
0.472
0.614
0.517
0.508
0.524
0.505
0.557
0.537
0.508
0.488
0.498
0.489
0.532
0.509
0.488
0.500
0.582
0.472
0.545
0.505
0.483
0.498
0.583
0.464
0.531
0.519
0.477
0.479
0.565
0.454
0.516
0.502
0.466
0.441
0.510
0.477
0.443
0.571
0.467
0.469
0.515
0.498
0.475
0.581
0.483
0.440
0.510
0.490
0.446
0.582
0.480
0.487
0.505
0.482
0.535
0.519
0.484
0.462
0.472
0.458
0.505
0.483
0.458
0.471
0.552
0.443
0.517
0.478
0.457
0.471
0.554
0.434
0.506
0.495
0.450
0.451
0.538
0.426
0.489
0.476
0.440
0.472
0.534
0.512
0.466
0.593
0.493
0.500
0.544
0.534
0.498
0.608
0.512
0.469
0.534
0.522
0.465
0.600
0.503
0.498
0.515
0.497
0.540
0.522
0.491
0.481
0.491
0.480
0.520
0.496
0.474
0.496
0.577
0.470
0.550
0.505
0.489
0.495
0.576
0.459
0.537
0.516
0.482
0.482
0.569
0.461
0.525
0.503
0.477
0.457
0.516
0.496
0.457
0.575
0.482
0.484
0.522
0.516
0.487
0.582
0.497
0.454
0.513
0.506
0.459
0.583
0.495
0.505
0.521
0.500
0.549
0.526
0.493
0.482
0.486
0.475
0.520
0.491
0.468
0.492
0.563
0.464
0.539
0.490
0.474
0.491
0.563
0.457
0.525
0.500
0.470
0.474
0.548
0.448
0.512
0.487
0.460
0.447
0.510
0.488
0.445
0.558
0.473
0.472
0.511
0.503
0.472
0.562
0.482
0.450
0.511
0.503
0.449
0.565
0.488
0.491
0.502
0.486
0.535
0.508
0.482
0.474
0.475
0.469
0.515
0.482
0.464
0.479
0.546
0.451
0.531
0.485
0.468
0.477
0.547
0.442
0.517
0.495
0.462
0.457
0.529
0.432
0.498
0.477
0.448
0.437
0.501
0.476
0.437
0.553
0.461
0.472
0.513
0.503
0.477
0.574
0.484
0.437
0.506
0.491
0.439
0.570
0.476
0.488
0.506
0.483
0.529
0.511
0.476
0.469
0.479
0.463
0.508
0.484
0.457
0.472
0.544
0.444
0.517
0.473
0.455
0.473
0.549
0.436
0.504
0.488
0.451
0.452
0.529
0.427
0.489
0.469
0.439
0.431
0.490
0.468
0.427
0.535
0.451
0.459
0.499
0.490
0.458
0.549
0.467
0.432
0.496
0.483
0.431
0.546
0.467
0.464
0.474
0.459
0.506
0.481
0.454
0.458
0.461
0.452
0.495
0.466
0.446
0.468
0.531
0.439
0.514
0.472
0.455
0.463
0.530
0.429
0.499
0.481
0.448
0.440
0.508
0.413
0.478
0.458
0.430
0.461
0.528
0.497
0.466
0.588
0.490
0.488
0.533
0.515
0.494
0.598
0.503
0.465
0.537
0.515
0.470
0.603
0.507
0.509
0.529
0.506
0.558
0.540
0.505
0.483
0.496
0.480
0.528
0.507
0.479
0.502
0.583
0.479
0.550
0.509
0.489
0.501
0.585
0.468
0.535
0.522
0.482
0.477
0.559
0.451
0.513
0.497
0.462
0.454
0.518
0.489
0.452
0.575
0.474
0.480
0.526
0.507
0.482
0.589
0.489
0.452
0.521
0.499
0.453
0.588
0.486
0.502
0.518
0.496
0.550
0.528
0.492
0.477
0.486
0.469
0.518
0.492
0.464
0.487
0.567
0.458
0.537
0.492
0.470
0.487
0.569
0.452
0.525
0.506
0.466
0.466
0.550
0.438
0.508
0.486
0.451
0.424
0.482
0.450
0.419
0.530
0.433
0.459
0.499
0.480
0.457
0.552
0.458
0.426
0.495
0.467
0.424
0.551
0.453
0.463
0.475
0.447
0.506
0.484
0.444
0.454
0.456
0.439
0.488
0.461
0.432
0.458
0.525
0.421
0.507
0.464
0.436
0.459
0.530
0.414
0.498
0.481
0.433
0.434
0.507
0.401
0.477
0.456
0.418
