0.551
0.881
0.411
0.589
0.932
0.461
0.526
0.868
0.410
0.838
1.181
0.708
0.529
0.880
0.412
0.558
0.899
0.426
0.814
1.143
0.696
0.536
0.875
0.415
0.806
1.132
0.662
0.525
0.863
0.397
0.575
0.785
0.410
0.580
0.819
0.423
0.493
0.701
0.356
0.575
0.781
0.422
0.569
0.786
0.423
0.554
0.772
0.400
0.532
0.763
0.387
0.544
0.777
0.398
0.576
0.809
0.408
0.682
0.963
0.534
0.567
0.859
0.396
0.566
0.878
0.412
0.582
0.899
0.428
0.524
0.793
0.374
0.455
0.711
0.319
0.553
0.832
0.403
0.594
0.935
0.460
0.574
0.852
0.416
0.580
0.874
0.436
0.599
0.903
0.448
0.553
0.784
0.395
0.606
0.846
0.434
0.611
0.896
0.463
0.620
0.903
0.466
0.572
0.864
0.422
0.590
0.915
0.452
0.485
0.751
0.344
0.576
0.913
0.437
0.600
0.922
0.451
0.593
0.905
0.442
0.622
0.930
0.449
0.560
0.878
0.419
0.633
0.947
0.487
0.694
0.972
0.542
0.583
0.910
0.444
0.620
0.924
0.443
0.579
0.873
0.411
0.596
0.894
0.425
0.533
0.839
0.376
0.838
1.136
0.667
0.546
0.846
0.381
0.593
0.895
0.418
0.832
1.117
0.666
0.551
0.845
0.387
0.821
1.112
0.639
0.540
0.842
0.372
0.600
0.768
0.387
0.607
0.800
0.400
0.502
0.674
0.325
0.590
0.753
0.390
0.583
0.753
0.393
0.581
0.761
0.377
0.546
0.735
0.354
0.565
0.747
0.373
0.591
0.784
0.378
0.687
0.934
0.504
0.582
0.830
0.364
0.586
0.858
0.385
0.594
0.870
0.394
0.539
0.767
0.341
0.461
0.685
0.293
0.565
0.806
0.371
0.612
0.906
0.423
0.589
0.816
0.381
0.609
0.851
0.399
0.619
0.874
0.416
0.563
0.759
0.362
0.621
0.825
0.400
0.623
0.854
0.415
0.630
0.866
0.427
0.594
0.836
0.383
0.598
0.875
0.412
0.496
0.726
0.322
0.571
0.864
0.395
0.616
0.885
0.405
0.620
0.882
0.402
0.629
0.886
0.403
0.579
0.844
0.379
0.655
0.921
0.453
0.716
0.938
0.499
0.609
0.881
0.398
0.635
0.893
0.408
0.503
0.863
0.395
0.476
0.830
0.361
0.467
0.846
0.373
0.762
1.131
0.650
0.478
0.855
0.379
0.503
0.871
0.387
0.731
1.098
0.638
0.477
0.842
0.374
0.744
1.107
0.624
0.471
0.841
0.361
0.517
0.762
0.371
0.518
0.804
0.388
0.440
0.685
0.324
0.517
0.758
0.383
0.506
0.751
0.380
0.507
0.767
0.373
0.479
0.742
0.352
0.494
0.756
0.366
0.515
0.787
0.369
0.631
0.937
0.496
0.505
0.835
0.358
0.495
0.848
0.370
0.523
0.870
0.384
0.475
0.779
0.341
0.409
0.695
0.296
0.487
0.807
0.365
0.532
0.905
0.417
0.514
0.832
0.382
0.533
0.854
0.396
0.546
0.877
0.409
0.494
0.773
0.363
0.550
0.843
0.402
0.544
0.861
0.410
0.553
0.872
0.419
0.519
0.845
0.385
0.529
0.888
0.415
0.448
0.735
0.322
0.508
0.877
0.394
0.541
0.889
0.406
0.553
0.890
0.409
0.560
0.891
0.399
0.506
0.855
0.382
0.581
0.922
0.447
0.659
0.956
0.508
0.529
0.882
0.399
0.568
0.892
0.399
0.525
0.884
0.433
0.510
0.869
0.407
0.550
0.925
0.457
0.791
1.160
0.690
0.505
0.877
0.418
0.538
0.912
0.440
0.769
1.132
0.680
0.506
0.871
0.417
0.775
1.136
0.666
0.487
0.854
0.390
0.539
0.781
0.407
0.545
0.814
0.417
0.457
0.699
0.347
0.540
0.778
0.415
0.533
0.773
0.410
0.528
0.787
0.407
0.493
0.757
0.376
0.511
0.769
0.398
0.541
0.804
0.401
0.648
0.959
0.531
0.532
0.853
0.393
0.531
0.880
0.412
0.547
0.893
0.423
0.495
0.803
0.372
0.431
0.713
0.322
0.519
0.829
0.399
0.548
0.921
0.450
0.533
0.846
0.406
0.555
0.877
0.431
0.561
0.899
0.440
0.518
0.787
0.386
0.563
0.857
0.424
0.576
0.893
0.452
0.567
0.892
0.450
0.539
0.865
0.412
0.547
0.904
0.442
0.465
0.751
0.344
0.524
0.891
0.426
0.560
0.907
0.439
0.557
0.897
0.432
0.575
0.914
0.436
0.529
0.873
0.412
0.591
0.932
0.475
0.672
0.974
0.540
0.542
0.892
0.428
0.595
0.926
0.447
0.535
0.872
0.401
0.517
0.848
0.368
0.554
0.901
0.416
0.502
0.849
0.372
0.507
0.851
0.374
0.545
0.894
0.403
0.777
1.110
0.648
0.513
0.853
0.381
0.775
1.111
0.625
0.498
0.843
0.363
0.552
0.764
0.375
0.558
0.797
0.386
0.467
0.677
0.317
0.549
0.758
0.379
0.543
0.751
0.378
0.541
0.760
0.366
0.507
0.739
0.347
0.525
0.748
0.362
0.549
0.784
0.366
0.651
0.938
0.495
0.541
0.832
0.353
0.541
0.859
0.373
0.550
0.871
0.382
0.502
0.777
0.341
0.437
0.695
0.292
0.524
0.806
0.363
0.564
0.911
0.419
0.548
0.826
0.375
0.561
0.855
0.395
0.579
0.884
0.415
0.523
0.762
0.357
0.574
0.826
0.391
0.576
0.861
0.407
0.585
0.874
0.418
0.555
0.847
0.382
0.552
0.879
0.400
0.469
0.728
0.316
0.536
0.872
0.390
0.572
0.893
0.402
0.567
0.884
0.397
0.592
0.899
0.404
0.533
0.855
0.375
0.598
0.914
0.435
0.680
0.945
0.501
0.561
0.886
0.395
0.594
0.905
0.406
0.552
0.877
0.418
0.533
0.854
0.386
0.586
0.917
0.442
0.527
0.863
0.399
0.823
1.148
0.675
0.547
0.886
0.408
0.795
1.116
0.664
0.530
0.858
0.401
0.821
1.139
0.664
0.528
0.860
0.387
0.576
0.762
0.389
0.576
0.802
0.404
0.492
0.680
0.340
0.584
0.770
0.410
0.564
0.755
0.401
0.567
0.762
0.394
0.537
0.746
0.374
0.555
0.764
0.393
0.580
0.792
0.390
0.673
0.943
0.511
0.573
0.845
0.381
0.564
0.866
0.396
0.581
0.885
0.409
0.540
0.785
0.363
0.467
0.703
0.311
0.555
0.817
0.388
0.581
0.901
0.432
0.571
0.830
0.395
0.590
0.860
0.416
0.603
0.880
0.431
0.551
0.770
0.378
0.598
0.820
0.410
0.602
0.864
0.423
0.603
0.873
0.434
0.579
0.848
0.404
0.577
0.889
0.430
0.496
0.741
0.340
0.571
0.888
0.421
0.600
0.901
0.429
0.597
0.888
0.419
0.612
0.894
0.417
0.573
0.860
0.397
0.631
0.935
0.466
0.719
0.962
0.533
0.586
0.885
0.417
0.632
0.904
0.427
0.583
0.930
0.472
0.586
0.928
0.456
0.615
0.969
0.495
0.553
0.918
0.449
0.861
1.221
0.738
0.558
0.922
0.449
0.799
1.163
0.699
0.566
0.918
0.454
0.831
1.178
0.700
0.554
0.905
0.432
0.582
0.831
0.442
0.591
0.869
0.452
0.488
0.729
0.372
0.587
0.830
0.451
0.575
0.824
0.444
0.575
0.824
0.439
0.542
0.797
0.411
0.560
0.811
0.425
0.577
0.846
0.429
0.677
0.983
0.549
0.570
0.887
0.418
0.588
0.925
0.452
0.595
0.931
0.457
0.534
0.824
0.395
0.456
0.737
0.341
0.557
0.865
0.431
0.603
0.958
0.485
0.582
0.885
0.437
0.597
0.908
0.462
0.607
0.926
0.466
0.557
0.820
0.421
0.599
0.893
0.456
0.612
0.920
0.482
0.622
0.932
0.482
0.585
0.900
0.446
0.603
0.945
0.486
0.483
0.770
0.362
0.604
0.951
0.469
0.615
0.950
0.474
0.596
0.927
0.467
0.619
0.943
0.465
0.574
0.913
0.454
0.645
0.983
0.519
0.702
0.993
0.561
0.591
0.929
0.464
0.644
0.961
0.481
0.624
0.960
0.529
0.608
0.932
0.493
0.641
0.989
0.541
0.587
0.939
0.498
0.876
1.216
0.769
0.586
0.936
0.497
0.604
0.962
0.508
0.598
0.938
0.502
0.870
1.211
0.759
0.583
0.922
0.477
0.621
0.848
0.490
0.636
0.897
0.513
0.532
0.756
0.421
0.625
0.854
0.502
0.631
0.850
0.509
0.615
0.864
0.499
0.579
0.826
0.465
0.592
0.827
0.470
0.631
0.880
0.496
0.712
1.008
0.600
0.643
0.949
0.509
0.622
0.948
0.501
0.630
0.961
0.508
0.588
0.875
0.466
0.509
0.780
0.403
0.585
0.884
0.475
0.636
0.973
0.525
0.611
0.902
0.487
0.626
0.928
0.509
0.632
0.936
0.505
0.582
0.837
0.455
0.641
0.916
0.507
0.644
0.945
0.528
0.652
0.944
0.526
0.624
0.929
0.504
0.643
0.967
0.538
0.521
0.791
0.403
0.622
0.960
0.514
0.639
0.966
0.526
0.628
0.944
0.512
0.649
0.959
0.510
0.607
0.932
0.501
0.674
0.993
0.561
0.737
1.024
0.611
0.622
0.947
0.511
0.657
0.964
0.515
0.526
0.877
0.438
0.504
0.843
0.411
0.550
0.916
0.464
0.492
0.865
0.419
0.791
1.151
0.700
0.500
0.871
0.425
0.521
0.888
0.432
0.774
1.136
0.697
0.774
1.134
0.677
0.488
0.857
0.403
0.541
0.783
0.415
0.538
0.818
0.425
0.449
0.697
0.354
0.539
0.786
0.428
0.533
0.770
0.427
0.526
0.785
0.415
0.491
0.754
0.386
0.513
0.758
0.398
0.537
0.803
0.410
0.640
0.949
0.533
0.528
0.848
0.402
0.535
0.872
0.420
0.542
0.884
0.427
0.489
0.788
0.373
0.418
0.700
0.320
0.504
0.811
0.397
0.555
0.911
0.462
0.529
0.840
0.415
0.556
0.872
0.439
0.561
0.887
0.443
0.505
0.779
0.392
0.570
0.865
0.439
0.562
0.878
0.454
0.573
0.890
0.461
0.530
0.855
0.418
0.559
0.897
0.464
0.462
0.745
0.351
0.533
0.885
0.444
0.562
0.904
0.451
0.563
0.890
0.446
0.575
0.900
0.446
0.528
0.863
0.423
0.600
0.931
0.497
0.681
0.971
0.550
0.552
0.893
0.444
0.601
0.903
0.451
0.574
0.904
0.416
0.558
0.885
0.385
0.586
0.927
0.425
0.531
0.879
0.386
0.823
1.163
0.659
0.546
0.889
0.393
0.569
0.907
0.402
0.786
1.124
0.642
0.549
0.888
0.395
0.543
0.878
0.381
0.584
0.806
0.388
0.599
0.848
0.407
0.499
0.714
0.339
0.590
0.813
0.401
0.584
0.808
0.401
0.573
0.806
0.389
0.553
0.785
0.373
0.561
0.790
0.382
0.594
0.837
0.392
0.697
0.978
0.519
0.583
0.876
0.382
0.578
0.892
0.391
0.599
0.909
0.405
0.537
0.805
0.359
0.465
0.723
0.311
0.553
0.837
0.381
0.598
0.932
0.427
0.585
0.866
0.394
0.599
0.893
0.414
0.605
0.906
0.421
0.557
0.794
0.373
0.608
0.867
0.419
0.613
0.895
0.431
0.616
0.907
0.436
0.591
0.880
0.405
0.599
0.924
0.431
0.497
0.754
0.331
0.588
0.926
0.419
0.621
0.936
0.432
0.605
0.911
0.420
0.625
0.927
0.422
0.577
0.893
0.403
0.635
0.952
0.458
0.709
0.974
0.520
0.602
0.918
0.419
0.635
0.928
0.429
0.522
0.872
0.412
0.503
0.851
0.383
0.553
0.909
0.438
0.489
0.853
0.389
0.796
1.150
0.679
0.504
0.873
0.399
0.526
0.884
0.410
0.755
1.117
0.658
0.503
0.857
0.396
0.787
1.134
0.662
0.534
0.787
0.391
0.534
0.817
0.404
0.453
0.697
0.339
0.539
0.792
0.409
0.526
0.781
0.401
0.523
0.790
0.392
0.494
0.757
0.365
0.512
0.768
0.382
0.537
0.808
0.389
0.648
0.953
0.519
0.532
0.851
0.382
0.530
0.864
0.397
0.536
0.876
0.402
0.499
0.798
0.367
0.427
0.700
0.310
0.510
0.815
0.383
0.552
0.914
0.443
0.534
0.842
0.397
0.551
0.871
0.419
0.562
0.897
0.437
0.513
0.787
0.380
0.554
0.856
0.418
0.563
0.889
0.438
0.562
0.887
0.437
0.537
0.860
0.408
0.541
0.894
0.433
0.462
0.739
0.338
0.527
0.888
0.414
0.555
0.901
0.428
0.550
0.894
0.423
0.574
0.906
0.425
0.522
0.866
0.405
0.569
0.918
0.452
0.677
0.981
0.538
0.543
0.890
0.420
0.585
0.903
0.424
0.686
0.648
0.408
0.694
0.620
0.381
0.722
0.703
0.436
0.664
0.621
0.391
0.980
0.935
0.686
0.689
0.616
0.390
0.692
0.668
0.408
0.948
0.923
0.666
0.673
0.645
0.390
0.947
0.909
0.641
0.654
0.644
0.374
0.737
0.613
0.401
0.622
0.525
0.340
0.732
0.598
0.401
0.722
0.589
0.396
0.719
0.580
0.380
0.675
0.573
0.367
0.691
0.595
0.383
0.736
0.614
0.391
0.815
0.762
0.510
0.725
0.644
0.379
0.723
0.645
0.395
0.718
0.663
0.403
0.660
0.591
0.356
0.585
0.514
0.305
0.686
0.621
0.380
0.745
0.671
0.430
0.736
0.627
0.396
0.746
0.642
0.413
0.760
0.670
0.426
0.691
0.595
0.373
0.753
0.648
0.414
0.769
0.648
0.426
0.782
0.664
0.438
0.737
0.643
0.403
0.750
0.639
0.431
0.606
0.565
0.331
0.735
0.654
0.415
0.767
0.669
0.424
0.751
0.668
0.419
0.773
0.685
0.419
0.723
0.636
0.399
0.786
0.685
0.459
0.829
0.756
0.508
0.752
0.652
0.415
0.768
0.703
0.425
0.713
0.649
0.410
0.722
0.633
0.387
0.768
0.708
0.452
0.696
0.630
0.389
1.013
0.948
0.695
0.715
0.629
0.396
0.722
0.664
0.410
0.990
0.915
0.678
0.699
0.641
0.394
1.005
0.939
0.672
0.692
0.641
0.379
0.748
0.604
0.393
0.648
0.536
0.343
0.769
0.605
0.410
0.757
0.603
0.406
0.751
0.595
0.394
0.698
0.582
0.368
0.715
0.596
0.388
0.764
0.619
0.395
0.824
0.734
0.504
0.747
0.639
0.384
0.750
0.641
0.401
0.745
0.664
0.407
0.690
0.602
0.360
0.610
0.521
0.312
0.705
0.610
0.382
0.780
0.676
0.441
0.760
0.625
0.395
0.777
0.647
0.418
0.790
0.668
0.433
0.715
0.597
0.379
0.781
0.642
0.415
0.806
0.662
0.434
0.806
0.655
0.436
0.767
0.642
0.404
0.782
0.654
0.438
0.626
0.567
0.332
0.752
0.651
0.414
0.796
0.667
0.431
0.778
0.665
0.427
0.798
0.682
0.422
0.751
0.628
0.403
0.813
0.679
0.459
0.861
0.764
0.525
0.779
0.654
0.422
0.796
0.690
0.427
0.585
0.543
0.343
0.586
0.516
0.313
0.625
0.578
0.367
0.570
0.523
0.326
0.831
0.778
0.570
0.588
0.518
0.331
0.598
0.556
0.348
0.839
0.781
0.586
0.571
0.528
0.324
0.838
0.783
0.569
0.557
0.523
0.311
0.621
0.488
0.329
0.638
0.509
0.341
0.631
0.478
0.341
0.630
0.485
0.342
0.625
0.478
0.328
0.591
0.485
0.314
0.593
0.489
0.322
0.628
0.498
0.324
0.712
0.643
0.444
0.625
0.533
0.319
0.610
0.525
0.325
0.615
0.547
0.334
0.577
0.505
0.300
0.519
0.448
0.265
0.602
0.517
0.327
0.637
0.546
0.361
0.633
0.508
0.329
0.638
0.525
0.342
0.648
0.540
0.357
0.601
0.498
0.321
0.654
0.522
0.346
0.664
0.528
0.354
0.660
0.532
0.359
0.643
0.522
0.341
0.646
0.534
0.362
0.539
0.486
0.292
0.620
0.540
0.341
0.652
0.548
0.350
0.650
0.551
0.354
0.658
0.569
0.346
0.628
0.519
0.337
0.676
0.567
0.385
0.730
0.641
0.446
0.644
0.539
0.348
0.656
0.571
0.350
0.731
0.652
0.446
0.725
0.627
0.409
0.777
0.713
0.486
0.701
0.626
0.417
1.020
0.938
0.719
0.733
0.625
0.434
0.722
0.654
0.435
0.977
0.903
0.686
0.711
0.647
0.431
1.022
0.940
0.708
0.695
0.647
0.410
0.776
0.602
0.427
0.791
0.601
0.440
0.665
0.526
0.373
0.779
0.587
0.438
0.772
0.588
0.425
0.724
0.570
0.404
0.738
0.587
0.421
0.782
0.608
0.425
0.856
0.743
0.543
0.776
0.659
0.420
0.765
0.638
0.424
0.769
0.664
0.440
0.700
0.598
0.386
0.620
0.525
0.334
0.728
0.628
0.416
0.797
0.668
0.470
0.785
0.608
0.428
0.796
0.631
0.449
0.813
0.665
0.469
0.737
0.586
0.415
0.802
0.638
0.452
0.825
0.640
0.461
0.829
0.642
0.471
0.790
0.627
0.440
0.798
0.638
0.467
0.645
0.579
0.366
0.767
0.643
0.448
0.827
0.663
0.470
0.806
0.670
0.461
0.831
0.679
0.459
0.776
0.626
0.434
0.842
0.675
0.492
0.890
0.771
0.562
0.803
0.642
0.451
0.813
0.679
0.457
0.710
0.611
0.416
0.702
0.578
0.380
0.754
0.658
0.446
0.680
0.579
0.384
0.989
0.885
0.678
0.697
0.563
0.387
0.705
0.608
0.401
0.975
0.857
0.671
0.688
0.596
0.393
0.988
0.884
0.665
0.676
0.591
0.375
0.747
0.566
0.393
0.762
0.572
0.405
0.646
0.496
0.344
0.757
0.567
0.407
0.746
0.551
0.393
0.703
0.538
0.372
0.713
0.553
0.386
0.754
0.565
0.389
0.830
0.701
0.508
0.747
0.609
0.384
0.744
0.589
0.393
0.741
0.624
0.405
0.682
0.565
0.358
0.603
0.489
0.307
0.709
0.581
0.385
0.772
0.620
0.438
0.755
0.577
0.393
0.775
0.602
0.418
0.783
0.621
0.429
0.711
0.564
0.379
0.776
0.607
0.416
0.807
0.610
0.432
0.801
0.612
0.435
0.763
0.595
0.404
0.782
0.603
0.436
0.618
0.532
0.328
0.741
0.596
0.410
0.796
0.621
0.432
0.774
0.628
0.422
0.801
0.647
0.427
0.753
0.589
0.404
0.817
0.646
0.460
0.853
0.721
0.520
0.781
0.606
0.421
0.792
0.643
0.430
0.653
0.522
0.357
0.670
0.528
0.344
0.706
0.579
0.399
0.643
0.517
0.347
0.949
0.821
0.638
0.668
0.515
0.358
0.677
0.552
0.372
0.917
0.772
0.615
0.649
0.520
0.350
0.911
0.786
0.595
0.640
0.535
0.343
0.690
0.489
0.343
0.698
0.500
0.355
0.600
0.440
0.303
0.696
0.491
0.354
0.688
0.479
0.350
0.649
0.470
0.327
0.662
0.488
0.342
0.709
0.502
0.352
0.781
0.638
0.471
0.691
0.520
0.338
0.685
0.513
0.344
0.680
0.540
0.354
0.642
0.505
0.319
0.572
0.430
0.280
0.660
0.502
0.344
0.712
0.532
0.377
0.708
0.504
0.353
0.714
0.514
0.362
0.718
0.529
0.366
0.657
0.482
0.327
0.716
0.524
0.357
0.737
0.522
0.369
0.741
0.543
0.381
0.710
0.515
0.355
0.727
0.523
0.386
0.586
0.474
0.300
0.704
0.530
0.366
0.726
0.531
0.370
0.725
0.538
0.377
0.740
0.552
0.368
0.712
0.510
0.366
0.764
0.567
0.420
0.800
0.650
0.466
0.726
0.520
0.374
0.735
0.562
0.368
0.636
0.604
0.375
0.629
0.573
0.338
0.671
0.649
0.402
0.605
0.580
0.346
0.905
0.854
0.624
0.631
0.571
0.358
0.641
0.613
0.375
0.894
0.863
0.633
0.615
0.587
0.355
0.901
0.867
0.613
0.592
0.586
0.335
0.678
0.543
0.358
0.692
0.552
0.368
0.595
0.490
0.318
0.687
0.538
0.371
0.687
0.531
0.370
0.682
0.527
0.359
0.644
0.527
0.349
0.685
0.554
0.354
0.768
0.702
0.479
0.681
0.597
0.353
0.672
0.588
0.358
0.672
0.614
0.368
0.618
0.556
0.326
0.557
0.493
0.286
0.641
0.571
0.347
0.698
0.605
0.397
0.688
0.560
0.354
0.702
0.589
0.376
0.704
0.600
0.386
0.649
0.544
0.347
0.715
0.586
0.384
0.728
0.591
0.390
0.723
0.582
0.390
0.697
0.575
0.370
0.708
0.595
0.401
0.569
0.532
0.309
0.670
0.584
0.373
0.718
0.611
0.388
0.709
0.617
0.389
0.727
0.627
0.384
0.685
0.589
0.371
0.731
0.619
0.415
0.784
0.699
0.479
0.710
0.599
0.387
0.723
0.639
0.390
0.665
0.625
0.410
0.654
0.590
0.369
0.700
0.661
0.431
0.639
0.596
0.382
0.933
0.886
0.660
0.667
0.596
0.396
0.673
0.639
0.412
0.910
0.852
0.644
0.646
0.602
0.388
0.940
0.899
0.657
0.627
0.606
0.369
0.697
0.565
0.384
0.717
0.583
0.402
0.611
0.503
0.340
0.717
0.576
0.406
0.709
0.560
0.398
0.709
0.555
0.391
0.650
0.541
0.358
0.709
0.571
0.381
0.796
0.729
0.515
0.708
0.618
0.382
0.691
0.614
0.388
0.696
0.639
0.397
0.640
0.574
0.353
0.573
0.499
0.306
0.667
0.591
0.376
0.713
0.632
0.424
0.710
0.586
0.381
0.720
0.616
0.404
0.726
0.627
0.415
0.671
0.564
0.374
0.733
0.598
0.409
0.748
0.612
0.414
0.746
0.618
0.424
0.718
0.597
0.396
0.718
0.612
0.418
0.593
0.552
0.333
0.690
0.616
0.399
0.740
0.640
0.416
0.732
0.642
0.416
0.743
0.656
0.403
0.700
0.603
0.392
0.765
0.657
0.454
0.826
0.740
0.521
0.730
0.624
0.410
0.746
0.668
0.419
0.703
0.662
0.400
0.704
0.640
0.369
0.754
0.715
0.433
0.687
0.644
0.379
0.984
0.945
0.665
0.709
0.643
0.386
0.706
0.673
0.395
0.969
0.919
0.657
0.697
0.658
0.387
0.978
0.939
0.648
0.684
0.658
0.373
0.745
0.618
0.386
0.761
0.627
0.399
0.638
0.537
0.329
0.756
0.615
0.396
0.750
0.606
0.396
0.750
0.605
0.387
0.691
0.595
0.359
0.704
0.600
0.374
0.818
0.749
0.494
0.743
0.658
0.377
0.742
0.661
0.393
0.741
0.688
0.402
0.679
0.614
0.347
0.599
0.538
0.300
0.695
0.629
0.370
0.761
0.677
0.417
0.756
0.636
0.384
0.765
0.658
0.404
0.773
0.676
0.413
0.706
0.605
0.366
0.771
0.651
0.402
0.791
0.666
0.413
0.788
0.662
0.418
0.758
0.651
0.393
0.762
0.658
0.415
0.620
0.581
0.328
0.738
0.655
0.396
0.784
0.680
0.415
0.767
0.684
0.413
0.788
0.688
0.404
0.740
0.640
0.390
0.801
0.688
0.444
0.850
0.778
0.510
0.766
0.664
0.406
0.780
0.701
0.410
0.702
0.868
0.455
0.702
0.857
0.431
0.749
0.918
0.487
0.673
0.844
0.425
0.955
1.124
0.692
0.684
0.850
0.431
0.711
0.883
0.452
0.930
1.092
0.677
0.679
0.848
0.431
0.939
1.101
0.673
0.669
0.840
0.416
0.728
0.779
0.426
0.728
0.789
0.428
0.620
0.686
0.362
0.725
0.765
0.430
0.717
0.767
0.423
0.716
0.768
0.418
0.677
0.745
0.400
0.698
0.768
0.425
0.719
0.780
0.410
0.705
0.826
0.404
0.755
0.893
0.468
0.736
0.884
0.454
0.656
0.770
0.382
0.587
0.705
0.336
0.678
0.802
0.407
0.738
0.892
0.465
0.732
0.821
0.425
0.747
0.847
0.450
0.738
0.850
0.441
0.693
0.765
0.411
0.745
0.815
0.440
0.770
0.857
0.454
0.781
0.864
0.474
0.734
0.833
0.431
0.753
0.883
0.470
0.600
0.728
0.357
0.723
0.876
0.447
0.761
0.887
0.461
0.764
0.888
0.472
0.772
0.888
0.458
0.736
0.866
0.452
0.808
0.922
0.511
0.835
0.947
0.555
0.748
0.875
0.453
0.782
0.911
0.477
0.658
0.838
0.385
0.661
0.826
0.360
0.708
0.889
0.421
0.643
0.825
0.368
0.948
1.127
0.655
0.665
0.834
0.373
0.674
0.857
0.385
0.965
1.130
0.676
0.644
0.823
0.366
0.947
1.118
0.651
0.633
0.824
0.357
0.706
0.742
0.368
0.719
0.774
0.378
0.606
0.660
0.320
0.717
0.746
0.384
0.714
0.745
0.380
0.704
0.742
0.369
0.660
0.724
0.353
0.674
0.741
0.367
0.716
0.768
0.370
0.805
0.933
0.507
0.696
0.838
0.369
0.704
0.858
0.387
0.646
0.761
0.344
0.575
0.691
0.301
0.662
0.789
0.360
0.719
0.877
0.407
0.719
0.808
0.374
0.722
0.825
0.389
0.732
0.839
0.399
0.665
0.738
0.351
0.735
0.804
0.391
0.761
0.846
0.409
0.745
0.835
0.399
0.722
0.820
0.381
0.718
0.854
0.401
0.582
0.713
0.319
0.694
0.851
0.381
0.740
0.865
0.402
0.732
0.857
0.401
0.753
0.867
0.401
0.711
0.840
0.386
0.758
0.880
0.422
0.821
0.931
0.509
0.731
0.859
0.398
0.747
0.870
0.406
0.686
0.887
0.418
0.685
0.870
0.385
0.735
0.940
0.456
0.659
0.866
0.390
0.981
1.180
0.692
0.677
0.874
0.395
0.695
0.900
0.413
0.948
1.139
0.673
0.666
0.867
0.393
0.960
1.154
0.671
0.650
0.853
0.375
0.716
0.789
0.392
0.723
0.814
0.403
0.611
0.696
0.340
0.721
0.785
0.402
0.716
0.783
0.397
0.707
0.786
0.389
0.661
0.754
0.368
0.675
0.771
0.382
0.721
0.809
0.392
0.801
0.955
0.516
0.706
0.860
0.385
0.719
0.903
0.417
0.648
0.794
0.358
0.573
0.714
0.307
0.667
0.820
0.379
0.733
0.917
0.433
0.723
0.844
0.392
0.732
0.861
0.411
0.742
0.882
0.421
0.675
0.775
0.376
0.737
0.841
0.410
0.765
0.882
0.426
0.767
0.886
0.434
0.715
0.849
0.391
0.739
0.901
0.431
0.591
0.743
0.336
0.716
0.902
0.412
0.756
0.919
0.437
0.736
0.899
0.426
0.775
0.927
0.436
0.708
0.872
0.398
0.772
0.923
0.455
0.844
0.981
0.543
0.744
0.909
0.428
0.754
0.915
0.427
0.702
0.925
0.435
0.689
0.898
0.396
0.750
0.974
0.472
0.673
0.902
0.405
0.976
1.198
0.691
0.682
0.901
0.402
0.693
0.921
0.416
0.966
1.181
0.696
0.682
0.906
0.413
0.988
1.195
0.696
0.666
0.889
0.392
0.731
0.829
0.412
0.742
0.850
0.419
0.623
0.726
0.354
0.738
0.835
0.425
0.732
0.835
0.418
0.721
0.816
0.406
0.686
0.800
0.391
0.695
0.810
0.402
0.736
0.847
0.409
0.814
0.987
0.527
0.728
0.902
0.406
0.724
0.914
0.414
0.666
0.826
0.377
0.587
0.744
0.323
0.683
0.857
0.395
0.751
0.963
0.455
0.734
0.879
0.409
0.752
0.906
0.432
0.764
0.933
0.445
0.693
0.815
0.394
0.757
0.884
0.433
0.784
0.919
0.450
0.784
0.926
0.452
0.739
0.892
0.416
0.756
0.946
0.448
0.603
0.775
0.349
0.729
0.938
0.427
0.782
0.965
0.461
0.757
0.942
0.446
0.779
0.952
0.445
0.725
0.910
0.420
0.793
0.971
0.474
0.849
1.013
0.555
0.764
0.950
0.447
0.772
0.953
0.449
0.623
0.767
0.371
0.621
0.748
0.345
0.658
0.806
0.394
0.603
0.756
0.353
0.888
1.026
0.622
0.634
0.765
0.368
0.641
0.787
0.378
0.866
1.005
0.602
0.613
0.755
0.357
0.887
1.028
0.615
0.603
0.762
0.350
0.660
0.692
0.354
0.676
0.726
0.368
0.572
0.618
0.310
0.666
0.691
0.365
0.663
0.691
0.362
0.664
0.689
0.354
0.626
0.680
0.346
0.637
0.691
0.361
0.664
0.710
0.349
0.755
0.856
0.482
0.656
0.751
0.346
0.644
0.760
0.352
0.650
0.775
0.365
0.537
0.628
0.287
0.622
0.726
0.347
0.663
0.783
0.386
0.665
0.731
0.354
0.672
0.751
0.367
0.677
0.759
0.382
0.633
0.694
0.349
0.689
0.729
0.373
0.696
0.758
0.379
0.698
0.766
0.388
0.675
0.751
0.365
0.675
0.779
0.392
0.553
0.662
0.314
0.658
0.778
0.375
0.686
0.781
0.377
0.685
0.784
0.382
0.695
0.782
0.375
0.663
0.764
0.369
0.717
0.817
0.422
0.759
0.852
0.474
0.678
0.777
0.376
0.692
0.789
0.380
0.539
0.704
0.309
0.539
0.689
0.287
0.583
0.747
0.344
0.529
0.699
0.303
0.772
0.932
0.527
0.541
0.696
0.300
0.559
0.726
0.318
0.769
0.924
0.532
0.524
0.689
0.292
0.769
0.928
0.524
0.516
0.686
0.284
0.575
0.626
0.296
0.587
0.651
0.306
0.506
0.570
0.266
0.577
0.623
0.305
0.573
0.625
0.300
0.573
0.627
0.298
0.542
0.612
0.285
0.551
0.621
0.300
0.582
0.646
0.296
0.676
0.803
0.427
0.574
0.686
0.299
0.562
0.701
0.295
0.570
0.714
0.308
0.531
0.638
0.279
0.547
0.669
0.294
0.578
0.724
0.321
0.584
0.673
0.297
0.587
0.683
0.309
0.588
0.688
0.314
0.549
0.624
0.289
0.604
0.678
0.320
0.611
0.697
0.320
0.602
0.694
0.319
0.588
0.685
0.306
0.582
0.711
0.323
0.499
0.619
0.273
0.570
0.714
0.309
0.596
0.719
0.317
0.591
0.714
0.317
0.603
0.716
0.313
0.577
0.703
0.311
0.622
0.746
0.345
0.678
0.787
0.419
0.588
0.714
0.312
0.604
0.725
0.321
0.622
0.790
0.368
0.621
0.772
0.339
0.668
0.840
0.402
0.608
0.782
0.354
0.913
1.078
0.640
0.616
0.775
0.348
0.640
0.812
0.376
0.899
1.060
0.637
0.601
0.768
0.346
0.898
1.062
0.627
0.585
0.763
0.328
0.654
0.706
0.347
0.662
0.730
0.354
0.571
0.634
0.308
0.660
0.705
0.361
0.658
0.703
0.355
0.651
0.704
0.345
0.606
0.676
0.320
0.622
0.697
0.343
0.656
0.720
0.337
0.752
0.876
0.480
0.644
0.766
0.342
0.644
0.780
0.349
0.642
0.792
0.355
0.602
0.721
0.326
0.536
0.650
0.280
0.660
0.799
0.375
0.664
0.749
0.341
0.672
0.769
0.360
0.670
0.776
0.365
0.624
0.706
0.337
0.678
0.758
0.363
0.694
0.777
0.368
0.694
0.781
0.377
0.662
0.761
0.346
0.662
0.792
0.372
0.546
0.676
0.303
0.650
0.796
0.358
0.681
0.804
0.371
0.670
0.794
0.371
0.689
0.800
0.362
0.647
0.773
0.350
0.699
0.813
0.395
0.756
0.867
0.468
0.669
0.791
0.359
0.685
0.803
0.369
0.597
0.891
0.427
0.606
0.889
0.409
0.636
0.945
0.457
0.576
0.877
0.402
0.950
1.243
0.760
0.592
0.886
0.419
0.655
0.949
0.472
0.888
1.176
0.709
0.584
0.871
0.408
0.916
1.203
0.720
0.572
0.872
0.393
0.623
0.785
0.402
0.642
0.832
0.427
0.537
0.687
0.352
0.618
0.763
0.407
0.627
0.776
0.415
0.610
0.775
0.397
0.585
0.747
0.381
0.602
0.766
0.396
0.630
0.814
0.405
0.770
1.004
0.573
0.609
0.858
0.381
0.610
0.876
0.401
0.617
0.890
0.406
0.572
0.796
0.371
0.499
0.714
0.315
0.596
0.826
0.393
0.632
0.846
0.407
0.633
0.859
0.419
0.658
0.885
0.445
0.594
0.767
0.390
0.640
0.816
0.417
0.646
0.866
0.436
0.663
0.872
0.445
0.627
0.846
0.404
0.631
0.905
0.441
0.538
0.758
0.351
0.639
0.925
0.440
0.646
0.914
0.429
0.641
0.904
0.424
0.657
0.913
0.422
0.605
0.873
0.399
0.677
0.946
0.472
0.739
0.968
0.529
0.630
0.893
0.415
0.666
0.915
0.430
0.676
0.651
0.382
0.682
0.624
0.350
0.738
0.718
0.430
0.648
0.636
0.357
0.976
0.943
0.663
0.682
0.622
0.367
0.686
0.673
0.386
0.959
0.945
0.657
0.663
0.649
0.367
0.978
0.942
0.657
0.651
0.632
0.350
0.717
0.598
0.369
0.739
0.609
0.383
0.624
0.524
0.321
0.722
0.591
0.376
0.722
0.581
0.377
0.723
0.587
0.370
0.679
0.581
0.352
0.691
0.594
0.366
0.738
0.609
0.370
0.828
0.772
0.509
0.716
0.646
0.356
0.706
0.629
0.361
0.705
0.656
0.372
0.658
0.605
0.335
0.582
0.529
0.289
0.687
0.630
0.361
0.739
0.660
0.399
0.745
0.631
0.384
0.751
0.652
0.394
0.684
0.599
0.353
0.747
0.626
0.382
0.768
0.638
0.390
0.771
0.640
0.400
0.739
0.628
0.374
0.742
0.637
0.400
0.604
0.565
0.318
0.727
0.656
0.389
0.761
0.653
0.391
0.746
0.656
0.385
0.771
0.672
0.388
0.721
0.622
0.369
0.774
0.682
0.421
0.816
0.747
0.477
0.748
0.643
0.385
0.759
0.670
0.386
0.656
0.679
0.377
0.672
0.664
0.350
0.706
0.744
0.413
0.642
0.666
0.359
0.988
1.002
0.687
0.677
0.662
0.372
0.679
0.714
0.387
0.937
0.965
0.649
0.654
0.677
0.362
0.975
0.987
0.662
0.636
0.675
0.349
0.705
0.621
0.364
0.727
0.641
0.378
0.606
0.536
0.309
0.707
0.607
0.369
0.713
0.609
0.374
0.711
0.598
0.359
0.660
0.598
0.340
0.678
0.619
0.362
0.718
0.637
0.363
0.802
0.792
0.493
0.699
0.671
0.347
0.692
0.660
0.356
0.687
0.683
0.361
0.646
0.616
0.327
0.571
0.545
0.284
0.672
0.653
0.354
0.720
0.674
0.391
0.720
0.642
0.360
0.736
0.665
0.389
0.669
0.601
0.342
0.728
0.632
0.372
0.747
0.660
0.385
0.755
0.661
0.394
0.719
0.653
0.366
0.723
0.671
0.394
0.587
0.586
0.309
0.717
0.690
0.383
0.742
0.684
0.382
0.726
0.688
0.379
0.740
0.682
0.368
0.705
0.655
0.364
0.766
0.716
0.419
0.801
0.764
0.470
0.731
0.673
0.377
0.738
0.699
0.378
0.675
0.716
0.403
0.683
0.696
0.376
0.724
0.784
0.443
0.654
0.707
0.385
1.009
1.039
0.717
0.689
0.698
0.399
0.696
0.746
0.416
0.959
1.005
0.681
0.664
0.707
0.387
0.996
1.033
0.696
0.637
0.712
0.370
0.725
0.646
0.387
0.754
0.677
0.410
0.627
0.566
0.338
0.727
0.624
0.392
0.737
0.643
0.402
0.731
0.635
0.388
0.680
0.620
0.366
0.690
0.642
0.383
0.739
0.672
0.392
0.825
0.821
0.523
0.717
0.698
0.372
0.713
0.702
0.383
0.713
0.723
0.392
0.664
0.656
0.360
0.587
0.576
0.306
0.686
0.683
0.378
0.748
0.737
0.433
0.739
0.681
0.391
0.746
0.693
0.405
0.690
0.632
0.375
0.750
0.673
0.408
0.768
0.697
0.419
0.776
0.706
0.429
0.733
0.691
0.393
0.734
0.703
0.418
0.607
0.627
0.338
0.736
0.730
0.416
0.760
0.722
0.413
0.751
0.733
0.410
0.762
0.732
0.403
0.717
0.695
0.388
0.779
0.762
0.449
0.825
0.803
0.504
0.750
0.719
0.408
0.766
0.748
0.419
0.622
0.622
0.381
0.617
0.596
0.345
0.663
0.678
0.418
0.599
0.606
0.357
0.901
0.903
0.647
0.614
0.594
0.363
0.640
0.648
0.392
0.888
0.891
0.644
0.601
0.608
0.361
0.906
0.909
0.645
0.588
0.609
0.346
0.661
0.567
0.367
0.675
0.578
0.378
0.579
0.510
0.323
0.667
0.547
0.381
0.664
0.552
0.377
0.661
0.548
0.368
0.625
0.553
0.351
0.632
0.559
0.360
0.670
0.580
0.365
0.758
0.732
0.496
0.658
0.612
0.356
0.635
0.597
0.349
0.653
0.635
0.373
0.604
0.575
0.332
0.536
0.497
0.288
0.628
0.600
0.355
0.663
0.614
0.390
0.667
0.586
0.362
0.673
0.600
0.375
0.676
0.603
0.387
0.692
0.602
0.388
0.696
0.608
0.390
0.700
0.608
0.400
0.668
0.595
0.370
0.677
0.617
0.400
0.555
0.549
0.317
0.651
0.613
0.375
0.689
0.626
0.388
0.677
0.632
0.383
0.688
0.635
0.375
0.653
0.595
0.367
0.704
0.644
0.416
0.760
0.720
0.481
0.682
0.619
0.386
0.692
0.651
0.385
0.692
0.630
0.402
0.704
0.623
0.378
0.758
0.706
0.457
0.682
0.629
0.391
1.022
0.958
0.713
0.703
0.619
0.400
0.700
0.652
0.405
0.984
0.911
0.685
0.687
0.629
0.392
0.995
0.935
0.684
0.663
0.627
0.373
0.732
0.587
0.392
0.756
0.603
0.407
0.641
0.510
0.343
0.735
0.574
0.399
0.738
0.581
0.401
0.738
0.576
0.390
0.696
0.568
0.373
0.700
0.572
0.384
0.752
0.607
0.398
0.829
0.741
0.519
0.731
0.613
0.378
0.726
0.621
0.383
0.723
0.646
0.395
0.679
0.585
0.361
0.599
0.511
0.312
0.698
0.601
0.383
0.742
0.633
0.419
0.749
0.606
0.393
0.750
0.616
0.402
0.756
0.618
0.415
0.704
0.583
0.380
0.775
0.626
0.415
0.778
0.635
0.428
0.756
0.628
0.407
0.755
0.638
0.430
0.615
0.557
0.339
0.754
0.651
0.421
0.776
0.646
0.423
0.755
0.647
0.409
0.775
0.647
0.410
0.738
0.619
0.399
0.791
0.671
0.449
0.832
0.732
0.501
0.766
0.641
0.416
0.769
0.659
0.410
0.677
0.711
0.393
0.697
0.693
0.359
0.735
0.791
0.438
0.670
0.707
0.376
0.985
1.012
0.675
0.702
0.701
0.387
0.704
0.758
0.413
0.945
0.998
0.653
0.670
0.715
0.374
0.973
0.997
0.657
0.648
0.719
0.365
0.737
0.650
0.384
0.758
0.673
0.396
0.632
0.557
0.324
0.747
0.627
0.391
0.739
0.629
0.381
0.744
0.634
0.377
0.692
0.614
0.359
0.704
0.638
0.378
0.758
0.672
0.384
0.841
0.827
0.513
0.735
0.715
0.368
0.719
0.705
0.367
0.726
0.724
0.383
0.665
0.645
0.340
0.592
0.581
0.297
0.692
0.685
0.365
0.730
0.710
0.393
0.739
0.656
0.363
0.743
0.675
0.380
0.754
0.687
0.396
0.688
0.625
0.355
0.747
0.658
0.383
0.764
0.676
0.396
0.745
0.672
0.381
0.737
0.695
0.399
0.604
0.617
0.323
0.734
0.721
0.391
0.754
0.695
0.383
0.747
0.718
0.390
0.764
0.716
0.380
0.726
0.685
0.373
0.783
0.751
0.431
0.821
0.794
0.483
0.740
0.691
0.377
0.766
0.724
0.393
0.731
0.673
0.424
0.737
0.657
0.401
0.786
0.745
0.477
0.705
0.661
0.405
1.023
0.970
0.707
0.732
0.650
0.411
0.729
0.690
0.422
1.003
0.956
0.693
0.713
0.663
0.407
1.017
0.967
0.698
0.688
0.658
0.385
0.767
0.628
0.411
0.780
0.635
0.419
0.656
0.533
0.349
0.770
0.615
0.416
0.767
0.604
0.414
0.762
0.603
0.400
0.710
0.587
0.378
0.727
0.598
0.400
0.782
0.639
0.412
0.849
0.769
0.528
0.744
0.647
0.382
0.762
0.662
0.408
0.747
0.677
0.410
0.693
0.617
0.368
0.612
0.527
0.315
0.720
0.638
0.394
0.773
0.673
0.433
0.781
0.640
0.406
0.782
0.654
0.417
0.788
0.672
0.431
0.723
0.611
0.389
0.782
0.645
0.418
0.799
0.659
0.424
0.770
0.654
0.407
0.782
0.663
0.439
0.631
0.573
0.348
0.775
0.683
0.428
0.805
0.678
0.433
0.781
0.676
0.420
0.802
0.688
0.423
0.759
0.649
0.404
0.818
0.698
0.459
0.861
0.778
0.523
0.792
0.670
0.424
0.797
0.691
0.427
0.660
0.697
0.396
0.671
0.674
0.361
0.712
0.755
0.432
0.637
0.685
0.370
0.956
0.985
0.668
0.672
0.675
0.383
0.671
0.715
0.395
0.945
0.990
0.671
0.651
0.687
0.377
0.976
1.000
0.679
0.634
0.688
0.362
0.711
0.637
0.382
0.721
0.648
0.389
0.610
0.550
0.328
0.715
0.622
0.389
0.716
0.619
0.389
0.712
0.624
0.379
0.670
0.606
0.360
0.679
0.617
0.375
0.725
0.654
0.382
0.815
0.809
0.518
0.707
0.688
0.368
0.691
0.678
0.369
0.693
0.706
0.381
0.648
0.641
0.345
0.571
0.560
0.296
0.667
0.659
0.367
0.707
0.691
0.395
0.722
0.655
0.377
0.722
0.669
0.387
0.721
0.682
0.393
0.671
0.620
0.358
0.736
0.668
0.393
0.745
0.672
0.396
0.744
0.672
0.401
0.719
0.685
0.406
0.585
0.596
0.320
0.706
0.695
0.389
0.734
0.690
0.393
0.726
0.700
0.395
0.743
0.701
0.390
0.711
0.672
0.384
0.750
0.713
0.426
0.804
0.776
0.486
0.724
0.688
0.391
0.737
0.705
0.392
0.611
0.877
0.423
0.600
0.866
0.397
0.631
0.921
0.451
0.583
0.866
0.403
0.908
1.177
0.707
0.605
0.885
0.427
0.642
0.918
0.454
0.869
1.132
0.690
0.594
0.862
0.412
0.898
1.166
0.694
0.564
0.851
0.386
0.634
0.762
0.406
0.660
0.803
0.427
0.549
0.677
0.359
0.638
0.761
0.418
0.643
0.781
0.425
0.635
0.753
0.410
0.602
0.749
0.394
0.616
0.765
0.407
0.651
0.808
0.413
0.767
0.976
0.556
0.631
0.860
0.398
0.626
0.870
0.403
0.638
0.889
0.414
0.585
0.785
0.378
0.514
0.715
0.326
0.608
0.821
0.398
0.633
0.909
0.443
0.638
0.829
0.411
0.638
0.850
0.425
0.647
0.868
0.438
0.610
0.759
0.402
0.659
0.810
0.439
0.662
0.865
0.446
0.663
0.850
0.448
0.637
0.835
0.422
0.543
0.758
0.364
0.647
0.921
0.448
0.653
0.897
0.431
0.649
0.896
0.427
0.655
0.894
0.422
0.629
0.875
0.415
0.696
0.944
0.476
0.735
0.953
0.529
0.638
0.892
0.423
0.675
0.907
0.434
0.507
0.747
0.349
0.506
0.736
0.333
0.545
0.785
0.380
0.489
0.735
0.333
0.752
0.983
0.579
0.507
0.743
0.347
0.525
0.769
0.364
0.739
0.970
0.579
0.496
0.733
0.336
0.748
0.981
0.573
0.488
0.734
0.327
0.530
0.662
0.334
0.542
0.693
0.349
0.475
0.594
0.303
0.539
0.657
0.350
0.530
0.654
0.340
0.533
0.664
0.339
0.504
0.650
0.326
0.516
0.658
0.333
0.543
0.689
0.341
0.637
0.834
0.459
0.533
0.724
0.333
0.520
0.737
0.331
0.532
0.748
0.344
0.503
0.678
0.318
0.452
0.622
0.281
0.510
0.706
0.333
0.539
0.768
0.366
0.536
0.710
0.341
0.537
0.728
0.351
0.545
0.736
0.362
0.510
0.655
0.328
0.552
0.698
0.357
0.554
0.732
0.366
0.555
0.736
0.372
0.536
0.718
0.346
0.538
0.757
0.371
0.528
0.755
0.353
0.553
0.765
0.362
0.548
0.757
0.357
0.562
0.759
0.358
0.527
0.735
0.344
0.573
0.792
0.394
0.643
0.827
0.456
0.541
0.756
0.354
0.568
0.766
0.363
0.529
0.837
0.396
0.505
0.805
0.366
0.568
0.880
0.431
0.494
0.814
0.372
0.830
1.134
0.687
0.513
0.830
0.393
0.557
0.863
0.414
0.780
1.074
0.645
0.513
0.817
0.384
0.812
1.119
0.663
0.493
0.815
0.367
0.553
0.741
0.375
0.560
0.778
0.393
0.477
0.664
0.330
0.542
0.728
0.387
0.541
0.715
0.383
0.530
0.734
0.372
0.510
0.713
0.354
0.533
0.724
0.372
0.550
0.760
0.377
0.670
0.927
0.519
0.545
0.812
0.362
0.543
0.828
0.381
0.548
0.832
0.379
0.512
0.758
0.350
0.446
0.682
0.304
0.540
0.793
0.377
0.579
0.883
0.426
0.562
0.799
0.387
0.575
0.828
0.398
0.590
0.849
0.417
0.532
0.741
0.367
0.591
0.815
0.406
0.582
0.832
0.408
0.599
0.837
0.423
0.569
0.826
0.392
0.572
0.867
0.423
0.480
0.717
0.329
0.581
0.864
0.408
0.581
0.862
0.399
0.608
0.874
0.414
0.552
0.840
0.388
0.610
0.904
0.451
0.702
0.958
0.534
0.586
0.867
0.406
0.608
0.877
0.409
0.693
0.879
0.401
0.702
0.864
0.370
0.735
0.924
0.434
0.663
0.852
0.373
0.993
1.176
0.684
0.693
0.865
0.384
0.720
0.908
0.420
0.951
1.125
0.664
0.673
0.857
0.379
0.983
1.159
0.672
0.656
0.849
0.365
0.735
0.775
0.380
0.746
0.802
0.389
0.627
0.675
0.327
0.747
0.775
0.397
0.741
0.776
0.390
0.737
0.770
0.380
0.689
0.748
0.363
0.694
0.762
0.370
0.749
0.804
0.381
0.855
0.988
0.542
0.718
0.846
0.365
0.733
0.882
0.392
0.723
0.890
0.395
0.663
0.778
0.347
0.585
0.705
0.299
0.684
0.814
0.367
0.745
0.908
0.409
0.750
0.829
0.381
0.751
0.847
0.389
0.752
0.857
0.395
0.689
0.754
0.362
0.752
0.805
0.396
0.770
0.847
0.399
0.784
0.857
0.413
0.745
0.839
0.388
0.747
0.892
0.413
0.610
0.746
0.333
0.740
0.903
0.403
0.753
0.888
0.407
0.780
0.903
0.405
0.727
0.865
0.387
0.787
0.919
0.434
0.849
0.962
0.521
0.772
0.911
0.416
0.773
0.906
0.410
0.682
0.857
0.376
0.694
0.859
0.355
0.735
0.919
0.421
0.666
0.853
0.359
0.997
1.179
0.674
0.689
0.860
0.371
0.694
0.879
0.382
0.970
1.135
0.657
0.674
0.852
0.364
0.987
1.156
0.667
0.655
0.845
0.346
0.721
0.778
0.367
0.727
0.801
0.374
0.620
0.684
0.319
0.725
0.774
0.376
0.718
0.779
0.369
0.721
0.776
0.365
0.670
0.739
0.346
0.686
0.762
0.360
0.736
0.808
0.372
0.830
0.966
0.517
0.705
0.834
0.353
0.699
0.851
0.357
0.703
0.871
0.373
0.657
0.773
0.336
0.579
0.701
0.290
0.672
0.806
0.356
0.718
0.884
0.377
0.730
0.822
0.362
0.728
0.838
0.371
0.740
0.856
0.382
0.673
0.756
0.344
0.731
0.819
0.372
0.751
0.846
0.388
0.763
0.857
0.394
0.724
0.834
0.370
0.720
0.874
0.386
0.590
0.728
0.309
0.723
0.886
0.374
0.744
0.880
0.386
0.747
0.875
0.374
0.706
0.849
0.367
0.757
0.897
0.415
0.808
0.926
0.482
0.734
0.876
0.382
0.748
0.878
0.385
0.706
0.882
0.407
0.717
0.869
0.377
0.753
0.940
0.448
0.686
0.873
0.385
1.012
1.187
0.696
0.705
0.865
0.386
0.722
0.906
0.417
0.978
1.147
0.678
0.681
0.856
0.380
1.010
1.176
0.688
0.664
0.862
0.372
0.749
0.786
0.387
0.768
0.815
0.400
0.642
0.681
0.334
0.764
0.785
0.402
0.755
0.784
0.393
0.751
0.775
0.380
0.700
0.754
0.366
0.715
0.775
0.382
0.768
0.816
0.390
0.868
0.988
0.540
0.741
0.855
0.377
0.745
0.883
0.393
0.747
0.901
0.405
0.676
0.784
0.355
0.594
0.705
0.301
0.696
0.820
0.370
0.752
0.906
0.405
0.762
0.827
0.383
0.754
0.841
0.388
0.766
0.866
0.402
0.706
0.763
0.370
0.768
0.803
0.401
0.783
0.852
0.400
0.790
0.857
0.416
0.751
0.826
0.385
0.753
0.883
0.409
0.625
0.751
0.342
0.757
0.902
0.408
0.782
0.899
0.410
0.762
0.887
0.399
0.729
0.856
0.380
0.799
0.929
0.441
0.852
0.951
0.512
0.770
0.897
0.403
0.784
0.903
0.408
0.669
0.870
0.392
0.676
0.863
0.363
0.723
0.925
0.434
0.647
0.857
0.369
0.973
1.174
0.674
0.681
0.870
0.382
0.696
0.901
0.408
0.944
1.126
0.661
0.656
0.854
0.373
0.965
1.157
0.668
0.639
0.848
0.357
0.712
0.778
0.380
0.720
0.804
0.387
0.603
0.673
0.325
0.713
0.762
0.387
0.722
0.778
0.389
0.711
0.765
0.378
0.662
0.739
0.357
0.671
0.756
0.370
0.726
0.809
0.383
0.834
0.981
0.538
0.696
0.844
0.365
0.690
0.859
0.366
0.686
0.871
0.376
0.642
0.779
0.346
0.568
0.703
0.297
0.658
0.805
0.362
0.702
0.885
0.389
0.719
0.827
0.373
0.717
0.833
0.384
0.722
0.855
0.391
0.665
0.754
0.360
0.722
0.814
0.389
0.741
0.844
0.398
0.749
0.851
0.403
0.721
0.837
0.386
0.709
0.881
0.399
0.579
0.727
0.318
0.715
0.894
0.392
0.731
0.884
0.393
0.714
0.876
0.393
0.737
0.883
0.388
0.759
0.917
0.434
0.803
0.938
0.496
0.712
0.872
0.381
0.733
0.885
0.390
0.725
0.897
0.446
0.741
0.899
0.423
0.785
0.967
0.487
0.704
0.891
0.420
1.037
1.213
0.731
0.729
0.899
0.428
0.762
0.941
0.469
1.004
1.167
0.710
0.717
0.887
0.429
1.034
1.208
0.735
0.687
0.873
0.399
0.768
0.812
0.434
0.772
0.831
0.433
0.651
0.711
0.364
0.775
0.804
0.439
0.776
0.814
0.440
0.762
0.811
0.423
0.706
0.764
0.395
0.736
0.797
0.426
0.782
0.842
0.430
0.854
0.977
0.553
0.748
0.875
0.410
0.763
0.903
0.438
0.752
0.911
0.435
0.709
0.829
0.402
0.618
0.741
0.340
0.711
0.837
0.404
0.757
0.918
0.446
0.770
0.860
0.425
0.778
0.878
0.442
0.784
0.898
0.448
0.722
0.795
0.408
0.783
0.864
0.443
0.808
0.893
0.458
0.807
0.889
0.460
0.763
0.868
0.428
0.769
0.915
0.453
0.621
0.758
0.358
0.775
0.933
0.450
0.788
0.918
0.449
0.765
0.904
0.443
0.798
0.924
0.447
0.753
0.895
0.431
0.860
0.985
0.549
0.776
0.912
0.444
0.807
0.943
0.464
0.726
0.862
0.466
0.744
0.866
0.451
0.768
0.915
0.499
0.722
0.872
0.464
1.028
1.157
0.749
0.770
0.897
0.497
0.752
0.896
0.486
0.990
1.128
0.724
0.736
0.872
0.468
1.010
1.146
0.729
0.716
0.872
0.455
0.763
0.791
0.450
0.774
0.816
0.465
0.663
0.692
0.393
0.797
0.812
0.489
0.772
0.791
0.466
0.780
0.799
0.462
0.741
0.786
0.457
0.750
0.793
0.462
0.771
0.811
0.449
0.870
0.969
0.592
0.759
0.848
0.445
0.774
0.876
0.469
0.779
0.894
0.486
0.708
0.795
0.428
0.626
0.715
0.372
0.724
0.821
0.442
0.758
0.872
0.464
0.768
0.821
0.444
0.764
0.826
0.449
0.777
0.844
0.463
0.716
0.764
0.426
0.771
0.798
0.443
0.799
0.850
0.475
0.800
0.849
0.477
0.769
0.828
0.451
0.759
0.864
0.471
0.639
0.749
0.396
0.787
0.909
0.496
0.796
0.883
0.478
0.776
0.871
0.465
0.799
0.879
0.468
0.763
0.854
0.456
0.821
0.923
0.519
0.788
0.878
0.474
0.808
0.893
0.483
0.695
0.872
0.404
0.717
0.872
0.379
0.753
0.934
0.448
0.679
0.860
0.384
1.029
1.202
0.714
0.705
0.868
0.395
0.720
0.895
0.415
0.978
1.140
0.682
0.685
0.859
0.388
1.010
1.174
0.696
0.662
0.848
0.371
0.746
0.778
0.389
0.756
0.801
0.396
0.635
0.675
0.333
0.758
0.770
0.402
0.755
0.777
0.398
0.744
0.763
0.384
0.697
0.740
0.367
0.709
0.761
0.382
0.763
0.811
0.395
0.856
0.974
0.539
0.732
0.850
0.377
0.732
0.867
0.389
0.737
0.890
0.402
0.670
0.776
0.350
0.594
0.705
0.302
0.697
0.813
0.376
0.744
0.892
0.409
0.761
0.830
0.388
0.762
0.844
0.400
0.768
0.864
0.408
0.696
0.752
0.366
0.761
0.806
0.399
0.786
0.852
0.413
0.793
0.859
0.420
0.748
0.832
0.389
0.752
0.890
0.415
0.617
0.749
0.336
0.750
0.904
0.407
0.783
0.905
0.418
0.760
0.886
0.412
0.788
0.904
0.408
0.733
0.860
0.389
0.796
0.917
0.444
0.847
0.954
0.516
0.781
0.900
0.410
0.704
0.883
0.424
0.704
0.865
0.390
0.755
0.941
0.465
0.684
0.872
0.403
1.020
1.201
0.726
0.701
0.865
0.404
0.738
0.921
0.450
0.988
1.155
0.703
0.694
0.864
0.404
1.010
1.178
0.713
0.662
0.847
0.378
0.732
0.779
0.399
0.750
0.815
0.413
0.623
0.671
0.336
0.737
0.775
0.407
0.736
0.777
0.405
0.737
0.770
0.392
0.690
0.751
0.378
0.704
0.776
0.401
0.750
0.812
0.401
0.846
0.975
0.546
0.727
0.849
0.388
0.732
0.878
0.408
0.726
0.886
0.414
0.661
0.773
0.357
0.586
0.701
0.309
0.691
0.819
0.387
0.747
0.900
0.429
0.737
0.818
0.390
0.739
0.836
0.403
0.750
0.857
0.414
0.697
0.764
0.384
0.746
0.797
0.407
0.766
0.841
0.412
0.775
0.850
0.427
0.734
0.822
0.395
0.739
0.875
0.420
0.612
0.743
0.345
0.741
0.897
0.420
0.768
0.896
0.426
0.750
0.882
0.418
0.779
0.896
0.421
0.720
0.849
0.394
0.797
0.929
0.462
0.851
0.953
0.531
0.756
0.888
0.419
