0.373
0.322
0.400
1.015
1.161
1.008
0.406
0.342
0.431
1.013
1.157
0.995
0.344
0.351
0.428
0.995
1.193
1.058
0.354
0.453
0.450
1.133
1.044
0.998
0.308
0.413
0.401
1.087
1.022
0.960
0.336
0.523
0.351
0.507
0.358
0.348
0.330
0.538
0.368
0.493
0.339
0.373
0.316
0.536
0.379
0.485
0.328
0.368
0.392
0.330
0.412
1.019
1.158
1.000
0.419
0.347
0.438
1.014
1.151
0.985
0.357
0.354
0.436
0.993
1.188
1.049
0.357
0.456
0.452
1.137
1.046
0.993
0.312
0.421
0.408
1.088
1.022
0.952
0.341
0.531
0.356
0.519
0.363
0.357
0.332
0.543
0.375
0.508
0.343
0.386
0.320
0.540
0.383
0.499
0.334
0.377
0.370
0.317
0.394
1.005
1.151
0.997
0.402
0.333
0.421
1.003
1.146
0.985
0.341
0.341
0.421
0.986
1.185
1.050
0.354
0.447
0.447
1.135
1.046
0.996
0.304
0.403
0.392
1.078
1.012
0.951
0.329
0.515
0.343
0.504
0.348
0.344
0.321
0.529
0.357
0.491
0.331
0.368
0.306
0.524
0.366
0.482
0.319
0.360
0.390
0.334
0.411
1.022
1.167
1.016
0.415
0.351
0.436
1.015
1.161
1.003
0.356
0.354
0.431
1.000
1.196
1.064
0.363
0.451
0.457
1.142
1.048
1.008
0.317
0.415
0.403
1.095
1.026
0.968
0.349
0.532
0.364
0.529
0.368
0.364
0.340
0.546
0.384
0.515
0.347
0.388
0.329
0.544
0.393
0.511
0.341
0.384
0.388
0.346
0.420
1.025
1.153
1.016
0.409
0.362
0.443
1.022
1.150
1.004
0.357
0.371
0.442
1.009
1.188
1.067
0.373
0.460
0.465
1.162
1.058
1.014
0.321
0.412
0.407
1.106
1.023
0.965
0.357
0.527
0.365
0.532
0.386
0.364
0.346
0.536
0.384
0.517
0.361
0.387
0.333
0.533
0.388
0.509
0.353
0.379
0.399
0.338
0.421
1.012
1.111
0.997
0.421
0.357
0.446
1.008
1.108
0.985
0.362
0.364
0.445
0.990
1.146
1.049
0.360
0.436
0.453
1.139
1.024
0.992
0.315
0.398
0.402
1.091
1.001
0.952
0.346
0.510
0.357
0.527
0.374
0.367
0.341
0.517
0.371
0.519
0.358
0.392
0.324
0.511
0.377
0.509
0.346
0.383
0.380
0.331
0.407
1.017
1.140
1.000
0.404
0.348
0.434
1.017
1.142
0.994
0.349
0.359
0.433
0.996
1.177
1.056
0.360
0.434
0.451
1.151
1.042
1.003
0.311
0.401
0.401
1.100
1.020
0.961
0.342
0.515
0.350
0.516
0.368
0.353
0.336
0.528
0.367
0.504
0.350
0.378
0.319
0.522
0.373
0.498
0.338
0.371
0.368
0.317
0.390
1.008
1.102
0.993
0.382
0.334
0.411
1.000
1.100
0.983
0.333
0.346
0.413
0.981
1.125
1.037
0.339
0.418
0.427
1.122
1.009
0.980
0.301
0.388
0.386
1.088
0.996
0.953
0.329
0.488
0.344
0.496
0.357
0.341
0.324
0.497
0.363
0.486
0.336
0.365
0.306
0.491
0.365
0.476
0.321
0.356
0.425
0.390
0.454
1.061
1.200
1.052
0.445
0.408
0.477
1.054
1.193
1.039
0.393
0.417
0.476
1.033
1.220
1.090
0.427
0.523
0.514
1.197
1.104
1.057
0.367
0.466
0.449
1.133
1.062
0.999
0.405
0.574
0.413
0.568
0.434
0.406
0.393
0.586
0.430
0.553
0.411
0.427
0.371
0.570
0.423
0.534
0.392
0.407
0.390
0.342
0.412
1.039
1.173
1.017
0.411
0.357
0.432
1.030
1.166
1.001
0.357
0.367
0.434
1.011
1.199
1.059
0.376
0.467
0.462
1.170
1.067
1.021
0.323
0.423
0.403
1.111
1.036
0.969
0.355
0.537
0.364
0.527
0.378
0.365
0.350
0.549
0.377
0.515
0.361
0.385
0.331
0.543
0.382
0.504
0.347
0.376
0.375
0.335
0.374
1.020
1.133
0.982
0.397
0.349
0.401
1.014
1.130
0.976
0.342
0.359
0.400
0.985
1.152
1.016
0.362
0.447
0.422
1.139
1.052
0.982
0.316
0.396
0.370
1.099
1.025
0.946
0.345
0.502
0.345
0.513
0.373
0.344
0.340
0.511
0.352
0.499
0.355
0.356
0.323
0.503
0.356
0.490
0.345
0.350
0.418
0.379
0.440
1.020
1.157
1.014
0.438
0.388
0.456
1.017
1.149
0.999
0.382
0.397
0.456
0.992
1.179
1.050
0.405
0.487
0.483
1.144
1.048
1.007
0.359
0.455
0.431
1.100
1.029
0.968
0.395
0.563
0.396
0.561
0.422
0.399
0.381
0.572
0.408
0.542
0.397
0.415
0.361
0.557
0.403
0.525
0.379
0.397
0.363
0.329
0.394
0.997
1.157
1.002
0.378
0.352
0.418
0.984
1.151
0.988
0.345
0.364
0.432
0.986
1.196
1.057
0.357
0.429
0.440
1.111
1.010
0.990
0.314
0.399
0.396
1.065
0.995
0.951
0.349
0.535
0.343
0.503
0.369
0.342
0.338
0.544
0.356
0.484
0.348
0.359
0.318
0.541
0.367
0.474
0.333
0.355
0.378
0.324
0.395
1.007
1.160
0.992
0.396
0.345
0.421
0.996
1.151
0.979
0.352
0.353
0.430
0.987
1.194
1.043
0.348
0.432
0.433
1.107
1.011
0.975
0.309
0.410
0.397
1.064
0.999
0.940
0.343
0.544
0.346
0.502
0.359
0.346
0.333
0.552
0.361
0.489
0.340
0.365
0.314
0.546
0.370
0.477
0.328
0.358
0.358
0.315
0.379
0.993
1.153
0.989
0.381
0.337
0.407
0.985
1.147
0.978
0.337
0.345
0.416
0.978
1.189
1.043
0.350
0.428
0.433
1.109
1.016
0.983
0.303
0.394
0.384
1.056
0.991
0.939
0.331
0.528
0.333
0.489
0.347
0.332
0.323
0.538
0.346
0.472
0.331
0.348
0.302
0.531
0.354
0.461
0.315
0.342
0.379
0.335
0.396
1.012
1.171
1.008
0.398
0.359
0.425
1.003
1.167
0.999
0.356
0.363
0.430
0.995
1.205
1.059
0.360
0.434
0.442
1.116
1.018
0.994
0.318
0.410
0.399
1.075
1.009
0.956
0.355
0.547
0.356
0.516
0.372
0.354
0.343
0.555
0.371
0.498
0.351
0.369
0.325
0.552
0.381
0.489
0.338
0.365
0.376
0.347
0.406
1.016
1.155
1.009
0.395
0.372
0.433
1.010
1.152
1.001
0.355
0.376
0.436
1.003
1.189
1.060
0.372
0.443
0.452
1.139
1.033
1.005
0.323
0.403
0.400
1.088
1.006
0.958
0.363
0.541
0.356
0.520
0.390
0.356
0.349
0.544
0.371
0.501
0.365
0.370
0.328
0.538
0.376
0.488
0.351
0.362
0.383
0.331
0.402
0.999
1.097
0.986
0.399
0.353
0.427
0.988
1.091
0.971
0.355
0.359
0.433
0.976
1.127
1.034
0.355
0.413
0.435
1.108
0.991
0.974
0.313
0.384
0.391
1.067
0.976
0.938
0.347
0.514
0.344
0.508
0.369
0.351
0.340
0.516
0.357
0.498
0.353
0.370
0.317
0.505
0.363
0.485
0.337
0.362
0.361
0.325
0.387
1.002
1.135
0.991
0.381
0.349
0.416
0.998
1.139
0.987
0.340
0.358
0.420
0.987
1.173
1.047
0.356
0.414
0.435
1.122
1.009
0.988
0.309
0.386
0.389
1.077
0.993
0.948
0.343
0.523
0.337
0.496
0.367
0.335
0.334
0.530
0.350
0.481
0.347
0.353
0.313
0.522
0.357
0.473
0.331
0.348
0.359
0.316
0.379
1.000
1.091
0.987
0.370
0.337
0.401
0.985
1.086
0.974
0.334
0.346
0.409
0.976
1.107
1.030
0.334
0.397
0.410
1.099
0.981
0.968
0.300
0.377
0.378
1.065
0.971
0.940
0.332
0.495
0.336
0.483
0.356
0.331
0.326
0.496
0.350
0.471
0.337
0.350
0.302
0.488
0.354
0.457
0.317
0.341
0.415
0.389
0.441
1.060
1.211
1.052
0.428
0.411
0.464
1.042
1.196
1.033
0.392
0.421
0.472
1.035
1.233
1.090
0.427
0.511
0.503
1.183
1.088
1.053
0.367
0.459
0.442
1.119
1.048
0.994
0.407
0.588
0.404
0.552
0.434
0.393
0.397
0.597
0.418
0.536
0.413
0.407
0.368
0.580
0.413
0.515
0.390
0.391
0.382
0.343
0.400
1.029
1.178
1.010
0.396
0.364
0.422
1.013
1.166
0.992
0.357
0.370
0.429
1.004
1.203
1.048
0.372
0.448
0.445
1.142
1.035
1.003
0.324
0.416
0.395
1.091
1.016
0.957
0.361
0.554
0.355
0.515
0.382
0.354
0.354
0.560
0.365
0.501
0.364
0.368
0.330
0.553
0.371
0.487
0.345
0.361
0.366
0.334
0.359
1.012
1.139
0.975
0.384
0.354
0.389
1.003
1.135
0.970
0.344
0.364
0.391
0.983
1.160
1.008
0.354
0.435
0.401
1.110
1.027
0.963
0.315
0.394
0.360
1.078
1.012
0.934
0.348
0.518
0.337
0.497
0.373
0.334
0.343
0.523
0.342
0.482
0.358
0.342
0.319
0.512
0.344
0.471
0.341
0.336
0.416
0.386
0.435
1.023
1.170
1.015
0.425
0.399
0.450
1.011
1.159
1.000
0.387
0.407
0.458
0.995
1.191
1.050
0.409
0.477
0.475
1.129
1.031
1.003
0.366
0.453
0.430
1.090
1.019
0.966
0.407
0.584
0.394
0.556
0.433
0.396
0.391
0.586
0.401
0.534
0.406
0.404
0.363
0.570
0.396
0.514
0.382
0.388
0.388
0.343
0.420
1.013
1.168
1.012
0.395
0.361
0.435
0.993
1.153
0.990
0.354
0.368
0.445
0.987
1.195
1.059
0.373
0.443
0.457
1.138
1.024
1.005
0.319
0.408
0.407
1.080
0.995
0.951
0.368
0.549
0.352
0.525
0.382
0.354
0.351
0.554
0.368
0.511
0.358
0.376
0.337
0.549
0.377
0.504
0.348
0.373
0.385
0.330
0.409
1.020
1.172
1.006
0.403
0.350
0.431
1.009
1.160
0.990
0.349
0.355
0.436
0.989
1.197
1.052
0.361
0.445
0.448
1.133
1.028
0.996
0.310
0.412
0.402
1.082
1.005
0.949
0.353
0.546
0.348
0.513
0.365
0.347
0.340
0.553
0.364
0.500
0.345
0.370
0.325
0.549
0.375
0.493
0.335
0.368
0.385
0.328
0.405
1.012
1.164
0.996
0.399
0.342
0.423
0.994
1.146
0.977
0.346
0.348
0.429
0.980
1.189
1.043
0.369
0.450
0.453
1.141
1.034
0.999
0.309
0.406
0.397
1.077
0.997
0.940
0.348
0.538
0.342
0.513
0.359
0.346
0.333
0.546
0.359
0.500
0.338
0.368
0.319
0.540
0.365
0.492
0.329
0.362
0.404
0.347
0.422
1.031
1.183
1.019
0.411
0.362
0.437
1.010
1.166
1.001
0.367
0.365
0.443
1.002
1.208
1.064
0.376
0.449
0.459
1.145
1.033
1.008
0.324
0.419
0.409
1.093
1.013
0.959
0.371
0.558
0.365
0.539
0.382
0.366
0.354
0.564
0.384
0.525
0.360
0.387
0.343
0.561
0.392
0.521
0.353
0.386
0.399
0.356
0.429
1.031
1.161
1.019
0.410
0.374
0.447
1.017
1.150
1.002
0.363
0.377
0.450
1.003
1.186
1.062
0.388
0.457
0.469
1.167
1.045
1.018
0.327
0.411
0.411
1.103
1.007
0.958
0.377
0.550
0.363
0.540
0.399
0.365
0.358
0.550
0.380
0.526
0.371
0.386
0.343
0.544
0.384
0.515
0.362
0.378
0.407
0.345
0.428
1.013
1.100
0.996
0.417
0.360
0.444
0.996
1.092
0.975
0.368
0.366
0.451
0.981
1.125
1.039
0.373
0.429
0.454
1.138
1.005
0.991
0.322
0.396
0.406
1.085
0.981
0.942
0.363
0.525
0.357
0.532
0.382
0.366
0.352
0.523
0.371
0.525
0.363
0.389
0.335
0.513
0.374
0.515
0.354
0.382
0.386
0.338
0.412
1.021
1.145
1.000
0.399
0.353
0.431
1.005
1.138
0.985
0.353
0.360
0.435
0.989
1.172
1.047
0.372
0.430
0.452
1.154
1.026
1.005
0.315
0.397
0.402
1.094
0.998
0.950
0.359
0.534
0.347
0.520
0.378
0.351
0.345
0.538
0.363
0.509
0.356
0.372
0.327
0.530
0.366
0.500
0.343
0.365
0.378
0.328
0.399
1.010
1.097
0.992
0.383
0.344
0.416
0.993
1.092
0.976
0.341
0.351
0.420
0.977
1.110
1.030
0.349
0.414
0.428
1.126
0.995
0.982
0.307
0.389
0.391
1.082
0.977
0.943
0.344
0.507
0.343
0.502
0.366
0.341
0.335
0.508
0.362
0.493
0.345
0.364
0.317
0.499
0.363
0.482
0.330
0.358
0.434
0.399
0.461
1.080
1.226
1.065
0.440
0.415
0.476
1.055
1.205
1.042
0.397
0.422
0.481
1.039
1.237
1.095
0.440
0.523
0.517
1.213
1.103
1.071
0.374
0.472
0.454
1.145
1.063
1.006
0.424
0.600
0.415
0.574
0.446
0.405
0.407
0.606
0.431
0.558
0.419
0.422
0.387
0.589
0.424
0.543
0.404
0.409
0.406
0.355
0.423
1.050
1.189
1.018
0.412
0.370
0.436
1.026
1.170
0.995
0.367
0.375
0.444
1.009
1.203
1.049
0.390
0.463
0.464
1.172
1.053
1.019
0.331
0.426
0.406
1.111
1.022
0.960
0.378
0.564
0.365
0.537
0.392
0.367
0.366
0.568
0.377
0.525
0.371
0.385
0.347
0.559
0.380
0.515
0.358
0.379
0.395
0.349
0.385
1.044
1.160
0.994
0.405
0.363
0.409
1.027
1.149
0.984
0.357
0.369
0.408
0.997
1.167
1.017
0.374
0.451
0.424
1.149
1.048
0.988
0.326
0.409
0.375
1.106
1.026
0.945
0.366
0.529
0.349
0.523
0.385
0.350
0.358
0.534
0.358
0.511
0.367
0.362
0.339
0.523
0.360
0.501
0.354
0.358
0.459
0.418
0.479
1.064
1.206
1.048
0.460
0.424
0.484
1.045
1.186
1.025
0.413
0.428
0.489
1.022
1.217
1.076
0.446
0.513
0.514
1.180
1.066
1.039
0.393
0.483
0.462
1.131
1.045
0.992
0.448
0.622
0.429
0.598
0.463
0.430
0.426
0.621
0.437
0.576
0.432
0.440
0.403
0.602
0.430
0.560
0.415
0.426
0.351
0.311
0.375
0.989
1.138
0.980
0.361
0.321
0.387
0.973
1.122
0.961
0.325
0.331
0.402
0.971
1.168
1.028
0.348
0.417
0.432
1.130
1.020
0.989
0.293
0.375
0.373
1.070
0.987
0.935
0.327
0.509
0.326
0.492
0.349
0.327
0.317
0.520
0.341
0.480
0.329
0.345
0.301
0.514
0.353
0.472
0.317
0.342
0.346
0.299
0.364
0.997
1.143
0.977
0.371
0.315
0.387
0.991
1.130
0.961
0.321
0.322
0.394
0.972
1.170
1.021
0.336
0.419
0.424
1.123
1.022
0.979
0.286
0.380
0.369
1.071
0.995
0.932
0.317
0.509
0.325
0.482
0.337
0.321
0.309
0.520
0.340
0.469
0.318
0.338
0.292
0.516
0.353
0.463
0.308
0.339
0.365
0.305
0.376
1.001
1.141
0.970
0.382
0.317
0.394
0.990
1.123
0.950
0.335
0.324
0.401
0.972
1.165
1.011
0.338
0.422
0.426
1.124
1.020
0.971
0.288
0.387
0.374
1.072
0.995
0.923
0.319
0.515
0.330
0.492
0.339
0.331
0.311
0.526
0.348
0.484
0.320
0.351
0.296
0.519
0.356
0.474
0.311
0.346
0.366
0.314
0.378
1.005
1.151
0.987
0.384
0.328
0.397
0.994
1.137
0.972
0.336
0.329
0.400
0.980
1.175
1.029
0.349
0.418
0.434
1.132
1.023
0.989
0.297
0.384
0.376
1.080
1.000
0.940
0.333
0.519
0.340
0.504
0.349
0.338
0.322
0.528
0.356
0.494
0.331
0.355
0.309
0.526
0.369
0.488
0.323
0.355
0.360
0.323
0.382
1.004
1.132
0.985
0.376
0.337
0.402
0.994
1.121
0.970
0.333
0.343
0.406
0.982
1.161
1.029
0.356
0.429
0.439
1.148
1.032
0.994
0.299
0.379
0.375
1.084
0.990
0.935
0.338
0.513
0.338
0.504
0.365
0.336
0.325
0.517
0.353
0.491
0.341
0.352
0.308
0.511
0.361
0.484
0.331
0.348
0.369
0.311
0.382
0.988
1.070
0.964
0.386
0.324
0.400
0.980
1.067
0.945
0.337
0.330
0.406
0.962
1.099
1.008
0.345
0.403
0.430
1.124
0.997
0.971
0.293
0.362
0.371
1.071
0.969
0.921
0.323
0.486
0.329
0.497
0.347
0.336
0.317
0.489
0.341
0.490
0.331
0.354
0.298
0.477
0.349
0.482
0.320
0.351
0.352
0.307
0.369
0.994
1.118
0.969
0.370
0.320
0.388
0.988
1.113
0.958
0.325
0.327
0.392
0.969
1.149
1.016
0.345
0.404
0.427
1.136
1.015
0.981
0.288
0.365
0.366
1.079
0.985
0.928
0.323
0.500
0.325
0.489
0.346
0.324
0.314
0.506
0.336
0.477
0.326
0.339
0.296
0.499
0.346
0.472
0.316
0.338
0.348
0.300
0.361
0.995
1.076
0.969
0.360
0.314
0.376
0.984
1.068
0.955
0.317
0.319
0.381
0.967
1.092
1.006
0.325
0.390
0.404
1.118
0.992
0.968
0.283
0.360
0.358
1.077
0.972
0.932
0.311
0.474
0.324
0.475
0.340
0.319
0.305
0.478
0.338
0.466
0.319
0.336
0.288
0.470
0.345
0.458
0.306
0.333
0.391
0.360
0.411
1.036
1.178
1.017
0.404
0.374
0.427
1.019
1.160
0.998
0.363
0.384
0.436
1.004
1.197
1.052
0.407
0.489
0.485
1.178
1.074
1.033
0.340
0.430
0.413
1.107
1.025
0.965
0.379
0.556
0.382
0.534
0.407
0.371
0.369
0.567
0.398
0.522
0.387
0.387
0.345
0.550
0.394
0.505
0.368
0.373
0.366
0.323
0.380
1.027
1.165
0.994
0.381
0.335
0.396
1.009
1.145
0.973
0.339
0.340
0.403
0.993
1.182
1.026
0.360
0.435
0.439
1.160
1.044
1.003
0.305
0.393
0.377
1.100
1.011
0.945
0.339
0.527
0.340
0.505
0.360
0.340
0.333
0.536
0.352
0.495
0.342
0.354
0.313
0.528
0.359
0.486
0.330
0.350
0.358
0.320
0.344
1.020
1.135
0.966
0.375
0.330
0.366
1.007
1.119
0.955
0.328
0.336
0.365
0.981
1.144
0.990
0.348
0.423
0.396
1.138
1.044
0.972
0.300
0.373
0.341
1.094
1.014
0.929
0.329
0.492
0.322
0.488
0.354
0.320
0.325
0.498
0.327
0.478
0.339
0.328
0.307
0.489
0.334
0.471
0.329
0.328
0.405
0.367
0.417
1.016
1.153
0.997
0.415
0.372
0.426
1.003
1.137
0.979
0.372
0.381
0.434
0.984
1.170
1.028
0.402
0.469
0.471
1.148
1.038
1.004
0.347
0.432
0.410
1.092
1.009
0.951
0.387
0.560
0.381
0.546
0.412
0.383
0.373
0.565
0.390
0.529
0.388
0.392
0.350
0.550
0.388
0.514
0.371
0.382
0.404
0.354
0.423
1.026
1.175
1.022
0.403
0.365
0.436
1.004
1.164
1.005
0.365
0.373
0.439
1.002
1.202
1.069
0.379
0.446
0.464
1.140
1.031
1.013
0.333
0.414
0.410
1.090
1.009
0.963
0.368
0.553
0.373
0.540
0.387
0.378
0.357
0.560
0.386
0.523
0.365
0.394
0.345
0.562
0.405
0.520
0.357
0.398
0.395
0.337
0.408
1.026
1.173
1.013
0.410
0.356
0.433
1.015
1.166
1.002
0.357
0.357
0.426
0.999
1.198
1.057
0.363
0.448
0.454
1.127
1.029
0.998
0.321
0.414
0.402
1.087
1.013
0.958
0.353
0.548
0.367
0.522
0.368
0.367
0.342
0.554
0.378
0.506
0.349
0.382
0.330
0.557
0.399
0.503
0.340
0.388
0.417
0.346
0.422
1.036
1.176
1.010
0.425
0.359
0.440
1.016
1.162
0.993
0.375
0.359
0.434
1.002
1.196
1.049
0.364
0.450
0.454
1.132
1.031
0.993
0.325
0.423
0.409
1.090
1.018
0.951
0.357
0.555
0.373
0.536
0.371
0.378
0.347
0.562
0.387
0.524
0.354
0.397
0.336
0.564
0.404
0.519
0.346
0.398
0.392
0.332
0.402
1.013
1.161
1.001
0.405
0.345
0.422
1.001
1.151
0.987
0.352
0.346
0.416
0.988
1.187
1.046
0.364
0.443
0.452
1.127
1.030
0.996
0.316
0.405
0.394
1.075
1.002
0.945
0.343
0.536
0.357
0.515
0.355
0.360
0.334
0.543
0.367
0.501
0.339
0.375
0.322
0.545
0.386
0.497
0.330
0.378
0.415
0.368
0.434
1.042
1.172
1.028
0.419
0.382
0.452
1.025
1.163
1.014
0.375
0.383
0.446
1.016
1.199
1.071
0.386
0.459
0.472
1.158
1.046
1.017
0.340
0.419
0.415
1.110
1.019
0.968
0.381
0.559
0.386
0.551
0.400
0.386
0.366
0.560
0.398
0.534
0.375
0.401
0.354
0.561
0.413
0.533
0.370
0.404
0.422
0.357
0.433
1.024
1.114
1.006
0.428
0.370
0.451
1.007
1.106
0.988
0.375
0.370
0.443
0.992
1.136
1.047
0.373
0.436
0.461
1.135
1.012
0.995
0.330
0.402
0.408
1.092
0.994
0.952
0.363
0.531
0.373
0.544
0.386
0.386
0.356
0.533
0.384
0.534
0.369
0.402
0.342
0.529
0.400
0.531
0.363
0.406
0.405
0.352
0.420
1.034
1.160
1.013
0.417
0.364
0.442
1.022
1.155
1.004
0.366
0.369
0.434
1.003
1.184
1.057
0.374
0.440
0.461
1.150
1.033
1.008
0.328
0.408
0.407
1.103
1.013
0.961
0.362
0.543
0.370
0.534
0.380
0.373
0.352
0.549
0.382
0.521
0.362
0.389
0.340
0.549
0.399
0.521
0.354
0.394
0.395
0.337
0.405
1.028
1.115
1.008
0.396
0.350
0.420
1.009
1.106
0.994
0.349
0.352
0.415
0.991
1.126
1.043
0.349
0.417
0.434
1.129
1.006
0.992
0.315
0.393
0.392
1.096
0.995
0.960
0.344
0.510
0.360
0.514
0.365
0.359
0.336
0.513
0.375
0.504
0.347
0.379
0.324
0.511
0.388
0.500
0.336
0.379
0.451
0.411
0.468
1.077
1.219
1.064
0.453
0.425
0.485
1.055
1.205
1.047
0.410
0.429
0.481
1.041
1.233
1.096
0.442
0.529
0.524
1.194
1.096
1.063
0.385
0.477
0.460
1.135
1.059
1.004
0.424
0.604
0.434
0.585
0.448
0.426
0.411
0.610
0.446
0.567
0.425
0.439
0.394
0.602
0.452
0.558
0.412
0.432
0.417
0.363
0.428
1.058
1.197
1.032
0.420
0.375
0.442
1.034
1.181
1.013
0.374
0.377
0.438
1.022
1.215
1.066
0.390
0.466
0.471
1.171
1.058
1.027
0.341
0.428
0.413
1.118
1.031
0.974
0.376
0.568
0.383
0.546
0.392
0.385
0.368
0.572
0.392
0.533
0.374
0.398
0.352
0.571
0.406
0.527
0.363
0.399
0.409
0.358
0.396
1.049
1.163
1.002
0.417
0.371
0.419
1.032
1.155
0.996
0.366
0.372
0.408
1.006
1.172
1.026
0.377
0.452
0.435
1.147
1.050
0.994
0.336
0.408
0.384
1.113
1.031
0.956
0.369
0.533
0.366
0.532
0.384
0.367
0.360
0.536
0.371
0.518
0.367
0.373
0.348
0.533
0.385
0.517
0.361
0.379
0.443
0.397
0.454
1.035
1.173
1.023
0.446
0.403
0.465
1.020
1.163
1.009
0.397
0.406
0.460
1.000
1.189
1.053
0.417
0.488
0.491
1.142
1.038
1.011
0.373
0.458
0.438
1.101
1.020
0.968
0.412
0.588
0.411
0.576
0.432
0.417
0.393
0.588
0.417
0.554
0.405
0.424
0.380
0.584
0.427
0.549
0.395
0.421
0.377
0.354
0.414
1.011
1.149
1.007
0.374
0.366
0.424
0.988
1.130
0.988
0.342
0.386
0.435
0.987
1.173
1.056
0.374
0.475
0.463
1.177
1.065
1.008
0.314
0.421
0.400
1.103
1.021
0.948
0.356
0.533
0.369
0.542
0.392
0.362
0.340
0.540
0.386
0.519
0.362
0.379
0.335
0.544
0.396
0.517
0.360
0.376
0.375
0.339
0.402
1.018
1.150
1.002
0.386
0.358
0.423
1.006
1.135
0.988
0.340
0.370
0.425
0.991
1.171
1.050
0.364
0.480
0.459
1.175
1.072
1.005
0.306
0.424
0.397
1.108
1.030
0.950
0.342
0.528
0.367
0.532
0.377
0.357
0.331
0.535
0.383
0.510
0.351
0.375
0.323
0.539
0.392
0.505
0.346
0.372
0.399
0.348
0.418
1.027
1.151
0.998
0.400
0.363
0.431
1.006
1.131
0.981
0.356
0.375
0.436
0.992
1.169
1.043
0.371
0.487
0.466
1.178
1.074
1.000
0.314
0.434
0.406
1.111
1.033
0.945
0.349
0.538
0.376
0.544
0.382
0.368
0.338
0.545
0.395
0.530
0.358
0.390
0.331
0.548
0.401
0.522
0.354
0.384
0.379
0.336
0.401
1.010
1.140
0.992
0.384
0.347
0.414
0.994
1.120
0.975
0.338
0.363
0.420
0.980
1.161
1.041
0.364
0.476
0.456
1.174
1.068
0.998
0.303
0.416
0.389
1.099
1.017
0.937
0.336
0.520
0.359
0.528
0.365
0.351
0.324
0.527
0.373
0.510
0.341
0.370
0.318
0.530
0.384
0.505
0.337
0.367
0.403
0.358
0.422
1.034
1.167
1.021
0.405
0.373
0.437
1.015
1.148
1.005
0.360
0.381
0.439
1.005
1.186
1.066
0.378
0.484
0.470
1.183
1.075
1.015
0.322
0.434
0.409
1.122
1.040
0.964
0.363
0.546
0.387
0.558
0.391
0.376
0.348
0.552
0.402
0.538
0.364
0.394
0.346
0.559
0.416
0.539
0.366
0.395
0.403
0.356
0.427
1.016
1.117
0.996
0.395
0.365
0.434
0.994
1.096
0.975
0.357
0.385
0.444
0.984
1.141
1.046
0.370
0.471
0.465
1.180
1.052
0.996
0.312
0.414
0.401
1.112
1.009
0.940
0.351
0.520
0.373
0.549
0.390
0.375
0.340
0.525
0.389
0.533
0.366
0.393
0.332
0.525
0.397
0.529
0.365
0.390
0.387
0.346
0.410
1.027
1.139
1.001
0.386
0.358
0.423
1.006
1.124
0.987
0.346
0.378
0.430
0.992
1.161
1.048
0.369
0.467
0.460
1.195
1.069
1.008
0.308
0.416
0.396
1.124
1.027
0.949
0.349
0.522
0.367
0.540
0.385
0.360
0.336
0.529
0.381
0.523
0.358
0.378
0.328
0.530
0.391
0.522
0.355
0.377
0.370
0.336
0.395
1.017
1.118
0.997
0.363
0.350
0.404
0.992
1.099
0.981
0.326
0.366
0.411
0.979
1.130
1.036
0.346
0.451
0.436
1.166
1.044
0.988
0.297
0.407
0.384
1.112
1.014
0.947
0.332
0.502
0.361
0.515
0.372
0.345
0.322
0.507
0.378
0.500
0.345
0.365
0.313
0.506
0.382
0.495
0.339
0.360
0.420
0.405
0.456
1.054
1.187
1.042
0.422
0.425
0.471
1.036
1.172
1.029
0.387
0.440
0.478
1.018
1.200
1.080
0.437
0.549
0.524
1.235
1.127
1.059
0.366
0.483
0.449
1.153
1.071
0.987
0.412
0.585
0.429
0.596
0.458
0.414
0.398
0.593
0.446
0.572
0.427
0.428
0.379
0.581
0.438
0.556
0.414
0.411
0.389
0.355
0.414
1.034
1.164
1.011
0.388
0.371
0.426
1.011
1.143
0.992
0.350
0.386
0.433
1.001
1.181
1.053
0.379
0.489
0.469
1.200
1.082
1.014
0.317
0.434
0.402
1.129
1.040
0.952
0.356
0.543
0.377
0.549
0.394
0.368
0.345
0.548
0.390
0.530
0.368
0.384
0.334
0.549
0.396
0.523
0.361
0.378
0.385
0.352
0.381
1.032
1.139
0.987
0.387
0.366
0.401
1.013
1.122
0.978
0.343
0.378
0.403
0.989
1.146
1.018
0.372
0.472
0.438
1.187
1.080
0.997
0.313
0.409
0.372
1.127
1.038
0.943
0.349
0.510
0.358
0.538
0.392
0.352
0.337
0.512
0.364
0.517
0.368
0.359
0.328
0.512
0.373
0.512
0.361
0.357
0.422
0.398
0.448
1.023
1.150
1.012
0.420
0.406
0.454
1.007
1.135
0.998
0.382
0.426
0.465
0.991
1.169
1.054
0.408
0.506
0.486
1.188
1.070
1.012
0.354
0.465
0.428
1.125
1.038
0.958
0.400
0.568
0.407
0.591
0.446
0.409
0.380
0.569
0.417
0.565
0.412
0.419
0.366
0.563
0.415
0.553
0.402
0.407
0.351
0.321
0.389
0.975
1.080
0.977
0.353
0.332
0.401
0.955
1.063
0.955
0.319
0.352
0.418
0.955
1.109
1.030
0.347
0.418
0.431
1.134
1.002
0.976
0.292
0.383
0.375
1.070
0.975
0.922
0.338
0.489
0.327
0.512
0.365
0.331
0.318
0.494
0.347
0.494
0.338
0.352
0.307
0.490
0.348
0.482
0.329
0.340
0.351
0.310
0.380
0.983
1.082
0.975
0.363
0.325
0.400
0.970
1.066
0.956
0.320
0.342
0.411
0.961
1.106
1.027
0.337
0.418
0.424
1.132
1.005
0.971
0.285
0.383
0.370
1.073
0.981
0.923
0.327
0.482
0.326
0.505
0.354
0.328
0.309
0.489
0.346
0.488
0.329
0.350
0.297
0.485
0.348
0.474
0.319
0.337
0.371
0.318
0.394
0.987
1.077
0.968
0.376
0.330
0.408
0.969
1.061
0.947
0.335
0.345
0.421
0.961
1.101
1.018
0.340
0.421
0.428
1.133
1.003
0.964
0.291
0.394
0.381
1.077
0.985
0.918
0.331
0.488
0.334
0.516
0.359
0.340
0.315
0.495
0.357
0.505
0.335
0.365
0.304
0.490
0.356
0.489
0.327
0.350
0.353
0.307
0.379
0.977
1.069
0.968
0.363
0.318
0.394
0.964
1.055
0.949
0.317
0.332
0.406
0.951
1.093
1.018
0.343
0.418
0.429
1.138
1.010
0.973
0.284
0.376
0.367
1.071
0.973
0.916
0.321
0.474
0.320
0.503
0.346
0.325
0.306
0.481
0.339
0.488
0.322
0.347
0.292
0.474
0.339
0.473
0.312
0.334
0.372
0.326
0.396
0.997
1.095
0.990
0.379
0.340
0.412
0.980
1.080
0.971
0.333
0.347
0.418
0.969
1.113
1.036
0.347
0.420
0.432
1.143
1.011
0.981
0.297
0.388
0.378
1.087
0.990
0.934
0.342
0.494
0.341
0.528
0.365
0.344
0.323
0.500
0.361
0.513
0.340
0.365
0.314
0.498
0.365
0.503
0.334
0.355
0.354
0.327
0.392
0.990
1.091
0.985
0.360
0.341
0.409
0.976
1.076
0.966
0.323
0.359
0.422
0.967
1.116
1.037
0.352
0.427
0.438
1.163
1.022
0.987
0.293
0.382
0.374
1.093
0.984
0.927
0.342
0.492
0.334
0.525
0.375
0.335
0.322
0.496
0.355
0.507
0.345
0.355
0.311
0.492
0.357
0.496
0.340
0.343
0.351
0.311
0.380
0.985
1.076
0.971
0.357
0.325
0.398
0.970
1.065
0.955
0.316
0.344
0.410
0.955
1.102
1.022
0.345
0.414
0.429
1.153
1.010
0.977
0.286
0.378
0.370
1.088
0.980
0.922
0.330
0.481
0.323
0.508
0.361
0.324
0.313
0.487
0.342
0.493
0.332
0.345
0.298
0.478
0.343
0.482
0.323
0.333
0.345
0.307
0.370
0.982
1.059
0.968
0.344
0.319
0.383
0.959
1.041
0.947
0.307
0.339
0.397
0.948
1.076
1.009
0.324
0.401
0.406
1.127
0.988
0.959
0.279
0.373
0.361
1.077
0.969
0.919
0.319
0.464
0.323
0.491
0.353
0.319
0.305
0.471
0.343
0.479
0.327
0.343
0.289
0.464
0.341
0.464
0.314
0.328
0.398
0.378
0.433
1.028
1.138
1.023
0.395
0.389
0.444
1.002
1.116
0.999
0.366
0.414
0.463
0.996
1.155
1.065
0.411
0.494
0.491
1.194
1.066
1.031
0.349
0.449
0.427
1.124
1.031
0.968
0.399
0.551
0.392
0.569
0.435
0.386
0.382
0.560
0.414
0.550
0.407
0.404
0.361
0.545
0.402
0.529
0.394
0.383
0.365
0.328
0.393
1.000
1.106
0.986
0.368
0.341
0.407
0.979
1.084
0.963
0.331
0.358
0.420
0.971
1.124
1.031
0.355
0.436
0.438
1.160
1.023
0.986
0.299
0.399
0.380
1.097
0.995
0.930
0.343
0.504
0.339
0.523
0.374
0.342
0.329
0.511
0.355
0.508
0.349
0.359
0.313
0.505
0.357
0.493
0.337
0.347
0.356
0.321
0.358
0.990
1.076
0.957
0.362
0.332
0.379
0.975
1.061
0.946
0.321
0.349
0.389
0.954
1.088
0.995
0.338
0.412
0.399
1.132
1.008
0.954
0.294
0.378
0.352
1.090
0.993
0.917
0.332
0.471
0.324
0.506
0.365
0.324
0.319
0.476
0.333
0.490
0.343
0.334
0.305
0.468
0.336
0.480
0.334
0.328
0.391
0.361
0.417
0.984
1.083
0.979
0.392
0.368
0.425
0.968
1.066
0.959
0.355
0.387
0.441
0.953
1.100
1.019
0.378
0.449
0.452
1.138
1.004
0.975
0.332
0.427
0.403
1.086
0.989
0.931
0.378
0.524
0.365
0.555
0.415
0.375
0.357
0.528
0.381
0.536
0.386
0.390
0.339
0.514
0.372
0.515
0.371
0.369
0.324
0.307
0.363
0.957
1.099
0.959
0.336
0.324
0.382
0.950
1.094
0.948
0.301
0.347
0.396
0.946
1.137
1.020
0.333
0.431
0.420
1.131
1.010
0.962
0.281
0.397
0.367
1.064
0.984
0.914
0.314
0.492
0.320
0.496
0.346
0.312
0.302
0.503
0.332
0.474
0.321
0.328
0.293
0.502
0.343
0.473
0.317
0.326
0.324
0.295
0.354
0.970
1.104
0.959
0.346
0.315
0.380
0.971
1.102
0.952
0.299
0.332
0.385
0.953
1.135
1.016
0.324
0.434
0.415
1.133
1.016
0.959
0.274
0.401
0.364
1.075
0.995
0.918
0.303
0.487
0.320
0.489
0.332
0.310
0.292
0.498
0.332
0.470
0.310
0.326
0.283
0.497
0.342
0.465
0.307
0.323
0.343
0.301
0.365
0.974
1.102
0.952
0.359
0.318
0.387
0.966
1.094
0.940
0.314
0.334
0.394
0.953
1.132
1.008
0.326
0.439
0.418
1.130
1.013
0.949
0.279
0.412
0.372
1.071
0.994
0.907
0.309
0.497
0.329
0.500
0.338
0.320
0.297
0.508
0.342
0.483
0.315
0.337
0.288
0.505
0.349
0.478
0.313
0.332
0.324
0.292
0.352
0.956
1.089
0.947
0.345
0.308
0.373
0.954
1.083
0.936
0.298
0.326
0.382
0.940
1.121
1.005
0.328
0.432
0.417
1.131
1.013
0.954
0.272
0.391
0.357
1.063
0.981
0.902
0.298
0.476
0.315
0.485
0.324
0.305
0.288
0.488
0.324
0.466
0.304
0.319
0.277
0.485
0.333
0.462
0.298
0.317
0.349
0.313
0.373
0.984
1.120
0.978
0.365
0.330
0.394
0.977
1.113
0.967
0.318
0.341
0.398
0.966
1.150
1.032
0.336
0.439
0.426
1.145
1.026
0.972
0.289
0.409
0.375
1.089
1.006
0.931
0.320
0.501
0.338
0.515
0.345
0.327
0.309
0.513
0.351
0.497
0.322
0.343
0.301
0.512
0.361
0.497
0.322
0.343
0.331
0.314
0.368
0.978
1.107
0.969
0.345
0.334
0.390
0.971
1.101
0.958
0.308
0.354
0.399
0.962
1.141
1.025
0.341
0.444
0.429
1.162
1.035
0.975
0.284
0.400
0.368
1.089
0.997
0.919
0.322
0.496
0.332
0.509
0.356
0.319
0.307
0.504
0.343
0.488
0.329
0.334
0.299
0.503
0.353
0.484
0.327
0.330
0.340
0.305
0.367
0.960
1.068
0.945
0.352
0.323
0.388
0.952
1.061
0.934
0.305
0.343
0.395
0.938
1.104
1.005
0.329
0.423
0.419
1.133
0.997
0.947
0.279
0.388
0.365
1.069
0.970
0.902
0.309
0.477
0.321
0.499
0.342
0.317
0.299
0.487
0.330
0.483
0.321
0.332
0.288
0.484
0.340
0.480
0.319
0.330
0.324
0.298
0.352
0.971
1.075
0.956
0.331
0.318
0.371
0.960
1.067
0.947
0.293
0.338
0.380
0.947
1.102
1.008
0.314
0.416
0.402
1.127
0.998
0.951
0.272
0.387
0.358
1.078
0.982
0.918
0.299
0.469
0.320
0.478
0.337
0.305
0.289
0.476
0.331
0.462
0.313
0.323
0.279
0.475
0.338
0.458
0.307
0.320
0.379
0.368
0.414
1.013
1.148
1.006
0.392
0.392
0.437
1.009
1.146
1.000
0.354
0.408
0.444
0.989
1.172
1.052
0.403
0.517
0.489
1.199
1.082
1.023
0.340
0.467
0.424
1.125
1.046
0.963
0.376
0.554
0.393
0.555
0.418
0.373
0.365
0.564
0.404
0.531
0.391
0.384
0.348
0.552
0.402
0.520
0.379
0.372
0.331
0.310
0.362
0.978
1.113
0.963
0.347
0.330
0.384
0.970
1.106
0.950
0.305
0.348
0.392
0.956
1.142
1.015
0.338
0.444
0.424
1.156
1.029
0.971
0.285
0.410
0.366
1.090
1.002
0.918
0.314
0.501
0.330
0.502
0.347
0.320
0.306
0.510
0.336
0.483
0.327
0.332
0.295
0.508
0.346
0.478
0.320
0.329
0.327
0.305
0.332
0.972
1.087
0.936
0.344
0.325
0.360
0.968
1.083
0.935
0.299
0.339
0.363
0.945
1.108
0.980
0.325
0.425
0.389
1.138
1.023
0.946
0.278
0.384
0.337
1.088
1.002
0.907
0.306
0.471
0.313
0.488
0.346
0.303
0.299
0.478
0.316
0.469
0.326
0.309
0.287
0.474
0.326
0.466
0.320
0.310
0.363
0.343
0.390
0.966
1.093
0.958
0.375
0.357
0.406
0.961
1.086
0.948
0.333
0.374
0.414
0.942
1.119
1.005
0.362
0.456
0.438
1.135
1.009
0.959
0.317
0.433
0.388
1.081
0.994
0.918
0.352
0.522
0.358
0.538
0.390
0.354
0.338
0.528
0.362
0.516
0.365
0.363
0.323
0.518
0.365
0.506
0.356
0.355
0.340
0.310
0.375
0.926
1.026
0.928
0.343
0.327
0.390
0.912
1.019
0.915
0.310
0.344
0.398
0.910
1.054
0.976
0.317
0.404
0.406
1.045
0.937
0.909
0.283
0.376
0.370
1.003
0.921
0.876
0.329
0.473
0.334
0.480
0.356
0.327
0.312
0.476
0.351
0.459
0.325
0.347
0.299
0.472
0.352
0.450
0.316
0.338
0.338
0.297
0.364
0.931
1.029
0.923
0.352
0.319
0.387
0.926
1.020
0.910
0.307
0.332
0.390
0.910
1.050
0.967
0.306
0.405
0.399
1.038
0.935
0.899
0.277
0.381
0.367
1.005
0.926
0.872
0.318
0.472
0.333
0.470
0.340
0.320
0.305
0.476
0.350
0.452
0.314
0.341
0.291
0.473
0.352
0.442
0.306
0.335
0.356
0.305
0.375
0.936
1.029
0.916
0.363
0.322
0.392
0.925
1.018
0.901
0.319
0.334
0.396
0.907
1.047
0.958
0.311
0.411
0.404
1.039
0.934
0.892
0.281
0.390
0.375
1.005
0.928
0.864
0.324
0.480
0.339
0.480
0.346
0.330
0.309
0.484
0.361
0.466
0.318
0.354
0.297
0.481
0.359
0.455
0.313
0.344
0.339
0.296
0.361
0.924
1.020
0.915
0.349
0.310
0.379
0.918
1.011
0.902
0.303
0.324
0.382
0.902
1.044
0.961
0.311
0.406
0.401
1.045
0.941
0.900
0.276
0.373
0.362
1.003
0.921
0.867
0.314
0.467
0.329
0.469
0.333
0.318
0.300
0.468
0.342
0.453
0.307
0.337
0.286
0.465
0.344
0.442
0.299
0.328
0.361
0.314
0.381
0.944
1.040
0.937
0.367
0.331
0.398
0.935
1.034
0.927
0.323
0.339
0.399
0.922
1.060
0.980
0.319
0.411
0.410
1.053
0.948
0.914
0.290
0.387
0.378
1.019
0.939
0.887
0.333
0.484
0.349
0.495
0.354
0.339
0.316
0.485
0.366
0.476
0.324
0.357
0.308
0.486
0.370
0.472
0.323
0.354
0.350
0.318
0.381
0.941
1.031
0.934
0.352
0.336
0.397
0.932
1.024
0.922
0.315
0.348
0.400
0.920
1.055
0.978
0.326
0.416
0.415
1.076
0.961
0.921
0.286
0.379
0.371
1.028
0.933
0.880
0.333
0.475
0.342
0.491
0.362
0.333
0.316
0.475
0.360
0.472
0.330
0.351
0.306
0.473
0.361
0.465
0.326
0.344
0.355
0.309
0.381
0.927
0.997
0.915
0.357
0.328
0.397
0.915
0.989
0.899
0.315
0.341
0.401
0.902
1.025
0.962
0.315
0.395
0.406
1.048
0.922
0.895
0.283
0.369
0.370
1.012
0.911
0.867
0.324
0.461
0.334
0.482
0.350
0.330
0.312
0.462
0.353
0.472
0.326
0.354
0.297
0.456
0.351
0.462
0.320
0.345
0.343
0.307
0.371
0.937
1.022
0.921
0.347
0.323
0.388
0.928
1.015
0.910
0.307
0.339
0.391
0.911
1.047
0.968
0.317
0.404
0.408
1.066
0.948
0.911
0.279
0.373
0.366
1.021
0.928
0.875
0.322
0.467
0.332
0.476
0.351
0.322
0.308
0.468
0.348
0.461
0.321
0.343
0.295
0.465
0.349
0.454
0.315
0.336
0.401
0.382
0.436
0.998
1.103
0.990
0.404
0.403
0.453
0.983
1.090
0.976
0.372
0.419
0.460
0.966
1.116
1.023
0.392
0.493
0.480
1.127
1.026
0.981
0.351
0.455
0.435
1.073
0.995
0.931
0.405
0.549
0.412
0.547
0.437
0.394
0.386
0.553
0.431
0.525
0.402
0.409
0.366
0.540
0.421
0.508
0.389
0.394
0.355
0.318
0.377
0.951
1.045
0.933
0.358
0.334
0.393
0.938
1.033
0.918
0.320
0.346
0.397
0.922
1.060
0.970
0.325
0.418
0.408
1.068
0.954
0.915
0.291
0.390
0.371
1.027
0.938
0.878
0.336
0.489
0.348
0.491
0.363
0.339
0.323
0.488
0.359
0.473
0.335
0.353
0.307
0.485
0.360
0.462
0.325
0.345
0.347
0.312
0.348
0.938
1.016
0.905
0.353
0.328
0.373
0.930
1.012
0.903
0.311
0.341
0.375
0.905
1.030
0.941
0.315
0.400
0.382
1.048
0.944
0.891
0.287
0.371
0.350
1.021
0.936
0.868
0.328
0.461
0.333
0.475
0.356
0.322
0.316
0.462
0.343
0.460
0.331
0.333
0.300
0.454
0.341
0.449
0.321
0.327
0.373
0.346
0.398
0.930
1.023
0.924
0.382
0.362
0.416
0.929
1.020
0.917
0.338
0.375
0.416
0.904
1.043
0.963
0.346
0.429
0.422
1.051
0.940
0.908
0.319
0.410
0.391
1.019
0.934
0.881
0.369
0.506
0.369
0.522
0.403
0.369
0.345
0.500
0.377
0.494
0.363
0.375
0.328
0.489
0.370
0.479
0.351
0.361
0.461
0.429
0.481
1.047
1.171
1.035
0.471
0.439
0.489
1.033
1.153
1.015
0.434
0.460
0.501
1.027
1.194
1.075
0.461
0.544
0.535
1.184
1.104
1.050
0.397
0.498
0.466
1.119
1.067
0.988
0.502
0.645
0.482
0.650
0.532
0.498
0.469
0.640
0.489
0.613
0.486
0.493
0.439
0.617
0.469
0.592
0.463
0.473
0.465
0.423
0.478
1.059
1.179
1.035
0.490
0.443
0.499
1.059
1.170
1.025
0.437
0.453
0.499
1.033
1.198
1.071
0.455
0.551
0.533
1.184
1.110
1.046
0.395
0.507
0.469
1.126
1.078
0.991
0.492
0.645
0.484
0.643
0.522
0.498
0.466
0.645
0.494
0.613
0.485
0.498
0.437
0.623
0.477
0.591
0.462
0.479
0.484
0.432
0.491
1.068
1.182
1.032
0.498
0.444
0.503
1.055
1.164
1.016
0.448
0.457
0.507
1.030
1.194
1.063
0.457
0.551
0.534
1.181
1.105
1.037
0.399
0.515
0.476
1.126
1.078
0.983
0.517
0.671
0.507
0.669
0.543
0.522
0.472
0.653
0.502
0.628
0.491
0.509
0.450
0.636
0.488
0.608
0.473
0.492
0.452
0.404
0.459
1.038
1.159
1.009
0.475
0.418
0.476
1.034
1.146
0.998
0.420
0.429
0.477
1.009
1.177
1.047
0.446
0.540
0.519
1.175
1.099
1.030
0.381
0.488
0.449
1.111
1.059
0.969
0.458
0.611
0.449
0.611
0.480
0.463
0.432
0.612
0.458
0.585
0.447
0.465
0.405
0.591
0.442
0.564
0.425
0.446
0.488
0.441
0.495
1.069
1.189
1.046
0.502
0.453
0.507
1.060
1.175
1.033
0.454
0.461
0.509
1.040
1.205
1.079
0.464
0.555
0.539
1.187
1.110
1.050
0.406
0.514
0.476
1.133
1.084
0.998
0.516
0.666
0.504
0.679
0.547
0.527
0.479
0.657
0.508
0.638
0.497
0.515
0.454
0.637
0.493
0.620
0.480
0.500
0.489
0.451
0.502
1.076
1.179
1.051
0.503
0.464
0.517
1.071
1.169
1.039
0.455
0.476
0.517
1.046
1.196
1.083
0.478
0.560
0.549
1.218
1.127
1.063
0.414
0.509
0.480
1.152
1.081
0.999
0.513
0.648
0.496
0.670
0.544
0.512
0.487
0.647
0.511
0.645
0.509
0.518
0.458
0.623
0.489
0.619
0.485
0.491
0.484
0.431
0.494
1.042
1.122
1.016
0.499
0.446
0.508
1.038
1.116
1.004
0.446
0.460
0.511
1.014
1.149
1.057
0.457
0.520
0.530
1.176
1.068
1.025
0.398
0.480
0.468
1.121
1.041
0.972
0.481
0.611
0.469
0.645
0.513
0.493
0.459
0.608
0.481
0.623
0.482
0.498
0.437
0.590
0.468
0.604
0.464
0.482
0.487
0.442
0.496
1.073
1.169
1.041
0.505
0.457
0.511
1.071
1.163
1.032
0.455
0.469
0.513
1.042
1.189
1.078
0.466
0.530
0.536
1.205
1.100
1.052
0.408
0.494
0.475
1.148
1.073
0.996
0.504
0.641
0.490
0.661
0.535
0.508
0.477
0.638
0.500
0.636
0.500
0.510
0.451
0.617
0.482
0.617
0.479
0.492
0.473
0.434
0.485
1.062
1.139
1.036
0.479
0.446
0.494
1.048
1.125
1.019
0.438
0.463
0.501
1.028
1.151
1.064
0.445
0.512
0.515
1.176
1.072
1.032
0.398
0.483
0.466
1.133
1.053
0.991
0.493
0.618
0.484
0.644
0.532
0.499
0.467
0.612
0.494
0.615
0.490
0.497
0.445
0.596
0.482
0.596
0.470
0.482
0.488
0.447
0.494
1.098
1.210
1.059
0.508
0.468
0.513
1.092
1.200
1.050
0.467
0.486
0.523
1.072
1.231
1.097
0.490
0.575
0.553
1.236
1.148
1.081
0.422
0.526
0.479
1.169
1.109
1.014
0.507
0.658
0.493
0.660
0.537
0.508
0.493
0.665
0.508
0.644
0.513
0.516
0.453
0.633
0.481
0.608
0.474
0.484
0.449
0.409
0.442
1.045
1.142
1.002
0.463
0.424
0.460
1.041
1.136
1.000
0.413
0.432
0.460
1.005
1.150
1.027
0.439
0.524
0.494
1.173
1.093
1.021
0.380
0.474
0.428
1.123
1.065
0.970
0.457
0.590
0.443
0.603
0.484
0.450
0.436
0.588
0.448
0.581
0.456
0.450
0.409
0.567
0.431
0.558
0.432
0.431
0.477
0.444
0.486
1.035
1.147
1.012
0.490
0.455
0.498
1.034
1.141
1.005
0.443
0.468
0.501
1.003
1.161
1.042
0.474
0.547
0.531
1.175
1.088
1.031
0.414
0.511
0.468
1.122
1.063
0.978
0.498
0.631
0.473
0.648
0.531
0.494
0.468
0.628
0.480
0.619
0.494
0.494
0.440
0.605
0.459
0.593
0.469
0.470
0.387
0.353
0.389
1.043
1.182
0.999
0.391
0.365
0.397
1.020
1.164
0.975
0.345
0.369
0.400
1.000
1.192
1.021
0.380
0.466
0.436
1.168
1.071
1.003
0.326
0.423
0.375
1.110
1.044
0.947
0.364
0.550
0.351
0.525
0.384
0.353
0.357
0.559
0.361
0.513
0.370
0.366
0.340
0.554
0.363
0.503
0.356
0.358
0.388
0.346
0.386
1.054
1.194
1.002
0.402
0.360
0.400
1.040
1.177
0.981
0.346
0.362
0.397
1.005
1.198
1.018
0.374
0.474
0.432
1.167
1.078
1.001
0.321
0.428
0.373
1.113
1.052
0.950
0.358
0.553
0.350
0.517
0.375
0.350
0.352
0.562
0.359
0.506
0.362
0.362
0.334
0.557
0.362
0.496
0.348
0.355
0.409
0.354
0.399
1.061
1.194
0.996
0.416
0.366
0.409
1.039
1.172
0.973
0.361
0.365
0.407
1.006
1.194
1.012
0.378
0.477
0.436
1.168
1.075
0.993
0.326
0.439
0.381
1.114
1.053
0.942
0.365
0.561
0.356
0.530
0.380
0.361
0.357
0.570
0.368
0.522
0.367
0.376
0.341
0.564
0.369
0.511
0.356
0.367
0.390
0.342
0.384
1.047
1.187
0.992
0.402
0.353
0.394
1.033
1.170
0.972
0.346
0.354
0.394
0.998
1.192
1.012
0.377
0.474
0.435
1.174
1.080
1.000
0.319
0.423
0.369
1.113
1.047
0.943
0.352
0.547
0.345
0.518
0.366
0.348
0.347
0.556
0.353
0.509
0.355
0.360
0.327
0.548
0.354
0.495
0.338
0.350
0.411
0.360
0.403
1.063
1.200
1.011
0.419
0.374
0.414
1.046
1.183
0.992
0.364
0.371
0.408
1.016
1.206
1.030
0.383
0.473
0.441
1.175
1.078
1.006
0.334
0.434
0.384
1.127
1.059
0.960
0.371
0.562
0.365
0.542
0.385
0.368
0.365
0.572
0.376
0.532
0.372
0.380
0.351
0.569
0.380
0.524
0.362
0.374
0.401
0.366
0.401
1.058
1.180
1.006
0.405
0.378
0.411
1.041
1.164
0.988
0.357
0.378
0.408
1.014
1.187
1.027
0.388
0.473
0.444
1.190
1.080
1.007
0.330
0.422
0.377
1.132
1.049
0.951
0.371
0.549
0.360
0.540
0.397
0.362
0.364
0.556
0.373
0.529
0.381
0.375
0.348
0.550
0.372
0.518
0.370
0.365
0.407
0.353
0.404
1.040
1.130
0.987
0.410
0.365
0.411
1.020
1.113
0.965
0.357
0.367
0.411
0.992
1.139
1.011
0.376
0.445
0.433
1.161
1.042
0.985
0.324
0.404
0.375
1.111
1.018
0.936
0.358
0.525
0.351
0.530
0.378
0.361
0.357
0.533
0.364
0.526
0.370
0.378
0.336
0.521
0.360
0.511
0.355
0.366
0.390
0.348
0.388
1.051
1.167
0.991
0.400
0.363
0.401
1.039
1.158
0.978
0.347
0.366
0.399
1.002
1.177
1.017
0.378
0.449
0.432
1.180
1.064
0.999
0.321
0.410
0.370
1.127
1.041
0.947
0.358
0.537
0.347
0.525
0.378
0.351
0.354
0.547
0.358
0.517
0.367
0.365
0.335
0.538
0.357
0.507
0.353
0.356
0.383
0.341
0.378
1.045
1.130
0.991
0.384
0.353
0.385
1.022
1.111
0.969
0.336
0.354
0.383
0.991
1.124
1.004
0.356
0.430
0.411
1.149
1.031
0.980
0.312
0.398
0.363
1.109
1.015
0.939
0.347
0.510
0.344
0.506
0.372
0.343
0.346
0.517
0.357
0.499
0.360
0.358
0.323
0.507
0.355
0.485
0.341
0.347
0.434
0.407
0.437
1.090
1.226
1.041
0.439
0.422
0.446
1.068
1.205
1.018
0.393
0.423
0.446
1.035
1.222
1.051
0.441
0.540
0.498
1.224
1.130
1.054
0.373
0.478
0.423
1.158
1.090
0.987
0.420
0.602
0.414
0.579
0.449
0.409
0.410
0.609
0.423
0.566
0.433
0.419
0.385
0.592
0.413
0.547
0.411
0.400
0.390
0.353
0.366
1.053
1.166
0.983
0.396
0.367
0.383
1.036
1.154
0.971
0.345
0.366
0.376
0.997
1.164
0.994
0.376
0.466
0.410
1.168
1.078
0.987
0.324
0.412
0.351
1.122
1.050
0.940
0.355
0.524
0.341
0.517
0.381
0.342
0.353
0.531
0.346
0.506
0.370
0.349
0.333
0.522
0.345
0.497
0.357
0.343
0.429
0.398
0.427
1.051
1.183
1.002
0.433
0.406
0.431
1.035
1.168
0.985
0.383
0.410
0.433
0.998
1.185
1.018
0.416
0.498
0.461
1.174
1.074
1.004
0.364
0.463
0.402
1.126
1.056
0.956
0.407
0.584
0.389
0.570
0.435
0.399
0.396
0.591
0.397
0.556
0.417
0.408
0.372
0.574
0.387
0.536
0.395
0.388
0.362
0.333
0.345
0.950
1.063
0.905
0.378
0.350
0.365
0.945
1.058
0.902
0.333
0.357
0.372
0.921
1.080
0.942
0.354
0.444
0.396
1.065
0.998
0.912
0.317
0.399
0.349
1.025
0.971
0.876
0.346
0.501
0.332
0.487
0.367
0.330
0.344
0.511
0.344
0.474
0.357
0.334
0.316
0.494
0.335
0.456
0.336
0.320
0.358
0.321
0.336
0.963
1.075
0.910
0.385
0.346
0.366
0.965
1.073
0.910
0.331
0.347
0.363
0.927
1.086
0.939
0.345
0.448
0.389
1.063
1.006
0.911
0.311
0.406
0.347
1.030
0.983
0.881
0.336
0.503
0.332
0.476
0.355
0.325
0.334
0.511
0.340
0.463
0.347
0.328
0.311
0.498
0.335
0.449
0.331
0.318
0.383
0.336
0.357
0.979
1.085
0.917
0.397
0.353
0.379
0.968
1.073
0.909
0.349
0.356
0.380
0.934
1.089
0.943
0.352
0.452
0.398
1.070
1.006
0.911
0.320
0.420
0.361
1.036
0.989
0.881
0.346
0.512
0.342
0.491
0.361
0.337
0.343
0.523
0.356
0.482
0.353
0.345
0.318
0.505
0.345
0.462
0.336
0.330
0.358
0.320
0.334
0.954
1.068
0.899
0.378
0.335
0.354
0.952
1.059
0.893
0.325
0.338
0.356
0.917
1.077
0.929
0.352
0.446
0.391
1.072
1.008
0.912
0.309
0.396
0.338
1.028
0.974
0.871
0.330
0.493
0.321
0.474
0.345
0.316
0.326
0.502
0.329
0.460
0.337
0.319
0.303
0.488
0.324
0.445
0.320
0.308
0.394
0.353
0.364
0.992
1.103
0.936
0.407
0.369
0.385
0.979
1.090
0.928
0.358
0.368
0.380
0.949
1.106
0.959
0.372
0.463
0.408
1.087
1.023
0.932
0.338
0.425
0.365
1.056
1.005
0.903
0.368
0.526
0.355
0.510
0.381
0.348
0.364
0.536
0.367
0.497
0.371
0.352
0.339
0.519
0.359
0.483
0.355
0.342
0.371
0.339
0.348
0.974
1.069
0.916
0.388
0.357
0.372
0.966
1.062
0.913
0.340
0.357
0.370
0.935
1.078
0.945
0.364
0.448
0.400
1.099
1.019
0.928
0.319
0.397
0.346
1.050
0.981
0.881
0.355
0.499
0.336
0.501
0.374
0.333
0.347
0.503
0.346
0.485
0.361
0.335
0.324
0.490
0.341
0.472
0.347
0.325
0.371
0.325
0.352
0.943
1.016
0.891
0.389
0.347
0.377
0.940
1.014
0.888
0.337
0.348
0.376
0.906
1.033
0.925
0.346
0.418
0.391
1.058
0.966
0.894
0.313
0.380
0.349
1.025
0.946
0.863
0.338
0.478
0.329
0.490
0.360
0.333
0.335
0.483
0.340
0.480
0.350
0.338
0.311
0.466
0.333
0.464
0.335
0.328
0.356
0.320
0.336
0.959
1.050
0.899
0.376
0.340
0.361
0.955
1.046
0.898
0.325
0.343
0.358
0.922
1.061
0.932
0.346
0.422
0.385
1.080
0.993
0.910
0.308
0.380
0.339
1.041
0.968
0.874
0.337
0.483
0.320
0.481
0.356
0.318
0.332
0.489
0.330
0.467
0.345
0.322
0.309
0.475
0.325
0.456
0.330
0.313
0.360
0.318
0.337
0.956
1.022
0.901
0.370
0.333
0.356
0.948
1.014
0.897
0.323
0.337
0.357
0.915
1.025
0.926
0.331
0.406
0.377
1.058
0.967
0.899
0.305
0.377
0.344
1.033
0.954
0.876
0.326
0.462
0.325
0.469
0.350
0.318
0.326
0.467
0.336
0.460
0.341
0.326
0.303
0.455
0.330
0.443
0.321
0.314
0.380
0.352
0.363
0.966
1.072
0.915
0.393
0.373
0.386
0.958
1.068
0.914
0.347
0.375
0.388
0.922
1.078
0.940
0.387
0.486
0.432
1.094
1.025
0.934
0.336
0.427
0.372
1.045
0.988
0.887
0.363
0.516
0.358
0.507
0.389
0.348
0.360
0.527
0.372
0.496
0.380
0.356
0.337
0.510
0.362
0.478
0.362
0.343
0.366
0.329
0.344
0.970
1.076
0.910
0.380
0.350
0.367
0.962
1.070
0.907
0.332
0.351
0.366
0.927
1.083
0.935
0.358
0.451
0.398
1.089
1.010
0.921
0.315
0.407
0.346
1.044
0.981
0.879
0.340
0.506
0.334
0.489
0.363
0.331
0.340
0.514
0.343
0.477
0.354
0.335
0.315
0.500
0.336
0.459
0.335
0.323
0.394
0.362
0.367
0.961
1.063
0.904
0.410
0.382
0.389
0.962
1.065
0.909
0.359
0.383
0.390
0.918
1.070
0.931
0.387
0.472
0.414
1.073
1.004
0.914
0.349
0.433
0.366
1.042
0.985
0.882
0.381
0.527
0.360
0.521
0.403
0.362
0.372
0.532
0.366
0.505
0.390
0.363
0.345
0.510
0.352
0.483
0.368
0.345
0.414
0.383
0.438
1.001
1.131
0.974
0.423
0.396
0.449
0.985
1.119
0.964
0.389
0.419
0.464
0.980
1.166
1.029
0.405
0.496
0.473
1.130
1.050
0.991
0.361
0.464
0.425
1.083
1.026
0.946
0.414
0.575
0.403
0.562
0.435
0.413
0.397
0.586
0.423
0.545
0.414
0.429
0.373
0.565
0.407
0.526
0.393
0.408
0.422
0.383
0.440
1.017
1.143
0.980
0.438
0.398
0.456
1.006
1.132
0.972
0.395
0.417
0.464
0.989
1.172
1.027
0.404
0.507
0.474
1.137
1.063
0.994
0.361
0.474
0.428
1.092
1.039
0.953
0.414
0.583
0.411
0.565
0.436
0.421
0.397
0.592
0.426
0.546
0.414
0.432
0.372
0.572
0.413
0.527
0.393
0.413
0.441
0.394
0.455
1.034
1.156
0.989
0.452
0.408
0.469
1.017
1.140
0.979
0.412
0.427
0.480
1.003
1.184
1.037
0.416
0.519
0.487
1.152
1.075
1.003
0.373
0.490
0.444
1.108
1.053
0.961
0.428
0.602
0.428
0.583
0.448
0.439
0.412
0.613
0.447
0.568
0.428
0.454
0.384
0.585
0.426
0.544
0.404
0.429
0.418
0.375
0.432
1.008
1.136
0.969
0.433
0.388
0.447
0.995
1.121
0.959
0.389
0.407
0.455
0.979
1.165
1.018
0.405
0.502
0.470
1.138
1.061
0.989
0.356
0.463
0.417
1.085
1.029
0.941
0.404
0.574
0.400
0.557
0.421
0.410
0.390
0.585
0.417
0.543
0.404
0.425
0.365
0.563
0.401
0.523
0.383
0.405
0.435
0.392
0.448
1.022
1.150
0.987
0.448
0.408
0.464
1.009
1.139
0.982
0.404
0.418
0.468
0.993
1.176
1.032
0.411
0.504
0.479
1.143
1.060
0.997
0.368
0.475
0.432
1.099
1.040
0.956
0.426
0.590
0.419
0.583
0.442
0.431
0.405
0.598
0.436
0.564
0.419
0.443
0.384
0.580
0.423
0.548
0.402
0.425
0.438
0.398
0.454
1.028
1.133
0.990
0.450
0.415
0.471
1.016
1.124
0.985
0.405
0.429
0.474
1.001
1.164
1.041
0.423
0.505
0.489
1.172
1.071
1.009
0.373
0.467
0.434
1.119
1.039
0.959
0.431
0.579
0.420
0.591
0.454
0.431
0.412
0.584
0.440
0.576
0.431
0.448
0.389
0.566
0.424
0.557
0.413
0.427
0.436
0.382
0.448
1.001
1.082
0.962
0.447
0.398
0.464
0.988
1.072
0.953
0.403
0.414
0.470
0.972
1.113
1.013
0.405
0.473
0.473
1.132
1.022
0.976
0.364
0.444
0.428
1.090
1.004
0.937
0.410
0.553
0.405
0.574
0.434
0.425
0.397
0.558
0.425
0.565
0.417
0.444
0.371
0.534
0.406
0.543
0.397
0.421
0.424
0.381
0.437
1.014
1.115
0.970
0.442
0.400
0.457
1.009
1.113
0.970
0.397
0.416
0.460
0.988
1.149
1.024
0.405
0.477
0.467
1.156
1.051
0.993
0.359
0.445
0.419
1.108
1.025
0.948
0.415
0.563
0.402
0.572
0.435
0.417
0.400
0.571
0.420
0.562
0.420
0.437
0.374
0.549
0.402
0.540
0.397
0.413
0.411
0.367
0.422
0.998
1.069
0.961
0.417
0.379
0.434
0.986
1.062
0.955
0.379
0.397
0.443
0.966
1.086
1.001
0.383
0.455
0.449
1.120
1.009
0.968
0.348
0.432
0.411
1.087
0.996
0.937
0.394
0.534
0.395
0.549
0.420
0.402
0.383
0.538
0.414
0.536
0.400
0.418
0.355
0.514
0.395
0.513
0.376
0.396
0.439
0.412
0.458
1.031
1.151
0.997
0.451
0.429
0.474
1.018
1.142
0.992
0.415
0.451
0.485
0.999
1.176
1.039
0.447
0.543
0.514
1.177
1.093
1.026
0.389
0.496
0.453
1.119
1.057
0.970
0.448
0.602
0.441
0.597
0.475
0.445
0.430
0.611
0.461
0.579
0.452
0.458
0.400
0.582
0.435
0.554
0.428
0.431
0.436
0.397
0.445
1.038
1.156
0.988
0.444
0.411
0.457
1.021
1.142
0.978
0.407
0.431
0.470
1.005
1.182
1.032
0.425
0.518
0.484
1.172
1.082
1.011
0.377
0.483
0.430
1.121
1.054
0.960
0.422
0.589
0.415
0.579
0.445
0.427
0.415
0.602
0.433
0.569
0.433
0.444
0.386
0.578
0.416
0.545
0.406
0.420
0.409
0.371
0.397
1.016
1.115
0.954
0.423
0.387
0.419
1.006
1.108
0.954
0.376
0.399
0.418
0.971
1.125
0.981
0.398
0.489
0.438
1.140
1.060
0.975
0.351
0.444
0.386
1.096
1.031
0.931
0.393
0.538
0.378
0.544
0.415
0.385
0.382
0.546
0.388
0.531
0.401
0.394
0.359
0.528
0.377
0.514
0.381
0.380
