0.355
0.324
0.429
0.983
1.075
1.027
0.390
0.348
0.458
0.981
1.071
1.014
0.345
0.348
0.454
0.982
1.107
1.068
0.356
0.423
0.463
1.052
1.008
1.016
0.313
0.372
0.414
1.011
0.973
0.981
0.327
0.443
0.374
0.441
0.339
0.384
0.325
0.453
0.383
0.429
0.334
0.402
0.313
0.446
0.391
0.418
0.321
0.399
0.370
0.334
0.441
0.983
1.071
1.022
0.400
0.353
0.465
0.980
1.066
1.007
0.357
0.354
0.463
0.982
1.104
1.062
0.360
0.428
0.468
1.054
1.006
1.011
0.317
0.379
0.421
1.009
0.970
0.973
0.332
0.450
0.379
0.453
0.346
0.392
0.329
0.460
0.391
0.443
0.341
0.414
0.318
0.451
0.396
0.432
0.329
0.408
0.351
0.319
0.424
0.971
1.063
1.015
0.383
0.338
0.448
0.968
1.058
1.001
0.341
0.340
0.447
0.972
1.096
1.057
0.356
0.418
0.460
1.051
1.005
1.013
0.308
0.362
0.405
1.002
0.961
0.970
0.319
0.434
0.364
0.437
0.331
0.379
0.316
0.442
0.371
0.425
0.327
0.395
0.302
0.433
0.378
0.414
0.312
0.391
0.371
0.337
0.440
0.990
1.080
1.034
0.399
0.356
0.463
0.986
1.076
1.021
0.356
0.353
0.458
0.986
1.109
1.071
0.364
0.426
0.470
1.059
1.013
1.024
0.321
0.375
0.418
1.018
0.977
0.986
0.340
0.453
0.386
0.461
0.351
0.398
0.335
0.460
0.396
0.448
0.343
0.415
0.325
0.455
0.404
0.441
0.334
0.413
0.372
0.344
0.444
0.995
1.072
1.033
0.399
0.363
0.468
0.992
1.069
1.022
0.359
0.361
0.463
0.994
1.103
1.073
0.373
0.428
0.475
1.075
1.019
1.031
0.323
0.371
0.418
1.024
0.973
0.985
0.343
0.447
0.383
0.460
0.359
0.396
0.338
0.452
0.395
0.447
0.351
0.414
0.326
0.444
0.398
0.437
0.340
0.409
0.377
0.334
0.446
0.978
1.032
1.018
0.405
0.357
0.470
0.976
1.029
1.007
0.363
0.353
0.467
0.977
1.061
1.058
0.363
0.403
0.464
1.057
0.987
1.012
0.321
0.356
0.415
1.015
0.953
0.976
0.335
0.426
0.376
0.459
0.351
0.398
0.335
0.430
0.385
0.452
0.348
0.418
0.318
0.418
0.387
0.439
0.333
0.411
0.357
0.327
0.431
0.981
1.056
1.020
0.387
0.349
0.457
0.983
1.058
1.012
0.346
0.347
0.451
0.982
1.091
1.061
0.358
0.407
0.462
1.064
1.004
1.018
0.312
0.359
0.411
1.018
0.968
0.980
0.328
0.432
0.370
0.442
0.340
0.383
0.327
0.440
0.380
0.435
0.337
0.403
0.312
0.430
0.384
0.425
0.324
0.398
0.348
0.316
0.413
0.975
1.032
1.010
0.370
0.335
0.434
0.971
1.030
0.999
0.334
0.336
0.433
0.969
1.053
1.044
0.341
0.389
0.439
1.041
0.979
0.997
0.306
0.348
0.397
1.009
0.954
0.971
0.320
0.413
0.362
0.429
0.333
0.370
0.319
0.419
0.374
0.421
0.329
0.390
0.301
0.408
0.373
0.409
0.312
0.383
0.405
0.384
0.471
1.025
1.110
1.059
0.432
0.405
0.495
1.019
1.105
1.046
0.392
0.403
0.491
1.013
1.131
1.087
0.422
0.485
0.516
1.106
1.061
1.062
0.365
0.420
0.453
1.048
1.007
1.009
0.388
0.494
0.425
0.494
0.403
0.430
0.383
0.501
0.435
0.483
0.397
0.447
0.362
0.483
0.429
0.464
0.376
0.432
0.373
0.343
0.435
1.001
1.084
1.029
0.396
0.360
0.455
0.995
1.079
1.014
0.359
0.361
0.455
0.996
1.112
1.062
0.377
0.436
0.468
1.084
1.030
1.031
0.326
0.380
0.410
1.031
0.985
0.984
0.344
0.454
0.380
0.458
0.357
0.395
0.343
0.461
0.386
0.449
0.353
0.410
0.327
0.451
0.389
0.435
0.337
0.404
0.353
0.327
0.398
0.972
1.043
0.991
0.383
0.346
0.426
0.972
1.043
0.985
0.341
0.346
0.419
0.966
1.069
1.021
0.360
0.412
0.431
1.049
1.000
0.989
0.317
0.356
0.381
1.010
0.962
0.955
0.330
0.424
0.358
0.439
0.343
0.367
0.330
0.430
0.361
0.431
0.339
0.378
0.312
0.418
0.364
0.419
0.326
0.373
0.401
0.379
0.461
0.990
1.073
1.025
0.422
0.390
0.477
0.986
1.067
1.011
0.381
0.389
0.473
0.978
1.093
1.050
0.406
0.458
0.489
1.062
1.016
1.020
0.361
0.411
0.436
1.022
0.982
0.983
0.382
0.485
0.413
0.491
0.399
0.428
0.374
0.487
0.415
0.476
0.389
0.438
0.355
0.469
0.410
0.458
0.369
0.425
0.347
0.331
0.424
0.969
1.070
1.020
0.369
0.353
0.443
0.959
1.063
1.005
0.343
0.357
0.453
0.972
1.104
1.062
0.356
0.413
0.456
1.033
0.989
1.006
0.315
0.365
0.409
0.995
0.956
0.971
0.332
0.451
0.369
0.435
0.345
0.374
0.328
0.457
0.375
0.420
0.339
0.388
0.311
0.448
0.382
0.409
0.322
0.386
0.357
0.329
0.427
0.976
1.074
1.019
0.381
0.351
0.448
0.966
1.062
0.999
0.349
0.355
0.455
0.975
1.106
1.058
0.348
0.414
0.451
1.027
0.985
0.995
0.312
0.372
0.411
0.991
0.956
0.961
0.329
0.458
0.373
0.437
0.342
0.380
0.326
0.464
0.381
0.425
0.337
0.394
0.310
0.454
0.385
0.414
0.322
0.389
0.340
0.318
0.412
0.963
1.064
1.010
0.368
0.341
0.435
0.956
1.055
0.995
0.335
0.344
0.442
0.967
1.099
1.053
0.350
0.409
0.449
1.030
0.990
1.002
0.306
0.358
0.398
0.987
0.949
0.959
0.317
0.441
0.358
0.423
0.330
0.366
0.314
0.447
0.364
0.410
0.326
0.378
0.297
0.437
0.368
0.398
0.308
0.374
0.361
0.337
0.429
0.983
1.082
1.029
0.387
0.363
0.453
0.978
1.077
1.018
0.354
0.362
0.457
0.984
1.116
1.069
0.360
0.419
0.460
1.040
0.997
1.012
0.321
0.375
0.413
1.004
0.967
0.975
0.341
0.462
0.383
0.451
0.354
0.388
0.335
0.467
0.390
0.436
0.346
0.400
0.321
0.459
0.395
0.425
0.330
0.396
0.362
0.343
0.432
0.988
1.072
1.030
0.388
0.369
0.458
0.985
1.069
1.020
0.356
0.365
0.458
0.990
1.105
1.069
0.371
0.422
0.467
1.058
1.006
1.022
0.324
0.367
0.412
1.013
0.964
0.978
0.345
0.455
0.380
0.450
0.361
0.386
0.340
0.457
0.389
0.435
0.353
0.400
0.320
0.446
0.390
0.421
0.335
0.392
0.363
0.328
0.430
0.966
1.023
1.010
0.387
0.352
0.452
0.958
1.015
0.993
0.354
0.350
0.456
0.965
1.049
1.047
0.355
0.388
0.450
1.029
0.964
0.994
0.317
0.346
0.406
0.996
0.935
0.960
0.331
0.424
0.369
0.441
0.344
0.382
0.330
0.426
0.376
0.435
0.342
0.397
0.311
0.410
0.377
0.420
0.323
0.391
0.341
0.323
0.414
0.970
1.052
1.013
0.369
0.349
0.441
0.969
1.053
1.005
0.337
0.347
0.441
0.973
1.086
1.053
0.352
0.397
0.450
1.039
0.984
1.003
0.309
0.352
0.402
1.002
0.952
0.966
0.325
0.436
0.362
0.426
0.339
0.366
0.322
0.439
0.368
0.416
0.333
0.381
0.305
0.429
0.373
0.406
0.317
0.377
0.340
0.315
0.404
0.971
1.030
1.009
0.361
0.337
0.425
0.961
1.021
0.994
0.333
0.338
0.430
0.966
1.046
1.040
0.337
0.379
0.429
1.025
0.962
0.987
0.305
0.343
0.392
0.995
0.939
0.960
0.322
0.419
0.360
0.420
0.334
0.361
0.321
0.419
0.369
0.412
0.329
0.377
0.298
0.405
0.366
0.396
0.307
0.369
0.396
0.384
0.461
1.027
1.122
1.063
0.417
0.405
0.481
1.011
1.106
1.041
0.390
0.408
0.487
1.017
1.142
1.089
0.421
0.483
0.510
1.097
1.055
1.058
0.365
0.419
0.447
1.041
1.003
1.004
0.389
0.504
0.422
0.482
0.402
0.418
0.385
0.510
0.430
0.470
0.398
0.432
0.361
0.491
0.424
0.449
0.374
0.418
0.364
0.344
0.426
0.996
1.088
1.027
0.384
0.364
0.443
0.983
1.077
1.007
0.355
0.365
0.449
0.990
1.113
1.055
0.372
0.428
0.456
1.059
1.010
1.014
0.326
0.378
0.404
1.017
0.974
0.973
0.346
0.466
0.376
0.447
0.359
0.383
0.345
0.469
0.380
0.437
0.355
0.394
0.324
0.458
0.382
0.422
0.335
0.389
0.344
0.327
0.386
0.965
1.047
0.986
0.371
0.350
0.414
0.964
1.045
0.981
0.339
0.352
0.414
0.963
1.074
1.016
0.350
0.404
0.413
1.024
0.983
0.971
0.313
0.356
0.371
0.997
0.955
0.944
0.329
0.435
0.354
0.428
0.345
0.359
0.329
0.438
0.354
0.417
0.341
0.363
0.308
0.424
0.356
0.404
0.323
0.359
0.397
0.385
0.455
0.992
1.082
1.028
0.413
0.399
0.469
0.982
1.072
1.012
0.382
0.400
0.473
0.980
1.102
1.051
0.406
0.457
0.482
1.049
1.007
1.013
0.365
0.413
0.435
1.016
0.978
0.980
0.388
0.499
0.414
0.486
0.406
0.423
0.380
0.499
0.414
0.468
0.396
0.428
0.355
0.478
0.406
0.448
0.370
0.414
0.373
0.344
0.447
0.984
1.078
1.028
0.386
0.362
0.459
0.967
1.065
1.007
0.356
0.363
0.467
0.976
1.105
1.063
0.375
0.427
0.475
1.059
1.002
1.020
0.323
0.373
0.420
1.005
0.956
0.970
0.348
0.461
0.378
0.456
0.356
0.387
0.341
0.466
0.388
0.446
0.350
0.406
0.329
0.458
0.394
0.438
0.338
0.406
0.367
0.334
0.438
0.987
1.082
1.027
0.388
0.354
0.456
0.975
1.069
1.007
0.349
0.353
0.458
0.978
1.108
1.061
0.364
0.425
0.466
1.053
1.000
1.014
0.315
0.374
0.415
1.005
0.960
0.969
0.338
0.458
0.375
0.445
0.344
0.380
0.333
0.464
0.385
0.436
0.340
0.399
0.321
0.457
0.392
0.429
0.329
0.400
0.366
0.331
0.434
0.978
1.073
1.017
0.385
0.347
0.449
0.963
1.055
0.994
0.348
0.349
0.454
0.970
1.099
1.051
0.372
0.428
0.470
1.060
1.004
1.016
0.314
0.367
0.409
1.000
0.951
0.959
0.333
0.450
0.368
0.447
0.340
0.379
0.327
0.457
0.378
0.436
0.334
0.397
0.314
0.447
0.381
0.427
0.322
0.394
0.387
0.351
0.452
1.000
1.093
1.040
0.400
0.367
0.465
0.984
1.078
1.019
0.368
0.366
0.470
0.991
1.120
1.073
0.379
0.433
0.478
1.068
1.011
1.027
0.329
0.382
0.423
1.018
0.971
0.979
0.355
0.470
0.391
0.472
0.363
0.399
0.348
0.476
0.402
0.461
0.355
0.417
0.338
0.470
0.408
0.455
0.345
0.417
0.384
0.354
0.453
0.999
1.076
1.036
0.402
0.373
0.470
0.988
1.066
1.018
0.366
0.369
0.471
0.991
1.102
1.068
0.390
0.435
0.486
1.085
1.016
1.035
0.330
0.373
0.422
1.022
0.962
0.976
0.357
0.462
0.387
0.468
0.368
0.395
0.350
0.463
0.398
0.458
0.360
0.415
0.335
0.454
0.398
0.446
0.347
0.409
0.388
0.342
0.454
0.980
1.026
1.018
0.404
0.360
0.467
0.965
1.015
0.996
0.371
0.358
0.473
0.971
1.048
1.049
0.376
0.404
0.470
1.060
0.979
1.011
0.328
0.356
0.420
1.010
0.940
0.965
0.347
0.434
0.382
0.465
0.357
0.398
0.344
0.434
0.391
0.460
0.353
0.417
0.329
0.422
0.391
0.449
0.341
0.412
0.367
0.335
0.436
0.984
1.059
1.020
0.385
0.353
0.453
0.974
1.052
1.003
0.352
0.352
0.456
0.976
1.085
1.053
0.370
0.412
0.468
1.070
0.998
1.019
0.315
0.360
0.412
1.014
0.954
0.967
0.338
0.445
0.371
0.450
0.349
0.380
0.333
0.450
0.381
0.442
0.343
0.400
0.318
0.438
0.382
0.432
0.330
0.395
0.362
0.327
0.423
0.981
1.033
1.012
0.374
0.344
0.437
0.966
1.023
0.994
0.344
0.344
0.441
0.968
1.047
1.038
0.354
0.394
0.447
1.050
0.974
0.999
0.313
0.354
0.404
1.009
0.944
0.963
0.333
0.428
0.366
0.438
0.341
0.370
0.331
0.431
0.380
0.433
0.337
0.392
0.313
0.418
0.378
0.420
0.321
0.386
0.416
0.395
0.479
1.042
1.132
1.073
0.429
0.410
0.492
1.022
1.113
1.048
0.396
0.409
0.495
1.021
1.143
1.091
0.436
0.494
0.524
1.125
1.070
1.074
0.373
0.428
0.458
1.060
1.013
1.014
0.404
0.514
0.432
0.501
0.411
0.429
0.395
0.517
0.441
0.490
0.403
0.445
0.376
0.501
0.435
0.476
0.387
0.435
0.389
0.357
0.446
1.012
1.097
1.032
0.399
0.371
0.457
0.992
1.080
1.009
0.369
0.372
0.464
0.995
1.114
1.055
0.392
0.443
0.475
1.089
1.026
1.029
0.335
0.387
0.415
1.031
0.977
0.975
0.360
0.473
0.385
0.468
0.368
0.396
0.357
0.478
0.392
0.460
0.362
0.410
0.341
0.468
0.394
0.450
0.350
0.408
0.375
0.344
0.411
0.994
1.066
1.004
0.393
0.360
0.433
0.984
1.057
0.994
0.356
0.360
0.430
0.977
1.082
1.024
0.373
0.421
0.436
1.062
1.005
0.994
0.326
0.370
0.386
1.018
0.967
0.954
0.347
0.445
0.367
0.453
0.356
0.375
0.345
0.450
0.372
0.445
0.352
0.385
0.329
0.438
0.374
0.435
0.339
0.382
0.441
0.417
0.496
1.029
1.115
1.057
0.446
0.422
0.499
1.011
1.096
1.033
0.411
0.420
0.501
1.006
1.125
1.071
0.444
0.490
0.519
1.096
1.039
1.046
0.392
0.439
0.462
1.049
1.001
1.002
0.425
0.531
0.446
0.525
0.433
0.454
0.413
0.530
0.446
0.507
0.420
0.460
0.393
0.511
0.441
0.492
0.402
0.450
0.331
0.307
0.398
0.954
1.044
0.993
0.348
0.318
0.409
0.941
1.030
0.973
0.321
0.323
0.421
0.953
1.073
1.031
0.346
0.392
0.441
1.044
0.986
1.002
0.296
0.336
0.384
0.990
0.937
0.950
0.310
0.420
0.343
0.420
0.320
0.354
0.305
0.426
0.350
0.409
0.315
0.367
0.292
0.418
0.359
0.402
0.302
0.367
0.326
0.298
0.389
0.959
1.050
0.994
0.355
0.314
0.410
0.951
1.034
0.975
0.318
0.318
0.415
0.957
1.078
1.031
0.336
0.389
0.432
1.038
0.985
0.994
0.289
0.337
0.379
0.990
0.942
0.948
0.303
0.418
0.342
0.412
0.313
0.350
0.300
0.425
0.349
0.400
0.307
0.360
0.286
0.418
0.358
0.395
0.296
0.362
0.342
0.305
0.400
0.959
1.047
0.988
0.364
0.318
0.416
0.947
1.028
0.965
0.330
0.323
0.424
0.956
1.076
1.025
0.339
0.394
0.436
1.036
0.980
0.986
0.292
0.342
0.385
0.988
0.938
0.940
0.307
0.425
0.347
0.424
0.318
0.359
0.304
0.432
0.357
0.415
0.312
0.373
0.291
0.423
0.363
0.406
0.303
0.372
0.345
0.312
0.403
0.967
1.056
1.001
0.368
0.327
0.420
0.958
1.042
0.984
0.333
0.326
0.424
0.963
1.083
1.037
0.348
0.394
0.442
1.046
0.989
1.002
0.300
0.343
0.386
0.999
0.947
0.955
0.318
0.428
0.356
0.435
0.327
0.366
0.313
0.435
0.364
0.425
0.321
0.378
0.303
0.429
0.374
0.420
0.311
0.380
0.341
0.317
0.403
0.968
1.044
1.000
0.364
0.331
0.422
0.959
1.032
0.983
0.331
0.331
0.425
0.965
1.071
1.034
0.354
0.398
0.446
1.057
0.992
1.006
0.300
0.337
0.384
0.999
0.939
0.950
0.319
0.421
0.352
0.428
0.331
0.361
0.314
0.425
0.360
0.418
0.324
0.374
0.299
0.415
0.365
0.410
0.313
0.372
0.346
0.304
0.403
0.949
0.995
0.982
0.369
0.320
0.420
0.940
0.984
0.962
0.334
0.320
0.426
0.946
1.019
1.017
0.346
0.371
0.436
1.038
0.959
0.986
0.299
0.321
0.382
0.990
0.918
0.940
0.309
0.394
0.344
0.427
0.320
0.362
0.308
0.396
0.350
0.421
0.316
0.374
0.292
0.381
0.355
0.413
0.304
0.374
0.328
0.300
0.390
0.954
1.029
0.985
0.352
0.315
0.408
0.950
1.022
0.971
0.319
0.317
0.411
0.952
1.058
1.021
0.341
0.378
0.434
1.046
0.977
0.993
0.288
0.325
0.375
0.994
0.933
0.943
0.304
0.408
0.338
0.414
0.313
0.347
0.300
0.411
0.343
0.405
0.308
0.359
0.286
0.402
0.351
0.399
0.298
0.361
0.328
0.295
0.381
0.959
1.010
0.985
0.345
0.308
0.395
0.949
0.996
0.968
0.315
0.310
0.401
0.953
1.025
1.015
0.327
0.362
0.414
1.034
0.961
0.982
0.288
0.321
0.370
0.998
0.931
0.948
0.301
0.392
0.337
0.407
0.313
0.344
0.299
0.394
0.346
0.399
0.306
0.357
0.282
0.383
0.349
0.391
0.292
0.355
0.370
0.353
0.428
0.994
1.082
1.022
0.390
0.365
0.442
0.980
1.064
1.002
0.359
0.370
0.450
0.984
1.102
1.050
0.401
0.453
0.486
1.085
1.032
1.036
0.339
0.384
0.416
1.019
0.971
0.973
0.361
0.468
0.392
0.459
0.371
0.392
0.357
0.475
0.400
0.449
0.367
0.404
0.336
0.456
0.397
0.434
0.348
0.395
0.346
0.319
0.399
0.982
1.067
1.003
0.366
0.331
0.413
0.968
1.049
0.981
0.336
0.335
0.421
0.975
1.088
1.030
0.360
0.406
0.441
1.069
1.006
1.010
0.309
0.350
0.382
1.014
0.957
0.957
0.324
0.434
0.352
0.434
0.334
0.364
0.323
0.440
0.356
0.425
0.329
0.373
0.306
0.430
0.361
0.415
0.315
0.371
0.334
0.309
0.367
0.964
1.037
0.971
0.359
0.322
0.387
0.956
1.022
0.958
0.322
0.323
0.386
0.954
1.055
0.995
0.343
0.387
0.401
1.042
0.989
0.975
0.298
0.331
0.350
1.001
0.947
0.935
0.310
0.405
0.330
0.415
0.321
0.340
0.308
0.409
0.331
0.406
0.318
0.344
0.295
0.399
0.338
0.400
0.308
0.346
0.385
0.364
0.434
0.979
1.062
1.005
0.399
0.368
0.442
0.968
1.045
0.987
0.368
0.373
0.448
0.968
1.080
1.028
0.400
0.442
0.472
1.059
1.004
1.011
0.348
0.388
0.413
1.010
0.961
0.963
0.370
0.472
0.394
0.474
0.383
0.406
0.362
0.473
0.394
0.459
0.374
0.410
0.342
0.456
0.391
0.444
0.356
0.402
0.382
0.350
0.446
0.990
1.081
1.034
0.392
0.363
0.458
0.977
1.071
1.017
0.360
0.362
0.457
0.985
1.106
1.068
0.376
0.424
0.473
1.063
1.006
1.027
0.333
0.375
0.420
1.018
0.966
0.981
0.351
0.463
0.391
0.470
0.363
0.406
0.345
0.466
0.396
0.456
0.355
0.418
0.335
0.464
0.410
0.450
0.344
0.421
0.372
0.337
0.434
0.990
1.080
1.030
0.395
0.357
0.456
0.984
1.072
1.016
0.353
0.353
0.448
0.984
1.106
1.064
0.364
0.421
0.464
1.053
1.002
1.017
0.322
0.372
0.412
1.013
0.964
0.975
0.340
0.458
0.387
0.457
0.350
0.397
0.335
0.461
0.390
0.443
0.343
0.406
0.325
0.460
0.405
0.439
0.332
0.412
0.391
0.346
0.447
0.995
1.081
1.028
0.406
0.360
0.462
0.982
1.067
1.008
0.368
0.358
0.458
0.986
1.104
1.059
0.366
0.425
0.466
1.054
1.000
1.010
0.327
0.380
0.420
1.013
0.965
0.969
0.344
0.464
0.392
0.470
0.356
0.408
0.340
0.468
0.399
0.459
0.348
0.420
0.330
0.466
0.410
0.452
0.339
0.421
0.369
0.331
0.428
0.977
1.067
1.016
0.389
0.345
0.445
0.969
1.056
1.001
0.348
0.343
0.440
0.973
1.094
1.051
0.365
0.417
0.462
1.051
1.000
1.014
0.319
0.364
0.405
1.003
0.953
0.963
0.331
0.445
0.376
0.450
0.339
0.390
0.326
0.450
0.379
0.438
0.333
0.400
0.315
0.446
0.392
0.431
0.321
0.401
0.394
0.362
0.454
1.008
1.086
1.044
0.409
0.377
0.471
0.997
1.075
1.029
0.372
0.371
0.464
1.000
1.108
1.074
0.384
0.431
0.480
1.079
1.016
1.033
0.340
0.377
0.424
1.033
0.971
0.986
0.363
0.468
0.402
0.480
0.373
0.413
0.355
0.468
0.408
0.466
0.363
0.425
0.344
0.464
0.418
0.462
0.355
0.427
0.396
0.350
0.454
0.988
1.039
1.026
0.412
0.366
0.470
0.976
1.027
1.008
0.372
0.359
0.465
0.979
1.056
1.056
0.374
0.406
0.469
1.059
0.984
1.014
0.334
0.360
0.419
1.019
0.948
0.973
0.349
0.439
0.391
0.476
0.363
0.413
0.346
0.440
0.395
0.467
0.357
0.424
0.334
0.431
0.405
0.462
0.347
0.428
0.379
0.344
0.441
0.996
1.072
1.031
0.399
0.361
0.461
0.990
1.067
1.019
0.360
0.357
0.453
0.987
1.094
1.061
0.371
0.416
0.470
1.070
1.004
1.022
0.327
0.367
0.416
1.026
0.964
0.977
0.345
0.453
0.387
0.463
0.354
0.400
0.341
0.456
0.392
0.453
0.347
0.411
0.330
0.452
0.405
0.450
0.339
0.416
0.372
0.332
0.425
0.992
1.047
1.024
0.382
0.346
0.438
0.980
1.036
1.009
0.346
0.341
0.433
0.978
1.057
1.049
0.351
0.390
0.443
1.053
0.983
1.008
0.317
0.353
0.401
1.022
0.956
0.976
0.332
0.427
0.374
0.448
0.343
0.385
0.329
0.429
0.384
0.440
0.338
0.400
0.317
0.423
0.391
0.434
0.325
0.401
0.427
0.403
0.483
1.039
1.127
1.071
0.440
0.416
0.498
1.022
1.109
1.050
0.404
0.413
0.492
1.021
1.137
1.090
0.435
0.493
0.525
1.113
1.063
1.070
0.381
0.429
0.461
1.057
1.009
1.012
0.406
0.516
0.445
0.515
0.418
0.448
0.399
0.518
0.450
0.500
0.410
0.457
0.382
0.507
0.453
0.488
0.394
0.452
0.395
0.359
0.447
1.016
1.101
1.041
0.406
0.372
0.459
1.001
1.087
1.023
0.371
0.371
0.457
1.004
1.119
1.067
0.388
0.439
0.475
1.088
1.028
1.036
0.342
0.386
0.418
1.041
0.984
0.987
0.359
0.473
0.396
0.477
0.371
0.411
0.357
0.476
0.399
0.467
0.364
0.420
0.344
0.472
0.408
0.459
0.351
0.420
0.384
0.350
0.417
0.997
1.068
1.010
0.402
0.365
0.439
0.990
1.061
1.002
0.361
0.360
0.428
0.983
1.084
1.031
0.373
0.419
0.440
1.062
1.006
1.000
0.334
0.367
0.391
1.027
0.970
0.964
0.350
0.445
0.378
0.463
0.360
0.389
0.346
0.447
0.378
0.453
0.353
0.393
0.337
0.445
0.390
0.449
0.345
0.399
0.422
0.395
0.472
1.001
1.085
1.033
0.432
0.401
0.481
0.991
1.073
1.017
0.394
0.399
0.474
0.986
1.099
1.052
0.415
0.462
0.494
1.066
1.013
1.023
0.372
0.414
0.440
1.026
0.976
0.980
0.396
0.501
0.428
0.509
0.411
0.443
0.384
0.498
0.425
0.490
0.397
0.444
0.372
0.490
0.431
0.481
0.384
0.443
0.371
0.341
0.434
0.984
1.055
1.014
0.376
0.355
0.445
0.965
1.039
0.997
0.348
0.357
0.447
0.974
1.077
1.050
0.372
0.427
0.467
1.086
1.015
1.024
0.315
0.364
0.403
1.020
0.956
0.964
0.342
0.441
0.379
0.468
0.356
0.389
0.333
0.443
0.389
0.450
0.346
0.403
0.325
0.443
0.398
0.447
0.340
0.404
0.367
0.332
0.427
0.987
1.056
1.013
0.384
0.351
0.446
0.978
1.044
1.001
0.347
0.349
0.443
0.980
1.079
1.050
0.366
0.428
0.465
1.086
1.018
1.022
0.309
0.364
0.399
1.024
0.963
0.966
0.334
0.437
0.378
0.462
0.350
0.388
0.326
0.439
0.388
0.444
0.340
0.401
0.318
0.441
0.396
0.439
0.332
0.399
0.386
0.342
0.441
0.993
1.055
1.011
0.396
0.358
0.455
0.976
1.039
0.994
0.362
0.357
0.455
0.982
1.078
1.047
0.372
0.434
0.471
1.089
1.018
1.019
0.316
0.373
0.410
1.024
0.962
0.961
0.341
0.445
0.387
0.477
0.358
0.399
0.334
0.448
0.398
0.462
0.348
0.415
0.326
0.448
0.404
0.454
0.341
0.411
0.367
0.328
0.424
0.978
1.045
1.002
0.380
0.342
0.438
0.965
1.029
0.986
0.344
0.343
0.439
0.969
1.069
1.040
0.366
0.423
0.461
1.082
1.010
1.014
0.307
0.357
0.394
1.015
0.950
0.955
0.327
0.427
0.368
0.458
0.340
0.381
0.319
0.430
0.376
0.442
0.330
0.393
0.312
0.430
0.386
0.436
0.323
0.393
0.392
0.350
0.445
1.004
1.072
1.030
0.403
0.368
0.461
0.989
1.058
1.016
0.365
0.361
0.457
0.992
1.092
1.063
0.379
0.436
0.476
1.094
1.022
1.030
0.325
0.376
0.412
1.039
0.974
0.979
0.353
0.454
0.396
0.488
0.366
0.406
0.343
0.455
0.405
0.471
0.353
0.419
0.339
0.459
0.417
0.470
0.351
0.422
0.392
0.345
0.446
0.988
1.029
1.010
0.395
0.357
0.456
0.969
1.011
0.990
0.364
0.359
0.459
0.974
1.048
1.045
0.374
0.418
0.468
1.089
0.999
1.015
0.318
0.355
0.403
1.027
0.945
0.960
0.342
0.427
0.382
0.478
0.361
0.402
0.336
0.429
0.392
0.465
0.351
0.415
0.326
0.423
0.398
0.461
0.346
0.415
0.375
0.335
0.431
0.995
1.049
1.012
0.382
0.349
0.444
0.979
1.036
0.999
0.351
0.350
0.443
0.981
1.069
1.046
0.369
0.418
0.464
1.100
1.015
1.023
0.308
0.356
0.397
1.033
0.958
0.964
0.336
0.430
0.376
0.465
0.350
0.386
0.329
0.433
0.385
0.452
0.341
0.400
0.320
0.430
0.393
0.449
0.335
0.401
0.361
0.325
0.412
0.988
1.033
1.005
0.364
0.338
0.423
0.970
1.019
0.991
0.333
0.337
0.423
0.970
1.044
1.033
0.348
0.400
0.441
1.077
0.995
1.004
0.299
0.347
0.385
1.026
0.953
0.961
0.324
0.415
0.367
0.446
0.340
0.370
0.318
0.416
0.378
0.435
0.332
0.388
0.307
0.413
0.382
0.428
0.322
0.384
0.411
0.387
0.466
1.020
1.089
1.039
0.420
0.405
0.482
1.006
1.079
1.029
0.388
0.402
0.480
1.001
1.100
1.064
0.430
0.490
0.517
1.134
1.065
1.062
0.361
0.417
0.442
1.058
0.997
0.992
0.395
0.493
0.431
0.515
0.412
0.432
0.386
0.497
0.441
0.499
0.402
0.446
0.366
0.482
0.434
0.483
0.386
0.433
0.383
0.346
0.431
1.004
1.069
1.016
0.388
0.361
0.444
0.985
1.052
0.999
0.359
0.362
0.446
0.990
1.087
1.046
0.382
0.438
0.467
1.108
1.030
1.027
0.321
0.373
0.399
1.040
0.971
0.965
0.347
0.448
0.383
0.477
0.363
0.396
0.342
0.451
0.390
0.463
0.355
0.406
0.330
0.449
0.396
0.455
0.345
0.403
0.373
0.338
0.401
0.991
1.044
0.990
0.385
0.353
0.422
0.980
1.032
0.982
0.349
0.351
0.415
0.973
1.057
1.014
0.371
0.419
0.436
1.091
1.017
1.004
0.315
0.354
0.372
1.032
0.962
0.949
0.337
0.422
0.363
0.464
0.355
0.374
0.330
0.422
0.364
0.448
0.346
0.379
0.320
0.418
0.371
0.442
0.337
0.378
0.417
0.388
0.462
1.000
1.062
1.017
0.420
0.396
0.471
0.986
1.049
1.004
0.387
0.397
0.470
0.980
1.076
1.041
0.410
0.458
0.485
1.097
1.022
1.024
0.357
0.404
0.425
1.038
0.974
0.971
0.389
0.480
0.417
0.517
0.411
0.434
0.376
0.478
0.418
0.497
0.395
0.439
0.362
0.469
0.417
0.484
0.383
0.431
0.353
0.310
0.420
0.957
0.996
0.995
0.362
0.324
0.431
0.940
0.982
0.975
0.338
0.326
0.441
0.954
1.017
1.033
0.354
0.379
0.445
1.056
0.966
0.999
0.304
0.331
0.390
1.001
0.923
0.951
0.324
0.394
0.351
0.448
0.332
0.370
0.315
0.395
0.363
0.434
0.324
0.387
0.303
0.386
0.364
0.422
0.310
0.379
0.350
0.303
0.414
0.964
1.000
0.999
0.368
0.320
0.431
0.951
0.986
0.979
0.339
0.322
0.438
0.961
1.019
1.036
0.346
0.375
0.439
1.057
0.968
0.998
0.297
0.328
0.385
1.004
0.927
0.952
0.319
0.388
0.351
0.444
0.326
0.368
0.310
0.390
0.363
0.430
0.318
0.384
0.297
0.381
0.363
0.416
0.303
0.376
0.367
0.312
0.426
0.965
0.995
0.993
0.380
0.327
0.439
0.947
0.979
0.970
0.354
0.330
0.451
0.961
1.015
1.030
0.350
0.377
0.443
1.055
0.962
0.989
0.304
0.337
0.396
1.004
0.926
0.946
0.323
0.394
0.360
0.458
0.334
0.380
0.316
0.396
0.373
0.448
0.326
0.399
0.304
0.387
0.371
0.432
0.314
0.389
0.351
0.301
0.413
0.956
0.989
0.990
0.368
0.314
0.426
0.942
0.973
0.969
0.336
0.315
0.434
0.952
1.007
1.027
0.352
0.376
0.443
1.061
0.969
1.000
0.298
0.323
0.382
1.001
0.919
0.945
0.313
0.379
0.344
0.442
0.319
0.364
0.306
0.382
0.355
0.431
0.312
0.382
0.292
0.371
0.355
0.416
0.298
0.373
0.372
0.320
0.431
0.977
1.011
1.011
0.385
0.336
0.445
0.961
0.997
0.992
0.353
0.331
0.448
0.968
1.024
1.043
0.356
0.381
0.448
1.067
0.974
1.007
0.310
0.336
0.394
1.018
0.936
0.963
0.333
0.400
0.365
0.467
0.340
0.384
0.324
0.401
0.378
0.456
0.331
0.401
0.314
0.395
0.380
0.444
0.320
0.394
0.359
0.314
0.421
0.975
1.007
1.005
0.372
0.332
0.438
0.961
0.995
0.988
0.344
0.332
0.445
0.968
1.025
1.042
0.362
0.386
0.452
1.083
0.984
1.014
0.305
0.330
0.389
1.019
0.930
0.957
0.329
0.397
0.355
0.456
0.338
0.371
0.320
0.398
0.369
0.445
0.329
0.390
0.308
0.388
0.370
0.431
0.317
0.380
0.348
0.301
0.411
0.964
0.993
0.993
0.361
0.318
0.427
0.952
0.986
0.977
0.334
0.319
0.433
0.957
1.012
1.028
0.351
0.374
0.443
1.073
0.972
1.002
0.296
0.323
0.384
1.013
0.926
0.950
0.318
0.386
0.345
0.441
0.324
0.359
0.310
0.388
0.357
0.432
0.316
0.379
0.295
0.374
0.357
0.419
0.302
0.369
0.344
0.298
0.398
0.965
0.986
0.988
0.353
0.311
0.412
0.945
0.970
0.967
0.328
0.314
0.420
0.952
0.997
1.016
0.336
0.359
0.422
1.053
0.954
0.984
0.292
0.319
0.374
1.007
0.920
0.946
0.313
0.379
0.344
0.432
0.322
0.355
0.308
0.380
0.358
0.425
0.315
0.376
0.289
0.368
0.353
0.407
0.297
0.362
0.394
0.362
0.453
1.001
1.045
1.030
0.400
0.373
0.463
0.980
1.027
1.007
0.378
0.379
0.475
0.988
1.057
1.060
0.411
0.445
0.495
1.105
1.019
1.040
0.353
0.389
0.431
1.043
0.968
0.984
0.382
0.455
0.406
0.497
0.390
0.412
0.374
0.460
0.419
0.484
0.381
0.428
0.353
0.441
0.410
0.464
0.364
0.412
0.366
0.320
0.421
0.980
1.019
1.001
0.376
0.335
0.433
0.961
1.002
0.981
0.350
0.336
0.443
0.969
1.031
1.033
0.365
0.392
0.448
1.079
0.984
1.005
0.312
0.343
0.391
1.023
0.940
0.955
0.334
0.407
0.360
0.461
0.343
0.378
0.328
0.411
0.368
0.450
0.336
0.391
0.313
0.400
0.369
0.435
0.321
0.383
0.351
0.307
0.386
0.959
0.989
0.970
0.369
0.322
0.408
0.950
0.977
0.958
0.337
0.324
0.410
0.948
1.002
0.998
0.343
0.366
0.406
1.048
0.959
0.968
0.303
0.324
0.361
1.008
0.927
0.933
0.321
0.380
0.340
0.441
0.328
0.355
0.314
0.382
0.343
0.431
0.322
0.362
0.300
0.371
0.346
0.419
0.310
0.358
0.393
0.353
0.442
0.970
1.003
0.995
0.400
0.361
0.451
0.954
0.988
0.976
0.374
0.365
0.460
0.956
1.013
1.021
0.389
0.410
0.462
1.062
0.971
0.997
0.345
0.371
0.411
1.017
0.939
0.957
0.367
0.433
0.387
0.491
0.382
0.410
0.357
0.433
0.394
0.477
0.371
0.420
0.338
0.414
0.386
0.455
0.351
0.403
0.315
0.296
0.390
0.931
1.006
0.971
0.335
0.317
0.409
0.926
1.004
0.963
0.306
0.320
0.413
0.933
1.038
1.015
0.334
0.383
0.431
1.041
0.962
0.978
0.285
0.337
0.377
0.984
0.922
0.932
0.302
0.398
0.338
0.421
0.311
0.341
0.294
0.404
0.343
0.403
0.303
0.354
0.285
0.400
0.354
0.401
0.296
0.356
0.314
0.288
0.384
0.941
1.011
0.976
0.340
0.312
0.408
0.942
1.011
0.969
0.305
0.312
0.407
0.942
1.041
1.018
0.327
0.383
0.427
1.043
0.967
0.978
0.278
0.337
0.374
0.992
0.930
0.937
0.296
0.393
0.338
0.418
0.304
0.341
0.288
0.400
0.344
0.401
0.296
0.353
0.279
0.395
0.353
0.397
0.291
0.354
0.328
0.296
0.394
0.941
1.008
0.970
0.351
0.317
0.415
0.936
1.004
0.959
0.319
0.318
0.417
0.942
1.040
1.013
0.329
0.386
0.430
1.039
0.961
0.970
0.283
0.346
0.381
0.985
0.925
0.927
0.302
0.402
0.346
0.430
0.312
0.351
0.293
0.409
0.352
0.414
0.303
0.364
0.284
0.403
0.359
0.408
0.298
0.363
0.311
0.284
0.380
0.925
0.992
0.960
0.337
0.306
0.403
0.925
0.990
0.952
0.303
0.306
0.403
0.928
1.024
1.005
0.332
0.380
0.429
1.039
0.960
0.973
0.278
0.330
0.369
0.979
0.914
0.922
0.290
0.381
0.331
0.414
0.297
0.337
0.283
0.389
0.335
0.397
0.290
0.346
0.273
0.382
0.343
0.392
0.282
0.346
0.336
0.304
0.401
0.956
1.025
0.992
0.357
0.327
0.422
0.952
1.023
0.983
0.324
0.323
0.422
0.955
1.054
1.033
0.340
0.391
0.439
1.057
0.977
0.992
0.293
0.348
0.386
1.007
0.942
0.950
0.313
0.407
0.355
0.443
0.319
0.358
0.305
0.415
0.363
0.428
0.311
0.371
0.298
0.412
0.372
0.426
0.306
0.373
0.325
0.302
0.394
0.953
1.015
0.984
0.346
0.325
0.417
0.947
1.012
0.975
0.315
0.325
0.417
0.951
1.044
1.024
0.343
0.391
0.439
1.069
0.982
0.994
0.287
0.337
0.377
1.002
0.931
0.938
0.310
0.400
0.346
0.431
0.319
0.348
0.301
0.405
0.352
0.415
0.309
0.360
0.292
0.399
0.361
0.410
0.303
0.359
0.328
0.294
0.395
0.932
0.979
0.965
0.348
0.317
0.416
0.927
0.976
0.956
0.313
0.316
0.416
0.927
1.008
1.005
0.334
0.373
0.430
1.041
0.947
0.969
0.287
0.327
0.377
0.987
0.908
0.925
0.301
0.382
0.337
0.427
0.311
0.346
0.295
0.388
0.342
0.413
0.304
0.358
0.285
0.381
0.351
0.409
0.298
0.359
0.313
0.288
0.376
0.944
0.993
0.971
0.330
0.309
0.395
0.937
0.989
0.963
0.299
0.310
0.397
0.940
1.016
1.010
0.319
0.367
0.413
1.042
0.956
0.972
0.276
0.327
0.366
0.997
0.925
0.938
0.293
0.382
0.335
0.410
0.305
0.334
0.287
0.384
0.339
0.397
0.297
0.348
0.275
0.379
0.346
0.392
0.289
0.346
0.366
0.353
0.432
0.981
1.051
1.010
0.387
0.376
0.454
0.981
1.053
1.006
0.355
0.373
0.453
0.973
1.072
1.042
0.400
0.457
0.490
1.100
1.025
1.028
0.339
0.398
0.424
1.032
0.972
0.970
0.364
0.460
0.403
0.475
0.374
0.394
0.356
0.466
0.406
0.458
0.365
0.404
0.339
0.451
0.405
0.446
0.352
0.395
0.323
0.301
0.386
0.951
1.020
0.973
0.344
0.324
0.407
0.945
1.016
0.964
0.312
0.322
0.409
0.946
1.045
1.011
0.341
0.393
0.429
1.063
0.980
0.983
0.289
0.345
0.371
1.004
0.937
0.934
0.306
0.403
0.343
0.429
0.316
0.347
0.301
0.409
0.343
0.414
0.310
0.355
0.290
0.404
0.353
0.407
0.300
0.355
0.314
0.293
0.357
0.934
0.992
0.945
0.340
0.316
0.385
0.934
0.992
0.944
0.305
0.314
0.381
0.930
1.017
0.980
0.327
0.373
0.397
1.042
0.963
0.956
0.282
0.326
0.345
0.994
0.926
0.916
0.296
0.381
0.325
0.415
0.310
0.328
0.292
0.386
0.322
0.400
0.303
0.331
0.281
0.378
0.332
0.397
0.297
0.334
0.354
0.335
0.410
0.943
1.006
0.968
0.372
0.351
0.427
0.939
1.003
0.961
0.338
0.349
0.427
0.932
1.026
0.998
0.366
0.410
0.444
1.047
0.965
0.974
0.322
0.371
0.392
0.999
0.934
0.934
0.344
0.432
0.373
0.463
0.356
0.381
0.333
0.434
0.370
0.444
0.346
0.385
0.320
0.422
0.374
0.435
0.336
0.381
0.333
0.305
0.395
0.904
0.956
0.940
0.347
0.323
0.410
0.895
0.949
0.927
0.321
0.325
0.415
0.903
0.976
0.976
0.322
0.369
0.416
0.974
0.906
0.926
0.290
0.335
0.379
0.937
0.879
0.895
0.318
0.400
0.354
0.422
0.328
0.358
0.309
0.400
0.364
0.406
0.317
0.372
0.293
0.391
0.361
0.395
0.303
0.364
0.329
0.295
0.387
0.908
0.958
0.939
0.354
0.319
0.410
0.904
0.949
0.927
0.319
0.318
0.410
0.905
0.975
0.973
0.313
0.366
0.411
0.969
0.902
0.918
0.286
0.337
0.378
0.939
0.882
0.893
0.312
0.397
0.353
0.415
0.319
0.353
0.304
0.399
0.364
0.401
0.310
0.368
0.288
0.390
0.361
0.389
0.296
0.361
0.344
0.304
0.397
0.908
0.955
0.932
0.362
0.323
0.416
0.901
0.945
0.919
0.329
0.324
0.418
0.901
0.972
0.965
0.317
0.371
0.415
0.968
0.900
0.911
0.290
0.345
0.385
0.935
0.879
0.884
0.318
0.406
0.358
0.426
0.327
0.362
0.309
0.407
0.372
0.414
0.316
0.379
0.294
0.398
0.368
0.401
0.305
0.369
0.329
0.294
0.385
0.899
0.948
0.928
0.349
0.310
0.402
0.895
0.939
0.917
0.315
0.311
0.404
0.896
0.967
0.964
0.317
0.366
0.410
0.973
0.904
0.918
0.285
0.330
0.372
0.934
0.874
0.885
0.307
0.391
0.347
0.413
0.313
0.349
0.298
0.390
0.353
0.399
0.303
0.363
0.283
0.382
0.353
0.387
0.290
0.355
0.351
0.311
0.403
0.920
0.968
0.950
0.368
0.330
0.421
0.915
0.963
0.941
0.335
0.327
0.421
0.915
0.984
0.983
0.325
0.374
0.421
0.983
0.914
0.932
0.298
0.345
0.387
0.952
0.893
0.905
0.327
0.410
0.367
0.439
0.334
0.370
0.315
0.409
0.377
0.424
0.321
0.384
0.304
0.404
0.378
0.416
0.313
0.379
0.343
0.309
0.398
0.918
0.957
0.942
0.357
0.329
0.417
0.913
0.954
0.935
0.327
0.326
0.415
0.915
0.978
0.978
0.330
0.375
0.423
0.998
0.921
0.936
0.293
0.334
0.379
0.953
0.884
0.897
0.322
0.399
0.357
0.429
0.332
0.360
0.312
0.397
0.369
0.414
0.319
0.375
0.299
0.390
0.366
0.405
0.309
0.367
0.348
0.304
0.401
0.905
0.929
0.929
0.361
0.324
0.417
0.896
0.922
0.916
0.329
0.321
0.419
0.898
0.949
0.964
0.322
0.356
0.414
0.975
0.887
0.914
0.293
0.325
0.379
0.942
0.865
0.887
0.318
0.386
0.353
0.427
0.326
0.360
0.311
0.385
0.364
0.419
0.318
0.378
0.294
0.374
0.359
0.406
0.306
0.369
0.331
0.299
0.389
0.910
0.949
0.933
0.347
0.317
0.407
0.905
0.945
0.925
0.317
0.317
0.407
0.905
0.970
0.969
0.321
0.366
0.415
0.988
0.908
0.925
0.286
0.329
0.375
0.948
0.880
0.893
0.312
0.392
0.349
0.416
0.321
0.349
0.304
0.391
0.359
0.404
0.310
0.365
0.290
0.383
0.357
0.395
0.299
0.358
0.392
0.369
0.446
0.966
1.019
0.988
0.406
0.389
0.464
0.956
1.010
0.977
0.378
0.390
0.466
0.952
1.030
1.013
0.391
0.448
0.479
1.042
0.979
0.982
0.352
0.406
0.435
0.992
0.938
0.938
0.389
0.473
0.421
0.482
0.397
0.412
0.378
0.474
0.433
0.467
0.384
0.427
0.357
0.457
0.423
0.450
0.367
0.413
0.349
0.314
0.394
0.927
0.972
0.941
0.362
0.331
0.410
0.916
0.961
0.928
0.333
0.330
0.413
0.917
0.984
0.969
0.333
0.380
0.414
0.995
0.921
0.928
0.300
0.346
0.376
0.956
0.893
0.894
0.330
0.413
0.364
0.436
0.340
0.368
0.322
0.412
0.367
0.421
0.329
0.376
0.304
0.402
0.365
0.407
0.313
0.367
0.336
0.302
0.368
0.904
0.941
0.912
0.355
0.321
0.393
0.903
0.939
0.911
0.321
0.321
0.390
0.895
0.955
0.942
0.319
0.362
0.389
0.969
0.900
0.901
0.293
0.330
0.358
0.944
0.882
0.880
0.318
0.389
0.346
0.418
0.327
0.347
0.311
0.389
0.350
0.406
0.317
0.355
0.294
0.377
0.346
0.394
0.304
0.347
0.367
0.340
0.414
0.911
0.955
0.934
0.384
0.357
0.432
0.910
0.953
0.929
0.349
0.355
0.430
0.899
0.967
0.960
0.353
0.394
0.429
0.979
0.910
0.922
0.326
0.367
0.396
0.951
0.892
0.898
0.359
0.433
0.386
0.462
0.374
0.394
0.343
0.426
0.386
0.440
0.354
0.397
0.324
0.411
0.378
0.423
0.337
0.384
0.453
0.426
0.497
1.027
1.098
1.044
0.468
0.441
0.510
1.014
1.084
1.030
0.440
0.447
0.515
1.021
1.120
1.074
0.464
0.517
0.538
1.113
1.070
1.061
0.403
0.458
0.472
1.052
1.018
1.003
0.475
0.564
0.492
0.584
0.497
0.515
0.456
0.560
0.495
0.553
0.471
0.510
0.430
0.538
0.478
0.534
0.449
0.493
0.457
0.425
0.498
1.036
1.106
1.049
0.485
0.450
0.522
1.034
1.099
1.041
0.444
0.448
0.517
1.026
1.125
1.075
0.462
0.523
0.538
1.113
1.074
1.061
0.403
0.465
0.475
1.056
1.024
1.005
0.472
0.566
0.494
0.581
0.494
0.516
0.455
0.563
0.498
0.555
0.472
0.513
0.434
0.547
0.487
0.539
0.454
0.501
0.471
0.433
0.508
1.039
1.106
1.045
0.489
0.450
0.524
1.028
1.093
1.033
0.453
0.453
0.524
1.024
1.122
1.070
0.463
0.523
0.538
1.111
1.069
1.053
0.408
0.473
0.482
1.055
1.023
0.999
0.495
0.590
0.516
0.606
0.516
0.538
0.464
0.575
0.509
0.571
0.481
0.526
0.444
0.556
0.496
0.552
0.462
0.510
0.441
0.407
0.479
1.012
1.082
1.022
0.466
0.426
0.499
1.009
1.074
1.014
0.426
0.425
0.496
1.004
1.105
1.052
0.453
0.510
0.523
1.103
1.060
1.044
0.389
0.447
0.456
1.040
1.005
0.984
0.442
0.535
0.463
0.553
0.458
0.485
0.428
0.536
0.468
0.532
0.442
0.486
0.405
0.516
0.454
0.512
0.421
0.470
0.478
0.440
0.514
1.045
1.115
1.058
0.496
0.458
0.530
1.038
1.106
1.049
0.460
0.457
0.528
1.034
1.132
1.082
0.469
0.525
0.543
1.119
1.076
1.064
0.414
0.472
0.483
1.066
1.032
1.013
0.494
0.584
0.513
0.614
0.518
0.542
0.468
0.575
0.512
0.578
0.484
0.530
0.448
0.558
0.500
0.562
0.467
0.517
0.478
0.443
0.514
1.050
1.104
1.057
0.497
0.462
0.533
1.046
1.097
1.052
0.459
0.460
0.529
1.038
1.122
1.083
0.480
0.527
0.549
1.139
1.082
1.073
0.418
0.465
0.483
1.074
1.025
1.011
0.487
0.566
0.503
0.600
0.508
0.526
0.474
0.565
0.513
0.579
0.489
0.530
0.449
0.544
0.494
0.557
0.466
0.509
0.473
0.426
0.510
1.020
1.053
1.031
0.493
0.447
0.528
1.016
1.049
1.023
0.455
0.447
0.528
1.009
1.074
1.061
0.463
0.490
0.533
1.104
1.032
1.040
0.407
0.439
0.474
1.052
0.991
0.991
0.462
0.530
0.481
0.582
0.484
0.512
0.451
0.528
0.489
0.565
0.468
0.515
0.431
0.509
0.477
0.547
0.449
0.501
0.475
0.439
0.512
1.049
1.099
1.054
0.497
0.459
0.531
1.045
1.094
1.048
0.460
0.458
0.529
1.037
1.118
1.082
0.470
0.508
0.541
1.131
1.067
1.066
0.414
0.457
0.481
1.077
1.025
1.014
0.482
0.562
0.500
0.597
0.503
0.525
0.467
0.558
0.505
0.575
0.484
0.526
0.446
0.539
0.492
0.558
0.465
0.511
0.465
0.430
0.498
1.043
1.081
1.048
0.477
0.446
0.511
1.030
1.069
1.035
0.445
0.448
0.513
1.025
1.090
1.068
0.449
0.485
0.517
1.109
1.044
1.046
0.406
0.446
0.471
1.066
1.011
1.006
0.473
0.545
0.492
0.581
0.497
0.511
0.459
0.540
0.499
0.558
0.475
0.511
0.439
0.524
0.486
0.541
0.455
0.497
0.471
0.437
0.498
1.061
1.123
1.055
0.494
0.461
0.519
1.057
1.118
1.052
0.465
0.467
0.525
1.055
1.147
1.087
0.488
0.539
0.544
1.153
1.103
1.081
0.422
0.477
0.474
1.086
1.046
1.015
0.482
0.572
0.495
0.591
0.501
0.517
0.477
0.578
0.504
0.578
0.492
0.523
0.442
0.548
0.480
0.547
0.457
0.495
0.436
0.403
0.454
1.011
1.065
1.005
0.457
0.422
0.476
1.011
1.063
1.006
0.418
0.419
0.471
0.994
1.078
1.025
0.441
0.491
0.494
1.096
1.050
1.026
0.383
0.432
0.432
1.041
1.002
0.972
0.437
0.515
0.449
0.539
0.452
0.463
0.425
0.514
0.452
0.523
0.439
0.463
0.401
0.492
0.436
0.501
0.416
0.446
0.469
0.441
0.497
1.015
1.077
1.019
0.485
0.456
0.512
1.012
1.072
1.015
0.450
0.458
0.512
0.998
1.090
1.038
0.476
0.521
0.530
1.101
1.053
1.038
0.419
0.470
0.470
1.049
1.012
0.988
0.475
0.556
0.483
0.583
0.498
0.509
0.458
0.553
0.485
0.561
0.480
0.508
0.434
0.530
0.466
0.538
0.456
0.487
0.370
0.347
0.403
1.000
1.082
1.003
0.378
0.360
0.411
0.981
1.068
0.982
0.347
0.355
0.409
0.983
1.096
1.019
0.381
0.434
0.436
1.082
1.028
1.010
0.327
0.373
0.375
1.023
0.977
0.954
0.349
0.456
0.360
0.454
0.358
0.374
0.347
0.463
0.365
0.444
0.356
0.382
0.332
0.453
0.364
0.434
0.340
0.375
0.370
0.344
0.401
1.010
1.092
1.009
0.387
0.360
0.415
0.994
1.077
0.988
0.347
0.354
0.408
0.988
1.103
1.022
0.377
0.437
0.433
1.083
1.033
1.010
0.324
0.376
0.374
1.027
0.985
0.958
0.347
0.458
0.360
0.450
0.355
0.373
0.345
0.464
0.364
0.441
0.352
0.379
0.329
0.456
0.364
0.430
0.337
0.373
0.387
0.354
0.413
1.012
1.090
1.005
0.398
0.366
0.423
0.993
1.072
0.983
0.362
0.362
0.420
0.990
1.102
1.020
0.382
0.442
0.437
1.083
1.030
1.004
0.331
0.386
0.382
1.027
0.985
0.953
0.353
0.466
0.367
0.465
0.363
0.384
0.351
0.473
0.373
0.456
0.359
0.392
0.337
0.463
0.371
0.445
0.347
0.385
0.369
0.340
0.398
1.000
1.083
0.998
0.383
0.352
0.409
0.985
1.067
0.978
0.346
0.347
0.405
0.982
1.096
1.014
0.380
0.434
0.432
1.085
1.031
1.007
0.323
0.370
0.368
1.025
0.978
0.950
0.341
0.451
0.353
0.450
0.347
0.369
0.340
0.458
0.356
0.441
0.345
0.376
0.322
0.446
0.354
0.427
0.328
0.367
0.390
0.357
0.417
1.020
1.100
1.018
0.403
0.372
0.429
1.004
1.085
1.000
0.366
0.364
0.421
1.001
1.112
1.032
0.387
0.440
0.441
1.090
1.034
1.014
0.337
0.384
0.383
1.040
0.992
0.966
0.361
0.469
0.375
0.475
0.368
0.389
0.358
0.475
0.380
0.465
0.363
0.396
0.345
0.467
0.380
0.456
0.351
0.392
0.386
0.359
0.413
1.018
1.084
1.013
0.394
0.371
0.424
1.002
1.072
0.996
0.360
0.362
0.416
0.999
1.096
1.027
0.391
0.438
0.443
1.100
1.036
1.017
0.332
0.373
0.376
1.040
0.983
0.959
0.358
0.457
0.368
0.468
0.369
0.383
0.356
0.462
0.375
0.459
0.366
0.391
0.341
0.452
0.372
0.448
0.352
0.383
0.386
0.346
0.416
0.997
1.040
0.996
0.395
0.359
0.425
0.979
1.024
0.974
0.360
0.352
0.421
0.977
1.050
1.014
0.379
0.408
0.432
1.075
0.998
0.995
0.329
0.355
0.376
1.026
0.956
0.949
0.347
0.429
0.360
0.461
0.355
0.381
0.350
0.436
0.369
0.459
0.357
0.393
0.331
0.419
0.363
0.444
0.340
0.383
0.369
0.341
0.400
1.006
1.070
0.999
0.382
0.357
0.412
0.993
1.061
0.984
0.347
0.351
0.408
0.986
1.084
1.016
0.377
0.419
0.430
1.089
1.020
1.005
0.321
0.362
0.369
1.034
0.975
0.954
0.344
0.442
0.354
0.452
0.351
0.369
0.344
0.449
0.360
0.445
0.350
0.379
0.327
0.437
0.357
0.435
0.336
0.371
0.366
0.336
0.389
1.005
1.051
0.997
0.372
0.347
0.397
0.984
1.033
0.976
0.339
0.342
0.393
0.978
1.050
1.006
0.361
0.399
0.412
1.067
0.997
0.988
0.318
0.354
0.363
1.025
0.963
0.949
0.340
0.427
0.353
0.441
0.350
0.363
0.341
0.431
0.361
0.436
0.349
0.373
0.320
0.418
0.354
0.421
0.329
0.363
0.413
0.395
0.440
1.043
1.122
1.037
0.423
0.409
0.450
1.022
1.104
1.015
0.389
0.403
0.446
1.014
1.123
1.042
0.435
0.494
0.485
1.128
1.077
1.049
0.369
0.421
0.413
1.062
1.018
0.985
0.401
0.505
0.412
0.501
0.414
0.419
0.396
0.510
0.416
0.491
0.410
0.426
0.373
0.491
0.404
0.473
0.388
0.410
0.369
0.343
0.381
1.000
1.066
0.983
0.384
0.359
0.398
0.988
1.056
0.971
0.346
0.352
0.389
0.977
1.074
0.994
0.376
0.426
0.411
1.076
1.023
0.988
0.323
0.363
0.353
1.026
0.976
0.941
0.343
0.436
0.346
0.448
0.355
0.360
0.342
0.442
0.348
0.439
0.353
0.364
0.326
0.431
0.345
0.429
0.339
0.358
0.412
0.393
0.435
1.011
1.086
1.004
0.419
0.401
0.441
0.996
1.073
0.988
0.383
0.396
0.437
0.983
1.091
1.012
0.418
0.466
0.458
1.087
1.033
1.008
0.366
0.410
0.398
1.037
0.992
0.960
0.393
0.492
0.396
0.499
0.410
0.416
0.388
0.496
0.397
0.487
0.404
0.420
0.366
0.478
0.386
0.467
0.381
0.403
0.339
0.317
0.365
0.905
0.970
0.911
0.361
0.336
0.387
0.901
0.966
0.907
0.328
0.334
0.385
0.900
0.993
0.942
0.346
0.399
0.400
0.979
0.939
0.916
0.311
0.350
0.357
0.943
0.902
0.883
0.325
0.414
0.342
0.418
0.333
0.348
0.325
0.422
0.348
0.407
0.330
0.351
0.301
0.403
0.339
0.391
0.311
0.338
0.337
0.312
0.361
0.917
0.983
0.920
0.368
0.337
0.390
0.919
0.980
0.918
0.326
0.331
0.380
0.907
1.002
0.946
0.340
0.400
0.395
0.981
0.946
0.918
0.308
0.355
0.357
0.950
0.914
0.890
0.322
0.416
0.343
0.413
0.329
0.346
0.321
0.423
0.347
0.403
0.327
0.349
0.300
0.408
0.340
0.390
0.311
0.339
0.360
0.328
0.380
0.930
0.991
0.927
0.380
0.346
0.401
0.921
0.980
0.917
0.345
0.344
0.397
0.915
1.006
0.950
0.349
0.407
0.405
0.986
0.948
0.918
0.317
0.368
0.369
0.953
0.918
0.890
0.331
0.426
0.353
0.428
0.339
0.359
0.332
0.435
0.362
0.421
0.338
0.365
0.308
0.416
0.350
0.402
0.320
0.350
0.334
0.308
0.356
0.906
0.972
0.908
0.359
0.324
0.376
0.903
0.964
0.900
0.321
0.322
0.373
0.899
0.993
0.935
0.345
0.399
0.395
0.985
0.945
0.917
0.306
0.347
0.348
0.943
0.903
0.878
0.314
0.405
0.331
0.407
0.318
0.336
0.313
0.412
0.335
0.397
0.316
0.337
0.292
0.397
0.329
0.382
0.300
0.328
0.369
0.340
0.384
0.941
1.005
0.941
0.388
0.357
0.405
0.934
0.997
0.934
0.353
0.352
0.399
0.928
1.020
0.963
0.366
0.420
0.415
1.005
0.965
0.938
0.334
0.375
0.375
0.974
0.934
0.909
0.350
0.440
0.366
0.445
0.354
0.369
0.349
0.446
0.372
0.434
0.350
0.371
0.328
0.431
0.364
0.421
0.335
0.361
0.348
0.322
0.367
0.926
0.977
0.922
0.371
0.341
0.391
0.922
0.973
0.919
0.336
0.335
0.383
0.917
0.996
0.947
0.357
0.402
0.404
1.007
0.956
0.933
0.315
0.349
0.355
0.959
0.909
0.887
0.333
0.413
0.345
0.428
0.339
0.351
0.330
0.417
0.350
0.415
0.333
0.352
0.309
0.402
0.343
0.403
0.319
0.343
0.347
0.311
0.371
0.897
0.932
0.900
0.371
0.334
0.396
0.897
0.931
0.897
0.334
0.327
0.389
0.890
0.953
0.930
0.341
0.373
0.394
0.971
0.908
0.900
0.313
0.335
0.358
0.941
0.880
0.873
0.320
0.389
0.338
0.422
0.328
0.350
0.322
0.395
0.345
0.414
0.326
0.354
0.299
0.376
0.337
0.399
0.311
0.345
0.331
0.306
0.356
0.910
0.959
0.907
0.357
0.328
0.381
0.909
0.958
0.905
0.322
0.322
0.373
0.903
0.980
0.936
0.338
0.380
0.390
0.989
0.933
0.914
0.303
0.334
0.347
0.953
0.899
0.882
0.316
0.396
0.330
0.409
0.323
0.335
0.315
0.402
0.336
0.399
0.319
0.338
0.295
0.387
0.330
0.387
0.305
0.330
0.338
0.305
0.356
0.913
0.948
0.909
0.354
0.321
0.375
0.909
0.942
0.905
0.322
0.320
0.371
0.900
0.959
0.933
0.329
0.367
0.381
0.976
0.919
0.908
0.305
0.335
0.351
0.951
0.896
0.885
0.317
0.388
0.336
0.407
0.323
0.338
0.318
0.392
0.343
0.401
0.321
0.345
0.295
0.377
0.334
0.383
0.301
0.331
0.356
0.335
0.376
0.918
0.980
0.916
0.377
0.356
0.399
0.916
0.978
0.914
0.343
0.352
0.394
0.903
0.993
0.935
0.378
0.435
0.427
1.002
0.963
0.932
0.331
0.376
0.373
0.956
0.917
0.888
0.344
0.432
0.362
0.434
0.353
0.361
0.345
0.441
0.370
0.428
0.353
0.367
0.324
0.424
0.361
0.411
0.336
0.356
0.344
0.318
0.362
0.922
0.982
0.914
0.365
0.339
0.385
0.917
0.978
0.911
0.331
0.334
0.379
0.910
0.998
0.936
0.353
0.407
0.399
1.000
0.953
0.924
0.312
0.357
0.351
0.957
0.913
0.884
0.326
0.418
0.342
0.423
0.336
0.349
0.327
0.424
0.345
0.414
0.333
0.351
0.305
0.410
0.338
0.397
0.314
0.339
0.369
0.348
0.381
0.912
0.970
0.906
0.391
0.367
0.403
0.916
0.974
0.910
0.355
0.362
0.398
0.900
0.987
0.928
0.379
0.426
0.413
0.986
0.946
0.915
0.343
0.382
0.371
0.953
0.915
0.884
0.360
0.442
0.367
0.451
0.371
0.377
0.356
0.445
0.368
0.438
0.365
0.376
0.331
0.424
0.354
0.418
0.344
0.358
0.404
0.388
0.453
0.972
1.053
0.988
0.415
0.401
0.463
0.962
1.044
0.978
0.394
0.413
0.474
0.974
1.087
1.029
0.411
0.466
0.476
1.059
1.018
1.006
0.366
0.421
0.428
1.010
0.976
0.960
0.404
0.503
0.422
0.506
0.421
0.440
0.395
0.510
0.432
0.491
0.413
0.449
0.371
0.487
0.416
0.471
0.389
0.430
0.410
0.390
0.455
0.986
1.065
0.997
0.428
0.407
0.472
0.979
1.056
0.989
0.399
0.417
0.477
0.984
1.097
1.035
0.413
0.474
0.478
1.065
1.027
1.010
0.368
0.428
0.431
1.020
0.988
0.967
0.409
0.511
0.430
0.512
0.427
0.448
0.399
0.516
0.437
0.494
0.416
0.453
0.375
0.494
0.422
0.475
0.393
0.436
0.427
0.403
0.470
0.999
1.075
1.006
0.440
0.416
0.484
0.987
1.063
0.995
0.415
0.428
0.492
0.997
1.108
1.044
0.424
0.485
0.490
1.077
1.036
1.018
0.381
0.442
0.446
1.031
0.998
0.976
0.424
0.529
0.446
0.531
0.442
0.466
0.415
0.535
0.456
0.516
0.432
0.473
0.387
0.507
0.435
0.491
0.405
0.450
0.404
0.383
0.447
0.974
1.055
0.984
0.420
0.396
0.461
0.966
1.043
0.974
0.394
0.408
0.469
0.974
1.088
1.023
0.414
0.470
0.473
1.063
1.022
1.004
0.364
0.419
0.421
1.010
0.976
0.955
0.398
0.500
0.417
0.503
0.413
0.437
0.390
0.507
0.425
0.490
0.407
0.445
0.367
0.484
0.410
0.469
0.383
0.426
0.423
0.399
0.465
0.991
1.071
1.003
0.438
0.415
0.481
0.984
1.063
0.997
0.409
0.420
0.483
0.988
1.100
1.037
0.420
0.475
0.483
1.071
1.027
1.014
0.376
0.431
0.436
1.025
0.989
0.969
0.419
0.518
0.437
0.528
0.434
0.457
0.406
0.521
0.444
0.510
0.421
0.462
0.385
0.501
0.431
0.493
0.402
0.446
0.426
0.400
0.464
0.999
1.059
1.004
0.442
0.417
0.483
0.991
1.052
0.998
0.412
0.421
0.484
0.995
1.089
1.042
0.430
0.475
0.490
1.094
1.034
1.025
0.379
0.425
0.436
1.038
0.987
0.973
0.421
0.507
0.436
0.532
0.438
0.457
0.411
0.511
0.447
0.519
0.429
0.468
0.388
0.489
0.430
0.497
0.406
0.446
0.421
0.385
0.461
0.972
1.012
0.980
0.436
0.401
0.477
0.963
1.004
0.972
0.410
0.409
0.483
0.970
1.043
1.021
0.415
0.444
0.477
1.060
0.991
0.996
0.374
0.404
0.432
1.018
0.957
0.956
0.404
0.480
0.424
0.519
0.422
0.451
0.400
0.483
0.436
0.510
0.416
0.462
0.373
0.456
0.416
0.487
0.392
0.441
0.410
0.385
0.451
0.984
1.041
0.987
0.430
0.405
0.472
0.981
1.040
0.986
0.401
0.410
0.473
0.983
1.076
1.028
0.414
0.454
0.473
1.079
1.017
1.011
0.367
0.409
0.424
1.031
0.977
0.965
0.407
0.493
0.421
0.515
0.423
0.444
0.401
0.499
0.433
0.507
0.419
0.457
0.375
0.474
0.414
0.483
0.392
0.434
0.399
0.370
0.434
0.973
1.012
0.976
0.409
0.383
0.447
0.964
1.004
0.969
0.385
0.391
0.454
0.965
1.031
1.008
0.391
0.428
0.451
1.050
0.984
0.985
0.356
0.394
0.413
1.015
0.957
0.953
0.390
0.467
0.410
0.494
0.406
0.426
0.384
0.470
0.421
0.483
0.398
0.436
0.357
0.445
0.402
0.460
0.373
0.415
0.427
0.410
0.465
0.997
1.070
1.001
0.441
0.427
0.483
0.988
1.063
0.996
0.418
0.438
0.490
0.988
1.096
1.033
0.449
0.505
0.508
1.095
1.051
1.031
0.391
0.448
0.449
1.036
1.000
0.976
0.434
0.529
0.451
0.534
0.452
0.463
0.426
0.536
0.462
0.521
0.444
0.472
0.396
0.506
0.438
0.494
0.417
0.447
0.424
0.402
0.455
1.003
1.074
0.998
0.434
0.415
0.468
0.990
1.063
0.988
0.412
0.426
0.478
0.998
1.103
1.033
0.431
0.485
0.481
1.092
1.043
1.019
0.382
0.437
0.428
1.041
0.999
0.969
0.414
0.513
0.428
0.521
0.432
0.449
0.413
0.523
0.438
0.513
0.429
0.459
0.385
0.498
0.419
0.487
0.401
0.435
0.395
0.372
0.413
0.973
1.034
0.962
0.412
0.388
0.434
0.969
1.030
0.961
0.380
0.392
0.431
0.959
1.054
0.986
0.401
0.452
0.440
1.057
1.012
0.981
0.355
0.401
0.390
1.013
0.971
0.939
0.382
0.467
0.389
0.484
0.398
0.406
0.377
0.473
0.394
0.473
0.393
0.410
0.356
0.455
0.384
0.457
0.373
0.397
