0.375
0.380
0.411
0.371
0.543
0.363
0.393
0.398
0.434
0.405
0.574
0.378
0.367
0.396
0.428
0.364
0.564
0.381
0.388
0.500
0.442
0.493
0.471
0.384
0.338
0.460
0.399
0.440
0.437
0.346
0.356
0.565
0.394
0.482
0.385
0.381
0.364
0.577
0.383
0.469
0.395
0.378
0.353
0.564
0.378
0.468
0.380
0.369
0.411
0.387
0.439
0.407
0.570
0.376
0.416
0.409
0.457
0.437
0.599
0.391
0.391
0.407
0.453
0.393
0.589
0.395
0.398
0.513
0.457
0.528
0.494
0.397
0.351
0.480
0.421
0.479
0.462
0.359
0.371
0.585
0.416
0.515
0.394
0.409
0.377
0.598
0.405
0.501
0.400
0.403
0.368
0.583
0.399
0.501
0.391
0.393
0.378
0.377
0.407
0.382
0.558
0.361
0.394
0.393
0.426
0.416
0.582
0.377
0.366
0.395
0.424
0.375
0.577
0.383
0.396
0.512
0.448
0.521
0.493
0.398
0.343
0.465
0.402
0.462
0.450
0.351
0.358
0.572
0.397
0.488
0.382
0.383
0.363
0.583
0.382
0.472
0.392
0.378
0.350
0.566
0.377
0.470
0.373
0.367
0.415
0.388
0.442
0.398
0.571
0.379
0.418
0.410
0.460
0.423
0.600
0.399
0.395
0.398
0.451
0.386
0.589
0.398
0.407
0.512
0.466
0.522
0.479
0.403
0.355
0.474
0.424
0.463
0.448
0.363
0.380
0.592
0.429
0.531
0.400
0.420
0.386
0.604
0.414
0.513
0.406
0.411
0.375
0.595
0.415
0.517
0.394
0.410
0.403
0.401
0.441
0.404
0.528
0.378
0.409
0.424
0.461
0.425
0.550
0.395
0.389
0.419
0.456
0.394
0.539
0.397
0.412
0.504
0.472
0.571
0.491
0.412
0.351
0.442
0.415
0.504
0.435
0.358
0.379
0.547
0.423
0.549
0.415
0.410
0.381
0.545
0.404
0.528
0.420
0.400
0.368
0.541
0.402
0.521
0.408
0.387
0.405
0.380
0.427
0.399
0.482
0.366
0.412
0.407
0.448
0.434
0.525
0.384
0.387
0.406
0.450
0.391
0.505
0.390
0.389
0.482
0.450
0.555
0.464
0.392
0.343
0.440
0.410
0.504
0.429
0.353
0.364
0.532
0.413
0.533
0.399
0.398
0.374
0.536
0.398
0.525
0.408
0.398
0.356
0.525
0.394
0.514
0.395
0.384
0.386
0.399
0.421
0.405
0.540
0.371
0.398
0.423
0.444
0.444
0.577
0.391
0.374
0.426
0.441
0.398
0.563
0.393
0.402
0.512
0.456
0.570
0.504
0.404
0.346
0.466
0.409
0.506
0.462
0.357
0.372
0.565
0.415
0.523
0.410
0.396
0.381
0.571
0.398
0.509
0.423
0.390
0.362
0.559
0.396
0.502
0.402
0.380
0.368
0.369
0.387
0.382
0.475
0.351
0.374
0.388
0.408
0.411
0.509
0.370
0.354
0.390
0.404
0.373
0.489
0.368
0.372
0.468
0.420
0.504
0.437
0.370
0.329
0.435
0.383
0.462
0.413
0.341
0.354
0.518
0.395
0.478
0.383
0.372
0.362
0.520
0.382
0.465
0.389
0.370
0.340
0.510
0.376
0.457
0.371
0.356
0.517
0.512
0.523
0.554
0.680
0.503
0.528
0.533
0.543
0.583
0.706
0.521
0.496
0.523
0.529
0.530
0.683
0.505
0.538
0.636
0.562
0.678
0.657
0.549
0.476
0.575
0.503
0.614
0.601
0.492
0.503
0.670
0.511
0.618
0.529
0.510
0.510
0.679
0.502
0.610
0.540
0.508
0.485
0.654
0.488
0.593
0.514
0.488
0.437
0.442
0.404
0.461
0.605
0.380
0.445
0.456
0.420
0.494
0.631
0.398
0.429
0.455
0.410
0.451
0.616
0.390
0.452
0.561
0.447
0.597
0.567
0.423
0.398
0.504
0.391
0.540
0.517
0.374
0.417
0.609
0.403
0.547
0.449
0.404
0.434
0.621
0.399
0.543
0.465
0.401
0.407
0.601
0.387
0.529
0.439
0.385
0.413
0.406
0.375
0.431
0.539
0.354
0.425
0.414
0.403
0.463
0.566
0.378
0.407
0.416
0.388
0.425
0.553
0.368
0.427
0.524
0.419
0.552
0.541
0.397
0.383
0.465
0.372
0.505
0.487
0.358
0.399
0.549
0.388
0.504
0.421
0.381
0.413
0.559
0.376
0.499
0.435
0.375
0.390
0.538
0.366
0.490
0.414
0.365
0.435
0.456
0.432
0.458
0.612
0.416
0.442
0.463
0.445
0.481
0.626
0.427
0.415
0.470
0.436
0.435
0.617
0.420
0.452
0.552
0.462
0.566
0.562
0.447
0.408
0.515
0.423
0.527
0.528
0.411
0.430
0.613
0.431
0.540
0.465
0.431
0.434
0.618
0.420
0.529
0.469
0.425
0.408
0.595
0.403
0.512
0.444
0.402
0.372
0.379
0.413
0.370
0.541
0.364
0.384
0.402
0.431
0.399
0.571
0.381
0.365
0.403
0.435
0.371
0.571
0.392
0.389
0.484
0.440
0.508
0.458
0.386
0.342
0.442
0.401
0.454
0.424
0.350
0.363
0.557
0.393
0.499
0.388
0.381
0.371
0.571
0.378
0.482
0.401
0.375
0.355
0.554
0.373
0.480
0.378
0.366
0.391
0.379
0.427
0.385
0.557
0.364
0.393
0.405
0.444
0.411
0.587
0.380
0.375
0.405
0.445
0.376
0.583
0.388
0.379
0.488
0.439
0.497
0.458
0.371
0.340
0.463
0.411
0.456
0.431
0.342
0.360
0.577
0.405
0.494
0.382
0.391
0.368
0.591
0.392
0.483
0.392
0.385
0.355
0.573
0.384
0.482
0.380
0.375
0.360
0.373
0.398
0.363
0.549
0.353
0.375
0.395
0.417
0.393
0.572
0.369
0.351
0.397
0.418
0.357
0.573
0.377
0.382
0.491
0.434
0.497
0.462
0.379
0.333
0.448
0.392
0.441
0.422
0.336
0.345
0.563
0.383
0.469
0.374
0.366
0.354
0.575
0.369
0.457
0.386
0.363
0.337
0.556
0.363
0.452
0.364
0.351
0.400
0.385
0.434
0.382
0.563
0.373
0.406
0.417
0.457
0.406
0.596
0.397
0.388
0.405
0.452
0.375
0.589
0.397
0.397
0.494
0.455
0.498
0.450
0.386
0.354
0.465
0.422
0.448
0.426
0.354
0.374
0.588
0.421
0.517
0.396
0.407
0.381
0.600
0.406
0.502
0.406
0.401
0.364
0.585
0.402
0.499
0.385
0.394
0.386
0.402
0.436
0.386
0.523
0.375
0.398
0.428
0.459
0.408
0.547
0.391
0.376
0.421
0.454
0.379
0.538
0.395
0.405
0.490
0.464
0.548
0.469
0.400
0.348
0.433
0.412
0.486
0.417
0.351
0.371
0.539
0.412
0.531
0.409
0.395
0.378
0.543
0.398
0.513
0.417
0.389
0.357
0.532
0.390
0.503
0.400
0.374
0.387
0.374
0.417
0.379
0.467
0.358
0.393
0.401
0.436
0.407
0.507
0.371
0.367
0.400
0.439
0.368
0.491
0.379
0.375
0.461
0.436
0.527
0.434
0.371
0.334
0.423
0.400
0.478
0.402
0.335
0.351
0.515
0.397
0.514
0.388
0.381
0.362
0.522
0.382
0.507
0.397
0.380
0.343
0.508
0.378
0.494
0.381
0.365
0.366
0.394
0.412
0.383
0.526
0.362
0.384
0.424
0.437
0.420
0.565
0.382
0.359
0.423
0.435
0.379
0.556
0.387
0.388
0.491
0.443
0.543
0.474
0.385
0.339
0.451
0.402
0.485
0.436
0.344
0.358
0.553
0.400
0.501
0.397
0.376
0.369
0.560
0.382
0.490
0.413
0.372
0.348
0.544
0.380
0.482
0.390
0.363
0.354
0.365
0.381
0.366
0.469
0.345
0.362
0.388
0.404
0.392
0.499
0.362
0.342
0.390
0.400
0.358
0.484
0.363
0.358
0.450
0.406
0.477
0.410
0.352
0.322
0.423
0.378
0.440
0.388
0.327
0.342
0.508
0.384
0.460
0.373
0.357
0.352
0.512
0.370
0.450
0.382
0.357
0.328
0.500
0.363
0.439
0.360
0.341
0.498
0.505
0.511
0.538
0.672
0.496
0.508
0.529
0.532
0.560
0.693
0.510
0.477
0.519
0.518
0.515
0.679
0.501
0.524
0.619
0.549
0.655
0.632
0.532
0.465
0.557
0.494
0.592
0.573
0.477
0.487
0.657
0.494
0.596
0.515
0.488
0.498
0.669
0.488
0.590
0.530
0.488
0.472
0.643
0.474
0.574
0.504
0.472
0.424
0.443
0.398
0.443
0.599
0.372
0.431
0.458
0.412
0.473
0.622
0.387
0.417
0.458
0.403
0.436
0.613
0.382
0.440
0.545
0.432
0.572
0.541
0.403
0.393
0.495
0.385
0.521
0.497
0.361
0.410
0.607
0.394
0.533
0.446
0.391
0.428
0.619
0.390
0.534
0.465
0.392
0.401
0.598
0.378
0.516
0.435
0.374
0.397
0.403
0.368
0.411
0.532
0.346
0.414
0.418
0.400
0.448
0.564
0.375
0.393
0.418
0.385
0.408
0.553
0.365
0.411
0.508
0.404
0.522
0.517
0.377
0.376
0.457
0.367
0.485
0.470
0.347
0.389
0.545
0.379
0.487
0.416
0.372
0.403
0.555
0.366
0.484
0.432
0.365
0.378
0.532
0.355
0.474
0.408
0.354
0.427
0.460
0.429
0.448
0.612
0.415
0.436
0.472
0.444
0.470
0.625
0.426
0.409
0.480
0.434
0.427
0.620
0.420
0.446
0.542
0.455
0.551
0.546
0.437
0.404
0.505
0.419
0.513
0.509
0.403
0.423
0.609
0.422
0.529
0.463
0.422
0.428
0.615
0.412
0.518
0.468
0.414
0.401
0.592
0.395
0.501
0.441
0.393
0.401
0.402
0.440
0.398
0.566
0.389
0.406
0.421
0.452
0.419
0.588
0.398
0.385
0.419
0.453
0.388
0.587
0.408
0.417
0.508
0.465
0.541
0.488
0.415
0.356
0.458
0.417
0.473
0.441
0.364
0.389
0.580
0.411
0.528
0.413
0.401
0.392
0.588
0.398
0.508
0.418
0.398
0.381
0.574
0.395
0.510
0.403
0.391
0.383
0.391
0.422
0.373
0.551
0.369
0.391
0.410
0.438
0.399
0.575
0.380
0.368
0.407
0.436
0.360
0.569
0.383
0.392
0.497
0.445
0.492
0.463
0.383
0.338
0.457
0.402
0.432
0.420
0.338
0.363
0.574
0.396
0.485
0.393
0.378
0.368
0.582
0.384
0.474
0.398
0.379
0.359
0.571
0.382
0.477
0.388
0.373
0.388
0.393
0.423
0.389
0.571
0.373
0.394
0.409
0.435
0.412
0.586
0.382
0.369
0.409
0.434
0.375
0.588
0.390
0.410
0.519
0.461
0.530
0.493
0.407
0.346
0.463
0.406
0.461
0.440
0.349
0.370
0.584
0.401
0.498
0.397
0.385
0.370
0.591
0.388
0.481
0.399
0.385
0.359
0.574
0.383
0.480
0.384
0.374
0.429
0.409
0.461
0.410
0.589
0.397
0.423
0.430
0.472
0.426
0.610
0.412
0.407
0.417
0.467
0.395
0.605
0.411
0.420
0.516
0.478
0.533
0.480
0.412
0.367
0.480
0.436
0.470
0.446
0.369
0.400
0.609
0.440
0.546
0.420
0.426
0.399
0.616
0.424
0.528
0.421
0.421
0.390
0.607
0.426
0.531
0.409
0.420
0.410
0.419
0.458
0.407
0.539
0.392
0.411
0.437
0.470
0.421
0.556
0.404
0.390
0.431
0.466
0.391
0.546
0.405
0.426
0.508
0.484
0.579
0.495
0.425
0.356
0.440
0.421
0.500
0.428
0.359
0.388
0.552
0.425
0.554
0.427
0.410
0.387
0.546
0.407
0.533
0.427
0.404
0.375
0.546
0.406
0.526
0.417
0.392
0.411
0.393
0.438
0.400
0.481
0.376
0.410
0.415
0.451
0.424
0.518
0.385
0.387
0.413
0.455
0.386
0.501
0.393
0.400
0.481
0.459
0.558
0.457
0.397
0.347
0.435
0.414
0.498
0.416
0.350
0.372
0.534
0.415
0.541
0.411
0.400
0.378
0.531
0.401
0.533
0.414
0.402
0.362
0.525
0.397
0.521
0.405
0.387
0.391
0.412
0.431
0.406
0.545
0.380
0.399
0.433
0.448
0.434
0.575
0.391
0.376
0.432
0.445
0.393
0.566
0.396
0.412
0.513
0.464
0.572
0.499
0.410
0.350
0.464
0.413
0.502
0.451
0.355
0.379
0.571
0.416
0.528
0.419
0.395
0.383
0.572
0.397
0.514
0.426
0.392
0.365
0.559
0.396
0.505
0.408
0.381
0.373
0.381
0.397
0.383
0.482
0.359
0.377
0.401
0.417
0.406
0.510
0.373
0.357
0.401
0.412
0.372
0.496
0.374
0.377
0.466
0.424
0.507
0.435
0.376
0.333
0.434
0.388
0.459
0.405
0.340
0.359
0.522
0.395
0.483
0.392
0.371
0.364
0.522
0.383
0.470
0.395
0.373
0.344
0.514
0.377
0.462
0.379
0.358
0.518
0.522
0.529
0.558
0.689
0.513
0.525
0.543
0.546
0.578
0.709
0.526
0.488
0.527
0.528
0.525
0.688
0.509
0.548
0.639
0.570
0.683
0.656
0.556
0.480
0.575
0.507
0.613
0.596
0.494
0.513
0.679
0.515
0.620
0.536
0.505
0.517
0.684
0.506
0.611
0.543
0.506
0.495
0.661
0.493
0.600
0.524
0.491
0.452
0.465
0.420
0.474
0.623
0.394
0.454
0.479
0.432
0.497
0.642
0.408
0.439
0.475
0.420
0.458
0.630
0.399
0.470
0.571
0.458
0.606
0.573
0.433
0.410
0.514
0.400
0.542
0.517
0.378
0.438
0.629
0.414
0.564
0.473
0.414
0.446
0.633
0.407
0.557
0.480
0.412
0.424
0.614
0.397
0.545
0.459
0.398
0.424
0.423
0.392
0.441
0.557
0.371
0.434
0.434
0.419
0.471
0.583
0.395
0.413
0.433
0.404
0.430
0.570
0.383
0.439
0.532
0.431
0.559
0.547
0.409
0.392
0.476
0.384
0.506
0.491
0.366
0.412
0.565
0.400
0.515
0.437
0.393
0.423
0.573
0.387
0.507
0.445
0.386
0.399
0.550
0.376
0.498
0.427
0.376
0.463
0.492
0.464
0.485
0.647
0.451
0.467
0.500
0.476
0.504
0.659
0.461
0.436
0.504
0.464
0.457
0.651
0.453
0.484
0.577
0.493
0.593
0.584
0.478
0.433
0.534
0.448
0.544
0.540
0.435
0.463
0.647
0.460
0.565
0.497
0.455
0.461
0.648
0.446
0.550
0.495
0.445
0.439
0.626
0.431
0.539
0.475
0.429
0.365
0.367
0.397
0.366
0.532
0.353
0.369
0.378
0.407
0.386
0.549
0.360
0.355
0.377
0.409
0.363
0.551
0.371
0.386
0.483
0.432
0.513
0.465
0.387
0.328
0.435
0.385
0.446
0.421
0.337
0.354
0.546
0.381
0.490
0.375
0.371
0.361
0.559
0.365
0.471
0.389
0.361
0.348
0.546
0.366
0.474
0.371
0.360
0.349
0.361
0.383
0.345
0.522
0.338
0.359
0.376
0.400
0.372
0.542
0.348
0.344
0.375
0.401
0.340
0.540
0.354
0.366
0.476
0.416
0.466
0.445
0.361
0.316
0.439
0.374
0.412
0.409
0.319
0.335
0.548
0.373
0.452
0.365
0.355
0.342
0.557
0.356
0.440
0.376
0.350
0.330
0.546
0.357
0.444
0.363
0.348
0.382
0.364
0.409
0.380
0.546
0.350
0.378
0.382
0.423
0.400
0.567
0.360
0.365
0.381
0.423
0.367
0.565
0.367
0.376
0.489
0.433
0.502
0.466
0.373
0.326
0.456
0.395
0.453
0.434
0.332
0.348
0.565
0.393
0.484
0.370
0.382
0.356
0.579
0.380
0.470
0.379
0.374
0.344
0.563
0.377
0.475
0.369
0.369
0.392
0.373
0.418
0.379
0.556
0.363
0.391
0.396
0.436
0.396
0.578
0.380
0.381
0.382
0.431
0.370
0.572
0.379
0.392
0.491
0.448
0.500
0.455
0.387
0.337
0.453
0.403
0.441
0.423
0.342
0.364
0.577
0.410
0.508
0.385
0.398
0.369
0.587
0.392
0.491
0.393
0.388
0.358
0.579
0.399
0.495
0.379
0.390
0.376
0.378
0.412
0.377
0.497
0.355
0.380
0.398
0.432
0.392
0.513
0.367
0.365
0.389
0.425
0.368
0.503
0.369
0.392
0.472
0.446
0.552
0.461
0.392
0.329
0.411
0.388
0.478
0.400
0.331
0.355
0.513
0.394
0.520
0.388
0.379
0.361
0.514
0.376
0.503
0.395
0.369
0.344
0.511
0.379
0.499
0.385
0.365
0.379
0.356
0.398
0.371
0.448
0.340
0.378
0.376
0.413
0.396
0.486
0.351
0.360
0.372
0.415
0.359
0.466
0.356
0.369
0.455
0.427
0.533
0.433
0.367
0.318
0.409
0.381
0.474
0.392
0.320
0.339
0.502
0.384
0.507
0.371
0.369
0.347
0.502
0.365
0.497
0.378
0.363
0.330
0.493
0.368
0.490
0.368
0.357
0.361
0.375
0.393
0.376
0.507
0.345
0.368
0.395
0.411
0.407
0.538
0.358
0.349
0.394
0.407
0.367
0.527
0.361
0.380
0.482
0.430
0.547
0.471
0.379
0.322
0.434
0.380
0.480
0.425
0.327
0.347
0.535
0.386
0.495
0.382
0.366
0.356
0.539
0.365
0.481
0.395
0.356
0.337
0.529
0.370
0.479
0.378
0.355
0.349
0.352
0.363
0.361
0.454
0.329
0.350
0.368
0.382
0.382
0.478
0.342
0.334
0.366
0.377
0.351
0.463
0.342
0.351
0.445
0.396
0.483
0.411
0.347
0.310
0.414
0.362
0.440
0.385
0.315
0.333
0.499
0.372
0.457
0.365
0.348
0.342
0.501
0.358
0.444
0.371
0.344
0.321
0.494
0.358
0.439
0.355
0.336
0.484
0.486
0.488
0.524
0.653
0.474
0.489
0.501
0.503
0.544
0.669
0.485
0.464
0.492
0.491
0.502
0.655
0.475
0.515
0.608
0.533
0.657
0.630
0.525
0.447
0.543
0.470
0.584
0.566
0.458
0.476
0.641
0.479
0.589
0.501
0.475
0.485
0.652
0.471
0.583
0.515
0.474
0.459
0.628
0.460
0.569
0.491
0.460
0.416
0.429
0.378
0.442
0.589
0.358
0.419
0.440
0.389
0.468
0.606
0.370
0.412
0.438
0.380
0.435
0.596
0.364
0.438
0.541
0.422
0.580
0.547
0.402
0.382
0.485
0.367
0.520
0.496
0.349
0.402
0.593
0.379
0.528
0.437
0.378
0.418
0.603
0.374
0.525
0.450
0.374
0.392
0.583
0.364
0.513
0.427
0.363
0.395
0.395
0.356
0.413
0.528
0.338
0.404
0.401
0.381
0.443
0.550
0.359
0.390
0.399
0.365
0.409
0.539
0.349
0.408
0.506
0.397
0.533
0.524
0.379
0.366
0.451
0.353
0.486
0.471
0.338
0.379
0.533
0.367
0.481
0.405
0.359
0.392
0.543
0.352
0.477
0.421
0.352
0.373
0.526
0.350
0.472
0.403
0.348
0.422
0.452
0.412
0.445
0.603
0.401
0.424
0.456
0.423
0.462
0.611
0.411
0.403
0.463
0.413
0.422
0.605
0.403
0.445
0.542
0.448
0.555
0.550
0.435
0.393
0.500
0.403
0.507
0.508
0.391
0.419
0.603
0.413
0.522
0.456
0.411
0.422
0.607
0.402
0.512
0.460
0.404
0.399
0.588
0.391
0.501
0.441
0.390
0.399
0.391
0.433
0.394
0.557
0.380
0.397
0.411
0.445
0.410
0.579
0.393
0.379
0.405
0.441
0.383
0.574
0.397
0.405
0.498
0.455
0.523
0.475
0.401
0.355
0.459
0.415
0.464
0.440
0.360
0.383
0.574
0.414
0.523
0.405
0.407
0.386
0.580
0.395
0.503
0.410
0.394
0.375
0.572
0.398
0.504
0.394
0.393
0.380
0.384
0.417
0.369
0.544
0.363
0.388
0.408
0.437
0.394
0.571
0.380
0.366
0.398
0.427
0.357
0.561
0.378
0.384
0.492
0.438
0.476
0.453
0.375
0.339
0.459
0.401
0.427
0.424
0.340
0.361
0.571
0.400
0.483
0.391
0.387
0.365
0.576
0.384
0.469
0.396
0.378
0.354
0.569
0.386
0.469
0.382
0.376
0.413
0.391
0.447
0.405
0.570
0.378
0.406
0.416
0.461
0.421
0.597
0.394
0.387
0.407
0.453
0.385
0.586
0.393
0.390
0.502
0.452
0.508
0.474
0.385
0.352
0.480
0.425
0.465
0.451
0.354
0.374
0.590
0.423
0.510
0.395
0.414
0.379
0.598
0.406
0.498
0.401
0.404
0.368
0.588
0.407
0.498
0.389
0.398
0.383
0.381
0.414
0.384
0.561
0.365
0.386
0.402
0.429
0.406
0.582
0.380
0.362
0.396
0.422
0.366
0.573
0.379
0.394
0.503
0.447
0.509
0.477
0.392
0.342
0.462
0.402
0.452
0.440
0.345
0.359
0.574
0.399
0.487
0.385
0.387
0.364
0.580
0.382
0.471
0.390
0.377
0.350
0.569
0.384
0.469
0.372
0.373
0.410
0.410
0.453
0.408
0.535
0.386
0.405
0.432
0.467
0.415
0.552
0.399
0.387
0.422
0.460
0.386
0.539
0.399
0.410
0.496
0.470
0.555
0.475
0.403
0.355
0.441
0.419
0.496
0.426
0.355
0.385
0.553
0.429
0.549
0.419
0.414
0.385
0.546
0.407
0.530
0.420
0.400
0.374
0.547
0.413
0.525
0.410
0.396
0.411
0.387
0.437
0.399
0.482
0.371
0.404
0.413
0.452
0.417
0.521
0.385
0.380
0.404
0.448
0.378
0.493
0.385
0.388
0.478
0.452
0.542
0.450
0.383
0.343
0.438
0.413
0.491
0.416
0.345
0.367
0.535
0.416
0.536
0.404
0.402
0.372
0.534
0.397
0.525
0.405
0.394
0.360
0.528
0.404
0.518
0.395
0.390
0.393
0.406
0.432
0.410
0.549
0.380
0.397
0.431
0.452
0.434
0.581
0.396
0.374
0.428
0.445
0.390
0.565
0.395
0.403
0.510
0.459
0.560
0.492
0.399
0.349
0.465
0.415
0.502
0.453
0.356
0.378
0.574
0.422
0.526
0.412
0.401
0.383
0.575
0.401
0.512
0.419
0.390
0.368
0.567
0.407
0.507
0.403
0.388
0.377
0.376
0.399
0.385
0.478
0.356
0.373
0.395
0.415
0.401
0.505
0.371
0.352
0.389
0.404
0.364
0.483
0.365
0.367
0.458
0.417
0.488
0.420
0.363
0.330
0.433
0.387
0.451
0.400
0.336
0.354
0.520
0.396
0.479
0.384
0.375
0.359
0.519
0.381
0.466
0.387
0.370
0.343
0.515
0.384
0.460
0.372
0.362
0.517
0.513
0.523
0.550
0.674
0.499
0.515
0.531
0.537
0.562
0.690
0.510
0.485
0.517
0.517
0.514
0.668
0.493
0.529
0.622
0.552
0.658
0.634
0.534
0.470
0.566
0.498
0.597
0.582
0.480
0.499
0.665
0.505
0.611
0.525
0.503
0.503
0.670
0.495
0.603
0.533
0.499
0.484
0.652
0.488
0.592
0.513
0.489
0.446
0.453
0.409
0.470
0.612
0.384
0.441
0.465
0.419
0.488
0.630
0.398
0.428
0.460
0.405
0.449
0.612
0.385
0.453
0.556
0.443
0.588
0.554
0.415
0.404
0.506
0.394
0.538
0.510
0.370
0.425
0.617
0.407
0.553
0.458
0.407
0.437
0.621
0.400
0.548
0.465
0.401
0.416
0.608
0.395
0.535
0.444
0.390
0.427
0.421
0.391
0.443
0.556
0.369
0.429
0.431
0.418
0.465
0.579
0.392
0.412
0.426
0.397
0.427
0.563
0.376
0.428
0.525
0.423
0.540
0.533
0.393
0.390
0.474
0.383
0.501
0.487
0.360
0.409
0.564
0.400
0.509
0.430
0.391
0.417
0.567
0.384
0.501
0.437
0.381
0.400
0.556
0.383
0.496
0.423
0.378
0.439
0.463
0.435
0.456
0.613
0.415
0.439
0.472
0.447
0.470
0.623
0.426
0.412
0.475
0.430
0.425
0.613
0.414
0.448
0.545
0.458
0.552
0.545
0.436
0.405
0.508
0.421
0.514
0.510
0.400
0.433
0.617
0.431
0.539
0.468
0.431
0.429
0.614
0.415
0.523
0.464
0.418
0.411
0.601
0.409
0.515
0.449
0.407
0.404
0.395
0.440
0.399
0.545
0.382
0.403
0.407
0.448
0.413
0.557
0.389
0.389
0.406
0.450
0.390
0.554
0.398
0.414
0.505
0.463
0.554
0.490
0.413
0.355
0.451
0.412
0.484
0.438
0.360
0.390
0.561
0.414
0.545
0.410
0.412
0.387
0.565
0.402
0.518
0.410
0.405
0.385
0.562
0.403
0.528
0.405
0.401
0.387
0.384
0.423
0.375
0.529
0.363
0.396
0.402
0.441
0.400
0.544
0.376
0.378
0.394
0.434
0.369
0.535
0.378
0.396
0.500
0.449
0.509
0.470
0.391
0.340
0.447
0.399
0.448
0.421
0.343
0.369
0.555
0.404
0.508
0.397
0.397
0.368
0.555
0.390
0.489
0.396
0.393
0.364
0.556
0.390
0.492
0.391
0.386
0.425
0.394
0.455
0.416
0.557
0.381
0.421
0.416
0.469
0.434
0.576
0.396
0.406
0.409
0.463
0.402
0.567
0.398
0.410
0.517
0.470
0.546
0.497
0.406
0.357
0.472
0.426
0.490
0.454
0.361
0.387
0.579
0.431
0.541
0.407
0.428
0.386
0.582
0.418
0.522
0.406
0.422
0.382
0.579
0.416
0.527
0.404
0.414
0.394
0.389
0.425
0.393
0.553
0.370
0.397
0.402
0.436
0.412
0.564
0.380
0.378
0.402
0.435
0.380
0.558
0.386
0.402
0.515
0.457
0.537
0.494
0.403
0.344
0.459
0.403
0.470
0.439
0.347
0.370
0.567
0.407
0.512
0.394
0.397
0.368
0.569
0.392
0.490
0.392
0.391
0.365
0.564
0.394
0.495
0.386
0.386
0.436
0.404
0.464
0.414
0.568
0.392
0.433
0.426
0.479
0.428
0.585
0.409
0.417
0.411
0.471
0.399
0.571
0.406
0.420
0.519
0.481
0.545
0.483
0.413
0.367
0.477
0.435
0.486
0.447
0.368
0.402
0.595
0.447
0.566
0.420
0.442
0.396
0.596
0.429
0.541
0.416
0.434
0.394
0.597
0.438
0.550
0.413
0.437
0.415
0.393
0.444
0.404
0.485
0.372
0.405
0.408
0.451
0.421
0.512
0.378
0.389
0.411
0.457
0.385
0.499
0.388
0.395
0.488
0.460
0.575
0.468
0.395
0.339
0.432
0.407
0.507
0.415
0.342
0.370
0.534
0.418
0.555
0.407
0.407
0.371
0.530
0.403
0.537
0.404
0.403
0.366
0.531
0.409
0.538
0.405
0.398
0.397
0.407
0.436
0.412
0.535
0.377
0.397
0.425
0.450
0.432
0.556
0.387
0.380
0.426
0.448
0.396
0.548
0.392
0.408
0.514
0.465
0.589
0.506
0.409
0.346
0.456
0.411
0.514
0.446
0.353
0.380
0.563
0.422
0.545
0.418
0.404
0.381
0.562
0.405
0.523
0.419
0.397
0.371
0.558
0.410
0.525
0.411
0.394
0.374
0.370
0.395
0.382
0.464
0.347
0.371
0.387
0.411
0.397
0.486
0.362
0.353
0.384
0.403
0.363
0.465
0.358
0.368
0.461
0.418
0.512
0.427
0.364
0.324
0.423
0.380
0.464
0.394
0.330
0.354
0.510
0.394
0.493
0.383
0.372
0.355
0.506
0.380
0.475
0.382
0.371
0.341
0.503
0.380
0.475
0.375
0.363
0.530
0.518
0.535
0.560
0.664
0.506
0.534
0.539
0.553
0.579
0.683
0.522
0.506
0.523
0.536
0.532
0.657
0.505
0.551
0.631
0.573
0.705
0.651
0.557
0.484
0.567
0.508
0.630
0.586
0.492
0.521
0.665
0.524
0.653
0.544
0.526
0.524
0.670
0.516
0.640
0.550
0.526
0.503
0.651
0.504
0.625
0.529
0.507
0.444
0.443
0.412
0.464
0.591
0.382
0.444
0.456
0.426
0.483
0.605
0.394
0.435
0.451
0.416
0.450
0.590
0.388
0.455
0.553
0.451
0.610
0.553
0.421
0.398
0.493
0.393
0.547
0.499
0.367
0.427
0.602
0.414
0.572
0.456
0.413
0.433
0.603
0.404
0.559
0.460
0.407
0.418
0.595
0.400
0.554
0.448
0.398
0.429
0.410
0.387
0.446
0.533
0.361
0.432
0.419
0.415
0.467
0.551
0.383
0.421
0.415
0.397
0.434
0.536
0.372
0.437
0.521
0.428
0.573
0.534
0.403
0.388
0.460
0.378
0.520
0.476
0.356
0.411
0.545
0.398
0.532
0.428
0.393
0.416
0.547
0.382
0.517
0.433
0.382
0.401
0.534
0.378
0.515
0.421
0.378
0.453
0.464
0.445
0.468
0.598
0.422
0.454
0.471
0.458
0.486
0.609
0.434
0.428
0.472
0.447
0.441
0.593
0.423
0.457
0.540
0.465
0.591
0.551
0.452
0.410
0.499
0.422
0.544
0.511
0.409
0.444
0.601
0.439
0.574
0.478
0.446
0.440
0.599
0.425
0.555
0.473
0.436
0.424
0.588
0.417
0.547
0.461
0.423
0.375
0.366
0.409
0.371
0.505
0.354
0.376
0.379
0.418
0.389
0.522
0.360
0.363
0.381
0.423
0.365
0.512
0.372
0.387
0.475
0.435
0.527
0.457
0.388
0.334
0.427
0.390
0.465
0.416
0.342
0.366
0.530
0.384
0.516
0.387
0.382
0.364
0.537
0.370
0.490
0.389
0.374
0.356
0.525
0.365
0.495
0.377
0.365
0.358
0.356
0.392
0.347
0.485
0.336
0.365
0.374
0.406
0.372
0.507
0.345
0.351
0.371
0.407
0.344
0.488
0.351
0.366
0.461
0.416
0.475
0.428
0.359
0.319
0.423
0.375
0.424
0.393
0.319
0.344
0.519
0.370
0.475
0.370
0.362
0.346
0.529
0.358
0.459
0.374
0.360
0.337
0.520
0.354
0.459
0.364
0.350
0.392
0.367
0.422
0.384
0.513
0.352
0.388
0.385
0.433
0.403
0.538
0.362
0.376
0.385
0.436
0.375
0.522
0.371
0.376
0.474
0.433
0.512
0.450
0.373
0.333
0.447
0.401
0.468
0.425
0.337
0.360
0.542
0.395
0.509
0.382
0.393
0.362
0.553
0.383
0.493
0.384
0.390
0.354
0.541
0.377
0.493
0.377
0.375
0.367
0.362
0.396
0.365
0.500
0.343
0.373
0.376
0.407
0.390
0.521
0.353
0.356
0.377
0.410
0.357
0.503
0.360
0.382
0.480
0.432
0.516
0.457
0.382
0.329
0.433
0.384
0.455
0.413
0.331
0.351
0.529
0.377
0.489
0.374
0.369
0.350
0.538
0.363
0.471
0.376
0.366
0.339
0.523
0.358
0.468
0.362
0.353
0.405
0.374
0.431
0.384
0.520
0.361
0.400
0.396
0.445
0.399
0.544
0.376
0.387
0.382
0.439
0.372
0.518
0.375
0.389
0.477
0.446
0.515
0.443
0.384
0.342
0.442
0.405
0.460
0.414
0.343
0.374
0.552
0.408
0.535
0.395
0.407
0.371
0.559
0.392
0.511
0.392
0.398
0.364
0.554
0.396
0.515
0.383
0.395
0.373
0.377
0.419
0.372
0.486
0.355
0.374
0.393
0.432
0.385
0.502
0.363
0.361
0.393
0.434
0.362
0.493
0.373
0.390
0.469
0.447
0.564
0.458
0.390
0.327
0.408
0.389
0.489
0.398
0.330
0.357
0.511
0.391
0.536
0.393
0.379
0.357
0.509
0.375
0.511
0.393
0.370
0.347
0.508
0.377
0.510
0.388
0.362
0.360
0.375
0.400
0.376
0.496
0.347
0.366
0.396
0.417
0.402
0.523
0.356
0.349
0.400
0.419
0.366
0.513
0.366
0.388
0.489
0.442
0.564
0.475
0.386
0.328
0.437
0.391
0.494
0.426
0.333
0.354
0.533
0.389
0.512
0.390
0.368
0.359
0.537
0.373
0.495
0.398
0.364
0.341
0.522
0.371
0.489
0.381
0.353
0.351
0.348
0.371
0.362
0.436
0.328
0.348
0.360
0.385
0.378
0.458
0.337
0.333
0.364
0.384
0.348
0.442
0.342
0.350
0.436
0.397
0.493
0.402
0.345
0.309
0.405
0.363
0.450
0.377
0.315
0.336
0.485
0.371
0.470
0.363
0.349
0.339
0.487
0.358
0.455
0.364
0.348
0.322
0.479
0.354
0.448
0.351
0.334
0.502
0.490
0.508
0.530
0.618
0.479
0.503
0.508
0.520
0.548
0.640
0.489
0.478
0.498
0.511
0.506
0.613
0.482
0.524
0.590
0.542
0.670
0.606
0.525
0.468
0.539
0.490
0.610
0.559
0.474
0.497
0.626
0.493
0.623
0.516
0.495
0.505
0.637
0.488
0.613
0.525
0.496
0.480
0.615
0.473
0.598
0.504
0.476
0.421
0.418
0.388
0.437
0.552
0.358
0.421
0.431
0.400
0.461
0.569
0.368
0.413
0.429
0.394
0.429
0.553
0.368
0.434
0.521
0.425
0.584
0.521
0.397
0.383
0.471
0.375
0.530
0.476
0.351
0.409
0.569
0.388
0.547
0.434
0.388
0.417
0.577
0.380
0.539
0.442
0.384
0.396
0.562
0.371
0.527
0.424
0.370
0.398
0.381
0.359
0.413
0.490
0.333
0.405
0.390
0.386
0.440
0.511
0.354
0.393
0.389
0.374
0.407
0.495
0.348
0.404
0.477
0.393
0.537
0.490
0.369
0.368
0.434
0.356
0.497
0.449
0.336
0.388
0.507
0.371
0.504
0.403
0.368
0.395
0.517
0.355
0.492
0.412
0.356
0.377
0.500
0.349
0.487
0.397
0.350
0.425
0.435
0.416
0.438
0.554
0.393
0.425
0.439
0.425
0.457
0.564
0.403
0.403
0.446
0.420
0.417
0.549
0.397
0.434
0.508
0.438
0.557
0.512
0.423
0.394
0.476
0.403
0.519
0.484
0.390
0.420
0.565
0.410
0.540
0.451
0.416
0.420
0.569
0.399
0.526
0.451
0.408
0.399
0.552
0.386
0.513
0.432
0.389
0.357
0.360
0.397
0.357
0.512
0.345
0.372
0.379
0.414
0.390
0.537
0.362
0.350
0.382
0.416
0.357
0.536
0.373
0.384
0.477
0.430
0.519
0.458
0.382
0.332
0.431
0.388
0.455
0.418
0.339
0.355
0.530
0.379
0.500
0.373
0.371
0.357
0.540
0.365
0.476
0.381
0.364
0.349
0.528
0.366
0.487
0.368
0.362
0.341
0.350
0.380
0.336
0.497
0.331
0.361
0.373
0.405
0.373
0.526
0.350
0.337
0.371
0.400
0.335
0.518
0.353
0.364
0.468
0.415
0.472
0.434
0.356
0.316
0.429
0.375
0.421
0.401
0.321
0.335
0.526
0.368
0.464
0.359
0.356
0.338
0.536
0.356
0.448
0.367
0.352
0.330
0.524
0.354
0.454
0.358
0.348
0.376
0.359
0.412
0.373
0.527
0.347
0.385
0.384
0.433
0.404
0.556
0.367
0.364
0.387
0.431
0.367
0.555
0.376
0.375
0.484
0.432
0.505
0.457
0.370
0.331
0.455
0.400
0.460
0.432
0.337
0.354
0.554
0.395
0.499
0.372
0.388
0.356
0.565
0.382
0.479
0.377
0.381
0.347
0.548
0.378
0.485
0.370
0.373
0.345
0.355
0.382
0.348
0.518
0.335
0.365
0.375
0.404
0.386
0.542
0.354
0.339
0.380
0.401
0.346
0.539
0.362
0.377
0.489
0.427
0.503
0.464
0.375
0.323
0.440
0.380
0.442
0.419
0.326
0.340
0.540
0.373
0.471
0.362
0.358
0.342
0.549
0.358
0.452
0.369
0.352
0.331
0.532
0.356
0.455
0.354
0.345
0.388
0.366
0.419
0.372
0.538
0.356
0.397
0.393
0.441
0.399
0.563
0.379
0.373
0.382
0.433
0.363
0.553
0.378
0.387
0.489
0.444
0.511
0.454
0.381
0.340
0.454
0.407
0.456
0.426
0.344
0.364
0.560
0.407
0.522
0.381
0.398
0.363
0.570
0.391
0.499
0.383
0.389
0.356
0.561
0.398
0.509
0.374
0.394
0.358
0.366
0.406
0.361
0.482
0.346
0.372
0.390
0.428
0.386
0.504
0.363
0.349
0.393
0.427
0.354
0.504
0.372
0.390
0.474
0.445
0.565
0.466
0.389
0.324
0.408
0.385
0.485
0.400
0.328
0.350
0.505
0.388
0.524
0.380
0.372
0.350
0.505
0.371
0.503
0.386
0.363
0.340
0.500
0.376
0.503
0.376
0.359
0.359
0.348
0.392
0.355
0.443
0.331
0.370
0.373
0.412
0.391
0.483
0.347
0.339
0.380
0.415
0.343
0.475
0.357
0.364
0.455
0.423
0.540
0.433
0.360
0.314
0.409
0.380
0.480
0.392
0.317
0.333
0.497
0.375
0.508
0.364
0.357
0.337
0.501
0.360
0.493
0.370
0.353
0.327
0.493
0.367
0.492
0.362
0.350
0.337
0.341
0.360
0.349
0.441
0.321
0.346
0.362
0.382
0.377
0.470
0.339
0.320
0.365
0.377
0.336
0.457
0.339
0.347
0.440
0.395
0.491
0.407
0.344
0.305
0.407
0.359
0.444
0.381
0.314
0.327
0.486
0.366
0.459
0.354
0.342
0.330
0.486
0.351
0.443
0.358
0.340
0.316
0.481
0.354
0.446
0.349
0.334
0.495
0.492
0.502
0.527
0.638
0.477
0.512
0.519
0.527
0.560
0.665
0.501
0.476
0.509
0.512
0.507
0.644
0.487
0.530
0.611
0.550
0.678
0.625
0.532
0.470
0.555
0.493
0.612
0.574
0.477
0.496
0.643
0.498
0.618
0.513
0.492
0.504
0.653
0.492
0.610
0.527
0.493
0.481
0.629
0.480
0.599
0.505
0.478
0.403
0.414
0.369
0.429
0.561
0.347
0.419
0.433
0.391
0.467
0.588
0.370
0.396
0.429
0.380
0.416
0.569
0.362
0.433
0.527
0.419
0.583
0.529
0.394
0.384
0.478
0.369
0.527
0.485
0.349
0.401
0.573
0.380
0.536
0.425
0.377
0.411
0.579
0.371
0.527
0.436
0.371
0.394
0.565
0.366
0.521
0.419
0.363
0.383
0.374
0.347
0.401
0.498
0.325
0.402
0.390
0.382
0.440
0.526
0.355
0.378
0.387
0.366
0.397
0.512
0.346
0.401
0.485
0.393
0.542
0.504
0.371
0.361
0.436
0.350
0.494
0.455
0.334
0.375
0.510
0.362
0.491
0.392
0.354
0.385
0.519
0.348
0.483
0.405
0.347
0.369
0.502
0.346
0.481
0.391
0.344
0.408
0.432
0.400
0.430
0.567
0.386
0.422
0.444
0.420
0.458
0.585
0.405
0.389
0.448
0.408
0.408
0.572
0.395
0.429
0.513
0.431
0.553
0.523
0.420
0.389
0.480
0.397
0.516
0.494
0.388
0.411
0.572
0.403
0.528
0.442
0.404
0.411
0.574
0.389
0.513
0.444
0.395
0.394
0.559
0.383
0.506
0.431
0.385
0.367
0.365
0.398
0.368
0.508
0.353
0.373
0.387
0.415
0.390
0.531
0.367
0.357
0.383
0.413
0.364
0.520
0.373
0.369
0.458
0.414
0.494
0.436
0.367
0.331
0.425
0.383
0.447
0.415
0.340
0.366
0.533
0.390
0.502
0.388
0.380
0.365
0.539
0.374
0.476
0.390
0.371
0.351
0.524
0.368
0.478
0.373
0.363
0.352
0.356
0.382
0.346
0.493
0.336
0.364
0.381
0.406
0.374
0.519
0.353
0.345
0.372
0.399
0.341
0.499
0.351
0.347
0.445
0.394
0.447
0.407
0.337
0.318
0.427
0.374
0.413
0.396
0.320
0.345
0.527
0.377
0.463
0.370
0.361
0.347
0.533
0.364
0.446
0.375
0.358
0.335
0.520
0.357
0.446
0.360
0.349
0.385
0.365
0.411
0.383
0.523
0.353
0.386
0.389
0.429
0.405
0.548
0.369
0.370
0.386
0.425
0.373
0.535
0.372
0.363
0.464
0.416
0.487
0.437
0.356
0.334
0.450
0.397
0.455
0.428
0.336
0.364
0.553
0.402
0.497
0.383
0.389
0.365
0.559
0.390
0.478
0.382
0.385
0.355
0.546
0.383
0.481
0.375
0.374
0.361
0.362
0.386
0.362
0.512
0.344
0.370
0.382
0.406
0.388
0.533
0.358
0.350
0.379
0.401
0.356
0.519
0.363
0.365
0.466
0.412
0.486
0.438
0.361
0.328
0.435
0.381
0.441
0.414
0.330
0.355
0.541
0.387
0.477
0.375
0.370
0.353
0.545
0.370
0.457
0.378
0.362
0.339
0.528
0.363
0.456
0.359
0.353
0.401
0.377
0.424
0.384
0.534
0.367
0.399
0.402
0.442
0.401
0.556
0.385
0.385
0.389
0.434
0.375
0.538
0.383
0.379
0.470
0.431
0.490
0.434
0.371
0.346
0.452
0.409
0.450
0.423
0.348
0.380
0.566
0.419
0.524
0.399
0.408
0.378
0.573
0.404
0.500
0.397
0.398
0.368
0.564
0.405
0.506
0.386
0.398
0.372
0.374
0.411
0.373
0.483
0.352
0.376
0.397
0.429
0.389
0.503
0.367
0.359
0.389
0.424
0.363
0.489
0.369
0.375
0.453
0.429
0.535
0.441
0.373
0.327
0.404
0.384
0.477
0.395
0.330
0.362
0.509
0.398
0.523
0.393
0.382
0.361
0.502
0.380
0.499
0.390
0.371
0.349
0.505
0.383
0.499
0.386
0.367
0.374
0.359
0.398
0.368
0.444
0.341
0.372
0.385
0.415
0.390
0.479
0.353
0.353
0.380
0.416
0.355
0.459
0.359
0.356
0.434
0.409
0.514
0.406
0.348
0.320
0.401
0.378
0.471
0.384
0.322
0.348
0.498
0.386
0.508
0.381
0.368
0.352
0.497
0.373
0.495
0.381
0.367
0.338
0.492
0.372
0.490
0.374
0.359
0.367
0.380
0.402
0.382
0.499
0.353
0.372
0.405
0.419
0.408
0.527
0.365
0.353
0.403
0.417
0.372
0.516
0.370
0.373
0.470
0.423
0.536
0.456
0.371
0.328
0.433
0.387
0.482
0.424
0.335
0.364
0.538
0.400
0.508
0.398
0.378
0.364
0.535
0.381
0.488
0.399
0.369
0.348
0.525
0.380
0.484
0.384
0.364
0.515
0.512
0.522
0.550
0.658
0.501
0.520
0.534
0.540
0.570
0.677
0.516
0.492
0.519
0.524
0.526
0.652
0.502
0.519
0.601
0.541
0.666
0.619
0.529
0.478
0.563
0.501
0.614
0.582
0.486
0.518
0.664
0.521
0.630
0.540
0.514
0.521
0.668
0.512
0.615
0.543
0.512
0.494
0.644
0.497
0.601
0.521
0.495
0.421
0.424
0.381
0.442
0.561
0.359
0.421
0.438
0.398
0.465
0.580
0.375
0.411
0.431
0.386
0.434
0.560
0.369
0.420
0.508
0.406
0.559
0.507
0.382
0.387
0.476
0.371
0.522
0.483
0.353
0.417
0.581
0.397
0.541
0.445
0.394
0.425
0.584
0.386
0.531
0.452
0.386
0.399
0.567
0.376
0.516
0.427
0.372
0.396
0.384
0.360
0.414
0.501
0.338
0.406
0.401
0.390
0.444
0.528
0.366
0.390
0.394
0.375
0.410
0.509
0.355
0.395
0.472
0.385
0.522
0.482
0.362
0.369
0.437
0.356
0.492
0.454
0.340
0.395
0.523
0.382
0.498
0.408
0.372
0.400
0.525
0.364
0.487
0.416
0.361
0.376
0.505
0.353
0.478
0.396
0.352
0.412
0.430
0.405
0.430
0.559
0.389
0.422
0.444
0.426
0.455
0.578
0.406
0.393
0.442
0.410
0.410
0.556
0.393
0.411
0.493
0.416
0.530
0.498
0.403
0.384
0.472
0.392
0.504
0.482
0.382
0.418
0.572
0.413
0.528
0.450
0.415
0.412
0.569
0.395
0.507
0.445
0.400
0.391
0.551
0.383
0.495
0.423
0.383
0.476
0.467
0.498
0.491
0.640
0.466
0.482
0.485
0.511
0.511
0.656
0.478
0.474
0.493
0.520
0.497
0.667
0.496
0.501
0.604
0.545
0.645
0.609
0.514
0.433
0.540
0.483
0.566
0.547
0.453
0.533
0.708
0.550
0.670
0.556
0.547
0.519
0.706
0.524
0.625
0.540
0.518
0.487
0.669
0.500
0.612
0.504
0.495
0.468
0.467
0.490
0.472
0.632
0.453
0.482
0.487
0.511
0.503
0.655
0.469
0.465
0.487
0.507
0.472
0.653
0.472
0.486
0.602
0.532
0.606
0.592
0.490
0.424
0.547
0.475
0.538
0.539
0.435
0.509
0.704
0.536
0.634
0.541
0.530
0.502
0.703
0.515
0.604
0.532
0.513
0.477
0.674
0.495
0.594
0.507
0.494
0.502
0.473
0.517
0.518
0.666
0.476
0.501
0.493
0.531
0.536
0.682
0.486
0.489
0.499
0.534
0.509
0.686
0.496
0.496
0.615
0.550
0.644
0.617
0.506
0.440
0.570
0.502
0.586
0.574
0.457
0.565
0.764
0.599
0.703
0.585
0.589
0.528
0.737
0.550
0.644
0.545
0.544
0.501
0.704
0.529
0.633
0.522
0.524
0.455
0.451
0.471
0.470
0.633
0.440
0.467
0.468
0.489
0.499
0.651
0.457
0.449
0.472
0.490
0.468
0.655
0.464
0.483
0.605
0.530
0.621
0.602
0.492
0.416
0.542
0.468
0.548
0.542
0.431
0.481
0.683
0.512
0.605
0.503
0.498
0.474
0.684
0.490
0.577
0.497
0.483
0.444
0.649
0.468
0.562
0.466
0.460
0.513
0.484
0.527
0.504
0.665
0.478
0.509
0.504
0.543
0.519
0.681
0.496
0.503
0.503
0.543
0.502
0.686
0.503
0.506
0.620
0.561
0.629
0.604
0.512
0.442
0.565
0.504
0.559
0.555
0.457
0.550
0.749
0.589
0.703
0.582
0.590
0.531
0.740
0.554
0.651
0.553
0.552
0.502
0.709
0.537
0.641
0.525
0.537
0.484
0.475
0.507
0.496
0.608
0.458
0.487
0.495
0.526
0.510
0.620
0.473
0.476
0.496
0.526
0.488
0.620
0.479
0.500
0.599
0.554
0.677
0.604
0.507
0.429
0.522
0.485
0.595
0.528
0.440
0.512
0.668
0.546
0.682
0.549
0.538
0.509
0.665
0.527
0.650
0.543
0.520
0.472
0.636
0.504
0.625
0.510
0.491
0.470
0.445
0.482
0.473
0.554
0.433
0.470
0.467
0.498
0.498
0.584
0.446
0.451
0.473
0.503
0.462
0.575
0.455
0.461
0.559
0.518
0.637
0.552
0.467
0.403
0.503
0.463
0.572
0.500
0.415
0.464
0.626
0.507
0.634
0.501
0.494
0.465
0.624
0.489
0.613
0.497
0.485
0.444
0.608
0.481
0.601
0.481
0.470
0.484
0.486
0.505
0.511
0.630
0.469
0.488
0.503
0.520
0.538
0.654
0.482
0.472
0.514
0.524
0.504
0.652
0.490
0.493
0.607
0.544
0.675
0.615
0.506
0.431
0.550
0.489
0.602
0.557
0.448
0.517
0.696
0.555
0.666
0.553
0.537
0.513
0.692
0.530
0.638
0.549
0.520
0.479
0.662
0.511
0.618
0.516
0.496
0.471
0.465
0.478
0.493
0.577
0.450
0.468
0.479
0.493
0.509
0.596
0.463
0.457
0.489
0.495
0.485
0.592
0.470
0.462
0.556
0.505
0.611
0.541
0.469
0.418
0.521
0.466
0.565
0.511
0.434
0.501
0.656
0.534
0.633
0.538
0.517
0.499
0.652
0.516
0.604
0.528
0.501
0.462
0.623
0.493
0.583
0.495
0.476
0.535
0.534
0.494
0.578
0.710
0.489
0.550
0.559
0.519
0.615
0.739
0.517
0.551
0.572
0.522
0.599
0.747
0.527
0.568
0.675
0.558
0.738
0.707
0.556
0.499
0.606
0.490
0.663
0.639
0.489
0.577
0.755
0.554
0.712
0.613
0.561
0.587
0.764
0.549
0.700
0.619
0.552
0.533
0.714
0.510
0.655
0.561
0.507
0.481
0.467
0.436
0.510
0.609
0.425
0.482
0.473
0.457
0.530
0.625
0.443
0.472
0.478
0.447
0.501
0.619
0.438
0.499
0.594
0.490
0.640
0.618
0.476
0.444
0.530
0.434
0.582
0.561
0.427
0.501
0.644
0.487
0.610
0.523
0.481
0.505
0.647
0.468
0.594
0.524
0.465
0.469
0.611
0.445
0.572
0.492
0.443
0.492
0.505
0.478
0.520
0.662
0.471
0.494
0.512
0.490
0.541
0.675
0.484
0.475
0.524
0.488
0.505
0.671
0.481
0.513
0.607
0.518
0.650
0.633
0.517
0.458
0.560
0.468
0.600
0.591
0.472
0.520
0.690
0.515
0.638
0.557
0.520
0.516
0.689
0.498
0.617
0.553
0.505
0.485
0.659
0.476
0.594
0.520
0.479
0.410
0.405
0.429
0.417
0.570
0.383
0.410
0.419
0.437
0.435
0.589
0.391
0.388
0.411
0.427
0.402
0.580
0.388
0.422
0.520
0.463
0.561
0.509
0.417
0.365
0.468
0.411
0.495
0.465
0.366
0.395
0.583
0.413
0.535
0.417
0.404
0.402
0.593
0.403
0.518
0.430
0.401
0.388
0.578
0.397
0.519
0.411
0.392
0.396
0.401
0.415
0.396
0.563
0.367
0.401
0.417
0.428
0.419
0.582
0.376
0.379
0.407
0.414
0.379
0.568
0.366
0.406
0.516
0.446
0.521
0.492
0.391
0.353
0.471
0.397
0.464
0.453
0.345
0.377
0.583
0.399
0.502
0.408
0.387
0.385
0.592
0.391
0.493
0.419
0.387
0.372
0.579
0.386
0.490
0.404
0.378
0.435
0.411
0.446
0.442
0.596
0.389
0.427
0.429
0.456
0.456
0.614
0.399
0.407
0.421
0.443
0.417
0.601
0.391
0.420
0.533
0.468
0.559
0.520
0.411
0.369
0.497
0.425
0.511
0.490
0.369
0.396
0.605
0.425
0.538
0.421
0.416
0.404
0.617
0.418
0.526
0.429
0.417
0.393
0.603
0.413
0.526
0.418
0.407
0.404
0.402
0.419
0.416
0.586
0.375
0.406
0.417
0.429
0.436
0.600
0.385
0.383
0.412
0.419
0.399
0.591
0.379
0.417
0.532
0.460
0.556
0.518
0.412
0.360
0.480
0.406
0.492
0.471
0.359
0.382
0.593
0.407
0.513
0.408
0.394
0.388
0.603
0.396
0.500
0.418
0.393
0.371
0.585
0.390
0.495
0.398
0.380
0.440
0.415
0.454
0.431
0.599
0.394
0.435
0.437
0.468
0.446
0.617
0.410
0.416
0.419
0.451
0.412
0.605
0.399
0.425
0.528
0.474
0.551
0.501
0.413
0.376
0.489
0.430
0.496
0.471
0.372
0.405
0.613
0.440
0.556
0.427
0.431
0.412
0.623
0.427
0.539
0.434
0.425
0.400
0.614
0.429
0.540
0.418
0.421
0.417
0.416
0.440
0.424
0.541
0.380
0.413
0.433
0.455
0.431
0.555
0.391
0.393
0.421
0.436
0.402
0.540
0.381
0.424
0.510
0.472
0.594
0.505
0.414
0.359
0.448
0.411
0.522
0.446
0.355
0.389
0.552
0.420
0.561
0.428
0.406
0.397
0.555
0.410
0.546
0.437
0.403
0.381
0.551
0.408
0.538
0.425
0.392
0.419
0.395
0.428
0.418
0.496
0.367
0.410
0.414
0.438
0.434
0.525
0.376
0.385
0.407
0.430
0.394
0.506
0.373
0.398
0.488
0.451
0.572
0.472
0.390
0.349
0.446
0.405
0.517
0.435
0.347
0.372
0.538
0.411
0.542
0.407
0.395
0.385
0.544
0.404
0.538
0.419
0.399
0.368
0.535
0.398
0.527
0.408
0.385
0.400
0.410
0.421
0.424
0.549
0.374
0.403
0.433
0.438
0.450
0.579
0.387
0.379
0.429
0.427
0.406
0.563
0.381
0.412
0.519
0.459
0.588
0.513
0.407
0.355
0.471
0.408
0.524
0.470
0.357
0.384
0.575
0.418
0.536
0.421
0.395
0.394
0.581
0.406
0.524
0.435
0.394
0.373
0.566
0.401
0.516
0.415
0.383
0.389
0.386
0.390
0.408
0.491
0.357
0.383
0.402
0.407
0.421
0.514
0.370
0.364
0.397
0.392
0.387
0.493
0.361
0.381
0.473
0.421
0.523
0.447
0.373
0.340
0.443
0.386
0.480
0.422
0.341
0.369
0.529
0.400
0.496
0.401
0.374
0.379
0.534
0.393
0.488
0.411
0.376
0.354
0.522
0.384
0.477
0.391
0.363
0.507
0.501
0.491
0.545
0.665
0.475
0.509
0.520
0.508
0.562
0.683
0.488
0.480
0.506
0.484
0.515
0.659
0.464
0.527
0.619
0.534
0.675
0.640
0.521
0.462
0.554
0.470
0.607
0.583
0.460
0.495
0.657
0.483
0.615
0.524
0.483
0.505
0.668
0.480
0.609
0.538
0.484
0.476
0.641
0.464
0.590
0.508
0.466
0.429
0.419
0.380
0.451
0.556
0.358
0.430
0.429
0.405
0.470
0.576
0.378
0.414
0.421
0.382
0.436
0.559
0.361
0.437
0.530
0.422
0.572
0.547
0.401
0.386
0.468
0.371
0.515
0.489
0.352
0.406
0.557
0.385
0.519
0.433
0.383
0.418
0.565
0.376
0.512
0.445
0.377
0.398
0.548
0.369
0.505
0.426
0.369
0.446
0.466
0.424
0.469
0.616
0.410
0.445
0.472
0.434
0.484
0.628
0.421
0.416
0.472
0.418
0.437
0.611
0.403
0.456
0.547
0.452
0.585
0.561
0.441
0.408
0.505
0.407
0.538
0.523
0.399
0.437
0.615
0.423
0.553
0.476
0.425
0.442
0.621
0.416
0.544
0.482
0.421
0.416
0.598
0.399
0.527
0.456
0.400
0.382
0.380
0.387
0.391
0.532
0.354
0.394
0.400
0.412
0.415
0.557
0.374
0.370
0.399
0.397
0.385
0.553
0.373
0.398
0.488
0.420
0.530
0.491
0.385
0.355
0.444
0.383
0.478
0.452
0.350
0.379
0.546
0.385
0.508
0.403
0.375
0.387
0.560
0.373
0.490
0.414
0.365
0.360
0.534
0.363
0.482
0.381
0.355
0.370
0.376
0.370
0.371
0.520
0.337
0.385
0.401
0.403
0.403
0.552
0.363
0.361
0.395
0.382
0.364
0.539
0.351
0.381
0.483
0.402
0.491
0.473
0.359
0.345
0.450
0.373
0.450
0.445
0.333
0.360
0.545
0.373
0.473
0.393
0.359
0.370
0.556
0.362
0.464
0.405
0.353
0.347
0.535
0.353
0.456
0.378
0.345
0.421
0.400
0.415
0.429
0.568
0.376
0.416
0.414
0.435
0.443
0.587
0.389
0.397
0.418
0.420
0.408
0.581
0.385
0.404
0.505
0.432
0.537
0.507
0.388
0.367
0.478
0.406
0.498
0.481
0.360
0.386
0.572
0.406
0.517
0.411
0.392
0.397
0.589
0.398
0.507
0.421
0.389
0.367
0.558
0.382
0.492
0.391
0.373
0.378
0.384
0.376
0.392
0.547
0.348
0.387
0.399
0.400
0.417
0.566
0.366
0.362
0.401
0.384
0.379
0.560
0.360
0.403
0.506
0.423
0.531
0.508
0.387
0.354
0.459
0.380
0.475
0.463
0.342
0.367
0.555
0.377
0.481
0.396
0.360
0.375
0.567
0.366
0.469
0.405
0.354
0.349
0.541
0.356
0.460
0.374
0.344
0.444
0.419
0.430
0.440
0.588
0.394
0.439
0.434
0.455
0.447
0.602
0.409
0.420
0.425
0.428
0.419
0.594
0.398
0.429
0.520
0.453
0.554
0.515
0.407
0.388
0.487
0.421
0.507
0.487
0.376
0.415
0.597
0.430
0.551
0.437
0.415
0.422
0.611
0.418
0.536
0.443
0.407
0.394
0.587
0.410
0.526
0.414
0.401
0.391
0.388
0.391
0.403
0.508
0.352
0.398
0.407
0.422
0.416
0.525
0.372
0.374
0.402
0.398
0.383
0.516
0.362
0.403
0.481
0.429
0.569
0.494
0.388
0.351
0.421
0.380
0.505
0.435
0.338
0.375
0.517
0.390
0.530
0.409
0.374
0.381
0.519
0.375
0.513
0.418
0.363
0.356
0.508
0.373
0.503
0.393
0.358
0.385
0.367
0.383
0.387
0.462
0.337
0.394
0.397
0.415
0.419
0.504
0.363
0.363
0.391
0.400
0.370
0.481
0.356
0.377
0.458
0.413
0.543
0.453
0.362
0.340
0.420
0.380
0.496
0.419
0.330
0.355
0.503
0.381
0.514
0.392
0.364
0.368
0.511
0.370
0.506
0.401
0.360
0.341
0.492
0.363
0.492
0.377
0.350
0.369
0.383
0.378
0.393
0.511
0.343
0.383
0.407
0.408
0.425
0.544
0.365
0.357
0.408
0.393
0.381
0.532
0.360
0.384
0.485
0.415
0.551
0.487
0.372
0.343
0.445
0.381
0.500
0.449
0.338
0.361
0.534
0.384
0.503
0.402
0.361
0.370
0.541
0.366
0.490
0.414
0.353
0.345
0.522
0.364
0.478
0.385
0.346
0.368
0.366
0.361
0.385
0.469
0.334
0.371
0.383
0.388
0.405
0.493
0.355
0.349
0.385
0.372
0.367
0.478
0.346
0.361
0.447
0.390
0.499
0.432
0.348
0.334
0.426
0.370
0.469
0.416
0.332
0.352
0.502
0.377
0.474
0.384
0.351
0.362
0.508
0.366
0.463
0.393
0.348
0.333
0.490
0.356
0.448
0.364
0.335
0.451
0.445
0.433
0.480
0.592
0.415
0.459
0.468
0.459
0.506
0.620
0.439
0.428
0.458
0.434
0.458
0.598
0.418
0.480
0.566
0.482
0.617
0.586
0.466
0.426
0.511
0.430
0.559
0.538
0.418
0.444
0.592
0.432
0.555
0.469
0.427
0.457
0.607
0.430
0.550
0.483
0.428
0.429
0.581
0.419
0.536
0.455
0.417
0.417
0.420
0.366
0.439
0.565
0.346
0.423
0.440
0.390
0.468
0.592
0.370
0.407
0.436
0.371
0.427
0.574
0.354
0.435
0.534
0.415
0.576
0.540
0.391
0.386
0.482
0.367
0.523
0.493
0.347
0.403
0.577
0.377
0.529
0.439
0.372
0.417
0.586
0.372
0.524
0.450
0.369
0.386
0.562
0.358
0.507
0.418
0.354
0.404
0.422
0.376
0.426
0.563
0.368
0.417
0.442
0.405
0.458
0.591
0.396
0.383
0.444
0.385
0.407
0.573
0.377
0.426
0.514
0.412
0.544
0.531
0.402
0.385
0.477
0.378
0.506
0.496
0.371
0.406
0.568
0.385
0.508
0.439
0.383
0.410
0.575
0.377
0.499
0.445
0.377
0.382
0.549
0.361
0.481
0.414
0.360
0.457
0.453
0.476
0.466
0.617
0.436
0.461
0.463
0.487
0.485
0.633
0.448
0.451
0.473
0.491
0.467
0.643
0.465
0.468
0.569
0.506
0.613
0.577
0.481
0.416
0.523
0.459
0.550
0.532
0.432
0.460
0.639
0.478
0.597
0.484
0.475
0.464
0.651
0.468
0.578
0.493
0.469
0.439
0.623
0.451
0.569
0.462
0.452
0.449
0.452
0.465
0.449
0.609
0.422
0.456
0.466
0.483
0.473
0.630
0.438
0.445
0.472
0.481
0.448
0.633
0.445
0.458
0.568
0.494
0.580
0.564
0.461
0.408
0.530
0.451
0.524
0.527
0.418
0.449
0.644
0.470
0.573
0.484
0.467
0.450
0.651
0.459
0.557
0.488
0.462
0.428
0.627
0.444
0.545
0.460
0.444
0.499
0.476
0.507
0.507
0.657
0.462
0.495
0.490
0.521
0.524
0.673
0.475
0.487
0.500
0.523
0.501
0.681
0.487
0.489
0.602
0.532
0.640
0.611
0.500
0.440
0.568
0.491
0.588
0.576
0.457
0.489
0.688
0.517
0.630
0.515
0.513
0.490
0.699
0.508
0.613
0.517
0.509
0.459
0.662
0.482
0.594
0.484
0.482
0.451
0.450
0.462
0.463
0.626
0.425
0.456
0.461
0.478
0.484
0.640
0.441
0.442
0.469
0.476
0.458
0.647
0.449
0.466
0.580
0.503
0.606
0.583
0.473
0.410
0.532
0.452
0.543
0.536
0.420
0.449
0.648
0.470
0.575
0.477
0.463
0.450
0.658
0.460
0.558
0.483
0.459
0.424
0.628
0.443
0.544
0.451
0.440
0.487
0.462
0.497
0.478
0.639
0.443
0.487
0.481
0.518
0.496
0.661
0.467
0.474
0.474
0.508
0.471
0.658
0.465
0.476
0.580
0.520
0.607
0.570
0.477
0.425
0.544
0.477
0.547
0.537
0.433
0.472
0.669
0.502
0.620
0.496
0.500
0.471
0.676
0.489
0.599
0.498
0.493
0.448
0.653
0.478
0.590
0.471
0.480
0.471
0.462
0.485
0.477
0.588
0.434
0.473
0.478
0.507
0.490
0.602
0.451
0.459
0.478
0.499
0.467
0.601
0.455
0.476
0.562
0.519
0.654
0.574
0.480
0.416
0.504
0.462
0.583
0.513
0.424
0.460
0.614
0.489
0.631
0.499
0.481
0.464
0.614
0.477
0.614
0.504
0.477
0.439
0.600
0.467
0.596
0.479
0.458
0.458
0.432
0.464
0.459
0.535
0.411
0.459
0.451
0.482
0.483
0.567
0.428
0.443
0.455
0.485
0.449
0.555
0.436
0.441
0.531
0.491
0.621
0.530
0.447
0.396
0.491
0.449
0.566
0.491
0.406
0.433
0.591
0.470
0.603
0.469
0.462
0.439
0.592
0.459
0.593
0.473
0.461
0.413
0.572
0.445
0.573
0.450
0.439
0.443
0.449
0.461
0.466
0.587
0.419
0.457
0.472
0.487
0.502
0.620
0.443
0.436
0.477
0.482
0.462
0.614
0.446
0.452
0.561
0.497
0.639
0.572
0.465
0.400
0.516
0.449
0.574
0.526
0.414
0.443
0.622
0.474
0.594
0.479
0.459
0.451
0.630
0.462
0.583
0.493
0.458
0.422
0.606
0.450
0.564
0.461
0.439
0.423
0.420
0.426
0.440
0.526
0.395
0.422
0.433
0.446
0.460
0.551
0.414
0.413
0.441
0.444
0.433
0.541
0.416
0.419
0.511
0.457
0.570
0.496
0.423
0.381
0.483
0.424
0.528
0.473
0.394
0.419
0.574
0.450
0.549
0.451
0.432
0.426
0.580
0.441
0.537
0.458
0.431
0.394
0.556
0.423
0.518
0.430
0.409
0.532
0.525
0.522
0.566
0.682
0.504
0.544
0.546
0.547
0.599
0.712
0.533
0.518
0.544
0.531
0.551
0.694
0.515
0.561
0.651
0.569
0.713
0.683
0.568
0.500
0.594
0.510
0.648
0.631
0.511
0.546
0.699
0.538
0.664
0.571
0.541
0.552
0.709
0.535
0.655
0.580
0.542
0.515
0.671
0.508
0.627
0.543
0.514
0.508
0.510
0.463
0.534
0.668
0.444
0.509
0.519
0.478
0.557
0.686
0.461
0.504
0.530
0.474
0.532
0.687
0.463
0.517
0.623
0.506
0.679
0.645
0.497
0.466
0.571
0.453
0.621
0.597
0.446
0.502
0.683
0.481
0.636
0.538
0.484
0.516
0.695
0.480
0.635
0.554
0.486
0.479
0.662
0.457
0.605
0.511
0.458
0.465
0.455
0.418
0.486
0.588
0.398
0.472
0.464
0.444
0.513
0.612
0.425
0.460
0.466
0.430
0.480
0.600
0.415
0.478
0.572
0.463
0.617
0.597
0.450
0.431
0.515
0.414
0.563
0.543
0.406
0.458
0.601
0.439
0.568
0.484
0.437
0.469
0.611
0.429
0.562
0.496
0.432
0.440
0.585
0.415
0.546
0.468
0.416
