0.392
0.392
0.401
1.118
1.285
1.091
0.406
0.409
0.421
1.106
1.270
1.067
0.380
0.406
0.416
1.102
1.295
1.099
0.408
0.526
0.438
1.199
1.170
1.071
0.352
0.483
0.392
1.147
1.142
1.035
0.372
0.593
0.392
0.509
0.404
0.380
0.385
0.606
0.382
0.498
0.418
0.377
0.372
0.593
0.376
0.497
0.402
0.369
0.430
0.399
0.430
1.135
1.292
1.090
0.429
0.420
0.447
1.117
1.276
1.065
0.405
0.417
0.440
1.114
1.305
1.102
0.418
0.540
0.453
1.213
1.174
1.068
0.365
0.504
0.414
1.164
1.146
1.031
0.388
0.615
0.416
0.543
0.412
0.406
0.398
0.627
0.404
0.530
0.421
0.402
0.387
0.612
0.398
0.529
0.411
0.392
0.398
0.391
0.400
1.124
1.294
1.087
0.409
0.406
0.416
1.116
1.278
1.067
0.381
0.407
0.412
1.113
1.308
1.105
0.417
0.543
0.447
1.227
1.195
1.088
0.360
0.492
0.398
1.167
1.153
1.041
0.378
0.602
0.398
0.515
0.402
0.384
0.386
0.615
0.383
0.501
0.415
0.378
0.371
0.598
0.377
0.499
0.395
0.367
0.435
0.401
0.434
1.141
1.310
1.106
0.432
0.422
0.449
1.120
1.294
1.088
0.411
0.410
0.441
1.124
1.321
1.120
0.428
0.539
0.466
1.232
1.183
1.095
0.372
0.500
0.420
1.172
1.153
1.054
0.399
0.621
0.429
0.560
0.421
0.419
0.407
0.634
0.415
0.543
0.428
0.411
0.396
0.626
0.415
0.544
0.414
0.409
0.419
0.417
0.437
1.133
1.260
1.094
0.420
0.439
0.451
1.114
1.245
1.077
0.401
0.435
0.448
1.122
1.272
1.113
0.431
0.534
0.472
1.267
1.191
1.096
0.365
0.469
0.410
1.195
1.134
1.038
0.394
0.576
0.424
0.577
0.438
0.409
0.399
0.575
0.405
0.557
0.447
0.401
0.385
0.571
0.402
0.552
0.435
0.388
0.421
0.401
0.423
1.119
1.211
1.075
0.423
0.426
0.442
1.106
1.209
1.053
0.399
0.427
0.442
1.105
1.229
1.094
0.409
0.518
0.454
1.235
1.150
1.061
0.358
0.472
0.409
1.183
1.116
1.022
0.381
0.567
0.417
0.562
0.425
0.400
0.393
0.570
0.402
0.555
0.435
0.400
0.374
0.561
0.397
0.544
0.422
0.386
0.405
0.419
0.415
1.136
1.274
1.089
0.411
0.439
0.434
1.134
1.272
1.075
0.388
0.447
0.434
1.126
1.293
1.109
0.423
0.546
0.456
1.266
1.204
1.089
0.362
0.497
0.406
1.202
1.166
1.042
0.392
0.599
0.418
0.555
0.436
0.398
0.404
0.607
0.402
0.543
0.453
0.393
0.382
0.594
0.398
0.535
0.430
0.382
0.386
0.386
0.383
1.089
1.184
1.045
0.386
0.404
0.401
1.081
1.183
1.031
0.368
0.406
0.397
1.072
1.190
1.054
0.390
0.494
0.420
1.173
1.110
1.028
0.344
0.459
0.381
1.133
1.090
1.001
0.370
0.544
0.397
0.504
0.405
0.374
0.381
0.547
0.385
0.493
0.414
0.372
0.357
0.537
0.378
0.484
0.395
0.358
0.543
0.534
0.526
1.220
1.345
1.155
0.548
0.552
0.544
1.219
1.342
1.148
0.517
0.543
0.529
1.188
1.339
1.150
0.566
0.672
0.573
1.311
1.293
1.170
0.498
0.607
0.509
1.250
1.242
1.116
0.528
0.704
0.521
0.651
0.556
0.518
0.538
0.714
0.512
0.643
0.569
0.518
0.511
0.689
0.496
0.625
0.542
0.494
0.459
0.458
0.405
1.199
1.341
1.107
0.462
0.471
0.419
1.185
1.323
1.084
0.447
0.471
0.410
1.181
1.343
1.110
0.472
0.591
0.455
1.289
1.259
1.108
0.415
0.532
0.396
1.234
1.211
1.058
0.435
0.641
0.409
0.576
0.469
0.408
0.454
0.653
0.405
0.574
0.488
0.407
0.426
0.632
0.390
0.559
0.462
0.389
0.438
0.428
0.376
1.125
1.232
1.033
0.443
0.434
0.400
1.119
1.225
1.025
0.427
0.437
0.387
1.113
1.239
1.041
0.454
0.560
0.427
1.213
1.204
1.046
0.406
0.498
0.378
1.166
1.151
1.007
0.423
0.582
0.394
0.537
0.449
0.387
0.439
0.594
0.385
0.534
0.464
0.382
0.415
0.573
0.373
0.523
0.443
0.370
0.451
0.469
0.431
1.104
1.254
1.049
0.455
0.475
0.442
1.097
1.241
1.033
0.426
0.483
0.434
1.077
1.254
1.049
0.470
0.579
0.468
1.183
1.176
1.050
0.422
0.540
0.425
1.145
1.146
1.016
0.446
0.640
0.434
0.564
0.483
0.434
0.452
0.647
0.424
0.554
0.490
0.428
0.425
0.623
0.406
0.538
0.463
0.405
0.389
0.392
0.405
1.101
1.269
1.078
0.397
0.415
0.421
1.087
1.258
1.057
0.380
0.416
0.425
1.093
1.290
1.097
0.411
0.509
0.439
1.203
1.148
1.064
0.359
0.466
0.397
1.147
1.117
1.028
0.382
0.586
0.393
0.529
0.410
0.382
0.395
0.602
0.381
0.515
0.428
0.378
0.377
0.585
0.374
0.510
0.402
0.367
0.407
0.391
0.416
1.108
1.277
1.074
0.406
0.417
0.433
1.087
1.261
1.049
0.388
0.416
0.432
1.091
1.295
1.090
0.399
0.514
0.435
1.181
1.136
1.041
0.355
0.487
0.404
1.140
1.111
1.011
0.377
0.606
0.404
0.522
0.401
0.388
0.389
0.620
0.391
0.513
0.414
0.385
0.373
0.601
0.382
0.510
0.400
0.373
0.377
0.386
0.389
1.101
1.282
1.074
0.389
0.408
0.407
1.088
1.264
1.053
0.365
0.408
0.406
1.089
1.298
1.092
0.403
0.519
0.432
1.199
1.158
1.066
0.350
0.473
0.387
1.143
1.120
1.023
0.364
0.592
0.383
0.496
0.394
0.366
0.376
0.608
0.371
0.486
0.409
0.364
0.357
0.587
0.361
0.480
0.386
0.351
0.417
0.397
0.425
1.120
1.298
1.095
0.418
0.429
0.446
1.099
1.286
1.080
0.402
0.416
0.440
1.106
1.315
1.112
0.416
0.518
0.451
1.203
1.147
1.074
0.368
0.488
0.416
1.151
1.125
1.040
0.391
0.615
0.419
0.544
0.415
0.405
0.402
0.630
0.405
0.531
0.427
0.400
0.383
0.614
0.400
0.524
0.404
0.392
0.399
0.418
0.430
1.111
1.253
1.087
0.409
0.444
0.450
1.094
1.239
1.071
0.388
0.437
0.446
1.103
1.266
1.107
0.423
0.520
0.464
1.241
1.165
1.080
0.362
0.459
0.407
1.177
1.114
1.030
0.386
0.568
0.411
0.559
0.432
0.395
0.397
0.574
0.398
0.544
0.446
0.390
0.374
0.562
0.390
0.533
0.427
0.375
0.400
0.394
0.412
1.093
1.192
1.061
0.403
0.420
0.428
1.076
1.189
1.035
0.378
0.422
0.430
1.076
1.210
1.077
0.394
0.496
0.438
1.204
1.117
1.037
0.348
0.455
0.398
1.154
1.085
1.000
0.367
0.552
0.400
0.541
0.413
0.381
0.381
0.558
0.387
0.536
0.425
0.382
0.360
0.544
0.380
0.522
0.407
0.366
0.382
0.413
0.404
1.111
1.259
1.077
0.396
0.441
0.428
1.110
1.260
1.063
0.372
0.445
0.426
1.103
1.282
1.097
0.410
0.525
0.442
1.236
1.170
1.066
0.354
0.482
0.398
1.179
1.137
1.026
0.376
0.586
0.402
0.532
0.424
0.378
0.392
0.596
0.386
0.524
0.445
0.375
0.367
0.579
0.381
0.514
0.418
0.365
0.370
0.382
0.375
1.069
1.175
1.035
0.374
0.405
0.397
1.056
1.168
1.018
0.355
0.407
0.393
1.049
1.177
1.041
0.376
0.476
0.405
1.142
1.077
1.004
0.337
0.448
0.375
1.108
1.060
0.982
0.357
0.534
0.384
0.484
0.394
0.358
0.370
0.538
0.373
0.478
0.407
0.359
0.344
0.525
0.363
0.465
0.383
0.342
0.520
0.524
0.512
1.202
1.336
1.147
0.527
0.548
0.532
1.192
1.327
1.133
0.496
0.538
0.517
1.169
1.332
1.142
0.549
0.650
0.558
1.286
1.265
1.152
0.486
0.586
0.498
1.228
1.212
1.100
0.511
0.689
0.502
0.626
0.541
0.495
0.524
0.702
0.496
0.623
0.559
0.497
0.497
0.677
0.481
0.605
0.531
0.477
0.443
0.459
0.398
1.175
1.330
1.094
0.447
0.474
0.412
1.157
1.308
1.067
0.434
0.474
0.403
1.156
1.332
1.094
0.460
0.574
0.441
1.258
1.227
1.083
0.410
0.521
0.389
1.208
1.185
1.039
0.428
0.637
0.398
0.561
0.466
0.395
0.449
0.651
0.395
0.565
0.488
0.397
0.420
0.628
0.381
0.546
0.458
0.379
0.419
0.423
0.366
1.098
1.220
1.020
0.430
0.438
0.397
1.100
1.220
1.018
0.412
0.439
0.382
1.090
1.233
1.032
0.435
0.542
0.411
1.179
1.175
1.022
0.396
0.488
0.371
1.144
1.131
0.993
0.411
0.578
0.385
0.518
0.443
0.375
0.429
0.589
0.373
0.517
0.461
0.371
0.400
0.564
0.359
0.504
0.435
0.357
0.441
0.473
0.428
1.091
1.251
1.045
0.447
0.484
0.442
1.083
1.239
1.031
0.420
0.493
0.434
1.065
1.254
1.046
0.463
0.568
0.461
1.166
1.156
1.038
0.418
0.529
0.421
1.130
1.125
1.007
0.438
0.635
0.425
0.553
0.481
0.424
0.446
0.644
0.416
0.544
0.489
0.418
0.417
0.619
0.397
0.526
0.459
0.395
0.421
0.418
0.435
1.125
1.290
1.099
0.420
0.435
0.444
1.104
1.271
1.072
0.401
0.432
0.445
1.105
1.300
1.108
0.440
0.534
0.466
1.232
1.174
1.090
0.375
0.483
0.413
1.165
1.133
1.040
0.411
0.610
0.413
0.559
0.438
0.404
0.416
0.619
0.401
0.541
0.444
0.400
0.405
0.606
0.398
0.542
0.428
0.393
0.399
0.404
0.412
1.112
1.285
1.090
0.405
0.423
0.427
1.093
1.265
1.062
0.382
0.417
0.424
1.089
1.293
1.094
0.413
0.523
0.442
1.193
1.157
1.065
0.354
0.481
0.395
1.134
1.120
1.022
0.380
0.603
0.394
0.515
0.414
0.378
0.389
0.611
0.383
0.503
0.421
0.379
0.380
0.600
0.381
0.506
0.410
0.373
0.407
0.407
0.415
1.121
1.297
1.089
0.408
0.423
0.426
1.102
1.273
1.063
0.384
0.420
0.422
1.100
1.306
1.100
0.432
0.549
0.461
1.228
1.186
1.089
0.363
0.490
0.402
1.158
1.133
1.031
0.390
0.614
0.402
0.526
0.418
0.387
0.393
0.622
0.389
0.509
0.422
0.386
0.381
0.606
0.384
0.508
0.405
0.374
0.449
0.422
0.453
1.147
1.321
1.117
0.437
0.443
0.463
1.117
1.298
1.093
0.423
0.429
0.457
1.124
1.327
1.124
0.441
0.541
0.476
1.236
1.176
1.098
0.384
0.505
0.432
1.172
1.145
1.054
0.418
0.639
0.440
0.576
0.442
0.427
0.421
0.647
0.425
0.558
0.443
0.422
0.410
0.638
0.426
0.559
0.429
0.420
0.425
0.437
0.453
1.129
1.265
1.101
0.422
0.453
0.462
1.104
1.244
1.078
0.402
0.447
0.458
1.110
1.268
1.111
0.445
0.537
0.484
1.267
1.185
1.101
0.370
0.466
0.416
1.186
1.120
1.033
0.404
0.582
0.425
0.583
0.452
0.412
0.405
0.577
0.407
0.563
0.454
0.405
0.393
0.576
0.406
0.557
0.444
0.394
0.425
0.413
0.434
1.112
1.201
1.074
0.421
0.435
0.445
1.090
1.195
1.045
0.399
0.435
0.447
1.089
1.214
1.085
0.419
0.516
0.461
1.229
1.136
1.058
0.361
0.466
0.412
1.170
1.096
1.011
0.390
0.571
0.419
0.570
0.438
0.402
0.396
0.567
0.404
0.562
0.441
0.404
0.381
0.561
0.399
0.550
0.432
0.390
0.408
0.433
0.426
1.132
1.275
1.093
0.412
0.451
0.440
1.121
1.265
1.071
0.389
0.454
0.437
1.113
1.286
1.102
0.434
0.546
0.464
1.261
1.193
1.087
0.367
0.497
0.410
1.193
1.150
1.034
0.399
0.606
0.419
0.560
0.447
0.398
0.407
0.608
0.401
0.548
0.457
0.396
0.386
0.595
0.398
0.538
0.437
0.384
0.390
0.399
0.393
1.083
1.183
1.045
0.390
0.419
0.412
1.067
1.175
1.025
0.370
0.418
0.405
1.061
1.188
1.050
0.395
0.491
0.423
1.169
1.100
1.026
0.348
0.459
0.385
1.125
1.075
0.994
0.376
0.550
0.397
0.509
0.415
0.374
0.383
0.550
0.386
0.498
0.421
0.375
0.362
0.540
0.379
0.489
0.403
0.360
0.544
0.544
0.532
1.219
1.350
1.161
0.546
0.564
0.549
1.208
1.340
1.146
0.510
0.549
0.528
1.177
1.338
1.148
0.576
0.673
0.581
1.312
1.288
1.173
0.503
0.606
0.514
1.246
1.233
1.114
0.540
0.714
0.525
0.653
0.566
0.516
0.546
0.720
0.517
0.645
0.574
0.517
0.524
0.698
0.503
0.632
0.554
0.500
0.473
0.482
0.423
1.202
1.349
1.112
0.471
0.495
0.433
1.177
1.322
1.083
0.457
0.491
0.422
1.174
1.343
1.106
0.490
0.600
0.467
1.289
1.257
1.110
0.428
0.542
0.405
1.227
1.204
1.054
0.457
0.660
0.419
0.594
0.495
0.419
0.468
0.666
0.414
0.589
0.504
0.418
0.445
0.647
0.402
0.576
0.483
0.402
0.448
0.445
0.393
1.130
1.246
1.046
0.452
0.456
0.418
1.125
1.241
1.041
0.433
0.455
0.403
1.112
1.250
1.051
0.464
0.567
0.439
1.215
1.206
1.054
0.414
0.508
0.390
1.166
1.153
1.013
0.437
0.599
0.406
0.548
0.466
0.399
0.449
0.608
0.395
0.541
0.474
0.393
0.424
0.584
0.382
0.530
0.455
0.381
0.478
0.505
0.464
1.128
1.286
1.080
0.479
0.513
0.475
1.116
1.270
1.064
0.447
0.518
0.463
1.093
1.282
1.075
0.502
0.604
0.500
1.205
1.193
1.077
0.447
0.559
0.452
1.161
1.157
1.038
0.479
0.674
0.463
0.591
0.517
0.459
0.480
0.676
0.450
0.576
0.517
0.450
0.455
0.654
0.434
0.565
0.495
0.431
0.385
0.381
0.391
1.099
1.262
1.068
0.382
0.392
0.398
1.077
1.239
1.039
0.371
0.390
0.400
1.089
1.272
1.080
0.410
0.511
0.433
1.211
1.161
1.069
0.346
0.461
0.382
1.141
1.116
1.016
0.375
0.576
0.383
0.521
0.399
0.372
0.387
0.593
0.370
0.505
0.417
0.366
0.372
0.579
0.369
0.507
0.397
0.362
0.366
0.373
0.373
1.090
1.261
1.063
0.372
0.387
0.388
1.071
1.238
1.034
0.358
0.385
0.387
1.074
1.269
1.069
0.386
0.502
0.412
1.174
1.144
1.047
0.331
0.462
0.367
1.119
1.113
1.007
0.351
0.575
0.370
0.480
0.385
0.354
0.364
0.587
0.356
0.471
0.401
0.350
0.349
0.574
0.355
0.474
0.386
0.348
0.401
0.376
0.400
1.105
1.266
1.061
0.391
0.394
0.412
1.079
1.243
1.032
0.379
0.391
0.410
1.084
1.277
1.069
0.397
0.517
0.430
1.189
1.146
1.045
0.342
0.480
0.389
1.137
1.116
1.002
0.366
0.594
0.392
0.513
0.389
0.380
0.377
0.609
0.380
0.501
0.401
0.374
0.363
0.592
0.375
0.504
0.390
0.369
0.412
0.387
0.411
1.118
1.292
1.085
0.404
0.408
0.425
1.091
1.269
1.064
0.397
0.393
0.420
1.103
1.299
1.095
0.414
0.518
0.447
1.208
1.155
1.077
0.354
0.479
0.399
1.145
1.124
1.029
0.383
0.606
0.410
0.537
0.405
0.397
0.392
0.619
0.394
0.522
0.415
0.388
0.378
0.611
0.399
0.522
0.399
0.389
0.392
0.396
0.408
1.102
1.226
1.065
0.392
0.414
0.423
1.078
1.204
1.045
0.378
0.405
0.416
1.092
1.231
1.079
0.411
0.504
0.446
1.245
1.159
1.073
0.344
0.438
0.383
1.167
1.097
1.008
0.371
0.543
0.394
0.549
0.412
0.380
0.382
0.547
0.379
0.534
0.424
0.372
0.362
0.541
0.379
0.530
0.412
0.366
0.395
0.377
0.393
1.085
1.171
1.041
0.389
0.395
0.406
1.065
1.167
1.014
0.371
0.393
0.405
1.067
1.185
1.053
0.388
0.490
0.428
1.210
1.116
1.033
0.332
0.440
0.379
1.149
1.075
0.984
0.355
0.538
0.387
0.534
0.397
0.370
0.367
0.539
0.369
0.526
0.406
0.366
0.347
0.529
0.370
0.519
0.395
0.359
0.379
0.396
0.386
1.105
1.241
1.060
0.382
0.414
0.402
1.097
1.233
1.040
0.363
0.415
0.399
1.093
1.254
1.072
0.403
0.518
0.430
1.243
1.172
1.063
0.338
0.466
0.376
1.174
1.127
1.009
0.366
0.571
0.388
0.527
0.410
0.368
0.380
0.578
0.370
0.517
0.428
0.361
0.357
0.565
0.372
0.511
0.406
0.358
0.367
0.371
0.359
1.069
1.163
1.023
0.363
0.386
0.376
1.054
1.154
1.004
0.349
0.383
0.370
1.050
1.164
1.028
0.371
0.473
0.397
1.155
1.086
1.007
0.325
0.440
0.359
1.113
1.064
0.977
0.349
0.526
0.374
0.483
0.388
0.350
0.362
0.529
0.361
0.474
0.398
0.347
0.338
0.521
0.359
0.467
0.379
0.338
0.509
0.505
0.490
1.187
1.316
1.124
0.509
0.520
0.504
1.179
1.304
1.110
0.486
0.512
0.491
1.158
1.309
1.118
0.542
0.643
0.544
1.289
1.265
1.145
0.470
0.574
0.476
1.220
1.205
1.082
0.502
0.676
0.489
0.621
0.528
0.484
0.514
0.688
0.482
0.618
0.545
0.484
0.485
0.662
0.467
0.601
0.519
0.467
0.438
0.447
0.380
1.178
1.323
1.083
0.437
0.457
0.390
1.155
1.295
1.053
0.430
0.453
0.381
1.161
1.320
1.081
0.459
0.573
0.432
1.271
1.239
1.087
0.400
0.514
0.372
1.211
1.188
1.031
0.421
0.623
0.385
0.558
0.459
0.383
0.440
0.637
0.382
0.557
0.476
0.382
0.412
0.616
0.369
0.545
0.453
0.369
0.419
0.417
0.356
1.105
1.220
1.015
0.422
0.421
0.378
1.098
1.209
1.005
0.410
0.420
0.363
1.097
1.225
1.022
0.433
0.541
0.404
1.195
1.188
1.028
0.386
0.482
0.357
1.147
1.134
0.987
0.402
0.566
0.372
0.513
0.432
0.364
0.419
0.578
0.361
0.512
0.451
0.358
0.397
0.560
0.356
0.505
0.431
0.353
0.439
0.465
0.413
1.089
1.243
1.032
0.437
0.468
0.421
1.075
1.223
1.014
0.416
0.476
0.413
1.060
1.238
1.027
0.463
0.570
0.455
1.170
1.162
1.037
0.408
0.524
0.406
1.124
1.123
0.994
0.435
0.630
0.417
0.548
0.475
0.416
0.441
0.636
0.407
0.539
0.482
0.409
0.416
0.616
0.394
0.527
0.461
0.394
0.419
0.406
0.428
1.127
1.286
1.096
0.410
0.425
0.436
1.102
1.270
1.073
0.395
0.419
0.432
1.109
1.297
1.107
0.428
0.524
0.455
1.223
1.170
1.084
0.373
0.485
0.412
1.160
1.135
1.040
0.403
0.604
0.415
0.554
0.427
0.409
0.410
0.612
0.398
0.536
0.436
0.396
0.398
0.604
0.400
0.536
0.419
0.394
0.399
0.396
0.408
1.113
1.283
1.088
0.402
0.420
0.426
1.094
1.266
1.066
0.380
0.408
0.416
1.093
1.290
1.094
0.404
0.517
0.434
1.183
1.151
1.061
0.354
0.483
0.395
1.133
1.126
1.026
0.377
0.599
0.398
0.510
0.410
0.385
0.385
0.605
0.382
0.498
0.419
0.377
0.373
0.597
0.384
0.497
0.401
0.374
0.432
0.403
0.439
1.132
1.292
1.091
0.419
0.428
0.450
1.104
1.274
1.068
0.401
0.417
0.440
1.104
1.300
1.098
0.410
0.527
0.448
1.197
1.155
1.059
0.367
0.504
0.419
1.153
1.134
1.027
0.391
0.619
0.421
0.539
0.413
0.412
0.399
0.628
0.406
0.528
0.421
0.402
0.387
0.617
0.405
0.526
0.409
0.397
0.402
0.396
0.407
1.120
1.292
1.086
0.400
0.415
0.420
1.102
1.274
1.067
0.378
0.407
0.411
1.099
1.299
1.096
0.415
0.532
0.446
1.214
1.175
1.080
0.359
0.488
0.398
1.154
1.136
1.031
0.379
0.604
0.399
0.514
0.405
0.387
0.386
0.612
0.384
0.499
0.412
0.377
0.371
0.600
0.384
0.497
0.393
0.372
0.426
0.427
0.449
1.134
1.264
1.099
0.417
0.448
0.459
1.104
1.246
1.079
0.400
0.439
0.453
1.111
1.269
1.111
0.429
0.524
0.469
1.250
1.173
1.085
0.369
0.467
0.414
1.185
1.121
1.031
0.401
0.584
0.430
0.577
0.442
0.415
0.404
0.577
0.408
0.560
0.447
0.402
0.391
0.577
0.413
0.555
0.436
0.397
0.427
0.408
0.434
1.116
1.208
1.076
0.416
0.433
0.446
1.090
1.204
1.051
0.391
0.425
0.439
1.089
1.216
1.086
0.407
0.513
0.454
1.220
1.134
1.052
0.358
0.469
0.412
1.168
1.101
1.011
0.384
0.572
0.420
0.564
0.429
0.404
0.392
0.570
0.402
0.554
0.432
0.396
0.378
0.566
0.408
0.547
0.422
0.392
0.412
0.426
0.427
1.138
1.281
1.095
0.410
0.449
0.444
1.125
1.276
1.079
0.387
0.450
0.438
1.114
1.290
1.105
0.424
0.544
0.459
1.256
1.191
1.083
0.366
0.498
0.413
1.195
1.154
1.037
0.396
0.608
0.424
0.557
0.438
0.403
0.406
0.610
0.404
0.546
0.449
0.393
0.388
0.603
0.409
0.540
0.431
0.390
0.394
0.393
0.395
1.095
1.190
1.053
0.385
0.412
0.409
1.074
1.182
1.035
0.365
0.406
0.398
1.065
1.187
1.053
0.385
0.483
0.417
1.162
1.097
1.024
0.345
0.457
0.384
1.126
1.080
0.998
0.370
0.548
0.398
0.504
0.406
0.376
0.379
0.546
0.384
0.494
0.412
0.371
0.360
0.541
0.385
0.487
0.395
0.363
0.542
0.533
0.525
1.213
1.337
1.150
0.535
0.550
0.537
1.197
1.325
1.135
0.506
0.537
0.517
1.171
1.324
1.137
0.556
0.654
0.562
1.290
1.268
1.154
0.492
0.596
0.504
1.233
1.221
1.102
0.524
0.699
0.514
0.642
0.551
0.511
0.531
0.704
0.504
0.635
0.561
0.507
0.510
0.687
0.496
0.623
0.540
0.495
0.468
0.470
0.413
1.205
1.346
1.110
0.458
0.481
0.420
1.178
1.320
1.083
0.447
0.476
0.406
1.178
1.340
1.106
0.473
0.586
0.453
1.281
1.248
1.102
0.421
0.533
0.400
1.231
1.205
1.054
0.443
0.648
0.413
0.582
0.477
0.412
0.458
0.654
0.407
0.579
0.488
0.407
0.436
0.640
0.399
0.566
0.466
0.394
0.452
0.442
0.392
1.137
1.249
1.047
0.448
0.453
0.417
1.123
1.240
1.040
0.433
0.447
0.396
1.115
1.249
1.049
0.453
0.560
0.430
1.203
1.197
1.044
0.411
0.506
0.388
1.165
1.151
1.010
0.432
0.597
0.406
0.541
0.458
0.396
0.442
0.602
0.392
0.535
0.465
0.387
0.424
0.590
0.389
0.529
0.450
0.383
0.456
0.477
0.436
1.102
1.256
1.048
0.451
0.484
0.446
1.086
1.239
1.033
0.424
0.488
0.431
1.066
1.249
1.042
0.466
0.570
0.464
1.169
1.157
1.039
0.419
0.532
0.425
1.132
1.127
1.005
0.447
0.644
0.434
0.564
0.487
0.434
0.446
0.643
0.420
0.549
0.484
0.422
0.427
0.629
0.411
0.540
0.466
0.409
0.424
0.410
0.435
1.136
1.278
1.102
0.417
0.422
0.440
1.109
1.251
1.074
0.406
0.421
0.443
1.123
1.282
1.114
0.439
0.535
0.467
1.259
1.192
1.103
0.374
0.478
0.411
1.187
1.142
1.047
0.412
0.592
0.418
0.577
0.434
0.414
0.413
0.598
0.406
0.551
0.435
0.408
0.410
0.595
0.407
0.560
0.430
0.403
0.404
0.397
0.414
1.123
1.272
1.093
0.409
0.414
0.430
1.106
1.247
1.069
0.393
0.405
0.423
1.110
1.271
1.101
0.417
0.527
0.447
1.226
1.178
1.086
0.356
0.473
0.393
1.164
1.134
1.038
0.387
0.584
0.403
0.537
0.416
0.396
0.388
0.585
0.390
0.518
0.418
0.392
0.383
0.584
0.389
0.521
0.412
0.385
0.444
0.407
0.447
1.146
1.282
1.098
0.435
0.429
0.459
1.116
1.256
1.070
0.421
0.421
0.454
1.125
1.285
1.107
0.432
0.547
0.469
1.242
1.186
1.086
0.373
0.498
0.421
1.183
1.145
1.039
0.406
0.609
0.432
0.570
0.425
0.426
0.407
0.613
0.419
0.552
0.426
0.421
0.403
0.608
0.416
0.556
0.425
0.414
0.413
0.404
0.418
1.134
1.288
1.095
0.411
0.416
0.427
1.114
1.261
1.071
0.394
0.415
0.425
1.119
1.291
1.109
0.425
0.548
0.458
1.249
1.202
1.099
0.362
0.487
0.400
1.179
1.145
1.040
0.391
0.597
0.408
0.540
0.414
0.398
0.391
0.601
0.394
0.519
0.414
0.392
0.386
0.596
0.395
0.524
0.408
0.386
0.457
0.419
0.457
1.158
1.308
1.120
0.447
0.440
0.470
1.129
1.284
1.101
0.434
0.425
0.462
1.140
1.308
1.131
0.443
0.548
0.481
1.262
1.193
1.112
0.384
0.504
0.432
1.200
1.160
1.066
0.421
0.626
0.448
0.595
0.440
0.441
0.417
0.627
0.431
0.571
0.436
0.433
0.415
0.628
0.438
0.579
0.434
0.437
0.429
0.413
0.440
1.122
1.212
1.078
0.417
0.427
0.444
1.095
1.198
1.048
0.401
0.431
0.449
1.100
1.224
1.093
0.415
0.524
0.463
1.260
1.158
1.069
0.355
0.464
0.406
1.190
1.106
1.014
0.388
0.570
0.423
0.584
0.432
0.408
0.390
0.566
0.407
0.566
0.429
0.404
0.384
0.567
0.413
0.569
0.431
0.401
0.413
0.426
0.430
1.147
1.273
1.098
0.411
0.443
0.443
1.126
1.256
1.074
0.393
0.446
0.441
1.126
1.278
1.108
0.431
0.550
0.466
1.292
1.213
1.100
0.363
0.488
0.407
1.216
1.157
1.043
0.399
0.596
0.425
0.577
0.445
0.407
0.403
0.596
0.408
0.556
0.448
0.400
0.391
0.593
0.412
0.558
0.438
0.396
0.390
0.387
0.391
1.096
1.180
1.048
0.382
0.403
0.404
1.075
1.169
1.030
0.366
0.401
0.397
1.070
1.175
1.053
0.388
0.488
0.420
1.193
1.110
1.033
0.339
0.449
0.379
1.148
1.084
1.001
0.370
0.537
0.397
0.519
0.405
0.374
0.374
0.533
0.384
0.503
0.406
0.373
0.359
0.530
0.383
0.502
0.397
0.364
0.554
0.538
0.539
1.226
1.328
1.159
0.552
0.558
0.554
1.216
1.320
1.149
0.527
0.544
0.538
1.189
1.312
1.150
0.578
0.665
0.583
1.343
1.291
1.184
0.506
0.597
0.514
1.271
1.231
1.120
0.547
0.699
0.534
0.684
0.570
0.533
0.552
0.704
0.526
0.673
0.578
0.534
0.529
0.685
0.513
0.657
0.556
0.513
0.464
0.460
0.414
1.201
1.326
1.108
0.460
0.473
0.426
1.175
1.299
1.081
0.453
0.467
0.417
1.182
1.319
1.111
0.477
0.585
0.462
1.307
1.250
1.111
0.416
0.522
0.399
1.245
1.199
1.055
0.445
0.633
0.420
0.603
0.476
0.418
0.454
0.635
0.411
0.591
0.484
0.413
0.437
0.625
0.404
0.585
0.471
0.402
0.454
0.432
0.388
1.145
1.231
1.045
0.450
0.441
0.414
1.130
1.217
1.036
0.443
0.437
0.398
1.128
1.229
1.053
0.464
0.558
0.439
1.244
1.206
1.061
0.410
0.494
0.384
1.190
1.150
1.014
0.435
0.578
0.406
0.565
0.456
0.399
0.442
0.581
0.391
0.552
0.461
0.389
0.426
0.569
0.386
0.549
0.449
0.384
0.468
0.477
0.446
1.116
1.241
1.056
0.467
0.485
0.458
1.102
1.225
1.043
0.441
0.488
0.449
1.084
1.232
1.054
0.477
0.568
0.473
1.211
1.167
1.058
0.425
0.524
0.426
1.164
1.131
1.016
0.460
0.630
0.444
0.601
0.498
0.450
0.459
0.627
0.430
0.582
0.494
0.440
0.441
0.616
0.421
0.574
0.480
0.426
0.394
0.382
0.404
1.097
1.229
1.063
0.389
0.394
0.409
1.073
1.206
1.034
0.377
0.396
0.414
1.084
1.230
1.075
0.410
0.503
0.437
1.218
1.146
1.064
0.351
0.452
0.387
1.154
1.106
1.016
0.387
0.562
0.387
0.547
0.410
0.383
0.389
0.571
0.374
0.523
0.415
0.377
0.380
0.559
0.368
0.527
0.403
0.367
0.375
0.371
0.383
1.086
1.221
1.056
0.377
0.386
0.395
1.066
1.199
1.027
0.364
0.383
0.395
1.073
1.216
1.064
0.387
0.489
0.414
1.179
1.125
1.042
0.334
0.449
0.370
1.126
1.094
1.002
0.361
0.550
0.370
0.504
0.391
0.361
0.366
0.560
0.359
0.489
0.397
0.359
0.357
0.550
0.353
0.489
0.386
0.349
0.410
0.380
0.413
1.104
1.231
1.059
0.400
0.397
0.422
1.077
1.210
1.028
0.389
0.397
0.424
1.087
1.232
1.070
0.397
0.503
0.432
1.197
1.129
1.042
0.349
0.474
0.395
1.150
1.107
1.004
0.379
0.575
0.396
0.539
0.402
0.391
0.383
0.586
0.384
0.521
0.404
0.388
0.374
0.572
0.377
0.523
0.399
0.375
0.386
0.378
0.389
1.099
1.232
1.061
0.386
0.391
0.398
1.083
1.214
1.037
0.368
0.391
0.399
1.085
1.230
1.074
0.404
0.511
0.432
1.218
1.154
1.067
0.345
0.461
0.380
1.155
1.111
1.015
0.371
0.561
0.378
0.517
0.395
0.371
0.372
0.572
0.366
0.499
0.399
0.366
0.360
0.556
0.358
0.497
0.384
0.354
0.423
0.389
0.423
1.119
1.254
1.082
0.413
0.409
0.435
1.092
1.236
1.060
0.400
0.394
0.428
1.103
1.247
1.091
0.410
0.504
0.444
1.222
1.144
1.073
0.357
0.469
0.401
1.165
1.117
1.031
0.393
0.585
0.410
0.564
0.415
0.406
0.393
0.593
0.394
0.541
0.413
0.397
0.384
0.587
0.396
0.543
0.403
0.395
0.387
0.394
0.413
1.094
1.213
1.063
0.384
0.409
0.423
1.069
1.192
1.039
0.371
0.410
0.425
1.083
1.220
1.081
0.410
0.500
0.448
1.256
1.155
1.070
0.340
0.435
0.384
1.177
1.093
1.005
0.373
0.541
0.392
0.566
0.417
0.380
0.374
0.540
0.376
0.542
0.420
0.371
0.364
0.537
0.376
0.541
0.413
0.363
0.376
0.396
0.394
1.101
1.226
1.059
0.378
0.414
0.408
1.087
1.215
1.035
0.360
0.423
0.412
1.085
1.235
1.072
0.410
0.524
0.442
1.256
1.171
1.065
0.345
0.469
0.387
1.184
1.124
1.011
0.372
0.567
0.392
0.544
0.417
0.370
0.381
0.574
0.377
0.528
0.428
0.367
0.361
0.558
0.373
0.522
0.409
0.356
0.367
0.365
0.366
1.064
1.141
1.018
0.359
0.377
0.378
1.041
1.127
0.991
0.344
0.381
0.376
1.040
1.138
1.022
0.369
0.464
0.399
1.159
1.072
1.000
0.324
0.431
0.362
1.117
1.050
0.971
0.353
0.513
0.374
0.495
0.384
0.350
0.358
0.515
0.362
0.482
0.387
0.350
0.339
0.506
0.356
0.475
0.374
0.335
0.524
0.508
0.508
1.188
1.277
1.124
0.518
0.524
0.518
1.174
1.268
1.107
0.494
0.517
0.509
1.155
1.262
1.117
0.550
0.624
0.552
1.298
1.236
1.141
0.490
0.570
0.495
1.241
1.193
1.091
0.522
0.660
0.502
0.653
0.541
0.501
0.531
0.672
0.497
0.645
0.552
0.502
0.505
0.649
0.480
0.629
0.531
0.481
0.441
0.436
0.390
1.164
1.278
1.074
0.436
0.446
0.399
1.141
1.252
1.044
0.428
0.446
0.393
1.146
1.271
1.078
0.454
0.553
0.435
1.268
1.206
1.074
0.400
0.500
0.379
1.215
1.164
1.027
0.427
0.601
0.393
0.577
0.455
0.393
0.437
0.611
0.386
0.570
0.465
0.389
0.416
0.594
0.375
0.558
0.447
0.374
0.421
0.403
0.359
1.102
1.180
1.006
0.421
0.410
0.382
1.093
1.169
0.996
0.411
0.410
0.372
1.090
1.178
1.017
0.429
0.514
0.402
1.196
1.152
1.015
0.389
0.467
0.362
1.155
1.112
0.982
0.411
0.543
0.378
0.537
0.431
0.372
0.421
0.554
0.364
0.527
0.441
0.362
0.402
0.536
0.357
0.521
0.426
0.355
0.440
0.449
0.417
1.079
1.193
1.021
0.436
0.452
0.423
1.066
1.174
1.003
0.414
0.461
0.419
1.052
1.180
1.018
0.452
0.536
0.445
1.168
1.121
1.021
0.408
0.502
0.407
1.133
1.098
0.989
0.437
0.595
0.415
0.566
0.470
0.419
0.439
0.601
0.405
0.553
0.473
0.412
0.416
0.582
0.390
0.540
0.453
0.392
0.378
0.376
0.392
1.086
1.238
1.057
0.387
0.393
0.407
1.080
1.226
1.041
0.367
0.398
0.409
1.081
1.256
1.080
0.410
0.507
0.434
1.217
1.154
1.065
0.352
0.460
0.387
1.152
1.115
1.020
0.379
0.563
0.384
0.534
0.398
0.376
0.384
0.574
0.371
0.512
0.408
0.369
0.374
0.562
0.370
0.521
0.395
0.367
0.358
0.364
0.371
1.079
1.234
1.054
0.375
0.385
0.394
1.074
1.222
1.037
0.351
0.384
0.389
1.069
1.246
1.069
0.386
0.496
0.413
1.183
1.136
1.046
0.333
0.455
0.371
1.131
1.109
1.011
0.354
0.556
0.368
0.494
0.381
0.356
0.360
0.566
0.356
0.479
0.391
0.353
0.351
0.553
0.354
0.485
0.381
0.349
0.395
0.373
0.404
1.099
1.250
1.060
0.399
0.397
0.423
1.085
1.233
1.041
0.379
0.401
0.421
1.086
1.267
1.081
0.398
0.514
0.431
1.197
1.142
1.046
0.349
0.483
0.396
1.151
1.121
1.013
0.375
0.586
0.398
0.530
0.394
0.388
0.379
0.596
0.384
0.511
0.400
0.382
0.368
0.579
0.380
0.516
0.392
0.374
0.364
0.372
0.376
1.083
1.249
1.053
0.380
0.390
0.394
1.081
1.234
1.038
0.354
0.395
0.393
1.077
1.264
1.078
0.401
0.521
0.428
1.208
1.164
1.064
0.341
0.469
0.378
1.145
1.121
1.014
0.361
0.572
0.375
0.500
0.384
0.361
0.366
0.584
0.362
0.484
0.394
0.355
0.354
0.566
0.359
0.486
0.378
0.348
0.408
0.381
0.412
1.111
1.273
1.080
0.412
0.406
0.433
1.096
1.257
1.066
0.389
0.395
0.424
1.099
1.283
1.098
0.410
0.517
0.444
1.224
1.159
1.076
0.357
0.481
0.404
1.165
1.132
1.036
0.383
0.591
0.408
0.551
0.402
0.398
0.385
0.601
0.393
0.530
0.405
0.389
0.376
0.591
0.398
0.538
0.396
0.394
0.373
0.384
0.401
1.089
1.212
1.058
0.384
0.406
0.420
1.076
1.198
1.045
0.362
0.412
0.421
1.080
1.232
1.085
0.410
0.506
0.447
1.262
1.168
1.074
0.340
0.436
0.383
1.179
1.102
1.010
0.368
0.536
0.391
0.555
0.405
0.374
0.371
0.537
0.374
0.535
0.414
0.367
0.359
0.531
0.378
0.537
0.404
0.362
0.374
0.367
0.387
1.069
1.164
1.032
0.381
0.391
0.404
1.061
1.163
1.012
0.350
0.402
0.407
1.051
1.191
1.055
0.385
0.492
0.427
1.219
1.118
1.028
0.330
0.443
0.380
1.157
1.078
0.983
0.351
0.533
0.380
0.539
0.390
0.360
0.358
0.538
0.365
0.525
0.398
0.357
0.345
0.528
0.370
0.524
0.390
0.354
0.354
0.360
0.357
1.055
1.148
1.014
0.359
0.380
0.377
1.049
1.144
1.001
0.335
0.384
0.372
1.035
1.157
1.026
0.368
0.468
0.397
1.165
1.083
1.006
0.321
0.434
0.359
1.121
1.063
0.978
0.345
0.514
0.369
0.486
0.377
0.345
0.351
0.515
0.357
0.473
0.385
0.344
0.335
0.509
0.357
0.474
0.373
0.337
0.518
0.511
0.504
1.186
1.295
1.123
0.530
0.537
0.527
1.192
1.297
1.124
0.495
0.528
0.511
1.158
1.293
1.126
0.557
0.644
0.561
1.310
1.258
1.152
0.493
0.586
0.500
1.247
1.212
1.099
0.521
0.676
0.508
0.650
0.540
0.499
0.531
0.687
0.501
0.643
0.555
0.501
0.506
0.662
0.488
0.630
0.531
0.484
0.425
0.434
0.374
1.162
1.293
1.070
0.437
0.451
0.393
1.154
1.275
1.052
0.415
0.449
0.383
1.140
1.291
1.077
0.456
0.560
0.431
1.273
1.220
1.077
0.403
0.508
0.376
1.219
1.179
1.031
0.422
0.605
0.388
0.568
0.449
0.383
0.435
0.615
0.380
0.561
0.463
0.379
0.416
0.598
0.374
0.555
0.444
0.371
0.406
0.395
0.347
1.092
1.188
1.000
0.420
0.410
0.380
1.096
1.185
1.001
0.397
0.409
0.365
1.085
1.198
1.019
0.428
0.522
0.402
1.206
1.170
1.024
0.383
0.469
0.357
1.158
1.123
0.986
0.399
0.544
0.370
0.524
0.420
0.360
0.412
0.554
0.357
0.518
0.434
0.354
0.394
0.537
0.354
0.515
0.420
0.350
0.424
0.447
0.402
1.074
1.208
1.017
0.435
0.458
0.420
1.073
1.199
1.011
0.400
0.465
0.410
1.048
1.208
1.023
0.449
0.541
0.439
1.170
1.137
1.023
0.405
0.507
0.402
1.136
1.114
0.994
0.430
0.601
0.409
0.554
0.462
0.410
0.431
0.605
0.396
0.541
0.467
0.401
0.413
0.589
0.388
0.535
0.452
0.390
0.388
0.382
0.395
1.069
1.206
1.039
0.387
0.401
0.407
1.054
1.195
1.020
0.373
0.397
0.407
1.062
1.213
1.054
0.392
0.486
0.416
1.166
1.105
1.023
0.349
0.450
0.381
1.116
1.082
0.993
0.388
0.563
0.394
0.534
0.412
0.384
0.390
0.570
0.379
0.509
0.416
0.376
0.376
0.556
0.372
0.511
0.399
0.367
0.369
0.370
0.374
1.059
1.202
1.031
0.377
0.393
0.396
1.045
1.187
1.012
0.358
0.385
0.387
1.046
1.200
1.039
0.367
0.471
0.391
1.128
1.080
0.997
0.333
0.450
0.367
1.092
1.071
0.979
0.362
0.554
0.377
0.491
0.390
0.361
0.368
0.561
0.364
0.476
0.397
0.358
0.356
0.549
0.357
0.476
0.382
0.349
0.405
0.379
0.404
1.078
1.213
1.035
0.399
0.402
0.420
1.057
1.198
1.014
0.384
0.399
0.415
1.062
1.219
1.048
0.383
0.490
0.413
1.148
1.093
1.003
0.349
0.474
0.391
1.115
1.085
0.981
0.384
0.582
0.404
0.527
0.403
0.390
0.387
0.589
0.392
0.508
0.404
0.385
0.375
0.575
0.384
0.509
0.397
0.375
0.380
0.379
0.381
1.070
1.216
1.036
0.384
0.396
0.398
1.059
1.201
1.019
0.365
0.393
0.392
1.061
1.219
1.053
0.388
0.496
0.412
1.164
1.112
1.024
0.346
0.461
0.378
1.117
1.086
0.990
0.376
0.571
0.390
0.505
0.397
0.373
0.377
0.576
0.373
0.486
0.401
0.364
0.360
0.559
0.365
0.485
0.382
0.355
0.422
0.392
0.418
1.097
1.242
1.064
0.413
0.415
0.434
1.073
1.226
1.048
0.401
0.402
0.426
1.082
1.240
1.075
0.399
0.497
0.430
1.175
1.113
1.038
0.362
0.477
0.405
1.131
1.102
1.012
0.399
0.595
0.421
0.552
0.419
0.409
0.400
0.602
0.405
0.530
0.420
0.399
0.389
0.595
0.407
0.534
0.408
0.400
0.388
0.392
0.407
1.071
1.185
1.037
0.388
0.413
0.421
1.051
1.171
1.021
0.372
0.407
0.418
1.059
1.191
1.053
0.394
0.482
0.429
1.206
1.116
1.031
0.341
0.429
0.380
1.142
1.068
0.982
0.377
0.537
0.399
0.552
0.418
0.384
0.380
0.532
0.382
0.529
0.417
0.374
0.367
0.534
0.384
0.530
0.412
0.370
0.389
0.379
0.395
1.054
1.138
1.016
0.384
0.403
0.410
1.033
1.133
0.991
0.364
0.401
0.409
1.037
1.152
1.031
0.375
0.468
0.411
1.167
1.065
0.990
0.334
0.430
0.377
1.121
1.042
0.961
0.366
0.532
0.391
0.537
0.406
0.371
0.372
0.532
0.378
0.524
0.407
0.370
0.358
0.527
0.376
0.520
0.400
0.363
0.386
0.401
0.398
1.081
1.202
1.039
0.387
0.423
0.413
1.072
1.195
1.021
0.367
0.424
0.410
1.068
1.213
1.054
0.396
0.504
0.423
1.205
1.129
1.028
0.345
0.463
0.383
1.150
1.098
0.992
0.383
0.570
0.403
0.539
0.425
0.382
0.388
0.570
0.386
0.521
0.429
0.374
0.369
0.560
0.383
0.517
0.413
0.369
0.539
0.532
0.525
1.189
1.296
1.128
0.538
0.552
0.540
1.181
1.289
1.117
0.511
0.537
0.524
1.156
1.280
1.119
0.546
0.633
0.551
1.277
1.232
1.129
0.500
0.592
0.507
1.227
1.198
1.087
0.543
0.697
0.531
0.662
0.568
0.523
0.548
0.701
0.522
0.648
0.571
0.521
0.520
0.677
0.506
0.632
0.548
0.502
0.443
0.442
0.386
1.145
1.262
1.053
0.439
0.454
0.400
1.127
1.242
1.032
0.429
0.448
0.388
1.129
1.252
1.056
0.439
0.537
0.415
1.222
1.170
1.038
0.404
0.502
0.377
1.185
1.146
1.006
0.436
0.610
0.403
0.570
0.466
0.400
0.447
0.615
0.394
0.561
0.475
0.393
0.420
0.597
0.382
0.547
0.451
0.379
0.420
0.407
0.362
1.079
1.166
0.988
0.425
0.421
0.389
1.075
1.162
0.987
0.409
0.415
0.374
1.070
1.168
1.001
0.420
0.506
0.394
1.160
1.121
0.987
0.390
0.468
0.362
1.129
1.093
0.964
0.418
0.556
0.389
0.530
0.436
0.379
0.427
0.559
0.374
0.521
0.444
0.369
0.401
0.538
0.361
0.511
0.424
0.358
0.430
0.445
0.408
1.051
1.177
0.997
0.435
0.458
0.426
1.049
1.173
0.992
0.405
0.457
0.411
1.027
1.169
0.997
0.430
0.520
0.423
1.127
1.091
0.986
0.399
0.496
0.397
1.102
1.080
0.967
0.435
0.601
0.419
0.556
0.471
0.421
0.432
0.598
0.401
0.535
0.467
0.406
0.409
0.580
0.388
0.523
0.444
0.389
0.497
0.483
0.496
1.185
1.331
1.146
0.496
0.497
0.504
1.167
1.310
1.122
0.490
0.507
0.514
1.183
1.349
1.167
0.523
0.633
0.548
1.308
1.271
1.162
0.450
0.563
0.480
1.226
1.206
1.098
0.557
0.742
0.558
0.705
0.583
0.555
0.548
0.741
0.534
0.661
0.570
0.527
0.511
0.701
0.505
0.645
0.531
0.501
0.486
0.478
0.482
1.180
1.335
1.144
0.496
0.498
0.502
1.168
1.317
1.123
0.481
0.497
0.499
1.169
1.345
1.152
0.506
0.630
0.532
1.279
1.259
1.144
0.438
0.569
0.470
1.211
1.208
1.089
0.532
0.736
0.542
0.668
0.566
0.537
0.529
0.738
0.524
0.640
0.561
0.521
0.498
0.704
0.498
0.624
0.530
0.497
0.525
0.487
0.513
1.206
1.349
1.152
0.516
0.504
0.522
1.182
1.324
1.125
0.506
0.510
0.526
1.185
1.357
1.160
0.516
0.644
0.548
1.293
1.263
1.143
0.455
0.594
0.497
1.236
1.222
1.095
0.588
0.798
0.607
0.738
0.611
0.598
0.556
0.773
0.559
0.680
0.572
0.551
0.525
0.737
0.534
0.666
0.547
0.530
0.476
0.465
0.467
1.172
1.330
1.128
0.483
0.480
0.482
1.161
1.309
1.109
0.465
0.484
0.482
1.163
1.343
1.145
0.504
0.635
0.532
1.290
1.268
1.146
0.432
0.566
0.465
1.213
1.204
1.082
0.502
0.713
0.515
0.635
0.526
0.504
0.498
0.716
0.494
0.607
0.520
0.487
0.465
0.679
0.470
0.591
0.487
0.463
0.533
0.497
0.522
1.209
1.366
1.168
0.523
0.515
0.534
1.182
1.342
1.149
0.520
0.515
0.537
1.198
1.376
1.184
0.525
0.647
0.561
1.302
1.274
1.168
0.457
0.588
0.501
1.229
1.222
1.112
0.573
0.782
0.595
0.737
0.606
0.598
0.558
0.774
0.562
0.686
0.579
0.560
0.525
0.741
0.542
0.673
0.549
0.543
0.501
0.491
0.504
1.187
1.302
1.137
0.498
0.509
0.518
1.167
1.282
1.121
0.489
0.512
0.521
1.176
1.312
1.155
0.518
0.629
0.554
1.340
1.274
1.159
0.442
0.548
0.482
1.253
1.194
1.086
0.531
0.700
0.552
0.713
0.575
0.543
0.532
0.699
0.534
0.685
0.574
0.528
0.491
0.666
0.507
0.657
0.536
0.496
0.487
0.465
0.480
1.152
1.242
1.101
0.483
0.483
0.493
1.136
1.232
1.078
0.464
0.493
0.498
1.132
1.255
1.115
0.481
0.594
0.523
1.279
1.200
1.099
0.418
0.533
0.464
1.213
1.149
1.046
0.484
0.661
0.515
0.665
0.529
0.501
0.488
0.662
0.498
0.644
0.524
0.491
0.463
0.643
0.486
0.630
0.506
0.474
0.502
0.505
0.501
1.203
1.325
1.149
0.501
0.519
0.513
1.195
1.314
1.131
0.486
0.532
0.517
1.188
1.338
1.163
0.514
0.643
0.547
1.334
1.280
1.154
0.446
0.580
0.487
1.259
1.221
1.095
0.540
0.733
0.564
0.701
0.583
0.545
0.539
0.730
0.539
0.675
0.582
0.529
0.500
0.697
0.516
0.651
0.543
0.502
0.489
0.483
0.476
1.164
1.249
1.110
0.481
0.494
0.488
1.145
1.235
1.089
0.472
0.505
0.491
1.143
1.252
1.115
0.480
0.582
0.507
1.246
1.179
1.092
0.433
0.544
0.466
1.201
1.152
1.059
0.523
0.688
0.543
0.664
0.565
0.526
0.525
0.686
0.528
0.638
0.558
0.511
0.484
0.653
0.501
0.614
0.522
0.484
0.563
0.557
0.503
1.281
1.412
1.182
0.573
0.580
0.525
1.275
1.399
1.171
0.575
0.592
0.530
1.291
1.437
1.209
0.590
0.708
0.570
1.396
1.366
1.206
0.521
0.637
0.499
1.324
1.301
1.140
0.602
0.791
0.567
0.748
0.640
0.573
0.615
0.801
0.563
0.738
0.649
0.566
0.558
0.749
0.520
0.691
0.589
0.519
0.508
0.491
0.441
1.177
1.276
1.078
0.502
0.494
0.459
1.161
1.258
1.065
0.493
0.499
0.450
1.160
1.276
1.084
0.525
0.629
0.500
1.277
1.257
1.101
0.468
0.564
0.443
1.221
1.201
1.053
0.528
0.680
0.499
0.645
0.553
0.492
0.536
0.685
0.483
0.632
0.557
0.478
0.498
0.648
0.457
0.606
0.522
0.453
0.510
0.520
0.481
1.136
1.276
1.074
0.508
0.525
0.490
1.128
1.264
1.062
0.489
0.539
0.489
1.110
1.273
1.074
0.532
0.636
0.527
1.237
1.217
1.090
0.473
0.585
0.472
1.188
1.180
1.047
0.539
0.720
0.522
0.667
0.579
0.528
0.538
0.721
0.507
0.647
0.577
0.515
0.503
0.689
0.483
0.622
0.540
0.485
0.429
0.420
0.425
1.152
1.303
1.103
0.425
0.433
0.430
1.127
1.279
1.072
0.404
0.425
0.421
1.132
1.305
1.102
0.444
0.547
0.464
1.258
1.204
1.100
0.383
0.494
0.409
1.191
1.161
1.048
0.415
0.612
0.416
0.566
0.439
0.407
0.425
0.624
0.407
0.551
0.455
0.405
0.409
0.609
0.400
0.550
0.435
0.395
0.414
0.413
0.408
1.144
1.306
1.097
0.416
0.428
0.420
1.120
1.279
1.065
0.393
0.418
0.404
1.118
1.301
1.088
0.425
0.541
0.444
1.228
1.191
1.080
0.368
0.495
0.394
1.171
1.157
1.036
0.393
0.612
0.399
0.530
0.427
0.387
0.405
0.621
0.392
0.522
0.440
0.388
0.391
0.607
0.386
0.520
0.424
0.379
0.455
0.423
0.441
1.168
1.317
1.102
0.441
0.441
0.448
1.135
1.290
1.071
0.423
0.432
0.436
1.137
1.315
1.098
0.440
0.560
0.466
1.246
1.200
1.084
0.385
0.522
0.421
1.194
1.171
1.041
0.415
0.637
0.427
0.567
0.440
0.418
0.425
0.648
0.421
0.556
0.449
0.418
0.412
0.633
0.414
0.555
0.439
0.408
0.424
0.417
0.414
1.157
1.322
1.101
0.422
0.430
0.422
1.135
1.294
1.074
0.398
0.424
0.411
1.135
1.321
1.102
0.438
0.562
0.461
1.261
1.218
1.102
0.376
0.507
0.404
1.195
1.171
1.048
0.402
0.624
0.409
0.541
0.428
0.397
0.410
0.635
0.400
0.530
0.440
0.396
0.392
0.617
0.392
0.524
0.418
0.382
0.461
0.429
0.449
1.173
1.337
1.122
0.450
0.450
0.460
1.143
1.311
1.097
0.432
0.431
0.444
1.149
1.336
1.121
0.445
0.554
0.473
1.261
1.204
1.106
0.392
0.515
0.429
1.202
1.174
1.063
0.423
0.643
0.442
0.585
0.446
0.433
0.433
0.654
0.430
0.570
0.455
0.427
0.419
0.645
0.431
0.569
0.438
0.423
0.432
0.432
0.436
1.151
1.272
1.095
0.424
0.449
0.448
1.120
1.249
1.073
0.404
0.437
0.431
1.129
1.271
1.097
0.442
0.541
0.473
1.288
1.203
1.097
0.372
0.474
0.408
1.213
1.144
1.035
0.404
0.582
0.422
0.590
0.450
0.407
0.415
0.586
0.412
0.576
0.463
0.405
0.398
0.580
0.408
0.568
0.450
0.394
0.435
0.415
0.425
1.136
1.222
1.074
0.422
0.433
0.433
1.108
1.207
1.044
0.397
0.428
0.424
1.107
1.228
1.076
0.416
0.523
0.455
1.251
1.158
1.060
0.364
0.476
0.406
1.195
1.120
1.015
0.389
0.573
0.416
0.570
0.432
0.397
0.404
0.581
0.410
0.567
0.444
0.402
0.385
0.571
0.402
0.555
0.432
0.388
0.418
0.430
0.417
1.157
1.286
1.094
0.418
0.451
0.432
1.143
1.276
1.074
0.392
0.449
0.421
1.134
1.292
1.097
0.433
0.553
0.460
1.284
1.213
1.092
0.371
0.503
0.408
1.219
1.171
1.042
0.402
0.609
0.422
0.567
0.446
0.399
0.416
0.617
0.411
0.558
0.464
0.399
0.393
0.602
0.404
0.547
0.441
0.386
0.406
0.404
0.388
1.116
1.201
1.053
0.396
0.420
0.404
1.090
1.187
1.031
0.378
0.413
0.388
1.085
1.194
1.048
0.399
0.500
0.423
1.193
1.118
1.032
0.355
0.467
0.386
1.151
1.097
1.001
0.384
0.556
0.403
0.521
0.423
0.377
0.399
0.561
0.397
0.516
0.435
0.380
0.371
0.548
0.386
0.504
0.414
0.365
0.532
0.521
0.495
1.211
1.330
1.128
0.529
0.540
0.511
1.197
1.318
1.113
0.502
0.526
0.487
1.174
1.317
1.112
0.553
0.652
0.545
1.309
1.276
1.144
0.484
0.586
0.479
1.245
1.224
1.085
0.520
0.692
0.495
0.646
0.550
0.492
0.532
0.704
0.492
0.642
0.566
0.494
0.501
0.676
0.473
0.621
0.535
0.474
0.454
0.441
0.383
1.147
1.252
1.040
0.449
0.450
0.406
1.129
1.238
1.029
0.433
0.442
0.383
1.127
1.248
1.039
0.461
0.564
0.431
1.236
1.213
1.054
0.407
0.499
0.377
1.181
1.156
1.005
0.428
0.590
0.393
0.550
0.459
0.388
0.442
0.599
0.384
0.546
0.472
0.384
0.420
0.581
0.375
0.538
0.454
0.376
0.463
0.480
0.426
1.118
1.261
1.046
0.459
0.487
0.436
1.102
1.245
1.030
0.429
0.486
0.419
1.080
1.249
1.033
0.474
0.575
0.460
1.202
1.174
1.045
0.422
0.530
0.412
1.157
1.142
1.005
0.453
0.643
0.428
0.579
0.494
0.430
0.460
0.650
0.422
0.571
0.502
0.427
0.432
0.626
0.404
0.553
0.475
0.404
0.404
0.397
0.386
1.082
1.222
1.030
0.408
0.415
0.406
1.069
1.211
1.016
0.387
0.415
0.393
1.069
1.233
1.041
0.423
0.519
0.426
1.193
1.151
1.032
0.374
0.472
0.385
1.137
1.111
0.995
0.400
0.576
0.390
0.540
0.427
0.379
0.413
0.592
0.380
0.525
0.442
0.371
0.383
0.566
0.367
0.513
0.405
0.359
0.388
0.390
0.363
1.076
1.222
1.025
0.398
0.413
0.395
1.068
1.215
1.015
0.377
0.409
0.373
1.058
1.229
1.028
0.402
0.510
0.403
1.164
1.139
1.012
0.361
0.475
0.371
1.123
1.113
0.987
0.377
0.572
0.373
0.502
0.415
0.359
0.391
0.585
0.363
0.496
0.430
0.355
0.366
0.563
0.353
0.485
0.399
0.345
0.439
0.411
0.409
1.114
1.250
1.049
0.427
0.426
0.427
1.086
1.229
1.025
0.411
0.430
0.412
1.083
1.252
1.048
0.423
0.532
0.433
1.189
1.153
1.026
0.382
0.503
0.403
1.148
1.129
0.997
0.404
0.602
0.407
0.545
0.430
0.392
0.418
0.619
0.401
0.537
0.442
0.390
0.386
0.588
0.382
0.520
0.410
0.373
0.398
0.401
0.373
1.089
1.242
1.031
0.403
0.416
0.395
1.079
1.227
1.018
0.379
0.418
0.378
1.071
1.248
1.039
0.425
0.538
0.428
1.200
1.172
1.040
0.372
0.487
0.382
1.142
1.126
0.994
0.386
0.584
0.379
0.511
0.418
0.363
0.397
0.599
0.370
0.500
0.429
0.359
0.370
0.573
0.359
0.488
0.395
0.346
0.463
0.433
0.426
1.142
1.287
1.080
0.452
0.447
0.447
1.113
1.266
1.063
0.437
0.439
0.423
1.115
1.285
1.079
0.450
0.547
0.456
1.228
1.183
1.063
0.405
0.513
0.421
1.181
1.158
1.034
0.433
0.626
0.432
0.578
0.456
0.415
0.445
0.642
0.422
0.566
0.465
0.410
0.414
0.618
0.412
0.554
0.435
0.402
0.408
0.406
0.390
1.092
1.203
1.030
0.411
0.424
0.417
1.072
1.188
1.021
0.388
0.419
0.394
1.071
1.208
1.039
0.421
0.513
0.433
1.231
1.161
1.038
0.365
0.448
0.379
1.163
1.099
0.983
0.390
0.546
0.392
0.559
0.433
0.377
0.400
0.550
0.378
0.544
0.446
0.367
0.374
0.537
0.375
0.534
0.419
0.361
0.400
0.388
0.380
1.063
1.149
1.002
0.407
0.417
0.410
1.055
1.154
0.993
0.375
0.413
0.393
1.040
1.164
1.016
0.396
0.495
0.417
1.188
1.104
0.996
0.354
0.451
0.380
1.140
1.072
0.962
0.371
0.539
0.386
0.543
0.418
0.368
0.387
0.547
0.375
0.537
0.430
0.365
0.359
0.529
0.368
0.522
0.404
0.354
0.387
0.403
0.375
1.086
1.210
1.025
0.396
0.426
0.401
1.082
1.206
1.014
0.371
0.430
0.388
1.068
1.222
1.035
0.406
0.520
0.418
1.216
1.156
1.025
0.359
0.476
0.381
1.163
1.119
0.989
0.379
0.567
0.387
0.533
0.429
0.364
0.393
0.575
0.371
0.523
0.443
0.358
0.364
0.556
0.367
0.510
0.412
0.350
0.387
0.386
0.360
1.053
1.141
0.991
0.384
0.401
0.385
1.042
1.136
0.984
0.363
0.403
0.369
1.026
1.140
0.993
0.379
0.474
0.393
1.137
1.073
0.974
0.349
0.451
0.371
1.109
1.060
0.959
0.368
0.529
0.380
0.499
0.407
0.354
0.383
0.536
0.371
0.492
0.420
0.352
0.350
0.517
0.359
0.475
0.387
0.338
0.476
0.466
0.438
1.115
1.228
1.038
0.480
0.490
0.464
1.113
1.228
1.037
0.449
0.479
0.438
1.082
1.221
1.029
0.507
0.600
0.494
1.220
1.191
1.058
0.449
0.542
0.438
1.169
1.150
1.014
0.468
0.626
0.443
0.586
0.495
0.436
0.485
0.642
0.442
0.584
0.511
0.438
0.454
0.615
0.428
0.566
0.481
0.424
0.437
0.437
0.370
1.132
1.259
1.031
0.439
0.456
0.391
1.121
1.248
1.020
0.423
0.453
0.373
1.111
1.258
1.031
0.454
0.564
0.425
1.233
1.196
1.040
0.403
0.509
0.373
1.182
1.153
0.996
0.421
0.605
0.382
0.558
0.460
0.378
0.438
0.617
0.379
0.555
0.473
0.375
0.405
0.592
0.363
0.536
0.440
0.359
0.421
0.438
0.380
1.041
1.177
0.971
0.431
0.457
0.407
1.046
1.182
0.977
0.397
0.460
0.387
1.014
1.178
0.972
0.446
0.543
0.422
1.132
1.115
0.977
0.402
0.503
0.384
1.097
1.087
0.949
0.422
0.596
0.391
0.535
0.459
0.389
0.430
0.605
0.384
0.527
0.466
0.383
0.399
0.578
0.366
0.508
0.433
0.364
0.473
0.462
0.469
1.150
1.298
1.105
0.472
0.473
0.478
1.131
1.278
1.084
0.464
0.483
0.484
1.145
1.317
1.127
0.487
0.595
0.506
1.267
1.228
1.120
0.431
0.547
0.457
1.202
1.182
1.069
0.477
0.665
0.479
0.623
0.502
0.474
0.485
0.680
0.472
0.607
0.515
0.471
0.457
0.650
0.451
0.595
0.480
0.451
0.465
0.461
0.456
1.144
1.300
1.102
0.468
0.475
0.472
1.128
1.282
1.083
0.457
0.480
0.470
1.136
1.315
1.117
0.474
0.592
0.491
1.245
1.221
1.107
0.420
0.552
0.446
1.187
1.187
1.064
0.462
0.668
0.467
0.598
0.499
0.465
0.467
0.677
0.458
0.583
0.507
0.461
0.442
0.651
0.440
0.570
0.476
0.441
0.515
0.485
0.499
1.188
1.334
1.130
0.507
0.499
0.511
1.162
1.309
1.106
0.499
0.509
0.513
1.175
1.351
1.148
0.505
0.627
0.529
1.287
1.254
1.134
0.453
0.592
0.486
1.233
1.221
1.089
0.503
0.715
0.517
0.655
0.530
0.513
0.508
0.727
0.509
0.640
0.535
0.509
0.474
0.687
0.480
0.617
0.500
0.479
0.468
0.462
0.456
1.153
1.312
1.102
0.470
0.473
0.470
1.136
1.289
1.084
0.456
0.479
0.468
1.144
1.326
1.121
0.484
0.609
0.504
1.266
1.239
1.119
0.425
0.558
0.450
1.201
1.191
1.064
0.465
0.675
0.471
0.598
0.493
0.464
0.470
0.687
0.462
0.584
0.502
0.460
0.441
0.656
0.442
0.568
0.468
0.439
0.504
0.472
0.490
1.173
1.331
1.125
0.500
0.492
0.509
1.152
1.313
1.112
0.489
0.484
0.500
1.161
1.342
1.141
0.493
0.605
0.519
1.274
1.231
1.128
0.439
0.568
0.475
1.213
1.199
1.083
0.488
0.696
0.503
0.645
0.512
0.500
0.490
0.705
0.491
0.627
0.517
0.493
0.465
0.682
0.478
0.614
0.487
0.478
0.483
0.475
0.481
1.158
1.274
1.104
0.482
0.491
0.498
1.136
1.254
1.091
0.469
0.491
0.493
1.146
1.285
1.124
0.492
0.591
0.519
1.306
1.229
1.120
0.428
0.529
0.459
1.231
1.169
1.060
0.472
0.640
0.488
0.655
0.517
0.481
0.479
0.642
0.478
0.640
0.526
0.478
0.452
0.626
0.465
0.621
0.499
0.457
0.471
0.449
0.459
1.127
1.213
1.070
0.469
0.466
0.475
1.110
1.206
1.051
0.453
0.472
0.477
1.111
1.228
1.089
0.456
0.564
0.493
1.255
1.170
1.072
0.409
0.521
0.448
1.200
1.134
1.030
0.446
0.621
0.472
0.627
0.488
0.461
0.455
0.624
0.462
0.618
0.494
0.461
0.427
0.604
0.446
0.597
0.470
0.439
0.458
0.464
0.453
1.149
1.275
1.091
0.467
0.485
0.477
1.148
1.270
1.082
0.447
0.493
0.473
1.141
1.294
1.113
0.470
0.593
0.495
1.291
1.229
1.106
0.413
0.545
0.446
1.225
1.184
1.054
0.458
0.652
0.475
0.620
0.500
0.459
0.470
0.662
0.465
0.612
0.517
0.459
0.438
0.637
0.449
0.591
0.482
0.438
0.438
0.435
0.422
1.100
1.189
1.044
0.433
0.448
0.440
1.088
1.183
1.034
0.426
0.456
0.438
1.086
1.196
1.058
0.435
0.536
0.458
1.199
1.127
1.041
0.395
0.507
0.424
1.158
1.108
1.012
0.435
0.600
0.452
0.573
0.472
0.434
0.445
0.606
0.445
0.565
0.482
0.435
0.410
0.581
0.424
0.542
0.450
0.410
0.557
0.544
0.527
1.196
1.311
1.121
0.563
0.565
0.549
1.200
1.315
1.125
0.537
0.562
0.534
1.173
1.315
1.125
0.586
0.684
0.580
1.316
1.288
1.159
0.522
0.625
0.519
1.254
1.240
1.105
0.569
0.732
0.549
0.694
0.597
0.551
0.578
0.743
0.546
0.687
0.608
0.553
0.539
0.705
0.517
0.658
0.569
0.522
0.528
0.525
0.466
1.223
1.355
1.122
0.524
0.533
0.478
1.205
1.335
1.104
0.520
0.544
0.476
1.215
1.367
1.136
0.535
0.652
0.515
1.330
1.297
1.141
0.482
0.598
0.459
1.273
1.251
1.089
0.518
0.711
0.486
0.663
0.556
0.488
0.536
0.725
0.488
0.664
0.576
0.493
0.496
0.691
0.461
0.633
0.531
0.462
0.488
0.474
0.418
1.143
1.245
1.042
0.489
0.483
0.443
1.136
1.239
1.040
0.478
0.485
0.430
1.131
1.251
1.053
0.500
0.604
0.471
1.247
1.229
1.069
0.449
0.544
0.419
1.193
1.176
1.023
0.476
0.630
0.444
0.595
0.506
0.441
0.491
0.642
0.435
0.592
0.520
0.437
0.460
0.615
0.419
0.575
0.491
0.420
