0.232
0.228
0.344
0.220
0.235
0.329
0.260
0.216
0.361
0.231
0.231
0.340
0.413
0.411
0.509
0.394
0.417
0.492
0.272
0.234
0.402
0.240
0.259
0.380
0.232
0.258
0.337
0.218
0.287
0.335
0.258
0.237
0.349
0.231
0.274
0.341
0.395
0.422
0.488
0.379
0.453
0.484
0.268
0.262
0.385
0.239
0.314
0.382
0.203
0.213
0.307
0.194
0.211
0.294
0.226
0.196
0.322
0.207
0.203
0.304
0.356
0.367
0.449
0.346
0.367
0.435
0.233
0.214
0.351
0.212
0.227
0.336
0.238
0.204
0.346
0.229
0.216
0.347
0.278
0.189
0.368
0.250
0.209
0.356
0.414
0.386
0.516
0.403
0.399
0.514
0.283
0.214
0.404
0.254
0.241
0.398
0.246
0.217
0.352
0.222
0.232
0.333
0.281
0.203
0.374
0.241
0.221
0.344
0.434
0.406
0.524
0.406
0.421
0.501
0.290
0.222
0.406
0.243
0.251
0.381
0.227
0.227
0.354
0.220
0.233
0.340
0.258
0.210
0.371
0.238
0.220
0.351
0.407
0.410
0.521
0.399
0.417
0.508
0.268
0.229
0.409
0.245
0.247
0.387
0.195
0.246
0.309
0.189
0.258
0.305
0.211
0.224
0.324
0.198
0.246
0.313
0.357
0.411
0.465
0.350
0.426
0.457
0.227
0.238
0.366
0.209
0.276
0.354
0.206
0.247
0.322
0.207
0.234
0.317
0.229
0.222
0.338
0.222
0.222
0.327
0.369
0.413
0.474
0.372
0.407
0.470
0.238
0.247
0.370
0.232
0.247
0.367
0.218
0.233
0.333
0.214
0.254
0.334
0.244
0.219
0.345
0.228
0.247
0.340
0.398
0.421
0.503
0.388
0.438
0.498
0.255
0.245
0.386
0.237
0.283
0.381
0.386
0.504
0.473
0.341
0.496
0.436
0.394
0.482
0.474
0.344
0.469
0.434
0.546
0.662
0.620
0.500
0.652
0.582
0.411
0.517
0.507
0.360
0.514
0.475
0.197
0.317
0.257
0.192
0.328
0.263
0.209
0.303
0.255
0.200
0.314
0.265
0.366
0.483
0.413
0.363
0.500
0.420
0.218
0.325
0.276
0.206
0.345
0.295
0.206
0.337
0.268
0.207
0.343
0.293
0.220
0.322
0.267
0.217
0.329
0.296
0.387
0.516
0.438
0.389
0.531
0.461
0.235
0.354
0.293
0.229
0.366
0.330
0.204
0.322
0.277
0.203
0.348
0.297
0.216
0.305
0.281
0.212
0.332
0.305
0.365
0.481
0.428
0.368
0.512
0.448
0.226
0.337
0.305
0.221
0.369
0.337
0.192
0.285
0.266
0.190
0.297
0.275
0.203
0.272
0.273
0.198
0.284
0.281
0.352
0.446
0.423
0.350
0.460
0.426
0.208
0.296
0.299
0.203
0.316
0.313
0.176
0.269
0.226
0.170
0.284
0.236
0.183
0.255
0.226
0.175
0.270
0.239
0.314
0.408
0.358
0.310
0.426
0.368
0.196
0.280
0.247
0.185
0.300
0.266
0.225
0.379
0.298
0.213
0.386
0.309
0.233
0.364
0.297
0.219
0.367
0.308
0.384
0.536
0.446
0.373
0.547
0.457
0.241
0.389
0.319
0.229
0.401
0.340
0.237
0.204
0.336
0.229
0.211
0.325
0.266
0.195
0.358
0.239
0.211
0.341
0.413
0.380
0.501
0.398
0.386
0.490
0.277
0.216
0.399
0.249
0.232
0.382
0.233
0.249
0.328
0.221
0.265
0.326
0.259
0.230
0.344
0.236
0.260
0.340
0.387
0.404
0.476
0.376
0.425
0.478
0.269
0.255
0.380
0.242
0.290
0.375
0.196
0.200
0.296
0.190
0.193
0.286
0.219
0.183
0.314
0.202
0.188
0.300
0.347
0.347
0.441
0.339
0.343
0.432
0.227
0.200
0.340
0.210
0.207
0.331
0.237
0.192
0.337
0.239
0.201
0.346
0.276
0.178
0.361
0.258
0.196
0.358
0.408
0.366
0.506
0.408
0.376
0.511
0.281
0.203
0.400
0.262
0.221
0.398
0.249
0.206
0.346
0.229
0.214
0.333
0.281
0.194
0.370
0.243
0.210
0.347
0.428
0.388
0.517
0.404
0.394
0.501
0.292
0.214
0.403
0.249
0.232
0.385
0.225
0.218
0.348
0.215
0.221
0.336
0.253
0.201
0.367
0.229
0.213
0.348
0.399
0.393
0.515
0.387
0.398
0.504
0.262
0.222
0.404
0.237
0.237
0.385
0.193
0.239
0.301
0.186
0.237
0.295
0.209
0.217
0.320
0.193
0.230
0.309
0.350
0.396
0.458
0.341
0.398
0.448
0.225
0.232
0.362
0.205
0.252
0.347
0.205
0.229
0.308
0.209
0.213
0.307
0.227
0.206
0.328
0.222
0.206
0.322
0.365
0.391
0.462
0.367
0.381
0.462
0.238
0.231
0.358
0.233
0.225
0.360
0.219
0.225
0.324
0.218
0.233
0.325
0.241
0.211
0.336
0.227
0.233
0.334
0.392
0.403
0.489
0.386
0.411
0.489
0.254
0.238
0.378
0.239
0.261
0.375
0.369
0.474
0.441
0.345
0.486
0.426
0.375
0.453
0.443
0.348
0.464
0.427
0.523
0.628
0.589
0.500
0.641
0.574
0.390
0.486
0.475
0.360
0.503
0.463
0.198
0.309
0.241
0.188
0.320
0.249
0.209
0.297
0.241
0.196
0.310
0.253
0.364
0.475
0.397
0.356
0.490
0.405
0.218
0.319
0.260
0.202
0.336
0.280
0.210
0.331
0.249
0.206
0.333
0.279
0.221
0.318
0.251
0.214
0.324
0.285
0.383
0.507
0.418
0.381
0.515
0.447
0.238
0.350
0.277
0.226
0.355
0.316
0.200
0.308
0.262
0.200
0.334
0.286
0.209
0.292
0.267
0.208
0.325
0.298
0.354
0.464
0.412
0.360
0.493
0.441
0.220
0.322
0.289
0.214
0.352
0.327
0.186
0.275
0.254
0.184
0.283
0.263
0.195
0.261
0.263
0.191
0.276
0.274
0.341
0.432
0.411
0.341
0.443
0.417
0.201
0.285
0.288
0.196
0.302
0.302
0.173
0.258
0.211
0.164
0.272
0.223
0.178
0.246
0.214
0.169
0.261
0.229
0.308
0.395
0.344
0.301
0.410
0.356
0.192
0.270
0.232
0.178
0.285
0.251
0.233
0.380
0.294
0.211
0.382
0.298
0.239
0.363
0.295
0.218
0.366
0.301
0.385
0.534
0.442
0.367
0.538
0.449
0.247
0.388
0.316
0.226
0.397
0.331
0.277
0.287
0.397
0.267
0.309
0.394
0.298
0.277
0.413
0.273
0.314
0.405
0.462
0.469
0.567
0.445
0.489
0.562
0.308
0.297
0.452
0.281
0.337
0.443
0.290
0.345
0.404
0.271
0.365
0.402
0.311
0.326
0.415
0.282
0.361
0.410
0.454
0.507
0.557
0.434
0.530
0.556
0.319
0.348
0.448
0.286
0.396
0.446
0.240
0.262
0.349
0.226
0.261
0.341
0.258
0.246
0.364
0.234
0.259
0.350
0.396
0.417
0.498
0.382
0.414
0.488
0.264
0.264
0.390
0.238
0.281
0.377
0.283
0.264
0.397
0.270
0.278
0.400
0.316
0.250
0.418
0.282
0.278
0.409
0.463
0.444
0.571
0.449
0.461
0.571
0.317
0.276
0.451
0.285
0.309
0.445
0.284
0.278
0.397
0.262
0.299
0.388
0.311
0.264
0.417
0.274
0.295
0.399
0.472
0.465
0.571
0.450
0.484
0.563
0.319
0.283
0.446
0.276
0.323
0.433
0.292
0.318
0.428
0.279
0.315
0.415
0.317
0.300
0.444
0.291
0.311
0.425
0.476
0.499
0.600
0.461
0.499
0.587
0.323
0.319
0.477
0.294
0.335
0.455
0.238
0.310
0.358
0.237
0.324
0.365
0.250
0.289
0.373
0.244
0.321
0.375
0.403
0.474
0.520
0.401
0.490
0.522
0.265
0.303
0.413
0.251
0.348
0.411
0.241
0.289
0.360
0.246
0.287
0.367
0.259
0.267
0.375
0.255
0.284
0.377
0.409
0.458
0.518
0.415
0.460
0.525
0.267
0.294
0.404
0.262
0.307
0.410
0.266
0.304
0.387
0.265
0.330
0.397
0.285
0.292
0.396
0.275
0.333
0.403
0.446
0.488
0.558
0.443
0.514
0.566
0.294
0.319
0.436
0.281
0.368
0.442
0.430
0.558
0.517
0.407
0.571
0.506
0.432
0.534
0.515
0.410
0.550
0.506
0.590
0.714
0.667
0.571
0.732
0.659
0.451
0.569
0.550
0.423
0.592
0.545
0.242
0.373
0.303
0.238
0.393
0.319
0.253
0.362
0.304
0.248
0.382
0.323
0.415
0.543
0.464
0.414
0.566
0.479
0.261
0.384
0.325
0.251
0.411
0.350
0.264
0.407
0.330
0.263
0.420
0.359
0.276
0.395
0.329
0.273
0.413
0.365
0.449
0.594
0.505
0.450
0.611
0.532
0.289
0.427
0.356
0.281
0.444
0.394
0.253
0.391
0.338
0.262
0.430
0.367
0.264
0.377
0.342
0.270
0.422
0.377
0.418
0.553
0.496
0.431
0.596
0.524
0.275
0.405
0.367
0.276
0.452
0.403
0.228
0.343
0.316
0.229
0.353
0.327
0.237
0.330
0.321
0.238
0.347
0.336
0.391
0.503
0.476
0.395
0.516
0.483
0.243
0.354
0.348
0.241
0.375
0.363
0.211
0.315
0.266
0.207
0.336
0.285
0.216
0.304
0.267
0.213
0.328
0.290
0.351
0.455
0.401
0.350
0.477
0.421
0.229
0.326
0.286
0.220
0.352
0.313
0.269
0.438
0.348
0.263
0.452
0.362
0.275
0.423
0.348
0.270
0.439
0.365
0.429
0.599
0.502
0.427
0.617
0.518
0.283
0.447
0.371
0.276
0.469
0.394
0.217
0.230
0.341
0.215
0.224
0.332
0.245
0.211
0.355
0.228
0.216
0.342
0.393
0.400
0.502
0.385
0.395
0.494
0.257
0.228
0.395
0.236
0.239
0.379
0.227
0.271
0.332
0.201
0.292
0.327
0.249
0.245
0.341
0.213
0.272
0.329
0.381
0.420
0.478
0.354
0.442
0.474
0.260
0.265
0.373
0.219
0.307
0.363
0.189
0.222
0.299
0.175
0.219
0.288
0.211
0.198
0.311
0.188
0.202
0.296
0.337
0.365
0.438
0.322
0.361
0.428
0.219
0.213
0.337
0.196
0.222
0.322
0.226
0.217
0.337
0.208
0.222
0.332
0.264
0.193
0.356
0.229
0.205
0.340
0.396
0.383
0.500
0.375
0.389
0.492
0.274
0.215
0.391
0.232
0.236
0.374
0.234
0.233
0.350
0.209
0.236
0.330
0.265
0.212
0.368
0.227
0.220
0.341
0.412
0.408
0.515
0.387
0.409
0.496
0.277
0.228
0.399
0.231
0.244
0.372
0.217
0.239
0.346
0.202
0.240
0.329
0.246
0.212
0.360
0.219
0.220
0.337
0.392
0.406
0.509
0.374
0.409
0.494
0.257
0.229
0.395
0.224
0.245
0.369
0.192
0.259
0.303
0.177
0.258
0.294
0.208
0.230
0.317
0.185
0.238
0.301
0.349
0.408
0.455
0.329
0.410
0.443
0.223
0.239
0.355
0.194
0.263
0.336
0.198
0.264
0.314
0.192
0.241
0.310
0.218
0.230
0.326
0.208
0.221
0.318
0.356
0.416
0.462
0.351
0.402
0.462
0.228
0.253
0.353
0.215
0.245
0.350
0.213
0.249
0.329
0.204
0.251
0.323
0.235
0.228
0.336
0.216
0.240
0.326
0.386
0.422
0.493
0.371
0.424
0.484
0.248
0.251
0.375
0.225
0.272
0.362
0.351
0.474
0.436
0.317
0.477
0.414
0.356
0.451
0.433
0.321
0.449
0.410
0.502
0.623
0.580
0.472
0.626
0.559
0.373
0.482
0.464
0.335
0.488
0.446
0.193
0.326
0.262
0.185
0.328
0.260
0.203
0.312
0.256
0.193
0.312
0.258
0.355
0.485
0.415
0.351
0.491
0.412
0.212
0.333
0.276
0.199
0.338
0.283
0.202
0.340
0.271
0.194
0.342
0.287
0.215
0.325
0.266
0.202
0.327
0.285
0.375
0.512
0.434
0.369
0.520
0.450
0.228
0.356
0.292
0.212
0.357
0.314
0.200
0.332
0.279
0.204
0.359
0.298
0.210
0.310
0.276
0.210
0.338
0.298
0.353
0.480
0.424
0.361
0.512
0.446
0.220
0.339
0.297
0.217
0.368
0.324
0.179
0.294
0.266
0.179
0.300
0.275
0.189
0.277
0.267
0.188
0.286
0.277
0.332
0.444
0.417
0.334
0.453
0.423
0.195
0.300
0.291
0.192
0.314
0.304
0.174
0.276
0.229
0.163
0.286
0.236
0.181
0.264
0.226
0.168
0.270
0.236
0.307
0.407
0.358
0.296
0.417
0.364
0.194
0.284
0.244
0.178
0.294
0.257
0.223
0.381
0.302
0.209
0.390
0.305
0.229
0.366
0.299
0.214
0.369
0.302
0.376
0.535
0.449
0.365
0.544
0.453
0.236
0.388
0.319
0.222
0.399
0.329
0.517
0.505
0.632
0.544
0.525
0.641
0.550
0.492
0.652
0.564
0.523
0.661
0.707
0.690
0.806
0.728
0.711
0.818
0.563
0.517
0.696
0.575
0.543
0.699
0.500
0.534
0.609
0.532
0.573
0.636
0.528
0.510
0.620
0.554
0.561
0.650
0.669
0.701
0.767
0.704
0.741
0.797
0.538
0.540
0.657
0.560
0.589
0.679
0.443
0.456
0.550
0.448
0.454
0.542
0.471
0.435
0.565
0.469
0.445
0.557
0.606
0.612
0.701
0.610
0.610
0.693
0.479
0.457
0.594
0.479
0.464
0.586
0.512
0.466
0.614
0.536
0.506
0.637
0.559
0.452
0.638
0.566
0.499
0.653
0.699
0.650
0.794
0.721
0.690
0.815
0.564
0.480
0.678
0.571
0.525
0.689
0.527
0.491
0.633
0.538
0.521
0.636
0.566
0.478
0.657
0.563
0.515
0.655
0.720
0.685
0.812
0.730
0.714
0.815
0.575
0.502
0.692
0.570
0.534
0.688
0.505
0.510
0.632
0.531
0.546
0.645
0.538
0.489
0.650
0.554
0.536
0.660
0.692
0.693
0.808
0.717
0.730
0.822
0.550
0.512
0.690
0.563
0.558
0.692
0.436
0.490
0.550
0.481
0.526
0.583
0.453
0.461
0.566
0.497
0.514
0.600
0.605
0.654
0.713
0.650
0.695
0.748
0.471
0.480
0.609
0.509
0.536
0.635
0.464
0.494
0.574
0.504
0.503
0.593
0.492
0.468
0.592
0.530
0.492
0.612
0.637
0.665
0.736
0.678
0.680
0.760
0.504
0.497
0.624
0.540
0.514
0.646
0.492
0.513
0.607
0.541
0.558
0.644
0.518
0.494
0.616
0.558
0.553
0.655
0.678
0.701
0.782
0.724
0.745
0.820
0.531
0.526
0.660
0.570
0.581
0.691
0.603
0.726
0.685
0.601
0.744
0.682
0.609
0.703
0.683
0.609
0.723
0.684
0.766
0.887
0.838
0.772
0.911
0.842
0.629
0.740
0.717
0.626
0.761
0.716
0.473
0.600
0.516
0.503
0.626
0.559
0.485
0.588
0.513
0.515
0.617
0.562
0.648
0.774
0.680
0.680
0.804
0.721
0.498
0.614
0.536
0.523
0.641
0.584
0.488
0.623
0.540
0.508
0.631
0.581
0.500
0.611
0.537
0.521
0.621
0.586
0.673
0.811
0.716
0.697
0.825
0.758
0.518
0.647
0.567
0.535
0.652
0.614
0.481
0.606
0.549
0.513
0.642
0.591
0.494
0.590
0.549
0.525
0.629
0.598
0.649
0.770
0.706
0.684
0.812
0.751
0.508
0.623
0.574
0.534
0.658
0.622
0.447
0.555
0.524
0.473
0.571
0.550
0.458
0.537
0.526
0.486
0.563
0.559
0.612
0.715
0.683
0.640
0.739
0.709
0.467
0.565
0.556
0.490
0.587
0.583
0.395
0.493
0.437
0.409
0.513
0.465
0.402
0.479
0.434
0.417
0.501
0.468
0.538
0.634
0.575
0.554
0.657
0.603
0.418
0.506
0.456
0.428
0.526
0.487
0.493
0.663
0.567
0.480
0.651
0.566
0.499
0.645
0.564
0.490
0.634
0.567
0.657
0.827
0.724
0.650
0.820
0.728
0.511
0.674
0.589
0.499
0.664
0.593
0.555
0.558
0.641
0.502
0.497
0.568
0.579
0.548
0.656
0.510
0.497
0.573
0.745
0.748
0.813
0.685
0.688
0.741
0.587
0.572
0.686
0.514
0.526
0.601
0.569
0.612
0.644
0.493
0.567
0.564
0.588
0.594
0.655
0.503
0.563
0.571
0.736
0.782
0.800
0.661
0.742
0.725
0.597
0.620
0.682
0.510
0.596
0.595
0.481
0.500
0.564
0.418
0.443
0.492
0.497
0.481
0.574
0.425
0.441
0.496
0.639
0.659
0.712
0.577
0.605
0.644
0.504
0.504
0.597
0.430
0.462
0.518
0.538
0.513
0.618
0.494
0.490
0.572
0.575
0.497
0.638
0.510
0.482
0.577
0.719
0.698
0.790
0.675
0.677
0.747
0.573
0.526
0.664
0.509
0.517
0.603
0.535
0.522
0.618
0.476
0.491
0.551
0.564
0.506
0.637
0.488
0.486
0.558
0.725
0.712
0.792
0.666
0.685
0.731
0.570
0.528
0.661
0.491
0.516
0.582
0.532
0.545
0.627
0.477
0.501
0.560
0.559
0.527
0.641
0.489
0.492
0.563
0.719
0.732
0.798
0.662
0.692
0.735
0.564
0.553
0.667
0.496
0.522
0.589
0.535
0.599
0.618
0.453
0.515
0.527
0.550
0.582
0.630
0.460
0.510
0.532
0.706
0.770
0.779
0.621
0.687
0.687
0.563
0.600
0.662
0.470
0.537
0.560
0.491
0.528
0.578
0.455
0.479
0.530
0.508
0.507
0.591
0.466
0.472
0.536
0.661
0.702
0.736
0.626
0.660
0.695
0.517
0.537
0.616
0.475
0.496
0.564
0.522
0.557
0.611
0.496
0.529
0.570
0.541
0.541
0.619
0.505
0.527
0.571
0.704
0.745
0.782
0.675
0.721
0.743
0.549
0.575
0.652
0.514
0.562
0.601
0.647
0.772
0.713
0.555
0.720
0.622
0.649
0.750
0.707
0.561
0.701
0.621
0.810
0.932
0.865
0.727
0.889
0.784
0.667
0.781
0.738
0.573
0.736
0.648
0.538
0.661
0.583
0.499
0.630
0.540
0.549
0.649
0.580
0.508
0.620
0.541
0.715
0.834
0.748
0.681
0.809
0.710
0.558
0.671
0.604
0.516
0.645
0.565
0.515
0.641
0.559
0.487
0.618
0.539
0.529
0.629
0.557
0.498
0.609
0.542
0.701
0.827
0.735
0.677
0.810
0.719
0.543
0.661
0.588
0.509
0.639
0.569
0.532
0.662
0.591
0.504
0.647
0.566
0.544
0.648
0.592
0.512
0.636
0.569
0.700
0.827
0.748
0.679
0.818
0.729
0.555
0.680
0.618
0.521
0.667
0.592
0.481
0.591
0.542
0.444
0.556
0.503
0.490
0.578
0.545
0.451
0.548
0.507
0.646
0.753
0.701
0.610
0.719
0.662
0.496
0.602
0.570
0.456
0.571
0.526
0.443
0.543
0.481
0.401
0.520
0.449
0.450
0.534
0.482
0.408
0.512
0.451
0.585
0.687
0.619
0.549
0.667
0.590
0.463
0.558
0.502
0.417
0.536
0.472
0.533
0.695
0.595
0.485
0.663
0.556
0.541
0.682
0.593
0.493
0.647
0.555
0.699
0.860
0.750
0.658
0.833
0.718
0.550
0.705
0.617
0.503
0.674
0.578
0.484
0.486
0.588
0.496
0.500
0.581
0.508
0.472
0.604
0.503
0.500
0.590
0.663
0.657
0.753
0.669
0.676
0.745
0.518
0.492
0.643
0.509
0.522
0.622
0.493
0.535
0.588
0.509
0.569
0.596
0.514
0.512
0.598
0.517
0.561
0.601
0.654
0.687
0.738
0.666
0.728
0.747
0.524
0.533
0.630
0.522
0.592
0.628
0.420
0.437
0.517
0.443
0.452
0.525
0.440
0.416
0.529
0.453
0.445
0.534
0.572
0.584
0.659
0.595
0.600
0.670
0.447
0.433
0.554
0.454
0.462
0.553
0.482
0.465
0.578
0.505
0.490
0.593
0.518
0.446
0.599
0.521
0.483
0.601
0.659
0.638
0.747
0.678
0.665
0.758
0.520
0.471
0.628
0.519
0.510
0.627
0.476
0.458
0.576
0.487
0.492
0.575
0.505
0.444
0.596
0.500
0.484
0.585
0.663
0.639
0.749
0.670
0.672
0.745
0.515
0.460
0.624
0.498
0.506
0.607
0.492
0.498
0.604
0.526
0.552
0.626
0.520
0.477
0.621
0.538
0.541
0.633
0.673
0.669
0.772
0.701
0.725
0.792
0.528
0.495
0.654
0.541
0.563
0.658
0.427
0.487
0.527
0.455
0.521
0.546
0.440
0.461
0.541
0.461
0.511
0.554
0.586
0.640
0.679
0.615
0.680
0.698
0.456
0.471
0.577
0.467
0.534
0.579
0.441
0.477
0.539
0.478
0.494
0.560
0.460
0.455
0.554
0.488
0.488
0.570
0.601
0.636
0.689
0.640
0.661
0.715
0.470
0.479
0.582
0.493
0.506
0.595
0.463
0.496
0.567
0.513
0.534
0.598
0.484
0.479
0.576
0.521
0.531
0.602
0.639
0.671
0.733
0.682
0.711
0.761
0.495
0.505
0.613
0.527
0.558
0.631
0.609
0.728
0.687
0.594
0.753
0.670
0.612
0.706
0.684
0.595
0.729
0.667
0.764
0.879
0.833
0.752
0.905
0.817
0.629
0.737
0.715
0.607
0.766
0.695
0.436
0.561
0.491
0.472
0.610
0.524
0.446
0.551
0.488
0.480
0.599
0.525
0.603
0.724
0.647
0.643
0.776
0.679
0.455
0.572
0.509
0.483
0.622
0.546
0.463
0.597
0.520
0.471
0.612
0.539
0.477
0.586
0.518
0.479
0.604
0.542
0.638
0.772
0.686
0.649
0.795
0.706
0.489
0.617
0.546
0.488
0.633
0.567
0.462
0.585
0.534
0.482
0.627
0.553
0.470
0.568
0.532
0.489
0.611
0.557
0.618
0.737
0.681
0.642
0.783
0.703
0.481
0.597
0.555
0.492
0.640
0.576
0.416
0.526
0.491
0.438
0.550
0.507
0.425
0.513
0.495
0.446
0.542
0.514
0.572
0.679
0.643
0.597
0.706
0.659
0.432
0.535
0.520
0.446
0.564
0.532
0.369
0.470
0.421
0.397
0.518
0.453
0.375
0.457
0.419
0.402
0.506
0.455
0.503
0.603
0.549
0.536
0.653
0.584
0.388
0.479
0.439
0.408
0.526
0.473
0.452
0.613
0.524
0.466
0.647
0.544
0.459
0.601
0.522
0.471
0.628
0.543
0.611
0.771
0.675
0.626
0.805
0.695
0.469
0.626
0.546
0.479
0.659
0.568
0.272
0.209
0.353
0.246
0.212
0.331
0.295
0.205
0.373
0.255
0.212
0.345
0.449
0.384
0.516
0.414
0.385
0.491
0.302
0.226
0.408
0.260
0.238
0.377
0.262
0.256
0.342
0.232
0.253
0.319
0.282
0.244
0.355
0.243
0.250
0.330
0.417
0.411
0.487
0.391
0.414
0.468
0.286
0.270
0.383
0.246
0.286
0.358
0.224
0.199
0.308
0.205
0.188
0.287
0.244
0.187
0.325
0.214
0.184
0.300
0.372
0.347
0.449
0.352
0.339
0.428
0.249
0.206
0.347
0.219
0.207
0.325
0.276
0.191
0.353
0.250
0.202
0.341
0.309
0.183
0.375
0.268
0.198
0.355
0.449
0.365
0.519
0.421
0.378
0.505
0.309
0.208
0.405
0.266
0.227
0.383
0.282
0.208
0.361
0.245
0.213
0.333
0.311
0.201
0.383
0.257
0.210
0.347
0.459
0.388
0.528
0.421
0.395
0.499
0.317
0.222
0.411
0.259
0.236
0.376
0.253
0.225
0.361
0.233
0.220
0.335
0.282
0.210
0.380
0.248
0.211
0.348
0.429
0.398
0.526
0.406
0.394
0.499
0.288
0.233
0.410
0.252
0.238
0.377
0.217
0.249
0.314
0.201
0.229
0.294
0.232
0.231
0.332
0.208
0.224
0.308
0.374
0.405
0.465
0.357
0.390
0.446
0.243
0.251
0.364
0.216
0.252
0.336
0.242
0.232
0.331
0.229
0.209
0.312
0.263
0.217
0.349
0.240
0.205
0.325
0.398
0.393
0.479
0.384
0.378
0.464
0.268
0.242
0.374
0.246
0.228
0.356
0.248
0.226
0.338
0.246
0.226
0.329
0.268
0.216
0.351
0.254
0.228
0.337
0.420
0.402
0.501
0.413
0.407
0.493
0.275
0.243
0.384
0.258
0.259
0.368
0.399
0.514
0.459
0.397
0.551
0.473
0.402
0.490
0.460
0.401
0.527
0.475
0.548
0.656
0.598
0.554
0.698
0.619
0.418
0.525
0.490
0.410
0.564
0.503
0.212
0.333
0.244
0.199
0.332
0.252
0.221
0.322
0.247
0.207
0.321
0.256
0.377
0.494
0.398
0.370
0.499
0.408
0.230
0.345
0.265
0.215
0.349
0.281
0.221
0.353
0.257
0.211
0.343
0.280
0.231
0.341
0.261
0.219
0.331
0.285
0.392
0.522
0.421
0.386
0.518
0.443
0.245
0.375
0.287
0.231
0.367
0.313
0.216
0.333
0.267
0.212
0.355
0.289
0.224
0.315
0.272
0.220
0.339
0.295
0.370
0.477
0.411
0.374
0.508
0.439
0.234
0.347
0.292
0.229
0.375
0.319
0.203
0.298
0.259
0.195
0.294
0.265
0.211
0.282
0.267
0.202
0.283
0.275
0.357
0.446
0.409
0.352
0.448
0.415
0.217
0.308
0.289
0.208
0.313
0.300
0.188
0.274
0.211
0.171
0.279
0.223
0.192
0.262
0.216
0.175
0.266
0.229
0.320
0.407
0.342
0.307
0.414
0.354
0.204
0.287
0.234
0.185
0.293
0.251
0.235
0.408
0.298
0.223
0.404
0.310
0.240
0.390
0.300
0.228
0.384
0.311
0.386
0.557
0.443
0.380
0.556
0.458
0.248
0.417
0.321
0.237
0.417
0.339
0.228
0.233
0.344
0.229
0.234
0.339
0.251
0.215
0.359
0.234
0.230
0.349
0.386
0.389
0.497
0.380
0.395
0.493
0.262
0.235
0.400
0.245
0.253
0.390
0.223
0.276
0.337
0.221
0.287
0.338
0.242
0.247
0.344
0.230
0.276
0.343
0.366
0.417
0.476
0.364
0.437
0.480
0.253
0.271
0.378
0.239
0.306
0.380
0.195
0.221
0.305
0.188
0.221
0.300
0.212
0.199
0.317
0.195
0.212
0.305
0.330
0.357
0.439
0.323
0.359
0.434
0.219
0.217
0.342
0.203
0.235
0.338
0.231
0.213
0.344
0.239
0.228
0.356
0.263
0.192
0.363
0.253
0.220
0.364
0.387
0.372
0.502
0.393
0.391
0.510
0.267
0.218
0.395
0.257
0.248
0.402
0.246
0.220
0.351
0.221
0.245
0.340
0.276
0.202
0.372
0.232
0.234
0.349
0.409
0.383
0.506
0.383
0.411
0.498
0.286
0.221
0.403
0.237
0.262
0.386
0.220
0.243
0.352
0.219
0.249
0.345
0.243
0.217
0.364
0.230
0.233
0.351
0.376
0.400
0.505
0.373
0.409
0.499
0.251
0.239
0.399
0.238
0.259
0.387
0.191
0.266
0.312
0.190
0.257
0.307
0.202
0.240
0.323
0.194
0.248
0.314
0.336
0.413
0.457
0.332
0.409
0.450
0.216
0.256
0.358
0.204
0.275
0.351
0.207
0.249
0.322
0.214
0.233
0.323
0.223
0.223
0.336
0.221
0.225
0.331
0.348
0.396
0.462
0.356
0.389
0.466
0.231
0.250
0.365
0.232
0.245
0.369
0.211
0.250
0.329
0.225
0.249
0.337
0.232
0.227
0.338
0.234
0.243
0.342
0.370
0.413
0.486
0.380
0.415
0.491
0.240
0.257
0.373
0.244
0.273
0.381
0.374
0.497
0.462
0.345
0.509
0.440
0.377
0.470
0.459
0.347
0.482
0.439
0.513
0.635
0.597
0.490
0.653
0.581
0.392
0.502
0.491
0.361
0.526
0.478
0.196
0.327
0.262
0.195
0.334
0.266
0.204
0.310
0.258
0.201
0.319
0.268
0.347
0.479
0.404
0.351
0.494
0.413
0.212
0.335
0.278
0.206
0.351
0.297
0.202
0.347
0.271
0.212
0.350
0.298
0.211
0.328
0.267
0.219
0.337
0.301
0.358
0.507
0.423
0.372
0.519
0.453
0.224
0.360
0.294
0.229
0.371
0.331
0.196
0.333
0.287
0.203
0.356
0.298
0.203
0.310
0.285
0.210
0.339
0.305
0.336
0.475
0.425
0.350
0.503
0.440
0.212
0.342
0.311
0.217
0.372
0.331
0.189
0.301
0.275
0.190
0.301
0.277
0.196
0.282
0.277
0.196
0.288
0.283
0.329
0.441
0.416
0.332
0.446
0.417
0.202
0.308
0.304
0.201
0.316
0.312
0.172
0.272
0.229
0.168
0.287
0.241
0.176
0.255
0.229
0.171
0.271
0.245
0.294
0.396
0.351
0.293
0.412
0.365
0.188
0.279
0.247
0.180
0.299
0.270
0.218
0.382
0.295
0.219
0.400
0.311
0.222
0.364
0.292
0.224
0.381
0.312
0.358
0.526
0.431
0.365
0.549
0.452
0.231
0.390
0.315
0.233
0.414
0.342
0.401
0.358
0.415
0.386
0.384
0.424
0.409
0.352
0.425
0.403
0.362
0.433
0.561
0.527
0.566
0.553
0.549
0.575
0.425
0.374
0.458
0.419
0.387
0.470
0.246
0.237
0.245
0.241
0.226
0.264
0.260
0.232
0.248
0.263
0.214
0.275
0.412
0.410
0.397
0.420
0.403
0.424
0.268
0.250
0.268
0.273
0.228
0.303
0.250
0.254
0.257
0.267
0.235
0.295
0.264
0.253
0.259
0.292
0.227
0.309
0.425
0.437
0.421
0.454
0.426
0.465
0.275
0.280
0.287
0.304
0.248
0.339
0.260
0.226
0.272
0.263
0.231
0.299
0.275
0.221
0.281
0.295
0.219
0.321
0.421
0.389
0.421
0.439
0.400
0.455
0.283
0.242
0.305
0.299
0.237
0.348
0.236
0.212
0.257
0.244
0.209
0.277
0.248
0.208
0.268
0.264
0.202
0.293
0.396
0.372
0.410
0.411
0.374
0.430
0.258
0.219
0.298
0.280
0.212
0.327
0.217
0.206
0.215
0.215
0.197
0.236
0.227
0.198
0.221
0.235
0.185
0.248
0.355
0.346
0.346
0.364
0.341
0.370
0.238
0.219
0.241
0.245
0.202
0.272
0.235
0.291
0.272
0.238
0.275
0.293
0.243
0.281
0.276
0.253
0.258
0.300
0.393
0.451
0.420
0.407
0.440
0.448
0.252
0.302
0.299
0.265
0.274
0.330
0.417
0.406
0.432
0.383
0.411
0.413
0.423
0.394
0.437
0.399
0.385
0.421
0.565
0.560
0.571
0.535
0.561
0.555
0.439
0.421
0.465
0.413
0.413
0.450
0.249
0.267
0.239
0.246
0.256
0.255
0.264
0.257
0.245
0.268
0.237
0.265
0.403
0.426
0.383
0.406
0.416
0.400
0.270
0.282
0.261
0.276
0.255
0.288
0.254
0.288
0.253
0.268
0.269
0.286
0.270
0.280
0.259
0.292
0.254
0.296
0.417
0.456
0.408
0.436
0.439
0.441
0.279
0.314
0.283
0.301
0.278
0.323
0.259
0.255
0.265
0.265
0.261
0.286
0.276
0.241
0.276
0.294
0.240
0.304
0.408
0.402
0.403
0.424
0.411
0.428
0.281
0.270
0.293
0.299
0.262
0.323
0.239
0.239
0.250
0.242
0.243
0.268
0.251
0.232
0.262
0.262
0.229
0.282
0.386
0.387
0.392
0.392
0.391
0.408
0.256
0.248
0.283
0.274
0.242
0.306
0.217
0.228
0.210
0.217
0.216
0.227
0.228
0.215
0.215
0.238
0.199
0.238
0.343
0.356
0.330
0.351
0.348
0.352
0.236
0.244
0.231
0.245
0.218
0.259
0.247
0.341
0.279
0.250
0.310
0.294
0.257
0.322
0.283
0.266
0.289
0.300
0.394
0.484
0.417
0.402
0.460
0.434
0.264
0.351
0.305
0.275
0.310
0.325
0.347
0.324
0.367
0.337
0.352
0.376
0.357
0.313
0.375
0.351
0.327
0.386
0.485
0.463
0.498
0.476
0.490
0.508
0.370
0.330
0.401
0.361
0.348
0.409
0.216
0.208
0.218
0.209
0.215
0.232
0.230
0.202
0.222
0.228
0.198
0.242
0.365
0.360
0.358
0.362
0.368
0.374
0.237
0.218
0.239
0.235
0.212
0.262
0.217
0.221
0.228
0.229
0.220
0.260
0.229
0.215
0.231
0.248
0.204
0.271
0.371
0.378
0.373
0.385
0.378
0.406
0.239
0.238
0.254
0.255
0.223
0.292
0.232
0.196
0.246
0.229
0.213
0.264
0.248
0.188
0.258
0.254
0.198
0.283
0.375
0.337
0.380
0.377
0.356
0.401
0.257
0.204
0.277
0.258
0.213
0.299
0.210
0.196
0.230
0.212
0.205
0.248
0.222
0.190
0.240
0.229
0.194
0.261
0.351
0.337
0.369
0.355
0.348
0.385
0.229
0.202
0.262
0.240
0.203
0.284
0.195
0.193
0.194
0.185
0.192
0.210
0.203
0.185
0.198
0.201
0.175
0.221
0.318
0.320
0.314
0.312
0.317
0.332
0.214
0.206
0.214
0.209
0.191
0.238
0.209
0.268
0.243
0.213
0.257
0.261
0.217
0.253
0.247
0.225
0.236
0.268
0.347
0.406
0.374
0.357
0.397
0.395
0.223
0.273
0.265
0.232
0.251
0.287
0.424
0.355
0.439
0.368
0.334
0.398
0.441
0.346
0.449
0.400
0.314
0.418
0.580
0.517
0.589
0.529
0.497
0.552
0.452
0.372
0.481
0.405
0.343
0.445
0.243
0.227
0.240
0.241
0.211
0.256
0.262
0.216
0.248
0.272
0.193
0.275
0.409
0.399
0.398
0.416
0.387
0.420
0.265
0.243
0.265
0.276
0.215
0.296
0.241
0.244
0.247
0.268
0.213
0.286
0.258
0.237
0.253
0.300
0.200
0.306
0.415
0.426
0.417
0.446
0.398
0.457
0.267
0.273
0.279
0.306
0.228
0.332
0.267
0.215
0.276
0.266
0.212
0.294
0.289
0.205
0.290
0.306
0.195
0.322
0.427
0.376
0.427
0.437
0.379
0.453
0.292
0.233
0.309
0.307
0.219
0.341
0.243
0.199
0.266
0.243
0.196
0.275
0.258
0.193
0.278
0.269
0.185
0.296
0.401
0.360
0.423
0.405
0.361
0.432
0.265
0.210
0.304
0.281
0.201
0.324
0.211
0.198
0.210
0.216
0.176
0.233
0.225
0.187
0.218
0.244
0.162
0.252
0.348
0.338
0.343
0.360
0.321
0.370
0.233
0.214
0.235
0.250
0.184
0.271
0.233
0.291
0.279
0.242
0.266
0.296
0.245
0.276
0.283
0.261
0.244
0.306
0.391
0.452
0.430
0.404
0.430
0.451
0.250
0.306
0.305
0.269
0.269
0.332
0.409
0.374
0.429
0.404
0.372
0.436
0.419
0.360
0.435
0.429
0.353
0.452
0.571
0.540
0.578
0.573
0.543
0.590
0.433
0.384
0.466
0.442
0.375
0.479
0.249
0.234
0.246
0.254
0.215
0.273
0.266
0.225
0.253
0.283
0.200
0.292
0.424
0.413
0.408
0.437
0.398
0.438
0.271
0.246
0.269
0.296
0.214
0.314
0.254
0.248
0.258
0.276
0.227
0.299
0.270
0.243
0.264
0.305
0.215
0.317
0.437
0.436
0.430
0.467
0.420
0.470
0.279
0.270
0.288
0.318
0.235
0.342
0.265
0.225
0.274
0.277
0.227
0.306
0.286
0.215
0.288
0.310
0.213
0.330
0.434
0.392
0.429
0.456
0.402
0.467
0.291
0.237
0.305
0.317
0.231
0.350
0.240
0.213
0.259
0.258
0.204
0.284
0.254
0.208
0.271
0.284
0.196
0.304
0.407
0.380
0.418
0.429
0.375
0.443
0.261
0.221
0.295
0.302
0.206
0.331
0.223
0.203
0.219
0.224
0.186
0.244
0.237
0.192
0.229
0.249
0.173
0.261
0.368
0.347
0.357
0.376
0.336
0.383
0.245
0.215
0.244
0.262
0.190
0.283
0.243
0.291
0.275
0.258
0.274
0.308
0.254
0.279
0.281
0.276
0.255
0.319
0.408
0.461
0.431
0.431
0.447
0.467
0.259
0.299
0.301
0.288
0.270
0.342
0.378
0.363
0.405
0.398
0.396
0.440
0.395
0.349
0.417
0.420
0.369
0.451
0.543
0.531
0.559
0.562
0.560
0.592
0.407
0.370
0.444
0.432
0.393
0.482
0.237
0.236
0.240
0.238
0.224
0.260
0.254
0.225
0.246
0.263
0.207
0.273
0.410
0.411
0.401
0.418
0.402
0.424
0.259
0.245
0.261
0.270
0.223
0.296
0.242
0.252
0.252
0.261
0.234
0.291
0.259
0.243
0.257
0.290
0.219
0.306
0.425
0.436
0.423
0.450
0.421
0.463
0.269
0.270
0.280
0.302
0.239
0.334
0.255
0.232
0.273
0.263
0.233
0.300
0.276
0.218
0.286
0.299
0.215
0.324
0.424
0.394
0.429
0.440
0.399
0.457
0.286
0.239
0.306
0.305
0.233
0.346
0.228
0.217
0.257
0.235
0.212
0.274
0.242
0.207
0.269
0.258
0.199
0.291
0.390
0.377
0.414
0.401
0.375
0.429
0.248
0.221
0.292
0.270
0.210
0.317
0.209
0.217
0.208
0.212
0.194
0.231
0.220
0.203
0.215
0.235
0.179
0.245
0.351
0.362
0.344
0.362
0.339
0.369
0.230
0.226
0.230
0.242
0.196
0.264
0.232
0.300
0.272
0.237
0.267
0.292
0.242
0.282
0.275
0.255
0.246
0.301
0.394
0.463
0.425
0.403
0.431
0.447
0.248
0.306
0.295
0.265
0.262
0.328
0.358
0.365
0.384
0.375
0.418
0.415
0.364
0.354
0.391
0.385
0.391
0.422
0.507
0.517
0.524
0.526
0.565
0.554
0.383
0.376
0.422
0.400
0.410
0.454
0.226
0.245
0.223
0.218
0.245
0.233
0.237
0.237
0.226
0.235
0.227
0.241
0.384
0.406
0.369
0.382
0.407
0.382
0.246
0.255
0.245
0.247
0.235
0.270
0.221
0.257
0.225
0.230
0.250
0.257
0.233
0.248
0.230
0.247
0.231
0.268
0.386
0.426
0.381
0.398
0.418
0.414
0.247
0.270
0.257
0.263
0.246
0.300
0.228
0.234
0.244
0.232
0.249
0.263
0.239
0.221
0.253
0.253
0.226
0.282
0.378
0.383
0.384
0.389
0.398
0.408
0.251
0.240
0.275
0.265
0.238
0.308
0.212
0.221
0.229
0.219
0.228
0.247
0.221
0.211
0.241
0.236
0.211
0.266
0.360
0.370
0.374
0.371
0.375
0.393
0.229
0.223
0.265
0.253
0.215
0.297
0.200
0.211
0.194
0.188
0.209
0.205
0.208
0.200
0.199
0.201
0.189
0.215
0.330
0.344
0.321
0.321
0.339
0.332
0.220
0.220
0.218
0.215
0.200
0.240
0.221
0.309
0.252
0.230
0.301
0.278
0.227
0.290
0.257
0.240
0.277
0.286
0.368
0.453
0.392
0.383
0.451
0.421
0.235
0.310
0.278
0.252
0.286
0.314
0.400
0.364
0.416
0.377
0.405
0.416
0.409
0.351
0.423
0.395
0.376
0.428
0.546
0.518
0.554
0.531
0.557
0.559
0.430
0.372
0.458
0.407
0.405
0.456
0.243
0.237
0.243
0.230
0.248
0.254
0.256
0.229
0.247
0.248
0.227
0.264
0.399
0.404
0.390
0.392
0.411
0.402
0.266
0.244
0.268
0.255
0.247
0.285
0.231
0.253
0.243
0.243
0.253
0.277
0.243
0.247
0.248
0.261
0.233
0.290
0.397
0.428
0.402
0.409
0.425
0.432
0.257
0.272
0.275
0.272
0.260
0.315
0.248
0.222
0.258
0.242
0.246
0.281
0.262
0.213
0.269
0.268
0.224
0.302
0.398
0.377
0.400
0.398
0.399
0.425
0.274
0.232
0.291
0.274
0.246
0.319
0.229
0.207
0.246
0.226
0.223
0.261
0.240
0.200
0.259
0.246
0.208
0.277
0.377
0.362
0.394
0.377
0.376
0.405
0.251
0.212
0.286
0.254
0.224
0.301
0.213
0.204
0.212
0.205
0.211
0.229
0.222
0.196
0.219
0.222
0.193
0.242
0.343
0.342
0.341
0.337
0.346
0.355
0.235
0.216
0.238
0.230
0.216
0.259
0.235
0.283
0.270
0.237
0.295
0.290
0.244
0.269
0.276
0.249
0.271
0.298
0.383
0.438
0.413
0.390
0.449
0.432
0.251
0.291
0.298
0.258
0.295
0.321
0.396
0.375
0.415
0.358
0.389
0.398
0.405
0.367
0.419
0.374
0.367
0.404
0.555
0.540
0.565
0.522
0.556
0.552
0.421
0.393
0.449
0.386
0.398
0.437
0.248
0.248
0.245
0.232
0.244
0.253
0.264
0.242
0.249
0.253
0.231
0.260
0.417
0.425
0.403
0.410
0.426
0.416
0.271
0.267
0.267
0.260
0.252
0.287
0.245
0.270
0.254
0.242
0.250
0.276
0.260
0.268
0.259
0.263
0.239
0.284
0.422
0.456
0.425
0.426
0.442
0.449
0.273
0.301
0.285
0.275
0.267
0.316
0.257
0.238
0.271
0.243
0.249
0.282
0.273
0.232
0.281
0.269
0.231
0.298
0.420
0.405
0.427
0.415
0.420
0.444
0.281
0.259
0.301
0.274
0.256
0.324
0.237
0.228
0.253
0.229
0.224
0.262
0.248
0.224
0.264
0.246
0.215
0.276
0.396
0.391
0.411
0.393
0.391
0.420
0.257
0.242
0.289
0.257
0.230
0.304
0.211
0.219
0.210
0.200
0.209
0.222
0.222
0.211
0.215
0.216
0.196
0.230
0.350
0.362
0.343
0.344
0.356
0.359
0.233
0.238
0.233
0.225
0.219
0.253
0.237
0.311
0.273
0.236
0.297
0.291
0.249
0.301
0.276
0.251
0.282
0.296
0.396
0.475
0.425
0.402
0.466
0.446
0.257
0.330
0.299
0.261
0.307
0.325
