0.276
0.306
0.256
0.318
0.275
0.259
0.434
0.454
0.397
0.315
0.284
0.303
0.293
0.349
0.262
0.333
0.311
0.260
0.425
0.481
0.390
0.323
0.329
0.293
0.252
0.274
0.239
0.285
0.234
0.245
0.381
0.397
0.363
0.285
0.250
0.271
0.279
0.263
0.250
0.339
0.230
0.261
0.433
0.411
0.398
0.337
0.255
0.300
0.295
0.272
0.261
0.356
0.239
0.277
0.469
0.436
0.414
0.357
0.259
0.305
0.262
0.298
0.263
0.308
0.253
0.268
0.414
0.446
0.408
0.309
0.268
0.312
0.237
0.343
0.237
0.258
0.285
0.237
0.373
0.474
0.370
0.262
0.289
0.277
0.260
0.334
0.249
0.294
0.275
0.250
0.393
0.461
0.378
0.294
0.291
0.285
0.259
0.329
0.243
0.296
0.300
0.243
0.411
0.483
0.391
0.294
0.317
0.283
0.447
0.664
0.424
0.464
0.634
0.415
0.581
0.793
0.547
0.470
0.669
0.451
0.277
0.499
0.210
0.306
0.489
0.201
0.420
0.638
0.341
0.297
0.506
0.223
0.286
0.516
0.221
0.317
0.504
0.214
0.437
0.666
0.366
0.317
0.531
0.243
0.280
0.500
0.229
0.302
0.480
0.223
0.411
0.628
0.354
0.301
0.508
0.248
0.263
0.443
0.212
0.277
0.425
0.209
0.390
0.569
0.340
0.267
0.443
0.232
0.252
0.426
0.184
0.268
0.412
0.176
0.358
0.533
0.292
0.272
0.434
0.198
0.290
0.549
0.254
0.305
0.527
0.246
0.423
0.684
0.377
0.304
0.555
0.270
0.292
0.274
0.238
0.339
0.244
0.250
0.443
0.413
0.383
0.332
0.259
0.295
0.304
0.344
0.249
0.345
0.303
0.251
0.423
0.461
0.371
0.333
0.325
0.284
0.251
0.257
0.218
0.290
0.216
0.230
0.377
0.371
0.350
0.287
0.234
0.254
0.291
0.247
0.234
0.352
0.215
0.250
0.441
0.387
0.388
0.344
0.242
0.292
0.310
0.261
0.250
0.367
0.232
0.268
0.470
0.416
0.401
0.365
0.252
0.300
0.271
0.290
0.245
0.315
0.244
0.258
0.411
0.424
0.396
0.309
0.264
0.300
0.246
0.340
0.220
0.267
0.277
0.226
0.366
0.457
0.358
0.266
0.281
0.266
0.277
0.312
0.225
0.311
0.258
0.235
0.399
0.430
0.361
0.310
0.274
0.269
0.273
0.320
0.227
0.309
0.290
0.229
0.412
0.458
0.376
0.303
0.309
0.270
0.444
0.636
0.388
0.459
0.605
0.383
0.564
0.763
0.517
0.456
0.636
0.415
0.293
0.500
0.197
0.324
0.491
0.191
0.430
0.638
0.327
0.318
0.514
0.210
0.310
0.518
0.207
0.339
0.507
0.204
0.452
0.666
0.353
0.339
0.539
0.232
0.293
0.492
0.212
0.308
0.465
0.208
0.408
0.614
0.335
0.304
0.495
0.232
0.267
0.436
0.196
0.280
0.415
0.195
0.384
0.559
0.325
0.268
0.434
0.217
0.262
0.421
0.168
0.277
0.406
0.164
0.364
0.527
0.279
0.283
0.431
0.183
0.309
0.552
0.249
0.327
0.528
0.246
0.434
0.686
0.376
0.316
0.554
0.269
0.326
0.366
0.304
0.355
0.339
0.309
0.484
0.509
0.450
0.350
0.347
0.350
0.353
0.446
0.326
0.387
0.404
0.326
0.486
0.569
0.456
0.376
0.423
0.356
0.293
0.318
0.275
0.322
0.278
0.282
0.426
0.436
0.407
0.317
0.298
0.304
0.334
0.325
0.298
0.385
0.292
0.312
0.490
0.468
0.455
0.372
0.321
0.345
0.341
0.334
0.306
0.392
0.299
0.320
0.511
0.491
0.461
0.384
0.322
0.344
0.333
0.397
0.331
0.366
0.350
0.339
0.486
0.536
0.486
0.359
0.366
0.376
0.282
0.416
0.282
0.298
0.359
0.283
0.419
0.543
0.422
0.301
0.356
0.322
0.299
0.376
0.278
0.327
0.320
0.282
0.436
0.498
0.417
0.324
0.338
0.313
0.312
0.408
0.296
0.342
0.380
0.296
0.463
0.553
0.448
0.335
0.400
0.335
0.496
0.717
0.465
0.507
0.685
0.455
0.629
0.847
0.593
0.511
0.721
0.491
0.323
0.557
0.254
0.350
0.549
0.248
0.472
0.700
0.390
0.341
0.568
0.270
0.343
0.589
0.281
0.373
0.579
0.274
0.500
0.745
0.432
0.371
0.605
0.302
0.326
0.569
0.286
0.344
0.548
0.281
0.460
0.702
0.417
0.342
0.580
0.307
0.292
0.500
0.256
0.306
0.482
0.253
0.424
0.629
0.389
0.297
0.504
0.277
0.289
0.472
0.221
0.303
0.458
0.213
0.399
0.581
0.332
0.309
0.480
0.233
0.330
0.608
0.299
0.342
0.586
0.293
0.466
0.748
0.429
0.340
0.613
0.317
0.262
0.318
0.246
0.300
0.272
0.248
0.409
0.447
0.381
0.299
0.279
0.287
0.294
0.384
0.255
0.325
0.332
0.251
0.414
0.488
0.375
0.321
0.347
0.279
0.236
0.303
0.226
0.267
0.242
0.227
0.355
0.405
0.347
0.268
0.258
0.249
0.272
0.298
0.238
0.330
0.246
0.245
0.414
0.419
0.379
0.328
0.268
0.279
0.284
0.310
0.257
0.336
0.258
0.267
0.439
0.448
0.400
0.339
0.275
0.292
0.260
0.335
0.250
0.295
0.268
0.253
0.400
0.450
0.392
0.297
0.280
0.289
0.242
0.376
0.229
0.262
0.303
0.227
0.366
0.478
0.357
0.265
0.297
0.261
0.253
0.386
0.239
0.285
0.300
0.237
0.377
0.485
0.364
0.284
0.319
0.265
0.263
0.366
0.237
0.296
0.322
0.235
0.404
0.492
0.379
0.296
0.337
0.269
0.419
0.640
0.386
0.431
0.608
0.375
0.542
0.761
0.506
0.436
0.639
0.408
0.271
0.513
0.211
0.297
0.503
0.200
0.404
0.643
0.338
0.294
0.523
0.221
0.281
0.528
0.221
0.310
0.513
0.211
0.422
0.666
0.361
0.313
0.541
0.239
0.276
0.519
0.227
0.297
0.491
0.216
0.398
0.634
0.346
0.297
0.522
0.240
0.247
0.454
0.206
0.261
0.433
0.200
0.366
0.570
0.329
0.256
0.452
0.222
0.249
0.436
0.184
0.268
0.424
0.174
0.350
0.537
0.289
0.276
0.446
0.194
0.286
0.556
0.255
0.301
0.533
0.245
0.412
0.685
0.374
0.299
0.558
0.266
0.574
0.577
0.542
0.627
0.545
0.553
0.745
0.726
0.692
0.622
0.567
0.600
0.574
0.630
0.536
0.620
0.586
0.535
0.714
0.760
0.668
0.608
0.617
0.570
0.506
0.513
0.480
0.555
0.469
0.491
0.649
0.635
0.617
0.554
0.493
0.517
0.575
0.521
0.519
0.643
0.495
0.535
0.748
0.674
0.683
0.643
0.523
0.579
0.598
0.546
0.544
0.667
0.517
0.564
0.779
0.713
0.704
0.665
0.544
0.596
0.557
0.585
0.541
0.615
0.534
0.553
0.717
0.725
0.697
0.611
0.557
0.596
0.491
0.590
0.477
0.520
0.520
0.479
0.630
0.713
0.620
0.520
0.534
0.520
0.543
0.571
0.501
0.590
0.522
0.508
0.687
0.702
0.643
0.591
0.541
0.545
0.549
0.615
0.518
0.592
0.581
0.518
0.707
0.764
0.675
0.587
0.605
0.561
0.676
0.895
0.638
0.694
0.861
0.629
0.812
1.029
0.769
0.699
0.903
0.667
0.577
0.803
0.480
0.609
0.796
0.473
0.728
0.948
0.618
0.607
0.821
0.497
0.584
0.820
0.501
0.620
0.811
0.494
0.746
0.980
0.654
0.621
0.847
0.526
0.573
0.799
0.505
0.603
0.778
0.499
0.710
0.931
0.636
0.600
0.813
0.526
0.530
0.725
0.474
0.549
0.703
0.470
0.661
0.852
0.608
0.541
0.725
0.497
0.491
0.665
0.401
0.510
0.649
0.393
0.605
0.777
0.516
0.518
0.677
0.416
0.564
0.842
0.525
0.582
0.817
0.517
0.704
0.985
0.660
0.580
0.851
0.545
0.629
0.650
0.565
0.666
0.630
0.570
0.794
0.808
0.712
0.655
0.648
0.600
0.655
0.729
0.583
0.688
0.697
0.585
0.794
0.865
0.713
0.680
0.718
0.610
0.550
0.566
0.506
0.577
0.530
0.510
0.685
0.692
0.635
0.573
0.554
0.532
0.607
0.591
0.536
0.662
0.557
0.547
0.768
0.741
0.684
0.650
0.592
0.575
0.607
0.593
0.542
0.655
0.561
0.553
0.779
0.760
0.695
0.652
0.587
0.574
0.596
0.633
0.547
0.634
0.596
0.552
0.756
0.788
0.693
0.626
0.623
0.579
0.604
0.723
0.560
0.626
0.686
0.562
0.745
0.863
0.697
0.625
0.683
0.593
0.567
0.618
0.514
0.599
0.569
0.518
0.707
0.757
0.648
0.598
0.597
0.545
0.590
0.678
0.537
0.625
0.651
0.537
0.746
0.836
0.686
0.617
0.680
0.571
0.731
0.947
0.670
0.745
0.919
0.662
0.869
1.086
0.802
0.746
0.952
0.694
0.644
0.860
0.543
0.671
0.852
0.539
0.793
1.008
0.683
0.662
0.869
0.562
0.618
0.834
0.516
0.648
0.822
0.515
0.774
0.993
0.669
0.645
0.850
0.545
0.628
0.855
0.547
0.651
0.837
0.546
0.767
0.995
0.680
0.647
0.867
0.573
0.568
0.764
0.497
0.586
0.751
0.497
0.704
0.899
0.632
0.574
0.769
0.519
0.538
0.713
0.446
0.553
0.704
0.443
0.650
0.831
0.561
0.558
0.726
0.464
0.617
0.879
0.556
0.633
0.861
0.552
0.758
1.027
0.689
0.630
0.886
0.577
0.546
0.572
0.506
0.582
0.541
0.510
0.701
0.703
0.645
0.574
0.551
0.548
0.570
0.646
0.522
0.602
0.600
0.520
0.700
0.757
0.647
0.595
0.620
0.546
0.482
0.504
0.453
0.515
0.459
0.459
0.614
0.615
0.580
0.512
0.478
0.479
0.545
0.541
0.493
0.603
0.501
0.504
0.699
0.675
0.640
0.587
0.529
0.531
0.542
0.523
0.491
0.593
0.488
0.507
0.711
0.675
0.646
0.590
0.509
0.527
0.548
0.580
0.518
0.589
0.533
0.527
0.701
0.709
0.665
0.586
0.549
0.560
0.487
0.603
0.463
0.505
0.540
0.463
0.617
0.715
0.593
0.508
0.536
0.496
0.513
0.577
0.472
0.545
0.520
0.476
0.645
0.690
0.601
0.542
0.539
0.503
0.524
0.610
0.486
0.557
0.576
0.486
0.671
0.744
0.631
0.552
0.598
0.519
0.687
0.897
0.643
0.699
0.870
0.633
0.815
1.022
0.766
0.702
0.902
0.665
0.531
0.756
0.449
0.559
0.750
0.442
0.672
0.893
0.581
0.554
0.770
0.462
0.558
0.790
0.479
0.592
0.783
0.473
0.708
0.936
0.621
0.589
0.811
0.500
0.550
0.773
0.486
0.570
0.752
0.478
0.679
0.892
0.609
0.569
0.781
0.500
0.495
0.693
0.441
0.510
0.677
0.438
0.621
0.815
0.569
0.502
0.694
0.459
0.453
0.632
0.380
0.471
0.620
0.371
0.558
0.737
0.486
0.475
0.642
0.390
0.528
0.791
0.483
0.545
0.775
0.476
0.662
0.931
0.610
0.541
0.802
0.501
0.340
0.264
0.257
0.366
0.255
0.265
0.500
0.407
0.399
0.361
0.271
0.301
0.343
0.335
0.262
0.370
0.318
0.265
0.471
0.458
0.383
0.358
0.346
0.289
0.291
0.242
0.236
0.317
0.219
0.242
0.422
0.360
0.364
0.317
0.239
0.263
0.337
0.235
0.253
0.377
0.221
0.262
0.494
0.379
0.401
0.373
0.249
0.293
0.359
0.251
0.268
0.395
0.236
0.280
0.522
0.407
0.418
0.397
0.259
0.307
0.304
0.284
0.261
0.347
0.251
0.272
0.457
0.420
0.406
0.341
0.275
0.305
0.275
0.345
0.234
0.292
0.297
0.239
0.399
0.460
0.364
0.289
0.310
0.270
0.319
0.295
0.250
0.348
0.268
0.257
0.449
0.421
0.381
0.345
0.286
0.285
0.305
0.311
0.242
0.331
0.298
0.243
0.448
0.449
0.384
0.326
0.322
0.275
0.483
0.685
0.415
0.490
0.651
0.408
0.600
0.803
0.531
0.489
0.687
0.441
0.319
0.532
0.202
0.334
0.519
0.200
0.454
0.664
0.331
0.331
0.547
0.219
0.326
0.546
0.214
0.346
0.532
0.214
0.466
0.686
0.354
0.344
0.566
0.241
0.314
0.523
0.221
0.324
0.495
0.219
0.435
0.636
0.340
0.322
0.532
0.241
0.289
0.466
0.208
0.299
0.443
0.209
0.409
0.579
0.332
0.289
0.468
0.228
0.285
0.443
0.175
0.294
0.426
0.172
0.385
0.546
0.282
0.298
0.453
0.191
0.311
0.585
0.253
0.320
0.556
0.250
0.433
0.709
0.373
0.314
0.587
0.272
0.268
0.316
0.255
0.304
0.276
0.254
0.397
0.428
0.378
0.301
0.285
0.298
0.274
0.383
0.260
0.310
0.326
0.252
0.387
0.481
0.372
0.304
0.347
0.284
0.237
0.287
0.232
0.265
0.236
0.234
0.348
0.384
0.346
0.265
0.256
0.258
0.265
0.283
0.245
0.315
0.236
0.252
0.398
0.404
0.379
0.309
0.266
0.286
0.296
0.280
0.260
0.351
0.240
0.269
0.439
0.410
0.391
0.354
0.259
0.301
0.252
0.327
0.259
0.286
0.267
0.258
0.376
0.442
0.387
0.282
0.288
0.300
0.230
0.379
0.238
0.245
0.319
0.232
0.346
0.490
0.360
0.250
0.317
0.269
0.258
0.338
0.246
0.286
0.276
0.246
0.367
0.443
0.363
0.283
0.297
0.278
0.251
0.364
0.241
0.285
0.318
0.236
0.380
0.487
0.373
0.280
0.343
0.272
0.432
0.655
0.411
0.445
0.618
0.398
0.544
0.765
0.521
0.447
0.650
0.432
0.267
0.506
0.214
0.292
0.489
0.202
0.391
0.630
0.328
0.286
0.512
0.224
0.271
0.525
0.223
0.297
0.502
0.212
0.396
0.655
0.349
0.296
0.537
0.241
0.255
0.507
0.232
0.269
0.471
0.221
0.366
0.619
0.342
0.271
0.505
0.248
0.248
0.457
0.218
0.262
0.432
0.211
0.357
0.568
0.330
0.255
0.454
0.237
0.240
0.426
0.184
0.253
0.405
0.174
0.332
0.519
0.280
0.260
0.430
0.194
0.275
0.547
0.250
0.289
0.519
0.239
0.390
0.669
0.359
0.287
0.551
0.264
0.281
0.325
0.248
0.280
0.325
0.246
0.421
0.483
0.386
0.277
0.345
0.287
0.301
0.288
0.231
0.299
0.291
0.237
0.432
0.430
0.375
0.294
0.299
0.279
0.329
0.413
0.305
0.321
0.424
0.310
0.473
0.555
0.449
0.317
0.440
0.349
0.276
0.312
0.240
0.276
0.299
0.240
0.408
0.447
0.375
0.273
0.317
0.274
0.622
0.603
0.557
0.629
0.600
0.565
0.774
0.753
0.709
0.628
0.614
0.601
0.588
0.593
0.496
0.591
0.621
0.492
0.737
0.766
0.641
0.586
0.638
0.519
0.576
0.603
0.503
0.571
0.613
0.500
0.714
0.742
0.641
0.565
0.623
0.527
0.323
0.280
0.243
0.312
0.288
0.244
0.461
0.417
0.381
0.308
0.313
0.274
0.283
0.325
0.252
0.277
0.324
0.250
0.397
0.454
0.376
0.280
0.335
0.293
0.509
0.436
0.362
0.508
0.442
0.356
0.642
0.576
0.488
0.521
0.448
0.389
0.373
0.351
0.203
0.393
0.372
0.195
0.513
0.506
0.328
0.394
0.373
0.214
0.377
0.376
0.214
0.393
0.403
0.208
0.519
0.535
0.351
0.397
0.417
0.234
0.376
0.324
0.221
0.388
0.335
0.216
0.506
0.457
0.342
0.389
0.346
0.237
0.328
0.324
0.201
0.338
0.333
0.198
0.453
0.451
0.323
0.336
0.319
0.219
0.323
0.326
0.177
0.331
0.331
0.170
0.426
0.438
0.280
0.338
0.342
0.190
0.337
0.410
0.228
0.351
0.413
0.223
0.464
0.548
0.348
0.344
0.419
0.244
0.280
0.394
0.265
0.290
0.383
0.259
0.409
0.536
0.391
0.285
0.418
0.301
0.302
0.363
0.246
0.312
0.360
0.251
0.414
0.491
0.373
0.298
0.378
0.287
0.334
0.482
0.323
0.339
0.482
0.323
0.463
0.617
0.454
0.332
0.517
0.360
0.260
0.420
0.250
0.270
0.391
0.243
0.376
0.532
0.370
0.265
0.429
0.278
0.615
0.671
0.562
0.637
0.656
0.564
0.750
0.804
0.697
0.624
0.683
0.594
0.585
0.700
0.506
0.598
0.717
0.508
0.720
0.859
0.640
0.589
0.736
0.532
0.598
0.695
0.530
0.602
0.694
0.527
0.720
0.817
0.654
0.592
0.717
0.552
0.315
0.342
0.239
0.318
0.349
0.243
0.442
0.468
0.365
0.308
0.387
0.269
0.279
0.401
0.260
0.287
0.390
0.256
0.388
0.523
0.376
0.285
0.409
0.294
0.541
0.488
0.389
0.540
0.489
0.382
0.660
0.617
0.502
0.551
0.506
0.410
0.391
0.409
0.204
0.409
0.413
0.201
0.516
0.547
0.320
0.411
0.429
0.217
0.391
0.428
0.217
0.410
0.436
0.217
0.520
0.571
0.343
0.409
0.469
0.240
0.391
0.365
0.223
0.405
0.360
0.222
0.510
0.483
0.332
0.406
0.391
0.240
0.351
0.364
0.207
0.361
0.367
0.207
0.461
0.478
0.320
0.357
0.366
0.224
0.333
0.360
0.179
0.343
0.356
0.174
0.427
0.463
0.273
0.349
0.385
0.192
0.354
0.480
0.239
0.375
0.463
0.239
0.471
0.604
0.351
0.362
0.489
0.258
0.262
0.269
0.226
0.265
0.256
0.225
0.387
0.402
0.350
0.266
0.273
0.258
0.269
0.240
0.206
0.276
0.227
0.216
0.389
0.359
0.340
0.275
0.240
0.249
0.293
0.319
0.263
0.292
0.308
0.266
0.423
0.439
0.395
0.285
0.330
0.294
0.237
0.289
0.212
0.243
0.258
0.212
0.350
0.397
0.333
0.244
0.275
0.237
0.528
0.506
0.469
0.548
0.488
0.478
0.667
0.631
0.608
0.555
0.501
0.508
0.497
0.505
0.429
0.501
0.517
0.427
0.627
0.647
0.559
0.500
0.530
0.448
0.521
0.512
0.457
0.523
0.502
0.458
0.651
0.628
0.587
0.520
0.519
0.475
0.283
0.235
0.214
0.280
0.229
0.217
0.407
0.355
0.342
0.282
0.252
0.242
0.246
0.281
0.224
0.244
0.267
0.223
0.351
0.390
0.342
0.248
0.285
0.258
0.456
0.378
0.332
0.459
0.367
0.326
0.572
0.490
0.445
0.476
0.376
0.356
0.327
0.283
0.183
0.345
0.289
0.178
0.451
0.414
0.300
0.350
0.296
0.196
0.327
0.296
0.193
0.339
0.305
0.186
0.453
0.429
0.315
0.343
0.320
0.209
0.340
0.255
0.208
0.353
0.246
0.205
0.460
0.365
0.321
0.361
0.258
0.225
0.299
0.276
0.185
0.308
0.275
0.184
0.408
0.389
0.300
0.308
0.275
0.202
0.293
0.285
0.163
0.300
0.287
0.157
0.384
0.384
0.261
0.311
0.303
0.175
0.302
0.355
0.207
0.314
0.340
0.204
0.413
0.469
0.317
0.308
0.351
0.221
0.275
0.292
0.253
0.292
0.279
0.253
0.424
0.446
0.398
0.290
0.311
0.300
0.300
0.264
0.241
0.315
0.256
0.247
0.438
0.406
0.394
0.307
0.278
0.293
0.321
0.359
0.300
0.331
0.355
0.304
0.471
0.507
0.452
0.321
0.392
0.345
0.256
0.313
0.236
0.276
0.286
0.235
0.387
0.444
0.375
0.267
0.324
0.270
0.600
0.581
0.542
0.629
0.570
0.549
0.758
0.730
0.703
0.623
0.597
0.585
0.567
0.578
0.491
0.584
0.582
0.489
0.718
0.742
0.638
0.574
0.618
0.516
0.573
0.579
0.506
0.583
0.574
0.503
0.718
0.718
0.648
0.575
0.602
0.530
0.315
0.262
0.243
0.321
0.262
0.246
0.459
0.407
0.390
0.313
0.298
0.275
0.282
0.308
0.260
0.292
0.293
0.259
0.407
0.442
0.393
0.290
0.323
0.301
0.529
0.412
0.380
0.538
0.410
0.376
0.658
0.547
0.507
0.550
0.429
0.412
0.363
0.333
0.193
0.391
0.335
0.191
0.504
0.488
0.323
0.391
0.361
0.210
0.359
0.357
0.198
0.386
0.373
0.197
0.504
0.517
0.344
0.386
0.402
0.226
0.372
0.304
0.218
0.396
0.304
0.216
0.507
0.435
0.342
0.395
0.333
0.238
0.328
0.293
0.200
0.340
0.295
0.199
0.451
0.428
0.326
0.340
0.302
0.222
0.311
0.315
0.167
0.326
0.313
0.164
0.416
0.430
0.277
0.334
0.336
0.185
0.327
0.400
0.228
0.350
0.389
0.227
0.457
0.539
0.356
0.338
0.411
0.250
0.286
0.305
0.245
0.299
0.289
0.248
0.444
0.467
0.394
0.293
0.311
0.283
0.302
0.279
0.235
0.311
0.271
0.243
0.447
0.426
0.387
0.306
0.283
0.282
0.327
0.380
0.297
0.331
0.369
0.302
0.485
0.532
0.450
0.321
0.400
0.333
0.269
0.322
0.236
0.279
0.294
0.238
0.412
0.458
0.379
0.276
0.315
0.265
0.620
0.595
0.551
0.642
0.582
0.561
0.787
0.752
0.712
0.642
0.597
0.590
0.558
0.575
0.475
0.567
0.585
0.475
0.721
0.753
0.631
0.565
0.609
0.498
0.563
0.576
0.490
0.569
0.569
0.492
0.719
0.722
0.642
0.560
0.589
0.511
0.321
0.270
0.242
0.320
0.270
0.247
0.473
0.421
0.392
0.318
0.296
0.274
0.277
0.325
0.251
0.279
0.312
0.250
0.405
0.463
0.383
0.279
0.334
0.288
0.518
0.440
0.378
0.522
0.428
0.372
0.653
0.578
0.505
0.537
0.443
0.405
0.371
0.331
0.202
0.392
0.333
0.198
0.521
0.492
0.338
0.394
0.347
0.216
0.375
0.344
0.212
0.393
0.355
0.210
0.529
0.507
0.359
0.397
0.378
0.233
0.378
0.306
0.222
0.398
0.301
0.222
0.521
0.443
0.353
0.399
0.321
0.240
0.332
0.313
0.201
0.345
0.315
0.201
0.469
0.449
0.335
0.343
0.315
0.220
0.324
0.303
0.178
0.334
0.300
0.174
0.438
0.422
0.290
0.344
0.323
0.192
0.340
0.397
0.229
0.359
0.389
0.228
0.478
0.544
0.359
0.352
0.401
0.246
0.282
0.304
0.252
0.296
0.284
0.251
0.429
0.457
0.396
0.295
0.300
0.295
0.290
0.283
0.235
0.299
0.271
0.242
0.422
0.424
0.385
0.293
0.281
0.286
0.345
0.387
0.319
0.350
0.380
0.323
0.492
0.533
0.472
0.341
0.395
0.360
0.264
0.330
0.234
0.274
0.296
0.233
0.395
0.458
0.376
0.269
0.312
0.267
0.611
0.624
0.558
0.633
0.606
0.565
0.760
0.768
0.714
0.631
0.619
0.598
0.561
0.585
0.483
0.575
0.595
0.480
0.715
0.754
0.633
0.573
0.606
0.507
0.607
0.646
0.545
0.616
0.634
0.542
0.749
0.779
0.688
0.609
0.642
0.570
0.309
0.277
0.244
0.315
0.268
0.248
0.450
0.415
0.389
0.313
0.290
0.280
0.276
0.328
0.254
0.283
0.306
0.251
0.393
0.457
0.382
0.283
0.320
0.294
0.486
0.429
0.355
0.498
0.419
0.353
0.622
0.564
0.484
0.512
0.423
0.386
0.362
0.348
0.194
0.383
0.347
0.191
0.507
0.496
0.328
0.386
0.349
0.209
0.364
0.368
0.206
0.384
0.369
0.204
0.514
0.518
0.350
0.387
0.381
0.229
0.372
0.324
0.222
0.391
0.314
0.220
0.509
0.451
0.347
0.397
0.325
0.243
0.322
0.316
0.200
0.333
0.313
0.198
0.450
0.447
0.327
0.331
0.308
0.218
0.319
0.350
0.171
0.330
0.337
0.167
0.426
0.463
0.282
0.336
0.351
0.185
0.332
0.421
0.224
0.350
0.403
0.221
0.462
0.558
0.349
0.340
0.411
0.241
0.247
0.356
0.230
0.248
0.338
0.227
0.378
0.499
0.362
0.249
0.359
0.268
0.261
0.322
0.208
0.261
0.309
0.215
0.377
0.453
0.345
0.256
0.311
0.253
0.297
0.432
0.282
0.294
0.426
0.286
0.429
0.567
0.421
0.291
0.447
0.323
0.237
0.372
0.214
0.239
0.336
0.212
0.353
0.489
0.342
0.238
0.349
0.245
0.559
0.620
0.507
0.570
0.595
0.514
0.695
0.754
0.652
0.570
0.600
0.548
0.539
0.626
0.465
0.544
0.640
0.463
0.674
0.783
0.600
0.543
0.651
0.489
0.534
0.638
0.477
0.532
0.629
0.475
0.662
0.763
0.608
0.530
0.637
0.498
0.279
0.305
0.212
0.273
0.307
0.216
0.403
0.438
0.345
0.272
0.324
0.245
0.245
0.353
0.225
0.242
0.346
0.224
0.354
0.480
0.348
0.246
0.358
0.262
0.468
0.449
0.336
0.468
0.441
0.332
0.587
0.575
0.453
0.480
0.446
0.362
0.352
0.367
0.187
0.367
0.375
0.182
0.484
0.509
0.308
0.372
0.374
0.201
0.348
0.389
0.188
0.359
0.392
0.185
0.481
0.533
0.321
0.363
0.391
0.211
0.345
0.341
0.201
0.353
0.327
0.197
0.464
0.458
0.315
0.356
0.335
0.218
0.314
0.338
0.184
0.318
0.330
0.184
0.427
0.453
0.303
0.318
0.321
0.203
0.310
0.332
0.163
0.316
0.327
0.158
0.408
0.437
0.266
0.325
0.338
0.178
0.322
0.436
0.213
0.333
0.420
0.211
0.440
0.565
0.330
0.324
0.425
0.230
0.279
0.297
0.242
0.290
0.278
0.241
0.412
0.444
0.373
0.295
0.288
0.284
0.302
0.264
0.223
0.310
0.253
0.232
0.425
0.401
0.363
0.316
0.257
0.277
0.325
0.347
0.283
0.329
0.336
0.287
0.462
0.488
0.423
0.325
0.348
0.322
0.263
0.316
0.227
0.277
0.281
0.228
0.386
0.442
0.358
0.278
0.294
0.260
0.599
0.563
0.521
0.626
0.548
0.531
0.745
0.708
0.669
0.634
0.558
0.568
0.548
0.545
0.464
0.558
0.547
0.463
0.688
0.707
0.604
0.562
0.556
0.491
0.571
0.566
0.492
0.574
0.558
0.491
0.704
0.701
0.627
0.576
0.562
0.517
0.320
0.256
0.235
0.318
0.256
0.239
0.447
0.400
0.369
0.325
0.269
0.272
0.284
0.291
0.243
0.284
0.280
0.242
0.393
0.420
0.365
0.296
0.283
0.285
0.521
0.420
0.375
0.524
0.410
0.370
0.639
0.549
0.491
0.553
0.414
0.409
0.370
0.316
0.208
0.386
0.314
0.202
0.497
0.466
0.329
0.398
0.311
0.227
0.355
0.342
0.206
0.367
0.348
0.203
0.488
0.495
0.340
0.376
0.354
0.231
0.371
0.295
0.218
0.386
0.287
0.216
0.493
0.420
0.335
0.397
0.292
0.242
0.327
0.286
0.199
0.334
0.285
0.198
0.441
0.416
0.320
0.342
0.276
0.224
0.320
0.290
0.179
0.324
0.287
0.174
0.412
0.403
0.283
0.337
0.298
0.196
0.340
0.351
0.231
0.356
0.335
0.229
0.458
0.483
0.347
0.352
0.340
0.252
0.264
0.365
0.251
0.279
0.358
0.248
0.409
0.518
0.395
0.276
0.388
0.293
0.285
0.329
0.231
0.296
0.334
0.234
0.414
0.472
0.377
0.287
0.347
0.276
0.319
0.451
0.309
0.330
0.459
0.311
0.465
0.600
0.458
0.323
0.490
0.352
0.259
0.373
0.234
0.273
0.358
0.231
0.387
0.507
0.373
0.268
0.385
0.267
0.614
0.663
0.561
0.636
0.661
0.563
0.763
0.813
0.716
0.630
0.680
0.599
0.579
0.652
0.499
0.596
0.671
0.497
0.728
0.825
0.646
0.592
0.694
0.526
0.589
0.652
0.519
0.599
0.661
0.515
0.726
0.791
0.658
0.594
0.678
0.542
0.319
0.306
0.239
0.323
0.324
0.240
0.455
0.453
0.382
0.318
0.353
0.270
0.276
0.354
0.250
0.287
0.352
0.246
0.398
0.489
0.379
0.287
0.369
0.287
0.504
0.461
0.360
0.514
0.468
0.356
0.635
0.602
0.487
0.521
0.482
0.385
0.377
0.384
0.199
0.403
0.395
0.198
0.520
0.539
0.332
0.406
0.411
0.218
0.370
0.415
0.208
0.396
0.431
0.210
0.517
0.575
0.354
0.398
0.457
0.236
0.371
0.350
0.218
0.391
0.356
0.218
0.502
0.484
0.345
0.394
0.381
0.238
0.339
0.359
0.201
0.353
0.365
0.202
0.463
0.486
0.330
0.352
0.366
0.223
0.322
0.361
0.172
0.337
0.362
0.170
0.428
0.478
0.282
0.346
0.387
0.190
0.338
0.451
0.227
0.363
0.446
0.228
0.470
0.594
0.355
0.354
0.469
0.250
0.398
0.658
0.389
0.401
0.618
0.378
0.532
0.792
0.512
0.407
0.671
0.422
0.417
0.654
0.372
0.422
0.614
0.368
0.538
0.782
0.501
0.413
0.660
0.405
0.466
0.741
0.454
0.470
0.706
0.449
0.604
0.879
0.587
0.471
0.757
0.488
0.371
0.640
0.359
0.374
0.598
0.349
0.496
0.763
0.481
0.379
0.647
0.387
0.673
0.914
0.630
0.687
0.879
0.627
0.816
1.057
0.770
0.686
0.925
0.661
0.631
0.900
0.576
0.642
0.868
0.572
0.776
1.049
0.717
0.642
0.910
0.602
0.669
0.935
0.626
0.671
0.894
0.616
0.799
1.060
0.750
0.670
0.938
0.647
0.482
0.736
0.437
0.485
0.695
0.432
0.610
0.857
0.560
0.478
0.740
0.459
0.396
0.673
0.389
0.401
0.627
0.381
0.516
0.795
0.507
0.405
0.683
0.422
0.487
0.476
0.367
0.507
0.439
0.366
0.626
0.606
0.494
0.510
0.449
0.400
0.495
0.524
0.365
0.519
0.475
0.365
0.617
0.638
0.479
0.519
0.499
0.390
0.422
0.414
0.334
0.443
0.370
0.335
0.538
0.522
0.445
0.450
0.386
0.358
0.458
0.398
0.335
0.500
0.360
0.344
0.599
0.530
0.467
0.503
0.389
0.376
0.501
0.433
0.377
0.539
0.396
0.386
0.650
0.579
0.509
0.550
0.417
0.413
0.489
0.480
0.382
0.518
0.424
0.383
0.627
0.607
0.507
0.522
0.446
0.413
0.467
0.533
0.368
0.482
0.475
0.365
0.590
0.649
0.484
0.480
0.476
0.392
0.481
0.493
0.372
0.509
0.435
0.375
0.608
0.609
0.492
0.513
0.454
0.404
0.453
0.510
0.342
0.480
0.471
0.341
0.591
0.644
0.474
0.477
0.492
0.372
0.267
0.508
0.213
0.276
0.488
0.207
0.412
0.655
0.345
0.266
0.515
0.236
0.282
0.509
0.194
0.291
0.492
0.195
0.415
0.649
0.328
0.271
0.515
0.221
0.314
0.582
0.264
0.321
0.564
0.263
0.463
0.729
0.402
0.309
0.590
0.290
0.258
0.514
0.206
0.268
0.494
0.199
0.394
0.648
0.334
0.259
0.520
0.225
0.605
0.827
0.516
0.624
0.815
0.514
0.754
0.976
0.654
0.612
0.837
0.536
0.603
0.827
0.496
0.621
0.820
0.496
0.758
0.984
0.643
0.611
0.840
0.518
0.573
0.810
0.479
0.582
0.793
0.476
0.716
0.949
0.613
0.567
0.813
0.495
0.296
0.526
0.200
0.302
0.511
0.202
0.437
0.662
0.335
0.293
0.538
0.225
0.269
0.515
0.213
0.273
0.492
0.210
0.394
0.648
0.333
0.265
0.525
0.238
0.351
0.336
0.204
0.380
0.308
0.204
0.505
0.480
0.337
0.378
0.307
0.226
0.376
0.394
0.208
0.404
0.352
0.208
0.509
0.515
0.327
0.403
0.364
0.225
0.302
0.304
0.187
0.327
0.262
0.190
0.430
0.425
0.308
0.329
0.275
0.205
0.345
0.310
0.193
0.384
0.270
0.198
0.496
0.455
0.329
0.384
0.290
0.221
0.360
0.300
0.209
0.399
0.258
0.221
0.522
0.454
0.352
0.412
0.272
0.240
0.343
0.336
0.197
0.372
0.292
0.200
0.497
0.479
0.335
0.373
0.300
0.221
0.327
0.380
0.189
0.349
0.341
0.188
0.466
0.509
0.314
0.350
0.322
0.209
0.341
0.367
0.208
0.366
0.310
0.208
0.473
0.491
0.331
0.366
0.324
0.228
0.342
0.384
0.195
0.376
0.361
0.196
0.496
0.533
0.335
0.370
0.369
0.219
0.272
0.517
0.242
0.281
0.497
0.236
0.425
0.677
0.385
0.283
0.531
0.271
0.290
0.514
0.224
0.297
0.498
0.226
0.426
0.665
0.370
0.291
0.527
0.257
0.329
0.605
0.305
0.335
0.590
0.305
0.487
0.767
0.455
0.336
0.622
0.334
0.257
0.525
0.230
0.265
0.500
0.223
0.399
0.669
0.370
0.268
0.533
0.253
0.596
0.818
0.533
0.612
0.803
0.532
0.752
0.982
0.686
0.612
0.836
0.561
0.580
0.810
0.492
0.597
0.801
0.495
0.739
0.975
0.647
0.594
0.825
0.520
0.558
0.808
0.491
0.564
0.790
0.488
0.705
0.960
0.635
0.562
0.816
0.512
0.297
0.527
0.226
0.303
0.509
0.229
0.439
0.670
0.368
0.303
0.546
0.255
0.272
0.526
0.244
0.279
0.500
0.241
0.400
0.667
0.374
0.282
0.540
0.273
0.372
0.325
0.234
0.399
0.308
0.237
0.532
0.480
0.377
0.403
0.317
0.265
0.389
0.385
0.238
0.417
0.356
0.239
0.527
0.521
0.364
0.414
0.380
0.260
0.318
0.288
0.216
0.340
0.258
0.216
0.448
0.416
0.338
0.342
0.278
0.233
0.367
0.280
0.222
0.407
0.256
0.230
0.524
0.437
0.368
0.411
0.289
0.255
0.378
0.296
0.237
0.417
0.268
0.247
0.548
0.465
0.387
0.424
0.291
0.269
0.358
0.324
0.228
0.392
0.287
0.233
0.519
0.475
0.371
0.396
0.304
0.258
0.330
0.368
0.210
0.350
0.327
0.209
0.471
0.497
0.341
0.354
0.321
0.235
0.349
0.347
0.233
0.371
0.307
0.232
0.486
0.484
0.361
0.374
0.327
0.257
0.341
0.369
0.215
0.372
0.356
0.217
0.498
0.527
0.364
0.370
0.373
0.245
0.265
0.523
0.248
0.271
0.496
0.245
0.405
0.660
0.374
0.272
0.537
0.277
0.280
0.513
0.228
0.282
0.488
0.233
0.401
0.642
0.357
0.273
0.520
0.261
0.325
0.615
0.312
0.328
0.596
0.316
0.467
0.754
0.443
0.327
0.631
0.343
0.274
0.545
0.244
0.275
0.511
0.239
0.397
0.667
0.366
0.275
0.547
0.264
0.598
0.831
0.544
0.610
0.806
0.545
0.736
0.971
0.678
0.606
0.842
0.570
0.594
0.841
0.521
0.606
0.825
0.522
0.741
0.990
0.659
0.600
0.857
0.544
0.570
0.822
0.507
0.574
0.797
0.505
0.699
0.950
0.633
0.565
0.825
0.524
0.295
0.541
0.236
0.299
0.514
0.240
0.425
0.663
0.363
0.296
0.558
0.264
0.261
0.532
0.244
0.264
0.501
0.244
0.379
0.653
0.358
0.268
0.541
0.271
0.364
0.316
0.235
0.402
0.284
0.246
0.518
0.449
0.363
0.398
0.296
0.268
0.389
0.374
0.236
0.420
0.333
0.242
0.519
0.488
0.350
0.416
0.354
0.257
0.317
0.276
0.219
0.352
0.238
0.231
0.447
0.385
0.336
0.353
0.256
0.244
0.362
0.277
0.228
0.414
0.243
0.243
0.516
0.410
0.362
0.414
0.270
0.265
0.378
0.293
0.245
0.426
0.257
0.264
0.540
0.441
0.382
0.429
0.279
0.278
0.357
0.317
0.235
0.402
0.268
0.251
0.511
0.445
0.364
0.401
0.288
0.270
0.330
0.357
0.216
0.355
0.302
0.221
0.461
0.468
0.332
0.355
0.305
0.241
0.349
0.331
0.235
0.383
0.283
0.244
0.478
0.446
0.353
0.383
0.299
0.264
0.342
0.361
0.221
0.376
0.325
0.227
0.486
0.492
0.354
0.368
0.351
0.249
0.255
0.452
0.218
0.263
0.434
0.215
0.386
0.585
0.345
0.253
0.463
0.244
0.261
0.440
0.198
0.266
0.426
0.202
0.380
0.569
0.330
0.251
0.448
0.227
0.296
0.513
0.261
0.302
0.502
0.264
0.431
0.648
0.395
0.290
0.527
0.289
0.242
0.456
0.211
0.250
0.438
0.208
0.363
0.578
0.335
0.243
0.464
0.231
0.555
0.735
0.496
0.573
0.724
0.500
0.691
0.872
0.633
0.561
0.745
0.521
0.531
0.723
0.456
0.547
0.718
0.457
0.670
0.863
0.591
0.535
0.737
0.475
0.520
0.720
0.456
0.529
0.708
0.457
0.651
0.848
0.587
0.516
0.728
0.473
0.276
0.457
0.209
0.279
0.439
0.212
0.399
0.579
0.336
0.272
0.470
0.234
0.255
0.455
0.217
0.258
0.434
0.216
0.364
0.571
0.330
0.251
0.461
0.243
0.330
0.300
0.210
0.354
0.287
0.212
0.471
0.430
0.337
0.361
0.273
0.240
0.345
0.360
0.218
0.371
0.336
0.219
0.465
0.469
0.331
0.371
0.337
0.238
0.290
0.288
0.195
0.306
0.263
0.197
0.404
0.395
0.312
0.314
0.263
0.214
0.318
0.280
0.201
0.347
0.256
0.206
0.455
0.409
0.333
0.359
0.264
0.232
0.343
0.279
0.214
0.373
0.259
0.222
0.494
0.423
0.354
0.396
0.259
0.246
0.316
0.307
0.205
0.340
0.276
0.209
0.456
0.430
0.335
0.348
0.274
0.231
0.307
0.338
0.198
0.324
0.300
0.200
0.428
0.446
0.318
0.332
0.279
0.224
0.317
0.329
0.208
0.335
0.296
0.210
0.434
0.443
0.327
0.337
0.300
0.230
0.316
0.343
0.199
0.338
0.332
0.202
0.451
0.473
0.334
0.338
0.331
0.225
0.235
0.432
0.191
0.237
0.413
0.185
0.346
0.549
0.300
0.237
0.439
0.211
0.243
0.426
0.172
0.245
0.405
0.173
0.345
0.535
0.285
0.240
0.425
0.194
0.271
0.488
0.234
0.271
0.469
0.232
0.384
0.601
0.347
0.269
0.495
0.255
0.225
0.435
0.185
0.230
0.413
0.179
0.326
0.538
0.291
0.232
0.435
0.200
0.490
0.673
0.422
0.502
0.654
0.419
0.605
0.788
0.540
0.502
0.677
0.439
0.481
0.680
0.408
0.490
0.670
0.407
0.599
0.805
0.528
0.488
0.692
0.427
0.475
0.679
0.409
0.479
0.661
0.406
0.588
0.789
0.521
0.476
0.679
0.422
0.250
0.435
0.177
0.250
0.413
0.177
0.354
0.540
0.288
0.249
0.437
0.198
0.227
0.431
0.191
0.226
0.404
0.188
0.321
0.531
0.291
0.228
0.432
0.212
0.302
0.292
0.183
0.325
0.266
0.182
0.423
0.402
0.292
0.325
0.272
0.203
0.321
0.329
0.186
0.342
0.292
0.185
0.428
0.423
0.286
0.343
0.310
0.202
0.262
0.276
0.170
0.278
0.238
0.169
0.362
0.368
0.269
0.281
0.257
0.183
0.293
0.258
0.171
0.320
0.226
0.175
0.411
0.372
0.287
0.327
0.251
0.197
0.306
0.259
0.186
0.334
0.225
0.193
0.437
0.382
0.304
0.346
0.242
0.212
0.298
0.295
0.176
0.318
0.254
0.178
0.419
0.402
0.290
0.321
0.270
0.196
0.277
0.326
0.166
0.289
0.284
0.164
0.381
0.421
0.269
0.295
0.273
0.184
0.296
0.307
0.188
0.311
0.263
0.188
0.394
0.404
0.291
0.314
0.287
0.206
0.289
0.333
0.171
0.311
0.312
0.171
0.406
0.446
0.286
0.310
0.326
0.193
0.266
0.553
0.259
0.273
0.520
0.251
0.404
0.691
0.383
0.274
0.558
0.284
0.273
0.549
0.242
0.282
0.520
0.244
0.402
0.684
0.374
0.277
0.556
0.273
0.318
0.627
0.311
0.325
0.601
0.309
0.459
0.770
0.444
0.323
0.635
0.337
0.263
0.561
0.251
0.270
0.526
0.243
0.392
0.690
0.375
0.269
0.562
0.271
0.545
0.827
0.515
0.560
0.798
0.513
0.691
0.976
0.657
0.558
0.834
0.540
0.556
0.842
0.512
0.572
0.819
0.507
0.708
0.995
0.650
0.571
0.851
0.532
0.534
0.828
0.498
0.543
0.799
0.492
0.671
0.965
0.627
0.539
0.832
0.517
0.284
0.576
0.256
0.291
0.542
0.255
0.418
0.703
0.382
0.291
0.583
0.282
0.270
0.566
0.259
0.277
0.530
0.255
0.392
0.693
0.376
0.277
0.573
0.286
0.316
0.388
0.233
0.348
0.350
0.232
0.464
0.514
0.359
0.340
0.349
0.258
0.344
0.444
0.244
0.376
0.402
0.244
0.472
0.556
0.359
0.367
0.416
0.264
0.286
0.352
0.216
0.308
0.303
0.215
0.404
0.454
0.328
0.302
0.316
0.231
0.316
0.356
0.233
0.354
0.312
0.234
0.460
0.486
0.363
0.348
0.337
0.260
0.337
0.367
0.247
0.373
0.321
0.251
0.493
0.508
0.383
0.373
0.334
0.269
0.311
0.376
0.231
0.344
0.327
0.230
0.455
0.494
0.356
0.340
0.333
0.254
0.309
0.433
0.231
0.328
0.380
0.229
0.434
0.547
0.351
0.320
0.366
0.252
0.321
0.410
0.243
0.346
0.350
0.242
0.445
0.524
0.359
0.340
0.366
0.264
0.316
0.435
0.234
0.348
0.404
0.235
0.457
0.569
0.366
0.339
0.420
0.261
