0.248
0.267
0.274
0.248
0.284
0.261
0.289
0.239
0.283
0.250
0.279
0.263
0.422
0.433
0.430
0.405
0.455
0.416
0.292
0.257
0.333
0.253
0.306
0.313
0.256
0.308
0.277
0.245
0.354
0.277
0.293
0.272
0.277
0.255
0.337
0.275
0.407
0.457
0.418
0.392
0.510
0.418
0.293
0.298
0.315
0.258
0.380
0.324
0.226
0.241
0.253
0.234
0.234
0.239
0.261
0.207
0.265
0.241
0.222
0.243
0.370
0.379
0.390
0.372
0.380
0.376
0.261
0.228
0.296
0.242
0.246
0.282
0.258
0.231
0.274
0.250
0.255
0.278
0.317
0.202
0.291
0.270
0.240
0.278
0.424
0.397
0.437
0.414
0.423
0.436
0.313
0.231
0.334
0.270
0.279
0.328
0.272
0.240
0.282
0.257
0.265
0.261
0.331
0.214
0.302
0.273
0.249
0.268
0.456
0.419
0.451
0.431
0.443
0.427
0.333
0.236
0.336
0.269
0.278
0.311
0.239
0.263
0.286
0.250
0.268
0.270
0.281
0.225
0.298
0.266
0.246
0.275
0.407
0.431
0.446
0.414
0.437
0.433
0.287
0.247
0.345
0.270
0.271
0.323
0.212
0.303
0.250
0.215
0.316
0.244
0.227
0.255
0.257
0.218
0.298
0.245
0.361
0.452
0.399
0.362
0.474
0.391
0.241
0.267
0.304
0.226
0.326
0.293
0.229
0.292
0.263
0.247
0.261
0.256
0.262
0.239
0.272
0.261
0.241
0.260
0.378
0.438
0.406
0.395
0.421
0.403
0.266
0.265
0.312
0.268
0.262
0.309
0.231
0.285
0.262
0.233
0.316
0.267
0.264
0.257
0.265
0.247
0.306
0.266
0.400
0.457
0.424
0.394
0.489
0.425
0.269
0.282
0.313
0.250
0.345
0.317
0.415
0.614
0.429
0.367
0.613
0.396
0.424
0.589
0.422
0.369
0.579
0.385
0.563
0.759
0.567
0.515
0.759
0.531
0.438
0.622
0.459
0.382
0.632
0.432
0.240
0.443
0.213
0.230
0.455
0.217
0.263
0.434
0.205
0.239
0.440
0.213
0.398
0.596
0.357
0.391
0.616
0.363
0.261
0.453
0.229
0.236
0.468
0.246
0.247
0.461
0.224
0.237
0.465
0.249
0.271
0.447
0.217
0.247
0.449
0.243
0.414
0.624
0.382
0.406
0.640
0.404
0.279
0.478
0.247
0.254
0.485
0.282
0.243
0.448
0.233
0.233
0.474
0.254
0.258
0.427
0.228
0.240
0.452
0.253
0.389
0.591
0.371
0.387
0.626
0.392
0.264
0.458
0.255
0.245
0.494
0.289
0.227
0.394
0.217
0.221
0.403
0.225
0.239
0.377
0.216
0.228
0.390
0.223
0.371
0.535
0.360
0.368
0.553
0.365
0.236
0.396
0.243
0.226
0.422
0.257
0.218
0.376
0.186
0.202
0.387
0.195
0.229
0.362
0.180
0.206
0.369
0.192
0.338
0.496
0.307
0.329
0.515
0.317
0.237
0.384
0.203
0.211
0.397
0.221
0.258
0.501
0.259
0.238
0.506
0.268
0.269
0.481
0.252
0.244
0.479
0.259
0.404
0.647
0.396
0.388
0.658
0.405
0.272
0.508
0.278
0.250
0.517
0.296
0.260
0.235
0.259
0.267
0.246
0.248
0.308
0.212
0.277
0.267
0.246
0.259
0.427
0.393
0.420
0.416
0.405
0.410
0.305
0.234
0.326
0.269
0.265
0.307
0.263
0.300
0.261
0.261
0.316
0.258
0.301
0.264
0.267
0.271
0.310
0.266
0.400
0.434
0.400
0.392
0.464
0.401
0.297
0.291
0.307
0.265
0.340
0.310
0.223
0.225
0.234
0.239
0.207
0.224
0.262
0.190
0.253
0.249
0.196
0.239
0.363
0.354
0.378
0.372
0.344
0.370
0.261
0.212
0.280
0.251
0.216
0.274
0.265
0.215
0.260
0.272
0.229
0.268
0.324
0.189
0.281
0.290
0.219
0.277
0.426
0.372
0.426
0.426
0.387
0.432
0.318
0.218
0.326
0.286
0.248
0.324
0.281
0.228
0.273
0.271
0.239
0.255
0.336
0.205
0.294
0.283
0.230
0.268
0.454
0.399
0.439
0.433
0.404
0.424
0.338
0.228
0.332
0.282
0.251
0.312
0.239
0.253
0.271
0.253
0.247
0.257
0.283
0.216
0.289
0.265
0.232
0.270
0.397
0.409
0.434
0.404
0.407
0.423
0.283
0.240
0.333
0.266
0.255
0.316
0.212
0.297
0.236
0.223
0.280
0.224
0.232
0.244
0.247
0.224
0.268
0.234
0.351
0.433
0.387
0.356
0.429
0.376
0.239
0.258
0.295
0.228
0.283
0.279
0.237
0.268
0.239
0.267
0.227
0.241
0.275
0.221
0.257
0.278
0.216
0.255
0.378
0.407
0.389
0.406
0.381
0.394
0.276
0.247
0.295
0.287
0.232
0.302
0.239
0.273
0.246
0.249
0.280
0.249
0.272
0.245
0.250
0.258
0.280
0.252
0.396
0.431
0.409
0.395
0.442
0.409
0.274
0.272
0.299
0.257
0.306
0.303
0.401
0.583
0.393
0.377
0.604
0.377
0.413
0.556
0.387
0.379
0.572
0.374
0.539
0.722
0.531
0.516
0.744
0.516
0.417
0.587
0.422
0.384
0.616
0.413
0.253
0.441
0.197
0.238
0.450
0.199
0.278
0.434
0.192
0.246
0.438
0.200
0.404
0.593
0.341
0.388
0.605
0.345
0.273
0.453
0.214
0.238
0.460
0.229
0.265
0.458
0.206
0.247
0.456
0.229
0.290
0.448
0.203
0.255
0.445
0.231
0.422
0.620
0.365
0.401
0.622
0.387
0.293
0.480
0.234
0.257
0.474
0.265
0.247
0.435
0.214
0.237
0.459
0.234
0.260
0.413
0.212
0.242
0.442
0.241
0.380
0.572
0.351
0.377
0.603
0.376
0.262
0.441
0.239
0.242
0.472
0.271
0.227
0.384
0.201
0.222
0.390
0.206
0.238
0.364
0.202
0.227
0.378
0.211
0.361
0.521
0.343
0.359
0.534
0.350
0.233
0.384
0.226
0.221
0.403
0.240
0.224
0.368
0.170
0.206
0.376
0.176
0.235
0.355
0.167
0.208
0.359
0.179
0.340
0.487
0.292
0.323
0.498
0.300
0.243
0.379
0.187
0.209
0.381
0.203
0.271
0.499
0.254
0.241
0.499
0.251
0.283
0.478
0.250
0.248
0.477
0.251
0.411
0.645
0.391
0.383
0.646
0.393
0.282
0.506
0.275
0.250
0.509
0.284
0.297
0.328
0.323
0.295
0.364
0.322
0.325
0.303
0.333
0.290
0.376
0.329
0.472
0.488
0.487
0.454
0.528
0.484
0.326
0.321
0.380
0.292
0.399
0.376
0.316
0.402
0.342
0.299
0.439
0.338
0.344
0.366
0.343
0.304
0.438
0.341
0.467
0.544
0.485
0.445
0.588
0.486
0.344
0.390
0.379
0.306
0.477
0.385
0.267
0.286
0.291
0.264
0.283
0.280
0.297
0.253
0.304
0.267
0.275
0.286
0.413
0.421
0.437
0.407
0.419
0.426
0.292
0.276
0.330
0.262
0.302
0.320
0.309
0.292
0.322
0.294
0.320
0.325
0.359
0.263
0.341
0.305
0.316
0.328
0.477
0.453
0.493
0.458
0.484
0.491
0.345
0.295
0.378
0.298
0.357
0.374
0.314
0.301
0.327
0.293
0.339
0.314
0.362
0.273
0.345
0.301
0.330
0.321
0.496
0.475
0.496
0.469
0.507
0.486
0.357
0.297
0.374
0.294
0.364
0.362
0.307
0.359
0.355
0.310
0.350
0.341
0.338
0.319
0.368
0.318
0.341
0.349
0.477
0.519
0.523
0.474
0.517
0.509
0.337
0.342
0.408
0.314
0.367
0.389
0.256
0.373
0.296
0.264
0.389
0.299
0.267
0.325
0.304
0.263
0.386
0.306
0.406
0.515
0.452
0.411
0.539
0.453
0.279
0.332
0.349
0.267
0.411
0.350
0.266
0.332
0.294
0.290
0.310
0.300
0.292
0.284
0.303
0.296
0.300
0.306
0.419
0.476
0.447
0.444
0.466
0.456
0.293
0.312
0.340
0.297
0.321
0.348
0.283
0.360
0.316
0.287
0.399
0.328
0.307
0.334
0.316
0.295
0.407
0.329
0.450
0.526
0.480
0.448
0.565
0.491
0.308
0.364
0.363
0.296
0.444
0.378
0.459
0.665
0.470
0.435
0.695
0.462
0.463
0.638
0.460
0.437
0.666
0.457
0.607
0.809
0.610
0.586
0.845
0.605
0.477
0.672
0.500
0.445
0.714
0.499
0.287
0.501
0.257
0.277
0.527
0.270
0.308
0.494
0.252
0.286
0.514
0.271
0.449
0.658
0.407
0.442
0.688
0.420
0.305
0.514
0.276
0.281
0.542
0.301
0.305
0.533
0.284
0.295
0.551
0.311
0.326
0.522
0.278
0.303
0.541
0.312
0.476
0.704
0.449
0.468
0.727
0.474
0.333
0.552
0.309
0.308
0.573
0.345
0.290
0.518
0.292
0.293
0.564
0.320
0.302
0.499
0.289
0.298
0.551
0.325
0.439
0.665
0.436
0.449
0.715
0.464
0.309
0.530
0.317
0.301
0.584
0.356
0.261
0.453
0.263
0.262
0.465
0.270
0.270
0.434
0.263
0.269
0.455
0.274
0.408
0.596
0.410
0.412
0.613
0.416
0.270
0.458
0.290
0.264
0.484
0.305
0.255
0.422
0.224
0.239
0.442
0.240
0.264
0.410
0.219
0.241
0.428
0.241
0.378
0.544
0.347
0.366
0.568
0.364
0.273
0.431
0.240
0.244
0.454
0.266
0.301
0.559
0.306
0.290
0.578
0.319
0.309
0.542
0.301
0.296
0.559
0.318
0.449
0.711
0.449
0.444
0.733
0.464
0.312
0.566
0.328
0.298
0.592
0.349
0.234
0.277
0.264
0.244
0.269
0.255
0.270
0.236
0.272
0.248
0.256
0.260
0.397
0.421
0.419
0.393
0.419
0.411
0.276
0.251
0.319
0.249
0.279
0.303
0.255
0.333
0.268
0.227
0.374
0.264
0.284
0.289
0.266
0.234
0.344
0.260
0.394
0.458
0.403
0.361
0.501
0.399
0.287
0.306
0.300
0.238
0.383
0.299
0.210
0.264
0.239
0.207
0.252
0.225
0.242
0.211
0.248
0.218
0.223
0.230
0.344
0.382
0.374
0.336
0.374
0.361
0.244
0.231
0.274
0.221
0.244
0.262
0.245
0.257
0.258
0.228
0.272
0.256
0.303
0.211
0.273
0.250
0.244
0.256
0.402
0.398
0.416
0.375
0.418
0.412
0.305
0.237
0.312
0.244
0.285
0.299
0.256
0.270
0.276
0.238
0.279
0.252
0.308
0.227
0.291
0.253
0.252
0.260
0.425
0.425
0.435
0.400
0.431
0.414
0.314
0.246
0.322
0.253
0.277
0.295
0.232
0.289
0.270
0.229
0.288
0.252
0.268
0.234
0.281
0.242
0.256
0.256
0.390
0.428
0.428
0.379
0.436
0.411
0.274
0.252
0.321
0.242
0.278
0.295
0.213
0.328
0.241
0.203
0.327
0.228
0.229
0.265
0.246
0.207
0.293
0.230
0.353
0.449
0.385
0.336
0.458
0.371
0.240
0.269
0.287
0.212
0.313
0.269
0.221
0.334
0.251
0.229
0.275
0.241
0.248
0.261
0.254
0.246
0.243
0.247
0.362
0.455
0.390
0.367
0.418
0.388
0.253
0.284
0.287
0.250
0.263
0.284
0.233
0.312
0.255
0.226
0.319
0.250
0.261
0.273
0.255
0.237
0.303
0.249
0.390
0.462
0.411
0.372
0.473
0.404
0.267
0.294
0.295
0.240
0.338
0.290
0.381
0.584
0.388
0.341
0.592
0.367
0.387
0.557
0.378
0.344
0.559
0.357
0.518
0.719
0.520
0.481
0.728
0.501
0.401
0.588
0.412
0.354
0.603
0.397
0.233
0.454
0.215
0.222
0.456
0.211
0.254
0.445
0.204
0.231
0.441
0.206
0.382
0.598
0.354
0.375
0.604
0.352
0.255
0.467
0.227
0.230
0.466
0.234
0.242
0.469
0.224
0.224
0.469
0.237
0.265
0.454
0.215
0.233
0.449
0.231
0.399
0.621
0.377
0.383
0.628
0.390
0.273
0.485
0.243
0.240
0.482
0.263
0.238
0.462
0.232
0.238
0.488
0.249
0.252
0.437
0.222
0.241
0.462
0.245
0.376
0.592
0.363
0.378
0.626
0.384
0.259
0.466
0.247
0.245
0.495
0.275
0.212
0.405
0.212
0.209
0.407
0.219
0.223
0.383
0.208
0.217
0.390
0.217
0.348
0.534
0.349
0.347
0.543
0.356
0.224
0.403
0.232
0.217
0.419
0.244
0.215
0.384
0.187
0.193
0.388
0.191
0.230
0.372
0.179
0.199
0.368
0.187
0.330
0.497
0.303
0.310
0.502
0.308
0.239
0.393
0.199
0.205
0.393
0.209
0.255
0.504
0.260
0.235
0.510
0.259
0.265
0.485
0.251
0.240
0.483
0.251
0.395
0.644
0.393
0.378
0.651
0.396
0.267
0.509
0.274
0.245
0.516
0.283
0.543
0.539
0.561
0.587
0.559
0.570
0.595
0.513
0.577
0.597
0.554
0.586
0.729
0.707
0.730
0.756
0.729
0.742
0.595
0.541
0.630
0.601
0.577
0.627
0.532
0.587
0.549
0.574
0.624
0.573
0.575
0.545
0.551
0.595
0.607
0.579
0.690
0.734
0.698
0.726
0.777
0.724
0.572
0.581
0.591
0.589
0.642
0.612
0.477
0.480
0.493
0.496
0.472
0.482
0.526
0.443
0.513
0.521
0.455
0.499
0.633
0.619
0.643
0.649
0.614
0.634
0.525
0.470
0.540
0.529
0.475
0.530
0.549
0.490
0.542
0.571
0.541
0.563
0.617
0.467
0.565
0.601
0.527
0.574
0.730
0.659
0.721
0.743
0.709
0.739
0.615
0.499
0.611
0.599
0.560
0.612
0.567
0.514
0.564
0.586
0.551
0.565
0.636
0.490
0.590
0.611
0.539
0.582
0.760
0.696
0.740
0.770
0.729
0.743
0.636
0.518
0.627
0.614
0.559
0.616
0.526
0.548
0.564
0.572
0.583
0.571
0.581
0.506
0.581
0.596
0.564
0.586
0.702
0.711
0.735
0.739
0.747
0.746
0.582
0.534
0.627
0.598
0.586
0.622
0.459
0.549
0.491
0.520
0.573
0.518
0.483
0.488
0.498
0.533
0.550
0.530
0.613
0.691
0.649
0.672
0.728
0.678
0.492
0.509
0.546
0.539
0.567
0.570
0.503
0.530
0.513
0.564
0.523
0.533
0.553
0.483
0.530
0.593
0.508
0.551
0.663
0.679
0.670
0.725
0.685
0.696
0.557
0.513
0.568
0.603
0.528
0.590
0.515
0.567
0.536
0.577
0.609
0.574
0.553
0.532
0.538
0.595
0.603
0.578
0.688
0.735
0.707
0.743
0.780
0.744
0.556
0.566
0.587
0.597
0.633
0.618
0.636
0.841
0.641
0.634
0.862
0.634
0.646
0.812
0.631
0.643
0.834
0.631
0.786
0.987
0.784
0.792
1.017
0.785
0.661
0.853
0.672
0.654
0.877
0.667
0.535
0.742
0.479
0.560
0.763
0.516
0.562
0.737
0.473
0.576
0.755
0.515
0.699
0.901
0.631
0.724
0.926
0.668
0.561
0.760
0.499
0.572
0.776
0.539
0.541
0.759
0.500
0.552
0.757
0.534
0.569
0.750
0.494
0.566
0.746
0.535
0.715
0.932
0.667
0.725
0.936
0.702
0.575
0.786
0.527
0.574
0.778
0.565
0.528
0.741
0.507
0.554
0.772
0.546
0.552
0.721
0.500
0.566
0.752
0.548
0.681
0.888
0.651
0.711
0.927
0.693
0.557
0.756
0.530
0.570
0.787
0.575
0.489
0.672
0.478
0.513
0.679
0.499
0.505
0.649
0.475
0.528
0.670
0.504
0.637
0.814
0.624
0.665
0.832
0.649
0.505
0.675
0.504
0.525
0.693
0.527
0.451
0.610
0.401
0.452
0.620
0.424
0.467
0.596
0.394
0.461
0.605
0.423
0.577
0.734
0.528
0.581
0.748
0.553
0.476
0.623
0.418
0.467
0.628
0.444
0.531
0.791
0.530
0.512
0.774
0.521
0.542
0.769
0.521
0.523
0.751
0.518
0.683
0.943
0.676
0.670
0.933
0.674
0.547
0.801
0.551
0.528
0.784
0.548
0.588
0.607
0.574
0.547
0.551
0.503
0.622
0.586
0.582
0.547
0.565
0.501
0.766
0.779
0.737
0.712
0.733
0.664
0.617
0.611
0.614
0.549
0.592
0.529
0.608
0.678
0.588
0.540
0.657
0.513
0.637
0.649
0.590
0.551
0.668
0.514
0.762
0.831
0.732
0.691
0.826
0.661
0.636
0.672
0.620
0.550
0.692
0.541
0.517
0.532
0.513
0.463
0.474
0.437
0.542
0.498
0.522
0.465
0.479
0.438
0.663
0.671
0.656
0.605
0.626
0.583
0.541
0.526
0.546
0.469
0.496
0.461
0.570
0.551
0.548
0.531
0.541
0.503
0.622
0.521
0.564
0.546
0.538
0.503
0.742
0.717
0.711
0.695
0.715
0.666
0.611
0.558
0.591
0.540
0.579
0.531
0.572
0.555
0.553
0.520
0.537
0.485
0.616
0.526
0.568
0.527
0.539
0.487
0.755
0.734
0.722
0.697
0.723
0.656
0.616
0.555
0.590
0.529
0.569
0.511
0.559
0.593
0.559
0.521
0.549
0.494
0.594
0.560
0.567
0.531
0.548
0.492
0.731
0.763
0.720
0.689
0.732
0.657
0.591
0.588
0.597
0.535
0.571
0.521
0.565
0.673
0.565
0.499
0.585
0.472
0.582
0.640
0.569
0.502
0.595
0.471
0.721
0.827
0.716
0.649
0.752
0.621
0.589
0.644
0.605
0.508
0.610
0.500
0.527
0.575
0.521
0.508
0.511
0.473
0.555
0.532
0.528
0.516
0.507
0.474
0.681
0.730
0.669
0.661
0.683
0.627
0.556
0.563
0.558
0.525
0.523
0.504
0.552
0.625
0.548
0.538
0.602
0.507
0.580
0.600
0.548
0.549
0.615
0.504
0.722
0.800
0.709
0.701
0.787
0.668
0.578
0.635
0.586
0.552
0.644
0.535
0.686
0.887
0.669
0.592
0.849
0.580
0.694
0.865
0.660
0.599
0.824
0.576
0.838
1.039
0.813
0.752
1.008
0.732
0.704
0.898
0.694
0.606
0.861
0.606
0.595
0.796
0.541
0.558
0.768
0.498
0.616
0.790
0.536
0.573
0.762
0.498
0.757
0.956
0.694
0.726
0.936
0.658
0.612
0.807
0.561
0.569
0.782
0.523
0.569
0.770
0.515
0.537
0.752
0.495
0.595
0.761
0.513
0.550
0.745
0.497
0.741
0.942
0.681
0.709
0.929
0.664
0.598
0.789
0.544
0.553
0.771
0.525
0.580
0.795
0.548
0.552
0.785
0.525
0.599
0.782
0.546
0.561
0.774
0.525
0.735
0.950
0.693
0.713
0.946
0.676
0.602
0.811
0.574
0.564
0.805
0.551
0.524
0.709
0.497
0.489
0.673
0.459
0.537
0.695
0.496
0.501
0.666
0.461
0.672
0.856
0.644
0.641
0.823
0.607
0.533
0.717
0.521
0.497
0.689
0.480
0.495
0.657
0.444
0.444
0.631
0.411
0.507
0.650
0.442
0.451
0.624
0.411
0.620
0.786
0.571
0.575
0.765
0.543
0.515
0.671
0.464
0.454
0.645
0.433
0.575
0.823
0.558
0.522
0.791
0.517
0.588
0.809
0.553
0.533
0.773
0.512
0.730
0.981
0.702
0.685
0.953
0.668
0.591
0.834
0.579
0.537
0.801
0.540
0.511
0.532
0.521
0.537
0.553
0.511
0.547
0.502
0.531
0.533
0.556
0.513
0.683
0.680
0.678
0.691
0.709
0.667
0.545
0.522
0.575
0.532
0.576
0.545
0.529
0.597
0.533
0.555
0.643
0.538
0.558
0.558
0.533
0.556
0.640
0.537
0.675
0.728
0.672
0.693
0.782
0.677
0.558
0.581
0.565
0.555
0.671
0.566
0.453
0.470
0.465
0.491
0.477
0.469
0.486
0.431
0.478
0.495
0.466
0.475
0.597
0.596
0.606
0.633
0.609
0.612
0.484
0.453
0.500
0.493
0.487
0.495
0.515
0.503
0.510
0.541
0.535
0.520
0.569
0.468
0.528
0.552
0.527
0.522
0.681
0.657
0.673
0.700
0.690
0.679
0.557
0.499
0.557
0.546
0.560
0.551
0.513
0.488
0.510
0.528
0.531
0.503
0.561
0.461
0.528
0.535
0.522
0.509
0.695
0.657
0.679
0.701
0.694
0.670
0.562
0.483
0.555
0.530
0.546
0.531
0.516
0.542
0.537
0.567
0.600
0.556
0.558
0.501
0.550
0.575
0.585
0.559
0.686
0.691
0.699
0.725
0.755
0.715
0.558
0.522
0.590
0.574
0.605
0.588
0.455
0.556
0.474
0.496
0.589
0.485
0.469
0.502
0.479
0.494
0.580
0.488
0.600
0.687
0.618
0.638
0.730
0.631
0.481
0.507
0.518
0.497
0.594
0.515
0.476
0.530
0.483
0.535
0.524
0.503
0.505
0.481
0.493
0.539
0.515
0.507
0.622
0.664
0.625
0.682
0.674
0.652
0.508
0.507
0.523
0.545
0.528
0.535
0.490
0.558
0.500
0.552
0.594
0.529
0.517
0.528
0.503
0.557
0.599
0.528
0.652
0.715
0.658
0.703
0.755
0.683
0.520
0.556
0.542
0.558
0.626
0.558
0.646
0.841
0.646
0.630
0.882
0.628
0.652
0.819
0.636
0.630
0.849
0.619
0.788
0.980
0.782
0.774
1.020
0.765
0.663
0.849
0.671
0.637
0.892
0.653
0.490
0.696
0.450
0.528
0.750
0.481
0.512
0.693
0.444
0.536
0.737
0.479
0.645
0.847
0.595
0.686
0.903
0.627
0.510
0.710
0.467
0.529
0.756
0.501
0.514
0.730
0.480
0.516
0.748
0.494
0.541
0.724
0.474
0.522
0.737
0.493
0.677
0.890
0.636
0.677
0.915
0.652
0.544
0.752
0.505
0.525
0.762
0.519
0.508
0.716
0.490
0.527
0.765
0.509
0.521
0.697
0.483
0.530
0.744
0.508
0.652
0.851
0.626
0.671
0.907
0.648
0.528
0.725
0.509
0.529
0.772
0.531
0.457
0.642
0.446
0.481
0.666
0.459
0.469
0.625
0.444
0.488
0.656
0.462
0.597
0.778
0.586
0.624
0.807
0.602
0.468
0.645
0.469
0.481
0.679
0.481
0.416
0.581
0.383
0.439
0.629
0.412
0.429
0.569
0.375
0.442
0.614
0.411
0.534
0.697
0.500
0.564
0.749
0.535
0.437
0.591
0.396
0.443
0.632
0.429
0.493
0.739
0.488
0.500
0.776
0.504
0.505
0.726
0.482
0.508
0.753
0.498
0.640
0.891
0.628
0.650
0.925
0.645
0.507
0.753
0.508
0.509
0.784
0.526
0.310
0.230
0.279
0.292
0.239
0.260
0.338
0.222
0.291
0.283
0.245
0.265
0.483
0.390
0.437
0.444
0.397
0.414
0.334
0.245
0.331
0.283
0.275
0.301
0.300
0.295
0.274
0.277
0.297
0.252
0.325
0.278
0.279
0.280
0.300
0.257
0.441
0.434
0.411
0.418
0.442
0.391
0.318
0.308
0.308
0.275
0.343
0.287
0.265
0.213
0.252
0.256
0.202
0.232
0.291
0.194
0.265
0.257
0.197
0.238
0.406
0.347
0.392
0.392
0.339
0.371
0.290
0.217
0.288
0.259
0.223
0.267
0.311
0.208
0.279
0.288
0.227
0.269
0.353
0.195
0.293
0.298
0.223
0.273
0.479
0.367
0.442
0.445
0.389
0.429
0.347
0.224
0.326
0.290
0.263
0.305
0.331
0.223
0.291
0.292
0.233
0.262
0.369
0.211
0.308
0.294
0.232
0.270
0.505
0.393
0.456
0.457
0.403
0.427
0.369
0.235
0.338
0.293
0.261
0.302
0.274
0.250
0.286
0.276
0.241
0.265
0.316
0.224
0.299
0.285
0.231
0.272
0.439
0.408
0.444
0.433
0.399
0.424
0.313
0.251
0.335
0.285
0.260
0.308
0.239
0.303
0.247
0.244
0.264
0.226
0.255
0.263
0.256
0.240
0.262
0.234
0.378
0.437
0.392
0.383
0.413
0.373
0.258
0.282
0.294
0.243
0.290
0.267
0.284
0.257
0.265
0.290
0.222
0.253
0.312
0.231
0.278
0.290
0.219
0.260
0.428
0.399
0.409
0.429
0.379
0.400
0.312
0.258
0.309
0.297
0.241
0.297
0.272
0.266
0.261
0.287
0.261
0.256
0.295
0.252
0.265
0.287
0.272
0.257
0.432
0.424
0.418
0.438
0.426
0.414
0.296
0.282
0.300
0.286
0.308
0.290
0.436
0.631
0.414
0.437
0.679
0.434
0.441
0.599
0.408
0.438
0.646
0.431
0.570
0.762
0.542
0.580
0.815
0.569
0.448
0.639
0.444
0.441
0.689
0.462
0.275
0.472
0.201
0.252
0.465
0.204
0.287
0.462
0.201
0.258
0.454
0.207
0.424
0.619
0.344
0.408
0.617
0.351
0.285
0.486
0.222
0.256
0.480
0.233
0.280
0.486
0.213
0.254
0.467
0.230
0.295
0.473
0.215
0.260
0.455
0.233
0.435
0.640
0.367
0.413
0.628
0.384
0.299
0.506
0.243
0.266
0.491
0.263
0.268
0.466
0.222
0.253
0.485
0.241
0.276
0.442
0.222
0.259
0.463
0.244
0.405
0.594
0.354
0.399
0.624
0.379
0.279
0.478
0.246
0.263
0.506
0.272
0.247
0.414
0.211
0.236
0.404
0.214
0.255
0.392
0.213
0.241
0.390
0.218
0.382
0.540
0.348
0.374
0.541
0.354
0.252
0.417
0.236
0.239
0.421
0.244
0.244
0.390
0.175
0.213
0.384
0.180
0.251
0.375
0.174
0.214
0.368
0.183
0.358
0.505
0.294
0.332
0.504
0.303
0.258
0.401
0.194
0.218
0.392
0.206
0.274
0.535
0.258
0.253
0.525
0.264
0.279
0.510
0.255
0.258
0.498
0.262
0.411
0.670
0.391
0.398
0.667
0.402
0.281
0.540
0.280
0.263
0.535
0.293
0.242
0.278
0.273
0.253
0.283
0.270
0.274
0.240
0.279
0.249
0.278
0.272
0.387
0.409
0.414
0.383
0.428
0.412
0.277
0.259
0.329
0.257
0.299
0.320
0.243
0.340
0.275
0.247
0.357
0.275
0.270
0.288
0.269
0.253
0.344
0.273
0.372
0.457
0.400
0.371
0.494
0.408
0.272
0.313
0.308
0.257
0.369
0.319
0.213
0.255
0.247
0.219
0.247
0.242
0.238
0.211
0.256
0.220
0.234
0.243
0.337
0.368
0.375
0.338
0.372
0.372
0.241
0.233
0.283
0.226
0.258
0.282
0.242
0.249
0.269
0.258
0.270
0.285
0.290
0.207
0.282
0.270
0.254
0.285
0.388
0.388
0.419
0.397
0.419
0.431
0.285
0.239
0.320
0.271
0.289
0.330
0.271
0.247
0.280
0.248
0.286
0.270
0.322
0.214
0.297
0.253
0.271
0.272
0.425
0.394
0.428
0.392
0.438
0.420
0.327
0.235
0.332
0.256
0.298
0.316
0.229
0.290
0.282
0.244
0.290
0.275
0.258
0.238
0.287
0.251
0.267
0.275
0.370
0.424
0.427
0.377
0.438
0.419
0.260
0.264
0.332
0.258
0.290
0.320
0.207
0.338
0.253
0.215
0.313
0.243
0.215
0.285
0.253
0.212
0.305
0.244
0.335
0.462
0.390
0.338
0.454
0.382
0.229
0.290
0.296
0.221
0.324
0.288
0.228
0.297
0.261
0.255
0.255
0.262
0.253
0.242
0.267
0.257
0.244
0.264
0.353
0.422
0.393
0.377
0.399
0.398
0.255
0.270
0.305
0.270
0.258
0.310
0.224
0.315
0.260
0.247
0.306
0.268
0.252
0.273
0.257
0.255
0.299
0.264
0.368
0.459
0.406
0.382
0.459
0.413
0.252
0.305
0.301
0.260
0.327
0.312
0.398
0.603
0.417
0.369
0.627
0.397
0.403
0.571
0.405
0.370
0.589
0.390
0.523
0.727
0.539
0.500
0.761
0.527
0.414
0.602
0.441
0.381
0.642
0.433
0.233
0.452
0.218
0.233
0.460
0.219
0.249
0.436
0.208
0.237
0.442
0.217
0.370
0.590
0.346
0.373
0.607
0.353
0.251
0.460
0.232
0.236
0.475
0.248
0.237
0.470
0.228
0.240
0.474
0.252
0.254
0.448
0.217
0.246
0.452
0.250
0.376
0.616
0.367
0.384
0.629
0.395
0.261
0.484
0.248
0.253
0.491
0.283
0.225
0.457
0.241
0.232
0.482
0.252
0.233
0.426
0.231
0.235
0.457
0.254
0.350
0.584
0.364
0.364
0.615
0.378
0.240
0.458
0.261
0.241
0.494
0.283
0.217
0.411
0.226
0.222
0.407
0.225
0.225
0.384
0.221
0.224
0.387
0.225
0.341
0.534
0.352
0.346
0.538
0.352
0.226
0.409
0.248
0.225
0.418
0.255
0.208
0.378
0.188
0.197
0.387
0.198
0.215
0.358
0.181
0.197
0.363
0.196
0.312
0.483
0.297
0.305
0.499
0.310
0.226
0.382
0.201
0.203
0.393
0.223
0.247
0.499
0.256
0.243
0.518
0.268
0.255
0.476
0.246
0.249
0.490
0.263
0.374
0.634
0.379
0.377
0.658
0.398
0.258
0.505
0.274
0.254
0.528
0.298
0.466
0.390
0.366
0.439
0.431
0.369
0.469
0.393
0.361
0.465
0.398
0.371
0.615
0.547
0.506
0.595
0.579
0.510
0.482
0.405
0.399
0.468
0.417
0.407
0.324
0.307
0.201
0.303
0.287
0.208
0.344
0.319
0.196
0.336
0.265
0.210
0.478
0.474
0.339
0.475
0.448
0.356
0.343
0.325
0.217
0.336
0.270
0.238
0.326
0.326
0.212
0.327
0.281
0.239
0.343
0.345
0.208
0.358
0.265
0.244
0.485
0.498
0.362
0.503
0.452
0.397
0.345
0.359
0.236
0.362
0.282
0.276
0.332
0.278
0.223
0.321
0.273
0.241
0.345
0.282
0.220
0.366
0.247
0.258
0.480
0.426
0.357
0.493
0.423
0.385
0.345
0.297
0.244
0.362
0.265
0.282
0.289
0.277
0.203
0.291
0.255
0.218
0.297
0.278
0.204
0.315
0.243
0.223
0.429
0.418
0.340
0.449
0.402
0.360
0.299
0.273
0.230
0.330
0.241
0.257
0.280
0.279
0.176
0.264
0.249
0.187
0.290
0.278
0.172
0.288
0.226
0.190
0.399
0.403
0.292
0.400
0.373
0.310
0.296
0.290
0.194
0.292
0.238
0.215
0.292
0.370
0.228
0.275
0.340
0.239
0.304
0.366
0.225
0.304
0.307
0.239
0.434
0.517
0.363
0.437
0.482
0.381
0.300
0.374
0.250
0.302
0.313
0.270
0.492
0.443
0.388
0.443
0.479
0.363
0.496
0.441
0.382
0.470
0.435
0.365
0.626
0.587
0.514
0.581
0.607
0.492
0.506
0.459
0.415
0.470
0.460
0.393
0.337
0.362
0.200
0.323
0.338
0.208
0.359
0.360
0.200
0.354
0.306
0.210
0.477
0.510
0.331
0.472
0.476
0.341
0.357
0.378
0.217
0.355
0.316
0.231
0.337
0.379
0.213
0.338
0.333
0.238
0.359
0.381
0.215
0.369
0.310
0.240
0.484
0.534
0.354
0.492
0.486
0.379
0.356
0.412
0.240
0.367
0.331
0.266
0.342
0.318
0.221
0.339
0.326
0.236
0.360
0.309
0.223
0.374
0.291
0.245
0.476
0.451
0.345
0.485
0.456
0.365
0.357
0.340
0.243
0.370
0.311
0.263
0.306
0.314
0.207
0.299
0.308
0.220
0.317
0.313
0.209
0.325
0.289
0.224
0.432
0.443
0.333
0.433
0.435
0.347
0.312
0.316
0.229
0.328
0.291
0.246
0.287
0.314
0.176
0.277
0.280
0.186
0.301
0.306
0.174
0.302
0.250
0.189
0.397
0.427
0.283
0.400
0.391
0.299
0.305
0.335
0.193
0.304
0.267
0.209
0.307
0.438
0.239
0.298
0.394
0.246
0.326
0.417
0.239
0.328
0.355
0.246
0.439
0.570
0.364
0.439
0.519
0.374
0.317
0.442
0.261
0.322
0.366
0.270
0.418
0.341
0.335
0.384
0.383
0.335
0.425
0.330
0.335
0.408
0.341
0.343
0.546
0.470
0.459
0.513
0.504
0.459
0.441
0.345
0.365
0.412
0.364
0.365
0.286
0.250
0.183
0.264
0.265
0.189
0.303
0.248
0.181
0.289
0.230
0.196
0.423
0.391
0.313
0.405
0.401
0.323
0.308
0.260
0.200
0.292
0.245
0.214
0.285
0.260
0.192
0.280
0.254
0.218
0.298
0.262
0.189
0.305
0.226
0.224
0.425
0.405
0.327
0.425
0.394
0.354
0.302
0.281
0.213
0.307
0.249
0.242
0.303
0.220
0.213
0.282
0.243
0.223
0.320
0.209
0.216
0.321
0.210
0.242
0.438
0.346
0.339
0.424
0.366
0.353
0.327
0.226
0.238
0.319
0.230
0.256
0.264
0.239
0.188
0.256
0.249
0.200
0.272
0.234
0.190
0.273
0.226
0.207
0.388
0.366
0.315
0.385
0.371
0.330
0.276
0.239
0.211
0.283
0.232
0.228
0.255
0.244
0.163
0.229
0.238
0.172
0.263
0.242
0.160
0.246
0.207
0.176
0.360
0.359
0.273
0.342
0.345
0.284
0.273
0.261
0.178
0.250
0.226
0.192
0.263
0.321
0.207
0.251
0.312
0.218
0.273
0.303
0.207
0.269
0.269
0.220
0.386
0.445
0.329
0.381
0.429
0.343
0.271
0.316
0.226
0.267
0.284
0.240
0.489
0.375
0.391
0.416
0.362
0.342
0.504
0.368
0.390
0.465
0.328
0.357
0.635
0.527
0.528
0.572
0.510
0.486
0.513
0.395
0.426
0.464
0.361
0.387
0.315
0.295
0.194
0.299
0.268
0.198
0.342
0.288
0.194
0.341
0.233
0.209
0.469
0.459
0.338
0.464
0.426
0.350
0.339
0.317
0.214
0.342
0.256
0.232
0.312
0.311
0.200
0.328
0.245
0.231
0.336
0.318
0.199
0.371
0.223
0.244
0.472
0.484
0.358
0.498
0.416
0.390
0.336
0.350
0.229
0.372
0.258
0.270
0.333
0.262
0.224
0.324
0.242
0.239
0.358
0.253
0.226
0.381
0.213
0.262
0.482
0.406
0.362
0.491
0.392
0.387
0.353
0.286
0.249
0.378
0.242
0.281
0.291
0.253
0.206
0.283
0.240
0.212
0.302
0.251
0.208
0.312
0.218
0.222
0.428
0.399
0.347
0.434
0.385
0.359
0.305
0.261
0.234
0.327
0.232
0.251
0.270
0.271
0.168
0.257
0.221
0.178
0.285
0.264
0.167
0.290
0.193
0.189
0.389
0.397
0.289
0.389
0.348
0.306
0.292
0.289
0.189
0.295
0.219
0.209
0.285
0.364
0.232
0.278
0.316
0.241
0.304
0.345
0.231
0.311
0.278
0.243
0.427
0.511
0.372
0.432
0.461
0.384
0.297
0.370
0.257
0.309
0.303
0.272
0.477
0.398
0.384
0.460
0.399
0.383
0.485
0.386
0.381
0.502
0.368
0.397
0.628
0.554
0.524
0.623
0.558
0.530
0.499
0.407
0.416
0.512
0.392
0.424
0.324
0.290
0.203
0.317
0.259
0.215
0.346
0.289
0.201
0.360
0.226
0.232
0.488
0.462
0.352
0.494
0.427
0.373
0.346
0.303
0.221
0.373
0.243
0.253
0.327
0.299
0.213
0.338
0.259
0.245
0.347
0.304
0.213
0.380
0.236
0.260
0.498
0.476
0.374
0.522
0.440
0.409
0.349
0.328
0.238
0.388
0.260
0.283
0.336
0.263
0.228
0.340
0.256
0.253
0.359
0.254
0.232
0.391
0.228
0.278
0.496
0.415
0.371
0.517
0.420
0.405
0.358
0.278
0.252
0.393
0.253
0.292
0.294
0.268
0.206
0.308
0.239
0.225
0.306
0.264
0.209
0.342
0.222
0.238
0.447
0.418
0.354
0.475
0.400
0.378
0.307
0.271
0.231
0.366
0.230
0.264
0.284
0.260
0.179
0.271
0.223
0.193
0.296
0.250
0.179
0.304
0.196
0.206
0.413
0.391
0.304
0.418
0.359
0.324
0.304
0.276
0.198
0.318
0.215
0.226
0.299
0.356
0.231
0.297
0.323
0.253
0.314
0.344
0.232
0.331
0.286
0.259
0.451
0.513
0.375
0.465
0.479
0.404
0.311
0.356
0.252
0.335
0.302
0.280
0.443
0.390
0.359
0.445
0.442
0.385
0.459
0.377
0.361
0.479
0.393
0.392
0.593
0.543
0.501
0.598
0.585
0.524
0.472
0.391
0.395
0.483
0.418
0.422
0.314
0.305
0.194
0.298
0.285
0.202
0.336
0.300
0.193
0.331
0.253
0.208
0.473
0.468
0.342
0.468
0.447
0.355
0.338
0.309
0.212
0.334
0.264
0.232
0.315
0.321
0.205
0.315
0.282
0.233
0.336
0.317
0.205
0.354
0.251
0.243
0.482
0.487
0.365
0.493
0.448
0.393
0.339
0.334
0.231
0.359
0.270
0.271
0.326
0.280
0.224
0.315
0.277
0.241
0.349
0.266
0.227
0.367
0.237
0.263
0.481
0.424
0.366
0.488
0.421
0.386
0.354
0.281
0.252
0.367
0.259
0.284
0.282
0.274
0.203
0.278
0.262
0.213
0.294
0.265
0.205
0.305
0.236
0.222
0.425
0.419
0.344
0.434
0.403
0.358
0.293
0.267
0.229
0.318
0.240
0.249
0.275
0.302
0.170
0.261
0.249
0.181
0.287
0.287
0.169
0.284
0.218
0.186
0.398
0.427
0.294
0.397
0.373
0.307
0.294
0.303
0.188
0.289
0.235
0.207
0.288
0.382
0.226
0.272
0.328
0.238
0.303
0.359
0.224
0.302
0.287
0.238
0.433
0.530
0.366
0.430
0.464
0.378
0.297
0.371
0.247
0.304
0.298
0.266
0.423
0.402
0.338
0.423
0.491
0.367
0.428
0.395
0.336
0.439
0.437
0.367
0.557
0.545
0.467
0.559
0.618
0.497
0.440
0.406
0.369
0.440
0.445
0.399
0.305
0.324
0.185
0.281
0.326
0.189
0.322
0.329
0.182
0.304
0.294
0.191
0.451
0.477
0.319
0.433
0.468
0.328
0.325
0.329
0.203
0.308
0.280
0.217
0.298
0.341
0.186
0.287
0.317
0.211
0.313
0.340
0.186
0.307
0.282
0.213
0.448
0.497
0.332
0.441
0.463
0.356
0.318
0.341
0.214
0.315
0.283
0.244
0.300
0.293
0.201
0.288
0.310
0.216
0.312
0.278
0.201
0.314
0.265
0.226
0.436
0.429
0.328
0.431
0.438
0.347
0.315
0.290
0.225
0.317
0.271
0.251
0.272
0.290
0.186
0.268
0.288
0.201
0.279
0.281
0.188
0.286
0.257
0.208
0.402
0.421
0.318
0.403
0.416
0.334
0.280
0.276
0.211
0.299
0.246
0.237
0.268
0.287
0.162
0.238
0.278
0.166
0.276
0.279
0.160
0.252
0.242
0.169
0.381
0.403
0.278
0.355
0.385
0.283
0.285
0.291
0.180
0.262
0.237
0.192
0.279
0.396
0.214
0.269
0.385
0.233
0.289
0.375
0.213
0.284
0.337
0.233
0.412
0.531
0.343
0.407
0.511
0.366
0.284
0.382
0.236
0.284
0.326
0.263
0.482
0.380
0.382
0.434
0.452
0.372
0.490
0.370
0.380
0.466
0.399
0.380
0.615
0.525
0.509
0.574
0.585
0.505
0.517
0.384
0.423
0.469
0.425
0.410
0.322
0.282
0.207
0.293
0.318
0.208
0.339
0.276
0.204
0.319
0.273
0.211
0.463
0.444
0.341
0.439
0.461
0.345
0.349
0.278
0.230
0.320
0.290
0.233
0.306
0.300
0.205
0.302
0.303
0.232
0.319
0.303
0.204
0.325
0.268
0.237
0.455
0.469
0.352
0.454
0.457
0.375
0.327
0.315
0.234
0.330
0.293
0.264
0.329
0.253
0.222
0.303
0.289
0.236
0.346
0.242
0.224
0.341
0.246
0.254
0.466
0.395
0.351
0.447
0.421
0.368
0.355
0.256
0.253
0.340
0.269
0.273
0.289
0.249
0.202
0.276
0.279
0.211
0.296
0.244
0.205
0.296
0.253
0.217
0.418
0.390
0.336
0.409
0.412
0.344
0.307
0.244
0.234
0.299
0.263
0.241
0.277
0.251
0.179
0.255
0.264
0.189
0.285
0.245
0.177
0.272
0.229
0.193
0.386
0.378
0.295
0.368
0.378
0.304
0.297
0.262
0.200
0.277
0.254
0.213
0.297
0.320
0.232
0.278
0.368
0.245
0.310
0.301
0.233
0.299
0.314
0.245
0.429
0.464
0.362
0.415
0.495
0.374
0.310
0.313
0.258
0.299
0.334
0.272
0.459
0.413
0.363
0.406
0.462
0.343
0.470
0.416
0.359
0.434
0.423
0.344
0.604
0.567
0.503
0.558
0.608
0.488
0.479
0.433
0.392
0.432
0.450
0.378
0.327
0.333
0.198
0.294
0.326
0.198
0.353
0.339
0.198
0.326
0.307
0.200
0.484
0.499
0.344
0.462
0.490
0.352
0.354
0.357
0.218
0.324
0.318
0.226
0.320
0.359
0.207
0.297
0.315
0.219
0.343
0.371
0.209
0.325
0.301
0.223
0.482
0.532
0.367
0.469
0.491
0.382
0.346
0.397
0.237
0.326
0.323
0.255
0.327
0.299
0.220
0.298
0.309
0.226
0.345
0.299
0.221
0.331
0.280
0.234
0.473
0.449
0.360
0.456
0.461
0.372
0.346
0.326
0.244
0.326
0.305
0.260
0.296
0.305
0.203
0.275
0.289
0.206
0.309
0.308
0.205
0.296
0.279
0.209
0.435
0.449
0.346
0.424
0.439
0.352
0.309
0.313
0.229
0.299
0.283
0.237
0.277
0.309
0.171
0.249
0.281
0.175
0.293
0.308
0.170
0.269
0.262
0.176
0.398
0.438
0.293
0.379
0.408
0.302
0.301
0.333
0.191
0.272
0.280
0.200
0.294
0.406
0.228
0.275
0.383
0.239
0.314
0.396
0.229
0.301
0.356
0.239
0.439
0.558
0.368
0.429
0.532
0.384
0.309
0.419
0.254
0.297
0.370
0.270
