1.560
1.684
1.584
2.972
3.037
3.000
0.847
0.954
0.933
1.263
1.295
1.260
1.023
1.080
0.784
0.327
0.345
0.450
0.379
0.591
0.419
3.547
3.560
3.467
1.652
1.757
1.680
1.438
1.492
1.488
1.442
1.574
1.459
0.350
0.456
0.463
0.948
1.027
1.017
1.420
1.555
1.522
1.572
1.598
1.619
0.414
0.607
1.192
0.480
0.664
0.632
1.100
1.101
1.093
2.082
2.422
2.560
0.445
0.461
0.673
1.064
1.199
1.070
2.313
2.385
2.330
2.732
2.786
2.736
2.292
2.459
2.475
0.852
1.118
1.080
1.392
1.403
1.370
1.048
1.086
1.007
1.119
1.317
1.185
1.758
1.978
2.087
1.261
1.434
1.442
1.247
1.465
1.279
2.298
2.473
2.324
1.880
1.929
1.830
1.527
1.819
1.720
2.268
2.311
2.326
1.641
1.824
1.505
0.843
0.976
0.870
1.346
1.345
1.281
0.794
0.945
0.919
1.412
1.356
1.249
0.896
1.196
1.026
0.818
0.940
0.827
1.584
1.588
1.486
0.568
0.861
0.684
1.002
1.259
1.106
1.596
1.776
1.638
1.459
1.687
1.629
0.844
1.069
0.906
1.515
1.568
1.510
2.402
2.434
2.414
2.429
2.589
2.384
2.151
2.261
2.201
1.532
1.542
1.476
0.891
0.923
0.861
1.170
1.358
1.301
1.474
1.720
1.384
0.741
0.861
0.818
1.105
1.329
0.986
0.572
0.740
0.648
2.648
2.709
2.686
1.937
1.914
1.884
2.440
2.523
2.435
1.082
1.246
1.204
2.181
2.129
2.052
0.579
1.039
0.677
1.871
2.055
1.964
2.013
2.090
2.044
1.247
1.317
1.115
0.993
1.253
1.050
0.783
0.795
0.742
0.783
0.878
0.799
0.921
0.981
0.935
2.150
2.272
2.256
1.670
1.782
1.710
0.819
0.921
0.981
0.913
0.906
0.930
2.091
2.076
2.132
1.970
2.248
2.201
2.100
2.179
2.170
0.828
0.916
0.871
0.841
0.882
0.491
1.249
1.300
1.119
1.907
1.828
1.763
3.265
3.325
3.309
0.536
0.691
0.626
1.887
2.010
1.979
0.919
0.955
0.805
1.745
1.805
1.847
0.608
0.999
0.808
1.242
1.342
1.298
1.111
1.102
1.148
1.122
1.274
1.093
2.701
2.714
2.681
2.385
2.503
2.471
1.156
1.256
1.281
1.725
1.792
1.763
2.095
2.117
2.095
1.083
1.173
1.067
2.152
2.195
2.128
1.049
1.411
1.102
0.446
0.705
0.453
1.660
1.740
1.665
1.581
1.668
1.608
2.064
2.196
2.207
0.945
1.136
0.999
1.299
1.296
1.310
2.345
2.592
2.477
0.740
0.857
0.745
1.409
1.451
1.458
0.663
0.721
0.699
1.554
1.631
1.630
1.587
1.841
1.877
1.801
1.905
1.866
1.145
1.184
1.201
0.811
1.094
0.952
1.806
1.891
1.889
0.526
0.816
0.579
1.643
1.586
1.649
1.041
1.165
1.086
1.221
1.301
1.313
0.816
0.968
0.995
0.758
0.833
0.808
2.254
2.277
2.247
2.740
3.098
2.739
2.841
2.805
2.735
1.469
1.541
1.501
2.241
2.313
2.296
1.811
1.887
1.785
1.366
1.460
1.421
1.595
1.670
1.697
1.815
1.826
1.844
0.830
0.935
0.873
0.973
1.266
1.057
1.341
1.520
1.396
1.904
2.024
1.928
2.475
2.573
2.490
2.034
2.071
2.012
0.264
0.469
0.401
1.722
1.832
1.682
1.552
2.008
1.965
1.880
1.905
1.851
1.578
1.999
1.805
1.261
1.434
1.442
2.156
2.317
2.179
2.334
2.413
2.521
1.529
1.635
1.554
0.545
0.706
0.599
1.186
1.249
1.160
1.619
1.659
1.574
1.041
1.049
0.939
0.942
0.892
0.796
1.892
1.844
1.766
1.464
1.518
1.454
1.999
1.976
1.973
1.245
1.215
1.088
1.704
1.854
1.825
0.794
1.056
0.816
1.480
1.598
1.524
1.224
1.361
1.304
0.968
1.288
1.119
1.071
1.203
1.136
1.284
1.415
1.356
1.402
1.489
1.582
1.570
1.844
1.742
1.099
1.180
0.990
0.807
0.789
0.780
0.843
0.885
0.851
0.834
0.894
0.855
1.439
1.472
1.465
2.176
2.294
2.268
1.280
1.574
1.499
1.373
1.492
1.445
1.274
1.345
1.288
0.830
0.832
0.803
1.525
1.543
1.538
1.706
1.827
1.749
0.884
1.059
1.124
0.845
1.114
1.011
1.699
1.955
1.869
1.545
1.582
1.614
1.023
1.041
0.938
1.647
1.565
1.354
2.519
2.572
2.567
1.535
1.785
1.701
2.718
2.707
2.691
1.495
1.617
1.614
1.343
1.416
1.413
1.740
1.763
1.677
1.782
2.260
1.897
0.376
0.420
0.386
0.868
0.921
0.937
0.899
1.073
0.934
1.742
1.849
1.754
0.678
0.862
0.647
0.987
1.120
1.347
0.904
1.888
0.888
0.525
0.805
0.718
0.690
1.194
0.898
1.851
1.915
1.809
1.288
1.321
1.278
1.901
1.783
1.844
0.951
1.015
0.831
2.325
2.380
2.487
1.792
1.859
1.929
1.437
1.622
1.526
1.067
1.394
1.266
0.639
1.225
1.031
0.611
0.769
0.798
2.256
2.229
2.164
1.428
1.478
1.435
2.210
2.758
2.148
1.320
1.382
1.145
0.840
0.906
0.798
1.429
1.450
1.419
0.909
1.216
0.989
1.643
1.696
1.723
0.836
1.013
1.556
1.595
1.573
1.493
0.763
1.026
0.939
2.702
2.848
2.783
2.334
2.415
2.374
1.800
1.889
1.775
1.641
1.735
1.527
1.678
1.708
1.613
0.508
0.592
0.559
0.532
0.669
0.574
1.130
1.223
1.258
0.491
0.590
0.501
2.660
2.697
2.666
0.946
1.181
0.995
1.812
1.965
1.934
1.217
1.300
1.195
1.330
1.474
1.394
0.846
0.848
0.831
0.574
0.641
0.480
0.596
0.740
0.729
0.654
0.797
0.706
1.602
1.568
1.570
1.081
1.441
1.133
0.956
0.946
0.963
1.832
1.888
1.908
0.750
0.831
0.817
0.878
1.113
0.987
1.503
1.539
1.407
1.990
2.121
2.115
0.706
0.816
0.826
1.906
1.971
1.972
1.161
1.172
0.894
1.810
1.870
1.887
1.289
1.418
1.294
1.107
1.338
1.382
2.121
2.215
2.152
1.084
1.181
1.142
0.909
0.837
0.815
1.090
1.104
1.186
1.873
1.959
1.910
1.505
1.585
1.583
1.616
1.873
1.694
1.281
1.343
1.299
3.128
3.235
3.286
1.250
1.347
1.286
2.016
2.062
1.921
0.690
0.841
0.819
1.618
1.664
1.611
1.507
1.526
1.501
2.132
2.351
2.241
1.980
2.135
2.080
1.585
1.663
1.569
0.326
0.448
0.357
1.485
1.674
1.598
1.626
1.679
1.759
1.127
1.400
1.183
1.190
1.823
1.241
0.908
1.018
0.937
1.126
1.501
1.353
0.864
1.133
0.982
0.478
0.713
0.599
0.834
0.834
0.819
2.054
2.138
2.102
1.038
1.127
1.072
1.038
1.151
1.087
1.288
1.557
1.458
1.547
1.555
1.545
1.286
1.356
1.262
0.319
0.408
0.369
0.729
0.884
0.873
0.645
0.713
0.654
1.910
1.870
2.041
1.685
1.778
1.765
1.840
1.835
1.799
0.570
0.589
0.577
0.789
0.917
0.876
2.851
3.019
3.047
0.840
1.128
1.004
3.080
3.084
3.199
1.139
1.224
1.105
0.627
0.758
0.738
0.922
1.061
0.869
0.999
1.295
1.133
0.868
0.914
0.931
0.539
0.605
0.648
1.845
1.814
1.592
1.197
1.404
1.230
0.680
0.697
0.747
2.260
2.241
2.262
1.235
1.432
1.200
0.877
0.943
0.903
0.708
0.842
0.791
0.773
0.894
0.897
0.529
0.563
0.575
0.827
1.074
0.947
1.367
1.415
1.400
1.909
1.949
1.898
1.663
1.656
1.658
1.801
1.815
1.844
0.957
1.062
0.996
0.982
1.265
1.033
1.342
1.473
1.238
1.835
1.906
1.906
0.746
0.884
0.824
1.595
1.727
1.618
1.038
1.145
1.138
0.612
0.893
0.784
0.998
1.005
0.782
1.250
1.388
1.319
0.940
0.999
1.041
2.666
2.785
2.786
1.439
1.497
1.354
2.649
2.709
2.598
1.449
1.558
1.339
1.972
2.037
1.998
0.528
0.605
0.531
2.998
3.036
3.026
0.925
1.012
0.965
1.257
1.198
1.136
1.621
1.658
1.619
0.767
1.031
0.828
1.103
1.131
1.098
0.923
0.939
0.943
1.671
1.679
1.928
0.721
0.729
0.663
0.549
0.578
0.590
1.591
1.709
1.572
1.436
1.462
1.546
1.404
1.337
1.221
0.854
0.938
0.906
2.614
2.771
2.732
2.202
2.324
2.272
2.228
2.264
2.214
0.772
0.983
0.904
0.843
1.211
0.903
0.337
0.520
0.450
2.861
2.972
2.917
1.735
1.771
1.579
0.792
0.776
0.675
0.849
0.877
0.818
0.404
0.554
0.233
0.867
0.852
0.822
1.127
1.106
1.077
1.383
1.559
1.357
1.456
1.530
1.525
1.163
1.266
1.247
2.823
2.865
2.855
2.793
2.958
2.867
1.785
1.802
1.771
0.779
0.841
0.732
1.023
1.067
1.015
2.053
2.225
2.144
1.887
1.918
1.917
2.413
2.460
2.434
1.337
1.380
1.291
1.602
1.787
1.586
1.238
1.740
1.414
1.198
1.333
1.278
1.140
1.610
0.970
1.368
1.426
1.287
1.215
1.297
1.266
1.568
1.836
1.626
1.286
1.317
1.270
1.186
1.246
1.219
1.382
1.458
1.401
1.048
1.341
1.297
0.906
1.345
1.026
1.139
1.269
1.307
1.926
1.933
1.928
2.313
2.422
2.375
2.095
2.027
2.056
2.005
2.224
1.954
1.575
1.570
1.578
1.165
1.326
1.399
2.304
2.308
2.199
1.299
1.365
1.303
1.953
1.958
1.932
2.013
2.096
2.047
0.750
0.826
0.791
0.974
1.110
1.032
1.088
1.128
1.127
0.897
1.024
0.952
0.329
0.551
0.528
0.780
1.203
0.954
1.086
1.128
1.323
0.822
0.914
0.928
2.484
2.659
2.417
1.448
1.440
1.498
1.726
1.951
1.889
1.514
2.282
1.792
1.315
1.314
1.314
1.168
1.211
1.209
2.158
2.362
2.129
1.396
1.781
1.443
1.511
1.783
1.647
1.034
1.096
0.967
1.004
1.011
1.077
0.693
1.030
0.817
1.200
1.531
1.314
0.964
1.188
1.074
1.115
1.279
1.206
1.344
1.434
1.382
0.612
0.680
0.559
0.670
0.777
0.700
0.991
1.042
1.052
0.753
0.822
0.761
1.014
1.298
1.223
1.267
1.532
1.408
1.165
1.119
0.996
0.815
1.182
0.970
2.615
2.671
2.547
0.681
0.895
0.832
0.571
1.319
0.745
1.058
1.141
1.080
0.482
0.558
0.590
0.857
1.087
0.920
0.823
1.029
0.911
0.265
0.395
0.322
0.413
0.578
0.477
1.124
1.119
1.090
1.742
1.768
1.673
0.922
0.965
0.960
0.743
0.937
0.865
0.940
0.888
0.308
1.112
1.166
1.118
1.225
1.363
1.298
0.852
0.984
0.935
1.277
1.693
1.543
2.065
2.108
2.122
0.996
1.076
0.933
2.791
2.873
2.795
0.530
0.642
0.520
0.706
0.754
0.741
0.714
0.789
0.711
1.056
1.182
1.099
1.056
1.296
1.182
1.303
1.554
1.386
1.511
1.593
1.543
1.226
1.523
1.359
1.646
1.758
1.680
1.682
1.829
1.725
1.405
1.508
1.404
2.276
2.328
2.324
1.654
1.673
1.593
1.167
1.233
1.173
1.561
1.550
1.570
1.941
2.061
2.024
1.169
1.333
1.194
0.956
1.053
0.862
1.904
1.942
1.895
3.426
3.446
3.125
2.161
2.244
2.293
0.696
0.646
0.576
1.887
1.970
1.967
1.775
1.688
1.692
1.651
1.813
1.596
1.363
1.446
1.356
1.365
1.508
1.415
1.364
1.451
1.314
2.070
2.082
2.063
1.444
1.468
1.534
1.707
1.774
1.725
0.949
1.293
1.023
1.725
1.855
1.666
0.655
0.795
0.789
1.788
1.983
1.964
1.207
1.260
1.150
1.045
1.032
0.866
1.593
1.627
1.597
1.081
1.178
1.070
1.244
1.342
1.217
2.638
2.575
2.478
1.200
1.221
1.239
1.147
1.334
1.205
0.879
0.922
0.911
0.911
1.184
1.062
1.413
1.498
1.297
1.043
1.079
1.045
0.619
0.955
0.695
1.801
2.021
1.865
3.252
3.288
3.177
0.182
0.491
0.306
0.642
1.437
0.948
1.748
1.733
1.615
1.907
2.026
1.909
1.319
1.410
1.341
1.651
2.346
1.614
1.864
2.340
1.876
1.200
1.385
1.265
0.246
0.345
0.317
1.936
2.256
1.978
1.441
1.580
1.455
0.605
0.797
0.788
0.628
0.717
0.646
2.677
2.777
2.679
1.629
1.784
2.061
1.060
1.400
1.553
0.872
0.951
0.811
1.864
2.170
1.995
1.007
1.100
1.117
0.635
0.896
0.955
0.880
1.094
1.028
0.987
0.999
1.024
0.646
0.866
0.764
0.823
0.837
0.828
0.853
0.989
0.950
1.892
2.143
1.738
2.948
2.891
2.912
1.634
2.227
2.209
1.233
1.375
1.293
1.417
1.440
1.396
1.253
1.388
1.308
0.886
0.995
0.966
1.096
1.192
1.056
1.662
1.754
1.683
1.151
1.519
1.423
2.147
2.209
2.155
1.363
1.384
1.400
0.318
0.455
0.493
2.389
2.472
2.452
1.407
1.446
1.412
1.934
1.949
2.085
1.261
1.436
1.081
0.922
1.152
1.127
1.087
1.208
1.144
0.966
1.128
1.050
1.675
1.888
1.804
1.992
2.004
1.998
1.629
1.716
1.543
0.750
0.889
0.787
0.837
0.948
0.906
0.434
0.624
0.606
0.469
0.650
0.548
0.948
1.122
1.014
2.029
2.178
2.167
1.482
1.558
1.554
0.651
0.811
0.686
0.362
0.435
0.382
1.337
1.621
1.338
1.413
1.761
1.574
1.352
1.568
1.446
1.241
1.262
1.234
1.220
1.301
1.285
0.755
0.829
0.866
1.108
1.217
1.140
1.020
1.149
1.070
1.332
1.315
1.354
0.731
0.748
0.721
1.743
1.807
1.730
1.974
2.040
2.024
1.726
1.937
1.990
1.002
1.078
0.985
1.542
1.600
1.563
0.754
0.861
0.756
0.832
1.231
0.924
0.832
1.109
1.197
2.881
3.087
3.059
0.798
0.943
0.904
1.125
1.275
1.259
0.821
0.933
0.823
1.786
1.884
1.900
1.346
1.248
1.250
0.780
0.746
0.726
0.903
0.865
0.892
0.764
0.749
0.662
0.736
1.092
0.797
0.584
0.639
0.578
1.112
1.204
1.204
3.293
3.280
3.306
1.858
1.954
1.894
2.064
2.175
2.113
0.911
1.202
0.997
1.150
1.200
1.148
1.785
1.766
1.595
1.930
2.393
1.958
1.974
2.043
1.944
0.796
0.992
0.949
1.212
1.386
1.206
1.967
2.096
2.036
0.434
0.611
1.003
1.121
1.093
1.079
2.575
2.874
2.459
0.957
1.071
0.860
1.221
1.083
1.106
0.950
1.145
1.558
3.127
3.173
3.162
1.214
1.437
1.472
1.914
1.942
1.816
0.773
0.800
0.775
0.542
0.628
0.574
1.212
1.297
1.230
3.599
3.644
3.646
1.407
1.393
1.356
1.993
2.084
1.907
0.490
0.482
0.419
0.210
0.526
0.358
2.392
2.696
2.726
0.706
0.869
0.913
1.181
1.288
1.182
1.643
1.818
1.669
1.114
1.178
1.134
0.991
1.022
0.980
1.533
1.514
1.550
2.535
2.579
2.566
1.948
2.095
1.912
1.028
1.099
1.058
0.832
0.953
0.872
1.608
1.969
1.636
1.608
1.890
1.636
1.608
1.889
1.636
1.189
1.214
1.171
1.712
1.789
1.818
1.595
1.634
1.552
0.972
1.026
0.786
0.425
0.823
0.611
1.275
1.393
1.325
1.740
1.798
1.830
0.753
0.787
0.739
0.862
0.999
0.782
1.130
1.278
1.075
0.967
1.007
1.017
0.862
1.120
1.088
1.268
1.572
1.450
1.066
1.237
1.132
1.141
1.222
1.188
0.943
1.020
1.148
1.027
1.157
1.142
1.971
2.081
1.935
2.081
2.058
1.864
1.317
1.443
1.342
2.507
2.704
2.559
1.261
1.281
1.224
1.824
1.762
1.798
1.897
1.905
1.994
1.897
1.905
1.994
1.010
1.397
1.059
1.346
1.322
1.127
0.888
1.208
0.938
0.888
1.251
0.938
1.693
1.916
1.855
0.924
1.020
1.041
1.589
1.643
1.354
2.556
2.587
2.532
0.330
0.414
0.407
1.146
1.361
1.225
1.236
1.389
1.376
1.254
1.314
1.063
2.511
2.582
2.532
1.432
1.388
1.412
2.766
3.044
2.826
2.019
2.078
2.043
1.685
1.814
1.718
1.904
1.966
1.835
1.194
1.272
1.203
0.724
0.967
0.823
1.230
1.300
1.096
1.163
1.214
1.086
1.073
1.119
1.058
1.224
1.209
1.194
1.235
1.385
1.378
0.951
1.000
0.962
1.085
1.166
1.032
1.519
1.597
1.556
0.614
0.821
0.741
1.065
1.167
1.027
1.816
1.830
1.824
0.499
0.750
0.650
0.752
0.801
0.735
0.842
0.978
0.969
0.490
0.705
0.612
0.900
1.330
1.214
0.389
0.556
0.425
1.636
1.591
1.614
2.057
2.123
2.067
0.755
0.811
0.767
1.972
2.138
2.109
1.730
1.765
1.623
0.900
1.184
1.030
0.804
0.863
0.811
1.258
1.401
1.340
2.041
1.944
2.032
1.258
1.206
1.152
0.473
0.535
0.388
0.712
1.140
0.765
1.402
1.487
1.403
1.098
1.191
1.158
1.193
1.356
1.257
0.924
1.072
1.028
1.462
1.735
1.572
2.973
2.987
2.997
1.491
1.519
1.520
1.088
1.349
1.241
0.978
1.070
1.006
2.310
2.406
2.355
1.690
1.804
1.791
1.866
1.873
1.724
2.600
2.656
2.676
1.715
2.025
1.840
1.544
1.664
1.740
1.584
1.625
1.567
1.398
1.384
1.395
1.479
1.533
1.559
0.899
1.142
1.057
0.858
0.936
0.860
1.119
1.275
1.228
0.716
0.744
0.625
1.398
1.392
1.268
1.955
2.261
2.086
3.452
3.451
3.529
1.184
1.351
1.146
1.167
1.151
1.034
1.208
1.260
1.208
0.890
1.052
0.896
0.869
1.168
1.085
0.430
0.716
0.629
0.852
0.818
0.897
0.945
1.033
1.008
0.976
1.089
0.996
2.877
2.906
2.967
2.856
2.930
2.903
1.877
1.879
1.829
1.576
1.783
1.719
1.502
1.565
1.535
1.369
1.418
1.320
1.165
1.256
1.223
3.263
3.327
3.282
1.398
1.559
1.399
1.818
2.004
1.552
1.204
1.249
1.265
1.520
1.762
1.559
1.985
2.097
1.982
1.493
1.524
1.464
1.521
1.521
1.537
1.682
1.703
1.697
0.703
0.840
0.814
1.348
1.435
1.416
1.242
1.334
1.062
1.048
1.105
1.074
1.669
1.806
1.601
1.635
1.592
1.501
1.673
1.704
1.666
1.078
1.109
1.109
2.003
1.965
1.918
0.897
1.048
0.976
1.440
1.454
1.478
1.440
1.454
1.478
1.381
1.470
1.442
1.796
2.108
1.898
2.225
2.214
2.364
0.617
0.735
0.590
1.490
1.612
1.519
1.651
1.817
1.729
0.637
0.978
0.700
1.497
1.567
1.387
2.602
2.645
2.481
1.504
1.771
1.597
1.515
1.628
1.538
0.831
0.856
0.808
1.018
1.535
1.196
0.899
1.050
0.970
1.963
1.937
1.825
1.401
1.438
1.142
1.187
1.328
1.094
1.352
1.366
1.273
1.352
1.492
1.392
1.286
1.213
1.249
0.844
1.109
0.960
1.189
1.536
1.362
1.574
1.682
1.546
1.747
1.923
1.959
2.085
2.126
2.096
1.155
1.235
1.128
1.654
2.209
2.005
0.919
1.001
0.902
1.602
1.622
1.517
0.628
0.640
0.623
1.101
1.010
1.031
1.275
1.327
1.322
2.183
2.643
2.653
2.121
2.208
2.119
2.812
2.868
2.932
1.084
1.141
1.099
0.768
0.774
0.799
1.308
1.270
1.123
0.660
0.723
0.761
0.631
1.238
0.736
1.686
1.777
1.715
1.193
1.129
1.180
1.795
1.884
1.835
1.740
1.880
1.799
1.797
1.735
1.657
0.374
0.492
0.527
0.902
0.976
0.911
2.495
2.410
2.360
0.685
0.836
0.805
1.195
1.306
1.287
1.399
1.443
1.443
1.654
1.801
1.787
0.965
1.039
1.100
1.760
1.942
1.930
1.254
1.287
1.198
1.202
1.280
1.026
1.103
1.237
1.304
2.113
2.233
2.177
1.568
1.622
1.519
1.532
1.715
1.650
1.994
2.095
1.936
2.496
2.600
2.523
1.070
1.181
1.156
3.763
3.779
3.805
2.117
2.412
2.297
1.282
1.433
1.409
0.586
0.950
0.758
0.848
0.944
0.938
2.714
2.761
2.725
0.877
1.101
0.883
0.803
0.840
0.850
0.612
0.627
0.697
2.122
2.270
2.296
0.888
0.803
0.803
0.587
0.736
0.639
0.974
1.269
1.288
1.711
1.724
1.648
0.537
0.658
0.580
1.430
1.529
1.494
1.642
1.718
1.775
1.353
1.443
1.391
1.623
1.742
1.577
0.926
1.501
1.142
1.230
1.346
1.230
2.415
2.501
2.409
1.942
1.984
1.973
1.772
1.840
1.875
2.414
2.532
2.485
0.743
1.619
0.905
0.516
0.626
0.557
0.496
0.770
0.715
1.655
2.046
1.865
1.242
1.121
1.173
0.723
0.903
0.872
1.392
1.463
1.451
1.607
1.553
1.523
1.466
1.540
1.484
0.274
0.279
0.222
2.084
2.144
2.121
1.208
1.444
1.429
1.056
1.046
0.976
2.317
2.347
2.284
2.574
2.712
2.618
1.811
1.900
1.829
0.851
0.985
0.946
1.108
1.268
1.025
1.561
1.666
1.631
1.452
1.566
1.680
2.263
2.239
2.261
1.131
1.130
1.061
3.004
3.279
3.342
1.236
1.555
1.388
1.742
1.648
1.771
1.712
2.228
2.171
0.656
0.795
0.722
2.027
2.042
2.067
1.029
1.027
0.938
1.677
1.606
1.515
0.301
0.387
0.337
1.030
1.016
0.973
1.358
1.356
1.387
1.010
1.450
0.884
0.851
1.011
0.972
0.836
0.826
0.733
1.530
1.551
1.587
1.400
1.467
1.395
1.637
1.756
1.577
2.260
2.343
2.354
1.230
1.246
1.210
1.813
1.941
1.901
1.675
1.869
1.750
1.479
1.423
1.468
1.533
1.588
1.399
1.606
1.633
1.628
0.560
0.714
0.681
0.350
0.818
0.804
1.617
1.650
1.564
0.637
0.770
0.707
0.767
0.875
0.862
0.494
0.473
0.368
0.726
1.099
0.860
2.409
2.449
2.553
0.828
0.909
0.822
1.414
1.488
1.415
0.505
0.605
0.555
1.118
1.432
1.294
1.031
1.171
1.024
3.304
3.552
3.394
2.193
2.162
2.169
0.687
0.834
0.794
1.449
1.636
1.406
1.286
1.427
1.366
4.414
4.377
4.366
1.100
1.251
1.193
2.317
2.495
2.493
1.064
1.342
1.127
1.015
1.040
0.967
1.456
1.635
1.536
0.848
0.964
0.933
1.688
1.755
1.624
2.310
2.408
2.411
2.630
2.599
2.610
0.474
0.560
0.584
0.845
0.959
1.014
1.308
1.363
1.336
1.189
1.319
1.166
1.839
2.201
1.755
2.278
2.642
2.478
1.223
1.422
1.402
1.809
1.806
1.832
1.490
1.593
1.537
1.997
2.013
1.981
1.921
1.927
1.991
2.752
2.780
2.794
1.664
1.779
1.665
3.009
3.317
3.118
1.982
2.035
1.995
1.090
1.062
0.957
0.839
0.822
0.549
1.694
1.837
1.809
0.270
0.557
0.438
1.963
1.885
1.796
1.780
1.827
1.791
1.654
1.729
1.689
0.630
0.731
0.703
2.266
2.311
2.231
1.154
1.255
1.223
1.893
2.023
1.941
1.421
1.449
1.307
0.479
0.604
0.585
1.968
2.004
2.016
0.618
0.737
0.571
0.883
1.003
0.820
1.813
1.715
1.805
1.214
1.232
1.252
0.655
0.790
0.714
0.897
0.935
0.838
1.651
1.988
1.773
0.948
1.038
0.968
0.555
0.729
0.688
1.582
1.578
1.607
2.174
2.251
1.616
1.310
1.326
1.251
1.303
1.643
1.781
1.182
1.363
1.275
1.122
1.375
1.269
2.177
2.246
2.184
0.941
1.026
0.938
0.614
0.743
0.604
1.482
1.575
1.488
1.495
1.663
1.554
1.442
1.505
1.466
0.704
0.767
0.708
1.170
1.315
1.170
0.347
0.472
0.440
1.638
1.785
1.826
2.024
2.080
1.946
0.700
1.055
0.905
1.349
1.390
1.379
2.024
2.080
1.946
1.414
1.451
1.442
0.972
1.039
1.023
1.432
1.433
1.417
0.686
0.784
0.727
0.855
0.922
0.931
0.895
1.014
1.011
2.655
2.746
2.716
1.558
1.524
1.505
1.685
1.778
1.727
0.466
0.619
0.479
0.497
0.823
0.895
1.524
1.537
1.565
1.349
1.389
1.260
1.209
1.312
1.214
0.788
0.820
0.631
0.310
0.526
0.309
0.891
1.229
1.068
1.791
2.194
2.208
0.916
1.179
0.999
1.160
1.154
1.047
1.896
2.084
2.100
0.791
0.816
0.678
1.074
1.302
1.026
0.797
0.868
0.813
1.244
1.251
1.206
0.849
1.077
1.306
0.571
0.669
0.656
1.085
1.271
1.301
1.195
1.438
1.439
2.019
2.069
1.967
1.265
1.323
1.302
1.113
1.149
0.913
2.285
2.613
2.326
1.237
1.360
1.390
1.201
1.262
1.133
0.961
1.040
1.032
2.101
2.117
2.050
0.541
0.685
0.436
1.156
1.252
1.091
0.820
1.081
1.138
0.973
1.013
1.011
1.894
1.915
1.940
1.061
1.141
1.011
1.193
1.200
1.217
1.139
1.135
1.069
0.998
1.033
1.040
1.272
1.499
1.321
0.996
0.964
0.915
1.288
1.408
1.296
2.155
2.129
2.085
0.904
0.858
0.797
0.828
0.843
0.774
1.441
1.554
1.381
1.328
1.442
1.407
0.839
0.958
0.837
1.524
1.861
1.648
0.555
0.684
0.592
2.052
2.190
2.076
1.599
1.742
1.840
2.674
2.726
2.656
1.944
2.240
2.189
1.503
1.616
1.730
1.108
1.250
1.221
0.892
0.935
0.830
0.621
0.682
0.718
1.244
1.202
1.263
0.957
1.006
0.996
1.169
1.344
1.245
0.765
0.811
0.621
1.923
1.950
1.730
2.297
2.413
2.435
2.769
2.809
2.605
1.436
1.666
1.557
0.991
1.517
1.222
2.352
2.388
2.448
1.978
1.943
1.920
0.993
1.159
1.015
1.130
1.336
1.212
2.639
2.713
2.667
1.192
1.077
1.151
1.007
0.985
1.007
0.679
1.036
0.741
0.828
0.886
0.829
0.969
1.107
1.028
2.772
2.935
3.049
0.401
0.595
0.417
1.308
1.552
1.351
0.892
0.846
0.906
2.224
2.274
2.060
1.214
1.294
1.221
1.168
1.409
1.420
0.280
0.554
0.438
0.694
0.673
0.757
0.791
0.890
0.810
0.991
1.080
1.122
1.336
1.452
1.418
1.979
2.104
1.933
1.970
2.744
2.172
1.667
1.707
1.677
0.695
0.827
0.789
0.737
0.751
0.705
0.908
1.237
1.044
2.281
2.358
2.436
0.540
0.674
0.645
1.158
1.282
1.245
1.659
1.694
1.605
1.049
1.061
0.912
1.347
1.325
1.294
0.851
1.030
0.880
1.740
1.886
1.813
0.606
0.671
0.653
0.813
0.913
0.825
0.869
0.954
0.830
1.191
1.247
1.368
1.372
1.534
1.564
1.372
1.791
1.789
1.072
1.045
1.033
1.407
1.631
1.504
0.922
1.015
0.903
0.687
1.055
0.900
1.631
1.785
1.711
1.535
1.607
1.560
1.562
1.723
1.612
0.725
0.941
0.769
0.696
0.755
0.653
1.755
1.701
1.647
2.180
2.038
2.085
1.993
2.108
2.074
1.287
1.524
1.235
1.353
1.418
1.417
1.314
1.308
1.421
1.755
1.839
1.766
0.618
0.770
0.735
1.278
1.309
1.331
1.496
1.543
1.441
0.494
0.672
0.613
0.588
0.862
0.758
1.742
1.767
1.751
3.441
3.590
3.457
2.447
2.622
2.535
1.673
1.769
1.648
0.745
0.803
0.785
1.033
1.185
1.018
1.704
1.728
1.694
2.644
2.662
2.594
0.831
0.898
0.847
1.438
1.391
1.454
2.427
2.371
2.357
2.208
2.388
2.308
0.715
0.682
0.615
2.614
2.652
2.420
1.439
1.589
1.547
0.893
0.993
0.887
0.656
0.711
0.426
2.140
2.193
2.058
0.601
0.688
0.556
1.462
1.542
1.506
0.666
0.984
0.820
1.813
1.763
1.840
1.944
2.095
2.399
1.921
1.949
1.962
1.164
1.260
1.149
0.603
0.804
0.702
0.689
0.770
0.766
0.907
0.985
1.037
1.219
1.322
1.355
2.374
2.369
2.326
1.862
1.811
1.903
0.989
0.987
0.936
1.520
1.753
1.605
2.393
2.364
2.335
2.243
2.295
2.350
1.822
1.887
1.840
2.393
2.798
2.435
2.417
2.833
2.624
2.009
2.064
1.998
2.153
2.380
2.145
1.138
1.377
1.487
1.402
1.464
1.470
1.353
1.635
1.493
2.022
2.154
2.138
2.180
2.217
2.191
1.535
1.703
1.514
1.589
1.769
1.663
1.589
1.707
1.703
1.635
1.655
1.533
2.140
2.362
2.093
2.855
2.768
2.659
1.413
1.399
1.406
2.428
2.426
2.385
2.051
2.060
2.036
1.258
1.567
1.315
2.028
2.144
2.141
1.256
1.330
1.306
0.403
0.563
0.496
2.164
2.148
2.215
1.381
1.493
1.804
1.745
1.822
1.770
1.537
1.559
1.602
0.598
0.668
0.661
1.626
1.713
1.615
2.080
2.148
2.133
1.353
1.344
1.211
1.440
1.513
1.504
3.082
3.046
2.848
2.180
2.537
2.347
2.241
2.361
2.352
1.113
1.500
1.517
2.007
2.132
1.972
0.495
0.532
0.444
1.173
1.178
1.188
1.053
1.195
1.034
1.989
2.025
1.948
1.840
1.954
1.944
1.453
1.693
1.645
1.465
1.628
1.402
1.740
1.904
1.919
1.536
1.471
1.339
1.195
1.238
1.250
1.083
1.266
1.070
1.313
1.348
1.052
0.575
0.710
0.693
0.932
0.965
0.846
0.573
0.645
0.652
1.422
1.586
1.411
1.944
1.967
1.902
2.079
2.188
2.068
1.189
1.191
1.191
0.636
0.706
0.697
1.910
1.834
1.714
1.930
1.971
1.793
1.040
0.981
0.882
0.840
1.052
0.917
1.499
1.756
1.718
2.027
2.217
2.236
1.410
1.446
1.342
1.135
1.240
1.101
1.419
1.449
1.397
1.949
2.015
1.969
2.837
2.911
2.859
0.886
0.971
0.891
2.347
2.486
2.382
1.960
2.119
2.018
1.461
1.529
1.513
1.146
1.062
1.104
1.781
1.784
1.618
1.085
1.196
1.158
1.347
1.293
1.419
1.932
1.981
2.021
1.542
1.677
1.611
2.851
2.852
2.589
0.944
0.950
0.919
1.556
1.576
1.629
1.410
1.547
1.214
1.067
1.120
1.073
1.305
1.315
1.286
1.711
1.732
1.704
0.253
0.520
0.422
1.895
1.891
1.867
1.618
1.623
1.585
2.264
2.292
2.252
1.988
1.998
1.964
1.025
1.109
1.071
0.862
0.999
0.885
0.563
0.639
0.390
0.901
0.963
1.047
1.638
1.738
1.668
1.681
1.728
1.523
1.241
1.298
1.182
1.380
1.409
1.327
0.919
1.074
1.055
0.579
0.642
0.526
2.438
2.609
2.474
0.676
0.817
0.780
0.765
0.779
0.807
0.775
0.984
0.791
0.939
1.001
1.071
0.443
0.499
0.479
1.398
1.381
1.405
1.594
1.682
1.568
0.683
0.789
0.811
1.251
1.298
1.331
1.804
1.845
1.877
1.294
1.544
1.491
1.125
1.211
1.206
0.638
0.737
0.712
0.723
0.943
0.829
0.761
0.912
0.857
1.613
1.659
1.647
0.789
0.862
0.885
2.020
2.081
2.044
0.743
1.436
0.764
1.397
1.415
1.339
0.918
1.181
1.007
0.380
0.521
0.470
2.330
2.314
2.344
1.245
1.227
1.220
1.703
1.808
1.743
1.409
1.436
1.149
1.061
1.274
1.189
1.816
1.962
1.876
0.650
0.768
0.635
1.031
1.395
1.119
2.956
2.964
2.792
1.349
1.604
1.524
0.986
1.002
0.810
0.886
1.150
1.101
2.742
2.818
2.556
0.949
1.625
1.665
1.155
1.168
1.104
1.036
1.038
1.065
2.126
2.347
2.172
2.130
2.103
2.109
0.621
0.738
0.465
2.012
2.161
1.979
1.183
1.297
1.215
1.045
1.149
1.079
0.214
0.474
0.475
0.670
0.869
0.759
0.385
0.375
0.316
0.992
0.973
0.901
0.864
0.948
0.970
0.848
0.891
0.802
1.479
1.857
1.451
1.488
1.498
1.394
0.881
0.923
0.823
1.071
1.249
0.968
0.612
0.732
0.693
1.070
1.082
1.094
0.882
0.936
0.912
1.492
1.528
1.482
0.906
1.065
1.012
0.966
1.018
0.927
2.198
2.305
2.265
0.618
0.767
0.648
1.033
1.152
1.110
1.343
1.399
1.410
1.107
1.126
1.139
0.853
0.871
0.801
1.164
1.140
1.130
0.877
1.086
0.936
2.393
2.393
2.279
1.288
1.480
1.421
2.714
3.382
2.663
1.636
1.612
1.740
2.002
2.139
2.103
2.153
2.142
2.074
1.177
1.197
1.111
1.316
1.397
1.332
1.725
1.752
1.653
0.397
0.489
0.307
0.540
0.599
0.502
1.449
1.686
1.807
1.478
1.756
1.514
1.398
1.479
1.362
0.692
0.902
0.863
0.928
0.992
0.835
2.728
2.870
2.860
0.935
0.879
0.961
1.108
1.204
1.126
0.995
1.440
1.113
1.366
1.447
1.251
0.837
0.902
0.894
1.609
1.629
1.607
1.962
2.466
2.146
0.846
1.036
0.967
1.323
1.392
1.707
1.745
1.775
1.798
1.083
1.183
1.118
1.807
1.825
1.780
0.884
1.051
0.953
1.579
1.540
1.594
1.805
1.838
1.810
1.725
1.784
1.770
1.677
2.388
2.709
1.993
2.086
2.019
1.451
1.571
1.537
0.946
1.833
1.022
1.408
1.649
1.455
1.001
1.049
1.035
1.996
1.976
1.955
1.481
1.663
1.637
1.962
2.192
2.213
1.349
1.474
1.392
0.236
0.450
0.378
0.871
0.966
0.864
1.300
1.430
1.395
1.731
1.945
1.524
1.866
2.166
2.016
1.313
1.893
1.944
1.630
1.754
1.458
0.761
1.226
0.932
0.841
0.851
0.913
0.733
1.025
0.916
1.786
1.868
1.743
1.101
1.198
1.056
1.020
1.033
0.994
0.868
0.908
0.863
0.922
1.052
0.871
0.846
0.952
0.935
2.072
2.059
2.072
1.657
1.702
1.713
1.329
1.403
1.293
0.872
1.077
0.975
0.553
0.715
0.675
0.523
0.595
0.582
1.804
1.834
1.828
1.107
1.165
1.100
0.728
0.930
0.864
0.785
0.774
0.377
1.023
1.156
1.113
0.715
0.815
0.673
0.559
0.991
1.084
0.861
0.865
0.749
1.355
1.384
1.377
2.864
3.040
3.125
2.252
2.376
2.279
1.264
1.371
1.257
1.980
2.127
1.981
2.228
2.353
2.257
1.050
1.113
1.131
1.050
1.225
1.233
1.578
1.612
1.690
0.774
0.935
0.871
2.926
2.903
2.913
1.738
1.811
1.749
1.269
1.472
1.348
1.049
1.032
0.975
1.411
1.479
1.404
1.297
1.392
1.312
2.094
2.232
2.136
1.071
1.180
0.996
4.313
4.375
4.407
1.253
1.240
1.178
1.107
1.262
1.125
1.667
1.745
1.716
1.039
1.088
1.072
1.333
1.398
1.399
1.977
2.076
2.023
1.874
1.935
1.915
0.239
0.401
0.260
2.731
2.964
2.744
1.109
1.230
1.211
2.227
2.245
2.240
1.660
1.740
2.175
2.029
2.029
2.031
0.553
0.666
0.628
1.618
1.679
1.662
1.284
1.391
1.199
1.611
1.664
1.585
3.578
3.579
3.665
0.427
0.504
0.441
1.059
1.293
1.176
1.393
1.485
1.391
1.428
1.574
1.537
1.291
1.277
1.301
1.509
1.491
1.344
2.874
2.937
2.868
1.284
1.236
1.472
1.215
1.562
1.391
1.512
1.644
1.593
0.519
0.650
0.569
1.735
1.761
1.743
2.566
2.571
2.492
1.142
1.270
1.187
0.994
1.108
1.002
1.880
1.941
1.891
1.255
1.373
1.346
1.573
1.651
1.424
1.665
1.765
1.782
1.524
1.544
1.561
1.524
1.547
1.553
1.002
1.099
0.918
1.918
2.017
1.973
0.605
0.759
0.650
1.509
1.702
1.617
0.730
0.785
0.699
1.414
1.428
1.321
1.035
1.090
1.000
0.687
0.736
0.713
0.687
0.736
0.713
0.804
0.972
0.951
2.220
2.291
2.191
2.030
2.079
2.047
1.501
1.683
1.596
1.614
1.805
1.701
0.728
0.870
1.065
1.737
1.885
1.602
1.910
1.922
1.978
0.887
0.994
0.875
1.349
1.412
1.387
2.215
2.323
2.318
2.128
2.481
2.280
1.361
1.413
1.495
0.755
0.805
0.698
1.047
1.301
1.074
2.290
2.254
2.231
2.658
2.704
2.624
1.077
1.220
1.129
1.102
1.090
0.884
1.084
1.166
1.093
0.982
1.028
0.883
1.208
1.423
1.271
0.716
0.759
0.726
1.369
1.300
1.118
1.603
1.634
1.540
0.784
1.243
1.083
0.798
1.002
0.843
0.745
0.905
0.781
0.707
0.785
0.820
1.782
2.092
1.924
1.643
1.632
1.546
1.214
1.224
1.048
0.659
0.782
0.553
1.176
1.167
1.045
1.867
1.983
1.961
1.515
1.521
1.353
2.865
3.333
2.830
1.859
1.997
1.966
1.722
1.749
1.753
1.207
1.258
1.284
2.275
2.529
2.376
1.472
1.557
1.550
0.863
0.923
0.839
1.680
1.814
1.703
0.655
0.778
0.676
2.052
1.923
2.024
1.013
1.156
1.092
0.965
1.016
1.037
1.085
1.148
1.100
1.779
1.826
1.805
2.735
2.865
2.827
1.766
1.831
1.722
1.524
1.805
1.744
1.464
1.659
1.608
2.929
2.967
2.916
0.875
1.072
0.894
0.486
0.667
0.595
3.274
3.474
3.761
0.317
0.444
0.278
1.421
1.492
1.450
0.758
0.777
0.639
1.868
1.880
1.663
2.200
2.318
1.883
1.326
1.458
1.340
0.783
0.905
0.932
1.401
1.477
1.397
0.915
0.997
0.987
1.223
1.443
1.314
2.062
2.036
2.002
1.151
1.215
1.153
0.694
0.842
0.748
0.896
0.987
0.928
0.376
0.568
0.429
0.743
0.745
0.630
0.587
0.671
0.641
1.707
1.779
1.782
3.422
3.536
3.391
1.167
1.267
1.133
1.541
1.538
1.383
0.557
0.751
0.640
1.219
1.307
1.250
1.048
1.464
1.021
0.929
0.895
1.222
2.256
2.314
2.252
3.129
3.049
3.050
0.976
1.049
1.063
1.455
1.568
1.511
0.964
1.062
0.957
2.704
2.724
2.670
1.859
2.193
1.990
0.956
1.007
1.016
0.766
0.844
0.764
0.786
1.010
0.847
1.173
1.134
1.141
1.958
2.066
2.006
1.853
1.876
1.919
1.422
1.738
1.708
1.136
1.174
1.141
1.136
1.174
1.141
2.931
3.015
2.957
0.405
0.480
0.428
2.366
2.447
2.411
0.681
0.828
0.640
1.255
1.253
1.235
1.547
1.574
1.568
1.448
1.468
1.397
1.509
1.640
1.533
0.719
0.856
0.748
2.469
2.616
2.576
1.927
2.005
1.956
1.288
1.310
1.314
0.992
1.113
1.038
2.786
2.813
2.777
3.518
3.414
3.416
0.681
0.828
0.640
0.620
0.871
0.713
1.884
1.966
1.913
2.196
2.229
2.124
1.726
1.659
1.689
1.297
1.211
1.297
2.080
2.071
1.951
0.973
1.095
1.080
1.680
1.606
1.652
1.775
2.098
1.811
1.185
1.280
1.342
0.616
0.688
0.658
1.728
1.773
1.791
1.642
1.807
1.708
3.148
3.173
3.159
0.904
1.038
0.888
1.660
1.711
1.703
1.028
1.119
1.148
1.370
1.346
1.327
2.131
2.233
2.225
1.876
2.049
1.999
0.782
1.017
0.994
1.081
1.183
1.094
1.608
1.669
1.647
0.735
0.713
0.620
2.096
2.124
2.106
1.567
1.659
1.541
2.038
2.075
2.060
2.029
2.090
2.065
1.339
1.514
1.479
1.121
1.293
1.192
1.427
1.419
1.379
2.106
2.184
1.994
1.118
1.265
1.185
1.538
1.565
1.395
0.923
1.080
0.976
2.053
2.063
2.038
1.957
2.040
1.993
1.417
1.521
1.585
1.206
1.286
1.285
0.850
0.892
0.709
1.158
1.193
1.206
1.596
1.720
1.615
1.303
1.386
1.278
1.411
1.520
1.556
1.121
0.942
1.006
0.701
0.936
0.789
0.852
0.879
0.485
0.597
0.699
0.799
1.235
1.295
1.284
1.709
1.744
1.738
0.505
0.715
0.493
1.792
1.905
1.913
2.044
2.095
2.211
2.523
2.542
2.671
2.463
2.629
2.535
1.221
1.327
1.246
1.979
2.028
1.943
1.108
1.264
1.282
1.200
1.213
1.139
0.507
0.737
0.623
1.454
1.406
1.419
1.114
1.621
1.374
1.348
1.350
1.253
1.682
1.754
1.669
2.038
2.148
1.919
0.772
0.899
0.905
1.597
1.846
1.590
1.577
1.488
1.493
1.595
1.618
1.626
1.811
2.002
1.882
1.417
1.502
1.500
1.592
1.642
1.598
1.385
1.494
1.436
1.088
0.953
1.047
0.392
0.619
0.459
1.336
1.425
1.394
1.344
1.384
1.392
0.701
0.745
0.739
0.629
0.995
0.764
1.442
1.424
1.551
1.172
1.259
1.168
2.618
2.567
2.659
0.988
1.214
1.158
2.893
3.024
2.999
1.277
1.364
1.322
1.425
2.094
1.531
2.489
3.560
2.832
0.613
0.740
0.710
1.278
1.513
1.444
1.955
1.939
1.918
2.733
2.803
2.884
2.638
2.668
2.607
0.971
1.208
0.991
1.067
1.114
1.106
1.359
1.440
1.402
0.831
0.987
0.887
0.745
0.927
0.905
1.333
1.449
1.347
2.052
1.904
1.906
1.220
1.404
1.385
0.528
0.666
0.589
0.992
1.052
1.041
0.848
1.330
1.010
1.680
1.816
1.693
2.343
2.426
2.362
2.238
2.661
2.670
0.613
0.697
0.590
1.568
1.878
1.596
2.149
2.441
2.307
0.909
0.923
0.873
2.810
2.896
2.867
1.677
1.929
1.469
0.891
1.077
0.947
1.379
1.348
1.104
1.035
1.308
1.212
1.330
1.316
1.250
0.800
0.917
0.810
3.020
2.982
2.995
1.825
1.828
1.606
1.966
1.948
2.002
1.644
2.046
1.852
0.835
0.785
0.750
1.392
1.348
1.407
0.688
0.754
0.594
0.978
1.244
0.969
1.054
1.090
0.986
0.330
0.683
0.466
0.657
0.773
0.793
2.244
2.223
2.281
1.328
1.413
1.317
1.592
1.697
1.650
0.902
1.041
0.925
0.957
0.998
0.982
1.589
1.598
1.596
1.686
1.686
1.396
1.540
1.665
1.602
0.927
1.155
1.125
0.469
0.485
0.489
1.057
1.185
1.091
0.341
0.515
0.400
1.246
1.311
1.345
1.116
1.215
1.088
0.652
0.971
0.801
2.365
2.350
2.119
1.049
1.090
1.015
2.163
2.173
2.089
1.333
1.445
1.458
1.497
1.568
1.531
1.277
1.374
1.295
1.889
1.822
1.869
1.737
1.770
1.751
0.884
0.916
0.754
1.268
1.463
1.282
1.268
1.463
1.282
1.729
1.760
1.760
0.497
0.595
0.565
1.270
1.272
1.327
0.532
0.568
0.451
0.905
1.055
0.946
1.422
1.672
1.329
0.392
0.356
0.338
1.652
1.604
1.583
1.180
1.376
1.144
1.219
1.314
1.199
1.494
1.543
1.528
1.536
1.648
1.659
1.174
1.271
1.196
0.650
0.805
0.742
0.559
0.638
0.617
0.875
1.048
1.055
1.761
1.801
1.752
1.601
1.672
1.446
1.068
1.235
1.120
0.483
0.653
0.567
1.325
1.440
1.337
1.653
1.657
1.581
1.958
1.984
1.934
1.703
1.941
1.757
1.555
1.612
1.622
1.195
1.199
1.137
0.861
1.016
1.070
1.201
1.398
1.267
1.209
1.477
1.366
1.049
1.170
1.068
1.855
2.020
1.958
1.992
2.070
2.101
1.375
1.451
1.253
0.364
0.486
0.443
0.438
0.420
0.396
0.831
0.993
0.835
0.831
0.993
0.835
2.357
2.502
2.478
2.097
2.309
2.289
1.959
2.275
1.898
1.765
1.895
1.857
0.918
1.224
1.056
0.953
0.977
0.868
1.987
1.864
1.701
0.932
1.050
0.972
1.047
1.261
1.124
1.393
1.415
1.438
1.156
1.302
1.212
1.879
2.247
2.197
0.453
0.611
0.572
1.422
1.383
1.389
1.102
1.184
1.123
1.295
1.368
1.289
1.126
1.187
1.192
1.132
1.214
1.229
1.460
1.666
1.571
1.247
1.337
1.285
0.573
0.756
0.748
1.699
1.598
1.656
0.898
0.986
0.994
0.878
0.946
0.926
1.574
1.638
1.534
1.507
1.586
1.504
1.704
1.745
1.751
0.731
0.775
0.737
0.931
1.148
0.958
1.214
1.343
1.299
0.754
0.882
0.743
0.779
0.871
0.827
1.116
1.195
1.134
0.586
0.741
0.592
1.855
1.974
1.932
0.923
0.947
0.918
1.119
1.186
1.131
0.762
0.845
0.827
0.481
0.534
0.435
1.375
1.435
1.360
1.311
1.420
1.226
1.054
1.231
1.013
0.680
0.708
0.660
1.336
1.403
1.265
0.356
0.394
0.381
0.726
0.808
0.723
2.358
2.407
2.343
1.879
2.078
1.965
1.553
1.805
1.619
2.037
2.061
2.098
1.447
1.457
1.485
0.661
0.724
0.708
1.784
1.894
1.756
0.505
0.764
0.608
2.317
2.374
2.343
0.995
1.090
1.094
1.145
1.194
1.121
1.145
1.273
1.182
0.926
1.679
1.140
1.901
1.913
1.880
2.009
2.087
2.035
0.862
0.905
0.788
1.444
1.650
1.575
1.136
1.219
1.175
1.617
1.556
1.546
2.913
2.955
2.774
0.457
0.493
0.468
1.993
1.922
1.868
2.137
2.258
2.355
1.801
1.822
1.741
2.481
2.455
2.467
0.860
0.855
0.785
0.512
0.675
0.766
0.480
0.775
0.675
1.222
1.382
1.533
1.346
1.387
1.420
0.663
0.916
0.805
0.663
0.916
0.805
1.126
1.298
1.221
0.453
0.609
0.402
0.733
0.743
0.688
1.633
1.577
1.481
1.444
1.448
1.438
2.181
2.359
2.285
2.181
2.421
2.285
0.842
0.881
0.820
2.457
2.496
2.492
2.254
2.275
2.336
1.081
1.252
1.028
1.789
1.824
1.784
0.813
0.859
0.753
1.892
2.222
2.143
1.178
1.000
1.215
0.741
1.065
0.902
1.145
1.382
1.171
0.889
0.930
0.981
1.444
1.681
1.630
1.450
1.630
1.416
2.200
2.175
1.967
2.435
2.584
2.478
1.088
1.094
1.034
1.826
1.867
1.834
2.425
2.465
2.376
2.996
3.248
3.116
1.365
1.587
1.544
1.315
1.511
1.155
2.253
2.249
2.273
0.837
0.846
0.817
1.776
1.864
1.842
0.827
0.900
0.928
1.237
1.281
1.214
1.084
1.031
1.030
0.713
0.800
0.633
0.521
0.652
0.591
2.649
2.798
2.751
0.808
0.921
0.884
1.687
1.463
1.566
1.361
1.431
1.275
2.151
2.345
2.136
2.219
2.387
2.278
1.371
1.573
1.521
0.776
0.866
0.837
0.583
0.733
0.623
1.777
1.852
1.835
2.659
2.680
2.787
1.310
1.386
1.303
1.192
1.361
1.318
2.289
2.280
2.136
2.462
2.419
2.453
2.117
2.207
2.154
0.525
0.594
0.516
1.955
1.921
1.990
0.659
0.807
1.282
2.405
2.507
2.670
1.067
1.206
1.044
1.226
1.285
1.311
2.002
2.162
2.030
0.586
0.634
0.426
1.571
1.612
1.520
0.926
0.975
0.967
0.727
0.782
0.715
1.719
1.857
1.786
2.086
2.144
2.096
1.011
1.086
1.093
0.989
0.991
0.810
1.405
1.354
1.428
1.448
1.610
1.505
1.645
1.751
1.633
1.049
1.176
1.007
1.442
1.722
1.500
0.865
0.896
0.820
1.443
1.450
1.397
1.255
1.292
1.245
1.370
1.528
1.418
1.557
2.111
1.964
0.882
1.203
1.055
0.516
0.752
0.594
1.719
1.781
1.749
1.644
1.664
1.645
1.485
1.583
1.414
0.972
0.985
0.930
1.248
1.227
1.324
1.642
1.751
1.669
0.753
0.775
0.683
1.821
1.779
1.816
1.465
1.417
1.475
1.796
1.808
1.816
0.250
0.295
0.242
1.155
1.226
1.208
1.467
1.715
1.747
2.359
2.398
2.366
0.688
0.863
0.745
1.270
1.314
1.262
1.735
1.853
1.977
1.383
1.674
1.597
1.406
1.515
1.542
1.406
1.764
1.825
1.062
1.452
1.317
1.534
2.115
2.055
1.344
1.351
1.395
1.174
1.188
1.151
2.263
2.764
2.688
1.893
1.911
1.654
1.123
1.129
1.113
1.796
1.915
1.744
0.309
0.304
0.290
0.582
0.787
0.732
1.617
1.735
1.733
1.793
2.178
2.166
1.025
1.063
0.965
0.358
0.560
0.503
2.044
2.040
2.039
1.153
1.301
1.258
0.536
0.690
0.527
1.998
2.023
2.096
1.424
1.525
1.529
0.789
1.003
0.928
0.503
0.986
0.666
0.792
0.813
0.759
0.819
1.054
0.939
1.383
1.542
1.411
1.513
1.474
1.602
1.093
1.135
1.121
0.529
0.659
0.634
1.407
1.444
1.406
0.905
1.009
0.882
0.840
0.951
0.905
0.871
0.955
0.898
1.838
1.848
1.744
1.620
1.671
1.596
0.913
0.877
0.745
1.450
1.590
1.357
1.056
1.229
1.158
1.184
1.445
1.497
1.537
1.678
1.494
1.018
1.074
1.034
0.976
1.111
1.076
1.642
1.606
1.618
1.468
1.660
1.465
0.536
0.600
0.596
1.310
1.312
1.290
1.315
1.441
1.363
1.778
1.968
1.719
2.124
2.211
2.132
1.506
1.637
1.630
0.785
1.219
0.835
0.442
0.545
0.511
0.821
0.818
0.791
0.851
0.931
0.917
1.318
1.780
1.339
1.677
1.673
1.628
1.378
1.452
1.329
0.750
0.955
0.892
0.746
0.709
0.588
0.759
0.971
0.722
0.674
1.174
0.794
1.175
1.213
1.188
0.775
0.854
0.896
0.563
0.606
0.538
1.120
1.188
1.129
0.755
1.028
0.809
0.664
0.764
0.679
0.752
0.956
0.827
0.884
1.102
1.204
0.553
0.912
0.760
0.827
0.859
0.702
1.315
1.358
1.171
1.431
1.516
1.501
1.161
1.205
0.978
1.291
1.364
1.319
0.996
1.148
0.893
0.390
0.450
0.396
1.207
1.627
1.309
1.820
1.888
1.820
2.038
1.859
1.906
0.793
1.012
0.699
1.230
1.243
1.177
1.031
1.159
1.072
2.872
3.079
2.967
0.952
1.064
1.003
1.109
1.239
1.101
0.876
0.835
0.784
1.369
1.388
1.203
0.339
0.688
0.421
0.769
0.876
0.654
2.429
2.477
2.400
1.198
1.255
1.253
2.197
2.363
2.253
1.477
1.441
1.392
0.748
0.788
0.736
1.067
1.072
1.056
1.777
1.829
1.769
1.603
1.964
1.538
0.621
0.656
0.648
1.093
1.119
1.239
4.009
4.047
3.995
1.224
1.361
1.193
2.074
2.095
2.377
1.864
1.901
1.694
1.119
1.210
1.191
0.935
1.100
0.906
0.620
0.781
0.728
0.806
0.904
0.847
1.470
1.684
1.699
0.931
1.041
1.026
0.931
0.992
0.964
0.613
0.853
0.801
1.121
1.319
1.094
2.057
2.188
2.220
0.634
0.654
0.641
0.482
0.541
0.501
1.748
1.938
1.902
1.050
1.027
0.974
1.580
1.584
1.554
0.942
1.416
1.224
0.942
1.170
1.032
0.966
1.056
0.929
0.355
0.569
0.490
0.993
1.053
0.861
0.737
0.801
0.801
1.266
1.265
1.249
2.141
2.183
2.063
1.056
1.236
1.194
1.533
1.703
1.640
0.760
1.275
1.038
1.528
1.635
1.582
2.143
2.153
2.085
0.640
0.725
0.620
1.041
1.167
1.181
1.806
1.940
1.983
0.638
0.721
0.633
1.264
1.357
1.321
1.326
1.371
1.279
2.142
2.171
2.142
2.400
2.427
2.379
1.460
1.443
1.459
1.310
1.398
1.349
1.305
1.405
1.387
1.461
1.700
1.573
1.015
1.058
1.003
1.791
1.877
1.851
0.712
0.784
0.778
1.324
1.387
1.285
1.283
1.282
1.341
1.727
1.805
1.764
0.658
0.888
0.806
0.750
0.955
0.892
2.229
2.353
2.318
1.484
1.497
1.364
1.594
1.613
1.533
1.906
1.938
1.904
0.983
1.096
0.942
0.608
0.862
0.745
0.617
0.707
0.676
1.072
1.141
1.015
0.937
1.094
1.081
1.212
1.318
1.294
0.641
0.739
0.441
0.536
0.692
0.688
1.319
1.383
1.316
0.437
0.514
0.487
1.733
1.770
1.752
1.037
1.226
1.234
0.745
0.821
0.772
1.686
1.529
1.566
0.638
0.774
0.757
1.692
1.791
1.738
2.672
3.072
2.827
0.855
0.947
0.959
1.725
1.776
1.629
1.582
1.512
1.524
1.927
1.936
1.928
1.424
1.392
1.394
0.999
1.156
1.127
0.838
1.016
0.921
1.315
1.289
1.129
0.343
0.434
0.305
3.578
3.642
3.607
1.649
1.642
1.635
0.707
0.808
0.704
0.407
0.467
0.430
0.992
1.060
0.923
0.768
0.987
0.768
0.768
1.018
0.768
1.188
1.224
1.165
0.918
0.939
0.899
1.017
1.164
1.064
1.008
1.100
0.941
2.409
2.460
2.351
1.897
1.919
1.780
1.324
1.449
1.233
0.874
0.931
0.862
2.579
2.649
2.558
1.788
1.879
1.883
2.198
2.256
1.927
2.410
2.345
2.476
1.355
1.265
1.239
0.393
0.567
0.507
3.100
3.069
3.074
0.711
1.136
0.842
1.667
1.641
1.591
0.721
0.742
0.714
0.975
1.065
1.025
0.888
1.180
0.988
2.020
2.107
2.112
2.338
2.419
2.514
1.642
1.726
1.448
1.913
2.027
1.959
1.605
1.830
1.669
1.242
1.308
1.332
1.737
1.860
1.869
1.133
1.196
1.129
0.928
0.913
0.817
2.019
2.283
2.073
0.943
1.010
0.984
1.021
1.171
1.070
1.324
1.459
1.403
1.010
0.974
1.019
1.214
1.187
1.039
1.015
1.231
1.099
1.120
1.206
1.150
0.916
1.103
0.938
1.114
1.153
1.168
1.604
1.651
1.515
1.332
1.320
1.223
1.049
1.111
0.898
1.829
1.980
1.841
1.365
1.381
1.337
1.297
1.385
1.312
1.881
1.878
1.869
0.697
0.902
0.950
0.888
0.910
0.903
1.090
1.191
1.182
1.521
1.667
1.540
0.910
0.970
0.961
0.801
0.916
0.693
2.215
2.292
2.213
1.168
1.207
1.190
0.954
1.062
0.960
0.817
0.893
0.854
2.357
2.437
2.363
0.268
0.371
0.269
1.153
1.274
1.058
0.796
0.875
0.784
0.662
0.678
0.926
0.990
1.007
0.905
1.139
1.299
1.220
1.791
1.736
1.847
0.406
0.525
0.512
1.393
1.396
1.336
0.251
0.312
0.282
0.897
1.072
0.873
0.928
0.968
0.896
3.393
3.334
3.320
1.673
1.697
1.716
1.318
1.421
1.384
2.221
2.306
2.260
1.079
1.207
1.179
1.530
2.206
1.400
0.953
0.938
0.837
0.797
0.874
0.774
0.714
0.750
0.691
1.830
2.018
1.799
1.284
1.349
1.263
0.769
0.860
0.789
1.942
2.015
1.939
1.144
1.170
1.145
1.161
1.215
1.122
1.301
1.517
1.345
1.182
1.366
1.288
0.913
1.022
0.882
0.202
0.481
0.324
1.346
1.309
1.162
0.217
0.410
0.274
0.988
1.060
1.045
1.378
1.358
1.301
1.014
1.070
0.930
2.644
2.745
2.633
1.648
1.739
1.649
1.628
1.641
1.531
1.771
1.765
1.807
1.248
1.301
1.271
0.873
0.968
0.879
2.054
2.161
2.107
1.345
1.427
1.383
1.260
1.258
1.224
0.721
0.708
0.608
1.935
1.929
1.928
2.476
2.492
2.400
1.006
1.338
1.255
1.941
2.035
1.990
1.561
1.717
1.609
0.703
0.740
0.662
0.830
0.841
0.827
0.818
0.937
0.853
2.744
2.760
2.707
1.361
1.395
1.372
1.824
2.017
1.825
0.698
0.878
0.839
1.512
1.520
1.238
1.898
1.887
1.910
0.576
1.018
1.062
1.076
1.150
1.055
1.817
2.226
2.190
1.974
2.039
1.950
1.981
2.226
1.918
1.326
1.388
1.392
1.609
2.158
1.908
0.432
0.647
0.640
2.140
2.154
2.077
1.124
1.134
1.090
0.851
0.942
0.875
0.861
1.323
1.598
2.474
2.524
2.490
0.887
0.908
0.905
1.381
1.453
1.469
1.257
1.253
1.214
2.029
2.255
2.182
1.357
1.401
1.420
1.939
1.902
1.859
1.750
1.846
1.621
1.080
1.323
1.282
0.539
0.714
0.659
0.950
1.502
1.098
0.709
0.811
0.690
3.984
3.967
3.967
1.048
1.093
0.942
1.992
2.039
1.952
2.079
2.089
2.050
1.868
1.917
1.901
1.546
1.927
1.856
2.102
2.240
2.093
0.784
1.065
1.014
1.159
1.178
1.067
0.447
0.658
0.549
1.613
1.986
1.713
1.110
1.216
1.222
1.210
1.300
1.266
0.812
1.042
0.862
1.129
1.223
1.095
1.500
1.507
1.505
0.776
0.907
0.858
0.497
0.638
0.625
1.074
1.207
1.068
0.905
0.938
0.870
1.230
1.369
1.258
1.100
1.127
1.087
1.485
1.520
1.491
1.087
1.186
1.155
0.619
0.628
0.550
1.283
1.332
1.293
0.624
0.638
0.558
1.800
1.885
1.812
1.596
1.674
1.608
1.560
1.613
1.549
1.785
1.924
1.794
1.601
1.593
1.622
1.620
1.649
1.702
0.595
0.721
0.627
0.811
1.040
0.666
1.579
1.575
1.463
0.861
0.879
0.845
1.862
2.102
1.964
1.072
1.379
1.436
1.714
1.829
1.600
1.589
1.745
1.566
0.612
0.678
0.486
1.893
1.863
1.859
1.326
1.375
1.279
1.646
1.645
1.344
1.222
1.668
1.381
1.519
1.533
1.635
2.652
2.893
2.756
2.652
2.893
2.756
0.994
1.142
0.999
1.172
1.202
1.212
1.013
1.129
1.052
2.266
2.307
2.347
1.805
1.922
1.869
0.840
0.941
0.848
2.951
3.005
2.987
1.671
1.795
1.733
1.396
1.457
1.185
2.599
2.624
2.616
2.543
2.734
2.688
0.520
0.630
0.425
1.363
1.408
1.365
1.911
1.961
1.898
1.094
1.218
1.190
1.693
1.694
1.667
1.465
1.650
1.631
2.029
2.079
1.960
0.951
0.999
0.921
0.735
0.855
0.747
0.284
0.553
0.423
0.768
1.447
0.906
1.482
1.756
1.689
2.072
2.291
2.220
2.138
2.215
2.208
0.896
1.025
0.912
0.767
0.928
0.807
1.104
1.219
0.943
1.030
1.131
1.130
0.575
1.032
0.671
0.690
0.773
0.748
0.637
0.689
0.674
1.007
1.110
0.878
0.946
1.105
1.267
0.610
0.747
0.663
0.818
0.761
0.517
1.958
2.065
2.040
0.569
0.608
0.604
0.881
1.029
0.935
1.469
1.563
1.415
1.522
1.601
1.510
0.972
1.498
0.846
0.689
0.988
0.890
2.073
2.130
2.061
1.281
1.392
1.382
2.453
2.528
2.424
1.390
1.342
1.104
0.634
0.583
0.613
1.870
1.932
1.726
1.157
1.264
1.212
3.113
3.092
3.179
0.401
0.472
0.307
1.008
0.974
1.063
0.249
0.437
0.294
1.855
1.949
1.701
1.506
1.667
1.584
0.841
1.119
0.894
0.841
1.130
0.894
1.096
1.443
1.157
0.601
0.718
0.654
0.898
0.878
0.821
1.084
1.229
1.050
1.084
1.322
1.167
1.154
1.201
1.159
0.922
1.215
1.063
3.980
4.062
4.038
0.723
0.797
0.747
0.797
0.873
0.712
0.937
0.963
0.967
1.661
1.723
1.722
1.365
1.409
1.337
0.491
0.646
0.532
0.995
1.025
0.983
0.694
0.822
0.805
1.562
1.679
1.441
1.404
1.452
1.333
1.459
1.533
1.553
1.138
1.233
1.158
1.737
1.841
1.830
0.762
0.771
0.585
1.206
1.277
1.230
1.608
1.586
1.579
1.341
1.428
1.430
0.470
0.485
0.382
1.536
1.560
1.514
1.643
1.621
1.598
1.063
1.356
1.236
0.708
1.052
0.812
1.561
1.599
1.598
0.684
0.746
0.688
1.496
1.446
1.467
1.375
1.497
1.353
0.677
0.769
0.775
2.716
2.717
2.691
1.145
1.060
1.033
0.754
0.808
0.711
2.118
2.036
2.092
2.215
2.176
2.007
1.710
1.862
1.804
1.261
1.263
1.150
2.060
2.284
2.195
0.809
0.870
0.785
1.303
1.392
1.292
3.955
3.964
4.030
0.855
0.975
0.944
0.322
0.416
0.377
1.187
1.210
1.157
1.411
1.472
1.411
1.359
1.465
1.420
1.060
1.092
0.977
1.951
2.236
2.171
0.439
0.548
0.431
0.828
1.013
0.853
1.552
1.748
1.715
0.938
1.031
0.983
0.699
0.967
0.671
1.091
1.241
1.137
1.025
1.087
1.178
1.514
1.580
1.627
1.073
1.094
1.053
1.018
1.110
1.060
2.007
2.007
1.929
0.624
0.801
0.757
1.347
1.487
1.440
0.388
0.470
0.362
0.983
0.997
0.976
0.740
0.738
0.814
0.790
0.926
0.789
1.465
1.479
1.372
1.889
1.863
1.730
1.664
1.725
1.692
0.677
0.943
0.884
1.319
1.338
1.244
1.060
1.301
1.217
1.100
1.108
1.058
1.897
1.872
1.835
1.018
1.032
1.000
2.318
2.450
2.253
2.242
2.325
2.272
0.903
1.025
0.866
0.411
0.517
0.349
1.979
2.043
2.027
0.385
0.605
0.351
1.701
1.898
1.841
1.502
1.579
1.547
0.636
0.750
0.699
0.933
1.156
1.044
0.751
0.852
0.990
0.718
0.744
0.577
1.389
1.485
1.474
1.839
1.861
1.697
1.799
1.787
1.834
0.568
0.781
0.642
0.423
0.470
0.420
1.068
1.432
1.214
2.202
2.298
2.242
1.049
1.186
1.127
2.208
2.312
1.631
1.368
1.589
1.452
0.783
0.971
0.846
0.929
1.166
0.990
1.486
1.666
1.512
1.393
1.502
1.324
0.972
1.044
0.659
2.077
2.110
2.066
2.074
2.217
2.206
1.453
1.473
1.592
1.578
1.661
1.667
0.764
0.797
0.771
0.226
0.493
0.476
0.920
1.238
0.984
2.108
2.234
2.165
1.993
2.102
1.950
1.475
1.928
1.635
1.260
1.386
1.399
1.001
1.165
1.041
0.879
0.872
0.860
1.249
1.502
1.119
0.982
1.199
1.121
0.723
0.835
0.804
1.017
1.088
1.002
0.902
1.523
1.431
0.907
1.038
1.012
0.638
0.678
0.406
1.226
1.225
1.195
1.358
1.354
1.530
1.552
1.612
1.628
1.640
1.653
1.635
0.896
0.872
0.747
1.772
1.740
1.780
0.776
0.894
0.875
1.819
1.879
1.827
1.540
1.736
1.756
0.510
0.645
0.589
1.057
1.163
1.100
1.085
1.173
1.165
2.154
2.169
2.048
0.331
0.720
0.440
0.999
1.223
1.157
2.947
2.923
3.004
1.188
1.617
1.303
1.767
1.829
1.726
0.575
0.745
0.664
0.688
0.812
0.717
1.289
1.405
1.180
1.068
1.486
1.088
1.409
1.623
1.406
2.138
2.149
2.206
1.562
1.746
1.324
3.075
3.101
3.051
0.707
0.929
1.032
1.842
1.831
1.763
1.391
1.554
1.488
1.128
1.148
1.111
1.452
1.561
1.455
0.984
1.206
0.848
0.919
1.012
1.098
1.372
1.368
1.255
0.561
0.662
0.717
1.168
1.285
1.346
1.451
1.540
1.526
1.387
1.584
1.571
1.251
1.287
1.257
1.914
2.013
1.972
1.122
1.178
1.075
1.628
1.633
1.755
1.405
1.595
1.399
0.632
0.763
0.743
2.260
2.284
1.969
0.478
0.565
0.568
1.285
1.337
1.264
1.030
1.183
1.071
1.092
1.198
1.555
0.238
0.549
0.353
0.638
0.829
0.809
1.005
1.365
1.157
0.375
0.460
0.398
1.229
1.261
1.267
0.279
0.488
0.427
1.006
1.456
1.291
0.529
0.672
0.546
1.006
1.069
0.988
1.094
1.156
1.099
1.233
1.439
0.987
0.787
0.944
0.846
1.921
1.926
1.911
0.739
0.984
0.871
1.206
1.276
1.441
1.136
1.431
1.289
2.307
2.326
2.206
1.175
1.141
1.134
1.250
1.442
1.355
2.116
2.267
2.037
0.925
1.286
1.066
1.266
1.212
1.254
0.624
0.877
0.716
1.260
1.248
1.048
1.037
1.075
1.052
1.394
1.359
1.232
1.014
1.019
0.967
1.384
1.389
1.348
1.198
1.308
1.248
0.945
0.894
0.781
0.812
1.008
0.877
1.075
1.161
1.133
0.961
0.968
0.957
0.880
0.936
0.867
0.643
0.717
0.710
0.638
0.712
0.626
1.071
1.147
1.004
0.355
0.429
0.438
0.885
0.926
0.888
0.845
0.971
0.684
0.720
0.807
0.748
1.609
1.638
1.484
1.204
1.286
1.252
0.807
0.896
0.820
0.944
0.991
0.906
0.860
1.009
0.932
1.758
1.854
1.809
1.339
1.478
1.385
1.399
1.685
1.412
0.603
0.860
0.817
1.673
1.787
1.634
0.550
0.730
0.625
1.347
1.457
1.758
0.686
0.774
0.658
0.283
0.438
0.395
1.168
1.321
1.183
1.183
1.289
1.217
1.412
1.618
1.987
1.525
1.738
2.134
1.412
1.618
1.987
1.525
1.738
2.134
1.525
1.738
2.134
1.412
1.618
1.987
1.381
1.580
1.919
0.881
0.849
0.833
0.825
0.948
0.835
0.635
0.835
0.629
1.196
1.186
1.175
1.720
1.741
1.673
3.306
3.306
3.013
0.916
1.000
0.837
1.482
1.586
1.540
1.983
2.000
2.128
2.536
2.436
2.495
0.837
0.823
0.759
1.063
1.127
1.037
2.386
2.425
2.422
1.518
1.599
1.569
0.638
0.716
0.680
2.613
2.546
2.475
1.825
1.812
1.802
0.307
0.564
0.271
0.887
1.032
0.961
1.134
1.303
1.226
1.068
1.069
0.910
0.876
0.881
0.684
0.409
0.460
0.482
0.950
1.077
1.016
1.388
1.640
1.510
1.229
1.423
1.340
0.753
0.998
0.787
1.513
1.518
1.519
2.383
2.487
2.330
1.113
1.074
0.720
2.438
2.425
2.311
1.014
1.065
1.017
0.774
0.841
0.812
0.996
1.019
0.966
1.057
1.054
1.077
1.370
1.484
1.304
2.061
2.068
2.028
0.831
1.721
1.065
2.005
2.158
2.427
0.610
0.683
0.633
0.876
0.914
0.868
0.475
0.622
0.603
0.803
0.903
0.574
0.931
1.001
0.906
0.535
0.531
0.420
0.736
0.846
0.674
1.396
1.467
1.422
1.182
1.285
1.167
1.532
1.519
1.517
1.371
1.371
1.298
0.861
0.974
0.868
2.807
2.800
2.764
1.322
1.394
1.279
1.630
1.793
1.641
1.475
1.503
1.397
0.730
0.917
0.776
1.293
1.330
1.310
1.917
1.953
1.785
0.786
0.797
0.814
1.023
1.024
1.014
0.700
0.753
0.730
0.561
0.638
0.540
1.180
1.159
1.123
1.446
1.641
1.670
1.153
1.257
1.201
0.775
0.893
0.783
0.793
0.847
0.834
2.583
2.690
2.663
3.760
3.800
3.759
0.538
0.611
0.444
1.728
1.882
1.727
1.728
1.902
1.899
0.751
0.755
0.669
1.165
1.211
1.124
0.817
0.850
0.887
1.858
1.850
1.757
1.163
1.280
1.196
1.156
1.524
1.251
1.420
1.385
1.380
1.349
1.413
1.234
0.798
0.968
0.893
0.792
0.861
0.796
1.661
1.698
1.709
0.699
0.707
0.705
1.057
1.067
1.367
0.741
1.119
0.846
1.175
1.249
1.290
1.590
1.787
1.646
1.249
1.321
1.331
1.620
1.704
1.675
3.501
3.567
3.400
1.493
1.502
1.485
0.542
0.731
0.712
1.613
1.750
1.677
1.703
1.801
1.779
2.651
2.501
2.511
1.330
1.359
1.397
0.937
0.924
0.956
1.469
1.488
1.499
0.471
0.726
0.551
1.219
1.601
1.314
2.405
2.518
2.393
2.203
2.202
2.140
2.719
2.669
2.609
0.222
0.280
0.249
1.490
1.519
1.446
0.836
0.981
1.058
1.678
1.721
1.568
0.824
0.829
0.755
0.367
0.385
0.243
1.152
1.181
1.101
0.659
0.728
0.669
1.095
1.195
1.127
0.872
0.921
1.038
1.017
1.056
1.033
4.157
4.153
4.070
1.264
1.471
1.302
1.863
2.080
1.900
1.252
1.234
1.223
2.177
2.069
2.026
1.240
1.315
1.264
1.252
1.282
1.105
1.401
1.518
1.451
1.886
1.986
1.886
1.006
1.166
0.994
1.755
1.835
1.829
1.707
1.661
1.675
1.621
1.615
1.596
1.621
1.630
1.623
0.910
1.049
1.021
1.655
1.744
1.655
1.814
2.023
1.962
0.584
0.668
0.626
1.591
1.703
1.526
1.570
1.633
1.589
0.624
0.767
0.731
1.129
1.286
1.338
1.030
1.226
1.167
0.456
0.819
0.629
1.568
1.682
1.549
0.708
0.770
0.797
1.184
1.220
0.658
1.196
1.415
1.328
1.557
1.482
1.319
0.540
0.678
0.659
0.246
0.480
0.360
0.811
0.796
0.816
0.661
0.825
0.729
1.336
1.452
1.430
1.740
1.802
1.741
1.583
1.636
1.592
0.784
0.980
0.727
1.530
1.920
1.680
0.986
1.234
1.000
1.248
1.342
1.237
1.444
1.599
1.508
1.330
1.325
1.066
1.521
1.630
1.492
0.283
0.993
0.498
0.375
0.384
0.339
1.677
1.747
1.742
0.903
0.980
0.954
0.807
0.904
0.731
1.982
2.025
2.009
1.723
1.946
1.874
1.651
1.843
1.993
1.507
1.783
1.610
3.641
3.675
3.627
0.723
0.945
0.861
1.363
1.845
1.453
0.761
0.838
0.750
1.431
1.640
1.650
0.897
0.963
0.899
0.780
0.874
0.647
0.611
0.685
0.628
1.070
1.340
1.133
0.915
0.962
0.913
0.632
0.735
0.649
0.644
0.801
0.737
0.430
0.610
0.698
0.406
0.516
0.489
0.799
1.076
0.756
1.628
1.671
1.604
2.121
2.114
2.131
0.987
1.261
0.968
1.318
1.324
1.320
1.121
1.133
1.128
0.753
0.828
0.614
0.841
1.022
0.840
1.989
2.201
2.082
1.266
1.305
1.156
1.376
1.583
1.464
2.028
2.160
2.093
0.745
0.908
0.821
1.164
1.271
1.283
1.116
1.274
1.153
0.618
0.765
0.608
1.410
1.542
1.481
0.959
1.113
1.024
1.344
1.437
1.281
1.276
1.477
1.284
0.550
0.615
0.547
2.014
2.623
2.060
1.777
1.793
1.738
0.340
0.377
0.160
2.021
2.002
2.059
2.066
2.038
2.045
1.388
1.453
1.410
1.422
1.506
1.337
1.505
1.458
1.379
0.856
0.871
0.842
2.571
2.686
2.511
0.960
1.043
0.787
1.431
1.508
1.320
0.274
0.393
0.291
1.309
1.350
1.293
0.944
1.533
0.884
0.592
0.740
0.719
0.605
1.001
0.675
0.605
1.020
0.873
1.596
1.604
1.711
0.558
0.794
0.691
0.675
0.718
0.697
0.665
1.029
0.681
0.844
1.018
0.914
1.971
1.967
1.925
1.030
1.061
1.038
1.667
2.083
1.879
1.622
1.702
1.637
2.070
2.155
2.048
0.982
1.026
0.927
1.983
1.896
1.894
1.421
1.473
1.448
1.578
1.658
1.522
1.299
1.328
1.206
0.345
0.413
0.392
0.744
0.971
0.790
0.617
0.948
0.883
0.895
0.957
0.873
0.827
0.862
0.700
1.300
1.513
1.391
0.937
1.418
1.075
0.841
1.251
1.439
1.633
1.729
1.610
1.547
1.646
1.652
1.224
1.245
1.148
2.125
2.185
2.157
1.809
1.964
1.981
1.466
1.483
1.514
1.401
1.497
1.423
0.993
1.067
1.007
1.328
1.678
1.324
0.614
0.823
0.711
1.521
1.666
1.652
2.174
2.585
2.291
1.231
1.297
1.303
0.449
0.720
0.673
1.830
1.888
1.853
1.214
1.264
1.220
0.891
0.998
0.902
0.519
0.615
0.414
1.002
0.938
1.127
1.794
1.793
1.818
0.497
1.018
0.382
0.899
1.665
0.620
0.661
0.725
0.616
0.748
1.238
0.630
1.525
1.644
1.407
2.465
2.495
2.476
0.720
0.788
0.692
2.767
2.836
2.771
1.636
1.639
1.584
1.341
1.466
1.373
1.881
1.983
1.928
0.703
0.820
0.815
0.753
0.811
0.772
0.780
0.850
0.849
1.069
1.111
0.782
1.287
1.605
1.385
1.571
1.867
1.742
1.551
1.614
1.598
0.429
0.836
0.982
1.605
1.706
1.595
0.756
0.796
0.775
2.878
2.922
2.897
1.380
1.387
1.327
1.984
2.023
1.964
1.131
1.157
1.158
0.471
0.702
0.661
0.471
0.702
0.661
0.471
0.702
0.661
1.223
1.238
1.099
0.473
0.524
0.449
1.000
1.149
0.961
1.532
1.536
1.529
0.838
0.981
0.940
0.437
0.641
0.530
0.806
0.915
0.809
0.906
1.031
0.918
0.906
1.228
1.124
1.393
1.358
1.191
0.926
1.604
1.061
1.268
1.796
1.362
1.047
1.098
1.260
0.957
0.984
0.948
1.209
1.244
1.167
0.729
0.806
0.688
1.589
1.614
1.605
1.236
1.480
1.449
1.084
1.196
1.112
3.170
3.282
2.994
0.953
1.049
1.005
1.099
1.240
1.150
1.346
1.335
1.131
0.872
0.966
0.682
1.533
1.716
1.589
0.581
0.734
0.650
1.022
1.068
1.020
1.229
1.319
1.119
1.282
1.330
1.333
1.714
2.243
1.774
1.877
1.881
1.832
0.910
1.001
0.935
1.313
2.054
1.220
0.739
0.882
0.854
0.362
0.400
0.252
1.585
1.770
1.591
1.067
0.986
1.003
0.842
0.927
0.880
0.675
0.800
0.676
3.473
3.418
3.496
1.280
1.367
1.213
1.244
1.203
1.209
0.413
0.578
0.459
1.625
1.594
1.466
1.288
1.498
1.318
1.135
1.356
1.170
1.664
2.039
1.777
0.653
0.778
0.675
0.812
0.866
0.805
0.631
0.665
0.677
0.864
0.865
0.712
1.150
1.295
1.292
0.830
0.934
0.897
1.140
1.146
1.027
1.140
1.294
1.276
1.236
1.427
1.330
0.880
1.177
0.879
0.638
0.684
0.636
1.564
1.785
1.521
0.974
1.032
0.977
1.342
1.316
1.582
1.235
1.262
1.206
0.242
0.580
0.319
2.247
2.283
2.265
0.862
0.957
0.923
0.810
0.960
0.882
1.703
1.812
1.747
2.379
2.525
2.361
1.517
1.498
1.371
0.995
1.347
1.297
0.650
0.662
0.675
1.743
1.822
1.863
0.766
0.827
0.747
2.742
2.748
2.770
1.548
1.768
1.631
3.523
3.467
3.459
3.423
3.552
3.611
0.573
0.854
0.577
0.868
0.869
0.795
1.165
1.039
0.806
1.213
1.303
1.228
0.873
1.102
0.957
2.041
2.076
1.974
1.262
1.362
1.327
0.760
0.795
0.603
1.592
1.616
1.304
2.023
2.012
1.929
1.182
1.372
1.234
2.728
2.782
2.776
1.505
1.450
1.486
1.569
1.450
1.477
0.710
0.750
0.723
0.513
0.616
0.464
1.153
1.138
1.187
0.395
0.551
0.532
1.217
1.295
1.254
1.999
2.179
2.119
0.664
0.780
0.592
0.978
0.959
0.919
0.555
0.767
0.886
0.741
0.823
0.761
0.560
1.059
0.431
0.836
0.916
0.745
0.261
0.387
0.351
0.956
1.030
1.007
1.479
1.537
1.489
1.909
1.797
1.846
2.934
2.951
2.563
2.769
3.011
2.906
1.700
1.870
1.586
1.700
1.845
1.585
1.071
1.298
1.163
1.301
1.408
1.237
0.518
0.584
0.470
1.608
1.586
1.495
1.323
1.463
1.405
0.800
0.994
0.953
0.555
0.593
0.556
1.086
1.096
1.029
1.274
1.459
1.374
0.805
0.916
0.713
1.252
1.216
1.169
1.139
1.280
1.252
0.945
1.270
1.159
1.142
1.175
1.147
0.957
1.063
0.996
1.293
1.499
1.540
0.774
0.866
0.781
1.276
1.297
1.085
1.174
1.213
1.123
0.861
0.917
0.924
0.721
0.777
0.683
1.895
2.074
1.886
1.381
1.407
1.375
0.920
1.002
0.922
0.932
1.096
1.180
1.610
1.894
1.694
0.766
0.862
0.810
1.027
1.095
1.047
0.662
0.983
0.795
2.014
2.276
2.233
0.742
0.776
0.696
0.742
0.773
0.811
1.325
1.473
1.422
0.509
0.632
0.552
2.401
2.705
2.478
0.974
1.155
0.938
0.797
0.919
0.830
1.326
1.299
1.265
0.701
0.680
0.705
1.328
1.396
1.354
1.244
1.328
1.106
1.256
1.504
1.228
0.839
0.917
0.939
1.627
1.711
1.519
0.550
0.669
0.585
2.159
2.267
2.035
1.174
1.142
0.992
1.591
1.621
1.633
1.543
1.545
1.516
2.320
2.405
2.142
0.908
1.041
0.970
1.399
1.572
1.562
0.964
1.106
1.070
0.864
0.965
0.788
0.590
0.752
0.612
0.773
0.797
0.732
1.405
1.508
1.468
1.300
1.309
1.190
1.114
1.318
1.038
0.670
0.881
1.007
1.532
1.670
1.401
1.686
1.871
1.777
0.825
1.273
1.019
0.616
0.765
0.676
0.735
0.815
0.463
0.738
0.860
0.759
1.992
1.996
1.791
1.434
1.430
1.354
0.841
1.030
0.974
1.143
1.243
1.131
0.523
0.678
0.599
1.274
1.352
1.338
1.521
1.572
1.160
0.616
0.765
0.676
1.548
1.619
1.527
1.030
1.154
1.034
0.596
0.741
0.654
0.831
0.910
0.800
0.867
0.938
0.899
0.596
0.741
0.654
1.203
1.269
1.215
0.315
0.396
0.467
0.752
0.811
1.094
1.813
1.882
1.936
1.226
1.376
1.326
1.353
1.363
1.301
0.596
0.741
0.654
1.606
1.641
1.411
0.900
0.913
0.874
0.596
0.741
0.654
0.643
0.751
0.678
0.899
1.104
1.002
1.066
1.109
1.111
0.867
0.912
0.931
0.730
1.014
0.822
1.559
1.602
1.355
0.668
0.823
0.594
0.668
0.832
0.658
0.668
0.862
0.658
1.271
1.386
1.383
0.956
1.149
0.997
0.456
0.681
0.562
0.681
0.786
0.733
0.616
0.765
0.676
0.720
0.770
0.748
1.390
1.433
1.346
0.691
0.819
0.697
0.642
0.763
0.689
0.503
1.254
0.721
1.409
1.450
1.299
1.560
1.361
1.413
0.886
0.953
0.926
1.812
1.801
1.765
1.238
1.313
1.229
0.710
0.850
0.768
2.158
2.574
2.399
0.886
1.004
0.919
0.974
1.112
1.086
0.596
0.741
0.654
0.718
0.922
0.733
0.523
0.726
0.484
0.957
0.953
0.895
0.980
0.982
0.765
1.645
1.695
1.647
1.563
1.595
1.525
1.275
1.295
1.269
0.569
0.721
0.594
1.397
1.547
1.488
0.609
0.717
0.605
1.274
1.498
1.391
1.343
1.531
1.315
0.843
1.511
1.028
1.609
1.796
1.670
0.950
1.026
0.912
1.018
1.076
0.980
0.817
0.898
0.880
0.753
0.842
0.747
0.942
0.898
0.898
2.370
2.366
2.237
0.702
0.725
0.670
1.786
1.850
1.799
2.062
2.337
2.184
3.587
3.607
3.492
0.493
0.577
0.550
0.718
0.862
0.820
1.040
1.116
0.915
1.748
1.846
1.720
3.012
3.079
3.113
0.845
1.007
0.666
0.350
0.444
0.395
0.542
0.774
0.614
0.633
0.670
0.612
0.911
0.936
0.942
1.027
1.088
0.978
1.365
1.663
1.441
2.054
2.252
2.187
1.634
1.712
1.613
0.705
0.848
0.786
0.685
0.865
0.712
2.109
2.189
2.129
0.754
0.856
0.795
1.457
1.485
1.399
1.282
1.378
1.346
1.992
2.048
1.933
1.617
1.540
1.968
2.475
2.470
2.431
0.829
0.784
0.606
0.600
0.878
0.714
0.942
1.105
1.011
1.350
1.330
1.320
1.261
1.324
1.279
2.134
2.096
1.985
1.804
1.808
1.809
1.893
1.909
1.924
1.269
1.388
1.312
0.874
0.888
0.867
0.689
0.896
0.830
0.560
0.679
0.645
1.169
1.255
1.223
0.936
1.040
1.152
0.889
0.969
0.897
0.856
1.153
0.991
1.531
1.590
1.616
1.261
1.454
1.423
2.299
2.210
2.145
1.625
1.687
1.619
1.877
1.917
1.942
1.130
1.358
1.323
1.566
1.615
1.623
0.832
0.983
0.819
1.387
1.426
1.372
0.620
0.903
0.830
0.732
0.693
0.759
1.224
1.327
1.335
0.439
0.446
0.502
0.820
1.016
0.969
1.064
1.053
0.971
2.120
2.130
2.152
1.575
1.795
1.705
0.833
0.917
0.807
2.153
2.136
2.107
0.856
0.981
0.975
2.375
2.407
2.336
1.779
1.906
1.826
1.845
2.023
1.905
2.097
2.136
2.097
0.735
1.532
1.032
2.895
3.014
3.007
2.786
2.858
2.775
1.295
1.388
1.372
0.909
1.030
0.944
1.478
1.521
1.525
0.554
0.714
0.656
1.282
1.261
1.250
1.634
1.733
1.736
2.456
2.558
2.478
2.099
2.156
2.140
0.932
1.117
1.016
1.760
1.851
1.853
0.673
0.863
0.809
1.143
1.152
1.137
1.351
1.356
1.347
0.629
0.813
0.792
1.062
1.198
1.167
0.696
0.841
0.818
1.392
1.341
1.182
2.417
2.449
2.438
2.015
2.010
2.051
2.411
2.399
2.483
0.805
0.957
0.909
0.669
0.716
0.716
1.395
1.407
1.365
0.722
0.795
0.729
2.136
2.241
2.257
1.106
1.558
1.624
0.361
0.537
0.524
0.754
0.795
0.668
1.576
1.654
1.542
0.703
0.925
0.844
1.484
1.521
1.451
1.168
1.132
1.038
1.263
1.358
1.344
0.736
0.996
0.914
1.146
1.164
1.101
1.631
1.670
1.427
2.599
2.667
2.696
1.426
1.429
1.233
0.770
0.822
0.775
0.768
0.777
0.774
2.295
2.262
2.079
1.602
1.662
2.065
2.354
2.484
2.363
0.899
1.055
0.898
1.701
1.727
1.544
2.046
2.175
2.050
1.478
1.526
1.495
0.906
1.078
1.020
1.595
1.830
1.929
1.160
1.343
1.321
1.204
1.174
0.948
1.455
1.497
1.666
0.887
0.944
0.955
0.737
0.791
0.799
0.731
0.814
0.834
0.731
0.814
0.834
0.731
0.814
0.834
1.951
1.998
1.909
0.462
0.616
0.393
1.376
1.438
1.390
0.458
0.534
0.522
1.277
1.452
1.346
0.776
1.055
1.074
0.707
0.764
0.715
1.870
1.979
1.670
0.983
1.200
1.088
0.298
0.440
0.360
0.844
1.138
1.002
1.574
2.070
1.809
0.819
0.920
0.981
1.552
1.491
1.605
0.834
0.961
0.556
1.859
2.109
1.846
1.191
1.335
1.279
1.645
1.654
1.559
2.142
2.269
2.362
2.612
3.662
2.622
1.658
1.709
1.689
0.895
0.975
0.873
1.099
1.136
0.967
1.012
1.250
1.192
1.054
1.188
1.198
1.328
1.303
1.189
1.431
1.430
1.220
1.850
2.075
2.126
2.431
2.568
2.474
1.450
1.464
1.304
0.256
0.392
0.390
1.050
1.073
1.050
0.222
0.507
0.377
1.448
1.748
1.599
1.349
1.283
1.220
1.522
1.581
1.520
1.739
1.998
1.862
0.389
0.506
0.468
2.153
2.154
2.003
1.016
1.043
0.939
0.593
0.710
0.488
0.904
1.018
0.955
1.722
1.720
1.474
0.662
0.718
0.614
0.507
0.583
0.472
0.635
0.646
0.570
0.494
0.641
0.551
0.645
0.765
0.684
0.841
0.931
0.907
2.120
2.487
2.213
0.943
0.906
0.933
0.788
0.910
0.831
1.016
1.110
0.999
0.857
0.824
0.648
1.614
1.726
1.684
1.001
1.061
0.994
0.814
0.834
0.864
0.832
0.967
0.877
1.194
1.282
1.162
1.143
1.398
1.168
1.187
1.299
1.312
0.399
0.512
0.437
0.958
0.928
0.907
2.439
2.423
2.486
1.419
1.551
1.479
0.905
0.978
0.963
0.445
0.716
0.576
0.445
0.716
0.576
0.445
0.716
0.576
0.890
0.972
0.897
1.276
1.350
1.190
0.845
0.910
0.609
1.030
1.219
1.243
0.596
0.652
0.590
1.455
1.538
1.471
1.502
1.567
1.567
0.847
1.025
0.807
0.653
0.788
0.769
1.351
1.538
1.478
1.646
1.980
1.854
0.980
1.012
0.973
0.597
0.713
0.456
0.585
0.606
0.551
1.559
1.596
1.596
1.341
1.348
1.375
1.341
1.540
1.375
1.457
1.546
1.487
1.308
1.441
1.314
0.559
0.724
0.751
2.333
2.346
2.229
0.610
0.684
0.642
1.230
1.260
1.215
0.979
1.014
0.985
1.093
1.163
1.179
1.089
1.121
0.937
0.209
0.452
0.460
0.717
0.955
0.858
0.620
0.664
0.853
1.363
1.351
1.196
0.602
0.626
0.473
1.515
1.475
1.473
1.925
2.084
1.993
0.840
0.871
0.859
1.630
1.613
1.469
1.029
1.052
1.001
0.877
0.836
0.994
0.802
0.876
0.736
1.889
1.961
1.921
1.336
1.489
1.322
1.951
2.056
1.928
1.011
1.145
1.098
0.665
0.870
0.736
0.653
0.813
0.745
1.757
1.742
1.740
1.136
1.151
1.121
0.720
0.819
0.807
0.720
0.819
0.807
2.030
2.055
2.072
0.708
0.931
0.723
1.709
1.766
1.718
1.295
1.439
1.296
0.675
0.773
0.670
1.275
1.345
1.246
0.967
1.112
0.931
0.732
0.970
0.788
2.660
2.704
2.550
1.765
1.864
1.815
1.601
1.716
1.623
2.594
2.627
2.576
0.985
1.151
1.022
0.918
0.938
0.884
1.243
1.386
1.280
1.242
1.551
1.412
0.999
1.138
0.968
0.645
0.600
0.732
1.504
1.606
1.475
1.014
1.211
1.097
1.256
1.313
1.241
0.721
0.788
0.733
1.415
1.399
1.139
1.180
1.261
1.249
0.448
0.610
0.506
0.835
0.885
0.807
0.591
0.698
0.655
1.598
1.666
1.646
0.939
0.993
1.014
0.682
0.811
0.711
1.491
1.676
1.587
1.545
2.197
1.673
1.502
1.695
1.651
0.876
0.985
0.886
0.687
0.794
0.728
1.130
1.086
0.906
0.543
0.906
0.734
1.043
1.109
1.077
0.959
1.024
0.959
1.382
1.558
1.443
0.660
1.135
0.926
1.964
1.947
2.004
0.816
0.876
0.778
2.011
2.137
1.903
0.713
0.700
0.634
1.294
1.268
1.179
2.596
2.623
2.658
2.462
2.666
2.538
0.681
0.793
0.758
1.597
1.815
1.698
1.051
1.006
0.892
1.040
1.236
1.094
1.939
2.327
1.968
1.828
1.849
1.823
1.992
2.085
2.047
0.888
1.038
0.872
1.469
1.488
1.289
0.696
0.804
0.734
2.272
2.414
2.317
1.613
1.703
1.413
1.083
1.146
1.089
0.401
0.561
0.474
0.665
0.667
0.559
1.061
1.091
1.108
0.716
0.881
0.698
2.199
2.349
2.296
1.352
1.432
1.368
1.268
1.307
1.303
0.722
0.926
0.836
0.696
0.804
0.734
1.301
1.367
1.299
0.365
0.507
0.428
0.763
0.863
0.642
0.697
0.749
0.680
1.241
1.328
1.275
0.755
0.895
0.785
0.792
0.989
0.879
0.452
0.493
0.491
0.687
0.794
0.728
0.625
0.754
0.649
1.041
1.051
0.997
0.758
0.771
0.673
0.980
1.019
0.979
0.593
0.730
0.629
1.158
1.207
1.126
0.638
0.885
0.775
2.945
3.253
3.042
2.945
3.253
3.042
2.945
3.253
3.042
0.805
1.021
0.935
0.696
0.804
0.734
1.716
1.789
1.705
1.169
1.244
1.198
0.675
0.692
0.573
0.860
0.951
0.845
0.711
0.829
0.719
1.134
1.266
1.140
0.780
0.823
0.819
1.577
1.642
1.575
0.646
0.635
0.574
2.465
2.395
2.333
0.921
0.792
0.838
0.696
0.804
0.734
0.634
0.781
0.716
0.924
1.015
0.957
0.543
0.612
0.469
2.209
2.264
2.174
0.705
1.001
0.840
1.007
1.241
1.124
2.258
2.419
2.230
0.569
0.669
0.605
0.574
0.937
0.701
1.803
1.832
1.826
1.238
1.291
1.179
1.540
1.633
1.551
1.319
1.368
1.314
1.637
1.691
1.639
1.124
1.230
1.189
1.068
1.537
1.224
1.846
1.883
1.903
1.150
1.258
1.200
1.843
1.896
1.976
1.072
1.154
1.116
1.224
1.291
1.321
1.221
1.181
1.207
0.368
0.588
0.465
0.958
1.190
1.015
1.542
1.486
1.531
1.964
2.044
1.997
2.125
2.290
2.199
1.049
1.106
0.963
2.710
2.570
2.450
1.048
1.070
0.747
1.833
1.884
1.798
1.503
1.662
1.654
1.033
1.108
1.092
1.353
1.457
1.312
0.896
1.123
1.102
2.534
2.609
2.559
1.727
1.826
1.804
1.397
1.554
1.569
1.835
1.835
1.804
0.794
1.050
0.838
1.587
1.647
1.490
1.351
1.504
1.473
1.662
1.647
1.657
2.596
2.673
2.637
2.153
2.135
2.152
0.664
0.781
0.655
1.346
1.548
1.469
1.627
1.701
1.701
1.472
1.679
1.453
1.359
1.837
1.501
1.028
1.302
1.144
1.719
1.691
1.606
0.815
0.806
0.778
0.905
0.877
1.059
1.239
1.389
1.304
1.284
1.319
1.255
0.741
0.856
0.734
0.741
0.856
0.734
0.985
1.077
1.014
1.266
1.280
1.201
0.707
0.722
0.542
2.118
2.257
2.093
1.562
1.467
1.460
0.779
0.891
0.694
0.286
0.628
0.453
0.553
0.578
0.571
0.990
1.071
1.022
2.524
2.593
2.117
1.457
1.389
1.054
0.266
0.380
0.282
1.756
1.738
1.825
0.591
0.649
0.648
0.743
0.885
0.784
0.703
0.917
0.665
1.581
1.652
1.533
1.234
1.284
1.212
2.002
2.185
2.033
1.207
1.079
0.945
1.965
1.959
1.943
1.507
1.565
1.538
1.124
1.154
0.980
1.676
2.059
1.802
0.523
0.543
0.428
2.430
2.579
2.415
1.614
1.676
1.732
0.754
0.877
0.823
1.198
1.202
1.157
0.733
0.867
0.812
1.293
1.507
1.169
1.320
1.358
1.215
2.440
2.452
2.462
0.734
0.899
0.829
1.110
1.335
1.259
1.041
1.239
1.045
0.672
0.675
0.914
1.430
1.564
1.517
0.346
0.453
0.361
1.247
1.327
1.216
0.924
1.043
0.891
2.509
2.546
2.466
1.669
2.061
1.861
0.580
0.733
0.642
0.453
0.519
0.423
1.087
1.166
1.172
2.283
2.227
1.955
0.937
1.022
0.855
1.324
1.290
1.296
0.627
0.688
1.051
0.842
0.906
0.870
1.639
1.772
1.621
0.781
0.893
0.841
2.693
2.760
2.736
3.075
3.059
3.016
1.189
1.513
1.338
1.142
1.225
1.184
1.757
1.758
1.750
1.414
1.543
1.451
1.794
1.943
1.894
1.066
1.069
1.053
0.972
1.120
1.068
1.135
1.244
1.116
0.687
0.828
0.730
0.287
0.346
0.279
1.062
1.139
1.103
0.813
1.010
0.915
0.684
0.791
0.716
2.026
2.183
2.116
1.306
1.673
1.517
1.117
1.238
1.186
0.573
0.940
0.798
1.588
1.851
1.732
1.597
1.612
1.393
0.733
0.771
0.747
1.709
1.958
1.665
1.233
1.364
1.368
1.314
1.433
1.374
0.769
0.823
0.585
2.240
2.297
2.249
0.597
0.823
0.616
0.597
0.743
0.616
1.590
1.664
1.441
0.467
0.624
0.541
0.778
0.835
0.809
0.492
0.709
0.609
0.739
0.817
0.746
0.637
0.724
0.661
0.799
0.844
0.813
0.768
0.730
0.728
1.531
1.525
1.484
0.995
1.061
0.914
0.864
0.948
0.894
0.595
0.722
0.637
1.636
1.626
1.501
2.707
2.635
2.623
1.353
1.399
1.340
0.807
0.805
0.823
0.757
0.807
0.817
0.736
0.928
0.768
1.444
1.466
1.419
0.471
0.731
0.688
1.403
1.387
1.301
0.708
0.948
0.786
0.361
0.439
0.433
0.519
0.597
0.575
1.338
1.429
1.341
1.588
1.617
1.537
0.624
0.645
0.602
0.977
1.018
1.012
0.696
0.804
0.734
0.696
0.804
0.734
1.266
1.339
1.278
1.147
1.480
1.365
0.813
1.003
0.930
0.478
0.533
0.546
1.113
1.568
1.126
0.887
1.125
0.979
0.367
0.440
0.489
0.914
0.954
1.023
2.239
2.271
2.292
0.764
0.921
0.850
2.328
2.336
2.218
1.072
1.377
1.089
0.672
0.733
0.532
1.685
1.798
1.714
1.682
1.760
1.698
1.000
1.034
0.990
0.732
0.893
0.738
1.093
1.188
1.129
0.649
0.777
0.768
0.809
0.872
0.760
2.327
2.376
2.350
2.085
2.121
2.072
1.465
1.507
1.477
1.034
1.009
0.972
1.615
1.855
1.676
0.553
0.686
0.710
1.293
1.358
1.291
1.105
1.222
1.115
1.615
1.672
1.648
0.860
1.030
0.727
1.191
1.368
1.156
1.185
1.273
1.212
2.733
2.832
2.710
0.628
0.633
0.587
0.628
0.726
0.669
0.852
0.876
0.905
0.502
0.549
0.455
0.749
0.871
0.758
1.455
1.557
1.462
0.398
0.404
0.368
1.145
1.373
1.262
0.529
0.640
0.609
1.939
2.100
1.903
1.076
1.184
1.114
0.744
0.943
0.956
0.686
1.005
0.797
2.739
2.851
2.761
1.916
1.939
1.890
1.393
1.405
1.354
1.205
1.267
1.136
0.670
0.781
0.572
0.778
0.961
0.875
0.783
0.891
0.819
1.722
1.774
1.759
1.293
1.246
1.187
0.716
0.849
0.766
1.185
1.245
1.256
1.658
1.931
1.655
0.967
1.001
0.903
1.091
1.092
0.996
1.272
1.313
1.258
0.436
0.455
0.521
1.463
1.533
1.485
1.290
1.308
1.331
1.028
1.055
1.031
1.160
1.322
1.248
1.656
1.674
1.629
1.066
1.216
1.151
1.395
1.484
1.435
0.357
0.396
0.221
0.634
0.438
0.491
0.723
0.715
0.710
0.928
0.959
0.938
0.770
0.836
0.776
0.770
0.858
0.793
1.418
1.452
1.422
0.987
1.141
1.029
1.226
1.471
1.297
1.075
1.178
1.159
1.077
1.213
1.125
0.247
0.428
0.324
0.719
0.766
0.760
0.613
0.728
0.654
0.290
0.462
0.317
0.581
0.682
0.686
1.191
1.648
1.556
1.307
1.460
1.407
2.673
2.748
2.616
0.840
0.957
0.892
0.690
0.939
0.849
0.826
0.974
0.927
1.058
1.099
1.092
2.059
2.099
1.959
0.779
0.786
0.764
1.261
1.378
1.244
2.974
2.987
2.956
1.321
1.469
1.480
0.830
0.945
0.892
0.728
0.706
0.622
0.993
1.202
1.036
1.801
2.024
1.892
1.915
2.126
1.995
1.964
2.123
1.984
0.921
0.986
0.964
0.781
0.863
0.826
0.536
0.753
0.508
0.981
1.600
1.052
0.640
0.745
0.692
0.451
0.719
0.583
0.550
0.596
0.436
1.092
1.354
1.211
0.999
1.137
1.018
0.430
0.638
0.491
1.219
1.342
1.216
1.306
1.295
1.267
0.235
0.841
0.260
0.823
0.899
0.885
0.860
0.865
0.817
0.751
0.843
0.705
0.870
0.936
0.921
0.494
0.626
0.541
0.580
0.652
0.571
0.905
1.556
1.051
1.006
1.032
1.006
0.496
0.604
0.507
1.741
1.805
1.634
1.551
1.963
1.674
2.074
2.093
2.069
0.879
0.856
0.717
0.640
0.719
0.749
0.828
0.933
0.889
0.975
1.441
1.197
0.999
1.038
0.868
1.584
1.726
1.657
0.822
0.937
0.793
1.122
1.347
1.380
0.775
0.788
0.774
0.819
0.970
0.875
0.692
0.753
0.735
1.798
1.931
1.778
0.550
0.572
0.712
1.101
1.187
1.066
1.005
0.987
0.911
0.608
0.814
0.772
1.215
1.219
1.190
0.932
1.202
0.860
2.165
2.212
2.182
0.895
1.124
1.102
1.581
1.615
1.463
0.805
0.856
0.614
1.408
1.446
1.336
0.829
0.928
0.847
1.860
1.871
1.813
0.783
0.981
1.259
0.698
0.738
0.712
1.759
1.852
1.735
1.676
1.763
1.723
0.757
1.205
1.199
2.135
2.089
2.071
0.623
0.782
0.597
0.597
0.669
0.581
0.332
0.450
0.373
0.516
0.585
0.540
1.035
1.141
0.981
0.933
1.036
1.010
1.384
1.690
1.157
0.933
0.995
0.973
0.980
1.002
0.979
1.110
1.184
1.159
1.545
1.648
1.479
1.446
1.578
1.637
0.821
0.888
0.893
0.455
0.568
0.495
0.578
0.621
0.543
0.795
0.959
0.670
0.957
0.980
0.942
0.455
0.568
0.495
0.383
0.521
0.439
0.455
0.568
0.495
1.863
1.863
1.842
1.469
1.494
1.426
1.605
1.640
1.554
1.175
1.285
1.305
0.763
0.804
0.761
1.353
1.442
1.324
1.132
1.192
1.085
0.528
0.592
0.557
1.730
1.819
1.743
2.482
2.693
2.613
0.708
0.874
0.775
0.500
0.764
0.602
1.746
1.743
1.728
1.183
1.356
1.253
1.001
1.293
1.075
0.586
0.713
0.684
0.790
0.845
0.830
0.701
0.944
0.856
1.291
1.264
1.270
1.141
1.312
1.097
0.718
0.837
0.818
0.274
0.345
0.387
1.377
1.542
1.475
0.685
0.745
0.746
0.314
0.456
0.404
0.873
0.893
0.899
0.559
0.741
0.599
0.735
0.766
0.660
0.829
1.050
0.886
1.376
1.369
1.271
2.177
2.147
2.156
2.073
2.267
2.111
0.791
0.997
0.739
1.084
1.328
1.274
0.530
0.658
0.603
0.935
0.931
0.856
1.598
1.710
1.622
1.672
1.623
1.704
1.462
1.497
1.488
1.462
1.497
1.488
1.273
1.334
1.335
1.617
1.632
1.412
1.794
1.883
1.813
0.934
1.120
1.009
1.338
1.460
1.388
1.244
1.529
1.391
1.149
1.209
1.190
0.988
1.133
0.918
2.468
2.827
2.599
1.541
1.701
1.575
0.305
0.415
0.400
2.894
2.922
2.816
1.349
1.586
1.470
1.052
1.485
1.224
0.471
0.934
0.783
2.299
2.351
2.268
1.776
1.766
1.720
0.594
0.820
0.705
1.110
1.144
0.858
1.667
1.690
1.621
1.754
1.915
1.791
2.346
2.528
2.517
1.015
1.062
0.915
0.907
1.005
0.959
1.294
1.316
1.305
1.868
1.952
1.918
1.071
1.166
1.162
0.895
1.090
1.001
0.770
0.868
0.783
1.522
1.539
1.487
0.904
0.901
0.728
1.976
2.073
2.000
1.244
1.302
1.157
1.284
1.386
1.406
1.833
1.926
1.864
0.994
0.932
0.923
1.207
1.283
1.208
1.303
1.348
1.025
1.357
1.490
1.391
0.440
0.437
0.294
1.466
1.567
1.394
1.354
1.354
1.400
1.077
1.161
0.932
1.592
1.678
1.612
2.058
2.082
2.084
1.710
1.916
1.785
1.141
1.183
1.286
1.389
1.503
1.396
1.694
1.770
1.715
0.545
0.684
0.539
0.715
0.733
0.689
1.915
2.172
2.173
1.627
1.793
1.632
0.684
0.651
0.607
1.043
1.165
1.134
3.435
3.565
3.166
2.988
3.292
3.114
1.565
1.631
1.470
1.664
1.685
1.737
0.620
0.883
0.820
0.741
0.888
0.822
0.454
0.642
0.526
1.008
1.161
1.110
1.203
1.374
1.360
0.699
1.164
0.719
0.699
1.046
0.917
0.724
1.058
0.892
1.603
1.578
1.533
1.563
1.818
1.717
0.608
0.593
0.197
0.560
0.702
0.560
1.136
1.157
1.036
1.628
1.688
1.643
2.045
2.172
2.103
1.511
1.606
1.593
1.705
1.680
1.756
1.212
1.153
1.173
1.499
1.680
1.541
0.774
0.903
0.868
1.452
1.409
1.092
1.835
1.852
1.882
1.359
1.382
1.285
1.278
1.354
1.323
0.659
0.899
0.783
0.481
0.485
0.519
1.185
1.354
1.309
0.903
0.769
0.688
0.700
0.765
0.622
1.334
1.289
1.285
1.199
1.390
1.138
0.641
0.714
0.699
0.439
0.761
0.310
0.647
0.625
0.715
1.204
1.304
1.204
0.624
0.846
0.616
0.570
0.599
0.552
1.364
1.405
1.363
1.767
1.869
1.764
0.728
0.855
0.774
0.814
0.987
0.874
0.898
1.633
1.066
2.426
2.511
2.529
1.465
1.616
1.518
0.730
0.786
0.476
1.800
1.870
1.856
1.119
1.219
1.202
1.140
1.202
1.275
1.653
1.681
1.703
1.600
1.834
1.665
0.878
0.967
0.840
0.878
0.967
0.840
0.635
0.859
0.851
0.763
1.096
0.994
0.827
1.245
0.941
1.828
1.979
1.961
0.274
0.382
0.715
0.336
0.490
0.476
1.916
1.973
1.788
0.604
0.809
0.708
0.927
1.094
1.073
1.046
0.962
0.968
0.358
0.402
0.367
0.704
0.709
0.731
1.174
1.334
1.240
0.398
0.712
0.483
0.947
0.972
0.935
1.032
1.128
1.039
0.929
1.076
0.860
0.789
0.841
0.825
1.560
1.633
1.598
1.310
1.394
1.338
0.938
0.971
0.918
0.535
0.590
0.535
1.143
1.181
1.121
1.002
1.399
1.091
0.695
0.698
0.834
1.196
1.344
1.161
1.196
1.396
1.371
1.787
1.877
1.869
1.302
1.394
1.307
1.183
1.243
1.246
1.251
1.588
1.445
2.554
2.592
2.559
0.827
0.929
0.966
0.702
0.935
0.725
1.282
1.380
1.245
0.406
0.659
0.546
0.877
1.005
1.003
0.461
0.567
0.492
0.839
0.931
0.803
1.708
1.629
1.642
0.744
0.757
0.662
0.787
0.931
0.755
0.504
0.501
0.404
1.699
1.812
1.694
0.846
0.958
0.850
1.178
1.287
1.178
1.565
1.520
1.658
0.634
0.594
0.569
2.505
2.637
2.532
1.248
1.469
1.253
1.377
1.490
1.433
0.887
1.021
0.912
1.003
1.025
0.990
1.433
1.456
1.393
1.454
1.886
1.729
1.205
1.275
1.205
0.948
1.140
1.014
0.820
0.837
0.796
1.175
1.238
1.070
2.243
2.281
2.280
1.611
1.730
1.576
0.903
1.237
1.011
1.056
1.155
1.123
0.464
0.565
0.483
0.636
0.720
0.682
0.722
0.777
0.678
0.784
0.989
0.972
1.634
1.670
1.591
0.551
0.657
0.457
1.386
1.431
1.382
1.272
1.457
1.753
1.002
1.083
0.999
1.169
1.212
1.145
1.228
1.381
1.263
0.659
0.714
0.699
1.530
1.602
1.552
0.811
0.846
0.810
1.576
1.815
1.791
0.976
1.014
1.038
0.824
1.033
1.017
0.461
0.567
0.492
1.069
1.060
1.112
1.564
1.760
1.562
1.220
1.247
1.248
1.502
1.476
1.464
0.959
1.136
0.963
1.322
1.510
1.390
1.489
1.534
1.512
0.956
1.043
1.011
0.646
0.869
0.855
0.803
0.843
0.764
0.677
0.784
0.722
0.889
0.919
0.880
0.912
1.125
0.898
0.382
0.614
0.526
1.798
2.118
2.239
0.750
0.850
0.773
0.730
0.774
0.659
1.139
2.340
1.683
1.063
1.168
0.959
2.804
2.822
2.762
0.283
0.443
0.371
0.664
0.691
0.566
0.635
0.697
0.617
0.677
0.729
0.660
0.227
0.407
0.312
1.633
1.674
1.749
0.185
0.319
0.270
1.355
1.511
1.420
0.699
0.875
0.766
1.319
1.393
1.317
0.465
0.577
0.507
1.699
1.692
1.630
1.127
1.222
1.253
1.148
1.513
1.279
1.212
1.191
1.105
0.841
0.994
0.923
1.377
1.365
1.325
1.885
1.967
1.918
0.305
0.348
0.272
1.851
1.936
1.699
1.772
1.850
1.956
0.997
1.077
0.878
0.617
0.934
0.780
0.339
0.413
0.379
0.396
0.646
0.516
1.669
1.641
1.615
0.749
0.908
0.889
0.337
0.597
0.412
1.945
1.932
1.903
0.612
0.689
0.730
0.680
0.828
0.736
1.244
1.225
1.156
1.296
1.374
1.332
1.274
1.517
1.324
0.868
0.913
0.734
0.952
1.109
0.927
0.757
0.941
0.888
0.521
0.600
0.598
0.997
1.052
0.960
1.520
1.651
1.349
1.833
2.237
2.208
2.311
2.338
2.250
1.963
1.914
2.031
0.596
0.531
0.569
1.124
1.089
1.046
2.083
2.188
1.899
2.038
2.203
2.026
1.287
1.435
1.396
1.067
1.256
1.032
0.708
0.635
0.561
1.480
1.495
1.445
1.964
1.979
2.006
1.270
1.578
1.427
2.478
2.595
2.536
1.810
1.787
1.609
0.642
0.726
0.651
0.799
0.872
0.729
1.020
0.932
0.994
1.268
1.434
1.236
0.762
0.864
0.808
1.302
1.346
1.306
1.150
1.200
1.130
0.777
0.954
0.857
0.834
0.859
0.817
0.892
0.935
1.235
1.027
1.036
0.969
1.654
1.766
1.644
2.060
2.306
2.138
0.818
0.849
0.815
0.887
0.956
0.897
1.176
1.177
1.281
0.824
1.174
1.023
0.743
1.002
0.628
1.138
1.261
1.138
0.683
0.681
0.663
0.555
0.739
0.646
0.936
1.197
1.112
1.233
1.467
1.315
1.118
1.278
1.203
1.784
1.992
1.940
1.084
1.205
1.134
1.859
1.835
1.860
1.021
1.151
1.107
1.250
1.370
1.299
0.958
1.098
0.981
1.778
1.888
1.733
1.207
1.263
1.177
0.635
0.851
0.795
1.989
2.070
1.967
0.401
0.617
0.435
0.940
0.967
0.762
1.239
1.227
1.186
0.672
0.723
0.638
0.568
0.629
0.248
0.768
1.131
0.904
0.909
1.029
0.961
1.360
1.376
1.351
1.923
1.992
1.931
0.962
1.370
1.139
1.490
1.580
1.568
0.634
0.649
0.599
1.569
1.623
1.715
0.540
0.726
0.709
1.132
1.456
1.326
0.946
1.134
1.027
1.114
1.283
1.281
1.379
1.646
1.323
1.379
1.622
1.504
1.815
1.857
1.831
1.264
1.250
1.247
1.841
1.829
1.849
1.081
1.117
1.055
1.516
1.518
1.468
1.837
1.897
1.830
1.792
1.809
1.792
2.202
2.220
2.226
1.500
1.806
1.526
0.910
1.081
0.843
1.613
1.445
1.838
0.411
0.557
0.362
0.962
1.056
0.712
2.307
2.308
2.191
0.866
0.893
0.774
1.478
1.550
1.511
0.562
0.648
0.513
0.905
1.231
0.984
1.016
1.004
0.814
1.078
1.474
1.432
1.029
0.999
1.036
1.174
1.499
1.359
1.540
1.676
1.458
0.643
0.690
0.595
1.009
1.107
1.340
0.775
0.783
0.486
0.637
1.053
0.614
1.442
1.493
1.460
0.834
0.845
0.695
0.348
0.436
0.360
0.932
1.140
0.993
1.591
1.716
1.598
0.910
1.155
1.077
1.233
1.684
1.398
1.550
1.743
1.454
1.343
1.474
1.448
0.841
0.922
0.771
0.863
0.891
0.815
0.915
1.562
1.055
1.028
1.034
1.127
1.369
1.904
1.527
0.186
0.391
0.266
1.576
1.314
1.336
2.184
2.226
2.124
2.029
2.057
2.006
0.284
0.461
0.331
1.264
1.438
1.382
1.040
1.158
1.152
1.038
1.053
1.141
1.336
1.551
1.421
1.864
1.908
2.011
2.661
2.768
2.755
1.808
1.923
1.854
1.662
1.762
1.687
0.789
0.896
0.868
1.801
1.874
1.790
1.552
1.586
1.509
1.141
1.898
1.080
1.595
1.726
1.705
1.393
2.125
2.434
0.650
0.753
0.731
1.983
1.969
1.819
1.653
1.770
1.773
0.693
0.733
0.696
1.835
1.942
1.843
1.283
1.425
1.448
1.741
1.775
1.726
1.100
1.144
1.053
0.988
1.090
0.933
0.929
1.146
0.983
0.643
0.801
0.836
1.588
1.685
1.585
0.972
0.971
0.980
0.945
0.967
0.789
0.700
0.720
0.706
1.568
1.680
1.555
1.815
1.922
1.827
0.645
1.022
0.768
0.497
0.612
0.567
0.517
0.597
0.583
1.251
1.367
1.167
0.659
0.880
0.734
0.401
0.443
0.315
0.389
0.422
0.378
0.366
0.463
0.331
1.192
1.343
1.318
1.255
1.237
1.107
0.716
0.763
0.691
1.318
1.496
1.387
1.700
2.028
1.769
0.464
0.693
0.460
1.037
1.201
1.389
2.042
2.231
2.211
1.915
2.003
1.857
1.179
1.407
1.092
2.100
2.234
2.230
1.437
1.501
1.498
0.625
0.744
0.827
0.720
0.963
0.822
0.743
0.951
0.730
1.066
1.126
1.120
0.934
0.967
0.975
0.882
1.078
1.000
0.711
0.821
0.772
0.211
0.461
0.397
1.306
1.415
1.353
1.279
1.408
1.225
1.834
1.834
1.567
2.091
2.154
2.077
0.736
0.897
0.826
1.761
1.779
1.740
0.927
1.485
1.014
0.875
0.918
0.858
1.150
1.114
1.108
1.317
1.878
1.207
1.125
1.450
1.245
1.437
1.407
1.361
0.647
0.688
0.669
0.891
0.846
0.879
1.081
1.221
1.204
0.698
1.059
0.784
0.700
0.721
0.638
0.353
0.568
0.395
0.542
0.446
0.494
0.541
0.793
0.624
0.699
0.841
0.773
0.833
0.990
0.857
1.459
1.607
1.437
1.400
1.512
1.631
1.268
1.311
1.346
1.118
1.191
1.166
0.735
0.707
0.711
1.095
1.141
1.097
1.550
1.699
1.630
0.647
0.580
0.680
0.680
0.793
0.657
1.403
1.455
1.430
1.194
1.343
1.265
1.296
1.312
1.313
0.852
0.960
0.963
0.805
0.923
0.876
2.153
2.229
2.159
1.041
1.364
1.151
1.551
1.632
1.638
1.161
1.198
1.575
0.321
0.674
0.309
1.935
2.023
1.984
0.284
0.661
0.591
0.486
0.589
0.513
1.156
1.221
1.196
1.160
1.275
1.215
0.885
0.957
0.978
1.047
1.138
0.992
0.929
1.495
1.064
0.803
0.899
0.883
0.838
0.903
0.815
1.077
1.082
1.018
0.660
0.834
0.566
1.551
1.771
1.508
0.442
0.524
0.424
0.677
0.993
0.795
1.797
1.797
1.739
0.237
0.510
0.357
0.673
0.820
0.773
0.586
0.696
0.627
1.097
1.239
1.132
0.697
0.847
0.833
0.418
0.568
0.568
0.602
0.617
0.601
0.932
0.963
0.967
0.989
1.066
1.015
1.271
1.471
1.301
1.034
1.159
1.065
0.699
0.744
0.699
1.812
1.862
1.769
1.374
1.517
1.490
1.360
1.392
1.216
1.352
1.457
1.452
0.591
0.700
0.600
0.805
0.991
0.832
1.006
1.155
1.056
1.065
1.081
0.879
1.550
1.677
1.583
1.074
1.104
1.097
0.362
0.432
0.301
0.408
0.602
0.533
0.829
0.797
0.849
0.605
0.860
0.711
1.334
1.431
1.364
1.342
1.567
1.558
1.002
1.053
0.954
1.431
1.406
1.336
1.131
1.125
1.078
1.455
1.538
1.398
0.850
0.929
0.778
1.860
1.895
1.724
0.852
1.062
0.965
0.508
0.589
0.501
2.146
2.179
2.141
0.922
1.014
0.994
0.689
0.827
0.793
0.816
0.930
0.798
0.938
0.980
0.730
1.249
1.485
1.385
2.472
2.563
2.469
1.357
1.480
1.315
0.717
0.882
0.780
1.268
1.302
1.229
0.990
1.144
0.995
0.776
0.834
0.796
0.431
0.518
0.485
0.808
0.849
0.691
1.149
1.167
0.932
1.274
1.339
0.976
0.963
1.120
1.057
0.341
0.432
0.376
0.476
0.540
0.511
1.422
1.464
1.403
0.938
0.949
1.008
1.539
1.527
1.555
1.254
1.354
1.310
1.007
1.151
0.998
0.849
0.909
0.694
1.050
1.696
1.113
1.161
1.145
1.018
1.552
1.694
1.625
1.941
2.071
1.859
0.371
0.394
0.419
1.004
0.960
0.999
0.592
0.587
0.513
1.592
1.741
1.728
1.934
1.861
1.635
0.559
0.638
0.561
1.512
1.542
1.583
0.727
0.811
0.714
1.133
1.177
1.108
1.247
1.329
1.290
1.889
1.963
1.943
1.733
1.777
1.779
1.087
1.110
1.159
1.245
1.252
1.217
2.807
2.831
2.814
0.899
1.005
0.831
1.125
1.217
1.179
1.097
1.287
1.121
1.719
1.830
1.749
1.651
1.737
1.725
1.080
1.067
0.951
1.260
1.353
1.277
1.374
1.505
1.342
1.350
1.297
1.073
0.918
1.023
0.776
0.992
1.135
1.071
0.925
0.938
0.809
1.454
1.479
1.414
1.900
1.935
1.739
0.993
1.088
1.010
1.227
1.498
1.665
1.413
1.450
1.201
1.123
1.568
1.338
1.514
1.511
1.429
1.319
1.611
1.439
2.016
2.009
2.079
0.369
0.756
0.558
1.368
1.447
1.392
1.671
1.714
1.694
0.556
0.733
1.111
1.651
1.774
1.782
1.886
1.973
1.977
0.825
0.842
0.795
0.986
1.037
1.001
1.437
1.427
1.435
1.392
1.391
1.315
0.817
0.922
0.861
1.364
1.517
1.347
0.840
0.897
1.252
1.120
1.254
0.905
1.353
1.393
1.283
0.495
0.502
0.484
1.269
1.438
1.374
1.806
1.906
1.863
2.911
2.910
2.883
1.235
1.348
1.260
0.821
0.883
0.850
1.053
1.089
1.040
1.193
1.312
1.165
1.488
1.572
1.563
1.334
1.344
1.334
1.910
1.941
1.936
1.780
1.796
1.687
1.193
1.203
1.269
0.651
0.691
0.661
0.765
0.775
0.803
0.695
0.749
0.708
1.787
1.915
1.776
0.525
0.569
0.398
1.423
1.448
1.427
2.007
2.004
1.879
2.208
2.125
2.124
2.187
2.306
2.290
1.664
1.939
1.754
1.325
1.451
1.365
0.571
0.588
0.592
0.773
1.199
0.910
2.176
2.206
2.140
0.535
0.626
0.542
0.259
0.487
0.274
0.644
1.033
0.843
0.949
1.037
0.892
0.641
1.100
0.978
1.323
1.706
1.394
0.225
0.845
0.256
0.812
0.995
0.893
1.304
1.440
1.324
1.067
1.181
1.161
0.837
0.895
0.825
1.226
1.352
1.052
0.689
0.773
0.653
1.465
1.577
1.448
1.960
1.995
1.958
1.265
1.303
1.347
1.215
1.477
1.435
1.029
1.200
1.121
0.816
0.882
0.800
0.424
0.630
0.471
0.639
0.696
0.612
1.913
1.998
1.946
1.079
1.645
1.265
0.784
0.814
0.709
0.421
0.514
0.368
0.754
0.934
0.830
0.656
0.732
0.671
1.013
1.243
1.084
0.541
0.641
0.524
1.240
1.348
1.236
0.869
0.841
0.845
1.227
1.244
1.249
1.756
1.922
1.794
1.384
1.439
1.279
1.360
1.489
1.595
1.165
1.207
1.169
0.318
0.468
0.346
0.286
0.456
0.393
0.400
0.441
0.354
0.834
0.899
0.891
0.968
1.061
1.067
0.878
1.128
0.857
1.365
1.426
1.438
0.763
0.894
0.844
1.536
1.873
1.621
1.433
1.654
1.532
0.672
0.642
0.593
0.762
0.810
0.733
0.292
0.413
0.319
1.506
2.539
1.686
1.738
1.764
1.790
0.315
0.307
0.294
1.365
1.358
1.286
1.021
1.014
0.954
0.738
0.822
0.817
2.129
2.088
2.191
1.990
1.898
1.903
1.710
1.743
1.560
