0.361
0.467
0.322
0.373
0.484
0.351
0.383
0.494
0.359
0.368
0.489
0.345
0.363
0.491
0.357
0.764
0.838
0.717
0.860
0.928
0.814
0.912
0.971
0.868
0.836
0.902
0.785
0.874
0.954
0.850
0.969
1.056
0.928
1.071
1.183
1.040
0.975
1.061
0.930
0.978
1.081
0.953
0.846
0.954
0.821
0.357
0.442
0.295
0.375
0.459
0.334
0.379
0.457
0.328
0.369
0.468
0.328
0.355
0.463
0.338
0.766
0.811
0.699
0.880
0.919
0.816
0.943
0.976
0.882
0.820
0.856
0.748
0.920
0.966
0.871
1.069
1.125
1.005
1.078
1.166
1.033
0.985
1.041
0.915
0.979
1.053
0.930
0.896
0.975
0.837
0.337
0.460
0.310
0.343
0.481
0.344
0.363
0.484
0.345
0.346
0.488
0.338
0.332
0.476
0.344
0.721
0.815
0.690
0.817
0.908
0.792
0.893
0.978
0.867
0.815
0.902
0.781
0.853
0.951
0.845
1.040
1.153
1.022
1.058
1.188
1.042
0.958
1.064
0.927
0.995
1.127
0.990
0.855
0.984
0.840
0.347
0.456
0.312
0.358
0.469
0.346
0.365
0.475
0.338
0.357
0.480
0.338
0.345
0.478
0.348
0.710
0.784
0.667
0.810
0.877
0.768
0.881
0.944
0.839
0.794
0.861
0.745
0.856
0.927
0.839
1.019
1.106
0.979
1.034
1.147
1.006
0.938
1.026
0.895
0.983
1.085
0.956
0.852
0.956
0.818
0.347
0.456
0.304
0.360
0.474
0.339
0.370
0.474
0.335
0.364
0.488
0.339
0.341
0.477
0.340
0.746
0.822
0.697
0.860
0.929
0.810
0.983
1.049
0.938
0.868
0.940
0.816
0.917
0.991
0.892
1.030
1.118
0.983
1.081
1.195
1.046
1.007
1.098
0.961
0.978
1.080
0.944
0.868
0.976
0.831
0.375
0.469
0.334
0.382
0.494
0.362
0.403
0.503
0.377
0.384
0.499
0.364
0.395
0.515
0.387
0.711
0.785
0.667
0.801
0.874
0.762
0.858
0.919
0.815
0.794
0.860
0.750
0.862
0.951
0.838
1.019
1.106
0.987
0.979
1.085
0.949
0.955
1.043
0.917
0.982
1.081
0.959
0.865
0.967
0.840
0.331
0.442
0.287
0.331
0.450
0.310
0.354
0.464
0.316
0.334
0.465
0.306
0.322
0.463
0.321
0.700
0.780
0.648
0.779
0.857
0.728
0.866
0.936
0.816
0.780
0.854
0.721
0.913
0.994
0.883
0.958
1.055
0.910
0.995
1.118
0.962
0.979
1.072
0.922
0.937
1.047
0.900
0.859
0.973
0.816
0.336
0.445
0.290
0.343
0.458
0.319
0.360
0.468
0.324
0.350
0.473
0.320
0.329
0.465
0.325
0.679
0.752
0.622
0.832
0.899
0.777
0.884
0.943
0.829
0.823
0.890
0.762
0.857
0.929
0.824
1.098
1.185
1.046
1.067
1.181
1.030
0.968
1.052
0.909
0.983
1.086
0.944
0.834
0.944
0.792
0.363
0.475
0.333
0.383
0.497
0.367
0.390
0.501
0.368
0.372
0.498
0.354
0.366
0.496
0.364
0.776
0.854
0.734
0.810
0.889
0.774
0.916
0.991
0.882
0.844
0.917
0.799
0.931
1.014
0.917
1.016
1.113
0.984
1.074
1.190
1.051
1.048
1.139
1.006
1.065
1.176
1.048
0.945
1.057
0.922
0.956
0.825
0.775
0.926
0.798
0.769
0.871
0.747
0.709
1.033
0.926
0.888
1.000
0.909
0.876
0.532
0.406
0.365
0.584
0.463
0.425
0.548
0.398
0.375
0.503
0.378
0.340
0.498
0.314
0.313
0.977
0.848
0.810
1.086
0.975
0.925
1.053
0.925
0.876
1.057
0.916
0.892
0.881
0.757
0.708
0.965
0.816
0.767
0.946
0.792
0.767
0.867
0.724
0.686
1.023
0.895
0.856
1.027
0.917
0.883
0.551
0.397
0.363
0.596
0.454
0.413
0.554
0.382
0.362
0.513
0.373
0.332
0.520
0.323
0.318
0.999
0.848
0.805
1.067
0.926
0.883
1.054
0.903
0.857
1.072
0.907
0.878
0.902
0.755
0.708
0.753
0.633
0.604
0.768
0.639
0.635
0.732
0.613
0.596
0.809
0.700
0.686
0.816
0.722
0.717
0.426
0.292
0.283
0.468
0.343
0.328
0.438
0.291
0.287
0.410
0.285
0.267
0.402
0.237
0.250
0.837
0.707
0.690
0.870
0.759
0.733
0.826
0.696
0.674
0.895
0.758
0.752
0.721
0.597
0.573
0.970
0.805
0.777
0.984
0.813
0.810
0.864
0.703
0.688
1.039
0.884
0.875
1.040
0.908
0.906
0.537
0.361
0.352
0.567
0.394
0.387
0.551
0.359
0.364
0.500
0.341
0.324
0.501
0.288
0.304
1.018
0.840
0.832
1.117
0.957
0.941
1.126
0.946
0.932
1.091
0.908
0.904
0.922
0.757
0.732
0.947
0.804
0.764
0.902
0.745
0.736
0.867
0.722
0.701
0.981
0.849
0.828
1.025
0.906
0.895
0.531
0.378
0.359
0.571
0.429
0.409
0.553
0.383
0.375
0.519
0.377
0.353
0.513
0.334
0.336
0.983
0.822
0.805
1.077
0.933
0.911
1.070
0.922
0.892
1.032
0.876
0.860
0.864
0.717
0.688
0.935
0.782
0.754
0.956
0.790
0.794
0.839
0.695
0.675
0.974
0.836
0.822
1.013
0.913
0.897
0.507
0.342
0.335
0.549
0.396
0.384
0.513
0.328
0.334
0.479
0.328
0.313
0.480
0.273
0.294
0.978
0.811
0.800
1.014
0.869
0.848
1.058
0.895
0.875
1.033
0.861
0.857
0.858
0.700
0.676
0.853
0.738
0.688
0.849
0.728
0.708
0.808
0.703
0.656
0.880
0.789
0.748
0.928
0.857
0.829
0.465
0.344
0.309
0.483
0.373
0.331
0.486
0.345
0.320
0.454
0.341
0.298
0.450
0.281
0.279
0.885
0.770
0.726
0.990
0.886
0.838
0.941
0.829
0.776
0.953
0.822
0.792
0.793
0.685
0.629
0.853
0.739
0.688
0.877
0.754
0.733
0.788
0.680
0.636
0.918
0.824
0.782
0.935
0.860
0.835
0.480
0.361
0.322
0.484
0.371
0.333
0.502
0.369
0.340
0.451
0.340
0.296
0.451
0.286
0.284
0.930
0.817
0.772
0.996
0.891
0.845
1.016
0.899
0.851
0.954
0.824
0.792
0.793
0.684
0.628
0.957
0.813
0.765
0.941
0.792
0.767
0.852
0.712
0.676
1.015
0.886
0.851
0.998
0.885
0.863
0.518
0.368
0.335
0.563
0.424
0.387
0.532
0.363
0.346
0.496
0.360
0.322
0.491
0.303
0.300
1.023
0.876
0.840
1.075
0.943
0.900
1.115
0.969
0.926
1.063
0.906
0.881
0.882
0.740
0.696
0.981
0.969
0.831
1.226
1.211
1.095
0.816
0.802
0.673
1.154
1.162
1.029
1.128
1.152
1.032
1.062
1.030
0.916
0.914
0.879
0.773
0.908
0.866
0.759
0.815
0.787
0.669
1.207
1.145
1.051
0.719
0.697
0.560
0.670
0.658
0.521
0.688
0.665
0.531
0.621
0.597
0.469
0.602
0.585
0.448
0.889
0.868
0.720
1.101
1.085
0.950
0.714
0.697
0.555
0.984
0.983
0.836
0.937
0.954
0.819
0.842
0.805
0.682
0.759
0.719
0.597
0.804
0.761
0.638
0.820
0.783
0.654
1.141
1.075
0.966
0.456
0.430
0.276
0.454
0.440
0.283
0.443
0.414
0.262
0.424
0.397
0.251
0.429
0.404
0.250
0.908
0.895
0.732
1.142
1.136
0.990
0.694
0.692
0.536
1.008
1.020
0.857
0.960
0.986
0.831
0.986
0.969
0.827
0.867
0.847
0.709
0.872
0.845
0.709
0.784
0.770
0.623
1.176
1.132
0.996
0.489
0.482
0.315
0.496
0.499
0.331
0.483
0.472
0.308
0.457
0.449
0.288
0.456
0.444
0.279
0.918
0.926
0.759
1.086
1.100
0.951
0.711
0.726
0.567
0.981
1.014
0.849
0.985
1.033
0.879
0.953
0.948
0.805
0.843
0.834
0.695
0.862
0.848
0.709
0.807
0.805
0.655
1.057
1.028
0.899
0.466
0.477
0.304
0.473
0.493
0.322
0.460
0.468
0.296
0.438
0.450
0.282
0.429
0.438
0.266
0.858
0.840
0.708
0.997
0.982
0.867
0.632
0.609
0.489
0.983
0.980
0.856
0.940
0.952
0.838
0.848
0.810
0.705
0.766
0.722
0.622
0.791
0.741
0.638
0.727
0.686
0.580
1.026
0.956
0.868
0.447
0.415
0.287
0.452
0.431
0.300
0.441
0.407
0.282
0.414
0.383
0.263
0.414
0.386
0.256
0.756
0.758
0.614
0.905
0.906
0.773
0.562
0.562
0.427
0.940
0.955
0.812
0.836
0.859
0.728
0.725
0.709
0.584
0.677
0.660
0.538
0.675
0.650
0.532
0.620
0.606
0.479
0.973
0.936
0.826
0.382
0.375
0.229
0.393
0.398
0.248
0.373
0.369
0.224
0.358
0.353
0.212
0.364
0.359
0.213
0.921
0.937
0.784
1.146
1.162
1.028
0.690
0.705
0.562
1.116
1.158
1.005
1.104
1.160
1.018
1.001
0.998
0.871
0.880
0.871
0.750
0.908
0.895
0.773
0.784
0.780
0.650
1.119
1.090
0.978
0.590
0.600
0.448
0.563
0.583
0.429
0.587
0.595
0.446
0.512
0.524
0.379
0.530
0.544
0.388
