1.058
1.114
0.329
1.059
1.093
0.344
1.034
1.093
0.365
1.079
1.131
0.352
1.065
1.110
0.369
1.398
1.397
0.697
1.493
1.492
0.807
1.614
1.536
0.903
1.497
1.498
0.801
1.568
1.535
0.836
1.703
1.745
0.959
1.817
1.909
1.090
1.692
1.734
0.951
1.685
1.720
0.941
1.573
1.629
0.840
1.045
1.087
0.316
1.066
1.081
0.345
1.021
1.073
0.349
1.073
1.120
0.353
1.050
1.071
0.363
1.381
1.367
0.689
1.502
1.469
0.824
1.612
1.522
0.913
1.463
1.446
0.769
1.601
1.557
0.874
1.774
1.797
1.039
1.799
1.881
1.086
1.690
1.713
0.954
1.665
1.689
0.931
1.599
1.651
0.868
1.013
1.065
0.310
1.016
1.052
0.327
0.992
1.057
0.344
1.038
1.090
0.339
1.006
1.048
0.346
1.332
1.330
0.662
1.417
1.416
0.764
1.575
1.504
0.892
1.462
1.465
0.791
1.521
1.504
0.825
1.727
1.773
1.021
1.779
1.878
1.083
1.660
1.701
0.949
1.679
1.729
0.972
1.539
1.609
0.841
1.042
1.104
0.321
1.046
1.100
0.335
1.007
1.078
0.345
1.060
1.123
0.344
1.035
1.090
0.354
1.326
1.338
0.639
1.427
1.446
0.754
1.561
1.494
0.859
1.438
1.457
0.752
1.542
1.522
0.822
1.725
1.778
0.997
1.764
1.863
1.052
1.652
1.704
0.923
1.666
1.720
0.941
1.553
1.614
0.827
1.028
1.096
0.319
1.045
1.085
0.343
1.009
1.080
0.350
1.066
1.129
0.357
1.029
1.079
0.357
1.365
1.369
0.683
1.475
1.475
0.806
1.665
1.593
0.974
1.500
1.513
0.822
1.599
1.571
0.885
1.740
1.789
1.018
1.793
1.895
1.088
1.717
1.770
0.998
1.667
1.717
0.944
1.569
1.636
0.853
1.032
1.073
0.331
1.028
1.073
0.342
1.024
1.073
0.372
1.054
1.106
0.360
1.041
1.084
0.383
1.304
1.303
0.636
1.386
1.394
0.736
1.508
1.445
0.827
1.405
1.419
0.742
1.494
1.496
0.807
1.712
1.754
1.010
1.697
1.784
1.009
1.637
1.686
0.935
1.662
1.701
0.948
1.538
1.608
0.844
1.007
1.053
0.295
1.000
1.035
0.303
0.986
1.035
0.324
1.021
1.073
0.312
1.002
1.044
0.327
1.308
1.300
0.627
1.377
1.377
0.710
1.537
1.468
0.845
1.405
1.413
0.728
1.567
1.542
0.861
1.661
1.702
0.935
1.736
1.823
1.033
1.665
1.707
0.940
1.622
1.661
0.895
1.560
1.617
0.844
1.023
1.087
0.301
1.030
1.081
0.315
1.003
1.070
0.332
1.056
1.123
0.332
1.014
1.068
0.334
1.304
1.314
0.609
1.439
1.448
0.766
1.557
1.493
0.858
1.459
1.479
0.767
1.516
1.509
0.807
1.782
1.838
1.048
1.785
1.886
1.069
1.654
1.708
0.922
1.675
1.729
0.943
1.540
1.613
0.813
1.064
1.123
0.344
1.076
1.114
0.361
1.046
1.109
0.378
1.077
1.137
0.360
1.067
1.111
0.378
1.396
1.403
0.711
1.434
1.443
0.764
1.612
1.555
0.914
1.497
1.516
0.812
1.619
1.607
0.905
1.721
1.772
0.995
1.803
1.900
1.098
1.760
1.808
1.030
1.766
1.809
1.038
1.666
1.727
0.942
1.553
1.397
0.782
1.513
1.360
0.757
1.436
1.288
0.705
1.634
1.493
0.875
1.596
1.444
0.855
1.103
0.939
0.363
1.190
1.005
0.428
1.167
0.937
0.385
1.118
0.922
0.350
1.151
0.892
0.310
1.661
1.466
0.829
1.762
1.596
0.944
1.722
1.523
0.892
1.725
1.523
0.892
1.548
1.369
0.732
1.563
1.386
0.779
1.531
1.350
0.755
1.428
1.255
0.689
1.628
1.459
0.854
1.633
1.456
0.872
1.121
0.921
0.366
1.196
0.980
0.422
1.167
0.912
0.378
1.128
0.910
0.349
1.177
0.906
0.324
1.674
1.441
0.829
1.731
1.519
0.896
1.724
1.488
0.882
1.737
1.498
0.890
1.564
1.353
0.740
1.283
1.118
0.613
1.278
1.126
0.628
1.232
1.077
0.593
1.339
1.185
0.675
1.330
1.172
0.695
0.938
0.752
0.286
0.992
0.790
0.330
0.984
0.753
0.302
0.952
0.744
0.281
0.969
0.723
0.249
1.425
1.216
0.705
1.462
1.283
0.751
1.402
1.199
0.688
1.472
1.266
0.755
1.303
1.111
0.596
1.566
1.403
0.787
1.564
1.394
0.795
1.425
1.255
0.691
1.635
1.470
0.868
1.623
1.458
0.881
1.102
0.903
0.353
1.164
0.947
0.396
1.156
0.898
0.372
1.110
0.893
0.336
1.151
0.889
0.299
1.695
1.462
0.856
1.794
1.588
0.967
1.784
1.551
0.949
1.745
1.514
0.903
1.573
1.376
0.758
1.522
1.339
0.760
1.469
1.280
0.717
1.399
1.215
0.679
1.570
1.396
0.814
1.594
1.413
0.862
1.082
0.884
0.350
1.151
0.934
0.402
1.156
0.901
0.379
1.115
0.892
0.358
1.150
0.882
0.324
1.626
1.383
0.797
1.720
1.503
0.901
1.723
1.496
0.900
1.687
1.445
0.856
1.500
1.282
0.697
1.520
1.349
0.750
1.535
1.356
0.768
1.400
1.230
0.663
1.581
1.409
0.811
1.618
1.459
0.873
1.071
0.873
0.325
1.138
0.925
0.376
1.123
0.875
0.337
1.090
0.879
0.318
1.126
0.862
0.280
1.658
1.424
0.821
1.670
1.465
0.850
1.717
1.489
0.884
1.691
1.459
0.850
1.511
1.303
0.692
1.412
1.246
0.697
1.402
1.238
0.705
1.341
1.185
0.658
1.461
1.302
0.747
1.485
1.325
0.809
1.012
0.825
0.320
1.061
0.861
0.348
1.076
0.840
0.343
1.036
0.830
0.318
1.072
0.818
0.289
1.521
1.303
0.747
1.626
1.432
0.862
1.562
1.354
0.791
1.571
1.353
0.793
1.429
1.230
0.663
1.399
1.264
0.697
1.409
1.276
0.722
1.305
1.169
0.636
1.468
1.347
0.772
1.462
1.338
0.806
1.007
0.841
0.327
1.045
0.849
0.343
1.081
0.857
0.359
1.022
0.829
0.314
1.053
0.813
0.284
1.538
1.350
0.773
1.612
1.447
0.857
1.617
1.427
0.856
1.559
1.362
0.793
1.405
1.231
0.654
1.560
1.390
0.776
1.541
1.370
0.765
1.414
1.245
0.670
1.620
1.458
0.844
1.596
1.429
0.845
1.100
0.903
0.341
1.175
0.965
0.404
1.157
0.903
0.363
1.121
0.908
0.340
1.155
0.898
0.303
1.701
1.482
0.859
1.753
1.552
0.921
1.783
1.564
0.943
1.738
1.511
0.890
1.549
1.349
0.722
1.563
1.566
0.855
1.779
1.775
1.095
1.363
1.366
0.699
1.720
1.736
1.030
1.713
1.721
1.045
1.637
1.589
0.961
1.494
1.423
0.802
1.512
1.383
0.806
1.402
1.350
0.704
1.788
1.649
1.028
1.376
1.336
0.622
1.328
1.319
0.582
1.334
1.300
0.583
1.289
1.237
0.538
1.254
1.222
0.510
1.498
1.478
0.715
1.691
1.676
0.933
1.304
1.284
0.565
1.619
1.604
0.837
1.558
1.539
0.813
1.452
1.373
0.701
1.377
1.288
0.609
1.460
1.321
0.680
1.443
1.367
0.669
1.757
1.613
0.924
1.170
1.116
0.329
1.155
1.133
0.329
1.147
1.093
0.311
1.140
1.073
0.297
1.121
1.077
0.293
1.531
1.496
0.744
1.747
1.709
0.983
1.283
1.259
0.552
1.636
1.624
0.867
1.585
1.559
0.842
1.590
1.523
0.852
1.479
1.396
0.725
1.525
1.389
0.760
1.408
1.343
0.650
1.784
1.647
0.960
1.194
1.149
0.376
1.186
1.171
0.378
1.184
1.137
0.365
1.163
1.098
0.337
1.140
1.088
0.321
1.534
1.536
0.750
1.694
1.694
0.933
1.300
1.302
0.569
1.612
1.627
0.844
1.604
1.604
0.860
1.575
1.528
0.828
1.450
1.391
0.693
1.522
1.404
0.747
1.428
1.387
0.667
1.675
1.559
0.851
1.175
1.152
0.351
1.172
1.187
0.356
1.163
1.138
0.338
1.150
1.107
0.320
1.116
1.096
0.301
1.384
1.338
0.690
1.520
1.474
0.844
1.155
1.094
0.487
1.523
1.474
0.830
1.469
1.425
0.816
1.376
1.293
0.715
1.290
1.189
0.614
1.366
1.235
0.665
1.266
1.171
0.582
1.546
1.419
0.806
1.068
0.975
0.324
1.070
1.009
0.334
1.054
0.966
0.317
1.038
0.941
0.293
1.023
0.939
0.285
1.214
1.198
0.610
1.356
1.340
0.771
1.024
1.011
0.444
1.395
1.392
0.793
1.295
1.280
0.723
1.184
1.125
0.601
1.154
1.077
0.548
1.180
1.063
0.563
1.106
1.037
0.494
1.450
1.332
0.798
0.931
0.878
0.277
0.937
0.912
0.290
0.921
0.872
0.271
0.912
0.856
0.256
0.902
0.862
0.250
1.482
1.487
0.784
1.689
1.698
1.013
1.229
1.238
0.577
1.679
1.698
0.994
1.663
1.680
1.007
1.544
1.498
0.879
1.421
1.379
0.757
1.483
1.386
0.806
1.324
1.300
0.656
1.645
1.573
0.935
1.199
1.203
0.487
1.168
1.198
0.463
1.198
1.199
0.485
1.129
1.119
0.417
1.133
1.137
0.422
