0.407
0.452
0.327
0.412
0.453
0.342
0.428
0.480
0.365
0.422
0.472
0.347
0.418
0.475
0.369
0.773
0.788
0.680
0.851
0.870
0.767
0.947
0.951
0.859
0.857
0.873
0.766
0.885
0.910
0.808
0.993
1.020
0.903
1.106
1.157
1.029
0.989
1.019
0.896
0.980
1.017
0.899
0.861
0.906
0.784
0.403
0.436
0.314
0.422
0.450
0.339
0.423
0.455
0.343
0.430
0.467
0.343
0.418
0.462
0.361
0.775
0.773
0.669
0.874
0.876
0.779
0.971
0.959
0.873
0.836
0.837
0.736
0.928
0.936
0.836
1.088
1.097
0.987
1.113
1.151
1.030
1.003
1.015
0.899
0.985
1.007
0.893
0.904
0.933
0.811
0.390
0.443
0.316
0.391
0.448
0.335
0.411
0.464
0.349
0.409
0.467
0.341
0.395
0.459
0.357
0.740
0.765
0.654
0.813
0.849
0.744
0.934
0.954
0.858
0.847
0.877
0.769
0.867
0.907
0.800
1.054
1.100
0.981
1.090
1.153
1.026
0.984
1.025
0.902
1.009
1.064
0.944
0.868
0.924
0.799
0.390
0.441
0.320
0.397
0.445
0.336
0.405
0.458
0.344
0.409
0.463
0.340
0.399
0.461
0.357
0.715
0.735
0.630
0.797
0.825
0.723
0.902
0.914
0.819
0.801
0.828
0.722
0.860
0.891
0.791
1.034
1.069
0.955
1.057
1.117
0.991
0.951
0.988
0.868
0.983
1.027
0.910
0.853
0.900
0.779
0.395
0.448
0.321
0.405
0.458
0.342
0.414
0.466
0.349
0.422
0.480
0.353
0.404
0.471
0.363
0.759
0.782
0.671
0.852
0.879
0.773
1.018
1.033
0.937
0.877
0.906
0.797
0.929
0.963
0.856
1.056
1.092
0.974
1.107
1.168
1.038
1.031
1.071
0.947
0.980
1.025
0.904
0.878
0.929
0.802
0.408
0.448
0.330
0.407
0.452
0.345
0.433
0.478
0.371
0.425
0.476
0.357
0.431
0.486
0.385
0.709
0.726
0.620
0.781
0.809
0.707
0.870
0.883
0.789
0.798
0.822
0.717
0.850
0.887
0.783
1.035
1.069
0.957
1.005
1.057
0.935
0.960
0.997
0.877
0.983
1.021
0.909
0.859
0.907
0.790
0.379
0.427
0.294
0.373
0.422
0.303
0.395
0.444
0.321
0.385
0.442
0.308
0.378
0.443
0.330
0.706
0.726
0.611
0.764
0.793
0.679
0.891
0.908
0.801
0.788
0.816
0.697
0.916
0.948
0.835
0.977
1.014
0.887
1.034
1.094
0.958
0.975
1.010
0.877
0.940
0.986
0.857
0.867
0.915
0.782
0.388
0.433
0.304
0.393
0.434
0.316
0.409
0.450
0.331
0.414
0.459
0.328
0.392
0.448
0.339
0.702
0.711
0.597
0.826
0.843
0.733
0.912
0.915
0.816
0.844
0.861
0.746
0.874
0.898
0.788
1.096
1.123
1.000
1.092
1.140
1.010
0.971
0.998
0.870
0.996
1.032
0.908
0.855
0.898
0.767
0.421
0.466
0.338
0.431
0.472
0.355
0.443
0.491
0.370
0.434
0.481
0.353
0.429
0.480
0.373
0.791
0.805
0.693
0.810
0.835
0.727
0.955
0.967
0.864
0.869
0.890
0.776
0.948
0.981
0.872
1.033
1.067
0.946
1.109
1.164
1.035
1.070
1.101
0.973
1.075
1.117
0.996
0.968
1.012
0.885
0.947
0.804
0.763
0.922
0.774
0.748
0.858
0.721
0.686
1.013
0.888
0.845
0.986
0.865
0.840
0.541
0.408
0.367
0.593
0.463
0.424
0.558
0.406
0.382
0.520
0.386
0.349
0.517
0.337
0.323
0.965
0.824
0.784
1.075
0.947
0.904
1.027
0.891
0.841
1.036
0.887
0.851
0.878
0.743
0.699
0.953
0.797
0.754
0.932
0.768
0.738
0.852
0.702
0.663
1.000
0.859
0.814
1.016
0.878
0.849
0.552
0.401
0.361
0.598
0.452
0.412
0.566
0.396
0.372
0.526
0.383
0.341
0.533
0.345
0.327
0.978
0.823
0.778
1.045
0.898
0.853
1.027
0.875
0.824
1.043
0.879
0.841
0.894
0.744
0.698
0.760
0.636
0.604
0.774
0.639
0.623
0.730
0.605
0.582
0.797
0.683
0.651
0.812
0.700
0.692
0.443
0.317
0.292
0.482
0.358
0.332
0.458
0.318
0.302
0.433
0.308
0.281
0.426
0.267
0.261
0.831
0.699
0.673
0.872
0.754
0.724
0.805
0.677
0.642
0.882
0.747
0.722
0.731
0.606
0.574
0.957
0.790
0.763
0.971
0.794
0.781
0.851
0.686
0.666
1.011
0.855
0.830
1.024
0.873
0.868
0.545
0.379
0.357
0.579
0.416
0.397
0.562
0.379
0.374
0.516
0.357
0.335
0.515
0.313
0.310
1.005
0.831
0.811
1.109
0.948
0.924
1.092
0.921
0.894
1.057
0.879
0.860
0.913
0.749
0.722
0.938
0.793
0.754
0.900
0.741
0.722
0.857
0.709
0.681
0.969
0.834
0.798
1.008
0.875
0.861
0.540
0.393
0.362
0.580
0.441
0.411
0.565
0.405
0.387
0.537
0.396
0.365
0.530
0.357
0.343
0.957
0.799
0.772
1.054
0.910
0.880
1.043
0.899
0.856
1.015
0.860
0.828
0.863
0.718
0.683
0.922
0.765
0.737
0.943
0.777
0.762
0.821
0.671
0.644
0.957
0.813
0.782
1.001
0.875
0.854
0.509
0.354
0.331
0.550
0.402
0.377
0.521
0.348
0.338
0.491
0.342
0.319
0.490
0.300
0.293
0.956
0.793
0.769
0.986
0.840
0.813
1.028
0.872
0.838
1.001
0.835
0.810
0.846
0.694
0.663
0.852
0.725
0.691
0.851
0.716
0.699
0.799
0.674
0.642
0.872
0.761
0.722
0.920
0.817
0.806
0.483
0.356
0.324
0.503
0.382
0.350
0.505
0.361
0.341
0.473
0.350
0.318
0.470
0.306
0.299
0.880
0.751
0.716
0.982
0.863
0.828
0.916
0.791
0.747
0.935
0.798
0.767
0.796
0.674
0.634
0.847
0.721
0.683
0.864
0.728
0.709
0.776
0.651
0.618
0.895
0.781
0.742
0.921
0.813
0.803
0.489
0.362
0.328
0.496
0.371
0.343
0.514
0.373
0.353
0.466
0.343
0.311
0.462
0.301
0.292
0.904
0.775
0.740
0.984
0.864
0.829
0.985
0.858
0.816
0.933
0.793
0.762
0.793
0.669
0.628
0.951
0.806
0.756
0.943
0.790
0.752
0.841
0.699
0.654
0.996
0.865
0.812
0.988
0.861
0.830
0.531
0.388
0.341
0.583
0.446
0.400
0.550
0.389
0.359
0.519
0.383
0.337
0.516
0.338
0.312
0.999
0.853
0.804
1.062
0.925
0.876
1.081
0.940
0.882
1.039
0.887
0.842
0.881
0.742
0.690
0.977
0.944
0.825
1.208
1.165
1.063
0.822
0.784
0.676
1.142
1.118
0.999
1.127
1.110
1.010
1.072
1.021
0.921
0.925
0.876
0.781
0.922
0.862
0.772
0.832
0.787
0.684
1.176
1.109
1.013
0.735
0.689
0.574
0.675
0.639
0.522
0.693
0.652
0.532
0.638
0.590
0.478
0.612
0.576
0.460
0.878
0.836
0.708
1.080
1.032
0.917
0.715
0.670
0.550
0.970
0.936
0.806
0.934
0.907
0.796
0.847
0.790
0.681
0.765
0.711
0.600
0.820
0.757
0.652
0.820
0.768
0.653
1.110
1.038
0.932
0.489
0.440
0.308
0.477
0.437
0.305
0.475
0.429
0.294
0.457
0.406
0.276
0.451
0.408
0.277
0.902
0.864
0.732
1.119
1.077
0.958
0.700
0.663
0.542
0.991
0.966
0.831
0.956
0.936
0.816
0.984
0.939
0.824
0.868
0.825
0.712
0.883
0.829
0.723
0.795
0.754
0.634
1.136
1.076
0.959
0.526
0.486
0.353
0.517
0.487
0.353
0.515
0.477
0.342
0.487
0.443
0.312
0.472
0.435
0.302
0.908
0.890
0.745
1.074
1.051
0.918
0.707
0.688
0.554
0.970
0.962
0.817
0.976
0.974
0.843
0.959
0.927
0.801
0.839
0.809
0.685
0.874
0.837
0.717
0.807
0.782
0.651
1.023
0.982
0.854
0.499
0.477
0.330
0.493
0.482
0.334
0.490
0.471
0.320
0.464
0.443
0.297
0.446
0.429
0.284
0.848
0.812
0.700
0.982
0.939
0.841
0.630
0.587
0.484
0.963
0.931
0.822
0.926
0.902
0.812
0.847
0.794
0.700
0.758
0.707
0.616
0.797
0.736
0.646
0.720
0.673
0.576
0.984
0.917
0.827
0.465
0.418
0.308
0.462
0.424
0.315
0.461
0.416
0.303
0.432
0.384
0.278
0.426
0.384
0.274
0.751
0.728
0.614
0.894
0.864
0.762
0.572
0.543
0.438
0.913
0.896
0.781
0.826
0.816
0.717
0.730
0.689
0.591
0.678
0.641
0.543
0.683
0.638
0.546
0.627
0.592
0.490
0.950
0.899
0.803
0.406
0.374
0.260
0.409
0.386
0.270
0.401
0.372
0.255
0.382
0.353
0.239
0.381
0.354
0.238
0.917
0.902
0.776
1.133
1.112
0.999
0.706
0.685
0.569
1.101
1.097
0.971
1.091
1.096
0.983
0.999
0.965
0.859
0.888
0.857
0.752
0.916
0.876
0.776
0.787
0.760
0.649
1.092
1.048
0.943
0.614
0.594
0.467
0.579
0.567
0.439
0.611
0.591
0.462
0.540
0.516
0.394
0.545
0.530
0.405
