0.807
0.833
0.317
0.819
0.830
0.331
0.822
0.844
0.354
0.844
0.857
0.338
0.820
0.843
0.355
1.175
1.147
0.680
1.265
1.235
0.779
1.394
1.313
0.882
1.278
1.238
0.778
1.320
1.288
0.815
1.470
1.451
0.928
1.581
1.614
1.058
1.451
1.440
0.917
1.450
1.435
0.913
1.316
1.332
0.804
0.793
0.804
0.304
0.827
0.817
0.332
0.808
0.818
0.338
0.836
0.839
0.338
0.795
0.809
0.349
1.155
1.117
0.673
1.261
1.222
0.797
1.385
1.306
0.895
1.238
1.188
0.748
1.352
1.310
0.850
1.539
1.505
1.013
1.558
1.577
1.055
1.437
1.414
0.920
1.428
1.404
0.907
1.339
1.345
0.833
0.756
0.798
0.301
0.770
0.801
0.316
0.775
0.811
0.335
0.791
0.826
0.327
0.750
0.799
0.335
1.099
1.097
0.650
1.178
1.180
0.744
1.338
1.295
0.874
1.233
1.219
0.772
1.263
1.268
0.803
1.483
1.490
0.994
1.524
1.577
1.048
1.402
1.413
0.917
1.435
1.454
0.949
1.274
1.316
0.809
0.796
0.820
0.308
0.812
0.825
0.322
0.797
0.824
0.334
0.822
0.842
0.330
0.787
0.817
0.340
1.101
1.084
0.624
1.196
1.179
0.728
1.334
1.268
0.837
1.213
1.192
0.729
1.298
1.269
0.798
1.491
1.483
0.967
1.514
1.557
1.014
1.402
1.402
0.887
1.437
1.442
0.918
1.294
1.313
0.792
0.780
0.819
0.308
0.813
0.828
0.330
0.804
0.829
0.339
0.836
0.856
0.343
0.780
0.821
0.344
1.145
1.127
0.670
1.248
1.228
0.783
1.452
1.387
0.959
1.286
1.260
0.804
1.354
1.337
0.863
1.512
1.500
0.992
1.555
1.597
1.060
1.476
1.474
0.965
1.436
1.433
0.916
1.315
1.338
0.819
0.775
0.808
0.317
0.781
0.817
0.328
0.805
0.829
0.361
0.811
0.840
0.345
0.783
0.831
0.367
1.064
1.064
0.618
1.137
1.148
0.707
1.268
1.230
0.802
1.172
1.166
0.719
1.241
1.256
0.782
1.464
1.466
0.974
1.436
1.479
0.963
1.374
1.391
0.895
1.419
1.422
0.918
1.269
1.309
0.804
0.751
0.788
0.284
0.751
0.781
0.291
0.772
0.793
0.314
0.776
0.804
0.299
0.745
0.790
0.315
1.073
1.063
0.612
1.137
1.132
0.686
1.303
1.257
0.825
1.175
1.163
0.707
1.319
1.310
0.842
1.419
1.413
0.907
1.481
1.518
0.994
1.409
1.411
0.905
1.378
1.380
0.870
1.296
1.316
0.808
0.758
0.803
0.292
0.776
0.806
0.304
0.779
0.811
0.324
0.804
0.836
0.320
0.750
0.798
0.323
1.065
1.058
0.596
1.197
1.190
0.744
1.315
1.267
0.838
1.226
1.215
0.750
1.261
1.261
0.790
1.528
1.538
1.020
1.520
1.574
1.034
1.390
1.407
0.890
1.421
1.437
0.917
1.267
1.307
0.783
0.832
0.848
0.329
0.852
0.857
0.347
0.841
0.863
0.365
0.850
0.865
0.346
0.827
0.846
0.362
1.185
1.165
0.699
1.208
1.197
0.739
1.389
1.345
0.891
1.280
1.260
0.789
1.387
1.376
0.883
1.488
1.484
0.965
1.564
1.603
1.062
1.521
1.520
0.997
1.532
1.532
1.010
1.421
1.439
0.909
1.313
1.155
0.760
1.286
1.124
0.738
1.227
1.061
0.684
1.399
1.249
0.851
1.364
1.211
0.834
0.881
0.722
0.349
0.961
0.779
0.407
0.949
0.724
0.369
0.898
0.703
0.336
0.908
0.663
0.299
1.427
1.209
0.799
1.521
1.333
0.910
1.477
1.270
0.859
1.469
1.259
0.852
1.295
1.115
0.705
1.344
1.158
0.758
1.320
1.129
0.735
1.238
1.045
0.668
1.409
1.230
0.829
1.421
1.234
0.851
0.914
0.721
0.351
0.981
0.772
0.400
0.964
0.717
0.363
0.921
0.707
0.334
0.948
0.685
0.311
1.449
1.209
0.800
1.507
1.285
0.868
1.490
1.255
0.847
1.498
1.259
0.853
1.332
1.120
0.710
1.073
0.934
0.598
1.080
0.939
0.611
1.047
0.894
0.576
1.127
0.992
0.653
1.121
0.991
0.678
0.739
0.585
0.275
0.787
0.622
0.314
0.786
0.586
0.288
0.753
0.574
0.268
0.748
0.545
0.239
1.207
1.013
0.677
1.245
1.074
0.726
1.168
0.989
0.650
1.240
1.058
0.723
1.074
0.912
0.572
1.350
1.165
0.765
1.354
1.160
0.774
1.229
1.036
0.667
1.414
1.229
0.840
1.407
1.223
0.859
0.892
0.695
0.339
0.943
0.728
0.375
0.947
0.693
0.357
0.902
0.679
0.320
0.923
0.655
0.286
1.469
1.218
0.825
1.567
1.341
0.935
1.549
1.305
0.914
1.504
1.264
0.865
1.345
1.137
0.731
1.287
1.131
0.742
1.241
1.070
0.699
1.196
1.022
0.666
1.331
1.179
0.791
1.357
1.203
0.840
0.864
0.695
0.340
0.922
0.741
0.387
0.934
0.709
0.366
0.891
0.699
0.345
0.903
0.677
0.315
1.373
1.150
0.768
1.467
1.264
0.872
1.459
1.252
0.861
1.420
1.208
0.819
1.241
1.061
0.675
1.288
1.119
0.733
1.307
1.124
0.751
1.191
1.011
0.643
1.344
1.170
0.789
1.384
1.223
0.851
0.853
0.663
0.312
0.912
0.706
0.355
0.909
0.662
0.323
0.874
0.660
0.303
0.886
0.632
0.269
1.414
1.169
0.786
1.427
1.215
0.819
1.471
1.242
0.853
1.439
1.207
0.813
1.260
1.063
0.665
1.199
1.045
0.684
1.194
1.035
0.686
1.154
0.987
0.641
1.246
1.094
0.728
1.268
1.128
0.793
0.810
0.643
0.308
0.849
0.667
0.332
0.876
0.653
0.329
0.831
0.639
0.304
0.848
0.612
0.277
1.301
1.086
0.723
1.402
1.212
0.837
1.334
1.130
0.760
1.341
1.130
0.764
1.195
1.009
0.637
1.186
1.050
0.680
1.202
1.060
0.701
1.113
0.966
0.617
1.255
1.123
0.748
1.248
1.125
0.787
0.804
0.652
0.313
0.833
0.657
0.325
0.879
0.668
0.343
0.817
0.634
0.300
0.826
0.609
0.271
1.322
1.124
0.748
1.386
1.214
0.829
1.391
1.199
0.827
1.328
1.131
0.760
1.173
1.007
0.629
1.332
1.164
0.755
1.324
1.149
0.744
1.215
1.035
0.651
1.394
1.228
0.819
1.369
1.204
0.823
0.885
0.703
0.328
0.952
0.758
0.384
0.947
0.708
0.348
0.910
0.702
0.326
0.922
0.677
0.292
1.469
1.242
0.826
1.516
1.312
0.889
1.537
1.321
0.905
1.491
1.266
0.850
1.303
1.111
0.694
1.376
1.327
0.850
1.599
1.549
1.088
1.203
1.149
0.696
1.543
1.506
1.027
1.530
1.492
1.040
1.451
1.372
0.946
1.311
1.210
0.790
1.333
1.197
0.796
1.224
1.130
0.695
1.601
1.459
1.025
1.178
1.086
0.599
1.122
1.057
0.553
1.126
1.041
0.558
1.088
0.989
0.510
1.046
0.968
0.485
1.279
1.224
0.719
1.481
1.425
0.931
1.108
1.046
0.562
1.392
1.339
0.829
1.339
1.287
0.811
1.229
1.143
0.692
1.163
1.054
0.600
1.257
1.110
0.670
1.235
1.126
0.663
1.541
1.394
0.929
0.948
0.842
0.314
0.933
0.855
0.313
0.919
0.821
0.297
0.915
0.806
0.282
0.883
0.803
0.279
1.312
1.240
0.744
1.538
1.465
0.980
1.097
1.028
0.552
1.424
1.364
0.859
1.376
1.310
0.838
1.377
1.287
0.838
1.281
1.166
0.715
1.329
1.180
0.748
1.216
1.101
0.642
1.576
1.431
0.961
0.985
0.878
0.362
0.976
0.897
0.364
0.968
0.864
0.351
0.952
0.834
0.321
0.919
0.819
0.308
1.314
1.280
0.755
1.484
1.449
0.934
1.106
1.065
0.566
1.392
1.365
0.839
1.392
1.357
0.860
1.358
1.293
0.819
1.242
1.157
0.685
1.322
1.195
0.737
1.225
1.140
0.660
1.455
1.342
0.854
0.961
0.879
0.338
0.954
0.909
0.343
0.938
0.864
0.325
0.932
0.844
0.305
0.883
0.825
0.289
1.182
1.138
0.700
1.324
1.274
0.848
0.973
0.901
0.489
1.319
1.269
0.833
1.271
1.232
0.823
1.170
1.100
0.708
1.090
1.001
0.612
1.171
1.049
0.661
1.065
0.976
0.578
1.336
1.227
0.816
0.850
0.750
0.312
0.851
0.775
0.320
0.830
0.741
0.305
0.813
0.718
0.281
0.791
0.712
0.275
1.042
1.017
0.617
1.192
1.159
0.771
0.872
0.826
0.444
1.228
1.200
0.797
1.128
1.105
0.729
1.010
0.951
0.594
0.978
0.905
0.545
1.004
0.904
0.557
0.932
0.856
0.491
1.266
1.172
0.802
0.740
0.668
0.265
0.750
0.696
0.278
0.727
0.662
0.259
0.717
0.650
0.244
0.707
0.652
0.241
1.278
1.254
0.787
1.502
1.474
1.014
1.055
1.021
0.578
1.485
1.466
0.993
1.471
1.453
1.007
1.344
1.289
0.872
1.232
1.169
0.752
1.297
1.200
0.798
1.137
1.078
0.652
1.457
1.378
0.939
1.010
0.956
0.475
0.974
0.945
0.451
0.995
0.949
0.470
0.935
0.880
0.403
0.928
0.889
0.411
