0.339
0.489
0.371
0.345
0.488
0.399
0.376
0.524
0.415
0.347
0.514
0.393
0.358
0.524
0.417
0.744
0.858
0.762
0.805
0.913
0.825
0.884
0.984
0.914
0.799
0.910
0.819
0.845
0.945
0.874
0.964
1.101
0.988
1.068
1.228
1.091
0.942
1.079
0.961
0.954
1.098
0.980
0.827
0.973
0.850
0.323
0.459
0.348
0.340
0.466
0.390
0.356
0.485
0.383
0.339
0.497
0.382
0.347
0.499
0.401
0.747
0.841
0.757
0.828
0.908
0.839
0.918
1.000
0.940
0.780
0.870
0.790
0.883
0.958
0.906
1.053
1.166
1.068
1.088
1.230
1.106
0.956
1.070
0.962
0.958
1.082
0.976
0.858
0.988
0.873
0.327
0.483
0.361
0.329
0.490
0.394
0.361
0.514
0.398
0.338
0.515
0.388
0.341
0.516
0.406
0.720
0.850
0.746
0.781
0.905
0.811
0.884
1.006
0.921
0.804
0.929
0.831
0.833
0.946
0.870
1.044
1.201
1.082
1.067
1.237
1.098
0.948
1.098
0.974
1.008
1.170
1.044
0.847
1.005
0.874
0.326
0.477
0.358
0.333
0.480
0.393
0.355
0.499
0.387
0.337
0.504
0.382
0.344
0.512
0.407
0.696
0.809
0.713
0.755
0.861
0.778
0.852
0.955
0.878
0.760
0.870
0.779
0.826
0.927
0.861
1.019
1.156
1.045
1.021
1.182
1.047
0.906
1.042
0.925
0.969
1.110
0.995
0.827
0.971
0.848
0.329
0.482
0.359
0.340
0.488
0.400
0.361
0.504
0.391
0.350
0.521
0.396
0.345
0.522
0.411
0.745
0.855
0.757
0.816
0.917
0.832
0.981
1.078
1.001
0.845
0.955
0.860
0.897
0.993
0.927
1.029
1.161
1.047
1.091
1.251
1.110
1.002
1.139
1.016
0.961
1.099
0.980
0.854
0.998
0.871
0.347
0.487
0.376
0.351
0.495
0.401
0.390
0.529
0.425
0.361
0.519
0.405
0.381
0.543
0.439
0.688
0.807
0.710
0.739
0.861
0.767
0.825
0.935
0.854
0.759
0.878
0.783
0.822
0.946
0.856
1.011
1.154
1.046
0.969
1.125
0.996
0.919
1.066
0.950
0.965
1.108
0.996
0.833
0.982
0.864
0.312
0.469
0.334
0.307
0.461
0.359
0.345
0.494
0.365
0.315
0.494
0.353
0.321
0.500
0.378
0.681
0.802
0.688
0.725
0.845
0.734
0.845
0.961
0.857
0.744
0.868
0.751
0.882
0.991
0.905
0.968
1.115
0.979
1.000
1.169
1.018
0.938
1.085
0.943
0.924
1.078
0.938
0.837
0.992
0.845
0.317
0.460
0.346
0.319
0.459
0.377
0.348
0.487
0.379
0.330
0.495
0.377
0.327
0.494
0.392
0.662
0.768
0.675
0.777
0.877
0.793
0.859
0.956
0.881
0.797
0.904
0.808
0.832
0.924
0.864
1.081
1.213
1.099
1.066
1.221
1.089
0.933
1.064
0.943
0.974
1.110
0.996
0.817
0.963
0.834
0.343
0.500
0.382
0.357
0.507
0.418
0.379
0.531
0.420
0.350
0.524
0.403
0.361
0.527
0.423
0.769
0.894
0.799
0.765
0.886
0.800
0.891
1.011
0.928
0.816
0.940
0.845
0.905
1.020
0.949
1.007
1.155
1.046
1.076
1.243
1.114
1.033
1.180
1.063
1.062
1.219
1.103
0.933
1.087
0.966
0.909
0.813
0.832
0.867
0.767
0.814
0.832
0.726
0.753
0.984
0.915
0.935
0.960
0.902
0.929
0.485
0.379
0.398
0.528
0.428
0.451
0.489
0.371
0.411
0.463
0.354
0.382
0.455
0.316
0.362
0.941
0.831
0.859
1.054
0.966
0.970
0.996
0.890
0.901
1.017
0.904
0.930
0.858
0.761
0.770
0.919
0.811
0.823
0.875
0.758
0.803
0.827
0.709
0.725
0.974
0.887
0.902
0.981
0.914
0.932
0.495
0.371
0.389
0.531
0.418
0.431
0.494
0.359
0.392
0.470
0.352
0.366
0.463
0.315
0.356
0.970
0.847
0.859
1.029
0.920
0.925
1.004
0.880
0.888
1.025
0.894
0.912
0.877
0.765
0.766
0.714
0.636
0.657
0.707
0.619
0.669
0.699
0.611
0.638
0.756
0.691
0.718
0.771
0.722
0.756
0.381
0.281
0.311
0.417
0.324
0.349
0.380
0.279
0.316
0.375
0.278
0.304
0.360
0.240
0.285
0.812
0.710
0.738
0.834
0.756
0.767
0.774
0.675
0.694
0.858
0.759
0.787
0.697
0.610
0.624
0.921
0.808
0.836
0.916
0.794
0.857
0.822
0.698
0.733
0.982
0.886
0.924
0.993
0.914
0.957
0.487
0.352
0.391
0.515
0.386
0.422
0.494
0.351
0.404
0.458
0.330
0.366
0.446
0.291
0.347
0.987
0.849
0.886
1.093
0.975
0.997
1.074
0.937
0.964
1.045
0.908
0.944
0.891
0.773
0.790
0.920
0.809
0.835
0.848
0.724
0.784
0.855
0.732
0.772
0.949
0.854
0.887
0.990
0.911
0.951
0.505
0.379
0.416
0.537
0.421
0.459
0.516
0.381
0.434
0.499
0.376
0.416
0.483
0.346
0.394
0.956
0.823
0.870
1.050
0.937
0.968
1.024
0.902
0.931
1.009
0.880
0.919
0.862
0.743
0.771
0.885
0.786
0.807
0.884
0.773
0.830
0.790
0.687
0.709
0.917
0.843
0.868
0.961
0.913
0.941
0.448
0.331
0.360
0.481
0.375
0.400
0.446
0.316
0.364
0.430
0.318
0.348
0.422
0.277
0.327
0.936
0.816
0.843
0.959
0.867
0.874
1.004
0.891
0.903
0.982
0.861
0.890
0.821
0.718
0.726
0.810
0.741
0.753
0.793
0.711
0.761
0.774
0.698
0.707
0.839
0.793
0.807
0.896
0.868
0.889
0.425
0.336
0.348
0.442
0.358
0.369
0.433
0.334
0.361
0.421
0.335
0.344
0.406
0.284
0.325
0.864
0.775
0.780
0.960
0.886
0.880
0.899
0.818
0.807
0.924
0.831
0.842
0.776
0.702
0.690
0.810
0.725
0.745
0.815
0.719
0.773
0.753
0.661
0.680
0.863
0.803
0.822
0.900
0.852
0.883
0.434
0.332
0.352
0.438
0.342
0.365
0.447
0.340
0.373
0.416
0.317
0.337
0.407
0.279
0.324
0.899
0.798
0.815
0.965
0.880
0.884
0.972
0.874
0.880
0.913
0.804
0.826
0.775
0.684
0.684
0.912
0.815
0.827
0.878
0.773
0.816
0.813
0.709
0.728
0.963
0.886
0.901
0.952
0.894
0.917
0.468
0.356
0.374
0.512
0.409
0.426
0.474
0.352
0.389
0.457
0.352
0.371
0.442
0.309
0.345
0.985
0.875
0.896
1.034
0.939
0.948
1.058
0.951
0.959
1.019
0.906
0.928
0.856
0.761
0.764
0.944
0.984
0.868
1.176
1.208
1.122
0.783
0.807
0.698
1.116
1.178
1.064
1.101
1.178
1.075
1.042
1.042
0.949
0.875
0.872
0.787
0.873
0.867
0.782
0.789
0.792
0.694
1.144
1.121
1.050
0.687
0.700
0.581
0.611
0.639
0.515
0.632
0.650
0.527
0.569
0.581
0.469
0.555
0.578
0.456
0.856
0.893
0.771
1.051
1.088
0.987
0.682
0.707
0.589
0.943
0.998
0.875
0.911
0.982
0.871
0.827
0.828
0.728
0.724
0.722
0.623
0.770
0.772
0.672
0.786
0.788
0.682
1.087
1.066
0.983
0.436
0.453
0.318
0.420
0.449
0.311
0.419
0.437
0.302
0.394
0.414
0.285
0.398
0.423
0.289
0.885
0.933
0.793
1.101
1.148
1.035
0.664
0.706
0.573
0.962
1.038
0.890
0.930
1.018
0.881
0.951
0.975
0.854
0.826
0.847
0.730
0.830
0.850
0.733
0.752
0.780
0.651
1.117
1.122
1.013
0.461
0.501
0.349
0.450
0.503
0.347
0.450
0.488
0.338
0.414
0.454
0.308
0.414
0.455
0.306
0.892
0.959
0.808
1.044
1.108
0.989
0.671
0.729
0.583
0.939
1.034
0.882
0.957
1.061
0.922
0.925
0.957
0.831
0.794
0.822
0.704
0.831
0.860
0.738
0.770
0.804
0.673
0.996
1.010
0.898
0.435
0.489
0.327
0.431
0.496
0.332
0.429
0.484
0.318
0.400
0.455
0.296
0.395
0.452
0.288
0.837
0.869
0.765
0.963
0.997
0.908
0.598
0.612
0.518
0.958
1.007
0.903
0.920
0.983
0.890
0.814
0.812
0.732
0.728
0.717
0.641
0.752
0.751
0.670
0.688
0.688
0.602
0.978
0.958
0.884
0.412
0.423
0.311
0.409
0.432
0.318
0.404
0.413
0.305
0.373
0.385
0.283
0.377
0.393
0.285
0.729
0.777
0.668
0.866
0.904
0.816
0.537
0.572
0.465
0.910
0.974
0.860
0.819
0.893
0.789
0.694
0.702
0.613
0.644
0.649
0.565
0.645
0.656
0.568
0.592
0.607
0.509
0.934
0.923
0.852
0.360
0.382
0.266
0.359
0.394
0.274
0.350
0.378
0.259
0.330
0.358
0.243
0.334
0.367
0.248
0.888
0.959
0.825
1.101
1.171
1.055
0.653
0.708
0.585
1.075
1.170
1.032
1.079
1.184
1.053
0.957
0.994
0.884
0.831
0.861
0.757
0.864
0.898
0.792
0.738
0.777
0.660
1.058
1.076
0.976
0.548
0.603
0.463
0.513
0.580
0.434
0.534
0.589
0.450
0.465
0.521
0.387
0.480
0.540
0.401
