0.570
0.797
0.319
0.543
0.759
0.338
0.586
0.812
0.365
0.564
0.814
0.341
0.558
0.809
0.360
0.994
1.154
0.737
1.064
1.213
0.815
1.154
1.284
0.909
1.065
1.207
0.809
1.111
1.268
0.846
1.278
1.471
0.997
1.368
1.606
1.112
1.256
1.460
0.976
1.245
1.456
0.970
1.126
1.354
0.858
0.564
0.770
0.296
0.551
0.747
0.328
0.584
0.781
0.336
0.565
0.797
0.328
0.551
0.783
0.343
1.003
1.137
0.730
1.095
1.222
0.832
1.196
1.306
0.933
1.052
1.169
0.777
1.167
1.299
0.880
1.373
1.542
1.077
1.378
1.594
1.114
1.284
1.459
0.976
1.261
1.446
0.966
1.169
1.372
0.876
0.554
0.785
0.304
0.513
0.751
0.325
0.569
0.796
0.347
0.550
0.806
0.331
0.529
0.788
0.343
0.959
1.134
0.714
1.016
1.191
0.787
1.137
1.293
0.910
1.052
1.215
0.810
1.096
1.272
0.841
1.330
1.556
1.084
1.342
1.594
1.108
1.246
1.465
0.983
1.274
1.513
1.026
1.131
1.373
0.871
0.569
0.807
0.307
0.529
0.760
0.330
0.582
0.810
0.341
0.567
0.820
0.332
0.540
0.801
0.347
0.944
1.112
0.679
1.012
1.172
0.761
1.132
1.259
0.871
1.031
1.184
0.765
1.102
1.257
0.836
1.335
1.539
1.043
1.320
1.569
1.061
1.237
1.453
0.943
1.267
1.485
0.980
1.144
1.374
0.853
0.560
0.792
0.307
0.533
0.761
0.335
0.577
0.799
0.343
0.570
0.822
0.342
0.533
0.797
0.347
0.989
1.150
0.726
1.073
1.222
0.822
1.260
1.386
1.000
1.106
1.250
0.845
1.164
1.324
0.899
1.337
1.529
1.046
1.381
1.620
1.120
1.315
1.523
1.026
1.264
1.473
0.974
1.157
1.388
0.879
0.581
0.790
0.325
0.554
0.771
0.341
0.598
0.807
0.378
0.581
0.815
0.354
0.580
0.822
0.383
0.925
1.092
0.681
0.977
1.149
0.750
1.076
1.223
0.842
1.000
1.161
0.760
1.078
1.257
0.828
1.293
1.500
1.048
1.257
1.489
1.021
1.207
1.426
0.964
1.242
1.454
0.988
1.117
1.345
0.868
0.549
0.780
0.287
0.511
0.740
0.298
0.568
0.790
0.324
0.539
0.794
0.303
0.523
0.782
0.319
0.932
1.103
0.668
0.984
1.151
0.724
1.124
1.271
0.858
1.008
1.169
0.741
1.158
1.329
0.884
1.276
1.484
0.986
1.307
1.553
1.051
1.268
1.482
0.973
1.213
1.439
0.933
1.157
1.391
0.872
0.543
0.767
0.291
0.509
0.733
0.310
0.558
0.778
0.331
0.543
0.792
0.322
0.515
0.771
0.328
0.897
1.056
0.640
1.024
1.179
0.777
1.126
1.258
0.874
1.042
1.191
0.785
1.082
1.250
0.826
1.376
1.579
1.103
1.336
1.579
1.096
1.238
1.448
0.959
1.253
1.467
0.983
1.106
1.341
0.836
0.572
0.801
0.331
0.555
0.778
0.357
0.588
0.812
0.373
0.559
0.811
0.349
0.559
0.807
0.367
1.008
1.178
0.769
1.005
1.180
0.784
1.155
1.313
0.929
1.070
1.230
0.830
1.164
1.343
0.927
1.293
1.505
1.046
1.348
1.592
1.125
1.335
1.546
1.074
1.331
1.558
1.091
1.219
1.454
0.976
1.199
1.120
0.802
1.124
1.029
0.766
1.095
1.005
0.723
1.271
1.225
0.918
1.223
1.185
0.895
0.726
0.640
0.346
0.780
0.687
0.406
0.731
0.607
0.360
0.713
0.599
0.335
0.728
0.574
0.301
1.260
1.152
0.855
1.361
1.289
0.965
1.334
1.238
0.914
1.328
1.221
0.919
1.165
1.088
0.760
1.219
1.115
0.802
1.145
1.021
0.762
1.104
0.996
0.707
1.274
1.202
0.895
1.261
1.201
0.906
0.750
0.629
0.348
0.800
0.679
0.397
0.749
0.597
0.351
0.734
0.603
0.331
0.750
0.578
0.307
1.312
1.180
0.872
1.342
1.230
0.923
1.349
1.221
0.907
1.354
1.224
0.917
1.202
1.099
0.773
0.964
0.881
0.624
0.929
0.831
0.619
0.933
0.836
0.608
1.006
0.945
0.696
0.992
0.944
0.715
0.595
0.490
0.263
0.639
0.532
0.304
0.598
0.476
0.270
0.598
0.482
0.263
0.602
0.455
0.231
1.083
0.956
0.723
1.099
1.009
0.757
1.056
0.945
0.692
1.134
1.024
0.777
0.970
0.873
0.610
1.216
1.125
0.813
1.177
1.066
0.812
1.091
0.992
0.707
1.273
1.205
0.910
1.249
1.196
0.921
0.727
0.610
0.335
0.763
0.639
0.371
0.737
0.590
0.350
0.709
0.582
0.318
0.719
0.554
0.286
1.316
1.186
0.889
1.409
1.310
0.999
1.419
1.295
0.986
1.369
1.250
0.941
1.205
1.116
0.790
1.197
1.101
0.789
1.092
0.967
0.713
1.107
0.992
0.724
1.219
1.144
0.846
1.245
1.173
0.901
0.743
0.628
0.356
0.780
0.667
0.402
0.752
0.612
0.372
0.742
0.614
0.359
0.755
0.606
0.328
1.257
1.118
0.842
1.342
1.236
0.942
1.346
1.231
0.925
1.316
1.196
0.898
1.157
1.053
0.740
1.180
1.094
0.780
1.146
1.041
0.781
1.066
0.983
0.685
1.212
1.156
0.850
1.233
1.207
0.909
0.692
0.591
0.309
0.737
0.633
0.354
0.693
0.556
0.313
0.685
0.570
0.303
0.699
0.546
0.269
1.278
1.159
0.858
1.275
1.191
0.878
1.346
1.242
0.920
1.312
1.202
0.890
1.136
1.057
0.721
1.080
1.011
0.719
1.030
0.940
0.712
1.034
0.958
0.687
1.107
1.068
0.788
1.127
1.108
0.846
0.662
0.569
0.305
0.688
0.594
0.330
0.673
0.553
0.320
0.668
0.563
0.307
0.672
0.525
0.273
1.167
1.057
0.773
1.255
1.176
0.882
1.216
1.126
0.819
1.217
1.117
0.830
1.075
1.002
0.685
1.079
0.999
0.716
1.050
0.949
0.727
0.998
0.909
0.653
1.126
1.080
0.803
1.124
1.087
0.839
0.659
0.561
0.307
0.672
0.564
0.321
0.676
0.550
0.332
0.653
0.535
0.300
0.667
0.513
0.271
1.194
1.075
0.807
1.245
1.155
0.878
1.277
1.170
0.886
1.201
1.083
0.814
1.063
0.974
0.674
1.213
1.131
0.801
1.148
1.049
0.771
1.087
1.001
0.698
1.264
1.210
0.888
1.225
1.187
0.883
0.723
0.626
0.327
0.773
0.677
0.383
0.729
0.604
0.341
0.719
0.610
0.328
0.726
0.586
0.290
1.326
1.213
0.903
1.361
1.274
0.954
1.409
1.310
0.979
1.353
1.247
0.927
1.177
1.096
0.757
1.202
1.296
0.861
1.419
1.492
1.111
1.023
1.101
0.690
1.375
1.494
1.058
1.347
1.476
1.066
1.298
1.334
0.956
1.118
1.129
0.774
1.129
1.131
0.783
1.037
1.056
0.683
1.409
1.396
1.026
0.999
1.044
0.602
0.904
0.973
0.531
0.940
0.998
0.547
0.875
0.928
0.486
0.845
0.918
0.469
1.136
1.238
0.750
1.318
1.403
0.974
0.942
1.035
0.577
1.233
1.363
0.876
1.175
1.312
0.851
1.098
1.140
0.720
0.989
1.013
0.604
1.044
1.064
0.669
1.063
1.096
0.672
1.371
1.371
0.950
0.746
0.821
0.313
0.711
0.804
0.303
0.723
0.806
0.293
0.697
0.780
0.275
0.697
0.794
0.279
1.146
1.251
0.775
1.352
1.447
1.025
0.903
1.006
0.554
1.235
1.374
0.892
1.174
1.319
0.865
1.204
1.265
0.851
1.068
1.111
0.708
1.097
1.132
0.739
1.006
1.052
0.634
1.383
1.410
0.981
0.760
0.837
0.344
0.730
0.828
0.338
0.745
0.826
0.330
0.709
0.793
0.298
0.705
0.797
0.296
1.167
1.296
0.788
1.311
1.419
0.970
0.928
1.054
0.569
1.221
1.377
0.871
1.221
1.380
0.897
1.200
1.277
0.831
1.050
1.103
0.677
1.108
1.156
0.735
1.041
1.106
0.662
1.273
1.311
0.861
0.747
0.844
0.319
0.722
0.846
0.320
0.735
0.840
0.308
0.707
0.814
0.286
0.686
0.808
0.278
1.071
1.148
0.733
1.190
1.264
0.885
0.822
0.876
0.495
1.201
1.295
0.887
1.147
1.253
0.866
1.051
1.079
0.718
0.948
0.961
0.608
0.996
1.005
0.661
0.924
0.942
0.581
1.219
1.220
0.845
0.680
0.714
0.302
0.666
0.721
0.306
0.669
0.709
0.292
0.631
0.677
0.268
0.641
0.692
0.271
0.934
1.023
0.638
1.072
1.148
0.801
0.736
0.810
0.448
1.121
1.227
0.845
1.013
1.130
0.766
0.901
0.936
0.600
0.846
0.872
0.545
0.858
0.881
0.562
0.795
0.828
0.489
1.151
1.159
0.824
0.595
0.649
0.260
0.584
0.656
0.267
0.587
0.650
0.252
0.559
0.623
0.235
0.567
0.637
0.238
1.125
1.247
0.802
1.326
1.440
1.039
0.873
0.980
0.565
1.316
1.462
1.020
1.304
1.462
1.041
1.195
1.259
0.880
1.049
1.098
0.727
1.103
1.144
0.784
0.963
1.022
0.635
1.299
1.333
0.939
0.812
0.900
0.451
0.765
0.871
0.421
0.798
0.892
0.438
0.723
0.819
0.372
0.743
0.846
0.387
