0.485
0.698
0.318
0.460
0.674
0.339
0.502
0.717
0.366
0.475
0.716
0.340
0.472
0.716
0.361
0.904
1.061
0.728
0.964
1.120
0.800
1.057
1.193
0.897
0.964
1.112
0.795
1.008
1.171
0.837
1.151
1.342
0.976
1.250
1.476
1.088
1.129
1.325
0.949
1.129
1.331
0.955
1.002
1.218
0.831
0.478
0.671
0.294
0.466
0.661
0.329
0.499
0.683
0.335
0.471
0.698
0.326
0.464
0.691
0.344
0.915
1.047
0.724
0.998
1.129
0.816
1.104
1.217
0.924
0.955
1.076
0.765
1.058
1.196
0.868
1.253
1.417
1.057
1.268
1.474
1.094
1.157
1.326
0.951
1.146
1.323
0.951
1.046
1.239
0.853
0.469
0.689
0.304
0.432
0.671
0.330
0.487
0.705
0.349
0.461
0.712
0.331
0.444
0.700
0.345
0.871
1.047
0.709
0.926
1.103
0.777
1.046
1.208
0.901
0.958
1.124
0.799
0.992
1.174
0.830
1.213
1.433
1.063
1.231
1.471
1.085
1.128
1.340
0.959
1.170
1.398
1.016
1.012
1.242
0.848
0.475
0.691
0.305
0.442
0.667
0.331
0.490
0.700
0.340
0.469
0.710
0.329
0.451
0.702
0.349
0.851
1.010
0.674
0.908
1.069
0.746
1.028
1.166
0.859
0.924
1.076
0.751
0.989
1.157
0.823
1.201
1.397
1.024
1.195
1.427
1.035
1.097
1.300
0.913
1.144
1.350
0.968
1.006
1.223
0.826
0.474
0.692
0.305
0.450
0.676
0.338
0.493
0.700
0.343
0.475
0.721
0.341
0.447
0.706
0.350
0.903
1.061
0.722
0.977
1.132
0.809
1.167
1.301
0.993
1.007
1.160
0.835
1.059
1.225
0.888
1.213
1.403
1.030
1.269
1.500
1.102
1.186
1.388
1.001
1.143
1.343
0.957
1.033
1.251
0.854
0.494
0.694
0.321
0.468
0.682
0.340
0.517
0.718
0.377
0.490
0.718
0.351
0.493
0.729
0.381
0.837
1.002
0.672
0.879
1.053
0.732
0.983
1.134
0.828
0.907
1.068
0.746
0.975
1.159
0.814
1.177
1.378
1.022
1.142
1.364
0.987
1.088
1.298
0.931
1.132
1.336
0.970
0.999
1.214
0.838
0.468
0.684
0.285
0.427
0.654
0.299
0.489
0.696
0.323
0.451
0.700
0.302
0.436
0.692
0.321
0.846
1.014
0.660
0.890
1.060
0.710
1.034
1.185
0.848
0.913
1.078
0.730
1.057
1.233
0.874
1.160
1.361
0.968
1.192
1.429
1.022
1.148
1.350
0.946
1.107
1.321
0.918
1.032
1.254
0.840
0.462
0.670
0.291
0.428
0.647
0.313
0.480
0.684
0.332
0.455
0.696
0.321
0.432
0.683
0.331
0.815
0.968
0.636
0.933
1.088
0.765
1.035
1.169
0.863
0.954
1.103
0.777
0.986
1.152
0.818
1.263
1.454
1.083
1.231
1.460
1.074
1.120
1.317
0.932
1.148
1.348
0.970
0.991
1.209
0.813
0.480
0.702
0.328
0.467
0.692
0.358
0.501
0.718
0.372
0.468
0.718
0.348
0.469
0.715
0.367
0.918
1.090
0.764
0.907
1.087
0.769
1.056
1.221
0.915
0.970
1.136
0.817
1.057
1.246
0.915
1.173
1.384
1.026
1.235
1.473
1.101
1.210
1.420
1.050
1.217
1.442
1.077
1.096
1.325
0.950
1.106
1.002
0.789
1.037
0.916
0.758
1.012
0.893
0.712
1.176
1.105
0.902
1.128
1.069
0.884
0.651
0.537
0.343
0.693
0.579
0.394
0.653
0.509
0.356
0.633
0.501
0.331
0.645
0.470
0.301
1.154
1.025
0.835
1.257
1.163
0.943
1.223
1.106
0.887
1.216
1.085
0.892
1.069
0.962
0.742
1.128
1.002
0.788
1.059
0.912
0.753
1.022
0.888
0.695
1.180
1.083
0.878
1.168
1.088
0.895
0.675
0.532
0.343
0.713
0.576
0.384
0.672
0.504
0.345
0.654
0.506
0.325
0.665
0.475
0.303
1.207
1.056
0.851
1.244
1.111
0.904
1.240
1.092
0.879
1.244
1.092
0.888
1.104
0.974
0.751
0.886
0.787
0.616
0.852
0.735
0.613
0.861
0.746
0.601
0.925
0.843
0.684
0.913
0.849
0.709
0.529
0.406
0.261
0.567
0.448
0.297
0.531
0.395
0.267
0.529
0.399
0.259
0.529
0.367
0.229
1.001
0.860
0.711
1.014
0.912
0.741
0.963
0.837
0.669
1.041
0.915
0.756
0.884
0.769
0.595
1.126
1.004
0.800
1.089
0.949
0.803
1.008
0.877
0.696
1.174
1.076
0.890
1.156
1.077
0.910
0.652
0.507
0.332
0.680
0.531
0.361
0.661
0.492
0.345
0.629
0.480
0.313
0.635
0.446
0.284
1.210
1.052
0.869
1.305
1.178
0.975
1.304
1.152
0.954
1.257
1.108
0.914
1.109
0.984
0.769
1.107
0.988
0.779
1.005
0.855
0.706
1.028
0.887
0.721
1.125
1.024
0.831
1.150
1.058
0.891
0.668
0.529
0.355
0.697
0.563
0.396
0.675
0.512
0.371
0.663
0.518
0.356
0.672
0.502
0.329
1.154
0.993
0.824
1.241
1.117
0.923
1.233
1.098
0.896
1.204
1.061
0.871
1.062
0.931
0.726
1.090
0.979
0.768
1.059
0.927
0.774
0.982
0.868
0.673
1.117
1.036
0.836
1.138
1.090
0.897
0.618
0.490
0.306
0.652
0.528
0.343
0.616
0.459
0.309
0.605
0.469
0.297
0.614
0.437
0.267
1.169
1.027
0.832
1.172
1.067
0.854
1.238
1.108
0.894
1.200
1.063
0.861
1.039
0.925
0.702
1.000
0.915
0.714
0.947
0.840
0.704
0.958
0.862
0.679
1.020
0.965
0.777
1.046
1.013
0.843
0.591
0.482
0.302
0.610
0.503
0.321
0.601
0.467
0.315
0.593
0.477
0.302
0.591
0.429
0.271
1.074
0.950
0.759
1.163
1.072
0.864
1.115
1.013
0.796
1.121
1.003
0.809
0.986
0.893
0.669
0.993
0.895
0.705
0.966
0.844
0.716
0.921
0.809
0.643
1.038
0.970
0.789
1.040
0.986
0.832
0.589
0.472
0.303
0.595
0.474
0.313
0.604
0.464
0.327
0.578
0.449
0.294
0.586
0.418
0.268
1.099
0.967
0.792
1.151
1.048
0.858
1.177
1.057
0.864
1.100
0.965
0.790
0.972
0.863
0.657
1.120
1.017
0.787
1.059
0.936
0.761
1.003
0.892
0.687
1.167
1.091
0.870
1.128
1.072
0.870
0.646
0.528
0.323
0.688
0.575
0.372
0.650
0.509
0.336
0.638
0.514
0.322
0.641
0.481
0.287
1.217
1.089
0.880
1.253
1.151
0.928
1.293
1.178
0.947
1.238
1.114
0.898
1.076
0.971
0.735
1.140
1.214
0.866
1.356
1.416
1.116
0.961
1.018
0.694
1.308
1.406
1.063
1.281
1.393
1.072
1.226
1.249
0.949
1.044
1.054
0.770
1.056
1.059
0.780
0.965
0.980
0.683
1.337
1.324
1.032
0.897
0.930
0.585
0.811
0.863
0.516
0.837
0.880
0.529
0.776
0.814
0.470
0.752
0.806
0.453
1.071
1.146
0.760
1.249
1.318
0.978
0.878
0.942
0.582
1.157
1.256
0.874
1.105
1.215
0.858
1.026
1.052
0.717
0.911
0.930
0.601
0.967
0.983
0.666
0.986
1.008
0.671
1.296
1.291
0.958
0.648
0.698
0.305
0.624
0.688
0.296
0.630
0.684
0.286
0.605
0.661
0.268
0.610
0.673
0.272
1.082
1.168
0.784
1.289
1.373
1.032
0.841
0.920
0.561
1.162
1.278
0.893
1.107
1.236
0.873
1.128
1.178
0.845
0.994
1.036
0.709
1.019
1.054
0.735
0.928
0.973
0.636
1.312
1.338
0.991
0.660
0.724
0.336
0.639
0.724
0.332
0.646
0.714
0.323
0.611
0.683
0.293
0.611
0.686
0.291
1.104
1.206
0.798
1.246
1.341
0.980
0.863
0.958
0.573
1.148
1.278
0.875
1.154
1.291
0.909
1.124
1.185
0.827
0.974
1.024
0.678
1.032
1.077
0.734
0.963
1.018
0.662
1.200
1.238
0.872
0.643
0.725
0.312
0.632
0.730
0.315
0.637
0.723
0.302
0.610
0.699
0.280
0.598
0.692
0.273
1.017
1.081
0.747
1.132
1.195
0.893
0.766
0.809
0.504
1.140
1.223
0.894
1.093
1.189
0.880
0.985
1.005
0.717
0.888
0.897
0.613
0.932
0.941
0.664
0.858
0.872
0.583
1.159
1.156
0.857
0.600
0.629
0.296
0.590
0.638
0.301
0.589
0.622
0.287
0.554
0.593
0.264
0.563
0.604
0.267
0.889
0.964
0.651
1.019
1.087
0.806
0.688
0.749
0.455
1.074
1.167
0.857
0.969
1.075
0.783
0.842
0.872
0.598
0.790
0.816
0.547
0.800
0.824
0.562
0.740
0.770
0.493
1.097
1.103
0.834
0.525
0.570
0.255
0.518
0.579
0.262
0.515
0.568
0.247
0.492
0.546
0.231
0.500
0.557
0.235
1.072
1.176
0.813
1.271
1.373
1.048
0.820
0.906
0.573
1.254
1.385
1.027
1.245
1.390
1.052
1.132
1.187
0.877
0.987
1.034
0.731
1.038
1.080
0.785
0.900
0.954
0.639
1.235
1.269
0.951
0.730
0.808
0.447
0.690
0.784
0.418
0.717
0.797
0.432
0.644
0.729
0.370
0.665
0.753
0.384
