1.553
1.674
1.566
3.089
3.148
3.128
0.827
0.952
0.917
1.283
1.306
1.273
0.993
1.096
0.734
0.341
0.377
0.485
0.419
0.606
0.448
3.574
3.586
3.480
1.670
1.779
1.692
1.460
1.487
1.498
1.452
1.624
1.476
0.329
0.483
0.448
0.956
1.043
1.037
1.420
1.557
1.506
1.579
1.614
1.634
0.394
0.586
1.210
0.453
0.670
0.604
1.100
1.127
1.087
2.135
2.503
2.603
0.401
0.457
0.642
1.030
1.164
1.035
2.289
2.403
2.319
2.712
2.772
2.712
2.330
2.543
2.503
0.856
1.125
1.076
1.378
1.395
1.344
1.049
1.070
1.003
1.106
1.317
1.158
1.746
1.970
2.081
1.232
1.464
1.405
1.251
1.475
1.270
2.272
2.448
2.296
1.946
1.986
1.888
1.523
1.797
1.696
2.266
2.338
2.338
1.692
1.885
1.527
0.833
0.969
0.856
1.362
1.363
1.286
0.859
1.069
1.007
1.434
1.379
1.249
0.903
1.215
1.033
0.806
0.953
0.815
1.576
1.581
1.478
0.545
0.881
0.656
0.988
1.230
1.069
1.613
1.804
1.653
1.434
1.698
1.619
0.852
1.087
0.905
1.559
1.653
1.579
2.438
2.463
2.446
2.363
2.520
2.307
2.167
2.306
2.225
1.552
1.557
1.479
0.874
0.908
0.833
1.185
1.380
1.326
1.475
1.729
1.364
0.727
0.862
0.816
1.128
1.302
0.937
0.572
0.728
0.646
2.618
2.741
2.677
1.976
1.935
1.896
2.492
2.587
2.476
1.127
1.315
1.238
2.239
2.197
2.090
0.586
1.050
0.671
1.892
2.087
1.988
1.970
2.059
1.993
1.277
1.319
1.117
1.007
1.287
1.045
0.844
0.860
0.787
0.844
0.946
0.842
0.931
0.964
0.924
2.171
2.229
2.242
1.539
1.662
1.569
0.902
0.893
1.017
0.936
0.897
0.924
2.087
2.087
2.115
1.990
2.296
2.223
2.094
2.162
2.163
0.811
0.922
0.857
0.882
0.937
0.483
1.293
1.362
1.152
1.935
1.851
1.769
3.341
3.437
3.397
0.529
0.689
0.629
1.861
2.014
1.958
0.909
0.977
0.790
1.715
1.819
1.855
0.604
1.000
0.791
1.194
1.313
1.257
1.073
1.095
1.128
1.076
1.223
1.025
2.714
2.732
2.693
2.417
2.566
2.515
1.161
1.256
1.267
1.752
1.836
1.785
2.086
2.104
2.083
1.031
1.090
0.997
2.150
2.216
2.116
1.039
1.399
1.089
0.432
0.753
0.449
1.647
1.729
1.656
1.565
1.661
1.597
2.077
2.201
2.226
0.951
1.141
0.978
1.352
1.359
1.368
2.358
2.614
2.493
0.702
0.815
0.697
1.408
1.462
1.456
0.646
0.715
0.684
1.616
1.751
1.690
1.594
1.849
1.876
1.822
1.933
1.885
1.067
1.242
1.176
0.762
1.033
0.904
1.799
1.867
1.873
0.497
0.839
0.558
1.670
1.624
1.671
1.048
1.171
1.083
1.335
1.331
1.384
0.798
0.936
0.965
0.729
0.819
0.780
2.264
2.285
2.255
2.781
3.158
2.754
2.879
2.874
2.782
1.497
1.550
1.517
2.276
2.371
2.341
1.814
1.917
1.788
1.360
1.462
1.413
1.635
1.697
1.739
1.806
1.795
1.815
0.860
0.932
0.884
0.973
1.275
1.051
1.326
1.489
1.375
1.922
2.024
1.928
2.612
2.680
2.602
2.084
2.101
2.036
0.257
0.457
0.405
1.824
1.919
1.768
1.591
2.099
2.003
1.923
1.911
1.880
1.627
2.074
1.847
1.232
1.464
1.405
2.163
2.379
2.204
2.387
2.416
2.544
1.623
1.771
1.653
0.537
0.717
0.579
1.130
1.219
1.098
1.630
1.691
1.577
1.047
1.059
0.927
0.914
0.872
0.749
1.948
1.895
1.785
1.488
1.596
1.509
1.994
2.023
1.979
1.278
1.244
1.091
1.669
1.827
1.797
0.807
1.068
0.833
1.497
1.628
1.547
1.178
1.304
1.259
0.963
1.300
1.089
1.056
1.178
1.109
1.246
1.401
1.301
1.400
1.480
1.584
1.628
1.920
1.794
1.126
1.204
0.999
0.804
0.780
0.767
0.792
0.838
0.807
0.826
0.895
0.849
1.444
1.473
1.467
2.181
2.286
2.268
1.266
1.527
1.459
1.338
1.438
1.399
1.282
1.366
1.294
0.827
0.822
0.794
1.536
1.580
1.550
1.712
1.822
1.754
0.898
1.124
1.132
0.867
1.145
1.026
1.696
1.938
1.857
1.559
1.639
1.658
1.045
1.064
0.947
1.664
1.573
1.339
2.517
2.580
2.559
1.590
1.909
1.765
2.708
2.715
2.682
1.518
1.628
1.635
1.338
1.412
1.410
1.671
1.746
1.608
1.796
2.294
1.892
0.346
0.414
0.361
0.874
0.928
0.946
0.901
1.092
0.929
1.716
1.827
1.727
0.719
0.890
0.668
1.000
1.133
1.367
0.961
1.984
0.913
0.508
0.785
0.708
0.677
1.202
0.874
1.864
1.936
1.811
1.275
1.290
1.247
1.903
1.815
1.861
0.987
1.046
0.845
2.281
2.351
2.457
1.718
1.795
1.854
1.474
1.673
1.548
1.091
1.432
1.286
0.664
1.280
1.057
0.546
0.733
0.742
2.295
2.291
2.201
1.384
1.440
1.391
2.297
2.899
2.230
1.321
1.418
1.119
0.849
0.938
0.806
1.411
1.425
1.391
0.851
1.174
0.942
1.593
1.678
1.686
0.828
0.984
1.548
1.557
1.552
1.457
0.731
1.017
0.894
2.710
2.863
2.791
2.309
2.421
2.341
1.902
1.956
1.841
1.665
1.751
1.512
1.718
1.733
1.632
0.482
0.546
0.522
0.555
0.713
0.602
1.116
1.244
1.266
0.486
0.570
0.475
2.595
2.648
2.607
0.956
1.190
0.997
1.808
1.991
1.934
1.203
1.268
1.158
1.262
1.414
1.329
0.855
0.831
0.809
0.623
0.640
0.475
0.544
0.744
0.725
0.671
0.807
0.722
1.572
1.525
1.513
1.063
1.424
1.102
0.951
0.924
0.947
1.821
1.872
1.898
0.736
0.821
0.808
0.906
1.123
1.010
1.518
1.542
1.402
1.989
2.122
2.105
0.677
0.826
0.810
1.858
1.908
1.908
1.177
1.195
0.871
1.811
1.890
1.905
1.344
1.465
1.341
1.100
1.390
1.380
1.989
2.107
2.028
1.083
1.200
1.138
0.910
0.844
0.813
1.122
1.177
1.216
1.890
1.996
1.934
1.542
1.638
1.624
1.648
1.863
1.711
1.296
1.377
1.318
3.082
3.229
3.252
1.271
1.362
1.295
2.006
2.079
1.906
0.712
0.880
0.830
1.609
1.668
1.602
1.458
1.478
1.453
2.159
2.397
2.261
2.044
2.181
2.134
1.606
1.657
1.565
0.294
0.461
0.324
1.313
1.513
1.423
1.513
1.659
1.692
1.208
1.479
1.298
1.192
1.919
1.241
0.888
0.973
0.908
1.132
1.539
1.370
0.857
1.157
0.985
0.463
0.719
0.588
0.805
0.822
0.786
2.156
2.242
2.202
1.043
1.143
1.081
1.043
1.167
1.091
1.298
1.573
1.467
1.511
1.556
1.520
1.292
1.361
1.253
0.305
0.417
0.352
0.722
0.901
0.828
0.646
0.701
0.647
1.832
1.925
2.061
1.684
1.772
1.761
1.824
1.777
1.757
0.586
0.621
0.597
0.785
0.965
0.891
2.852
2.972
3.037
0.797
1.129
0.973
3.084
3.113
3.232
1.169
1.253
1.124
0.574
0.765
0.696
0.944
1.084
0.873
1.017
1.325
1.150
0.862
0.975
0.933
0.518
0.615
0.633
1.806
1.850
1.553
1.185
1.380
1.217
0.769
0.737
0.803
2.256
2.247
2.259
1.249
1.463
1.193
0.881
0.946
0.892
0.724
0.871
0.801
0.790
0.922
0.918
0.514
0.530
0.545
0.803
1.055
0.923
1.401
1.456
1.429
1.969
1.986
1.915
1.657
1.672
1.657
1.754
1.817
1.826
0.922
1.017
0.956
0.794
1.087
0.832
1.333
1.475
1.225
1.824
1.919
1.901
0.783
0.936
0.836
1.600
1.747
1.630
1.045
1.167
1.151
0.635
0.917
0.812
1.066
1.080
0.810
1.229
1.362
1.300
0.888
0.973
0.995
2.771
2.932
2.899
1.356
1.499
1.286
2.652
2.709
2.587
1.431
1.575
1.321
1.979
2.044
2.004
0.509
0.658
0.521
3.000
3.056
3.034
0.865
0.989
0.903
1.241
1.197
1.121
1.591
1.652
1.594
0.737
1.084
0.818
1.086
1.128
1.082
0.913
0.933
0.932
1.669
1.680
1.938
0.683
0.762
0.661
0.533
0.570
0.578
1.607
1.760
1.551
1.457
1.435
1.559
1.387
1.314
1.190
0.841
0.946
0.896
2.634
2.789
2.745
2.226
2.351
2.292
2.231
2.276
2.200
0.709
0.914
0.846
0.847
1.239
0.899
0.330
0.514
0.445
2.891
3.005
2.941
1.768
1.803
1.586
0.818
0.803
0.668
0.818
0.878
0.798
0.307
0.645
0.184
0.892
0.898
0.850
1.122
1.133
1.093
1.350
1.623
1.335
1.474
1.515
1.521
1.205
1.278
1.264
2.843
2.896
2.867
2.784
3.048
2.881
1.794
1.813
1.778
0.798
0.891
0.744
0.976
1.062
0.979
2.056
2.263
2.152
1.834
1.847
1.863
2.396
2.470
2.422
1.292
1.379
1.219
1.619
1.792
1.604
1.262
1.780
1.421
1.239
1.420
1.308
1.155
1.615
0.960
1.399
1.457
1.292
1.198
1.308
1.263
1.560
1.890
1.628
1.300
1.326
1.274
1.174
1.225
1.199
1.373
1.450
1.388
1.062
1.359
1.313
0.948
1.411
1.059
1.160
1.340
1.346
1.932
1.947
1.936
2.302
2.392
2.368
2.149
2.079
2.110
2.014
2.235
1.942
1.621
1.594
1.619
1.273
1.457
1.507
2.295
2.257
2.162
1.287
1.334
1.274
1.963
1.962
1.943
2.033
2.151
2.068
0.749
0.829
0.789
0.985
1.107
1.040
1.100
1.111
1.112
0.914
1.067
0.967
0.277
0.555
0.493
0.770
1.218
0.939
1.067
1.093
1.296
0.825
0.916
0.937
2.512
2.695
2.437
1.491
1.436
1.512
1.790
2.042
1.952
1.494
2.302
1.769
1.287
1.296
1.291
1.170
1.220
1.214
2.226
2.437
2.148
1.436
1.857
1.474
1.577
1.844
1.717
1.050
1.116
0.968
1.003
1.003
1.062
0.664
1.053
0.804
1.248
1.564
1.348
0.967
1.190
1.085
1.109
1.258
1.171
1.360
1.432
1.383
0.631
0.663
0.546
0.680
0.796
0.710
1.020
1.052
1.076
0.688
0.793
0.705
1.001
1.302
1.216
1.272
1.545
1.408
1.157
1.087
0.957
0.841
1.217
0.985
2.630
2.693
2.554
0.708
0.948
0.882
0.584
1.321
0.744
1.024
1.120
1.042
0.477
0.525
0.577
0.854
1.097
0.913
0.834
1.080
0.933
0.237
0.370
0.297
0.406
0.560
0.436
1.118
1.154
1.086
1.731
1.785
1.663
0.991
1.066
1.044
0.771
0.996
0.904
0.996
0.929
0.300
1.138
1.193
1.144
1.242
1.402
1.314
0.875
0.999
0.948
1.282
1.737
1.548
2.115
2.176
2.180
0.983
1.099
0.923
2.767
2.849
2.773
0.529
0.651
0.514
0.689
0.728
0.721
0.688
0.769
0.686
1.059
1.184
1.096
1.059
1.305
1.175
1.311
1.573
1.394
1.548
1.681
1.595
1.217
1.545
1.354
1.662
1.777
1.684
1.693
1.835
1.713
1.423
1.528
1.410
2.292
2.353
2.346
1.673
1.719
1.615
1.191
1.269
1.186
1.544
1.585
1.558
1.970
2.116
2.043
1.159
1.312
1.171
0.944
1.123
0.855
1.881
1.915
1.874
3.350
3.427
3.022
2.222
2.343
2.361
0.705
0.664
0.556
1.881
1.978
1.959
1.769
1.680
1.678
1.642
1.806
1.570
1.375
1.461
1.358
1.382
1.526
1.434
1.310
1.412
1.250
2.001
2.027
1.995
1.571
1.613
1.654
1.691
1.760
1.695
0.954
1.300
1.018
1.832
1.955
1.752
0.651
0.824
0.800
1.847
2.028
1.998
1.128
1.258
1.100
1.051
1.042
0.855
1.606
1.638
1.603
1.064
1.137
1.047
1.301
1.373
1.265
2.673
2.599
2.468
1.206
1.250
1.249
1.171
1.345
1.208
0.861
0.928
0.895
0.894
1.176
1.037
1.410
1.493
1.262
1.025
1.046
1.018
0.591
0.915
0.636
1.829
2.060
1.888
3.271
3.315
3.195
0.177
0.466
0.290
0.664
1.504
0.970
1.733
1.724
1.586
1.900
2.019
1.886
1.381
1.495
1.409
1.670
2.395
1.620
1.849
2.331
1.823
1.185
1.378
1.262
0.229
0.350
0.310
2.016
2.354
2.038
1.528
1.654
1.514
0.575
0.763
0.752
0.619
0.687
0.622
2.620
2.732
2.613
1.643
1.810
2.111
1.118
1.481
1.623
0.854
0.988
0.791
1.885
2.201
2.004
1.000
1.101
1.116
0.617
0.933
0.953
0.893
1.117
1.049
1.005
1.031
1.045
0.622
0.856
0.748
0.850
0.917
0.861
0.847
1.041
0.959
1.920
2.198
1.743
3.017
2.983
2.986
1.624
2.241
2.219
1.307
1.506
1.377
1.335
1.326
1.265
1.319
1.395
1.290
0.887
1.034
0.977
1.110
1.259
1.086
1.622
1.740
1.635
1.177
1.569
1.445
2.119
2.180
2.124
1.369
1.386
1.405
0.275
0.454
0.473
2.420
2.498
2.473
1.439
1.418
1.401
1.942
1.986
2.101
1.328
1.458
1.083
0.921
1.170
1.143
1.101
1.198
1.145
0.981
1.203
1.078
1.691
1.897
1.811
1.965
1.997
1.976
1.631
1.701
1.509
0.723
0.896
0.766
0.842
1.002
0.923
0.411
0.661
0.595
0.450
0.631
0.529
0.925
1.101
0.989
2.248
2.435
2.382
1.441
1.572
1.538
0.663
0.801
0.681
0.336
0.418
0.366
1.392
1.688
1.370
1.457
1.808
1.613
1.338
1.569
1.428
1.234
1.251
1.222
1.234
1.319
1.294
0.785
0.818
0.872
1.128
1.219
1.144
1.046
1.147
1.071
1.316
1.301
1.326
0.750
0.735
0.717
1.752
1.847
1.755
1.952
2.040
2.001
1.726
1.939
2.003
1.056
1.109
1.005
1.565
1.689
1.609
0.744
0.897
0.767
0.784
1.219
0.862
0.784
1.061
1.130
2.904
3.122
3.082
0.793
0.922
0.894
1.125
1.262
1.259
0.827
0.929
0.809
1.810
1.872
1.902
1.342
1.240
1.229
0.740
0.731
0.693
0.941
0.880
0.916
0.767
0.766
0.643
0.702
1.064
0.756
0.555
0.612
0.541
1.108
1.200
1.205
3.272
3.240
3.277
1.823
1.953
1.877
2.102
2.171
2.108
0.938
1.231
1.024
1.156
1.207
1.153
1.865
1.819
1.631
1.969
2.426
1.985
2.031
2.096
1.991
0.806
0.997
0.960
1.204
1.365
1.194
1.979
2.097
2.042
0.434
0.634
1.043
1.129
1.097
1.076
2.581
2.884
2.437
0.978
1.089
0.863
1.249
1.113
1.124
0.907
1.106
1.552
3.110
3.151
3.140
1.189
1.399
1.436
1.962
2.020
1.857
0.715
0.762
0.714
0.503
0.632
0.539
1.208
1.291
1.217
3.603
3.667
3.651
1.397
1.406
1.343
2.057
2.170
1.956
0.494
0.486
0.411
0.207
0.576
0.365
2.424
2.806
2.779
0.674
0.818
0.901
1.191
1.299
1.182
1.615
1.771
1.640
1.101
1.169
1.123
0.993
1.057
1.004
1.598
1.562
1.600
2.480
2.512
2.490
1.890
2.059
1.845
1.056
1.143
1.081
0.835
0.948
0.866
1.652
2.020
1.654
1.652
1.938
1.654
1.652
1.944
1.654
1.192
1.202
1.156
1.698
1.764
1.797
1.590
1.636
1.536
1.001
1.055
0.791
0.434
0.848
0.612
1.300
1.436
1.352
1.750
1.828
1.850
0.735
0.813
0.721
0.888
1.029
0.785
1.128
1.314
1.075
0.957
1.017
1.008
0.891
1.156
1.113
1.245
1.535
1.415
1.033
1.201
1.102
1.146
1.217
1.179
0.970
0.913
1.086
1.028
1.221
1.141
1.992
2.151
1.981
2.111
2.110
1.868
1.367
1.498
1.374
2.491
2.696
2.528
1.302
1.316
1.247
1.699
1.650
1.691
1.841
1.863
1.938
1.841
1.863
1.938
0.989
1.378
1.019
1.360
1.370
1.130
0.895
1.221
0.926
0.895
1.274
0.926
1.685
1.921
1.843
0.899
1.035
1.023
1.466
1.636
1.247
2.546
2.603
2.535
0.313
0.442
0.390
1.075
1.277
1.149
1.210
1.366
1.375
1.265
1.338
1.054
2.503
2.597
2.509
1.411
1.370
1.393
2.776
3.061
2.825
1.985
2.074
2.006
1.672
1.801
1.697
1.904
1.962
1.824
1.168
1.242
1.167
0.717
0.993
0.816
1.201
1.294
1.054
1.099
1.147
1.020
1.149
1.169
1.114
1.218
1.224
1.190
1.224
1.450
1.383
0.936
0.989
0.941
1.092
1.156
1.000
1.524
1.602
1.559
0.471
0.754
0.626
1.045
1.235
1.032
1.788
1.807
1.785
0.503
0.706
0.648
0.752
0.791
0.726
0.847
0.980
0.969
0.482
0.689
0.589
0.903
1.338
1.196
0.350
0.581
0.396
1.616
1.575
1.589
2.207
2.288
2.212
0.756
0.810
0.764
1.963
2.189
2.119
1.735
1.769
1.610
0.924
1.170
1.017
0.795
0.874
0.804
1.278
1.439
1.356
2.033
1.975
2.032
1.268
1.251
1.172
0.459
0.557
0.378
0.709
1.137
0.738
1.411
1.506
1.405
1.044
1.151
1.124
1.189
1.362
1.255
0.875
1.027
0.979
1.447
1.697
1.546
3.008
2.997
3.005
1.438
1.482
1.483
1.118
1.378
1.250
0.968
1.004
0.946
2.329
2.431
2.367
1.683
1.798
1.790
1.908
1.955
1.762
2.428
2.480
2.488
1.724
2.046
1.841
1.522
1.649
1.732
1.600
1.644
1.582
1.389
1.433
1.410
1.475
1.526
1.554
0.866
1.122
1.036
0.862
0.924
0.854
1.141
1.271
1.226
0.733
0.758
0.625
1.422
1.415
1.277
1.954
2.290
2.084
3.510
3.495
3.579
1.196
1.362
1.145
1.194
1.171
1.032
1.242
1.282
1.225
0.867
1.035
0.858
0.867
1.177
1.078
0.438
0.741
0.629
0.837
0.854
0.920
0.926
1.028
0.989
0.977
1.108
0.994
2.849
2.899
2.939
2.929
3.016
2.961
1.889
1.900
1.834
1.593
1.806
1.732
1.611
1.678
1.644
1.375
1.455
1.322
1.165
1.303
1.231
3.226
3.325
3.255
1.401
1.601
1.409
1.838
2.102
1.560
1.179
1.221
1.241
1.570
1.884
1.607
1.997
2.101
1.988
1.527
1.547
1.483
1.535
1.541
1.556
1.696
1.708
1.709
0.714
0.906
0.828
1.356
1.450
1.417
1.296
1.402
1.074
1.047
1.115
1.080
1.699
1.816
1.618
1.603
1.571
1.469
1.686
1.747
1.690
1.105
1.094
1.117
2.022
1.996
1.932
0.836
1.020
0.923
1.423
1.447
1.462
1.423
1.447
1.462
1.390
1.506
1.453
1.820
2.156
1.921
2.215
2.215
2.348
0.647
0.756
0.608
1.525
1.592
1.517
1.673
1.846
1.743
0.676
1.040
0.731
1.445
1.578
1.352
2.657
2.704
2.510
1.533
1.817
1.623
1.569
1.667
1.585
0.857
0.839
0.806
1.037
1.579
1.203
0.895
1.027
0.947
1.943
1.943
1.793
1.459
1.496
1.161
1.217
1.303
1.066
1.366
1.382
1.268
1.366
1.519
1.390
1.221
1.169
1.172
0.850
1.086
0.955
1.229
1.595
1.396
1.556
1.672
1.541
1.951
2.110
2.148
2.093
2.137
2.105
1.169
1.263
1.134
1.669
2.246
2.021
0.914
1.006
0.903
1.629
1.575
1.492
0.607
0.663
0.625
1.024
0.954
0.956
1.304
1.376
1.358
2.188
2.669
2.650
2.121
2.212
2.120
2.799
2.867
2.927
1.076
1.149
1.092
0.796
0.828
0.847
1.347
1.322
1.125
0.647
0.741
0.759
0.647
1.265
0.732
1.679
1.775
1.711
1.166
1.101
1.149
1.835
1.931
1.865
1.715
1.864
1.773
1.827
1.789
1.685
0.380
0.502
0.532
0.904
0.975
0.908
2.466
2.371
2.310
0.670
0.852
0.791
1.168
1.253
1.260
1.415
1.510
1.460
1.555
1.773
1.718
0.918
0.979
1.058
1.775
1.958
1.934
1.253
1.284
1.190
1.219
1.280
0.996
1.147
1.319
1.346
2.080
2.198
2.136
1.561
1.615
1.500
1.555
1.726
1.684
1.959
2.047
1.895
2.507
2.616
2.528
1.118
1.298
1.225
3.691
3.809
3.754
2.132
2.460
2.304
1.259
1.466
1.400
0.622
0.981
0.779
0.851
0.975
0.952
2.721
2.770
2.733
0.851
1.107
0.845
0.918
1.000
0.975
0.637
0.625
0.707
2.138
2.275
2.326
0.887
0.788
0.782
0.581
0.739
0.625
0.973
1.243
1.247
1.736
1.743
1.659
0.509
0.637
0.560
1.428
1.531
1.496
1.630
1.728
1.762
1.378
1.492
1.420
1.631
1.746
1.583
0.936
1.506
1.121
1.288
1.404
1.255
2.519
2.595
2.497
1.894
1.912
1.918
1.702
1.746
1.799
2.398
2.511
2.465
0.685
1.576
0.852
0.493
0.609
0.537
0.481
0.747
0.702
1.623
2.072
1.836
1.255
1.180
1.206
0.701
0.856
0.837
1.394
1.481
1.463
1.612
1.561
1.517
1.487
1.553
1.506
0.284
0.289
0.218
2.117
2.169
2.159
1.205
1.435
1.414
1.071
1.043
0.973
2.321
2.382
2.300
2.594
2.744
2.644
1.880
1.991
1.893
0.806
0.987
0.911
1.107
1.281
1.013
1.523
1.629
1.590
1.418
1.571
1.663
2.249
2.230
2.231
1.132
1.138
1.058
2.983
3.272
3.335
1.270
1.585
1.410
1.687
1.586
1.714
1.722
2.258
2.180
0.652
0.801
0.707
2.043
2.046
2.072
1.051
1.061
0.959
1.696
1.640
1.520
0.255
0.356
0.300
1.031
1.013
0.971
1.395
1.374
1.410
1.053
1.494
0.899
0.831
0.997
0.944
0.830
0.819
0.709
1.457
1.507
1.533
1.432
1.492
1.419
1.654
1.802
1.590
2.264
2.350
2.352
1.236
1.266
1.214
1.801
1.925
1.889
1.739
1.899
1.803
1.511
1.480
1.526
1.568
1.653
1.420
1.605
1.634
1.625
0.559
0.690
0.658
0.342
0.922
0.814
1.687
1.755
1.630
0.713
0.930
0.785
0.782
0.902
0.878
0.513
0.475
0.353
0.693
1.076
0.810
2.416
2.499
2.566
0.838
0.905
0.792
1.425
1.491
1.416
0.489
0.592
0.534
1.079
1.408
1.244
1.057
1.190
1.051
3.235
3.494
3.316
2.205
2.175
2.175
0.684
0.813
0.776
1.463
1.652
1.401
1.303
1.444
1.382
4.195
4.186
4.159
1.098
1.280
1.196
2.319
2.526
2.501
1.061
1.351
1.120
0.898
0.877
0.823
1.471
1.651
1.540
0.885
0.981
0.965
1.632
1.690
1.543
2.286
2.378
2.383
2.650
2.621
2.630
0.446
0.543
0.576
0.753
0.915
0.926
1.306
1.371
1.341
1.237
1.347
1.191
1.829
2.231
1.760
2.218
2.593
2.427
1.202
1.431
1.400
1.793
1.800
1.821
1.466
1.573
1.512
1.972
2.030
1.965
1.914
1.946
1.999
2.772
2.821
2.815
1.675
1.836
1.674
3.034
3.358
3.135
1.954
2.067
1.983
1.049
1.053
0.924
0.820
0.845
0.525
1.687
1.848
1.801
0.225
0.512
0.418
1.947
1.880
1.774
1.784
1.790
1.770
1.667
1.744
1.686
0.618
0.714
0.698
2.369
2.430
2.337
1.091
1.256
1.162
1.867
1.999
1.912
1.443
1.470
1.298
0.447
0.577
0.553
1.987
2.086
2.047
0.625
0.749
0.569
0.820
1.015
0.770
1.802
1.673
1.756
1.211
1.261
1.263
0.675
0.805
0.709
0.920
0.963
0.840
1.671
2.027
1.797
0.939
1.033
0.953
0.565
0.723
0.676
1.501
1.567
1.562
2.262
2.361
1.640
1.301
1.332
1.225
1.297
1.708
1.806
1.200
1.380
1.300
1.135
1.379
1.285
2.221
2.315
2.228
0.940
1.044
0.938
0.555
0.726
0.553
1.480
1.564
1.459
1.501
1.692
1.572
1.407
1.470
1.424
0.702
0.777
0.699
1.164
1.317
1.159
0.343
0.483
0.427
1.614
1.754
1.800
1.970
2.066
1.903
0.713
1.036
0.919
1.341
1.388
1.367
1.970
2.066
1.903
1.413
1.464
1.442
0.957
1.044
1.007
1.434
1.419
1.401
0.706
0.809
0.748
0.818
0.918
0.905
0.841
0.960
0.961
2.683
2.791
2.744
1.574
1.574
1.533
1.702
1.824
1.749
0.440
0.605
0.459
0.519
0.888
0.944
1.528
1.573
1.574
1.380
1.434
1.265
1.209
1.319
1.210
0.820
0.886
0.652
0.296
0.504
0.276
0.925
1.266
1.075
1.821
2.238
2.226
0.907
1.173
0.992
1.134
1.148
1.008
1.894
2.124
2.153
0.813
0.860
0.685
1.031
1.268
0.959
0.796
0.854
0.797
1.252
1.251
1.207
0.873
1.090
1.333
0.552
0.677
0.650
1.079
1.273
1.297
1.258
1.622
1.510
1.946
1.991
1.846
1.259
1.333
1.300
1.152
1.183
0.924
2.282
2.620
2.311
1.198
1.316
1.364
1.205
1.273
1.127
0.940
1.055
1.015
2.135
2.133
2.072
0.562
0.694
0.422
1.130
1.261
1.069
0.823
1.061
1.162
0.978
1.053
1.015
1.905
1.953
1.958
1.050
1.150
1.002
1.177
1.190
1.208
1.123
1.108
1.033
0.969
1.049
1.024
1.311
1.565
1.352
0.996
0.986
0.923
1.251
1.417
1.265
2.167
2.142
2.085
0.894
0.866
0.777
0.861
0.845
0.771
1.409
1.525
1.343
1.325
1.463
1.407
0.846
0.971
0.830
1.520
1.866
1.628
0.523
0.651
0.563
2.124
2.289
2.133
1.574
1.778
1.836
2.640
2.757
2.673
1.889
2.211
2.158
1.481
1.596
1.705
1.111
1.256
1.218
0.875
0.934
0.797
0.612
0.699
0.697
1.282
1.242
1.298
0.952
1.023
0.999
1.159
1.355
1.231
0.712
0.815
0.568
1.951
1.974
1.736
2.314
2.463
2.460
2.756
2.813
2.583
1.460
1.693
1.573
1.017
1.577
1.240
2.399
2.405
2.469
2.018
1.948
1.920
0.915
1.072
0.921
1.209
1.382
1.287
2.568
2.636
2.592
1.139
1.045
1.103
1.077
0.985
1.026
0.696
1.054
0.745
0.848
0.921
0.855
1.007
1.150
1.082
2.910
3.068
3.122
0.361
0.564
0.381
1.355
1.605
1.391
0.922
0.877
0.942
2.312
2.361
2.122
1.185
1.235
1.189
1.163
1.459
1.431
0.249
0.552
0.443
0.747
0.671
0.765
0.785
0.906
0.806
0.997
1.095
1.134
1.337
1.456
1.425
1.975
2.104
1.920
1.974
2.781
2.166
1.668
1.679
1.654
0.638
0.808
0.741
0.759
0.803
0.732
0.920
1.265
1.047
2.242
2.317
2.403
0.534
0.671
0.635
1.147
1.235
1.206
1.654
1.685
1.590
1.093
1.107
0.933
1.355
1.338
1.300
0.839
1.014
0.857
1.771
1.929
1.845
0.585
0.666
0.637
0.812
0.909
0.824
0.892
0.983
0.843
1.186
1.273
1.386
1.378
1.564
1.576
1.378
1.835
1.799
1.074
1.076
1.015
1.409
1.640
1.505
0.952
1.071
0.919
0.689
1.070
0.887
1.620
1.778
1.699
1.504
1.606
1.538
1.622
1.822
1.670
0.722
0.910
0.746
0.752
0.852
0.691
1.825
1.756
1.703
2.187
2.045
2.081
1.985
2.103
2.070
1.275
1.505
1.212
1.383
1.423
1.438
1.296
1.322
1.419
1.869
1.992
1.863
0.564
0.757
0.695
1.312
1.337
1.365
1.529
1.558
1.460
0.481
0.639
0.560
0.601
0.890
0.769
1.737
1.786
1.752
3.470
3.618
3.472
2.451
2.628
2.533
1.665
1.755
1.631
0.760
0.843
0.803
1.062
1.215
1.038
1.699
1.734
1.691
2.691
2.706
2.625
0.838
0.912
0.848
1.451
1.395
1.457
2.450
2.374
2.371
2.185
2.419
2.287
0.691
0.672
0.588
2.654
2.687
2.433
1.432
1.622
1.539
0.896
0.981
0.879
0.657
0.736
0.409
2.222
2.244
2.100
0.578
0.731
0.563
1.496
1.553
1.521
0.662
0.986
0.807
1.855
1.823
1.885
1.921
2.157
2.407
1.869
1.923
1.925
1.187
1.280
1.163
0.596
0.816
0.699
0.649
0.766
0.738
0.878
0.937
0.987
1.203
1.326
1.344
2.354
2.351
2.301
1.796
1.737
1.829
0.959
0.982
0.910
1.539
1.787
1.613
2.358
2.356
2.311
2.241
2.297
2.352
1.735
1.819
1.755
2.415
2.835
2.443
2.480
2.907
2.676
2.000
2.043
1.983
2.167
2.414
2.152
1.125
1.412
1.491
1.420
1.516
1.485
1.373
1.665
1.509
2.023
2.157
2.136
2.175
2.210
2.187
1.480
1.685
1.456
1.584
1.760
1.657
1.584
1.703
1.698
1.675
1.726
1.569
2.183
2.412
2.131
2.915
2.839
2.705
1.400
1.403
1.403
2.452
2.485
2.414
2.042
2.062
2.025
1.276
1.561
1.321
2.045
2.198
2.155
1.257
1.331
1.320
0.353
0.517
0.448
2.192
2.183
2.229
1.345
1.511
1.825
1.732
1.827
1.756
1.536
1.582
1.597
0.604
0.640
0.648
1.598
1.723
1.600
2.072
2.123
2.114
1.287
1.325
1.155
1.450
1.546
1.503
3.109
3.068
2.847
2.216
2.584
2.375
2.292
2.409
2.411
1.164
1.603
1.595
1.944
2.061
1.907
0.438
0.532
0.413
1.172
1.203
1.192
1.030
1.235
1.026
1.970
2.051
1.940
1.864
1.978
1.960
1.543
1.800
1.755
1.467
1.626
1.391
1.681
1.760
1.838
1.654
1.566
1.425
1.169
1.230
1.235
1.061
1.287
1.029
1.309
1.399
1.035
0.522
0.685
0.668
0.945
0.985
0.852
0.556
0.654
0.635
1.397
1.550
1.376
1.811
1.832
1.755
2.088
2.237
2.059
1.185
1.167
1.180
0.575
0.631
0.627
1.989
1.900
1.768
1.920
1.959
1.769
1.041
0.987
0.871
0.979
1.159
1.036
1.468
1.702
1.677
2.098
2.344
2.301
1.427
1.449
1.340
1.128
1.281
1.103
1.396
1.436
1.368
1.905
2.002
1.934
2.895
2.947
2.896
0.890
0.983
0.892
2.353
2.541
2.394
1.996
2.162
2.047
1.452
1.559
1.512
1.145
1.036
1.085
1.778
1.790
1.604
1.086
1.235
1.172
1.432
1.407
1.472
1.974
1.989
2.043
1.573
1.710
1.643
2.848
2.850
2.577
0.958
0.948
0.921
1.562
1.592
1.628
1.431
1.618
1.205
1.068
1.169
1.083
1.310
1.321
1.286
1.734
1.741
1.714
0.228
0.513
0.411
1.907
1.903
1.873
1.612
1.605
1.559
2.280
2.316
2.258
1.966
1.981
1.941
1.025
1.148
1.080
0.854
1.008
0.847
0.567
0.692
0.391
0.921
1.000
1.073
1.630
1.738
1.662
1.599
1.688
1.428
1.226
1.286
1.154
1.382
1.406
1.323
0.958
1.101
1.087
0.574
0.633
0.508
2.348
2.507
2.372
0.684
0.846
0.802
0.749
0.776
0.792
0.795
1.013
0.798
0.922
0.986
1.047
0.402
0.457
0.442
1.377
1.374
1.381
1.591
1.675
1.560
0.680
0.764
0.799
1.217
1.253
1.297
1.703
1.842
1.821
1.273
1.531
1.446
1.107
1.192
1.189
0.643
0.728
0.714
0.736
0.955
0.831
0.753
0.881
0.840
1.619
1.678
1.652
0.798
0.854
0.893
2.107
2.147
2.120
0.763
1.449
0.751
1.397
1.427
1.328
0.869
1.114
0.956
0.370
0.525
0.462
2.352
2.340
2.368
1.222
1.223
1.203
1.686
1.796
1.726
1.450
1.491
1.149
1.081
1.291
1.196
1.843
1.978
1.899
0.598
0.708
0.572
1.015
1.395
1.105
2.885
2.944
2.746
1.395
1.638
1.557
0.985
1.017
0.795
0.876
1.148
1.084
2.755
2.841
2.541
0.931
1.736
1.666
1.131
1.182
1.081
1.027
1.075
1.073
2.118
2.356
2.156
2.125
2.092
2.092
0.752
0.791
0.509
1.933
2.086
1.898
1.153
1.280
1.196
1.047
1.170
1.071
0.211
0.535
0.465
0.661
0.877
0.741
0.378
0.390
0.315
0.998
0.994
0.909
0.872
1.031
0.979
0.861
0.914
0.809
1.494
1.883
1.441
1.495
1.504
1.392
0.892
0.925
0.820
1.109
1.294
0.982
0.593
0.712
0.670
1.063
1.068
1.083
0.887
0.929
0.906
1.514
1.553
1.498
0.923
1.087
1.038
0.915
1.038
0.914
2.162
2.269
2.237
0.556
0.712
0.586
1.046
1.194
1.127
1.367
1.422
1.433
1.066
1.094
1.110
0.865
0.867
0.787
1.195
1.182
1.143
0.871
1.094
0.925
2.381
2.389
2.256
1.271
1.471
1.408
2.763
3.466
2.679
1.618
1.623
1.710
2.045
2.109
2.078
2.155
2.137
2.054
1.182
1.219
1.121
1.333
1.447
1.354
1.742
1.751
1.651
0.405
0.497
0.298
0.544
0.617
0.495
1.424
1.641
1.775
1.475
1.770
1.504
1.433
1.522
1.395
0.693
0.942
0.873
0.951
1.038
0.859
2.896
2.997
3.018
0.888
0.847
0.935
1.096
1.253
1.128
1.039
1.501
1.133
1.354
1.464
1.251
0.835
0.893
0.889
1.647
1.651
1.625
1.991
2.514
2.166
0.837
1.018
0.954
1.307
1.364
1.703
1.730
1.791
1.793
1.018
1.163
1.057
1.799
1.849
1.788
0.873
1.046
0.949
1.586
1.567
1.613
1.786
1.812
1.787
1.763
1.804
1.797
1.740
2.600
2.831
2.066
2.183
2.084
1.513
1.652
1.585
0.999
1.861
1.063
1.437
1.713
1.485
1.015
1.025
1.033
1.932
1.957
1.903
1.448
1.701
1.626
1.900
2.066
2.129
1.362
1.496
1.399
0.222
0.409
0.349
0.864
0.940
0.845
1.321
1.496
1.441
1.784
2.008
1.548
1.917
2.220
2.052
1.270
1.854
1.908
1.694
1.788
1.472
0.781
1.266
0.953
0.830
0.843
0.891
0.739
1.053
0.936
1.819
1.865
1.747
1.100
1.196
1.051
1.025
1.042
0.998
0.861
0.896
0.846
0.941
1.068
0.878
0.843
0.976
0.934
2.026
2.020
2.027
1.633
1.687
1.691
1.367
1.410
1.278
0.891
1.086
0.994
0.574
0.722
0.681
0.505
0.585
0.565
1.820
1.857
1.850
1.146
1.210
1.135
0.735
1.009
0.885
0.849
0.847
0.375
0.946
1.083
1.025
0.763
0.875
0.685
0.619
1.098
1.115
0.862
0.874
0.742
1.366
1.429
1.386
2.882
3.089
3.162
2.278
2.402
2.291
1.289
1.419
1.273
1.982
2.114
1.955
2.230
2.362
2.252
1.040
1.138
1.130
1.040
1.274
1.259
1.574
1.604
1.676
0.764
0.940
0.850
2.957
2.941
2.937
1.746
1.818
1.756
1.258
1.463
1.340
1.059
1.056
0.980
1.453
1.505
1.442
1.305
1.393
1.322
2.120
2.268
2.158
1.089
1.236
1.021
4.320
4.379
4.406
1.224
1.234
1.158
1.097
1.233
1.098
1.678
1.780
1.725
1.033
1.100
1.052
1.339
1.395
1.405
1.990
2.126
2.044
1.885
1.936
1.915
0.209
0.380
0.230
2.770
3.004
2.765
1.078
1.228
1.193
2.284
2.286
2.292
1.649
1.709
2.167
2.035
2.052
2.043
0.538
0.672
0.619
1.634
1.699
1.671
1.315
1.420
1.213
1.620
1.688
1.581
3.605
3.691
3.695
0.414
0.520
0.433
1.086
1.339
1.207
1.445
1.502
1.424
1.431
1.602
1.538
1.299
1.292
1.311
1.427
1.479
1.263
2.928
3.018
2.928
1.322
1.284
1.486
1.237
1.614
1.420
1.513
1.643
1.582
0.521
0.661
0.559
1.756
1.814
1.777
2.497
2.555
2.439
1.163
1.318
1.181
1.018
1.134
1.015
1.843
1.907
1.859
1.202
1.312
1.286
1.580
1.661
1.418
1.602
1.713
1.718
1.547
1.572
1.581
1.547
1.581
1.570
1.017
1.143
0.930
1.956
2.111
2.016
0.603
0.739
0.619
1.496
1.739
1.617
0.722
0.813
0.692
1.426
1.446
1.329
1.057
1.093
1.000
0.637
0.708
0.656
0.637
0.708
0.656
0.812
0.985
0.952
2.192
2.277
2.159
1.991
2.022
1.995
1.520
1.755
1.641
1.584
1.783
1.666
0.733
0.908
1.070
1.737
1.867
1.582
1.631
1.648
1.697
0.867
0.971
0.842
1.348
1.402
1.387
2.187
2.270
2.291
2.140
2.505
2.277
1.341
1.380
1.464
0.748
0.838
0.686
1.061
1.297
1.072
2.302
2.273
2.234
2.603
2.668
2.583
1.120
1.272
1.173
1.115
1.076
0.855
1.086
1.198
1.102
1.035
1.111
0.918
1.202
1.426
1.265
0.731
0.753
0.720
1.404
1.329
1.124
1.618
1.628
1.529
0.733
1.207
1.040
0.767
1.023
0.809
0.701
0.869
0.735
0.715
0.803
0.828
1.754
2.055
1.885
1.695
1.701
1.591
1.231
1.238
1.049
0.642
0.839
0.534
1.146
1.178
1.021
1.839
1.981
1.925
1.497
1.510
1.342
2.934
3.400
2.871
1.858
1.974
1.964
1.751
1.806
1.791
1.181
1.257
1.270
2.271
2.531
2.361
1.525
1.660
1.624
0.845
0.896
0.815
1.688
1.825
1.712
0.694
0.795
0.691
2.057
1.958
2.047
0.976
1.169
1.071
0.947
1.009
1.015
1.098
1.155
1.104
1.752
1.839
1.778
2.730
2.925
2.816
1.761
1.795
1.696
1.529
1.824
1.766
1.440
1.647
1.570
2.886
2.950
2.894
0.909
1.113
0.906
0.464
0.626
0.559
3.402
3.534
3.885
0.278
0.490
0.254
1.426
1.549
1.453
0.741
0.788
0.614
1.890
1.935
1.670
2.261
2.377
1.912
1.482
1.597
1.495
0.790
0.985
0.945
1.441
1.537
1.434
0.926
1.028
0.997
1.228
1.451
1.311
2.112
2.089
2.051
1.151
1.234
1.159
0.684
0.883
0.743
0.876
1.051
0.928
0.385
0.603
0.441
0.768
0.753
0.627
0.563
0.650
0.621
1.754
1.831
1.818
3.479
3.583
3.433
1.173
1.264
1.126
1.547
1.552
1.367
0.597
0.771
0.637
1.238
1.291
1.254
1.050
1.469
1.014
0.962
0.928
1.244
2.266
2.320
2.254
3.170
3.080
3.080
0.974
1.065
1.065
1.473
1.594
1.532
1.007
1.132
0.994
2.768
2.762
2.715
1.903
2.241
2.027
0.890
0.940
0.940
0.707
0.867
0.727
0.783
1.005
0.838
1.126
1.099
1.091
1.957
2.076
2.005
1.835
1.887
1.909
1.401
1.720
1.684
1.092
1.158
1.116
1.092
1.158
1.116
2.938
3.022
2.982
0.407
0.483
0.417
2.419
2.461
2.451
0.629
0.839
0.626
1.274
1.268
1.248
1.555
1.581
1.575
1.436
1.464
1.394
1.479
1.580
1.479
0.681
0.858
0.715
2.442
2.599
2.553
1.937
2.043
1.961
1.295
1.341
1.324
1.018
1.127
1.061
2.876
2.941
2.881
3.516
3.455
3.409
0.629
0.839
0.626
0.606
0.859
0.707
1.947
2.013
1.960
2.230
2.239
2.137
1.749
1.687
1.712
1.269
1.182
1.263
2.094
2.084
1.946
0.985
1.150
1.084
1.674
1.601
1.642
1.887
2.214
1.918
1.214
1.342
1.375
0.592
0.684
0.632
1.727
1.741
1.777
1.649
1.863
1.716
3.227
3.275
3.245
0.913
1.060
0.889
1.654
1.726
1.694
1.027
1.154
1.141
1.373
1.354
1.322
2.103
2.213
2.191
1.892
2.070
2.019
0.757
1.050
0.973
1.087
1.196
1.095
1.629
1.701
1.673
0.721
0.717
0.585
2.094
2.137
2.092
1.566
1.659
1.523
2.035
2.069
2.057
2.037
2.099
2.071
1.163
1.332
1.295
1.044
1.301
1.143
1.325
1.316
1.281
2.120
2.190
1.989
1.111
1.232
1.167
1.668
1.697
1.503
0.916
1.107
0.960
2.025
2.040
1.997
1.980
2.047
2.007
1.402
1.530
1.577
1.217
1.373
1.321
1.064
1.100
0.883
1.161
1.222
1.215
1.611
1.718
1.606
1.303
1.396
1.278
1.400
1.547
1.527
1.113
0.982
1.021
0.700
0.951
0.783
0.878
0.916
0.480
0.605
0.744
0.793
1.231
1.282
1.271
1.769
1.795
1.792
0.475
0.700
0.466
1.761
1.886
1.904
2.093
2.230
2.276
2.543
2.597
2.715
2.499
2.658
2.564
1.177
1.271
1.202
2.050
2.130
2.012
1.106
1.304
1.289
1.172
1.193
1.102
0.481
0.723
0.595
1.484
1.472
1.463
1.143
1.658
1.386
1.364
1.364
1.259
1.720
1.787
1.701
2.167
2.248
2.017
0.770
0.909
0.903
1.582
1.841
1.563
1.517
1.436
1.427
1.586
1.622
1.616
1.830
2.036
1.899
1.435
1.550
1.521
1.565
1.636
1.572
1.347
1.493
1.400
1.018
0.935
1.021
0.369
0.598
0.433
1.312
1.439
1.365
1.343
1.370
1.387
0.699
0.750
0.739
0.608
0.978
0.735
1.411
1.424
1.529
1.187
1.270
1.186
2.619
2.579
2.674
0.988
1.266
1.160
2.934
3.078
3.039
1.277
1.355
1.318
1.420
2.068
1.494
2.530
3.636
2.865
0.602
0.761
0.710
1.264
1.575
1.453
1.955
1.948
1.918
2.795
2.969
2.958
2.618
2.645
2.581
0.989
1.239
0.994
1.056
1.121
1.111
1.277
1.354
1.311
0.818
1.033
0.886
0.711
0.954
0.881
1.313
1.457
1.332
2.040
1.851
1.842
1.235
1.428
1.411
0.513
0.655
0.578
0.967
1.050
1.011
0.883
1.389
1.023
1.572
1.759
1.595
2.375
2.449
2.380
2.258
2.725
2.721
0.661
0.761
0.614
1.542
1.846
1.556
2.108
2.405
2.281
0.898
0.917
0.863
2.845
2.919
2.905
1.688
2.013
1.499
0.844
1.076
0.910
1.420
1.448
1.139
1.030
1.319
1.219
1.341
1.320
1.248
0.822
0.903
0.823
2.990
2.945
2.958
1.831
1.846
1.585
1.967
1.963
2.009
1.662
2.085
1.863
0.787
0.792
0.712
1.441
1.388
1.443
0.655
0.731
0.572
0.960
1.256
0.929
1.003
1.107
0.952
0.323
0.666
0.472
0.658
0.813
0.812
2.263
2.243
2.300
1.343
1.420
1.320
1.593
1.688
1.645
0.925
1.055
0.943
0.948
0.992
0.974
1.615
1.650
1.634
1.661
1.687
1.362
1.551
1.648
1.598
0.918
1.028
1.066
0.469
0.514
0.497
1.063
1.200
1.092
0.303
0.523
0.375
1.241
1.316
1.343
1.139
1.245
1.101
0.628
0.943
0.782
2.377
2.366
2.101
1.043
1.084
1.002
2.118
2.146
2.032
1.372
1.503
1.500
1.509
1.574
1.533
1.261
1.358
1.279
1.935
1.870
1.892
1.707
1.771
1.727
0.924
0.989
0.781
1.288
1.498
1.296
1.288
1.498
1.296
1.722
1.743
1.746
0.495
0.639
0.582
1.276
1.302
1.345
0.520
0.588
0.433
0.901
1.054
0.936
1.444
1.705
1.328
0.393
0.360
0.330
1.723
1.668
1.642
1.183
1.394
1.135
1.247
1.299
1.201
1.464
1.512
1.495
1.533
1.643
1.654
1.151
1.318
1.180
0.661
0.826
0.756
0.588
0.625
0.603
0.849
1.053
1.049
1.729
1.796
1.689
1.625
1.661
1.438
1.101
1.240
1.142
0.447
0.631
0.540
1.347
1.447
1.346
1.658
1.663
1.584
1.986
2.037
1.960
1.667
1.917
1.711
1.583
1.658
1.654
1.138
1.199
1.109
0.803
0.953
1.009
1.176
1.344
1.215
1.228
1.507
1.379
1.096
1.249
1.102
1.817
1.996
1.920
1.991
2.113
2.116
1.319
1.508
1.233
0.353
0.457
0.415
0.427
0.423
0.382
0.835
1.041
0.836
0.835
1.041
0.836
2.387
2.539
2.507
2.058
2.270
2.250
1.947
2.269
1.876
1.754
1.892
1.845
0.756
1.074
0.889
0.946
1.000
0.863
2.010
1.881
1.685
0.934
1.049
0.971
1.074
1.298
1.145
1.401
1.443
1.459
1.141
1.275
1.184
1.854
2.239
2.170
0.486
0.652
0.618
1.403
1.349
1.359
1.109
1.191
1.122
1.303
1.384
1.301
1.085
1.206
1.172
1.129
1.215
1.230
1.420
1.649
1.537
1.228
1.348
1.275
0.546
0.727
0.716
1.730
1.618
1.670
0.911
0.992
0.992
0.922
0.996
0.955
1.566
1.629
1.467
1.500
1.580
1.462
1.692
1.733
1.751
0.711
0.794
0.731
0.947
1.163
0.966
1.237
1.373
1.323
0.737
0.893
0.693
0.744
0.882
0.810
1.093
1.166
1.110
0.560
0.781
0.582
1.880
1.984
1.945
0.937
0.960
0.928
1.139
1.229
1.154
0.774
0.876
0.838
0.472
0.565
0.439
1.368
1.424
1.335
1.330
1.476
1.237
1.150
1.285
1.049
0.752
0.779
0.730
1.331
1.386
1.252
0.340
0.404
0.374
0.726
0.810
0.727
2.311
2.400
2.309
1.880
2.111
1.968
1.542
1.803
1.603
2.044
2.095
2.111
1.429
1.459
1.474
0.626
0.727
0.677
1.764
1.878
1.733
0.487
0.768
0.603
2.372
2.434
2.392
0.981
1.064
1.075
1.125
1.168
1.086
1.120
1.256
1.164
0.952
1.695
1.141
1.897
1.916
1.873
2.010
2.095
2.033
0.825
0.891
0.739
1.422
1.709
1.575
1.142
1.242
1.178
1.577
1.537
1.498
2.883
2.920
2.730
0.433
0.494
0.437
1.985
1.913
1.846
2.167
2.333
2.377
1.810
1.835
1.742
2.444
2.423
2.416
0.868
0.859
0.779
0.499
0.637
0.759
0.487
0.800
0.685
1.171
1.382
1.504
1.375
1.442
1.447
0.655
0.925
0.800
0.655
0.925
0.800
1.119
1.322
1.213
0.440
0.616
0.348
0.721
0.737
0.673
1.621
1.557
1.446
1.456
1.448
1.442
2.189
2.369
2.295
2.189
2.434
2.295
0.773
0.864
0.776
2.482
2.511
2.513
2.163
2.267
2.268
1.127
1.258
1.040
1.818
1.852
1.811
0.854
0.928
0.786
1.878
2.242
2.125
1.143
0.976
1.196
0.790
1.122
0.936
1.151
1.406
1.173
0.874
0.927
0.972
1.498
1.738
1.698
1.286
1.462
1.246
2.218
2.232
1.996
2.455
2.602
2.490
1.054
1.092
1.013
1.818
1.854
1.824
2.390
2.448
2.347
3.013
3.235
3.112
1.309
1.510
1.487
1.335
1.539
1.161
2.317
2.297
2.324
0.824
0.837
0.797
1.819
1.969
1.904
0.837
0.899
0.928
1.211
1.256
1.185
1.064
1.052
1.024
0.734
0.827
0.627
0.508
0.680
0.583
2.626
2.881
2.731
0.795
0.931
0.865
1.702
1.467
1.572
1.352
1.417
1.253
2.162
2.338
2.127
2.198
2.374
2.255
1.363
1.591
1.523
0.784
0.892
0.844
0.572
0.742
0.630
1.813
1.885
1.867
2.649
2.711
2.775
1.322
1.401
1.299
1.197
1.282
1.281
2.298
2.289
2.135
2.516
2.457
2.490
2.143
2.269
2.179
0.486
0.581
0.466
1.969
1.897
1.973
0.654
0.792
1.334
2.474
2.619
2.717
1.039
1.206
1.019
1.229
1.212
1.235
1.935
2.092
1.951
0.615
0.665
0.426
1.553
1.620
1.510
0.932
0.988
0.975
0.709
0.779
0.697
1.697
1.855
1.759
2.013
2.092
2.026
1.015
1.109
1.104
1.007
1.016
0.813
1.363
1.327
1.389
1.408
1.573
1.474
1.627
1.753
1.609
1.066
1.210
1.025
1.423
1.703
1.476
0.861
0.877
0.806
1.429
1.431
1.365
1.280
1.310
1.262
1.362
1.579
1.424
1.583
2.163
2.001
0.878
1.222
1.054
0.500
0.736
0.566
1.741
1.775
1.735
1.650
1.679
1.654
1.489
1.605
1.408
0.993
1.000
0.936
1.260
1.261
1.334
1.638
1.751
1.657
0.717
0.739
0.640
1.799
1.731
1.772
1.458
1.411
1.460
1.777
1.807
1.792
0.219
0.295
0.210
1.145
1.233
1.207
1.462
1.723
1.719
2.351
2.409
2.361
0.696
0.865
0.739
1.265
1.298
1.246
1.733
1.878
1.994
1.400
1.712
1.616
1.398
1.507
1.496
1.398
1.768
1.791
1.088
1.490
1.337
1.534
2.176
2.050
1.327
1.359
1.388
1.155
1.172
1.131
2.246
2.750
2.644
1.909
1.927
1.646
1.126
1.136
1.109
1.798
1.920
1.731
0.279
0.294
0.256
0.588
0.799
0.729
1.618
1.769
1.741
1.829
2.227
2.201
1.029
1.064
0.965
0.376
0.563
0.513
2.067
2.068
2.064
1.174
1.353
1.290
0.515
0.681
0.497
1.918
1.982
2.024
1.390
1.485
1.491
0.763
0.972
0.901
0.521
1.038
0.680
0.777
0.813
0.744
0.818
1.064
0.932
1.364
1.522
1.373
1.510
1.474
1.607
1.073
1.111
1.096
0.533
0.609
0.604
1.426
1.506
1.435
0.889
0.994
0.862
0.803
0.908
0.861
0.871
0.954
0.892
1.790
1.895
1.735
1.640
1.665
1.578
0.924
0.912
0.747
1.325
1.536
1.245
1.041
1.244
1.138
1.181
1.542
1.520
1.575
1.700
1.490
1.018
1.082
1.034
0.958
1.110
1.057
1.647
1.630
1.624
1.490
1.683
1.477
0.531
0.600
0.595
1.326
1.332
1.302
1.316
1.496
1.357
1.742
2.009
1.698
2.140
2.215
2.132
1.501
1.659
1.629
0.780
1.244
0.821
0.417
0.524
0.496
0.802
0.815
0.772
0.864
0.980
0.938
1.360
1.838
1.360
1.680
1.688
1.631
1.388
1.474
1.317
0.708
0.975
0.853
0.765
0.721
0.587
0.862
1.032
0.752
0.727
1.255
0.832
1.148
1.210
1.163
0.773
0.871
0.905
0.521
0.603
0.506
1.172
1.253
1.138
0.790
1.077
0.830
0.680
0.804
0.685
0.718
0.923
0.782
0.889
1.172
1.222
0.504
0.868
0.737
0.856
0.882
0.700
1.349
1.367
1.163
1.384
1.497
1.464
1.222
1.232
0.981
1.312
1.394
1.336
0.992
1.172
0.877
0.381
0.452
0.386
1.207
1.641
1.311
1.821
1.886
1.817
2.060
1.855
1.895
0.851
1.063
0.713
1.153
1.197
1.103
1.015
1.139
1.061
2.884
3.097
2.975
0.971
1.102
1.019
1.075
1.250
1.051
0.883
0.865
0.807
1.312
1.398
1.149
0.327
0.710
0.410
0.769
0.892
0.644
2.494
2.527
2.442
1.175
1.285
1.233
2.226
2.395
2.279
1.479
1.477
1.397
0.758
0.801
0.736
1.044
1.068
1.031
1.749
1.819
1.744
1.628
1.985
1.543
0.621
0.663
0.650
1.039
1.107
1.189
4.050
4.058
4.013
1.259
1.369
1.200
2.048
2.074
2.344
1.937
1.989
1.761
1.148
1.225
1.209
0.943
1.107
0.898
0.628
0.790
0.731
0.812
0.915
0.847
1.435
1.679
1.675
0.916
1.053
1.014
0.948
1.010
0.982
0.596
0.846
0.785
1.158
1.368
1.121
2.083
2.209
2.199
0.618
0.639
0.618
0.488
0.531
0.481
1.743
1.976
1.923
1.052
1.024
0.967
1.615
1.639
1.582
0.986
1.484
1.252
0.986
1.236
1.067
1.017
1.075
0.959
0.325
0.538
0.455
0.992
1.081
0.862
0.676
0.793
0.772
1.277
1.289
1.259
2.110
2.181
2.026
1.077
1.276
1.218
1.504
1.743
1.619
0.779
1.336
1.056
1.389
1.504
1.443
2.109
2.127
2.056
0.617
0.712
0.605
1.038
1.188
1.179
1.809
1.939
1.987
0.600
0.691
0.590
1.203
1.290
1.251
1.325
1.407
1.285
2.135
2.200
2.151
2.431
2.475
2.382
1.505
1.468
1.494
1.272
1.339
1.288
1.257
1.386
1.348
1.445
1.701
1.579
1.024
1.081
1.012
1.798
1.876
1.865
0.673
0.784
0.756
1.307
1.368
1.257
1.271
1.276
1.339
1.786
1.862
1.825
0.641
0.874
0.787
0.708
0.975
0.853
2.133
2.293
2.229
1.497
1.504
1.358
1.615
1.633
1.543
1.920
1.951
1.916
1.062
1.194
1.003
0.573
0.834
0.722
0.628
0.734
0.694
1.119
1.172
1.031
0.892
1.069
1.030
1.204
1.323
1.287
0.587
0.718
0.366
0.524
0.721
0.692
1.291
1.321
1.272
0.465
0.552
0.514
1.745
1.793
1.765
0.957
1.137
1.148
0.755
0.857
0.795
1.729
1.575
1.600
0.652
0.780
0.762
1.728
1.862
1.777
2.668
3.095
2.825
0.833
0.946
0.948
1.766
1.789
1.642
1.603
1.521
1.524
1.903
1.937
1.907
1.377
1.363
1.348
0.984
1.166
1.114
0.829
1.022
0.907
1.355
1.338
1.143
0.383
0.452
0.311
3.612
3.665
3.629
1.669
1.708
1.677
0.687
0.799
0.682
0.399
0.459
0.418
1.040
1.089
0.951
0.792
1.003
0.763
0.792
1.042
0.763
1.193
1.222
1.155
0.899
0.953
0.891
1.001
1.202
1.056
1.018
1.102
0.929
2.462
2.470
2.351
1.926
1.956
1.791
1.382
1.497
1.267
0.880
0.936
0.863
2.555
2.601
2.515
1.740
1.848
1.826
2.214
2.271
1.914
2.427
2.391
2.513
1.378
1.287
1.238
0.376
0.559
0.476
3.136
3.143
3.111
0.744
1.210
0.874
1.653
1.642
1.574
0.723
0.732
0.710
0.976
1.071
1.028
0.886
1.186
0.981
2.037
2.148
2.136
2.353
2.476
2.540
1.740
1.784
1.489
1.957
2.059
1.990
1.647
1.872
1.699
1.239
1.340
1.315
1.673
1.917
1.857
1.146
1.215
1.133
0.956
0.950
0.842
2.067
2.334
2.115
0.982
1.022
1.012
1.024
1.160
1.064
1.333
1.460
1.403
1.035
0.991
1.034
1.251
1.219
1.045
0.996
1.220
1.072
1.155
1.262
1.187
0.903
1.091
0.908
1.161
1.218
1.223
1.580
1.645
1.469
1.342
1.335
1.212
1.072
1.176
0.914
1.896
2.087
1.896
1.370
1.363
1.310
1.275
1.361
1.282
1.877
1.882
1.864
0.642
0.860
0.895
0.852
0.891
0.865
1.084
1.218
1.185
1.533
1.705
1.554
0.875
0.919
0.919
0.820
0.916
0.675
2.224
2.288
2.205
1.149
1.196
1.172
0.942
1.070
0.952
0.800
0.891
0.842
2.387
2.476
2.390
0.247
0.383
0.253
1.142
1.241
1.040
0.796
0.839
0.755
0.661
0.688
0.952
1.004
1.015
0.906
1.144
1.316
1.231
1.774
1.747
1.841
0.395
0.513
0.494
1.358
1.369
1.299
0.230
0.340
0.285
0.878
1.043
0.833
0.845
0.955
0.842
3.406
3.337
3.313
1.643
1.697
1.691
1.287
1.366
1.347
2.196
2.240
2.216
1.104
1.227
1.202
1.579
2.253
1.407
0.977
0.952
0.834
0.790
0.861
0.760
0.724
0.772
0.699
1.789
2.030
1.770
1.286
1.336
1.253
0.752
0.869
0.778
1.942
2.052
1.930
1.120
1.148
1.119
1.157
1.221
1.110
1.271
1.498
1.317
1.149
1.349
1.253
0.925
1.028
0.864
0.194
0.488
0.323
1.400
1.379
1.195
0.198
0.394
0.255
0.973
1.069
1.036
1.405
1.386
1.325
1.000
1.056
0.908
2.541
2.602
2.514
1.650
1.746
1.650
1.656
1.697
1.546
1.735
1.764
1.771
1.264
1.325
1.289
0.857
0.989
0.871
2.064
2.164
2.113
1.293
1.376
1.328
1.253
1.267
1.222
0.703
0.693
0.585
1.933
1.932
1.919
2.580
2.592
2.476
0.984
1.316
1.225
1.978
2.065
2.018
1.553
1.696
1.590
0.681
0.737
0.646
0.819
0.846
0.822
0.818
0.943
0.843
2.749
2.785
2.722
1.380
1.400
1.379
1.831
2.060
1.832
0.670
0.912
0.821
1.515
1.525
1.206
1.749
1.780
1.785
0.570
1.062
1.117
1.066
1.146
1.035
1.841
2.250
2.225
1.948
2.049
1.932
1.968
2.231
1.907
1.297
1.435
1.370
1.664
2.255
1.966
0.386
0.677
0.598
2.183
2.210
2.113
1.147
1.142
1.099
0.835
0.958
0.847
0.865
1.412
1.611
2.485
2.525
2.491
0.863
0.915
0.889
1.380
1.447
1.468
1.247
1.275
1.213
2.029
2.257
2.163
1.374
1.430
1.435
1.959
1.910
1.857
1.791
1.883
1.633
1.087
1.338
1.286
0.519
0.710
0.638
0.944
1.518
1.097
0.711
0.817
0.677
3.890
3.903
3.883
1.062
1.102
0.938
1.985
2.036
1.919
2.038
2.097
2.012
1.845
1.937
1.894
1.566
1.951
1.887
2.109
2.250
2.086
0.818
1.171
1.041
1.144
1.195
1.062
0.450
0.648
0.541
1.634
1.984
1.689
1.098
1.238
1.217
1.275
1.384
1.336
0.811
1.040
0.857
1.144
1.217
1.079
1.514
1.510
1.513
0.797
0.931
0.881
0.494
0.605
0.612
1.068
1.219
1.072
0.901
0.982
0.878
1.225
1.417
1.258
1.106
1.132
1.087
1.477
1.517
1.475
1.143
1.268
1.209
0.655
0.623
0.551
1.287
1.340
1.298
0.661
0.629
0.558
1.894
1.958
1.888
1.645
1.706
1.649
1.552
1.606
1.536
1.794
1.962
1.810
1.478
1.501
1.521
1.619
1.667
1.708
0.626
0.735
0.653
0.774
1.022
0.609
1.532
1.532
1.403
0.859
0.871
0.839
1.843
2.103
1.941
1.056
1.309
1.396
1.798
1.890
1.663
1.623
1.774
1.586
0.616
0.696
0.469
1.936
1.944
1.913
1.295
1.368
1.248
1.686
1.689
1.351
1.227
1.702
1.379
1.519
1.570
1.646
2.636
2.900
2.742
2.636
2.900
2.742
0.992
1.158
1.000
1.220
1.274
1.275
0.993
1.122
1.025
2.338
2.379
2.402
1.798
1.913
1.861
0.802
0.910
0.814
2.979
3.026
3.013
1.659
1.761
1.710
1.434
1.504
1.198
2.641
2.627
2.637
2.542
2.739
2.684
0.514
0.691
0.431
1.373
1.424
1.373
1.901
1.952
1.895
1.075
1.184
1.159
1.695
1.707
1.669
1.482
1.655
1.649
2.032
2.106
1.950
0.945
0.984
0.903
0.722
0.834
0.727
0.288
0.568
0.423
0.759
1.471
0.875
1.475
1.747
1.676
2.063
2.303
2.206
2.124
2.252
2.211
0.895
1.059
0.911
0.811
1.041
0.871
1.089
1.187
0.896
1.034
1.154
1.147
0.577
1.047
0.664
0.701
0.793
0.762
0.644
0.723
0.690
1.022
1.165
0.875
0.939
1.083
1.266
0.634
0.772
0.687
0.849
0.779
0.513
1.883
2.028
1.970
0.538
0.602
0.582
0.892
1.053
0.944
1.475
1.611
1.412
1.457
1.542
1.443
1.006
1.535
0.854
0.679
0.969
0.885
2.151
2.220
2.126
1.338
1.443
1.406
2.460
2.541
2.420
1.427
1.364
1.085
0.605
0.570
0.579
1.911
1.989
1.741
1.101
1.253
1.165
3.055
3.029
3.098
0.411
0.466
0.292
0.977
1.096
1.051
0.211
0.400
0.244
1.836
1.935
1.651
1.540
1.690
1.593
0.856
1.146
0.912
0.856
1.154
0.912
1.095
1.415
1.134
0.600
0.740
0.659
0.908
0.899
0.826
1.096
1.285
1.058
1.096
1.378
1.177
1.143
1.198
1.146
0.957
1.254
1.094
4.041
4.044
4.055
0.717
0.816
0.743
0.755
0.883
0.670
0.920
0.986
0.952
1.619
1.683
1.676
1.348
1.442
1.337
0.479
0.624
0.520
1.003
1.034
0.987
0.690
0.834
0.809
1.602
1.726
1.460
1.421
1.497
1.361
1.470
1.572
1.574
1.225
1.350
1.253
1.737
1.869
1.834
0.785
0.807
0.585
1.217
1.307
1.243
1.605
1.567
1.558
1.329
1.418
1.418
0.466
0.455
0.347
1.546
1.579
1.527
1.681
1.671
1.632
1.050
1.347
1.228
0.722
1.074
0.832
1.556
1.592
1.591
0.685
0.762
0.687
1.443
1.436
1.435
1.405
1.519
1.372
0.664
0.782
0.760
2.683
2.693
2.658
1.079
1.014
0.967
0.752
0.809
0.702
2.074
2.010
2.057
2.320
2.245
2.054
1.733
1.895
1.824
1.287
1.284
1.150
2.071
2.307
2.202
0.766
0.842
0.748
1.308
1.418
1.296
3.945
3.934
4.011
0.850
0.971
0.939
0.301
0.428
0.361
1.183
1.223
1.163
1.377
1.442
1.376
1.328
1.452
1.390
1.066
1.106
0.973
1.977
2.325
2.198
0.455
0.597
0.442
0.826
1.006
0.855
1.560
1.806
1.724
0.951
1.047
0.996
0.706
0.990
0.664
1.017
1.162
1.058
0.928
1.028
1.098
1.505
1.564
1.618
1.058
1.092
1.028
1.031
1.125
1.070
1.932
1.985
1.873
0.655
0.899
0.803
1.359
1.482
1.438
0.365
0.495
0.335
1.009
1.027
1.008
0.715
0.726
0.777
0.794
0.977
0.805
1.473
1.488
1.371
1.897
1.877
1.716
1.659
1.712
1.680
0.632
0.917
0.839
1.349
1.364
1.253
1.066
1.318
1.249
1.164
1.131
1.088
1.879
1.903
1.830
1.015
1.046
0.986
2.310
2.442
2.274
2.262
2.347
2.295
0.916
1.035
0.859
0.455
0.550
0.361
1.919
2.015
1.978
0.337
0.564
0.299
1.733
1.960
1.874
1.506
1.594
1.552
0.608
0.737
0.676
0.938
1.153
1.046
0.713
0.800
0.937
0.735
0.741
0.550
1.386
1.537
1.481
1.830
1.894
1.697
1.809
1.821
1.847
0.522
0.793
0.599
0.459
0.465
0.436
1.130
1.519
1.275
2.224
2.336
2.269
1.000
1.094
1.048
2.284
2.394
1.651
1.403
1.606
1.469
0.770
1.014
0.842
0.932
1.190
0.990
1.518
1.713
1.539
1.392
1.497
1.312
0.968
1.049
0.622
2.131
2.149
2.112
2.114
2.249
2.247
1.691
1.712
1.818
1.554
1.658
1.647
0.744
0.792
0.756
0.201
0.479
0.464
0.935
1.276
0.990
2.049
2.169
2.090
1.935
2.132
1.937
1.498
1.956
1.635
1.203
1.326
1.345
0.978
1.129
1.001
0.861
0.877
0.851
1.290
1.557
1.129
0.991
1.218
1.131
0.742
0.845
0.824
1.006
1.074
0.987
0.935
1.574
1.469
0.909
1.081
1.026
0.665
0.720
0.409
1.235
1.250
1.198
1.375
1.445
1.535
1.556
1.625
1.634
1.649
1.681
1.646
0.925
0.900
0.762
1.716
1.677
1.714
0.773
0.894
0.860
1.760
1.846
1.766
1.501
1.802
1.767
0.510
0.621
0.577
1.061
1.196
1.119
1.065
1.115
1.130
2.168
2.174
2.038
0.314
0.741
0.425
0.996
1.233
1.150
3.004
2.953
3.043
1.133
1.556
1.250
1.752
1.837
1.713
0.541
0.785
0.620
0.676
0.816
0.707
1.267
1.417
1.151
1.062
1.493
1.072
1.417
1.646
1.408
2.145
2.183
2.231
1.601
1.803
1.332
3.078
3.107
3.050
0.726
0.992
1.050
1.839
1.836
1.757
1.402
1.563
1.514
1.123
1.139
1.100
1.459
1.577
1.456
0.942
1.213
0.793
0.872
0.998
1.062
1.398
1.400
1.261
0.528
0.665
0.678
1.170
1.361
1.359
1.415
1.531
1.490
1.363
1.570
1.540
1.252
1.281
1.257
1.901
1.981
1.958
1.136
1.189
1.076
1.646
1.676
1.776
1.357
1.575
1.364
0.647
0.799
0.760
2.286
2.309
1.969
0.470
0.568
0.563
1.257
1.313
1.231
1.049
1.211
1.083
1.077
1.194
1.562
0.214
0.689
0.362
0.645
0.929
0.844
1.019
1.405
1.159
0.395
0.498
0.409
1.215
1.254
1.256
0.254
0.549
0.425
1.022
1.495
1.305
0.504
0.665
0.525
1.026
1.100
1.001
1.072
1.136
1.075
1.230
1.428
0.938
0.740
0.920
0.804
2.008
2.031
2.000
0.770
1.024
0.897
1.161
1.284
1.420
1.170
1.490
1.330
2.266
2.277
2.148
1.192
1.226
1.150
1.283
1.420
1.361
2.183
2.340
2.084
0.895
1.266
1.031
1.250
1.185
1.235
0.642
0.901
0.720
1.274
1.262
1.040
1.046
1.078
1.062
1.412
1.397
1.228
1.000
1.026
0.952
1.387
1.400
1.346
1.250
1.333
1.281
0.983
0.931
0.806
0.741
1.003
0.803
1.082
1.180
1.141
0.976
0.989
0.971
0.875
0.948
0.856
0.679
0.764
0.752
0.595
0.724
0.594
1.058
1.107
0.950
0.325
0.417
0.409
0.860
0.942
0.871
0.889
1.026
0.696
0.700
0.826
0.735
1.646
1.673
1.502
1.228
1.308
1.262
0.823
0.926
0.817
0.915
0.997
0.885
0.892
1.036
0.970
1.762
1.829
1.803
1.385
1.524
1.424
1.373
1.608
1.367
0.618
0.894
0.835
1.638
1.749
1.596
0.531
0.702
0.598
1.329
1.439
1.755
0.687
0.804
0.668
0.264
0.416
0.376
1.219
1.423
1.250
1.197
1.308
1.229
1.424
1.681
2.047
1.544
1.811
2.211
1.424
1.681
2.047
1.544
1.811
2.211
1.544
1.811
2.211
1.424
1.681
2.047
1.389
1.634
1.974
0.914
0.874
0.848
0.808
0.928
0.812
0.626
0.871
0.618
1.176
1.184
1.169
1.750
1.771
1.695
3.350
3.339
3.028
0.894
1.050
0.846
1.499
1.641
1.551
2.047
2.075
2.211
2.420
2.340
2.383
0.801
0.840
0.756
1.051
1.130
1.022
2.352
2.377
2.382
1.578
1.636
1.603
0.638
0.702
0.677
2.634
2.577
2.480
1.849
1.838
1.798
0.299
0.553
0.251
0.867
1.061
0.941
1.125
1.298
1.215
1.020
1.038
0.843
0.885
0.892
0.670
0.392
0.472
0.457
0.979
1.135
1.045
1.413
1.681
1.530
1.144
1.323
1.235
0.775
1.031
0.796
1.499
1.512
1.506
2.338
2.435
2.278
1.143
1.191
0.726
2.430
2.472
2.312
1.008
1.062
1.008
0.754
0.827
0.790
0.998
1.004
0.947
1.053
1.066
1.076
1.346
1.457
1.267
1.986
1.966
1.924
0.868
1.791
1.099
2.030
2.183
2.441
0.532
0.599
0.545
0.863
0.917
0.859
0.453
0.639
0.588
0.878
0.937
0.567
0.941
1.003
0.910
0.566
0.540
0.421
0.755
0.858
0.676
1.456
1.512
1.463
1.206
1.334
1.198
1.543
1.543
1.530
1.318
1.354
1.259
0.884
0.976
0.865
2.817
2.793
2.753
1.322
1.397
1.269
1.543
1.725
1.559
1.492
1.512
1.402
0.681
0.851
0.707
1.305
1.340
1.314
1.900
1.976
1.796
0.799
0.825
0.832
1.027
1.036
1.019
0.686
0.750
0.712
0.533
0.637
0.517
1.146
1.144
1.086
1.447
1.658
1.675
1.114
1.240
1.163
0.772
0.893
0.772
0.790
0.859
0.833
2.593
2.688
2.665
3.915
3.944
3.900
0.546
0.602
0.423
1.739
1.878
1.691
1.739
1.895
1.859
0.757
0.777
0.656
1.176
1.217
1.107
0.719
0.815
0.827
1.846
1.855
1.740
1.152
1.258
1.157
1.054
1.418
1.134
1.437
1.421
1.380
1.349
1.392
1.206
0.816
0.996
0.923
0.797
0.888
0.808
1.652
1.691
1.705
0.703
0.756
0.719
1.028
1.087
1.359
0.733
1.112
0.844
1.181
1.249
1.291
1.655
1.851
1.703
1.167
1.267
1.260
1.611
1.689
1.659
3.577
3.645
3.457
1.505
1.504
1.491
0.507
0.759
0.698
1.585
1.774
1.672
1.572
1.680
1.659
2.679
2.525
2.523
1.319
1.361
1.393
0.932
0.944
0.963
1.466
1.491
1.490
0.477
0.738
0.550
1.210
1.608
1.296
2.452
2.560
2.426
2.212
2.211
2.138
2.820
2.808
2.671
0.200
0.270
0.233
1.496
1.502
1.428
0.828
0.993
1.044
1.720
1.740
1.580
0.830
0.814
0.725
0.338
0.412
0.208
1.145
1.173
1.078
0.662
0.715
0.671
1.086
1.189
1.116
0.869
0.918
1.033
1.006
1.035
1.012
4.200
4.195
4.101
1.197
1.446
1.247
1.833
2.075
1.872
1.268
1.257
1.233
2.159
2.047
2.000
1.216
1.300
1.241
1.228
1.329
1.113
1.346
1.469
1.395
1.872
1.975
1.869
0.987
1.179
0.977
1.732
1.807
1.808
1.742
1.685
1.693
1.482
1.490
1.455
1.482
1.516
1.487
0.914
1.092
1.044
1.706
1.791
1.703
1.870
2.126
2.018
0.571
0.669
0.611
1.658
1.777
1.570
1.614
1.692
1.628
0.606
0.788
0.712
1.113
1.270
1.299
0.997
1.206
1.142
0.432
0.806
0.614
1.601
1.719
1.585
0.677
0.792
0.785
1.273
1.327
0.685
1.196
1.420
1.317
1.435
1.408
1.201
0.522
0.659
0.639
0.177
0.414
0.274
0.814
0.818
0.825
0.610
0.765
0.661
1.217
1.360
1.308
1.769
1.824
1.757
1.616
1.664
1.622
0.790
1.056
0.732
1.567
1.973
1.703
1.001
1.273
1.005
1.279
1.367
1.259
1.437
1.605
1.495
1.369
1.361
1.069
1.532
1.631
1.494
0.259
1.006
0.471
0.354
0.390
0.317
1.679
1.744
1.737
0.898
1.005
0.960
0.814
0.877
0.718
1.993
2.047
2.028
1.704
1.947
1.862
1.628
1.832
1.981
1.486
1.783
1.592
3.613
3.623
3.580
0.718
0.963
0.872
1.404
1.877
1.471
0.681
0.804
0.691
1.446
1.663
1.671
0.902
0.965
0.899
0.750
0.928
0.645
0.603
0.673
0.613
1.071
1.350
1.128
0.895
0.943
0.888
0.602
0.712
0.606
0.610
0.771
0.700
0.424
0.646
0.710
0.372
0.529
0.472
0.843
1.137
0.771
1.630
1.683
1.604
2.057
2.052
2.065
1.023
1.297
0.984
1.240
1.262
1.236
1.138
1.137
1.128
0.786
0.876
0.630
0.825
1.027
0.826
2.000
2.215
2.083
1.286
1.306
1.147
1.385
1.616
1.471
2.023
2.140
2.089
0.747
0.907
0.806
1.150
1.274
1.283
1.113
1.278
1.152
0.639
0.774
0.619
1.338
1.537
1.429
0.955
1.106
1.017
1.343
1.438
1.273
1.280
1.526
1.292
0.528
0.605
0.530
2.093
2.697
2.103
1.798
1.809
1.750
0.357
0.377
0.143
2.030
2.004
2.060
2.065
2.043
2.045
1.382
1.449
1.404
1.457
1.512
1.352
1.517
1.470
1.380
0.850
0.868
0.831
2.666
2.790
2.593
0.965
1.100
0.789
1.434
1.517
1.293
0.256
0.397
0.288
1.312
1.378
1.283
0.844
1.448
0.766
0.570
0.710
0.686
0.574
0.955
0.642
0.574
0.995
0.856
1.578
1.609
1.719
0.523
0.821
0.666
0.651
0.704
0.676
0.648
1.025
0.654
0.849
1.038
0.923
1.987
1.982
1.940
1.033
1.077
1.041
1.684
2.114
1.882
1.654
1.742
1.667
2.119
2.204
2.081
0.966
1.041
0.916
2.039
1.959
1.952
1.416
1.486
1.444
1.547
1.737
1.500
1.303
1.333
1.198
0.382
0.463
0.438
0.776
1.018
0.811
0.559
0.911
0.828
0.884
0.949
0.860
0.798
0.858
0.660
1.378
1.560
1.450
0.984
1.494
1.114
0.839
1.357
1.467
1.663
1.735
1.628
1.512
1.593
1.603
1.195
1.241
1.119
2.139
2.200
2.170
1.801
1.971
1.980
1.442
1.478
1.502
1.360
1.431
1.371
0.985
1.076
0.997
1.261
1.611
1.255
0.582
0.773
0.674
1.498
1.625
1.629
2.143
2.542
2.234
1.236
1.329
1.312
0.405
0.705
0.626
1.810
1.871
1.831
1.106
1.077
1.073
0.916
1.028
0.923
0.527
0.647
0.416
1.027
0.968
1.162
1.769
1.775
1.772
0.480
1.015
0.351
0.929
1.696
0.595
0.674
0.740
0.627
0.744
1.241
0.604
1.515
1.708
1.410
2.436
2.503
2.447
0.701
0.781
0.675
2.772
2.828
2.767
1.606
1.608
1.540
1.340
1.469
1.365
1.880
2.011
1.936
0.706
0.826
0.812
0.748
0.797
0.748
0.786
0.846
0.841
1.089
1.115
0.753
1.309
1.641
1.397
1.578
1.879
1.728
1.549
1.614
1.594
0.422
0.903
1.003
1.606
1.712
1.593
0.763
0.802
0.772
2.866
2.936
2.882
1.374
1.378
1.316
1.970
2.010
1.943
1.133
1.146
1.151
0.461
0.702
0.646
0.461
0.702
0.646
0.461
0.702
0.646
1.210
1.248
1.082
0.456
0.534
0.420
1.005
1.156
0.964
1.547
1.583
1.542
0.766
0.906
0.862
0.401
0.627
0.499
0.794
0.902
0.792
0.922
1.074
0.928
0.922
1.277
1.132
1.426
1.381
1.198
0.933
1.612
1.054
1.282
1.830
1.375
1.051
1.097
1.272
0.948
1.009
0.947
1.234
1.279
1.181
0.744
0.824
0.700
1.577
1.588
1.586
1.201
1.487
1.427
1.078
1.191
1.112
3.199
3.316
3.005
0.955
1.045
1.002
1.078
1.232
1.137
1.370
1.358
1.133
0.912
1.020
0.690
1.548
1.742
1.600
0.592
0.745
0.649
1.049
1.102
1.030
1.279
1.424
1.180
1.296
1.339
1.345
1.732
2.266
1.788
1.868
1.890
1.824
0.882
0.993
0.914
1.329
2.087
1.214
0.714
0.882
0.839
0.387
0.414
0.235
1.655
1.819
1.645
1.018
1.008
0.955
0.846
0.925
0.880
0.661
0.833
0.672
3.458
3.395
3.487
1.325
1.392
1.235
1.211
1.193
1.181
0.403
0.544
0.431
1.596
1.607
1.429
1.321
1.535
1.345
1.132
1.326
1.147
1.683
2.075
1.795
0.663
0.806
0.688
0.919
0.994
0.912
0.580
0.661
0.633
0.802
0.844
0.652
1.165
1.321
1.312
0.778
0.931
0.845
1.149
1.162
1.010
1.142
1.294
1.282
1.235
1.435
1.319
0.881
1.182
0.871
0.650
0.713
0.650
1.554
1.786
1.506
0.956
1.013
0.958
1.283
1.277
1.541
1.227
1.252
1.183
0.199
0.563
0.276
2.238
2.237
2.239
0.832
0.959
0.912
0.818
0.997
0.903
1.655
1.770
1.694
2.372
2.520
2.346
1.544
1.522
1.385
1.007
1.373
1.299
0.650
0.669
0.677
1.673
1.775
1.786
0.771
0.832
0.758
2.744
2.759
2.773
1.561
1.797
1.639
3.622
3.613
3.580
3.386
3.544
3.584
0.541
0.825
0.537
0.854
0.874
0.781
1.225
1.090
0.822
1.236
1.306
1.242
0.835
1.069
0.916
2.024
2.079
1.968
1.198
1.336
1.266
0.746
0.812
0.575
1.624
1.685
1.320
2.066
2.045
1.952
1.217
1.402
1.249
2.788
2.828
2.831
1.489
1.434
1.475
1.560
1.477
1.495
0.733
0.806
0.755
0.518
0.639
0.463
1.199
1.102
1.172
0.362
0.597
0.502
1.186
1.297
1.238
2.054
2.291
2.186
0.691
0.791
0.593
1.003
1.007
0.951
0.514
0.802
0.869
0.713
0.807
0.729
0.543
1.050
0.393
0.825
0.934
0.725
0.243
0.373
0.341
0.955
1.015
1.000
1.484
1.544
1.490
1.897
1.790
1.819
2.891
2.947
2.493
2.820
3.068
2.932
1.702
1.873
1.584
1.702
1.850
1.591
1.115
1.360
1.204
1.310
1.407
1.221
0.518
0.556
0.449
1.642
1.620
1.520
1.314
1.456
1.402
0.806
1.018
0.965
0.534
0.582
0.527
1.063
1.159
1.020
1.256
1.441
1.364
0.818
0.914
0.713
1.230
1.230
1.165
1.056
1.195
1.170
0.960
1.296
1.171
1.213
1.270
1.202
0.944
1.058
0.982
1.298
1.509
1.557
0.744
0.852
0.741
1.316
1.248
1.024
1.150
1.182
1.087
0.860
0.923
0.927
0.723
0.797
0.687
1.889
2.040
1.856
1.342
1.362
1.329
0.934
0.983
0.910
0.911
1.091
1.168
1.606
1.917
1.685
0.817
0.907
0.843
1.003
1.109
1.046
0.672
1.016
0.798
2.046
2.278
2.227
0.701
0.738
0.636
0.701
0.734
0.760
1.333
1.481
1.425
0.490
0.664
0.561
2.407
2.724
2.485
0.956
1.098
0.888
0.811
0.942
0.840
1.266
1.252
1.202
0.684
0.673
0.695
1.318
1.400
1.357
1.287
1.362
1.134
1.253
1.507
1.206
0.853
0.936
0.945
1.637
1.708
1.498
0.709
0.844
0.685
2.115
2.260
1.972
1.193
1.172
0.990
1.560
1.607
1.606
1.557
1.558
1.523
2.312
2.387
2.084
0.913
1.052
0.974
1.449
1.584
1.574
0.952
1.122
1.060
0.887
1.014
0.805
0.576
0.753
0.617
0.776
0.812
0.729
1.417
1.528
1.480
1.193
1.254
1.104
1.129
1.308
1.026
0.659
0.996
1.046
1.552
1.691
1.410
1.708
1.898
1.792
0.825
1.299
1.008
0.632
0.780
0.680
0.759
0.877
0.443
0.741
0.875
0.763
2.036
2.075
1.815
1.408
1.363
1.271
0.807
1.043
0.958
1.099
1.205
1.098
0.486
0.615
0.553
1.268
1.388
1.339
1.483
1.589
1.107
0.632
0.780
0.680
1.507
1.564
1.485
1.038
1.166
1.034
0.610
0.754
0.656
0.780
0.911
0.758
0.875
0.975
0.909
0.610
0.754
0.656
1.203
1.281
1.218
0.312
0.368
0.447
0.797
0.853
1.107
1.778
1.879
1.899
1.234
1.410
1.337
1.308
1.348
1.263
0.610
0.754
0.656
1.614
1.646
1.391
0.790
0.835
0.762
0.610
0.754
0.656
0.616
0.757
0.658
0.803
1.002
0.895
1.063
1.105
1.110
0.839
0.905
0.907
0.747
1.036
0.859
1.581
1.622
1.350
0.676
0.846
0.585
0.676
0.851
0.653
0.676
0.882
0.653
1.273
1.433
1.387
0.975
1.216
1.012
0.439
0.662
0.539
0.684
0.801
0.735
0.632
0.780
0.680
0.690
0.755
0.702
1.395
1.436
1.341
0.676
0.854
0.683
0.643
0.764
0.684
0.457
1.199
0.656
1.419
1.439
1.292
1.495
1.320
1.360
0.879
0.950
0.918
1.853
1.887
1.803
1.296
1.359
1.265
0.712
0.849
0.762
2.200
2.644
2.435
0.918
1.061
0.952
0.939
1.129
1.056
0.610
0.754
0.656
0.729
0.942
0.734
0.515
0.725
0.446
0.968
0.962
0.896
0.966
0.967
0.731
1.640
1.689
1.643
1.544
1.607
1.512
1.265
1.283
1.255
0.545
0.691
0.556
1.363
1.520
1.459
0.582
0.695
0.583
1.307
1.519
1.418
1.338
1.501
1.291
0.831
1.499
1.017
1.604
1.812
1.666
0.965
1.080
0.920
1.047
1.157
1.015
0.853
0.918
0.896
0.759
0.855
0.748
0.977
0.945
0.938
2.451
2.430
2.288
0.776
0.781
0.720
1.786
1.841
1.781
2.106
2.386
2.224
3.637
3.622
3.511
0.466
0.556
0.523
0.751
0.966
0.855
1.028
1.112
0.894
1.795
1.858
1.742
3.028
3.117
3.125
0.786
1.022
0.602
0.374
0.447
0.408
0.487
0.700
0.553
0.631
0.675
0.599
0.897
0.933
0.934
0.994
1.128
0.954
1.398
1.730
1.463
2.010
2.198
2.124
1.622
1.706
1.596
0.715
0.855
0.803
0.681
0.831
0.692
2.115
2.217
2.127
0.746
0.858
0.789
1.464
1.485
1.399
1.287
1.381
1.354
1.949
2.030
1.892
1.652
1.531
1.978
2.470
2.467
2.423
0.865
0.827
0.610
0.617
0.916
0.726
0.967
1.161
1.037
1.324
1.346
1.314
1.255
1.305
1.262
2.172
2.132
2.013
1.815
1.801
1.811
1.911
1.940
1.948
1.224
1.348
1.272
0.863
0.894
0.861
0.707
0.917
0.858
0.556
0.686
0.644
1.123
1.224
1.185
0.909
1.063
1.172
0.926
1.017
0.920
0.882
1.207
1.010
1.547
1.594
1.621
1.258
1.463
1.429
2.265
2.210
2.115
1.627
1.735
1.615
1.883
1.933
1.954
1.126
1.363
1.316
1.516
1.574
1.568
0.808
0.951
0.773
1.359
1.399
1.341
0.612
0.912
0.823
0.726
0.687
0.751
1.238
1.363
1.354
0.461
0.477
0.516
0.820
0.991
0.948
0.995
1.003
0.887
2.104
2.132
2.134
1.564
1.753
1.684
0.783
0.847
0.732
2.125
2.087
2.072
0.845
1.008
0.982
2.389
2.410
2.342
1.758
1.899
1.797
1.845
2.022
1.901
2.178
2.237
2.179
0.738
1.612
1.030
2.915
3.068
3.033
2.770
2.850
2.755
1.313
1.440
1.381
0.910
1.038
0.941
1.503
1.555
1.539
0.545
0.700
0.647
1.251
1.234
1.217
1.613
1.715
1.716
2.466
2.570
2.492
2.150
2.190
2.164
0.959
1.129
1.036
1.788
1.884
1.879
0.707
0.953
0.860
1.150
1.160
1.139
1.352
1.358
1.343
0.654
0.865
0.810
1.052
1.206
1.155
0.678
0.824
0.812
1.426
1.368
1.184
2.423
2.420
2.434
2.012
2.000
2.037
2.439
2.422
2.516
0.804
0.949
0.903
0.664
0.735
0.713
1.385
1.389
1.352
0.726
0.809
0.730
2.153
2.244
2.274
1.088
1.595
1.630
0.356
0.554
0.519
0.799
0.834
0.694
1.539
1.581
1.480
0.703
0.921
0.819
1.530
1.548
1.476
1.093
1.094
0.960
1.237
1.333
1.316
0.735
0.986
0.915
1.174
1.168
1.106
1.655
1.680
1.422
2.599
2.697
2.710
1.460
1.444
1.224
0.724
0.820
0.748
0.756
0.794
0.769
2.306
2.317
2.070
1.649
1.644
2.089
2.398
2.515
2.378
0.904
1.024
0.881
1.689
1.699
1.521
2.006
2.188
2.014
1.473
1.527
1.490
0.929
1.141
1.052
1.564
1.837
1.907
1.161
1.350
1.328
1.195
1.200
0.926
1.449
1.496
1.680
0.923
1.001
0.989
0.689
0.767
0.759
0.708
0.830
0.826
0.708
0.830
0.826
0.708
0.830
0.826
1.898
1.967
1.867
0.470
0.625
0.384
1.405
1.478
1.409
0.450
0.514
0.502
1.288
1.459
1.350
0.785
1.104
1.108
0.708
0.781
0.709
1.874
1.957
1.627
1.021
1.271
1.122
0.288
0.475
0.363
0.871
1.172
1.025
1.582
2.102
1.813
0.829
0.973
0.968
1.563
1.504
1.615
0.836
1.028
0.538
1.900
2.154
1.876
1.203
1.319
1.282
1.641
1.644
1.538
2.089
2.343
2.325
2.652
3.709
2.649
1.653
1.731
1.689
0.922
1.008
0.886
1.098
1.140
0.955
1.015
1.262
1.199
1.059
1.247
1.215
1.331
1.293
1.180
1.400
1.425
1.177
1.860
2.090
2.132
2.449
2.595
2.489
1.458
1.504
1.307
0.245
0.388
0.372
1.047
1.076
1.040
0.190
0.518
0.360
1.467
1.780
1.609
1.393
1.306
1.232
1.512
1.557
1.489
1.764
2.031
1.883
0.382
0.513
0.465
2.169
2.196
2.008
0.906
0.928
0.818
0.590
0.769
0.502
0.885
1.041
0.937
1.713
1.753
1.449
0.656
0.720
0.605
0.497
0.578
0.467
0.562
0.614
0.516
0.499
0.645
0.548
0.640
0.762
0.674
0.929
1.070
1.003
2.100
2.488
2.187
0.941
0.931
0.948
0.785
0.900
0.825
1.035
1.123
1.009
0.822
0.794
0.591
1.613
1.712
1.669
1.024
1.066
1.000
0.798
0.833
0.848
0.839
0.984
0.888
1.182
1.276
1.142
1.169
1.443
1.198
1.183
1.302
1.295
0.401
0.515
0.434
0.949
0.924
0.893
2.463
2.422
2.490
1.387
1.549
1.452
0.900
1.031
0.966
0.462
0.752
0.588
0.462
0.752
0.588
0.462
0.752
0.588
0.894
0.975
0.902
1.291
1.401
1.206
0.872
0.911
0.590
1.001
1.173
1.207
0.603
0.678
0.596
1.432
1.538
1.454
1.518
1.605
1.588
0.824
1.017
0.790
0.616
0.755
0.754
1.333
1.542
1.453
1.630
1.994
1.845
0.957
1.009
0.957
0.647
0.734
0.471
0.596
0.611
0.542
1.553
1.588
1.597
1.426
1.410
1.428
1.426
1.632
1.428
1.512
1.674
1.552
1.270
1.427
1.276
0.528
0.683
0.709
2.240
2.278
2.141
0.602
0.678
0.629
1.221
1.262
1.224
0.964
1.002
0.972
1.061
1.145
1.157
1.121
1.158
0.942
0.193
0.520
0.444
0.713
0.964
0.849
0.576
0.659
0.804
1.303
1.328
1.136
0.621
0.640
0.475
1.544
1.504
1.494
1.954
2.122
2.017
0.827
0.878
0.853
1.485
1.500
1.327
1.004
1.058
0.996
0.863
0.828
0.989
0.828
0.952
0.748
1.871
1.965
1.889
1.311
1.465
1.297
1.932
2.038
1.898
0.993
1.107
1.063
0.667
0.900
0.734
0.682
0.886
0.774
1.736
1.710
1.704
1.137
1.172
1.109
0.697
0.809
0.788
0.697
0.809
0.788
2.054
2.102
2.108
0.736
0.959
0.740
1.695
1.737
1.706
1.241
1.401
1.259
0.683
0.779
0.670
1.290
1.363
1.253
0.998
1.127
0.943
0.766
1.017
0.816
2.820
2.815
2.671
1.750
1.876
1.807
1.616
1.758
1.640
2.602
2.624
2.563
0.998
1.227
1.048
0.923
0.929
0.873
1.285
1.413
1.302
1.259
1.579
1.431
1.067
1.244
1.039
0.602
0.601
0.706
1.545
1.665
1.506
1.002
1.184
1.058
1.248
1.331
1.240
0.704
0.778
0.713
1.436
1.414
1.143
1.174
1.275
1.248
0.474
0.589
0.501
0.813
0.870
0.785
0.583
0.694
0.645
1.576
1.645
1.622
0.916
0.955
0.991
0.626
0.819
0.673
1.454
1.655
1.541
1.618
2.284
1.735
1.515
1.709
1.678
0.861
0.974
0.862
0.701
0.808
0.736
1.151
1.095
0.910
0.565
0.939
0.771
1.050
1.127
1.082
0.964
1.009
0.954
1.421
1.590
1.472
0.668
1.176
0.939
1.944
1.916
1.971
0.793
0.856
0.752
1.908
2.072
1.790
0.707
0.660
0.605
1.168
1.162
1.052
2.613
2.678
2.687
2.450
2.658
2.519
0.681
0.778
0.759
1.555
1.740
1.625
1.031
1.014
0.871
1.056
1.250
1.102
1.987
2.360
1.992
1.846
1.888
1.850
1.968
2.069
2.022
0.899
1.039
0.858
1.530
1.535
1.311
0.707
0.816
0.740
2.293
2.420
2.303
1.691
1.748
1.458
1.083
1.176
1.096
0.385
0.553
0.456
0.691
0.688
0.569
1.081
1.108
1.119
0.741
0.888
0.699
2.115
2.281
2.207
1.371
1.413
1.356
1.298
1.279
1.274
0.714
0.926
0.821
0.707
0.816
0.740
1.348
1.408
1.337
0.373
0.534
0.437
0.752
0.880
0.621
0.678
0.743
0.661
1.241
1.322
1.263
0.748
0.890
0.777
0.783
0.983
0.872
0.434
0.474
0.465
0.701
0.808
0.736
0.616
0.746
0.643
1.045
1.046
0.985
0.749
0.796
0.664
0.996
1.030
0.987
0.592
0.705
0.621
1.147
1.185
1.099
0.634
0.859
0.767
2.962
3.294
3.056
2.962
3.294
3.056
2.962
3.294
3.056
0.777
0.980
0.915
0.707
0.816
0.740
1.717
1.782
1.699
1.180
1.265
1.208
0.682
0.678
0.552
0.863
0.957
0.835
0.700
0.843
0.690
1.141
1.269
1.131
0.785
0.830
0.824
1.575
1.645
1.569
0.657
0.672
0.598
2.421
2.305
2.247
0.926
0.796
0.836
0.707
0.816
0.740
0.634
0.774
0.700
0.915
1.017
0.948
0.538
0.581
0.449
2.401
2.384
2.313
0.699
1.004
0.826
1.062
1.301
1.182
2.307
2.436
2.235
0.564
0.664
0.588
0.575
0.960
0.690
1.773
1.798
1.783
1.252
1.307
1.181
1.548
1.650
1.565
1.342
1.414
1.338
1.628
1.677
1.625
1.136
1.230
1.193
1.055
1.584
1.219
1.889
1.968
1.936
1.162
1.255
1.201
1.844
1.922
1.982
1.074
1.142
1.106
1.237
1.310
1.343
1.204
1.164
1.180
0.337
0.604
0.451
0.986
1.225
1.037
1.570
1.510
1.546
1.899
1.996
1.940
2.151
2.319
2.210
1.062
1.115
0.967
2.684
2.537
2.400
1.098
1.090
0.751
1.863
1.915
1.817
1.628
1.777
1.750
1.022
1.123
1.080
1.345
1.471
1.287
0.892
1.179
1.135
2.443
2.513
2.458
1.674
1.758
1.757
1.398
1.655
1.605
1.830
1.827
1.776
0.724
1.042
0.773
1.622
1.669
1.508
1.282
1.455
1.419
1.677
1.652
1.636
2.641
2.722
2.681
2.166
2.150
2.164
0.703
0.797
0.672
1.340
1.546
1.464
1.583
1.722
1.683
1.306
1.570
1.288
1.378
1.877
1.511
1.024
1.291
1.146
1.603
1.548
1.461
0.816
0.821
0.778
0.907
0.865
1.043
1.239
1.388
1.297
1.251
1.324
1.228
0.726
0.880
0.716
0.726
0.880
0.716
1.000
1.119
1.035
1.277
1.273
1.198
0.712
0.754
0.529
2.127
2.262
2.090
1.567
1.474
1.456
0.806
0.928
0.706
0.256
0.594
0.425
0.581
0.594
0.591
0.990
1.106
1.034
2.586
2.701
2.112
1.514
1.449
1.075
0.239
0.348
0.265
1.762
1.672
1.782
0.591
0.671
0.651
0.742
0.888
0.777
0.706
0.980
0.657
1.618
1.702
1.559
1.197
1.240
1.164
2.049
2.237
2.069
1.248
1.115
0.957
2.023
2.008
1.976
1.513
1.580
1.536
1.104
1.131
0.933
1.659
2.065
1.788
0.519
0.562
0.427
2.463
2.615
2.436
1.591
1.683
1.726
0.760
0.871
0.819
1.167
1.190
1.134
0.712
0.877
0.793
1.311
1.532
1.168
1.409
1.473
1.285
2.434
2.447
2.456
0.714
0.901
0.821
1.184
1.412
1.289
1.054
1.343
1.096
0.602
0.653
0.867
1.409
1.550
1.492
0.313
0.429
0.330
1.251
1.324
1.215
0.941
1.033
0.894
2.613
2.636
2.544
1.634
2.057
1.832
0.550
0.696
0.608
0.440
0.507
0.404
1.159
1.228
1.244
2.296
2.235
1.942
0.963
1.029
0.856
1.330
1.283
1.287
0.631
0.676
1.055
0.921
0.954
0.942
1.638
1.845
1.645
0.770
0.902
0.819
2.770
2.822
2.803
3.101
3.106
3.047
1.187
1.544
1.335
1.156
1.256
1.200
1.801
1.788
1.782
1.403
1.635
1.456
1.820
1.968
1.920
1.054
1.071
1.047
0.983
1.170
1.080
1.175
1.320
1.154
0.673
0.819
0.712
0.251
0.326
0.252
1.048
1.126
1.077
0.856
1.062
0.946
0.674
0.815
0.700
2.008
2.176
2.088
1.306
1.704
1.520
1.132
1.267
1.199
0.600
0.980
0.819
1.587
1.857
1.724
1.641
1.663
1.406
0.700
0.771
0.729
1.795
2.032
1.723
1.234
1.348
1.359
1.296
1.455
1.365
0.765
0.861
0.574
2.256
2.307
2.251
0.623
0.825
0.604
0.623
0.742
0.604
1.627
1.793
1.470
0.486
0.642
0.568
0.781
0.843
0.812
0.491
0.717
0.599
0.636
0.726
0.645
0.638
0.737
0.655
0.756
0.862
0.800
0.773
0.742
0.733
1.519
1.548
1.458
0.987
1.076
0.894
0.822
0.951
0.860
0.576
0.715
0.610
1.667
1.700
1.525
2.782
2.736
2.701
1.375
1.424
1.360
0.831
0.836
0.849
0.762
0.819
0.827
0.748
0.948
0.767
1.432
1.450
1.399
0.402
0.714
0.631
1.431
1.414
1.318
0.699
0.912
0.760
0.376
0.442
0.453
0.501
0.674
0.555
1.365
1.452
1.353
1.630
1.651
1.562
0.619
0.654
0.593
0.975
1.003
1.007
0.707
0.816
0.740
0.707
0.816
0.740
1.280
1.355
1.287
1.160
1.516
1.375
0.811
0.981
0.915
0.471
0.546
0.535
1.172
1.647
1.161
0.920
1.162
1.019
0.402
0.492
0.519
0.909
0.984
1.056
2.202
2.265
2.270
0.781
0.937
0.856
2.365
2.375
2.246
1.112
1.428
1.111
0.696
0.784
0.536
1.707
1.815
1.729
1.737
1.829
1.750
1.008
1.025
0.983
0.744
0.916
0.742
1.074
1.192
1.106
0.644
0.816
0.781
0.808
0.859
0.730
2.330
2.384
2.356
2.133
2.184
2.120
1.466
1.503
1.473
1.063
1.033
0.985
1.629
1.837
1.680
0.538
0.705
0.690
1.247
1.308
1.241
1.121
1.243
1.130
1.700
1.775
1.720
0.837
1.081
0.677
1.206
1.448
1.174
1.183
1.283
1.206
2.841
2.958
2.813
0.623
0.628
0.578
0.623
0.727
0.662
0.835
0.867
0.894
0.426
0.468
0.360
0.742
0.841
0.743
1.423
1.510
1.415
0.357
0.319
0.294
1.158
1.395
1.259
0.511
0.648
0.593
1.935
2.122
1.909
1.037
1.142
1.069
0.758
0.932
0.953
0.730
1.034
0.822
2.731
2.875
2.768
1.964
1.978
1.927
1.378
1.393
1.347
1.264
1.303
1.174
0.687
0.773
0.555
0.810
0.963
0.893
0.794
0.903
0.825
1.714
1.762
1.741
1.219
1.187
1.119
0.738
0.872
0.780
1.160
1.288
1.248
1.576
1.841
1.547
1.011
1.027
0.929
1.107
1.127
1.012
1.292
1.323
1.264
0.414
0.449
0.493
1.480
1.592
1.511
1.316
1.302
1.333
1.020
1.055
1.025
1.152
1.323
1.237
1.647
1.706
1.627
1.039
1.173
1.124
1.412
1.495
1.450
0.342
0.454
0.206
0.619
0.436
0.471
0.731
0.740
0.719
0.933
0.949
0.933
0.771
0.842
0.771
0.771
0.864
0.791
1.373
1.395
1.365
0.985
1.143
1.023
1.229
1.472
1.290
1.067
1.208
1.162
1.031
1.152
1.068
0.237
0.429
0.319
0.732
0.768
0.771
0.625
0.741
0.662
0.243
0.454
0.287
0.524
0.680
0.646
1.221
1.695
1.582
1.328
1.493
1.416
2.694
2.773
2.629
0.871
0.998
0.922
0.613
0.847
0.766
0.841
1.026
0.960
1.052
1.095
1.082
2.070
2.109
1.955
0.809
0.829
0.787
1.263
1.388
1.241
3.001
3.027
2.981
1.309
1.491
1.481
0.837
0.954
0.900
0.712
0.725
0.607
0.978
1.232
1.030
1.765
2.006
1.867
1.918
2.140
1.995
1.972
2.130
1.980
0.896
0.995
0.944
0.813
0.925
0.866
0.565
0.752
0.508
1.015
1.667
1.078
0.637
0.750
0.705
0.401
0.660
0.535
0.545
0.577
0.408
1.091
1.367
1.205
1.009
1.120
0.990
0.422
0.636
0.471
1.213
1.330
1.195
1.342
1.342
1.295
0.225
0.836
0.237
0.803
0.897
0.865
0.876
0.879
0.824
0.742
0.863
0.702
0.866
0.932
0.921
0.472
0.580
0.507
0.555
0.665
0.554
0.892
1.537
1.012
1.020
1.026
0.996
0.470
0.579
0.477
1.728
1.813
1.602
1.481
1.903
1.599
2.122
2.185
2.125
0.897
0.830
0.703
0.637
0.707
0.748
0.832
0.936
0.890
0.961
1.451
1.179
1.063
1.075
0.903
1.598
1.768
1.670
0.841
0.995
0.775
1.139
1.394
1.413
0.781
0.787
0.774
0.830
0.983
0.882
0.696
0.789
0.742
1.812
1.949
1.780
0.511
0.550
0.678
1.132
1.190
1.074
1.004
0.990
0.904
0.593
0.788
0.726
1.213
1.230
1.194
0.986
1.279
0.902
2.175
2.220
2.188
0.880
1.056
1.054
1.763
1.814
1.621
0.827
0.897
0.618
1.416
1.466
1.339
0.820
0.908
0.832
1.834
1.848
1.790
0.795
1.007
1.269
0.698
0.747
0.718
1.753
1.850
1.716
1.668
1.781
1.708
0.745
1.234
1.198
2.124
2.084
2.052
0.624
0.829
0.594
0.583
0.652
0.559
0.329
0.448
0.367
0.528
0.604
0.552
1.016
1.147
0.967
0.934
1.043
1.015
1.418
1.710
1.166
0.943
0.997
0.977
0.963
0.974
0.949
1.104
1.218
1.167
1.560
1.650
1.480
1.451
1.577
1.646
0.864
0.918
0.922
0.455
0.569
0.491
0.584
0.628
0.526
0.824
0.971
0.663
0.934
0.980
0.923
0.455
0.569
0.491
0.379
0.516
0.427
0.455
0.569
0.491
1.872
1.889
1.852
1.446
1.486
1.399
1.581
1.619
1.527
1.167
1.313
1.329
0.749
0.775
0.734
1.349
1.463
1.321
1.160
1.208
1.102
0.602
0.620
0.593
1.690
1.822
1.717
2.494
2.720
2.625
0.664
0.845
0.727
0.515
0.793
0.611
1.632
1.620
1.608
1.188
1.364
1.265
0.951
1.248
1.024
0.568
0.692
0.671
0.751
0.805
0.793
0.666
0.935
0.816
1.307
1.278
1.270
1.161
1.341
1.091
0.727
0.878
0.828
0.247
0.326
0.354
1.394
1.569
1.482
0.649
0.705
0.704
0.279
0.413
0.376
0.842
0.863
0.843
0.554
0.743
0.595
0.728
0.768
0.637
0.812
1.042
0.866
1.320
1.350
1.228
2.175
2.172
2.163
2.129
2.327
2.150
0.712
0.897
0.615
1.098
1.330
1.296
0.530
0.652
0.601
0.943
0.944
0.839
1.605
1.705
1.615
1.657
1.626
1.711
1.427
1.492
1.450
1.427
1.492
1.450
1.237
1.320
1.302
1.657
1.660
1.424
1.763
1.851
1.777
0.897
1.118
0.978
1.256
1.394
1.314
1.222
1.538
1.371
1.166
1.206
1.189
1.002
1.188
0.922
2.491
2.872
2.620
1.667
1.860
1.694
0.267
0.449
0.396
2.898
2.953
2.827
1.420
1.660
1.510
1.098
1.558
1.264
0.467
0.914
0.761
2.309
2.373
2.277
1.740
1.745
1.681
0.591
0.816
0.698
1.143
1.183
0.871
1.620
1.735
1.604
1.782
1.892
1.784
2.567
2.848
2.734
0.991
1.042
0.887
0.937
1.045
0.985
1.309
1.409
1.324
1.857
1.940
1.907
1.078
1.181
1.173
0.895
1.063
0.966
0.809
0.879
0.820
1.475
1.505
1.435
0.850
0.872
0.663
1.970
2.118
2.009
1.271
1.335
1.171
1.285
1.363
1.387
1.839
1.920
1.857
0.919
0.920
0.876
1.160
1.285
1.182
1.288
1.340
0.998
1.335
1.463
1.369
0.457
0.416
0.274
1.546
1.657
1.469
1.390
1.438
1.433
1.158
1.298
0.992
1.574
1.649
1.569
2.058
2.121
2.107
1.746
1.943
1.812
1.119
1.238
1.312
1.415
1.519
1.416
1.723
1.800
1.741
0.545
0.717
0.544
0.650
0.718
0.646
1.927
2.207
2.197
1.650
1.876
1.666
0.687
0.669
0.617
1.039
1.217
1.145
3.481
3.619
3.166
3.017
3.332
3.143
1.571
1.615
1.449
1.637
1.678
1.728
0.618
0.923
0.825
0.743
0.897
0.826
0.452
0.641
0.519
1.036
1.172
1.113
1.161
1.355
1.322
0.726
1.216
0.755
0.726
1.080
0.962
0.742
1.096
0.911
1.605
1.579
1.521
1.549
1.844
1.690
0.650
0.645
0.196
0.600
0.711
0.568
1.131
1.166
1.024
1.672
1.682
1.637
2.012
2.177
2.073
1.499
1.603
1.585
1.695
1.649
1.719
1.214
1.164
1.175
1.486
1.666
1.522
0.764
0.938
0.868
1.510
1.457
1.094
1.885
1.875
1.934
1.443
1.425
1.324
1.406
1.491
1.454
0.612
0.900
0.733
0.483
0.432
0.490
1.197
1.399
1.325
0.930
0.776
0.679
0.699
0.808
0.617
1.317
1.265
1.255
1.170
1.339
1.084
0.602
0.685
0.658
0.390
0.822
0.289
0.645
0.626
0.712
1.206
1.320
1.193
0.655
0.890
0.649
0.553
0.605
0.537
1.431
1.481
1.427
1.784
1.876
1.773
0.696
0.874
0.746
0.794
0.989
0.881
0.911
1.665
1.069
2.427
2.539
2.533
1.473
1.621
1.523
0.741
0.759
0.428
1.786
1.867
1.830
1.130
1.226
1.203
1.135
1.199
1.264
1.589
1.633
1.645
1.622
1.865
1.677
0.876
0.985
0.824
0.876
0.985
0.824
0.636
0.897
0.850
0.776
1.130
1.006
0.852
1.295
0.952
1.867
2.015
1.998
0.262
0.396
0.740
0.309
0.499
0.442
1.867
1.949
1.739
0.593
0.835
0.706
0.950
1.102
1.085
1.031
0.996
0.966
0.344
0.405
0.353
0.657
0.705
0.669
1.158
1.298
1.214
0.383
0.707
0.466
0.907
0.950
0.899
1.013
1.134
1.009
0.940
1.085
0.851
0.778
0.830
0.813
1.571
1.642
1.618
1.302
1.399
1.324
0.931
0.985
0.907
0.536
0.593
0.533
1.153
1.187
1.132
0.992
1.369
1.067
0.684
0.748
0.843
1.216
1.363
1.160
1.216
1.422
1.374
1.758
1.874
1.852
1.308
1.458
1.327
1.186
1.245
1.241
1.289
1.633
1.474
2.572
2.641
2.593
0.794
0.932
0.926
0.714
0.945
0.711
1.306
1.412
1.265
0.395
0.617
0.498
0.849
0.982
0.965
0.463
0.577
0.494
0.838
0.926
0.787
1.722
1.622
1.628
0.704
0.743
0.620
0.792
0.941
0.748
0.492
0.513
0.392
1.701
1.825
1.700
0.830
0.940
0.823
1.176
1.267
1.153
1.558
1.539
1.657
0.627
0.602
0.560
2.551
2.672
2.565
1.231
1.429
1.220
1.364
1.484
1.420
0.875
1.011
0.900
0.994
1.020
0.980
1.445
1.469
1.398
1.477
1.926
1.745
1.217
1.294
1.214
0.956
1.192
0.999
0.815
0.851
0.794
1.112
1.187
0.983
2.269
2.295
2.302
1.628
1.758
1.589
0.915
1.250
1.020
1.080
1.168
1.146
0.453
0.555
0.470
0.639
0.722
0.682
0.734
0.796
0.686
0.762
0.972
0.948
1.606
1.654
1.564
0.490
0.669
0.419
1.366
1.435
1.375
1.263
1.435
1.735
1.040
1.138
1.035
1.215
1.242
1.179
1.253
1.420
1.292
0.639
0.711
0.680
1.509
1.573
1.533
0.805
0.859
0.799
1.628
1.851
1.829
0.969
1.023
1.043
0.808
0.988
0.991
0.463
0.577
0.494
1.029
1.084
1.109
1.550
1.769
1.546
1.251
1.275
1.271
1.505
1.477
1.462
0.882
1.044
0.875
1.320
1.521
1.399
1.497
1.553
1.522
0.955
1.033
1.004
0.644
0.891
0.875
0.824
0.869
0.773
0.666
0.810
0.708
0.890
0.888
0.863
0.914
1.141
0.893
0.375
0.680
0.554
1.747
2.150
2.189
0.778
0.870
0.791
0.724
0.762
0.644
1.136
2.402
1.694
1.115
1.216
0.991
2.831
2.849
2.777
0.268
0.426
0.366
0.685
0.702
0.551
0.619
0.708
0.603
0.666
0.738
0.660
0.212
0.412
0.308
1.640
1.649
1.757
0.173
0.321
0.255
1.344
1.504
1.413
0.680
0.864
0.746
1.337
1.375
1.323
0.463
0.575
0.500
1.742
1.746
1.671
1.119
1.239
1.245
1.154
1.523
1.278
1.234
1.245
1.126
0.837
1.034
0.927
1.299
1.310
1.249
1.862
1.966
1.897
0.283
0.345
0.235
1.865
1.958
1.697
1.795
1.883
1.993
1.052
1.089
0.881
0.620
0.960
0.780
0.305
0.428
0.353
0.399
0.641
0.512
1.649
1.651
1.620
0.711
0.922
0.851
0.308
0.589
0.405
1.922
1.928
1.877
0.579
0.669
0.694
0.674
0.860
0.731
1.248
1.230
1.149
1.286
1.345
1.310
1.292
1.541
1.342
0.795
0.849
0.653
0.952
1.182
0.938
0.751
0.936
0.882
0.499
0.610
0.582
1.028
1.080
0.981
1.454
1.557
1.254
1.788
2.203
2.167
2.256
2.262
2.165
1.960
1.934
2.038
0.554
0.488
0.525
1.118
1.099
1.041
2.120
2.257
1.925
2.032
2.277
2.040
1.313
1.471
1.433
1.097
1.301
1.048
0.765
0.641
0.546
1.487
1.495
1.439
1.985
2.018
2.013
1.282
1.605
1.426
2.485
2.615
2.546
1.848
1.826
1.616
0.659
0.756
0.671
0.763
0.849
0.678
1.050
0.983
1.021
1.259
1.469
1.228
0.790
0.888
0.824
1.282
1.341
1.289
1.174
1.226
1.142
0.794
0.984
0.881
0.828
0.872
0.811
0.911
0.942
1.239
1.002
1.015
0.931
1.639
1.760
1.628
2.103
2.352
2.166
0.808
0.842
0.805
0.823
0.932
0.846
1.103
1.106
1.213
0.848
1.210
1.032
0.776
1.042
0.631
1.074
1.194
1.073
0.640
0.683
0.627
0.562
0.743
0.664
0.928
1.207
1.110
1.219
1.466
1.301
1.118
1.288
1.190
1.802
2.028
1.958
1.126
1.251
1.173
1.880
1.864
1.870
1.005
1.137
1.103
1.267
1.392
1.316
0.992
1.118
0.987
1.803
1.887
1.744
1.158
1.273
1.132
0.639
0.826
0.793
1.968
2.045
1.940
0.361
0.574
0.394
1.000
1.054
0.793
1.273
1.278
1.214
0.678
0.721
0.633
0.619
0.630
0.199
0.808
1.176
0.933
0.910
1.031
0.955
1.337
1.450
1.360
1.971
2.039
1.973
0.971
1.370
1.140
1.505
1.570
1.564
0.609
0.635
0.569
1.599
1.675
1.768
0.530
0.728
0.707
1.111
1.430
1.301
0.955
1.163
1.031
1.103
1.323
1.294
1.418
1.683
1.334
1.418
1.663
1.522
1.888
1.926
1.898
1.297
1.284
1.278
1.885
1.862
1.894
1.091
1.115
1.052
1.531
1.523
1.475
1.863
1.932
1.858
1.755
1.796
1.749
2.179
2.198
2.203
1.544
1.861
1.553
0.870
1.018
0.787
1.644
1.462
1.853
0.426
0.538
0.338
0.989
1.143
0.722
2.311
2.340
2.194
0.873
0.934
0.773
1.476
1.548
1.505
0.695
0.818
0.623
0.882
1.204
0.954
1.061
1.009
0.804
1.061
1.467
1.398
0.957
0.956
0.969
1.184
1.532
1.361
1.660
1.750
1.509
0.576
0.665
0.539
1.035
1.131
1.347
0.628
0.585
0.269
0.700
1.152
0.658
1.459
1.505
1.479
0.854
0.884
0.688
0.321
0.463
0.334
0.941
1.157
0.995
1.635
1.710
1.590
0.937
1.212
1.115
1.230
1.673
1.391
1.580
1.780
1.473
1.342
1.524
1.464
0.847
0.907
0.746
0.873
0.919
0.796
0.912
1.581
1.058
0.958
0.974
1.064
1.384
1.950
1.552
0.182
0.387
0.266
1.595
1.318
1.319
2.190
2.257
2.134
2.015
2.105
2.009
0.228
0.452
0.295
1.282
1.503
1.416
1.022
1.164
1.134
0.999
1.043
1.130
1.349
1.580
1.421
1.834
1.914
2.018
2.683
2.824
2.780
1.806
1.923
1.847
1.591
1.668
1.612
0.801
0.898
0.877
1.789
1.851
1.768
1.571
1.618
1.528
1.134
1.919
1.055
1.590
1.744
1.699
1.394
2.227
2.502
0.643
0.777
0.731
2.034
2.035
1.854
1.645
1.747
1.754
0.688
0.732
0.692
1.898
2.008
1.902
1.266
1.476
1.443
1.764
1.822
1.750
1.095
1.126
1.025
0.995
1.093
0.928
0.902
1.111
0.947
0.638
0.801
0.825
1.585
1.696
1.581
0.955
0.987
0.970
0.938
0.979
0.785
0.719
0.741
0.717
1.619
1.744
1.593
1.821
1.963
1.840
0.635
1.033
0.757
0.486
0.637
0.591
0.545
0.642
0.616
1.174
1.345
1.109
0.640
0.865
0.713
0.375
0.463
0.297
0.364
0.447
0.361
0.373
0.443
0.317
1.133
1.328
1.265
1.251
1.270
1.092
0.708
0.739
0.663
1.312
1.504
1.375
1.727
2.083
1.778
0.449
0.764
0.461
1.024
1.175
1.389
1.955
2.114
2.123
1.944
2.015
1.879
1.168
1.424
1.080
2.141
2.318
2.280
1.449
1.498
1.497
0.676
0.771
0.858
0.664
0.941
0.791
0.767
0.979
0.731
1.067
1.182
1.142
0.940
0.970
0.984
0.895
1.094
1.012
0.711
0.816
0.768
0.188
0.408
0.351
1.294
1.421
1.348
1.281
1.407
1.208
2.026
2.075
1.759
2.119
2.182
2.097
0.731
0.892
0.819
1.743
1.799
1.731
0.970
1.523
1.049
0.859
0.897
0.840
1.141
1.122
1.104
1.320
1.884
1.195
1.108
1.441
1.227
1.426
1.430
1.346
0.659
0.700
0.674
0.906
0.814
0.865
0.932
1.078
1.048
0.742
1.122
0.812
0.694
0.743
0.625
0.352
0.580
0.400
0.490
0.404
0.446
0.557
0.824
0.639
0.661
0.799
0.744
0.847
1.007
0.865
1.467
1.609
1.440
1.346
1.468
1.566
1.327
1.408
1.419
1.115
1.195
1.167
0.718
0.686
0.686
1.123
1.167
1.124
1.591
1.731
1.668
0.602
0.591
0.658
0.656
0.779
0.626
1.404
1.451
1.424
1.015
1.164
1.080
1.311
1.312
1.315
0.868
0.993
0.974
0.775
0.880
0.842
2.141
2.205
2.138
1.055
1.395
1.165
1.503
1.570
1.581
1.235
1.257
1.683
0.292
0.706
0.280
1.891
1.989
1.942
0.278
0.641
0.566
0.472
0.604
0.500
1.133
1.226
1.182
1.263
1.371
1.314
0.862
0.948
0.961
1.034
1.145
0.985
0.982
1.576
1.100
0.784
0.906
0.874
0.852
0.905
0.810
1.036
1.070
0.985
0.677
0.850
0.561
1.648
1.902
1.601
0.462
0.537
0.423
0.701
1.029
0.812
1.802
1.789
1.727
0.240
0.485
0.315
0.659
0.818
0.755
0.590
0.760
0.630
1.102
1.261
1.128
0.687
0.834
0.832
0.415
0.569
0.565
0.614
0.633
0.617
0.905
0.956
0.942
1.012
1.089
1.027
1.263
1.475
1.290
1.021
1.153
1.050
0.694
0.743
0.694
1.809
1.884
1.767
1.375
1.515
1.482
1.344
1.378
1.181
1.350
1.460
1.450
0.590
0.672
0.581
0.755
0.976
0.786
1.009
1.153
1.059
1.044
1.124
0.875
1.554
1.658
1.566
1.068
1.078
1.092
0.350
0.410
0.266
0.419
0.626
0.584
0.808
0.802
0.815
0.591
0.839
0.686
1.332
1.428
1.357
1.356
1.683
1.618
0.996
1.072
0.957
1.442
1.439
1.341
1.078
1.093
1.025
1.513
1.652
1.454
0.825
0.936
0.743
1.825
1.863
1.674
0.837
1.054
0.956
0.499
0.583
0.498
2.160
2.190
2.149
0.920
1.041
0.996
0.644
0.767
0.738
0.835
0.933
0.804
0.952
1.057
0.747
1.293
1.602
1.438
2.461
2.537
2.442
1.380
1.487
1.314
0.678
0.853
0.735
1.247
1.272
1.197
0.996
1.118
0.975
0.774
0.837
0.795
0.433
0.511
0.480
0.819
0.836
0.672
1.180
1.190
0.930
1.318
1.382
0.983
0.912
1.108
1.049
0.299
0.417
0.334
0.466
0.529
0.498
1.389
1.451
1.367
0.863
0.931
0.971
1.593
1.582
1.602
1.269
1.415
1.344
0.976
1.137
0.972
0.860
0.913
0.683
1.064
1.723
1.107
1.185
1.170
1.025
1.559
1.705
1.643
1.935
2.079
1.831
0.362
0.382
0.413
0.996
0.955
0.996
0.617
0.634
0.525
1.446
1.674
1.594
2.073
1.994
1.745
0.571
0.637
0.561
1.518
1.565
1.594
0.715
0.819
0.708
1.153
1.199
1.115
1.250
1.318
1.277
1.886
1.974
1.943
1.744
1.804
1.793
1.069
1.119
1.150
1.294
1.296
1.255
2.809
2.855
2.819
0.942
1.013
0.848
1.161
1.241
1.210
1.141
1.331
1.146
1.680
1.796
1.710
1.641
1.759
1.726
1.089
1.101
0.951
1.218
1.319
1.214
1.378
1.507
1.335
1.409
1.337
1.085
0.904
1.029
0.730
1.036
1.174
1.098
0.912
0.960
0.803
1.482
1.501
1.426
1.873
1.887
1.685
1.019
1.102
1.028
1.284
1.535
1.738
1.454
1.493
1.213
1.150
1.623
1.354
1.463
1.435
1.362
1.313
1.563
1.404
2.054
2.050
2.095
0.399
0.821
0.589
1.353
1.433
1.378
1.685
1.707
1.697
0.527
0.712
1.106
1.695
1.827
1.805
1.863
1.922
1.938
0.836
0.844
0.793
0.975
1.039
0.989
1.423
1.411
1.417
1.441
1.464
1.361
0.831
0.941
0.867
1.366
1.514
1.332
0.854
0.915
1.274
1.168
1.324
0.932
1.378
1.447
1.309
0.443
0.501
0.432
1.270
1.447
1.373
1.819
1.925
1.873
2.934
2.950
2.920
1.252
1.384
1.263
0.786
0.839
0.816
1.017
1.082
1.003
1.175
1.267
1.127
1.461
1.538
1.531
1.335
1.372
1.345
1.911
1.939
1.933
1.797
1.816
1.694
1.179
1.198
1.260
0.664
0.707
0.670
0.780
0.800
0.826
0.680
0.735
0.693
1.822
1.954
1.803
0.535
0.610
0.382
1.403
1.426
1.406
2.069
2.096
1.940
2.149
2.166
2.138
2.181
2.302
2.298
1.655
1.952
1.753
1.311
1.454
1.354
0.547
0.584
0.580
0.753
1.192
0.888
2.115
2.163
2.074
0.532
0.658
0.534
0.229
0.508
0.248
0.625
1.008
0.834
0.922
1.024
0.879
0.625
1.076
0.953
1.335
1.716
1.381
0.224
0.889
0.228
0.801
1.010
0.879
1.321
1.448
1.333
0.981
1.061
1.049
0.854
0.912
0.835
1.307
1.398
1.098
0.673
0.809
0.647
1.488
1.638
1.469
1.968
2.009
1.957
1.240
1.312
1.333
1.119
1.442
1.358
1.030
1.233
1.128
0.791
0.869
0.779
0.402
0.651
0.465
0.644
0.725
0.618
1.913
2.041
1.965
1.108
1.707
1.283
0.785
0.841
0.701
0.415
0.538
0.368
0.827
1.063
0.908
0.650
0.727
0.657
0.972
1.214
1.029
0.501
0.680
0.505
1.257
1.414
1.260
0.770
0.749
0.748
1.173
1.226
1.208
1.762
1.955
1.790
1.412
1.464
1.285
1.375
1.505
1.609
1.268
1.332
1.279
0.296
0.488
0.339
0.272
0.490
0.390
0.386
0.454
0.335
0.800
0.890
0.873
0.974
1.085
1.082
0.876
1.177
0.862
1.365
1.461
1.448
0.692
0.856
0.764
1.540
1.891
1.617
1.450
1.674
1.544
0.668
0.642
0.575
0.715
0.781
0.691
0.284
0.447
0.326
1.537
2.623
1.706
1.755
1.788
1.818
0.296
0.311
0.286
1.362
1.376
1.275
1.021
1.033
0.941
0.726
0.828
0.814
2.057
2.037
2.133
1.988
1.914
1.905
1.741
1.816
1.593
