1.570
1.700
1.588
3.017
3.102
3.061
0.836
0.951
0.924
1.296
1.333
1.293
1.079
1.144
0.808
0.357
0.348
0.479
0.428
0.662
0.462
3.574
3.586
3.480
1.651
1.779
1.681
1.408
1.477
1.459
1.465
1.602
1.480
0.360
0.480
0.479
0.946
1.038
1.021
1.505
1.633
1.613
1.585
1.612
1.635
0.447
0.670
1.283
0.491
0.695
0.643
1.133
1.131
1.115
2.135
2.503
2.603
0.420
0.444
0.643
1.058
1.189
1.052
2.343
2.417
2.359
2.717
2.761
2.715
2.330
2.519
2.506
0.849
1.150
1.072
1.378
1.395
1.344
1.043
1.102
1.004
1.106
1.317
1.158
1.746
1.970
2.081
1.272
1.484
1.456
1.255
1.486
1.272
2.272
2.448
2.296
1.946
1.986
1.888
1.558
1.880
1.745
2.348
2.374
2.401
1.662
1.860
1.514
0.838
1.006
0.877
1.362
1.363
1.286
0.833
0.999
0.956
1.434
1.379
1.249
0.903
1.215
1.033
0.815
0.951
0.817
1.509
1.547
1.435
0.577
0.891
0.685
0.996
1.244
1.068
1.613
1.804
1.653
1.406
1.666
1.583
0.852
1.087
0.905
1.550
1.603
1.552
2.457
2.495
2.472
2.362
2.536
2.303
2.124
2.244
2.177
1.552
1.557
1.479
0.877
0.917
0.844
1.162
1.397
1.308
1.475
1.729
1.364
0.748
0.880
0.828
1.087
1.317
0.923
0.633
0.823
0.709
2.749
2.779
2.741
1.958
1.931
1.889
2.492
2.587
2.476
1.076
1.274
1.193
2.240
2.204
2.080
0.573
1.055
0.675
1.879
2.112
1.983
1.943
2.008
1.943
1.314
1.390
1.164
1.030
1.291
1.079
0.855
0.860
0.794
0.855
0.947
0.847
0.955
1.027
0.969
2.193
2.318
2.297
1.560
1.663
1.586
0.847
1.003
1.051
0.964
0.965
0.974
2.084
2.071
2.103
1.990
2.296
2.223
2.050
2.146
2.132
0.800
0.894
0.846
0.882
0.937
0.483
1.293
1.348
1.154
1.935
1.851
1.769
3.320
3.362
3.357
0.538
0.715
0.644
1.887
2.017
1.977
0.915
0.967
0.789
1.751
1.817
1.874
0.604
1.000
0.791
1.219
1.349
1.287
1.137
1.131
1.173
1.156
1.335
1.124
2.622
2.653
2.609
2.459
2.574
2.524
1.142
1.257
1.264
1.736
1.807
1.763
2.084
2.110
2.085
1.058
1.158
1.039
2.124
2.167
2.079
1.117
1.499
1.175
0.472
0.756
0.474
1.654
1.768
1.669
1.621
1.716
1.649
2.055
2.197
2.210
0.962
1.183
1.005
1.314
1.288
1.310
2.358
2.614
2.493
0.716
0.851
0.726
1.406
1.450
1.457
0.663
0.714
0.694
1.592
1.670
1.668
1.594
1.849
1.876
1.822
1.933
1.885
1.142
1.191
1.196
0.851
1.173
1.016
1.823
1.935
1.901
0.553
0.863
0.607
1.704
1.633
1.702
1.048
1.171
1.083
1.309
1.363
1.374
0.813
0.990
1.002
0.747
0.832
0.798
2.262
2.306
2.262
2.787
3.155
2.765
2.868
2.809
2.749
1.492
1.570
1.517
2.224
2.292
2.279
1.811
1.891
1.778
1.360
1.462
1.413
1.658
1.728
1.757
1.842
1.855
1.869
0.890
1.044
0.955
0.994
1.311
1.077
1.347
1.549
1.413
1.958
2.097
1.961
2.440
2.544
2.449
2.035
2.086
2.010
0.261
0.512
0.409
1.852
1.974
1.808
1.569
2.051
1.977
1.884
1.918
1.849
1.627
2.074
1.847
1.272
1.484
1.456
2.215
2.389
2.250
2.404
2.490
2.589
1.652
1.748
1.656
0.555
0.758
0.606
1.158
1.214
1.112
1.693
1.724
1.627
1.047
1.059
0.927
0.956
0.899
0.780
1.948
1.895
1.785
1.490
1.547
1.487
1.978
1.953
1.947
1.278
1.244
1.091
1.666
1.848
1.798
0.823
1.099
0.841
1.483
1.623
1.518
1.257
1.400
1.347
1.000
1.340
1.150
1.068
1.223
1.140
1.255
1.400
1.308
1.352
1.471
1.559
1.594
1.889
1.780
1.104
1.182
0.975
0.800
0.780
0.767
0.815
0.872
0.832
0.826
0.895
0.849
1.455
1.491
1.483
2.204
2.321
2.292
1.250
1.587
1.492
1.362
1.495
1.434
1.287
1.357
1.295
0.855
0.862
0.830
1.563
1.576
1.571
1.722
1.875
1.781
0.892
1.089
1.124
0.867
1.145
1.026
1.728
2.016
1.899
1.551
1.568
1.614
1.045
1.064
0.947
1.664
1.573
1.339
2.530
2.606
2.570
1.684
1.952
1.849
2.747
2.724
2.707
1.486
1.631
1.622
1.326
1.416
1.409
1.726
1.751
1.645
1.796
2.294
1.892
0.363
0.415
0.374
0.868
0.944
0.943
0.901
1.092
0.929
1.721
1.848
1.734
0.709
0.970
0.711
1.000
1.133
1.367
0.961
1.984
0.913
0.567
0.882
0.766
0.677
1.202
0.874
1.864
1.936
1.811
1.329
1.372
1.323
1.919
1.799
1.850
0.949
1.027
0.822
2.306
2.349
2.474
1.687
1.749
1.818
1.474
1.673
1.548
1.091
1.432
1.286
0.664
1.280
1.057
0.583
0.744
0.773
2.300
2.277
2.201
1.399
1.432
1.393
2.297
2.899
2.230
1.375
1.441
1.166
0.848
0.909
0.804
1.419
1.455
1.416
0.893
1.221
0.982
1.597
1.659
1.681
0.862
1.045
1.568
1.625
1.594
1.498
0.728
1.003
0.907
2.682
2.839
2.762
2.343
2.430
2.370
1.924
2.031
1.901
1.699
1.803
1.569
1.692
1.733
1.623
0.480
0.604
0.535
0.549
0.687
0.587
1.188
1.289
1.339
0.497
0.619
0.516
2.589
2.631
2.594
1.020
1.279
1.071
1.847
2.016
1.974
1.244
1.325
1.206
1.264
1.407
1.337
0.912
0.905
0.875
0.625
0.716
0.513
0.569
0.717
0.722
0.659
0.826
0.716
1.632
1.614
1.597
1.107
1.492
1.159
1.018
1.008
1.024
1.824
1.901
1.903
0.751
0.846
0.823
0.949
1.230
1.077
1.583
1.609
1.462
1.985
2.139
2.113
0.729
0.853
0.862
1.886
1.964
1.955
1.177
1.195
0.871
1.836
1.898
1.924
1.348
1.505
1.365
1.205
1.462
1.473
2.033
2.124
2.063
1.014
1.089
1.063
0.921
0.843
0.818
1.034
1.074
1.144
1.806
1.884
1.837
1.518
1.619
1.615
1.681
1.979
1.777
1.316
1.385
1.328
3.133
3.239
3.271
1.280
1.380
1.304
1.986
2.038
1.876
0.753
0.922
0.880
1.606
1.652
1.596
1.430
1.429
1.425
2.159
2.397
2.261
2.033
2.186
2.128
1.596
1.689
1.589
0.326
0.456
0.345
1.426
1.605
1.536
1.759
1.784
1.876
1.108
1.460
1.195
1.192
1.919
1.241
0.907
1.040
0.944
1.132
1.539
1.370
0.857
1.157
0.985
0.463
0.719
0.588
0.827
0.835
0.811
2.072
2.155
2.121
1.043
1.143
1.081
1.043
1.167
1.091
1.298
1.573
1.467
1.514
1.512
1.505
1.286
1.383
1.266
0.322
0.419
0.390
0.729
0.933
0.861
0.660
0.733
0.672
1.909
1.864
2.052
1.676
1.778
1.754
1.810
1.823
1.774
0.621
0.617
0.622
0.815
0.954
0.906
2.864
3.032
3.064
0.797
1.111
0.977
3.144
3.120
3.257
1.169
1.253
1.124
0.607
0.746
0.723
0.944
1.084
0.873
1.017
1.325
1.150
0.931
0.986
0.986
0.534
0.619
0.645
1.943
1.922
1.650
1.267
1.506
1.299
0.682
0.688
0.743
2.290
2.262
2.278
1.249
1.463
1.193
0.874
0.947
0.894
0.724
0.871
0.801
0.797
0.924
0.936
0.499
0.578
0.552
0.772
1.070
0.903
1.392
1.443
1.421
1.969
2.028
1.961
1.691
1.682
1.682
1.858
1.871
1.907
0.931
1.062
0.971
0.999
1.334
1.062
1.378
1.490
1.258
1.867
1.932
1.933
0.787
0.930
0.842
1.594
1.737
1.605
1.068
1.179
1.169
0.560
0.912
0.747
1.067
1.059
0.817
1.247
1.402
1.318
0.918
0.976
1.020
2.698
2.811
2.820
1.478
1.538
1.356
2.652
2.709
2.587
1.465
1.586
1.354
1.979
2.044
2.004
0.561
0.651
0.560
3.014
3.047
3.043
0.929
1.017
0.959
1.273
1.206
1.136
1.576
1.603
1.565
0.776
1.059
0.845
1.092
1.117
1.085
0.895
0.923
0.916
1.669
1.680
1.938
0.757
0.776
0.679
0.538
0.573
0.574
1.630
1.748
1.575
1.438
1.463
1.546
1.369
1.325
1.192
0.844
0.938
0.899
2.634
2.789
2.745
2.226
2.351
2.292
2.252
2.284
2.220
0.741
0.979
0.893
0.847
1.239
0.899
0.353
0.540
0.466
2.891
3.005
2.941
1.768
1.803
1.586
0.818
0.803
0.668
0.852
0.888
0.818
0.407
0.643
0.224
0.919
0.908
0.869
1.133
1.111
1.079
1.467
1.655
1.432
1.479
1.557
1.535
1.190
1.300
1.257
2.843
2.896
2.867
2.798
2.986
2.890
1.794
1.813
1.778
0.760
0.819
0.713
1.003
1.057
0.987
2.032
2.210
2.118
1.834
1.921
1.883
2.385
2.445
2.399
1.400
1.450
1.320
1.687
1.907
1.688
1.262
1.780
1.421
1.292
1.440
1.376
1.203
1.663
0.980
1.375
1.482
1.308
1.278
1.367
1.327
1.567
1.844
1.617
1.280
1.310
1.258
1.177
1.251
1.213
1.385
1.474
1.408
1.064
1.378
1.323
0.948
1.411
1.059
1.177
1.333
1.368
1.944
1.939
1.944
2.320
2.437
2.386
2.126
2.045
2.072
2.014
2.235
1.942
1.597
1.626
1.625
1.183
1.332
1.403
2.362
2.372
2.247
1.272
1.353
1.279
1.995
2.008
1.980
2.039
2.133
2.059
0.759
0.842
0.797
0.974
1.131
1.039
1.129
1.163
1.163
0.924
1.059
0.979
0.278
0.534
0.483
0.770
1.218
0.939
1.133
1.187
1.394
0.810
0.937
0.937
2.512
2.695
2.437
1.422
1.416
1.486
1.751
1.969
1.906
1.494
2.302
1.769
1.297
1.294
1.295
1.168
1.214
1.207
2.226
2.437
2.148
1.436
1.857
1.474
1.567
1.873
1.710
1.050
1.116
0.968
1.018
1.034
1.089
0.683
1.033
0.819
1.222
1.547
1.327
1.007
1.246
1.125
1.101
1.296
1.194
1.342
1.443
1.384
0.629
0.702
0.562
0.699
0.818
0.731
1.008
1.030
1.057
0.759
0.811
0.753
1.001
1.302
1.216
1.272
1.545
1.408
1.197
1.165
1.022
0.841
1.217
0.985
2.630
2.693
2.554
0.666
0.946
0.845
0.621
1.397
0.789
1.091
1.189
1.103
0.477
0.565
0.595
0.879
1.121
0.939
0.822
1.063
0.922
0.248
0.414
0.319
0.417
0.597
0.457
1.172
1.155
1.127
1.785
1.811
1.698
0.956
0.984
0.973
0.777
0.992
0.922
0.996
0.929
0.300
1.140
1.180
1.137
1.231
1.373
1.309
0.866
1.008
0.950
1.282
1.737
1.548
2.152
2.194
2.219
1.030
1.111
0.964
2.772
2.877
2.780
0.555
0.699
0.553
0.688
0.742
0.722
0.688
0.769
0.686
1.081
1.233
1.110
1.081
1.332
1.182
1.311
1.573
1.394
1.562
1.661
1.594
1.217
1.545
1.354
1.662
1.777
1.684
1.693
1.835
1.713
1.423
1.528
1.410
2.292
2.353
2.346
1.664
1.677
1.594
1.184
1.246
1.171
1.637
1.628
1.632
2.010
2.128
2.091
1.130
1.307
1.153
0.998
1.110
0.880
1.888
1.936
1.885
3.405
3.430
3.065
2.131
2.232
2.267
0.705
0.664
0.556
1.913
2.004
1.993
1.769
1.680
1.678
1.642
1.806
1.570
1.386
1.469
1.373
1.421
1.587
1.485
1.312
1.428
1.261
2.026
2.021
2.008
1.504
1.543
1.600
1.697
1.777
1.704
0.949
1.303
1.013
1.678
1.799
1.599
0.655
0.806
0.794
1.847
2.028
1.998
1.119
1.192
1.072
1.051
1.042
0.855
1.606
1.642
1.601
1.176
1.288
1.171
1.324
1.457
1.313
2.673
2.599
2.468
1.196
1.215
1.235
1.185
1.392
1.231
0.903
0.945
0.933
0.894
1.176
1.037
1.463
1.557
1.320
1.052
1.098
1.054
0.552
0.916
0.614
1.829
2.060
1.888
3.271
3.315
3.195
0.195
0.573
0.301
0.664
1.504
0.970
1.733
1.724
1.586
1.900
2.019
1.886
1.388
1.485
1.406
1.670
2.395
1.620
1.913
2.415
1.905
1.178
1.400
1.272
0.254
0.358
0.333
2.016
2.354
2.038
1.458
1.608
1.461
0.558
0.791
0.755
0.637
0.736
0.656
2.565
2.656
2.563
1.688
1.855
2.149
1.118
1.481
1.623
0.897
0.980
0.812
1.885
2.201
2.004
1.029
1.133
1.142
0.640
0.933
0.957
0.872
1.121
1.032
1.071
1.067
1.103
0.640
0.898
0.766
0.870
0.908
0.874
0.855
1.007
0.958
1.920
2.198
1.743
2.812
2.723
2.758
1.624
2.241
2.219
1.202
1.367
1.269
1.411
1.437
1.378
1.304
1.476
1.338
0.978
1.086
1.051
1.143
1.261
1.088
1.727
1.824
1.734
1.177
1.569
1.445
2.119
2.182
2.114
1.343
1.377
1.386
0.307
0.429
0.499
2.411
2.509
2.477
1.377
1.424
1.375
1.915
1.955
2.090
1.307
1.512
1.101
0.917
1.209
1.142
1.098
1.232
1.157
1.004
1.186
1.100
1.586
1.815
1.713
1.978
1.993
1.980
1.658
1.771
1.558
0.752
0.904
0.780
0.913
1.049
0.987
0.433
0.651
0.612
0.469
0.670
0.549
0.964
1.163
1.033
2.094
2.249
2.232
1.453
1.562
1.546
0.662
0.838
0.687
0.330
0.433
0.365
1.392
1.688
1.370
1.457
1.808
1.613
1.338
1.569
1.428
1.230
1.248
1.216
1.234
1.319
1.294
0.746
0.853
0.877
1.104
1.231
1.133
1.095
1.244
1.137
1.334
1.300
1.329
0.746
0.769
0.728
1.753
1.827
1.758
2.008
2.075
2.048
1.854
2.112
2.138
0.972
1.067
0.962
1.536
1.594
1.558
0.772
0.884
0.779
0.795
1.260
0.904
0.795
1.098
1.177
2.904
3.122
3.082
0.805
0.965
0.903
1.134
1.297
1.276
0.836
0.958
0.829
1.873
1.987
1.990
1.342
1.240
1.229
0.770
0.731
0.714
0.921
0.888
0.920
0.767
0.766
0.643
0.732
1.111
0.793
0.602
0.679
0.603
1.102
1.213
1.203
3.307
3.290
3.329
1.800
1.906
1.839
2.125
2.251
2.161
0.910
1.243
1.003
1.154
1.212
1.155
1.844
1.832
1.638
2.071
2.565
2.115
2.076
2.176
2.058
0.811
1.038
0.978
1.238
1.422
1.239
1.889
2.049
1.969
0.435
0.620
1.005
1.134
1.111
1.086
2.540
2.838
2.394
1.023
1.160
0.925
1.257
1.108
1.128
0.953
1.203
1.614
3.110
3.176
3.153
1.160
1.404
1.427
1.989
2.002
1.870
0.742
0.763
0.726
0.567
0.658
0.610
1.228
1.322
1.242
3.532
3.575
3.572
1.471
1.452
1.407
2.071
2.166
1.960
0.494
0.486
0.411
0.222
0.535
0.370
2.256
2.584
2.594
0.714
0.920
0.950
1.191
1.299
1.182
1.621
1.804
1.647
1.125
1.210
1.154
1.035
1.060
1.027
1.571
1.560
1.592
2.542
2.595
2.566
1.886
2.038
1.840
1.043
1.120
1.074
0.839
0.978
0.868
1.640
2.020
1.651
1.640
1.930
1.651
1.640
1.938
1.651
1.245
1.274
1.217
1.639
1.730
1.755
1.615
1.639
1.555
1.001
1.055
0.791
0.434
0.848
0.612
1.342
1.495
1.402
1.749
1.793
1.834
0.719
0.748
0.695
0.888
1.029
0.785
1.116
1.256
1.053
0.960
0.989
1.008
0.891
1.156
1.113
1.260
1.581
1.448
1.028
1.229
1.105
1.149
1.243
1.189
0.908
0.999
1.156
1.024
1.184
1.148
2.080
2.186
2.034
2.111
2.110
1.868
1.344
1.469
1.354
2.491
2.696
2.528
1.302
1.316
1.247
1.860
1.783
1.825
1.893
1.898
1.985
1.893
1.898
1.985
0.982
1.383
1.023
1.380
1.345
1.118
0.917
1.264
0.956
0.917
1.305
0.956
1.669
1.896
1.822
0.988
1.105
1.106
1.652
1.758
1.396
2.556
2.586
2.523
0.341
0.444
0.402
1.163
1.404
1.246
1.304
1.490
1.447
1.265
1.338
1.054
2.547
2.629
2.552
1.413
1.356
1.382
2.776
3.061
2.825
2.027
2.075
2.042
1.769
1.902
1.796
1.904
1.962
1.824
1.210
1.296
1.217
0.754
1.013
0.852
1.261
1.336
1.113
1.130
1.194
1.056
1.109
1.172
1.097
1.248
1.231
1.206
1.238
1.399
1.390
0.975
1.042
0.992
1.088
1.165
0.993
1.537
1.607
1.566
0.556
0.792
0.695
1.105
1.215
1.066
1.800
1.806
1.796
0.526
0.814
0.678
0.759
0.813
0.734
0.851
1.010
0.978
0.522
0.767
0.650
0.898
1.347
1.213
0.405
0.572
0.444
1.695
1.622
1.656
2.028
2.101
2.036
0.757
0.827
0.775
2.047
2.229
2.198
1.728
1.767
1.613
0.953
1.252
1.078
0.819
0.880
0.819
1.229
1.373
1.301
2.059
1.975
2.047
1.267
1.206
1.151
0.496
0.575
0.413
0.735
1.182
0.778
1.403
1.494
1.408
1.066
1.166
1.134
1.189
1.362
1.255
0.893
1.054
1.001
1.424
1.727
1.541
3.008
2.997
3.005
1.501
1.539
1.531
1.118
1.378
1.250
0.931
1.040
0.960
2.329
2.431
2.367
1.694
1.816
1.799
1.916
1.920
1.749
2.570
2.632
2.632
1.724
2.046
1.841
1.497
1.666
1.734
1.588
1.639
1.569
1.341
1.351
1.337
1.457
1.534
1.552
0.880
1.172
1.064
0.857
0.940
0.846
1.149
1.311
1.246
0.733
0.758
0.625
1.422
1.415
1.277
1.954
2.290
2.084
3.487
3.492
3.563
1.198
1.374
1.155
1.194
1.171
1.032
1.269
1.337
1.269
0.928
1.134
0.942
0.867
1.177
1.078
0.438
0.741
0.629
0.846
0.818
0.900
0.941
1.027
1.000
0.980
1.079
0.983
2.835
2.871
2.925
2.949
3.018
2.983
1.936
1.930
1.877
1.593
1.806
1.732
1.716
1.801
1.766
1.379
1.446
1.330
1.204
1.306
1.252
3.216
3.268
3.238
1.379
1.554
1.387
1.932
2.156
1.600
1.202
1.251
1.264
1.564
1.812
1.585
1.992
2.143
2.003
1.512
1.547
1.475
1.530
1.528
1.549
1.685
1.720
1.706
0.749
0.932
0.881
1.356
1.450
1.417
1.296
1.402
1.074
1.053
1.128
1.089
1.682
1.863
1.630
1.630
1.579
1.489
1.701
1.744
1.687
1.106
1.148
1.139
2.060
1.999
1.950
0.881
1.047
0.969
1.435
1.452
1.470
1.435
1.452
1.470
1.396
1.484
1.467
1.820
2.156
1.921
2.221
2.206
2.351
0.580
0.728
0.559
1.502
1.637
1.520
1.673
1.846
1.743
0.676
1.040
0.731
1.475
1.551
1.354
2.657
2.704
2.510
1.533
1.817
1.623
1.504
1.640
1.546
0.866
0.902
0.838
1.037
1.579
1.203
0.937
1.111
1.006
2.004
1.967
1.838
1.459
1.496
1.161
1.206
1.375
1.109
1.366
1.382
1.268
1.366
1.519
1.390
1.247
1.170
1.201
0.850
1.149
0.971
1.229
1.595
1.396
1.611
1.720
1.571
1.801
2.027
1.996
2.049
2.114
2.069
1.169
1.263
1.134
1.669
2.246
2.021
0.954
1.039
0.933
1.615
1.611
1.508
0.630
0.636
0.624
1.137
1.028
1.040
1.335
1.386
1.378
2.181
2.631
2.634
2.109
2.215
2.127
2.805
2.860
2.934
1.029
1.075
1.041
0.814
0.815
0.855
1.347
1.322
1.125
0.651
0.714
0.752
0.664
1.305
0.770
1.675
1.781
1.708
1.182
1.131
1.174
1.795
1.913
1.838
1.750
1.919
1.814
1.797
1.742
1.658
0.372
0.464
0.520
0.886
0.983
0.900
2.466
2.371
2.310
0.671
0.827
0.792
1.174
1.334
1.303
1.407
1.454
1.441
1.608
1.753
1.756
0.961
1.035
1.108
1.775
1.958
1.934
1.253
1.284
1.190
1.210
1.278
0.999
1.205
1.367
1.411
2.017
2.160
2.084
1.561
1.615
1.500
1.508
1.730
1.636
1.993
2.109
1.943
2.507
2.616
2.528
1.108
1.231
1.200
3.826
3.865
3.871
2.132
2.460
2.304
1.260
1.417
1.388
0.657
1.068
0.826
0.843
0.945
0.927
2.699
2.763
2.717
0.818
1.073
0.825
0.809
0.839
0.847
0.577
0.607
0.672
2.158
2.308
2.340
0.887
0.788
0.782
0.581
0.739
0.625
0.964
1.267
1.295
1.736
1.743
1.659
0.533
0.657
0.578
1.462
1.588
1.541
1.659
1.739
1.790
1.381
1.479
1.424
1.656
1.776
1.598
0.942
1.549
1.154
1.304
1.407
1.279
2.476
2.593
2.476
1.920
1.965
1.952
1.788
1.855
1.873
2.381
2.515
2.453
0.841
1.787
1.005
0.498
0.628
0.542
0.493
0.815
0.733
1.676
2.095
1.891
1.321
1.203
1.241
0.723
0.927
0.876
1.402
1.480
1.459
1.612
1.561
1.517
1.439
1.528
1.458
0.284
0.289
0.218
2.054
2.130
2.095
1.221
1.486
1.447
1.067
1.056
0.978
2.371
2.408
2.341
2.624
2.768
2.675
1.902
1.998
1.911
0.802
0.939
0.912
1.130
1.282
1.014
1.500
1.619
1.573
1.499
1.610
1.727
2.275
2.248
2.256
1.165
1.161
1.089
2.949
3.216
3.295
1.261
1.631
1.412
1.714
1.618
1.743
1.740
2.242
2.183
0.612
0.796
0.700
2.041
2.059
2.083
1.039
1.032
0.939
1.687
1.611
1.503
0.271
0.404
0.325
1.020
1.022
0.971
1.393
1.403
1.423
1.053
1.494
0.899
0.858
1.023
0.984
0.882
0.890
0.785
1.429
1.454
1.491
1.421
1.498
1.416
1.645
1.773
1.579
2.256
2.365
2.357
1.251
1.260
1.216
1.762
1.903
1.854
1.708
1.937
1.792
1.592
1.519
1.575
1.584
1.633
1.421
1.650
1.648
1.658
0.618
0.776
0.732
0.360
0.879
0.824
1.679
1.711
1.607
0.611
0.747
0.676
0.778
0.877
0.870
0.513
0.475
0.353
0.693
1.076
0.810
2.509
2.547
2.660
0.849
0.947
0.835
1.422
1.503
1.422
0.472
0.609
0.534
1.079
1.408
1.244
1.030
1.191
1.028
3.235
3.494
3.316
2.205
2.175
2.175
0.712
0.874
0.817
1.463
1.652
1.401
1.262
1.415
1.342
4.315
4.268
4.251
1.157
1.318
1.255
2.330
2.522
2.507
1.109
1.396
1.173
0.933
0.963
0.884
1.471
1.651
1.540
0.890
1.023
0.987
1.656
1.729
1.576
2.320
2.439
2.421
2.650
2.621
2.630
0.427
0.545
0.559
0.827
0.947
0.997
1.313
1.388
1.347
1.195
1.321
1.162
1.829
2.231
1.760
2.203
2.596
2.421
1.226
1.439
1.412
1.803
1.792
1.826
1.496
1.589
1.546
1.956
1.975
1.937
1.955
1.947
2.025
2.799
2.832
2.840
1.688
1.805
1.685
3.034
3.358
3.135
1.955
2.017
1.973
1.136
1.101
0.987
0.935
0.934
0.622
1.711
1.869
1.829
0.255
0.610
0.453
1.967
1.891
1.795
1.784
1.861
1.807
1.667
1.744
1.686
0.614
0.746
0.705
2.397
2.436
2.366
1.125
1.235
1.186
1.899
2.049
1.946
1.443
1.470
1.298
0.506
0.644
0.617
1.975
1.993
2.022
0.595
0.743
0.555
0.874
1.047
0.826
1.853
1.750
1.838
1.253
1.247
1.288
0.709
0.857
0.756
0.930
0.988
0.856
1.671
2.027
1.797
0.926
1.023
0.937
0.583
0.765
0.714
1.541
1.528
1.563
2.262
2.361
1.640
1.313
1.308
1.239
1.370
1.735
1.861
1.185
1.364
1.274
1.107
1.378
1.258
2.274
2.342
2.274
0.920
1.015
0.911
0.579
0.731
0.563
1.479
1.590
1.465
1.497
1.674
1.575
1.397
1.475
1.421
0.708
0.779
0.703
1.164
1.317
1.159
0.357
0.476
0.438
1.618
1.778
1.820
2.085
2.137
2.001
0.729
1.123
0.929
1.341
1.388
1.367
2.085
2.137
2.001
1.401
1.426
1.416
0.968
1.030
1.013
1.438
1.463
1.424
0.696
0.798
0.731
0.841
0.896
0.906
0.882
1.022
1.015
2.670
2.769
2.725
1.573
1.527
1.507
1.687
1.784
1.730
0.457
0.644
0.476
0.484
0.852
0.919
1.524
1.535
1.566
1.380
1.434
1.265
1.209
1.319
1.210
0.818
0.869
0.659
0.316
0.557
0.308
0.932
1.321
1.113
1.821
2.238
2.226
0.910
1.210
0.999
1.212
1.214
1.080
1.841
1.998
2.045
0.870
0.893
0.735
1.051
1.278
0.980
0.794
0.868
0.802
1.256
1.265
1.217
0.910
1.164
1.390
0.541
0.653
0.653
1.139
1.349
1.348
1.323
1.647
1.587
2.144
2.164
2.041
1.251
1.313
1.291
1.152
1.183
0.924
2.282
2.620
2.311
1.185
1.323
1.350
1.206
1.262
1.121
0.933
1.022
1.004
2.119
2.141
2.061
0.534
0.688
0.410
1.128
1.227
1.060
0.811
1.092
1.143
0.968
1.017
0.998
1.892
1.903
1.927
1.109
1.212
1.064
1.178
1.179
1.204
1.126
1.124
1.047
1.008
1.050
1.044
1.330
1.570
1.369
1.010
0.962
0.924
1.261
1.384
1.246
2.167
2.142
2.085
0.938
0.881
0.807
0.835
0.851
0.771
1.452
1.572
1.385
1.341
1.456
1.417
0.846
0.971
0.830
1.520
1.866
1.628
0.555
0.720
0.604
2.152
2.282
2.143
1.562
1.712
1.818
2.775
2.823
2.776
1.918
2.226
2.172
1.481
1.596
1.705
1.111
1.256
1.218
0.934
0.977
0.857
0.608
0.670
0.691
1.433
1.376
1.442
0.967
1.015
1.005
1.159
1.355
1.231
0.799
0.836
0.635
1.951
1.974
1.736
2.319
2.426
2.447
2.781
2.826
2.598
1.460
1.693
1.573
1.017
1.577
1.240
2.372
2.404
2.454
2.008
1.976
1.922
0.897
1.101
0.919
1.156
1.398
1.240
2.525
2.615
2.564
1.226
1.101
1.162
1.129
1.121
1.108
0.680
1.057
0.736
0.842
0.887
0.843
1.069
1.243
1.151
2.763
2.970
3.057
0.372
0.579
0.387
1.319
1.580
1.355
0.958
0.888
0.960
2.312
2.361
2.122
1.146
1.234
1.160
1.200
1.476
1.466
0.239
0.604
0.437
0.724
0.685
0.787
0.817
0.924
0.838
0.991
1.087
1.122
1.349
1.489
1.436
1.975
2.104
1.920
1.974
2.781
2.166
1.666
1.704
1.662
0.651
0.798
0.752
0.797
0.809
0.753
0.920
1.265
1.047
2.259
2.340
2.424
0.553
0.715
0.661
1.139
1.265
1.215
1.658
1.698
1.600
1.096
1.109
0.935
1.369
1.336
1.307
0.886
1.079
0.906
1.771
1.929
1.845
0.605
0.674
0.652
0.821
0.943
0.838
0.892
0.983
0.843
1.196
1.234
1.388
1.379
1.546
1.579
1.379
1.821
1.813
1.093
1.077
1.036
1.409
1.640
1.505
0.970
1.049
0.913
0.689
1.070
0.887
1.620
1.778
1.699
1.559
1.633
1.582
1.648
1.823
1.703
0.747
1.002
0.805
0.793
0.857
0.716
1.788
1.732
1.679
2.187
2.045
2.081
1.992
2.135
2.077
1.335
1.591
1.282
1.353
1.441
1.422
1.218
1.212
1.328
1.789
1.899
1.810
0.591
0.741
0.712
1.324
1.361
1.381
1.596
1.662
1.545
0.470
0.652
0.569
0.601
0.890
0.769
1.763
1.798
1.773
3.470
3.618
3.472
2.451
2.628
2.533
1.674
1.788
1.643
0.754
0.810
0.794
1.062
1.215
1.038
1.713
1.737
1.702
2.669
2.685
2.612
0.844
0.912
0.858
1.414
1.373
1.429
2.450
2.374
2.371
2.299
2.501
2.394
0.743
0.708
0.630
2.654
2.687
2.433
1.476
1.639
1.569
0.922
1.031
0.902
0.657
0.736
0.409
2.118
2.213
2.038
0.609
0.714
0.545
1.490
1.569
1.534
0.664
1.010
0.811
1.860
1.792
1.886
1.884
2.037
2.342
1.929
1.908
1.942
1.136
1.233
1.113
0.590
0.813
0.693
0.674
0.766
0.758
0.881
0.965
1.012
1.241
1.329
1.379
2.356
2.361
2.306
1.823
1.767
1.861
0.974
0.985
0.920
1.539
1.787
1.613
2.469
2.434
2.405
2.241
2.300
2.354
1.682
1.762
1.701
2.415
2.835
2.443
2.480
2.907
2.676
1.998
2.063
1.988
2.157
2.398
2.139
1.116
1.373
1.480
1.468
1.516
1.524
1.373
1.665
1.509
2.001
2.147
2.111
2.175
2.210
2.187
1.381
1.560
1.341
1.552
1.745
1.632
1.552
1.679
1.679
1.661
1.682
1.547
2.183
2.412
2.131
2.915
2.839
2.705
1.436
1.408
1.428
2.452
2.448
2.401
2.026
2.040
2.017
1.260
1.615
1.322
1.997
2.122
2.112
1.361
1.476
1.441
0.428
0.589
0.521
2.192
2.183
2.229
1.374
1.493
1.843
1.745
1.839
1.765
1.538
1.568
1.602
0.602
0.672
0.657
1.695
1.788
1.677
2.058
2.141
2.114
1.406
1.388
1.243
1.466
1.512
1.503
3.109
3.068
2.847
2.216
2.584
2.375
2.298
2.450
2.425
1.214
1.632
1.630
1.865
2.008
1.837
0.539
0.596
0.475
1.187
1.186
1.191
1.036
1.195
1.026
2.000
2.029
1.943
1.864
1.978
1.960
1.463
1.744
1.682
1.453
1.626
1.377
1.789
1.992
1.981
1.632
1.562
1.404
1.231
1.272
1.283
1.126
1.329
1.096
1.316
1.344
1.019
0.534
0.735
0.689
0.962
0.993
0.866
0.554
0.621
0.624
1.450
1.614
1.425
1.840
1.869
1.791
2.141
2.238
2.109
1.104
1.123
1.123
0.622
0.685
0.684
1.952
1.886
1.745
1.920
1.959
1.769
1.041
0.987
0.871
0.981
1.218
1.053
1.492
1.752
1.714
2.015
2.224
2.218
1.411
1.468
1.346
1.165
1.298
1.127
1.402
1.421
1.365
1.888
1.974
1.903
2.910
3.004
2.935
0.900
1.000
0.909
2.367
2.523
2.398
1.996
2.162
2.047
1.466
1.535
1.520
1.162
1.077
1.110
1.783
1.784
1.604
1.109
1.224
1.174
1.434
1.379
1.492
1.921
1.973
2.015
1.590
1.739
1.665
2.848
2.850
2.577
0.914
0.934
0.903
1.556
1.570
1.622
1.442
1.580
1.219
1.125
1.209
1.136
1.310
1.321
1.286
1.746
1.767
1.729
0.241
0.546
0.432
1.907
1.903
1.873
1.656
1.655
1.609
2.280
2.316
2.258
1.966
1.972
1.933
1.054
1.154
1.097
0.870
0.994
0.836
0.597
0.693
0.398
0.905
0.973
1.063
1.628
1.738
1.656
1.668
1.735
1.494
1.209
1.288
1.161
1.376
1.417
1.315
0.944
1.108
1.084
0.599
0.663
0.533
2.334
2.530
2.368
0.679
0.885
0.795
0.799
0.809
0.838
0.795
1.013
0.798
0.964
1.031
1.082
0.427
0.522
0.477
1.429
1.397
1.423
1.625
1.697
1.594
0.697
0.807
0.830
1.229
1.280
1.315
1.751
1.811
1.840
1.341
1.598
1.515
1.096
1.195
1.189
0.610
0.722
0.693
0.736
0.955
0.831
0.762
0.955
0.882
1.624
1.673
1.655
0.789
0.881
0.898
2.085
2.155
2.109
0.760
1.473
0.762
1.397
1.427
1.328
0.908
1.193
0.995
0.394
0.529
0.481
2.355
2.336
2.366
1.228
1.206
1.200
1.686
1.796
1.726
1.450
1.491
1.149
1.081
1.291
1.196
1.870
2.044
1.943
0.613
0.759
0.602
1.015
1.395
1.105
2.949
2.929
2.776
1.359
1.639
1.544
1.019
1.026
0.812
0.881
1.192
1.103
2.755
2.841
2.541
0.940
1.678
1.681
1.085
1.099
1.037
1.063
1.046
1.078
2.118
2.356
2.156
2.156
2.141
2.136
0.734
0.886
0.592
1.989
2.164
1.955
1.181
1.342
1.235
1.036
1.158
1.066
0.221
0.513
0.502
0.656
0.886
0.742
0.405
0.384
0.327
1.050
1.033
0.949
0.881
0.995
0.997
0.878
0.923
0.818
1.554
1.934
1.506
1.495
1.504
1.392
0.911
0.971
0.854
1.109
1.294
0.982
0.600
0.734
0.684
1.059
1.072
1.081
0.887
0.945
0.912
1.502
1.533
1.485
0.932
1.107
1.050
0.958
1.029
0.931
2.155
2.290
2.241
0.627
0.788
0.656
1.096
1.239
1.174
1.322
1.397
1.399
1.097
1.109
1.129
0.861
0.876
0.788
1.216
1.183
1.177
0.884
1.079
0.938
2.381
2.389
2.256
1.169
1.377
1.306
2.812
3.517
2.731
1.619
1.585
1.711
1.970
2.115
2.076
2.155
2.137
2.054
1.190
1.216
1.113
1.359
1.446
1.374
1.724
1.753
1.641
0.405
0.497
0.298
0.555
0.615
0.509
1.499
1.750
1.853
1.475
1.770
1.504
1.423
1.500
1.391
0.744
0.975
0.926
0.970
1.036
0.876
2.883
3.047
3.035
0.885
0.855
0.923
1.159
1.264
1.169
1.039
1.501
1.133
1.378
1.478
1.259
0.832
0.906
0.893
1.641
1.680
1.638
1.991
2.514
2.166
0.845
1.056
0.979
1.352
1.429
1.758
1.730
1.777
1.790
1.065
1.180
1.113
1.802
1.810
1.779
0.879
1.080
0.962
1.678
1.627
1.680
1.779
1.821
1.784
1.777
1.848
1.826
1.705
2.462
2.747
2.015
2.109
2.027
1.503
1.637
1.581
0.971
1.880
1.058
1.453
1.711
1.502
1.012
1.064
1.050
2.127
2.116
2.081
1.473
1.691
1.642
1.959
2.208
2.208
1.362
1.496
1.399
0.223
0.463
0.368
0.882
0.998
0.879
1.344
1.474
1.453
1.784
2.008
1.548
1.917
2.220
2.052
1.309
1.903
1.946
1.702
1.824
1.510
0.781
1.266
0.953
0.840
0.848
0.906
0.728
1.079
0.919
1.819
1.865
1.747
1.118
1.212
1.058
1.015
1.035
0.989
0.876
0.936
0.874
0.920
1.062
0.861
0.832
0.930
0.914
2.064
2.052
2.064
1.636
1.666
1.676
1.458
1.544
1.392
0.882
1.125
0.984
0.576
0.764
0.694
0.547
0.635
0.613
1.829
1.853
1.852
1.123
1.180
1.110
0.783
0.986
0.945
0.849
0.847
0.375
0.966
1.103
1.049
0.780
0.877
0.711
0.620
1.095
1.133
0.874
0.878
0.752
1.380
1.407
1.387
2.882
3.089
3.162
2.278
2.402
2.291
1.289
1.419
1.273
1.951
2.106
1.938
2.230
2.362
2.252
1.086
1.161
1.170
1.086
1.287
1.286
1.559
1.609
1.677
0.762
0.944
0.853
2.957
2.941
2.937
1.741
1.825
1.757
1.281
1.494
1.354
1.046
1.034
0.963
1.425
1.520
1.430
1.297
1.415
1.321
2.120
2.268
2.158
1.114
1.225
1.029
4.320
4.379
4.406
1.295
1.280
1.209
1.102
1.276
1.112
1.710
1.787
1.767
1.058
1.109
1.080
1.285
1.368
1.365
1.989
2.112
2.039
1.893
1.956
1.929
0.213
0.418
0.249
2.770
3.004
2.765
1.098
1.231
1.200
2.267
2.291
2.281
1.635
1.707
2.148
2.067
2.060
2.065
0.534
0.637
0.610
1.667
1.695
1.676
1.315
1.420
1.213
1.596
1.651
1.559
3.620
3.629
3.678
0.434
0.515
0.451
1.086
1.339
1.207
1.462
1.579
1.459
1.430
1.587
1.545
1.294
1.277
1.302
1.651
1.618
1.445
2.930
2.997
2.929
1.292
1.258
1.505
1.237
1.614
1.420
1.507
1.652
1.595
0.534
0.683
0.582
1.857
1.873
1.853
2.679
2.678
2.589
1.138
1.279
1.167
1.019
1.145
1.023
1.869
1.945
1.885
1.216
1.336
1.299
1.580
1.661
1.418
1.721
1.828
1.846
1.547
1.572
1.581
1.547
1.581
1.570
1.042
1.143
0.937
1.935
2.038
2.000
0.646
0.800
0.675
1.473
1.680
1.589
0.768
0.836
0.726
1.426
1.446
1.329
1.066
1.137
1.025
0.677
0.704
0.683
0.677
0.704
0.683
0.817
1.001
0.965
2.191
2.261
2.157
1.965
2.024
1.987
1.544
1.750
1.647
1.584
1.783
1.666
0.741
0.897
1.059
1.686
1.845
1.541
1.750
1.753
1.804
0.930
1.072
0.918
1.369
1.448
1.415
2.169
2.293
2.282
2.140
2.505
2.277
1.346
1.402
1.468
0.758
0.815
0.688
1.079
1.351
1.088
2.302
2.273
2.234
2.623
2.662
2.591
1.080
1.255
1.140
1.127
1.115
0.883
1.050
1.130
1.057
1.035
1.111
0.918
1.206
1.445
1.269
0.710
0.770
0.726
1.404
1.329
1.124
1.639
1.689
1.582
0.755
1.296
1.082
0.843
1.065
0.899
0.728
0.902
0.771
0.736
0.824
0.846
1.840
2.181
1.976
1.684
1.668
1.567
1.231
1.238
1.049
0.651
0.784
0.537
1.203
1.185
1.053
1.838
1.957
1.924
1.497
1.510
1.342
2.934
3.400
2.871
1.881
2.029
1.984
1.803
1.836
1.838
1.175
1.231
1.255
2.271
2.531
2.361
1.505
1.598
1.594
0.849
0.922
0.822
1.683
1.832
1.711
0.661
0.815
0.680
2.084
1.952
2.051
0.993
1.147
1.082
0.989
1.052
1.062
1.104
1.177
1.116
1.911
1.959
1.931
2.798
2.944
2.883
1.757
1.835
1.709
1.505
1.822
1.736
1.320
1.534
1.441
2.960
3.005
2.954
0.857
1.075
0.877
0.504
0.710
0.604
3.124
3.378
3.635
0.316
0.456
0.282
1.473
1.526
1.488
0.775
0.807
0.647
1.999
2.012
1.769
2.261
2.377
1.912
1.455
1.628
1.492
0.803
0.984
0.978
1.438
1.520
1.430
0.929
1.003
0.990
1.228
1.451
1.311
2.108
2.084
2.041
1.164
1.214
1.161
0.721
0.881
0.770
0.956
1.050
0.972
0.433
0.655
0.496
0.768
0.753
0.627
0.575
0.683
0.643
1.701
1.799
1.790
3.479
3.583
3.433
1.164
1.272
1.131
1.547
1.552
1.367
0.561
0.789
0.639
1.253
1.359
1.284
1.165
1.598
1.127
0.962
0.928
1.244
2.221
2.299
2.212
3.170
3.080
3.080
1.009
1.073
1.074
1.524
1.652
1.580
0.975
1.044
0.950
2.730
2.751
2.687
1.903
2.241
2.027
0.953
1.034
1.017
0.779
0.869
0.778
0.833
1.082
0.901
1.144
1.102
1.098
1.984
2.099
2.034
1.899
1.927
1.966
1.446
1.811
1.738
1.126
1.164
1.134
1.126
1.164
1.134
2.964
3.082
3.015
0.414
0.499
0.438
2.292
2.387
2.351
0.698
0.877
0.662
1.276
1.276
1.255
1.533
1.570
1.574
1.445
1.460
1.391
1.390
1.554
1.423
0.711
0.833
0.718
2.456
2.636
2.563
1.924
2.009
1.941
1.296
1.334
1.324
0.970
1.108
1.022
2.834
2.859
2.830
3.513
3.413
3.385
0.698
0.877
0.662
0.618
0.881
0.707
1.923
2.013
1.952
2.231
2.261
2.151
1.700
1.644
1.670
1.269
1.182
1.263
2.094
2.084
1.946
0.987
1.120
1.091
1.674
1.601
1.642
1.819
2.156
1.857
1.181
1.267
1.341
0.612
0.673
0.641
1.721
1.787
1.807
1.656
1.837
1.725
3.227
3.250
3.219
0.925
1.058
0.899
1.648
1.706
1.685
1.065
1.148
1.167
1.417
1.389
1.361
2.103
2.213
2.191
1.840
2.027
1.968
0.817
1.046
1.027
1.087
1.196
1.095
1.588
1.644
1.625
0.721
0.717
0.585
2.249
2.279
2.245
1.562
1.664
1.523
1.955
2.009
1.985
2.035
2.102
2.071
1.159
1.344
1.291
1.151
1.346
1.229
1.350
1.353
1.318
2.153
2.227
2.025
1.121
1.303
1.202
1.485
1.517
1.321
0.932
1.104
0.988
2.035
2.056
2.005
1.981
2.072
2.018
1.388
1.467
1.550
1.258
1.340
1.346
0.943
0.995
0.794
1.172
1.207
1.214
1.636
1.745
1.635
1.278
1.387
1.256
1.427
1.567
1.581
1.149
0.953
1.019
0.719
0.948
0.798
0.878
0.916
0.480
0.619
0.721
0.797
1.255
1.323
1.308
1.656
1.714
1.696
0.500
0.728
0.489
1.704
1.852
1.865
2.138
2.193
2.308
2.567
2.594
2.716
2.461
2.643
2.532
1.257
1.374
1.285
2.011
2.064
1.974
1.086
1.277
1.273
1.232
1.259
1.181
0.483
0.726
0.595
1.476
1.421
1.427
1.143
1.658
1.386
1.364
1.364
1.259
1.720
1.787
1.701
2.111
2.224
1.980
0.795
0.935
0.935
1.609
1.882
1.599
1.537
1.450
1.441
1.648
1.681
1.678
1.830
2.031
1.901
1.432
1.535
1.519
1.592
1.643
1.601
1.368
1.492
1.408
1.091
0.947
1.040
0.375
0.629
0.438
1.408
1.491
1.444
1.323
1.368
1.366
0.690
0.735
0.725
0.643
1.023
0.776
1.394
1.391
1.513
1.190
1.295
1.193
2.639
2.543
2.662
0.995
1.256
1.175
2.965
3.075
3.049
1.324
1.411
1.365
1.442
2.121
1.515
2.530
3.636
2.865
0.630
0.766
0.730
1.334
1.593
1.510
1.944
1.926
1.907
2.717
2.847
2.882
2.636
2.668
2.599
0.991
1.239
1.000
1.036
1.085
1.080
1.304
1.395
1.341
0.831
0.995
0.881
0.728
0.939
0.901
1.305
1.436
1.318
2.061
1.898
1.889
1.191
1.405
1.367
0.525
0.687
0.599
1.014
1.090
1.059
0.883
1.389
1.023
1.679
1.827
1.688
2.375
2.449
2.380
2.258
2.725
2.721
0.663
0.740
0.609
1.484
1.814
1.508
2.046
2.377
2.208
0.955
0.968
0.907
2.932
3.016
2.991
1.693
1.978
1.493
0.922
1.105
0.974
1.449
1.427
1.142
1.016
1.328
1.203
1.318
1.302
1.227
0.803
0.949
0.839
2.973
2.935
2.946
1.831
1.846
1.585
1.987
1.956
2.017
1.662
2.085
1.863
0.878
0.805
0.765
1.438
1.379
1.440
0.657
0.765
0.590
1.032
1.299
1.002
1.066
1.126
1.008
0.326
0.705
0.472
0.683
0.827
0.837
2.263
2.243
2.300
1.353
1.449
1.336
1.604
1.709
1.657
0.932
1.078
0.951
0.943
0.975
0.963
1.679
1.656
1.669
1.759
1.763
1.450
1.519
1.653
1.578
0.840
1.059
1.023
0.505
0.528
0.523
1.062
1.186
1.088
0.326
0.552
0.394
1.249
1.320
1.352
1.144
1.249
1.110
0.655
1.013
0.800
2.377
2.366
2.101
1.067
1.111
1.028
2.124
2.137
2.031
1.361
1.490
1.486
1.501
1.579
1.534
1.253
1.378
1.285
1.918
1.862
1.873
1.730
1.770
1.741
0.934
0.969
0.777
1.288
1.498
1.296
1.288
1.498
1.296
1.708
1.750
1.739
0.490
0.586
0.561
1.294
1.291
1.353
0.531
0.572
0.426
0.901
1.054
0.936
1.389
1.662
1.287
0.393
0.360
0.330
1.678
1.641
1.601
1.183
1.394
1.135
1.230
1.325
1.199
1.477
1.534
1.511
1.568
1.692
1.686
1.178
1.288
1.186
0.688
0.851
0.794
0.558
0.650
0.623
0.897
1.081
1.084
1.731
1.763
1.688
1.598
1.681
1.432
1.136
1.338
1.200
0.457
0.674
0.556
1.345
1.473
1.346
1.677
1.681
1.596
1.931
1.929
1.887
1.667
1.917
1.711
1.626
1.682
1.692
1.171
1.185
1.112
0.903
1.092
1.131
1.190
1.410
1.248
1.228
1.507
1.379
1.094
1.237
1.106
1.817
1.996
1.920
1.998
2.089
2.114
1.344
1.463
1.213
0.385
0.501
0.452
0.427
0.423
0.382
0.823
1.005
0.817
0.823
1.005
0.817
2.389
2.554
2.513
1.948
2.185
2.155
1.947
2.269
1.876
1.765
1.914
1.858
0.954
1.307
1.110
0.952
0.969
0.857
2.010
1.881
1.685
0.936
1.072
0.979
1.074
1.298
1.145
1.388
1.412
1.445
1.170
1.322
1.218
1.854
2.239
2.170
0.532
0.710
0.659
1.397
1.354
1.360
1.109
1.191
1.122
1.315
1.378
1.295
1.142
1.218
1.220
1.136
1.233
1.229
1.441
1.657
1.544
1.260
1.363
1.300
0.575
0.795
0.759
1.730
1.618
1.670
0.914
1.025
1.015
0.882
0.965
0.924
1.599
1.666
1.533
1.477
1.580
1.438
1.682
1.738
1.743
0.738
0.794
0.753
0.977
1.202
0.996
1.253
1.394
1.343
0.768
0.927
0.742
0.781
0.888
0.835
1.092
1.179
1.111
0.616
0.797
0.633
1.879
2.012
1.958
0.943
0.959
0.932
1.142
1.216
1.157
0.795
0.865
0.858
0.522
0.580
0.484
1.321
1.394
1.317
1.304
1.433
1.215
1.135
1.304
1.052
0.674
0.712
0.658
1.309
1.394
1.237
0.356
0.396
0.381
0.726
0.823
0.735
2.370
2.417
2.343
1.852
2.056
1.931
1.542
1.803
1.603
1.998
2.025
2.067
1.437
1.444
1.471
0.679
0.739
0.713
1.779
1.884
1.741
0.507
0.799
0.617
2.332
2.378
2.343
0.991
1.092
1.090
1.169
1.216
1.129
1.120
1.290
1.171
1.006
1.792
1.200
1.928
1.937
1.901
2.020
2.105
2.046
0.864
0.912
0.775
1.461
1.687
1.580
1.151
1.227
1.187
1.524
1.460
1.430
2.883
2.920
2.730
0.470
0.506
0.466
1.985
1.913
1.846
2.133
2.217
2.310
1.805
1.831
1.738
2.460
2.412
2.418
0.868
0.859
0.779
0.536
0.764
0.843
0.487
0.800
0.685
1.173
1.326
1.489
1.413
1.454
1.482
0.655
0.925
0.800
0.655
0.925
0.800
1.119
1.322
1.213
0.420
0.605
0.365
0.721
0.737
0.673
1.621
1.557
1.446
1.450
1.455
1.441
2.175
2.381
2.293
2.175
2.428
2.293
0.879
0.922
0.855
2.516
2.565
2.556
2.183
2.217
2.261
1.129
1.306
1.063
1.786
1.842
1.798
0.840
0.877
0.766
1.878
2.242
2.125
1.281
1.037
1.300
0.790
1.122
0.936
1.151
1.406
1.173
0.881
0.919
0.979
1.480
1.738
1.673
1.341
1.544
1.311
2.324
2.293
2.056
2.455
2.602
2.490
1.191
1.207
1.115
1.820
1.859
1.824
2.377
2.422
2.327
3.020
3.252
3.131
1.354
1.611
1.534
1.347
1.553
1.172
2.232
2.234
2.247
0.857
0.849
0.827
1.777
1.876
1.846
0.860
0.919
0.963
1.216
1.262
1.191
1.013
0.952
0.947
0.734
0.827
0.627
0.548
0.670
0.621
2.677
2.858
2.768
0.811
0.930
0.878
1.702
1.467
1.572
1.299
1.377
1.204
2.096
2.306
2.088
2.198
2.374
2.255
1.363
1.591
1.523
0.792
0.885
0.858
0.619
0.812
0.679
1.796
1.875
1.857
2.644
2.666
2.767
1.320
1.400
1.309
1.140
1.325
1.272
2.298
2.289
2.135
2.470
2.434
2.465
2.187
2.269
2.210
0.541
0.605
0.516
2.006
1.985
2.048
0.695
0.857
1.345
2.481
2.610
2.763
1.064
1.219
1.043
1.234
1.287
1.301
1.967
2.141
1.982
0.615
0.665
0.426
1.588
1.637
1.535
0.923
0.978
0.966
0.744
0.781
0.709
1.708
1.835
1.767
2.026
2.084
2.030
1.018
1.100
1.103
1.007
1.016
0.813
1.376
1.314
1.396
1.460
1.664
1.529
1.612
1.723
1.597
1.091
1.214
1.036
1.460
1.756
1.521
0.866
0.889
0.811
1.467
1.466
1.409
1.277
1.327
1.271
1.395
1.561
1.432
1.583
2.163
2.001
0.878
1.222
1.054
0.495
0.770
0.576
1.688
1.753
1.705
1.649
1.681
1.656
1.506
1.608
1.415
0.973
0.991
0.925
1.296
1.271
1.389
1.638
1.751
1.657
0.798
0.842
0.724
1.703
1.677
1.698
1.465
1.420
1.476
1.778
1.795
1.791
0.241
0.302
0.226
1.137
1.220
1.196
1.433
1.700
1.711
2.406
2.442
2.407
0.701
0.886
0.766
1.290
1.330
1.273
1.766
1.874
2.030
1.400
1.712
1.616
1.404
1.512
1.522
1.404
1.796
1.845
1.088
1.490
1.337
1.518
2.124
2.045
1.329
1.346
1.386
1.154
1.175
1.130
2.246
2.750
2.644
1.909
1.927
1.646
1.147
1.146
1.126
1.729
1.876
1.664
0.317
0.308
0.284
0.588
0.799
0.729
1.649
1.779
1.768
1.829
2.227
2.201
1.042
1.087
0.973
0.382
0.595
0.518
2.088
2.083
2.081
1.155
1.313
1.264
0.535
0.715
0.526
1.926
1.931
2.011
1.430
1.544
1.537
0.790
1.023
0.934
0.521
1.038
0.680
0.797
0.810
0.755
0.814
1.082
0.936
1.425
1.596
1.435
1.530
1.489
1.625
1.084
1.135
1.109
0.477
0.594
0.576
1.413
1.433
1.400
0.886
1.014
0.870
0.781
0.918
0.854
0.897
0.987
0.919
1.897
1.908
1.782
1.592
1.648
1.543
0.956
0.916
0.775
1.438
1.623
1.332
1.060
1.257
1.159
1.240
1.551
1.568
1.521
1.676
1.457
1.033
1.092
1.044
0.944
1.083
1.040
1.651
1.628
1.630
1.490
1.683
1.477
0.532
0.601
0.598
1.326
1.332
1.302
1.375
1.521
1.411
1.781
1.964
1.713
2.075
2.177
2.087
1.511
1.626
1.622
0.794
1.249
0.836
0.424
0.555
0.507
0.818
0.797
0.778
0.891
0.980
0.959
1.360
1.838
1.360
1.707
1.708
1.653
1.388
1.474
1.317
0.761
0.999
0.897
0.765
0.721
0.587
0.910
1.128
0.819
0.727
1.255
0.832
1.185
1.219
1.194
0.756
0.866
0.896
0.556
0.589
0.527
1.175
1.235
1.160
0.790
1.077
0.830
0.691
0.801
0.693
0.764
0.990
0.831
0.897
1.139
1.262
0.533
0.932
0.751
0.856
0.882
0.700
1.366
1.401
1.195
1.442
1.522
1.512
1.204
1.267
0.992
1.320
1.392
1.338
1.036
1.192
0.914
0.394
0.450
0.394
1.204
1.654
1.315
1.858
1.929
1.848
1.977
1.786
1.826
0.857
1.086
0.715
1.313
1.319
1.242
1.025
1.188
1.081
2.884
3.097
2.975
0.971
1.086
1.016
1.144
1.260
1.121
0.889
0.836
0.800
1.438
1.451
1.239
0.344
0.717
0.425
0.796
0.918
0.669
2.464
2.524
2.434
1.227
1.310
1.273
2.208
2.389
2.267
1.509
1.479
1.412
0.773
0.816
0.758
1.060
1.077
1.052
1.755
1.799
1.746
1.628
1.985
1.543
0.632
0.664
0.657
1.068
1.131
1.228
3.887
3.929
3.871
1.241
1.381
1.205
2.048
2.074
2.344
1.920
1.958
1.729
1.133
1.237
1.211
0.947
1.117
0.901
0.625
0.808
0.738
0.860
0.965
0.895
1.485
1.723
1.729
0.943
1.067
1.037
0.935
1.002
0.971
0.585
0.859
0.783
1.158
1.368
1.121
2.094
2.224
2.232
0.645
0.660
0.646
0.503
0.542
0.508
1.719
1.897
1.879
1.052
1.024
0.967
1.622
1.637
1.591
1.005
1.475
1.258
1.005
1.239
1.086
1.009
1.105
0.959
0.344
0.601
0.489
1.002
1.070
0.852
0.739
0.808
0.815
1.271
1.267
1.249
2.166
2.212
2.077
1.077
1.276
1.218
1.507
1.691
1.623
0.779
1.336
1.056
1.420
1.539
1.473
2.143
2.161
2.087
0.630
0.731
0.616
1.049
1.186
1.185
1.820
1.964
2.002
0.601
0.692
0.594
1.220
1.330
1.273
1.298
1.344
1.245
2.133
2.143
2.114
2.431
2.475
2.382
1.512
1.495
1.513
1.402
1.486
1.424
1.301
1.405
1.391
1.449
1.721
1.571
1.050
1.089
1.036
1.789
1.882
1.855
0.697
0.771
0.776
1.334
1.408
1.282
1.280
1.264
1.339
1.775
1.865
1.814
0.647
0.891
0.808
0.761
0.999
0.897
2.197
2.324
2.297
1.497
1.504
1.358
1.615
1.633
1.543
1.912
1.943
1.909
1.000
1.120
0.941
0.573
0.849
0.721
0.659
0.740
0.716
1.159
1.221
1.070
0.899
1.078
1.038
1.215
1.328
1.303
0.617
0.785
0.414
0.552
0.724
0.718
1.362
1.422
1.352
0.459
0.529
0.508
1.745
1.793
1.765
1.022
1.243
1.215
0.770
0.831
0.795
1.729
1.575
1.600
0.662
0.809
0.780
1.751
1.861
1.795
2.671
3.077
2.834
0.851
0.958
0.961
1.781
1.835
1.676
1.614
1.537
1.539
1.901
1.918
1.904
1.457
1.418
1.419
0.992
1.149
1.119
0.854
1.048
0.929
1.355
1.338
1.143
0.377
0.471
0.322
3.603
3.667
3.626
1.665
1.668
1.644
0.714
0.822
0.706
0.409
0.455
0.423
1.005
1.079
0.923
0.794
1.033
0.781
0.794
1.066
0.781
1.219
1.265
1.188
0.919
0.948
0.890
1.028
1.184
1.072
1.027
1.134
0.959
2.435
2.503
2.377
1.926
1.956
1.791
1.403
1.536
1.292
0.907
0.967
0.891
2.457
2.558
2.439
1.794
1.885
1.878
2.214
2.271
1.914
2.491
2.416
2.554
1.378
1.287
1.238
0.401
0.596
0.511
3.241
3.204
3.190
0.744
1.210
0.874
1.711
1.687
1.619
0.730
0.762
0.721
0.976
1.071
1.028
0.886
1.186
0.981
2.059
2.145
2.147
2.368
2.451
2.547
1.713
1.793
1.497
1.936
2.076
1.978
1.648
1.875
1.718
1.217
1.288
1.301
1.718
1.874
1.861
1.146
1.215
1.133
1.045
1.029
0.924
2.067
2.334
2.115
1.038
1.121
1.091
1.028
1.190
1.077
1.328
1.470
1.404
0.985
0.958
0.996
1.251
1.219
1.045
1.006
1.237
1.093
1.148
1.236
1.176
0.905
1.146
0.933
1.181
1.220
1.234
1.580
1.645
1.469
1.342
1.335
1.212
1.124
1.188
0.943
1.829
1.975
1.826
1.365
1.376
1.312
1.292
1.405
1.312
1.890
1.875
1.864
0.667
0.906
0.940
0.883
0.895
0.886
1.101
1.225
1.200
1.540
1.695
1.557
0.885
0.963
0.948
0.828
0.957
0.701
2.243
2.328
2.241
1.158
1.210
1.177
0.954
1.074
0.964
0.805
0.918
0.855
2.387
2.476
2.390
0.282
0.382
0.271
1.176
1.323
1.091
0.812
0.895
0.791
0.664
0.684
0.950
1.035
1.053
0.944
1.144
1.316
1.231
1.790
1.721
1.836
0.424
0.548
0.533
1.369
1.370
1.306
0.254
0.325
0.300
0.900
1.074
0.857
0.986
1.009
0.944
3.406
3.337
3.313
1.738
1.770
1.773
1.269
1.381
1.336
2.176
2.275
2.227
1.085
1.229
1.187
1.579
2.253
1.407
0.977
0.952
0.834
0.783
0.869
0.764
0.723
0.760
0.694
1.872
2.095
1.830
1.259
1.338
1.237
0.777
0.870
0.794
1.967
2.059
1.954
1.154
1.190
1.156
1.157
1.221
1.110
1.294
1.526
1.334
1.157
1.364
1.274
0.931
1.040
0.891
0.200
0.526
0.343
1.445
1.409
1.239
0.215
0.448
0.277
0.993
1.064
1.045
1.409
1.382
1.327
1.079
1.147
0.991
2.583
2.726
2.583
1.642
1.749
1.640
1.650
1.662
1.534
1.771
1.735
1.793
1.279
1.356
1.303
0.899
0.999
0.901
2.089
2.199
2.136
1.311
1.406
1.349
1.274
1.274
1.240
0.748
0.735
0.628
1.933
1.932
1.919
2.539
2.571
2.447
1.024
1.406
1.286
1.977
2.076
2.024
1.555
1.755
1.618
0.707
0.753
0.662
0.815
0.834
0.819
0.849
0.980
0.883
2.839
2.860
2.803
1.358
1.402
1.372
1.818
2.051
1.815
0.756
0.946
0.897
1.515
1.525
1.206
1.881
1.859
1.896
0.531
1.014
1.064
1.070
1.133
1.038
1.913
2.363
2.317
2.002
2.058
1.963
1.979
2.262
1.932
1.342
1.437
1.401
1.664
2.255
1.966
0.434
0.674
0.659
2.183
2.210
2.113
1.159
1.168
1.117
0.868
0.981
0.884
0.895
1.381
1.614
2.429
2.488
2.451
0.892
0.912
0.903
1.357
1.453
1.442
1.272
1.260
1.207
1.987
2.240
2.133
1.397
1.435
1.457
1.915
1.900
1.835
1.791
1.883
1.633
1.078
1.337
1.293
0.520
0.709
0.632
0.969
1.576
1.123
0.730
0.841
0.698
3.950
3.931
3.926
1.069
1.123
0.950
1.989
2.064
1.938
2.104
2.115
2.062
1.864
1.916
1.889
1.566
1.951
1.887
2.109
2.250
2.086
0.827
1.144
1.073
1.153
1.183
1.049
0.455
0.687
0.562
1.608
1.982
1.678
1.100
1.194
1.204
1.305
1.385
1.364
0.833
1.087
0.876
1.147
1.240
1.102
1.589
1.608
1.599
0.789
0.931
0.872
0.511
0.653
0.642
1.058
1.205
1.053
0.911
0.949
0.874
1.211
1.375
1.261
1.113
1.145
1.097
1.495
1.532
1.496
1.113
1.230
1.181
0.667
0.687
0.592
1.284
1.336
1.291
0.667
0.692
0.595
1.811
1.905
1.815
1.651
1.731
1.659
1.561
1.617
1.547
1.816
1.946
1.815
1.567
1.561
1.598
1.669
1.697
1.741
0.641
0.774
0.666
0.875
1.108
0.687
1.532
1.532
1.403
0.842
0.875
0.835
1.843
2.103
1.941
1.099
1.438
1.505
1.760
1.903
1.650
1.541
1.709
1.516
0.643
0.704
0.482
1.957
1.936
1.928
1.308
1.358
1.255
1.686
1.689
1.351
1.227
1.702
1.379
1.501
1.524
1.598
2.636
2.900
2.742
2.636
2.900
2.742
0.994
1.124
0.998
1.230
1.248
1.275
0.993
1.122
1.025
2.307
2.312
2.359
1.791
1.919
1.857
0.819
0.929
0.831
2.919
2.980
2.958
1.710
1.853
1.767
1.434
1.504
1.198
2.653
2.692
2.669
2.542
2.739
2.684
0.555
0.697
0.465
1.371
1.441
1.376
1.867
1.946
1.875
1.113
1.255
1.212
1.694
1.691
1.660
1.442
1.651
1.615
2.045
2.099
1.957
0.947
0.999
0.911
0.753
0.892
0.766
0.289
0.610
0.441
0.800
1.511
0.918
1.448
1.743
1.649
2.063
2.303
2.206
2.128
2.193
2.194
0.950
1.071
0.958
0.792
0.962
0.844
1.179
1.280
0.971
1.038
1.173
1.162
0.619
1.092
0.712
0.696
0.807
0.768
0.652
0.700
0.691
1.022
1.165
0.875
0.974
1.139
1.307
0.635
0.804
0.692
0.849
0.779
0.513
1.951
2.066
2.040
0.569
0.600
0.600
0.892
1.053
0.944
1.497
1.604
1.429
1.538
1.640
1.531
1.006
1.535
0.854
0.703
1.030
0.913
2.122
2.189
2.099
1.383
1.484
1.457
2.460
2.542
2.423
1.427
1.364
1.085
0.639
0.581
0.606
1.974
2.039
1.819
1.163
1.278
1.216
3.214
3.216
3.278
0.392
0.484
0.296
1.065
1.041
1.094
0.225
0.431
0.267
1.814
1.931
1.652
1.561
1.734
1.617
0.862
1.155
0.916
0.862
1.160
0.916
1.093
1.449
1.144
0.662
0.789
0.721
0.922
0.899
0.837
1.097
1.274
1.048
1.097
1.368
1.173
1.144
1.192
1.146
0.957
1.254
1.094
4.014
4.116
4.057
0.731
0.802
0.747
0.821
0.904
0.733
0.992
1.029
1.013
1.622
1.689
1.681
1.415
1.443
1.378
0.494
0.663
0.539
1.003
1.034
0.987
0.691
0.829
0.808
1.602
1.726
1.460
1.434
1.500
1.362
1.491
1.571
1.589
1.139
1.240
1.154
1.733
1.842
1.827
0.802
0.797
0.598
1.174
1.243
1.185
1.642
1.620
1.611
1.333
1.450
1.434
0.479
0.505
0.381
1.560
1.586
1.537
1.714
1.692
1.655
1.041
1.372
1.227
0.723
1.089
0.836
1.557
1.598
1.592
0.691
0.763
0.687
1.506
1.445
1.471
1.355
1.502
1.335
0.680
0.776
0.774
2.659
2.647
2.628
1.147
1.053
1.017
0.739
0.803
0.689
2.136
2.047
2.093
2.318
2.275
2.080
1.733
1.895
1.824
1.287
1.284
1.150
2.071
2.307
2.202
0.803
0.861
0.778
1.326
1.431
1.314
4.013
4.025
4.086
0.864
1.008
0.964
0.308
0.403
0.377
1.163
1.190
1.135
1.385
1.447
1.387
1.286
1.413
1.348
1.066
1.106
0.973
2.011
2.352
2.249
0.455
0.581
0.443
0.845
1.036
0.866
1.587
1.833
1.769
0.939
1.045
0.986
0.706
0.990
0.664
1.054
1.228
1.110
0.875
0.939
1.036
1.513
1.583
1.629
1.103
1.130
1.080
1.015
1.122
1.054
1.980
1.990
1.897
0.687
0.917
0.843
1.357
1.497
1.445
0.392
0.454
0.357
1.004
1.004
0.989
0.785
0.776
0.847
0.805
0.941
0.788
1.473
1.488
1.371
1.897
1.877
1.716
1.700
1.765
1.727
0.647
0.934
0.860
1.349
1.364
1.253
1.047
1.326
1.230
1.153
1.189
1.117
1.837
1.806
1.769
1.062
1.051
1.032
2.416
2.531
2.351
2.262
2.347
2.295
0.916
1.035
0.859
0.445
0.571
0.373
1.956
2.016
1.993
0.368
0.624
0.327
1.681
1.903
1.836
1.524
1.610
1.572
0.617
0.757
0.692
0.918
1.170
1.038
0.774
0.874
1.034
0.723
0.743
0.549
1.400
1.516
1.485
1.895
1.914
1.725
1.817
1.805
1.848
0.580
0.816
0.654
0.441
0.504
0.445
1.130
1.519
1.275
2.212
2.304
2.253
1.070
1.244
1.145
2.284
2.394
1.651
1.399
1.629
1.476
0.817
1.010
0.885
0.932
1.190
0.990
1.518
1.713
1.539
1.420
1.529
1.337
0.968
1.049
0.622
2.141
2.179
2.128
2.141
2.298
2.275
1.647
1.644
1.776
1.549
1.618
1.639
0.771
0.803
0.772
0.204
0.533
0.486
0.925
1.269
0.988
2.000
2.141
2.049
2.041
2.194
2.017
1.498
1.956
1.635
1.251
1.396
1.400
0.999
1.171
1.034
0.905
0.901
0.885
1.290
1.557
1.129
1.035
1.260
1.172
0.738
0.868
0.828
1.022
1.094
1.002
0.935
1.574
1.469
0.928
1.075
1.037
0.665
0.720
0.409
1.240
1.242
1.201
1.415
1.434
1.564
1.592
1.656
1.666
1.663
1.674
1.645
0.925
0.900
0.762
1.772
1.755
1.781
0.807
0.929
0.898
1.810
1.871
1.795
1.471
1.712
1.687
0.532
0.711
0.625
1.095
1.213
1.138
1.078
1.167
1.160
2.168
2.174
2.038
0.321
0.750
0.456
0.996
1.218
1.145
2.982
2.973
3.053
1.169
1.620
1.291
1.780
1.823
1.731
0.583
0.759
0.662
0.700
0.840
0.740
1.304
1.441
1.185
1.093
1.522
1.106
1.417
1.646
1.408
2.151
2.150
2.224
1.601
1.803
1.332
3.078
3.107
3.050
0.801
1.053
1.138
1.839
1.836
1.757
1.401
1.595
1.516
1.133
1.153
1.110
1.459
1.577
1.456
0.971
1.241
0.835
0.936
1.017
1.111
1.398
1.400
1.261
0.590
0.708
0.776
1.185
1.324
1.365
1.345
1.450
1.420
1.385
1.592
1.580
1.294
1.338
1.302
1.873
1.993
1.937
1.129
1.191
1.079
1.652
1.652
1.776
1.406
1.615
1.396
0.670
0.814
0.794
2.286
2.309
1.969
0.492
0.569
0.579
1.261
1.319
1.234
1.045
1.216
1.078
1.094
1.220
1.584
0.246
0.637
0.370
0.670
0.912
0.862
1.019
1.405
1.159
0.422
0.509
0.432
1.286
1.302
1.314
0.274
0.533
0.445
1.022
1.495
1.305
0.513
0.696
0.549
1.040
1.107
1.008
1.102
1.162
1.109
1.252
1.472
0.968
0.786
0.978
0.857
1.989
1.996
1.979
0.770
1.024
0.897
1.202
1.291
1.435
1.170
1.490
1.330
2.291
2.308
2.178
1.248
1.207
1.175
1.254
1.455
1.359
2.197
2.359
2.102
0.963
1.362
1.095
1.252
1.203
1.242
0.642
0.901
0.720
1.274
1.262
1.040
0.979
1.030
0.999
1.386
1.360
1.199
1.041
1.050
0.983
1.401
1.405
1.357
1.260
1.380
1.316
0.983
0.931
0.806
0.826
1.036
0.878
1.088
1.173
1.145
1.013
1.025
1.007
0.887
0.955
0.869
0.659
0.759
0.730
0.645
0.752
0.636
1.066
1.145
0.976
0.343
0.413
0.422
0.888
0.947
0.888
0.889
1.026
0.696
0.740
0.828
0.770
1.646
1.673
1.502
1.233
1.319
1.280
0.837
0.941
0.835
0.926
0.978
0.888
0.909
1.078
0.985
1.781
1.886
1.834
1.365
1.521
1.399
1.415
1.748
1.445
0.618
0.894
0.835
1.668
1.799
1.623
0.565
0.764
0.629
1.340
1.467
1.772
0.693
0.783
0.660
0.291
0.459
0.397
1.210
1.368
1.221
1.175
1.319
1.223
1.401
1.636
2.049
1.515
1.757
2.191
1.401
1.636
2.049
1.515
1.757
2.191
1.515
1.757
2.191
1.401
1.636
2.049
1.368
1.595
1.978
0.914
0.874
0.848
0.841
0.978
0.848
0.641
0.855
0.637
1.185
1.169
1.163
1.739
1.763
1.689
3.350
3.339
3.028
0.922
1.035
0.857
1.529
1.638
1.575
2.029
2.035
2.187
2.621
2.521
2.562
0.840
0.818
0.759
1.062
1.126
1.023
2.393
2.445
2.434
1.590
1.685
1.636
0.659
0.736
0.701
2.634
2.577
2.480
1.849
1.838
1.798
0.296
0.595
0.264
0.941
1.103
1.011
1.107
1.295
1.199
1.081
1.072
0.899
0.885
0.892
0.670
0.370
0.456
0.447
0.944
1.080
1.012
1.413
1.681
1.530
1.152
1.366
1.263
0.775
1.031
0.796
1.519
1.522
1.523
2.422
2.525
2.358
1.188
1.181
0.775
2.464
2.456
2.322
1.019
1.073
1.021
0.787
0.859
0.828
1.026
1.065
0.991
1.056
1.060
1.076
1.431
1.534
1.336
2.026
2.029
1.988
0.868
1.791
1.099
1.981
2.149
2.389
0.564
0.637
0.582
0.890
0.932
0.874
0.452
0.595
0.576
0.943
1.027
0.639
0.976
1.051
0.949
0.553
0.579
0.446
0.823
0.936
0.744
1.452
1.530
1.469
1.212
1.327
1.205
1.560
1.555
1.549
1.431
1.425
1.352
0.884
0.998
0.870
2.813
2.826
2.769
1.337
1.413
1.283
1.511
1.702
1.532
1.501
1.533
1.417
0.710
0.908
0.735
1.310
1.350
1.324
1.942
1.998
1.805
0.797
0.806
0.828
1.014
1.012
1.005
0.718
0.764
0.741
0.569
0.613
0.527
1.217
1.206
1.158
1.447
1.658
1.675
1.223
1.335
1.269
0.796
0.914
0.796
0.796
0.850
0.837
2.578
2.695
2.662
3.794
3.850
3.790
0.573
0.655
0.460
1.773
1.940
1.748
1.773
1.946
1.940
0.757
0.777
0.656
1.245
1.301
1.184
0.752
0.808
0.853
1.886
1.859
1.761
1.133
1.267
1.157
1.248
1.641
1.348
1.505
1.472
1.446
1.379
1.455
1.245
0.865
1.067
0.969
0.886
0.960
0.868
1.663
1.703
1.718
0.705
0.729
0.704
1.052
1.075
1.392
0.706
1.104
0.823
1.187
1.279
1.304
1.618
1.831
1.665
1.250
1.313
1.331
1.614
1.707
1.668
3.577
3.645
3.457
1.496
1.521
1.487
0.582
0.783
0.772
1.546
1.696
1.626
1.790
1.924
1.892
2.679
2.525
2.523
1.280
1.288
1.354
0.951
0.942
0.981
1.487
1.511
1.515
0.504
0.771
0.580
1.210
1.608
1.296
2.452
2.560
2.426
2.206
2.220
2.141
2.800
2.742
2.650
0.206
0.260
0.236
1.508
1.590
1.482
0.808
0.963
1.030
1.714
1.759
1.589
0.836
0.850
0.759
0.390
0.408
0.238
1.145
1.173
1.078
0.641
0.718
0.657
1.087
1.200
1.116
0.852
0.918
1.022
0.998
1.047
1.017
4.200
4.195
4.101
1.248
1.486
1.301
1.846
2.069
1.872
1.273
1.253
1.233
2.159
2.047
2.000
1.260
1.334
1.283
1.266
1.291
1.100
1.411
1.549
1.464
1.872
1.975
1.869
1.027
1.241
1.013
1.776
1.866
1.846
1.742
1.687
1.696
1.714
1.708
1.674
1.714
1.724
1.694
0.903
1.070
1.037
1.700
1.801
1.705
1.917
2.146
2.069
0.587
0.654
0.619
1.646
1.783
1.568
1.618
1.686
1.624
0.656
0.816
0.754
1.121
1.303
1.340
1.003
1.220
1.146
0.457
0.859
0.646
1.585
1.721
1.575
0.683
0.762
0.774
1.273
1.327
0.685
1.188
1.406
1.318
1.539
1.448
1.272
0.539
0.687
0.659
0.211
0.500
0.327
0.839
0.818
0.837
0.644
0.834
0.721
1.270
1.410
1.367
1.776
1.843
1.775
1.628
1.686
1.634
0.838
1.045
0.772
1.567
1.973
1.703
1.001
1.273
1.005
1.292
1.395
1.276
1.463
1.636
1.525
1.369
1.361
1.069
1.567
1.693
1.523
0.266
1.019
0.471
0.381
0.390
0.338
1.682
1.758
1.752
0.898
1.009
0.956
0.838
0.943
0.754
1.990
2.027
2.016
1.704
1.947
1.862
1.628
1.832
1.981
1.486
1.783
1.592
3.630
3.678
3.625
0.740
1.000
0.883
1.409
1.906
1.493
0.745
0.831
0.746
1.446
1.663
1.671
0.921
0.991
0.920
0.805
0.942
0.681
0.602
0.687
0.617
1.071
1.350
1.128
0.919
0.981
0.930
0.646
0.777
0.654
0.651
0.832
0.747
0.453
0.659
0.768
0.435
0.566
0.526
0.843
1.137
0.771
1.612
1.654
1.582
2.117
2.114
2.124
1.023
1.297
0.984
1.293
1.307
1.289
1.135
1.156
1.144
0.786
0.876
0.630
0.815
1.013
0.808
2.000
2.215
2.083
1.279
1.345
1.169
1.385
1.616
1.471
2.040
2.200
2.108
0.774
0.962
0.854
1.156
1.307
1.291
1.121
1.293
1.156
0.627
0.778
0.610
1.373
1.534
1.457
0.953
1.122
1.027
1.337
1.448
1.278
1.330
1.545
1.338
0.529
0.580
0.517
2.004
2.633
2.045
1.789
1.807
1.740
0.346
0.406
0.154
2.013
1.998
2.049
2.080
2.045
2.054
1.395
1.468
1.417
1.414
1.518
1.327
1.517
1.470
1.380
0.850
0.868
0.831
2.660
2.788
2.582
0.989
1.100
0.802
1.444
1.542
1.323
0.262
0.414
0.292
1.335
1.370
1.315
1.017
1.621
0.936
0.617
0.789
0.748
0.601
1.023
0.679
0.601
1.026
0.896
1.585
1.587
1.709
0.596
0.858
0.733
0.671
0.719
0.693
0.693
1.082
0.700
0.849
1.038
0.923
2.020
2.028
1.977
1.078
1.122
1.088
1.672
2.109
1.889
1.680
1.769
1.692
2.119
2.204
2.081
1.006
1.042
0.939
2.056
1.956
1.955
1.446
1.504
1.468
1.565
1.673
1.516
1.303
1.333
1.198
0.361
0.428
0.409
0.776
1.018
0.811
0.603
0.973
0.873
0.908
0.980
0.883
0.823
0.859
0.681
1.389
1.626
1.488
0.984
1.494
1.114
0.886
1.349
1.495
1.655
1.766
1.643
1.631
1.746
1.738
1.301
1.322
1.215
2.136
2.203
2.174
1.835
1.991
2.008
1.482
1.502
1.537
1.380
1.501
1.421
0.997
1.080
1.013
1.381
1.723
1.366
0.631
0.875
0.737
1.505
1.661
1.633
2.062
2.495
2.176
1.261
1.311
1.327
0.445
0.752
0.678
1.839
1.904
1.862
1.173
1.214
1.179
0.902
1.025
0.914
0.534
0.625
0.403
1.057
0.992
1.168
1.794
1.773
1.788
0.506
1.040
0.372
0.929
1.696
0.595
0.682
0.763
0.634
0.764
1.261
0.620
1.589
1.713
1.460
2.474
2.497
2.467
0.720
0.792
0.683
2.756
2.834
2.753
1.635
1.643
1.576
1.330
1.462
1.359
1.884
2.004
1.935
0.724
0.852
0.841
0.758
0.820
0.770
0.797
0.873
0.860
1.098
1.162
0.789
1.309
1.641
1.397
1.628
1.958
1.787
1.552
1.623
1.597
0.427
0.885
1.030
1.583
1.688
1.568
0.759
0.801
0.776
2.878
2.915
2.887
1.370
1.383
1.313
1.988
2.029
1.961
1.119
1.143
1.146
0.484
0.715
0.665
0.484
0.715
0.665
0.484
0.715
0.665
1.314
1.317
1.176
0.491
0.538
0.452
1.001
1.178
0.964
1.515
1.520
1.505
0.843
1.010
0.950
0.423
0.638
0.518
0.880
1.004
0.878
0.960
1.081
0.952
0.960
1.283
1.160
1.426
1.381
1.198
1.001
1.735
1.144
1.282
1.830
1.375
1.061
1.118
1.284
0.967
1.003
0.964
1.320
1.354
1.257
0.769
0.868
0.724
1.576
1.613
1.596
1.269
1.542
1.491
1.105
1.225
1.117
3.199
3.316
3.005
0.960
1.064
1.011
1.086
1.252
1.138
1.370
1.358
1.133
0.912
1.020
0.690
1.548
1.742
1.600
0.593
0.757
0.656
1.048
1.113
1.044
1.292
1.388
1.184
1.295
1.344
1.347
1.793
2.354
1.860
1.884
1.890
1.834
0.901
1.010
0.933
1.329
2.087
1.214
0.728
0.884
0.848
0.385
0.422
0.248
1.665
1.876
1.664
1.029
0.937
0.936
0.859
0.965
0.899
0.762
0.892
0.747
3.458
3.395
3.487
1.280
1.391
1.224
1.255
1.207
1.211
0.391
0.585
0.444
1.659
1.614
1.473
1.321
1.535
1.345
1.108
1.367
1.149
1.683
2.075
1.795
0.658
0.817
0.680
0.883
0.942
0.876
0.610
0.635
0.645
0.919
0.933
0.742
1.130
1.304
1.283
0.790
0.892
0.846
1.149
1.162
1.010
1.154
1.337
1.300
1.235
1.435
1.319
0.881
1.182
0.871
0.650
0.713
0.650
1.552
1.795
1.512
0.973
1.040
0.977
1.304
1.255
1.541
1.246
1.274
1.203
0.226
0.595
0.298
2.239
2.299
2.263
0.855
0.968
0.931
0.807
0.986
0.886
1.711
1.841
1.752
2.354
2.528
2.337
1.544
1.522
1.385
1.003
1.359
1.282
0.658
0.668
0.681
1.691
1.791
1.817
0.779
0.846
0.758
2.636
2.638
2.664
1.561
1.797
1.639
3.541
3.494
3.483
3.633
3.766
3.826
0.583
0.890
0.573
0.872
0.880
0.792
1.225
1.090
0.822
1.237
1.342
1.248
0.873
1.109
0.958
2.167
2.194
2.084
1.235
1.334
1.300
0.774
0.822
0.599
1.683
1.730
1.376
2.065
2.046
1.962
1.248
1.468
1.301
2.692
2.766
2.749
1.497
1.417
1.464
1.658
1.517
1.540
0.756
0.805
0.766
0.538
0.654
0.473
1.235
1.236
1.262
0.399
0.505
0.507
1.250
1.326
1.290
2.036
2.220
2.151
0.712
0.831
0.625
1.055
1.040
0.996
0.518
0.792
0.903
0.761
0.849
0.779
0.572
1.080
0.419
0.868
0.965
0.765
0.252
0.398
0.348
0.968
1.039
1.018
1.484
1.544
1.490
1.913
1.796
1.839
2.918
2.936
2.503
2.697
2.956
2.815
1.705
1.882
1.593
1.705
1.857
1.585
1.115
1.360
1.204
1.326
1.427
1.245
0.501
0.574
0.454
1.642
1.620
1.520
1.349
1.521
1.443
0.850
1.048
1.011
0.576
0.606
0.568
1.137
1.184
1.067
1.300
1.503
1.398
0.841
0.959
0.742
1.303
1.265
1.213
1.039
1.207
1.163
0.960
1.296
1.171
1.320
1.364
1.345
0.945
1.056
0.979
1.277
1.493
1.542
0.764
0.866
0.763
1.346
1.330
1.089
1.088
1.172
1.049
0.887
0.949
0.955
0.784
0.849
0.744
1.893
2.048
1.872
1.367
1.408
1.365
0.963
1.056
0.963
0.937
1.105
1.165
1.606
1.917
1.685
0.802
0.902
0.837
1.051
1.117
1.070
0.672
1.016
0.798
2.071
2.327
2.277
0.798
0.831
0.736
0.798
0.833
0.851
1.333
1.481
1.425
0.518
0.660
0.563
2.407
2.724
2.485
0.964
1.165
0.914
0.811
0.942
0.840
1.303
1.296
1.243
0.731
0.697
0.727
1.354
1.449
1.391
1.323
1.427
1.183
1.253
1.507
1.206
0.841
0.909
0.944
1.637
1.708
1.498
0.630
0.771
0.627
2.275
2.423
2.130
1.193
1.172
0.990
1.602
1.632
1.636
1.557
1.558
1.523
2.312
2.387
2.084
0.918
1.066
0.976
1.390
1.605
1.593
0.987
1.144
1.095
0.962
1.072
0.886
0.595
0.792
0.626
0.794
0.819
0.744
1.417
1.528
1.480
1.477
1.495
1.357
1.184
1.403
1.101
0.716
1.003
1.062
1.569
1.720
1.434
1.708
1.898
1.792
0.825
1.299
1.008
0.633
0.794
0.689
0.782
0.891
0.490
0.779
0.929
0.796
2.048
2.057
1.811
1.448
1.439
1.350
0.868
1.082
1.015
1.132
1.249
1.123
0.444
0.619
0.512
1.248
1.342
1.312
1.665
1.728
1.273
0.633
0.794
0.689
1.506
1.599
1.488
1.044
1.173
1.036
0.613
0.771
0.668
0.830
0.917
0.778
0.899
0.974
0.926
0.613
0.771
0.668
1.205
1.279
1.220
0.333
0.429
0.503
0.768
0.849
1.117
1.842
1.914
1.948
1.252
1.425
1.356
1.372
1.386
1.320
0.613
0.771
0.668
1.614
1.646
1.391
0.813
0.847
0.775
0.613
0.771
0.668
0.640
0.762
0.683
0.896
1.112
0.989
1.069
1.114
1.115
0.881
0.938
0.946
0.789
1.133
0.910
1.581
1.622
1.350
0.691
0.859
0.605
0.691
0.861
0.671
0.691
0.898
0.671
1.284
1.385
1.380
0.986
1.171
1.009
0.479
0.731
0.596
0.685
0.810
0.739
0.633
0.794
0.689
0.728
0.771
0.745
1.408
1.466
1.360
0.719
0.866
0.716
0.652
0.780
0.695
0.524
1.321
0.736
1.385
1.451
1.284
1.569
1.343
1.401
0.881
0.955
0.917
1.928
1.914
1.858
1.291
1.381
1.271
0.715
0.864
0.769
2.200
2.644
2.435
0.933
1.062
0.967
1.010
1.168
1.127
0.613
0.771
0.668
0.793
1.018
0.796
0.531
0.768
0.477
0.968
0.962
0.896
0.980
1.000
0.754
1.630
1.683
1.634
1.581
1.615
1.536
1.274
1.299
1.268
0.571
0.742
0.598
1.361
1.529
1.455
0.585
0.715
0.580
1.304
1.562
1.434
1.356
1.567
1.324
0.902
1.607
1.086
1.627
1.816
1.675
0.969
1.069
0.932
1.002
1.072
0.953
0.828
0.931
0.896
0.759
0.855
0.748
0.998
0.949
0.947
2.481
2.483
2.339
0.784
0.793
0.736
1.796
1.871
1.807
2.106
2.386
2.224
3.475
3.501
3.378
0.481
0.590
0.537
0.741
0.915
0.845
1.093
1.179
0.949
1.844
1.927
1.788
3.014
3.079
3.118
0.835
1.037
0.639
0.375
0.481
0.426
0.535
0.795
0.603
0.719
0.761
0.696
0.920
0.959
0.948
1.056
1.144
0.998
1.400
1.733
1.476
1.993
2.223
2.134
1.640
1.708
1.615
0.732
0.899
0.823
0.685
0.896
0.726
2.102
2.187
2.111
0.724
0.843
0.771
1.450
1.480
1.388
1.302
1.406
1.371
1.995
2.059
1.930
1.554
1.482
1.900
2.469
2.470
2.429
0.865
0.827
0.610
0.617
0.916
0.726
0.984
1.146
1.044
1.387
1.382
1.367
1.249
1.317
1.263
2.172
2.132
2.013
1.814
1.839
1.832
1.953
1.963
1.992
1.281
1.413
1.327
0.875
0.857
0.850
0.688
0.944
0.845
0.582
0.703
0.667
1.145
1.232
1.203
0.899
1.029
1.125
0.961
1.012
0.947
0.882
1.207
1.010
1.538
1.598
1.619
1.200
1.431
1.385
2.419
2.304
2.244
1.579
1.657
1.576
1.898
1.940
1.962
1.126
1.363
1.316
1.521
1.572
1.575
0.903
1.069
0.890
1.395
1.448
1.377
0.612
0.912
0.823
0.723
0.702
0.763
1.236
1.355
1.357
0.453
0.460
0.513
0.829
1.032
0.979
1.117
1.094
0.996
2.157
2.160
2.183
1.569
1.813
1.697
0.877
0.969
0.842
2.234
2.208
2.169
0.873
1.005
1.030
2.395
2.432
2.366
1.767
1.896
1.807
1.853
2.065
1.911
2.158
2.176
2.140
0.814
1.666
1.103
2.910
3.028
3.019
2.713
2.828
2.724
1.350
1.449
1.415
0.938
1.097
0.978
1.471
1.521
1.520
0.522
0.694
0.627
1.242
1.217
1.211
1.613
1.715
1.716
2.471
2.576
2.490
2.118
2.192
2.142
0.944
1.142
1.023
1.775
1.878
1.869
0.708
0.919
0.850
1.116
1.141
1.112
1.321
1.341
1.318
0.617
0.812
0.767
1.089
1.236
1.197
0.693
0.862
0.823
1.426
1.368
1.184
2.414
2.453
2.447
2.012
2.000
2.037
2.437
2.426
2.515
0.778
0.970
0.895
0.664
0.710
0.703
1.380
1.398
1.354
0.733
0.809
0.738
2.155
2.274
2.299
1.142
1.644
1.671
0.393
0.580
0.553
0.797
0.845
0.702
1.506
1.590
1.473
0.716
0.947
0.843
1.504
1.538
1.461
1.206
1.159
1.048
1.239
1.338
1.319
0.744
1.038
0.928
1.201
1.212
1.144
1.645
1.700
1.430
2.600
2.681
2.705
1.460
1.444
1.224
0.796
0.839
0.800
0.813
0.818
0.804
2.305
2.257
2.062
1.599
1.637
2.038
2.398
2.515
2.378
0.948
1.109
0.930
1.655
1.699
1.501
2.063
2.212
2.059
1.486
1.544
1.503
0.903
1.097
1.016
1.557
1.823
1.918
1.165
1.358
1.335
1.230
1.178
0.938
1.453
1.492
1.666
0.928
0.982
0.994
0.722
0.790
0.786
0.749
0.843
0.853
0.749
0.843
0.853
0.749
0.843
0.853
1.943
1.995
1.902
0.484
0.653
0.398
1.439
1.499
1.435
0.480
0.574
0.543
1.325
1.527
1.405
0.808
1.123
1.129
0.728
0.799
0.729
1.946
2.060
1.711
1.044
1.280
1.151
0.294
0.455
0.364
0.871
1.172
1.025
1.582
2.102
1.813
0.831
0.970
0.971
1.563
1.504
1.615
0.905
1.038
0.606
1.900
2.154
1.876
1.158
1.331
1.261
1.641
1.644
1.538
2.148
2.208
2.372
2.652
3.709
2.649
1.670
1.717
1.694
0.913
1.003
0.891
1.098
1.140
0.955
1.015
1.262
1.199
1.059
1.236
1.212
1.378
1.359
1.235
1.501
1.508
1.273
1.860
2.090
2.132
2.449
2.595
2.489
1.486
1.507
1.334
0.259
0.409
0.403
1.065
1.094
1.062
0.200
0.549
0.368
1.467
1.780
1.609
1.376
1.307
1.242
1.556
1.620
1.535
1.789
2.040
1.918
0.382
0.523
0.465
2.230
2.225
2.059
0.972
0.994
0.880
0.564
0.703
0.451
0.877
0.996
0.910
1.783
1.788
1.528
0.683
0.739
0.630
0.527
0.606
0.484
0.701
0.719
0.636
0.520
0.679
0.573
0.649
0.778
0.687
0.939
1.045
1.002
2.100
2.488
2.187
0.987
0.939
0.957
0.802
0.944
0.854
1.032
1.135
1.007
0.912
0.861
0.660
1.619
1.750
1.688
1.038
1.099
1.019
0.811
0.841
0.862
0.834
0.994
0.887
1.175
1.277
1.143
1.241
1.490
1.246
1.207
1.349
1.337
0.407
0.528
0.442
0.962
0.933
0.904
2.445
2.439
2.491
1.460
1.598
1.513
0.957
1.042
1.011
0.462
0.752
0.588
0.462
0.752
0.588
0.462
0.752
0.588
0.906
1.000
0.917
1.298
1.395
1.202
0.882
0.943
0.608
1.033
1.240
1.255
0.632
0.692
0.616
1.428
1.527
1.445
1.529
1.577
1.590
0.837
1.040
0.794
0.633
0.737
0.756
1.342
1.521
1.465
1.630
1.994
1.845
0.987
1.023
0.985
0.647
0.756
0.471
0.586
0.604
0.531
1.540
1.577
1.580
1.335
1.355
1.369
1.335
1.548
1.369
1.517
1.623
1.545
1.320
1.470
1.338
0.585
0.795
0.788
2.393
2.393
2.277
0.613
0.697
0.644
1.241
1.285
1.238
0.973
1.006
0.979
1.054
1.165
1.150
1.121
1.158
0.942
0.206
0.490
0.479
0.713
0.964
0.849
0.627
0.668
0.851
1.463
1.457
1.272
0.621
0.640
0.475
1.544
1.504
1.494
1.954
2.122
2.017
0.834
0.873
0.859
1.759
1.744
1.580
1.071
1.096
1.045
0.878
0.858
1.016
0.901
0.978
0.801
1.880
1.942
1.888
1.325
1.501
1.318
1.880
1.983
1.843
1.030
1.187
1.110
0.705
0.922
0.789
0.696
0.859
0.783
1.782
1.778
1.767
1.168
1.174
1.126
0.697
0.810
0.783
0.697
0.810
0.783
2.066
2.091
2.116
0.756
0.992
0.770
1.811
1.885
1.831
1.309
1.487
1.319
0.683
0.772
0.670
1.291
1.367
1.256
0.997
1.153
0.953
0.766
1.017
0.816
2.710
2.775
2.583
1.781
1.879
1.828
1.611
1.742
1.632
2.622
2.672
2.604
0.999
1.164
1.036
0.931
0.963
0.891
1.269
1.439
1.309
1.185
1.534
1.370
1.176
1.303
1.138
0.668
0.602
0.759
1.516
1.630
1.477
1.093
1.295
1.158
1.271
1.347
1.266
0.775
0.866
0.785
1.436
1.414
1.143
1.218
1.303
1.294
0.488
0.664
0.543
0.810
0.874
0.781
0.568
0.689
0.631
1.589
1.671
1.641
0.926
0.989
1.001
0.685
0.813
0.717
1.464
1.654
1.551
1.554
2.243
1.672
1.522
1.727
1.685
0.849
0.974
0.857
0.699
0.811
0.737
1.163
1.126
0.931
0.606
1.006
0.812
1.043
1.128
1.078
0.982
1.049
0.985
1.429
1.619
1.489
0.668
1.176
0.939
1.903
1.894
1.941
0.844
0.910
0.804
2.057
2.191
1.935
0.728
0.712
0.624
1.282
1.249
1.152
2.621
2.657
2.683
2.450
2.658
2.519
0.693
0.820
0.782
1.571
1.789
1.654
1.126
1.069
0.942
1.050
1.259
1.104
2.012
2.397
2.027
1.824
1.849
1.817
1.938
2.036
1.994
0.932
1.086
0.895
1.530
1.535
1.311
0.702
0.817
0.738
2.353
2.503
2.385
1.709
1.786
1.461
1.085
1.163
1.107
0.414
0.610
0.497
0.691
0.688
0.569
1.075
1.104
1.122
0.718
0.902
0.693
2.102
2.266
2.191
1.318
1.430
1.334
1.292
1.326
1.300
0.748
0.970
0.861
0.702
0.817
0.738
1.340
1.414
1.338
0.353
0.500
0.417
0.792
0.904
0.639
0.693
0.747
0.671
1.241
1.339
1.267
0.768
0.922
0.797
0.773
1.001
0.878
0.434
0.476
0.465
0.699
0.811
0.737
0.641
0.805
0.676
1.072
1.084
1.020
0.752
0.755
0.656
1.005
1.043
0.998
0.609
0.767
0.652
1.126
1.190
1.093
0.693
0.955
0.832
2.962
3.294
3.056
2.962
3.294
3.056
2.962
3.294
3.056
0.800
1.046
0.951
0.702
0.817
0.738
1.716
1.790
1.700
1.159
1.238
1.186
0.695
0.702
0.567
0.872
0.985
0.854
0.710
0.822
0.695
1.149
1.291
1.139
0.809
0.859
0.848
1.588
1.658
1.583
0.733
0.751
0.655
2.405
2.316
2.248
0.926
0.796
0.836
0.702
0.817
0.738
0.693
0.857
0.770
0.987
1.084
1.024
0.555
0.652
0.485
2.414
2.488
2.373
0.699
1.004
0.826
1.004
1.275
1.137
2.287
2.463
2.240
0.583
0.690
0.615
0.575
0.960
0.690
1.803
1.844
1.828
1.266
1.323
1.205
1.519
1.649
1.553
1.352
1.404
1.345
1.654
1.712
1.652
1.125
1.242
1.189
1.088
1.602
1.264
1.775
1.831
1.831
1.174
1.285
1.216
1.848
1.920
1.982
1.074
1.187
1.129
1.244
1.335
1.351
1.191
1.169
1.176
0.357
0.590
0.458
0.969
1.218
1.029
1.570
1.510
1.546
1.941
2.022
1.976
2.151
2.319
2.210
1.051
1.116
0.961
2.684
2.537
2.400
1.093
1.116
0.758
1.863
1.915
1.817
1.616
1.796
1.752
1.034
1.117
1.098
1.364
1.482
1.305
0.913
1.150
1.146
2.437
2.527
2.462
1.665
1.780
1.755
1.429
1.598
1.607
1.830
1.827
1.776
0.766
1.060
0.827
1.639
1.725
1.533
1.273
1.467
1.413
1.677
1.652
1.636
2.641
2.722
2.681
2.152
2.134
2.146
0.714
0.836
0.699
1.330
1.555
1.469
1.590
1.671
1.657
1.430
1.680
1.408
1.378
1.877
1.511
0.960
1.291
1.091
1.665
1.657
1.554
0.844
0.831
0.799
0.901
0.874
1.061
1.239
1.388
1.297
1.274
1.320
1.234
0.780
0.921
0.770
0.780
0.921
0.770
0.978
1.086
1.015
1.266
1.276
1.195
0.722
0.705
0.515
2.127
2.262
2.090
1.567
1.474
1.456
0.821
0.931
0.721
0.267
0.670
0.439
0.542
0.596
0.577
0.995
1.083
1.029
2.586
2.701
2.112
1.514
1.449
1.075
0.236
0.419
0.283
1.733
1.725
1.796
0.602
0.658
0.658
0.777
0.924
0.813
0.747
0.965
0.704
1.616
1.690
1.560
1.221
1.271
1.192
2.006
2.218
2.035
1.248
1.115
0.957
2.031
2.030
1.992
1.519
1.596
1.553
1.104
1.131
0.933
1.659
2.065
1.788
0.551
0.538
0.444
2.463
2.615
2.436
1.626
1.703
1.756
0.750
0.881
0.820
1.219
1.224
1.189
0.709
0.842
0.808
1.311
1.532
1.168
1.369
1.411
1.238
2.442
2.472
2.473
0.703
0.887
0.819
1.173
1.415
1.294
1.289
1.522
1.306
0.679
0.686
0.921
1.414
1.555
1.495
0.310
0.453
0.332
1.261
1.347
1.225
0.946
1.086
0.907
2.550
2.604
2.495
1.624
2.029
1.827
0.576
0.735
0.635
0.445
0.519
0.411
1.179
1.269
1.264
2.296
2.235
1.942
0.977
1.047
0.875
1.329
1.304
1.300
0.622
0.693
1.051
0.884
0.957
0.915
1.679
1.831
1.671
0.798
0.912
0.847
2.755
2.833
2.811
3.086
3.060
3.015
1.202
1.531
1.350
1.200
1.283
1.243
1.764
1.768
1.751
1.413
1.587
1.449
1.883
2.020
1.971
1.067
1.079
1.053
1.025
1.165
1.121
1.206
1.307
1.159
0.693
0.843
0.736
0.269
0.325
0.259
1.037
1.127
1.076
0.808
1.046
0.914
0.712
0.810
0.738
2.018
2.196
2.106
1.306
1.704
1.520
1.127
1.252
1.196
0.600
0.980
0.819
1.587
1.857
1.724
1.641
1.663
1.406
0.741
0.785
0.748
2.163
2.445
2.108
1.222
1.375
1.350
1.350
1.474
1.410
0.783
0.870
0.588
2.224
2.298
2.230
0.627
0.864
0.620
0.627
0.772
0.620
1.722
1.835
1.567
0.493
0.677
0.574
0.828
0.890
0.855
0.525
0.754
0.636
0.767
0.869
0.781
0.648
0.727
0.660
0.829
0.876
0.832
0.808
0.764
0.758
1.558
1.526
1.489
0.999
1.081
0.900
0.837
0.957
0.885
0.570
0.698
0.602
1.691
1.667
1.527
2.707
2.614
2.603
1.334
1.393
1.322
0.834
0.833
0.850
0.782
0.834
0.840
0.748
0.948
0.767
1.464
1.486
1.434
0.466
0.744
0.693
1.431
1.414
1.318
0.720
0.987
0.803
0.370
0.470
0.446
0.547
0.663
0.598
1.365
1.452
1.353
1.617
1.651
1.553
0.652
0.682
0.628
0.978
1.026
1.018
0.702
0.817
0.738
0.702
0.817
0.738
1.280
1.355
1.287
1.160
1.516
1.375
0.803
1.026
0.923
0.488
0.551
0.543
1.172
1.647
1.161
0.914
1.200
1.018
0.446
0.522
0.574
0.914
0.949
1.039
2.302
2.336
2.355
0.785
0.958
0.865
2.365
2.375
2.246
1.112
1.428
1.111
0.673
0.756
0.522
1.729
1.857
1.757
1.732
1.829
1.749
1.012
1.045
0.997
0.744
0.916
0.742
1.095
1.196
1.129
0.680
0.803
0.800
0.826
0.890
0.764
2.350
2.388
2.372
2.199
2.237
2.181
1.470
1.520
1.481
1.063
1.033
0.985
1.637
1.906
1.697
0.582
0.718
0.738
1.260
1.336
1.263
1.121
1.243
1.130
1.708
1.761
1.713
0.869
1.062
0.714
1.215
1.412
1.170
1.198
1.288
1.222
2.690
2.797
2.661
0.623
0.628
0.578
0.623
0.727
0.662
0.841
0.865
0.900
0.463
0.528
0.409
0.779
0.926
0.790
1.397
1.531
1.410
0.421
0.412
0.379
1.158
1.395
1.259
0.521
0.657
0.609
1.946
2.119
1.915
1.056
1.178
1.095
0.761
0.985
0.982
0.754
1.112
0.869
2.784
2.896
2.799
1.918
1.945
1.892
1.363
1.401
1.329
1.286
1.353
1.204
0.674
0.794
0.571
0.825
1.043
0.927
0.792
0.907
0.827
1.714
1.762
1.741
1.319
1.255
1.203
0.731
0.874
0.777
1.225
1.275
1.291
1.696
2.002
1.681
0.994
1.032
0.920
1.155
1.157
1.053
1.289
1.346
1.275
0.430
0.461
0.511
1.472
1.554
1.495
1.342
1.348
1.368
1.057
1.082
1.057
1.169
1.341
1.256
1.697
1.706
1.661
1.028
1.207
1.127
1.405
1.502
1.447
0.370
0.452
0.235
0.652
0.425
0.481
0.746
0.743
0.734
0.943
0.974
0.947
0.789
0.860
0.788
0.789
0.880
0.801
1.426
1.464
1.431
1.014
1.167
1.050
1.231
1.488
1.300
1.084
1.194
1.176
1.056
1.211
1.104
0.247
0.457
0.335
0.776
0.822
0.817
0.629
0.752
0.669
0.267
0.494
0.314
0.574
0.686
0.679
1.221
1.695
1.582
1.353
1.543
1.459
2.694
2.773
2.629
0.871
0.998
0.922
0.687
0.979
0.856
0.872
1.036
0.984
1.068
1.114
1.099
2.070
2.109
1.955
0.779
0.794
0.760
1.327
1.475
1.321
2.976
2.985
2.959
1.390
1.548
1.556
0.856
0.978
0.918
0.781
0.788
0.693
1.017
1.238
1.071
1.795
2.050
1.901
1.918
2.140
1.995
1.972
2.130
1.980
0.924
1.016
0.968
0.791
0.893
0.847
0.529
0.767
0.493
1.015
1.667
1.078
0.631
0.754
0.695
0.447
0.727
0.577
0.554
0.595
0.433
1.091
1.367
1.205
1.007
1.171
1.018
0.438
0.667
0.495
1.213
1.330
1.195
1.328
1.314
1.286
0.244
0.874
0.248
0.844
0.915
0.906
0.886
0.896
0.839
0.765
0.883
0.717
0.869
0.942
0.928
0.472
0.626
0.525
0.589
0.684
0.582
0.907
1.578
1.027
1.028
1.061
1.028
0.481
0.604
0.490
1.675
1.738
1.552
1.510
1.972
1.646
2.011
2.024
1.990
0.925
0.899
0.745
0.636
0.717
0.749
0.837
0.954
0.897
0.961
1.451
1.179
1.039
1.081
0.893
1.571
1.720
1.649
0.838
0.962
0.779
1.148
1.417
1.432
0.793
0.789
0.780
0.810
0.955
0.868
0.708
0.793
0.766
1.754
1.900
1.723
0.540
0.566
0.706
1.115
1.210
1.080
1.004
0.990
0.904
0.648
0.838
0.797
1.208
1.218
1.188
0.986
1.279
0.902
2.188
2.246
2.211
0.846
1.110
1.049
1.680
1.698
1.532
0.832
0.894
0.620
1.416
1.466
1.339
0.829
0.944
0.851
1.859
1.886
1.822
0.751
0.994
1.238
0.716
0.751
0.725
1.756
1.855
1.723
1.674
1.780
1.714
0.768
1.197
1.198
2.123
2.069
2.044
0.682
0.862
0.645
0.607
0.680
0.584
0.338
0.464
0.378
0.520
0.601
0.544
1.044
1.176
0.989
0.934
1.043
1.013
1.418
1.710
1.166
0.954
1.020
0.992
1.010
1.039
1.005
1.122
1.201
1.174
1.588
1.708
1.514
1.442
1.581
1.642
0.866
0.942
0.934
0.459
0.580
0.498
0.577
0.620
0.524
0.831
0.984
0.684
0.949
0.983
0.935
0.459
0.580
0.498
0.388
0.536
0.440
0.459
0.580
0.498
1.904
1.906
1.877
1.518
1.545
1.467
1.615
1.664
1.565
1.194
1.319
1.345
0.768
0.812
0.763
1.377
1.457
1.337
1.152
1.206
1.097
0.615
0.657
0.621
1.740
1.846
1.751
2.494
2.720
2.625
0.686
0.899
0.766
0.515
0.793
0.611
1.679
1.684
1.662
1.208
1.398
1.287
1.050
1.350
1.124
0.593
0.743
0.708
0.767
0.824
0.810
0.665
0.919
0.816
1.307
1.278
1.270
1.161
1.341
1.091
0.719
0.846
0.817
0.266
0.322
0.371
1.394
1.569
1.482
0.681
0.766
0.749
0.281
0.490
0.400
0.869
0.883
0.878
0.565
0.771
0.609
0.759
0.788
0.659
0.812
1.042
0.866
1.354
1.357
1.245
2.214
2.177
2.189
2.129
2.327
2.150
0.810
1.015
0.733
1.084
1.361
1.304
0.562
0.698
0.637
0.943
0.944
0.839
1.575
1.718
1.603
1.662
1.613
1.713
1.405
1.442
1.427
1.405
1.442
1.427
1.274
1.335
1.334
1.657
1.660
1.424
1.763
1.851
1.777
0.896
1.107
0.973
1.286
1.425
1.340
1.222
1.538
1.371
1.165
1.226
1.196
1.047
1.196
0.951
2.466
2.839
2.598
1.619
1.796
1.651
0.285
0.400
0.391
2.912
2.949
2.832
1.337
1.630
1.450
1.098
1.558
1.264
0.495
0.984
0.817
2.293
2.335
2.239
1.744
1.729
1.676
0.596
0.845
0.703
1.143
1.183
0.871
1.653
1.683
1.622
1.882
2.074
1.907
2.352
2.570
2.518
0.979
1.052
0.891
0.937
1.045
0.985
1.301
1.327
1.302
1.844
1.936
1.893
1.107
1.206
1.198
0.901
1.110
0.992
0.781
0.916
0.814
1.496
1.506
1.446
0.896
0.899
0.693
1.964
2.064
1.998
1.271
1.335
1.171
1.316
1.430
1.430
1.820
1.916
1.842
1.005
0.927
0.929
1.240
1.326
1.248
1.288
1.340
0.998
1.360
1.512
1.397
0.438
0.460
0.298
1.521
1.621
1.443
1.360
1.381
1.407
1.176
1.288
1.004
1.615
1.714
1.629
2.062
2.090
2.096
1.815
2.042
1.892
1.125
1.180
1.266
1.413
1.534
1.415
1.705
1.797
1.730
0.605
0.757
0.604
0.722
0.740
0.681
1.927
2.207
2.197
1.667
1.841
1.654
0.697
0.657
0.615
1.082
1.229
1.184
3.481
3.619
3.166
3.017
3.332
3.143
1.588
1.668
1.481
1.648
1.668
1.726
0.641
0.928
0.844
0.755
0.902
0.837
0.469
0.648
0.531
0.972
1.134
1.066
1.216
1.404
1.380
0.723
1.236
0.728
0.723
1.081
0.946
0.742
1.096
0.911
1.605
1.579
1.521
1.605
1.892
1.764
0.650
0.645
0.196
0.612
0.753
0.589
1.164
1.177
1.057
1.687
1.743
1.671
2.016
2.156
2.065
1.493
1.594
1.577
1.733
1.711
1.778
1.226
1.157
1.176
1.509
1.703
1.545
0.801
0.950
0.898
1.510
1.457
1.094
1.880
1.897
1.938
1.455
1.469
1.349
1.309
1.382
1.359
0.632
0.902
0.756
0.452
0.459
0.499
1.238
1.427
1.372
0.930
0.776
0.679
0.745
0.823
0.659
1.317
1.265
1.255
1.195
1.401
1.110
0.630
0.712
0.685
0.442
0.832
0.321
0.639
0.612
0.707
1.197
1.296
1.185
0.692
0.942
0.684
0.567
0.611
0.555
1.486
1.527
1.477
1.762
1.868
1.763
0.739
0.863
0.760
0.804
1.025
0.890
0.957
1.714
1.124
2.417
2.493
2.526
1.479
1.637
1.529
0.748
0.804
0.460
1.786
1.867
1.830
1.130
1.226
1.203
1.113
1.178
1.265
1.606
1.610
1.651
1.622
1.865
1.677
0.876
0.985
0.824
0.876
0.985
0.824
0.617
0.849
0.843
0.776
1.130
1.006
0.852
1.295
0.952
1.964
2.137
2.101
0.260
0.407
0.739
0.317
0.455
0.447
2.040
2.097
1.899
0.612
0.837
0.726
0.954
1.126
1.102
1.085
1.002
0.988
0.352
0.417
0.358
0.789
0.810
0.792
1.183
1.350
1.251
0.407
0.751
0.487
0.944
0.963
0.929
1.032
1.138
1.025
0.940
1.085
0.851
0.782
0.861
0.838
1.587
1.681
1.635
1.317
1.398
1.337
0.903
0.949
0.879
0.542
0.602
0.539
1.141
1.183
1.121
1.046
1.463
1.121
0.681
0.675
0.831
1.205
1.366
1.166
1.205
1.417
1.377
1.770
1.869
1.856
1.334
1.437
1.330
1.186
1.245
1.241
1.289
1.633
1.474
2.569
2.602
2.581
0.852
0.957
0.975
0.708
0.951
0.711
1.306
1.412
1.265
0.402
0.664
0.536
0.875
1.006
1.012
0.467
0.579
0.495
0.840
0.940
0.799
1.727
1.653
1.652
0.738
0.751
0.649
0.792
0.954
0.755
0.515
0.517
0.411
1.712
1.817
1.701
0.863
0.978
0.860
1.187
1.302
1.187
1.559
1.508
1.665
0.670
0.620
0.587
2.546
2.696
2.575
1.263
1.498
1.263
1.388
1.503
1.441
0.909
1.062
0.940
1.003
1.035
0.992
1.445
1.469
1.398
1.477
1.926
1.745
1.225
1.312
1.229
0.952
1.184
1.014
0.845
0.859
0.815
1.145
1.219
1.043
2.238
2.294
2.283
1.622
1.758
1.586
0.938
1.257
1.036
1.078
1.178
1.148
0.474
0.587
0.490
0.664
0.758
0.707
0.739
0.802
0.690
0.792
1.002
0.981
1.665
1.700
1.612
0.542
0.680
0.446
1.422
1.481
1.421
1.347
1.573
1.843
1.063
1.145
1.054
1.224
1.275
1.194
1.226
1.413
1.268
0.632
0.685
0.669
1.531
1.601
1.547
0.765
0.802
0.760
1.622
1.872
1.828
0.991
1.031
1.063
0.812
1.057
1.014
0.467
0.579
0.495
1.089
1.081
1.133
1.550
1.769
1.546
1.236
1.266
1.259
1.505
1.477
1.462
0.898
1.110
0.899
1.297
1.510
1.372
1.530
1.583
1.552
0.980
1.078
1.037
0.620
0.864
0.841
0.839
0.880
0.787
0.692
0.807
0.725
0.874
0.906
0.860
0.914
1.141
0.893
0.401
0.645
0.547
1.798
2.138
2.208
0.755
0.865
0.777
0.745
0.798
0.675
1.136
2.402
1.694
1.138
1.252
1.022
2.831
2.849
2.777
0.285
0.481
0.387
0.685
0.702
0.551
0.645
0.695
0.613
0.671
0.749
0.670
0.214
0.455
0.333
1.647
1.692
1.778
0.185
0.350
0.278
1.358
1.525
1.427
0.680
0.864
0.746
1.323
1.412
1.323
0.470
0.589
0.510
1.706
1.684
1.623
1.142
1.246
1.275
1.154
1.523
1.278
1.230
1.203
1.117
0.818
0.988
0.910
1.376
1.362
1.316
1.900
1.985
1.935
0.310
0.345
0.260
1.865
1.958
1.697
1.795
1.883
1.993
1.064
1.146
0.920
0.702
1.053
0.858
0.345
0.431
0.384
0.432
0.709
0.550
1.700
1.674
1.653
0.771
0.970
0.926
0.327
0.640
0.416
1.957
1.942
1.908
0.575
0.681
0.703
0.699
0.862
0.753
1.257
1.231
1.153
1.294
1.378
1.333
1.282
1.540
1.329
0.913
0.956
0.753
1.024
1.202
1.004
0.773
0.983
0.910
0.497
0.606
0.567
1.030
1.107
0.982
1.478
1.608
1.277
1.803
2.240
2.195
2.284
2.319
2.214
2.020
1.958
2.092
0.618
0.522
0.570
1.215
1.181
1.128
2.164
2.273
1.958
2.095
2.317
2.093
1.305
1.497
1.430
1.097
1.301
1.048
0.748
0.657
0.568
1.484
1.502
1.441
1.968
1.970
1.997
1.282
1.605
1.426
2.471
2.579
2.527
1.848
1.826
1.616
0.649
0.735
0.656
0.841
0.911
0.745
1.043
0.959
1.010
1.275
1.465
1.234
0.790
0.888
0.824
1.298
1.346
1.305
1.168
1.231
1.141
0.838
1.024
0.919
0.844
0.866
0.819
0.887
0.948
1.238
1.040
1.047
0.964
1.648
1.769
1.643
2.103
2.352
2.166
0.835
0.859
0.829
0.829
0.897
0.838
1.145
1.150
1.261
0.848
1.210
1.032
0.776
1.042
0.631
1.097
1.261
1.123
0.733
0.716
0.691
0.551
0.778
0.656
0.928
1.207
1.110
1.219
1.466
1.301
1.134
1.280
1.205
1.802
2.028
1.958
1.135
1.267
1.190
1.887
1.872
1.877
1.062
1.209
1.154
1.217
1.361
1.270
1.007
1.155
1.017
1.815
1.934
1.762
1.187
1.235
1.148
0.655
0.904
0.832
2.012
2.109
1.996
0.360
0.619
0.406
0.985
1.040
0.783
1.270
1.259
1.211
0.679
0.728
0.639
0.588
0.659
0.237
0.808
1.176
0.933
0.889
1.043
0.954
1.352
1.401
1.344
1.971
2.039
1.973
1.013
1.425
1.201
1.489
1.600
1.562
0.618
0.629
0.579
1.589
1.634
1.739
0.530
0.717
0.698
1.135
1.464
1.334
0.980
1.196
1.072
1.170
1.357
1.354
1.378
1.679
1.320
1.378
1.631
1.520
1.881
1.932
1.901
1.295
1.282
1.276
1.810
1.803
1.827
1.082
1.128
1.052
1.530
1.537
1.480
1.863
1.932
1.858
1.803
1.839
1.799
2.174
2.191
2.192
1.544
1.861
1.553
0.868
1.059
0.801
1.644
1.462
1.853
0.385
0.551
0.323
1.009
1.118
0.726
2.331
2.331
2.206
0.934
0.957
0.831
1.476
1.553
1.501
0.599
0.698
0.539
0.915
1.256
0.994
1.110
1.078
0.867
1.053
1.499
1.412
1.121
1.088
1.124
1.184
1.532
1.361
1.614
1.771
1.499
0.628
0.693
0.574
1.008
1.100
1.327
0.946
0.972
0.633
0.700
1.152
0.658
1.484
1.544
1.508
0.915
0.924
0.750
0.328
0.408
0.330
0.941
1.157
0.995
1.604
1.747
1.595
0.947
1.227
1.129
1.233
1.715
1.412
1.580
1.780
1.473
1.385
1.527
1.494
0.906
0.987
0.818
0.873
0.919
0.796
0.956
1.614
1.089
1.036
1.045
1.133
1.415
1.959
1.581
0.186
0.460
0.282
1.595
1.318
1.319
2.171
2.217
2.103
2.105
2.128
2.067
0.257
0.425
0.309
1.257
1.431
1.380
1.004
1.138
1.120
0.911
0.886
1.011
1.349
1.580
1.421
1.769
1.801
1.937
2.678
2.794
2.780
1.791
1.914
1.831
1.638
1.763
1.676
0.808
0.933
0.890
1.763
1.849
1.748
1.534
1.580
1.491
1.134
1.919
1.055
1.575
1.703
1.682
1.388
2.148
2.455
0.653
0.770
0.743
2.027
1.999
1.845
1.710
1.842
1.829
0.701
0.751
0.706
1.871
1.989
1.876
1.284
1.432
1.458
1.760
1.792
1.740
1.086
1.150
1.042
1.015
1.116
0.945
0.908
1.154
0.956
0.728
0.897
0.923
1.579
1.676
1.574
0.952
0.941
0.948
0.959
0.969
0.787
0.698
0.743
0.713
1.619
1.744
1.593
1.782
1.907
1.791
0.671
1.065
0.801
0.500
0.642
0.579
0.530
0.604
0.598
1.222
1.366
1.133
0.668
0.906
0.747
0.396
0.443
0.315
0.395
0.436
0.383
0.362
0.474
0.328
1.158
1.314
1.276
1.282
1.282
1.121
0.753
0.805
0.715
1.312
1.504
1.375
1.674
2.042
1.737
0.464
0.707
0.449
1.050
1.211
1.382
2.004
2.244
2.194
1.888
2.002
1.828
1.189
1.435
1.097
2.133
2.274
2.263
1.449
1.523
1.511
0.632
0.757
0.832
0.749
1.040
0.879
0.767
0.979
0.731
1.082
1.161
1.128
0.952
0.989
0.995
0.894
1.098
1.011
0.719
0.845
0.778
0.206
0.528
0.432
1.339
1.426
1.371
1.262
1.416
1.222
1.805
1.809
1.520
2.110
2.176
2.085
0.756
0.935
0.850
1.736
1.758
1.706
1.018
1.600
1.111
0.860
0.917
0.848
1.144
1.106
1.097
1.320
1.884
1.195
1.108
1.441
1.227
1.453
1.444
1.362
0.659
0.700
0.674
0.950
0.898
0.931
1.203
1.367
1.335
0.742
1.122
0.812
0.717
0.750
0.650
0.361
0.625
0.418
0.564
0.456
0.508
0.557
0.824
0.639
0.691
0.865
0.780
0.847
1.007
0.865
1.469
1.624
1.449
1.329
1.450
1.552
1.281
1.328
1.369
1.118
1.197
1.169
0.745
0.710
0.715
1.149
1.203
1.150
1.582
1.744
1.656
0.639
0.576
0.669
0.682
0.826
0.659
1.354
1.439
1.401
1.265
1.424
1.331
1.290
1.321
1.308
0.883
0.994
0.991
0.833
0.969
0.905
2.050
2.129
2.047
1.031
1.374
1.143
1.542
1.638
1.631
1.225
1.280
1.692
0.305
0.717
0.315
1.926
2.014
1.974
0.262
0.677
0.570
0.492
0.576
0.517
1.148
1.222
1.193
1.200
1.334
1.261
0.844
0.934
0.946
1.091
1.196
1.020
0.982
1.576
1.100
0.834
0.939
0.911
0.860
0.924
0.823
1.025
1.032
0.969
0.699
0.899
0.595
1.591
1.811
1.545
0.462
0.537
0.423
0.701
1.029
0.812
1.792
1.785
1.723
0.245
0.569
0.376
0.676
0.822
0.769
0.607
0.703
0.618
1.102
1.261
1.128
0.710
0.903
0.860
0.448
0.595
0.588
0.602
0.623
0.607
0.923
0.945
0.953
1.033
1.108
1.053
1.263
1.475
1.290
1.021
1.153
1.050
0.695
0.754
0.700
1.831
1.885
1.784
1.403
1.566
1.516
1.344
1.378
1.181
1.350
1.460
1.450
0.616
0.741
0.610
0.763
0.963
0.800
1.014
1.164
1.069
1.180
1.215
0.989
1.578
1.716
1.615
1.065
1.113
1.107
0.354
0.422
0.282
0.444
0.689
0.613
0.855
0.814
0.866
0.623
0.904
0.739
1.325
1.435
1.357
1.351
1.580
1.572
1.029
1.085
0.977
1.448
1.438
1.355
1.178
1.172
1.116
1.523
1.606
1.426
0.857
0.936
0.774
1.825
1.863
1.674
0.838
1.071
0.957
0.547
0.634
0.534
2.160
2.190
2.149
0.938
1.047
1.009
0.672
0.835
0.781
0.873
1.008
0.860
0.976
1.031
0.751
1.293
1.529
1.426
2.485
2.579
2.476
1.352
1.499
1.309
0.679
0.865
0.745
1.265
1.303
1.220
0.996
1.169
1.000
0.785
0.854
0.808
0.434
0.526
0.491
0.833
0.871
0.691
1.180
1.190
0.930
1.318
1.382
0.983
0.961
1.166
1.100
0.338
0.446
0.378
0.476
0.549
0.514
1.399
1.441
1.370
0.985
0.973
1.056
1.550
1.520
1.555
1.331
1.441
1.397
1.059
1.199
1.044
0.872
0.926
0.700
1.078
1.756
1.137
1.185
1.170
1.025
1.558
1.712
1.642
1.957
2.113
1.860
0.362
0.398
0.424
1.014
0.976
1.014
0.630
0.626
0.540
1.475
1.590
1.616
2.001
1.942
1.656
0.575
0.658
0.574
1.498
1.524
1.565
0.730
0.821
0.730
1.159
1.215
1.127
1.278
1.373
1.320
1.901
1.966
1.952
1.756
1.790
1.795
1.107
1.133
1.180
1.373
1.390
1.344
2.818
2.846
2.823
0.956
1.061
0.871
1.158
1.258
1.209
1.104
1.306
1.116
1.669
1.790
1.702
1.628
1.735
1.704
1.084
1.075
0.934
1.137
1.240
1.141
1.378
1.507
1.335
1.409
1.337
1.085
0.877
0.987
0.717
1.036
1.174
1.098
0.955
0.964
0.827
1.451
1.477
1.399
1.904
1.940
1.735
1.011
1.125
1.034
1.274
1.582
1.716
1.454
1.493
1.213
1.150
1.623
1.354
1.507
1.499
1.402
1.453
1.742
1.587
2.054
2.050
2.095
0.399
0.821
0.589
1.344
1.432
1.368
1.640
1.698
1.661
0.599
0.786
1.169
1.628
1.759
1.750
1.897
2.000
1.991
0.832
0.850
0.792
0.917
0.978
0.934
1.425
1.420
1.427
1.426
1.426
1.341
0.845
0.960
0.880
1.362
1.526
1.339
0.849
0.921
1.264
1.183
1.302
0.941
1.377
1.421
1.294
0.502
0.482
0.478
1.270
1.447
1.373
1.849
1.951
1.902
2.921
2.912
2.890
1.251
1.367
1.264
0.811
0.895
0.850
1.067
1.102
1.044
1.221
1.348
1.185
1.510
1.602
1.588
1.369
1.383
1.367
1.910
1.949
1.937
1.797
1.816
1.694
1.174
1.180
1.253
0.656
0.715
0.669
0.787
0.799
0.826
0.652
0.723
0.674
1.822
1.954
1.803
0.558
0.596
0.419
1.398
1.428
1.404
2.094
2.071
1.942
2.241
2.177
2.099
2.164
2.310
2.275
1.655
1.952
1.753
1.311
1.454
1.354
0.567
0.585
0.594
0.774
1.227
0.918
2.231
2.263
2.185
0.532
0.641
0.536
0.275
0.554
0.291
0.614
1.064
0.828
0.934
1.043
0.875
0.618
1.140
0.990
1.335
1.716
1.381
0.227
0.879
0.245
0.804
1.018
0.886
1.319
1.460
1.331
0.970
1.090
1.065
0.861
0.925
0.842
1.293
1.413
1.097
0.718
0.821
0.682
1.519
1.648
1.501
2.022
2.058
2.016
1.242
1.273
1.326
1.136
1.419
1.367
1.068
1.247
1.166
0.808
0.867
0.791
0.439
0.676
0.496
0.656
0.712
0.620
1.895
1.987
1.927
1.108
1.707
1.283
0.813
0.853
0.725
0.460
0.565
0.395
0.770
0.982
0.845
0.650
0.727
0.657
1.031
1.258
1.082
0.517
0.669
0.511
1.219
1.358
1.223
0.950
0.925
0.925
1.223
1.253
1.241
1.755
1.906
1.784
1.412
1.464
1.285
1.373
1.488
1.613
1.194
1.237
1.201
0.350
0.518
0.380
0.281
0.481
0.390
0.404
0.450
0.347
0.816
0.870
0.875
0.968
1.055
1.079
0.868
1.129
0.850
1.375
1.443
1.454
0.747
0.883
0.823
1.540
1.891
1.617
1.450
1.674
1.544
0.668
0.642
0.575
0.943
0.998
0.906
0.293
0.436
0.321
1.537
2.623
1.706
1.760
1.785
1.816
0.338
0.342
0.315
1.293
1.296
1.203
1.048
1.036
0.968
0.731
0.829
0.815
2.084
2.039
2.152
2.009
1.921
1.919
1.848
1.895
1.701
