1.580
1.652
1.663
3.004
3.045
3.081
0.832
0.911
0.940
1.225
1.253
1.286
0.847
0.860
0.810
0.314
0.321
0.499
0.316
0.484
0.478
1.619
1.690
1.702
1.399
1.407
1.499
1.420
1.502
1.481
0.311
0.401
0.484
0.975
1.033
1.080
1.407
1.481
1.579
1.578
1.592
1.644
0.344
0.481
1.232
0.447
0.597
0.623
1.075
1.065
1.132
0.419
0.445
0.692
1.050
1.152
1.109
2.296
2.318
2.348
2.716
2.750
2.755
2.300
2.422
2.479
0.853
1.039
1.095
1.016
1.057
1.069
1.235
1.358
1.425
1.218
1.363
1.315
1.542
1.756
1.764
2.307
2.336
2.401
1.562
1.644
1.521
0.818
0.910
0.927
0.794
0.891
0.943
0.791
0.879
0.865
1.415
1.496
1.484
0.548
0.743
0.684
0.990
1.158
1.169
1.441
1.608
1.666
1.592
1.598
1.633
2.411
2.439
2.453
2.362
2.483
2.426
2.165
2.248
2.242
0.808
0.842
0.869
1.227
1.373
1.408
0.732
0.815
0.839
0.973
1.157
1.000
0.550
0.678
0.681
2.675
2.750
2.730
1.864
1.839
1.896
1.029
1.161
1.220
2.156
2.075
2.092
0.593
0.939
0.699
1.885
2.022
2.040
1.991
2.072
2.155
1.088
1.148
1.088
0.998
1.163
1.074
0.778
0.778
0.801
0.778
0.864
0.861
0.858
0.903
0.930
2.187
2.280
2.311
1.748
1.815
1.836
0.807
0.855
1.009
0.828
0.838
0.903
2.102
2.088
2.176
2.049
2.106
2.167
0.876
0.927
0.938
1.139
1.158
1.146
3.331
3.358
3.414
0.514
0.633
0.660
1.880
1.964
2.000
0.815
0.861
0.831
1.752
1.777
1.846
1.203
1.284
1.308
1.139
1.127
1.200
1.075
1.152
1.124
2.693
2.711
2.717
2.343
2.442
2.478
1.132
1.170
1.309
1.744
1.773
1.819
2.079
2.099
2.107
1.065
1.121
1.101
2.097
2.132
2.127
1.023
1.310
1.104
0.386
0.536
0.498
1.631
1.698
1.709
1.562
1.628
1.626
2.065
2.151
2.245
0.919
1.061
1.041
1.302
1.285
1.344
0.667
0.744
0.733
1.388
1.419
1.445
0.641
0.682
0.703
1.562
1.610
1.669
1.116
1.141
1.216
0.742
0.931
1.003
1.799
1.847
1.914
0.480
0.696
0.641
1.600
1.570
1.654
1.297
1.356
1.446
0.796
0.905
0.985
0.720
0.776
0.794
2.241
2.270
2.275
2.754
3.043
2.773
2.840
2.800
2.840
1.460
1.521
1.553
2.249
2.297
2.325
1.798
1.827
1.821
1.556
1.611
1.682
1.811
1.811
1.861
0.788
0.883
0.940
0.967
1.151
1.114
1.291
1.418
1.420
1.936
2.021
2.030
2.509
2.571
2.612
1.990
2.020
2.033
0.258
0.413
0.463
1.717
1.799
1.730
1.544
1.897
1.953
1.886
1.904
1.886
1.235
1.358
1.425
2.121
2.225
2.197
2.344
2.384
2.557
1.583
1.659
1.651
0.508
0.617
0.624
1.116
1.138
1.173
1.588
1.615
1.587
0.847
0.827
0.807
1.404
1.434
1.442
1.933
1.920
2.037
1.736
1.856
1.888
0.768
0.981
0.841
1.563
1.622
1.652
1.271
1.364
1.395
0.939
1.171
1.122
1.042
1.137
1.128
1.252
1.342
1.373
1.420
1.514
1.661
1.571
1.745
1.769
0.976
1.048
0.999
0.784
0.772
0.780
0.803
0.836
0.853
1.440
1.462
1.485
2.177
2.271
2.297
1.192
1.472
1.468
1.327
1.414
1.428
1.259
1.294
1.293
0.779
0.782
0.789
1.534
1.544
1.582
1.671
1.775
1.785
0.898
1.026
1.155
1.680
1.881
1.920
1.554
1.566
1.680
2.570
2.607
2.658
1.541
1.720
1.753
2.683
2.686
2.723
1.467
1.578
1.644
1.301
1.349
1.394
1.631
1.651
1.698
0.356
0.376
0.396
0.870
0.906
0.961
1.687
1.777
1.783
0.568
0.706
0.654
0.510
0.702
0.720
1.250
1.278
1.309
1.874
1.791
1.890
0.828
0.889
0.836
2.410
2.456
2.587
1.822
1.858
1.969
0.597
0.689
0.776
2.171
2.154
2.149
1.411
1.435
1.461
1.129
1.146
1.150
0.761
0.795
0.821
1.405
1.417
1.430
0.865
1.116
0.988
1.616
1.646
1.735
0.829
0.936
1.553
1.486
1.465
1.471
0.761
0.985
1.012
2.719
2.819
2.820
2.307
2.371
2.385
1.788
1.846
1.800
1.553
1.612
1.587
1.630
1.656
1.657
0.491
0.556
0.622
0.527
0.602
0.629
1.127
1.186
1.293
0.440
0.525
0.528
2.625
2.651
2.664
0.903
1.074
1.023
1.793
1.919
1.942
1.195
1.241
1.229
1.332
1.457
1.432
0.800
0.804
0.871
0.447
0.514
0.521
0.597
0.680
0.784
0.652
0.732
0.726
1.545
1.510
1.566
0.985
1.223
1.174
0.902
0.908
0.951
1.821
1.871
1.921
0.757
0.810
0.842
0.829
1.002
1.033
1.449
1.480
1.445
2.018
2.100
2.160
0.685
0.784
0.847
1.933
1.967
2.020
1.841
1.882
1.934
1.262
1.362
1.355
1.010
1.154
1.401
2.138
2.191
2.221
1.090
1.155
1.194
0.858
0.796
0.843
1.096
1.114
1.224
1.832
1.877
1.917
1.471
1.546
1.605
1.611
1.774
1.778
1.309
1.339
1.358
3.090
3.177
3.275
1.239
1.312
1.350
1.916
1.942
1.926
0.684
0.800
0.821
1.573
1.600
1.602
1.460
1.458
1.517
2.044
2.145
2.169
1.581
1.637
1.676
0.300
0.385
0.388
1.509
1.618
1.650
1.579
1.599
1.828
1.133
1.352
1.358
0.861
0.949
0.941
0.789
0.787
0.814
1.971
2.036
2.050
1.472
1.469
1.536
1.245
1.300
1.300
0.274
0.305
0.399
0.669
0.808
0.929
0.603
0.656
0.660
1.886
1.885
2.118
1.706
1.774
1.800
1.764
1.763
1.807
0.549
0.563
0.607
0.781
0.865
0.917
2.894
3.055
3.073
0.811
1.002
1.032
3.027
3.036
3.185
0.608
0.691
0.764
0.826
0.891
0.971
0.516
0.561
0.637
1.628
1.590
1.607
1.141
1.284
1.228
0.689
0.691
0.763
2.267
2.250
2.312
0.862
0.912
0.900
0.788
0.863
0.946
0.484
0.505
0.579
0.788
0.958
0.968
1.371
1.405
1.432
1.761
1.819
1.879
1.630
1.624
1.666
1.777
1.796
1.883
0.909
0.991
0.984
0.902
1.093
1.061
1.279
1.360
1.260
1.798
1.841
1.892
0.755
0.828
0.878
1.584
1.665
1.652
1.027
1.106
1.129
0.593
0.811
0.850
0.833
0.824
0.805
1.233
1.335
1.321
0.934
0.979
1.072
2.687
2.767
2.856
1.356
1.386
1.396
1.346
1.367
1.340
0.472
0.493
0.547
2.991
3.016
3.045
0.892
0.960
0.971
1.173
1.117
1.153
1.589
1.607
1.626
0.707
0.857
0.842
1.108
1.122
1.130
0.897
0.911
0.944
0.618
0.626
0.652
0.549
0.570
0.620
1.539
1.635
1.603
1.473
1.491
1.620
1.323
1.338
1.344
0.842
0.905
0.917
2.215
2.240
2.225
0.695
0.827
0.889
0.317
0.442
0.466
0.791
0.807
0.838
0.231
0.295
0.320
0.837
0.840
0.896
1.088
1.078
1.098
1.274
1.403
1.346
1.451
1.501
1.540
1.162
1.233
1.267
2.743
2.844
2.885
0.728
0.770
0.773
0.962
0.987
1.031
2.024
2.134
2.135
1.833
1.861
1.924
2.440
2.468
2.477
1.280
1.307
1.304
1.513
1.675
1.670
1.113
1.169
1.282
0.983
1.377
0.999
1.336
1.356
1.345
1.181
1.247
1.261
1.596
1.702
1.689
1.227
1.249
1.256
1.176
1.213
1.225
1.343
1.406
1.412
1.037
1.245
1.281
1.096
1.212
1.294
1.926
1.926
1.951
2.232
2.319
2.340
2.092
2.042
2.104
1.556
1.582
1.606
1.149
1.239
1.406
2.190
2.212
2.251
1.266
1.298
1.321
1.951
1.959
1.971
1.995
2.036
2.073
0.704
0.767
0.794
0.953
1.046
1.040
1.092
1.101
1.141
0.919
1.009
0.995
0.307
0.450
0.532
1.105
1.133
1.364
0.791
0.856
0.942
1.406
1.403
1.500
1.764
1.910
1.965
1.302
1.296
1.329
1.177
1.200
1.245
1.450
1.663
1.677
0.974
0.990
1.059
0.717
1.010
0.845
1.193
1.462
1.297
0.967
1.097
1.102
1.151
1.246
1.275
1.314
1.386
1.391
0.551
0.603
0.583
0.649
0.715
0.721
1.011
1.028
1.089
0.672
0.689
0.744
1.005
0.992
0.987
0.708
0.856
0.943
0.524
1.107
0.751
1.081
1.121
1.128
0.482
0.542
0.600
0.842
1.000
0.933
0.839
0.992
1.013
0.245
0.342
0.348
0.392
0.511
0.544
1.056
1.057
1.141
1.657
1.642
1.641
0.949
0.953
1.005
0.751
0.890
0.910
1.120
1.148
1.173
1.256
1.309
1.391
0.865
0.946
0.958
2.101
2.128
2.206
0.965
0.970
0.978
2.807
2.868
2.855
0.487
0.605
0.578
0.682
0.719
0.734
0.971
1.064
1.158
0.971
1.167
1.229
1.520
1.552
1.597
1.604
1.608
1.630
1.162
1.205
1.200
1.498
1.482
1.560
1.922
2.004
2.033
1.180
1.301
1.268
0.846
0.844
0.873
1.853
1.875
1.884
3.153
3.165
3.057
2.206
2.265
2.357
1.874
1.935
1.973
1.339
1.357
1.341
1.335
1.454
1.460
1.295
1.355
1.361
2.069
2.082
2.118
1.507
1.514
1.627
1.644
1.690
1.716
0.889
1.175
1.003
1.664
1.741
1.698
0.656
0.726
0.789
1.138
1.159
1.226
1.564
1.595
1.617
1.038
1.105
1.111
1.154
1.241
1.218
1.211
1.220
1.288
1.150
1.281
1.235
0.898
0.921
0.977
1.280
1.337
1.319
1.025
1.052
1.046
0.623
0.862
0.765
0.151
0.390
0.404
1.313
1.365
1.360
1.827
2.205
1.865
1.238
1.348
1.407
0.227
0.287
0.325
1.392
1.510
1.461
0.595
0.729
0.782
0.640
0.704
0.691
2.611
2.666
2.686
1.603
1.744
2.000
0.805
0.818
0.787
1.005
1.075
1.127
0.608
0.828
0.967
0.870
1.030
1.075
0.944
0.951
1.032
0.607
0.768
0.794
0.784
0.804
0.841
0.862
0.957
1.041
2.858
2.810
2.914
1.188
1.291
1.312
1.400
1.401
1.455
1.273
1.337
1.385
0.932
1.015
1.034
1.124
1.201
1.171
1.660
1.718
1.732
2.131
2.203
2.216
1.377
1.399
1.440
0.292
0.397
0.505
2.407
2.465
2.486
1.379
1.400
1.406
1.898
1.924
2.080
1.068
1.212
1.137
0.907
1.068
1.163
1.067
1.152
1.153
0.939
1.061
1.059
1.704
1.873
1.877
1.965
1.983
2.023
1.487
1.581
1.553
0.677
0.765
0.793
0.817
0.899
0.948
0.427
0.568
0.626
0.485
0.615
0.602
0.956
1.085
1.051
2.023
2.099
2.190
1.410
1.480
1.528
0.643
0.742
0.736
0.336
0.396
0.419
1.207
1.224
1.233
0.753
0.828
0.913
1.084
1.179
1.185
0.986
1.070
1.080
1.309
1.294
1.363
0.691
0.697
0.732
1.679
1.719
1.725
1.933
1.975
2.002
1.712
1.880
1.978
0.966
1.049
1.064
1.476
1.511
1.585
0.705
0.752
0.823
0.829
1.103
1.000
0.829
1.013
1.249
0.790
0.895
0.925
1.120
1.229
1.290
0.786
0.890
0.848
1.758
1.822
1.915
0.726
0.708
0.773
0.863
0.826
0.915
0.717
0.998
0.793
0.526
0.568
0.654
1.113
1.178
1.219
3.289
3.269
3.317
1.826
1.898
1.902
2.051
2.125
2.153
0.873
1.077
1.092
1.123
1.161
1.163
1.656
1.664
1.621
1.989
2.360
2.043
1.937
1.998
1.939
0.761
0.909
0.950
1.192
1.336
1.253
1.978
2.069
2.098
0.405
0.549
1.032
1.077
1.064
1.085
2.617
2.868
2.555
0.851
0.948
0.886
1.228
1.125
1.221
0.939
1.093
1.591
3.132
3.173
3.192
1.225
1.378
1.507
1.851
1.827
1.866
0.748
0.762
0.800
0.500
0.543
0.580
1.205
1.262
1.281
3.640
3.672
3.702
1.359
1.359
1.361
1.925
1.980
1.964
0.185
0.364
0.391
2.370
2.592
2.736
0.694
0.817
0.916
1.571
1.709
1.706
1.088
1.137
1.143
0.960
0.988
1.031
1.472
1.465
1.548
2.502
2.512
2.577
1.904
1.981
1.972
1.041
1.089
1.093
0.817
0.891
0.896
1.589
1.825
1.676
1.589
1.778
1.676
1.589
1.768
1.676
1.197
1.205
1.210
1.748
1.798
1.876
1.557
1.579
1.558
1.278
1.367
1.361
1.745
1.757
1.858
0.640
0.666
0.748
1.143
1.230
1.181
0.971
0.975
1.057
1.219
1.478
1.461
1.055
1.166
1.146
1.069
1.138
1.228
0.866
0.942
1.175
1.024
1.122
1.169
1.933
2.016
1.976
1.329
1.410
1.381
1.793
1.748
1.791
1.929
1.932
2.045
1.929
1.932
2.045
0.991
1.303
1.074
1.111
1.094
1.077
0.823
1.029
0.978
0.823
1.072
0.978
1.668
1.848
1.853
0.887
0.957
1.037
1.296
1.298
1.308
2.488
2.503
2.516
0.334
0.382
0.463
1.040
1.206
1.178
1.222
1.334
1.402
2.554
2.601
2.594
1.361
1.333
1.424
1.996
2.018
2.052
1.594
1.685
1.668
1.180
1.235
1.218
0.721
0.883
0.862
1.085
1.139
1.081
1.093
1.134
1.148
1.067
1.109
1.161
1.215
1.212
1.231
1.243
1.384
1.436
0.893
0.940
0.960
1.071
1.126
1.106
1.512
1.546
1.578
0.574
0.708
0.766
1.007
1.097
1.096
1.816
1.813
1.853
0.459
0.599
0.702
0.735
0.774
0.777
0.855
0.946
0.984
0.470
0.609
0.625
0.814
1.093
1.280
0.300
0.380
0.406
1.545
1.501
1.581
2.033
2.082
2.093
0.788
0.823
0.812
1.962
2.074
2.117
1.683
1.699
1.664
0.842
1.055
1.104
0.771
0.802
0.811
1.276
1.384
1.391
1.976
1.922
2.009
1.168
1.132
1.185
0.383
0.413
0.394
0.706
1.027
0.780
1.375
1.441
1.419
1.067
1.125
1.171
0.893
0.994
1.008
1.470
1.668
1.657
1.492
1.512
1.539
0.944
1.029
1.040
1.590
1.672
1.695
1.810
1.785
1.817
2.591
2.620
2.694
1.545
1.632
1.784
1.551
1.582
1.581
1.377
1.380
1.423
1.447
1.490
1.586
0.896
1.042
1.109
0.817
0.876
0.889
1.079
1.202
1.240
3.469
3.474
3.581
1.152
1.277
1.175
1.181
1.215
1.248
0.814
0.937
0.911
0.799
0.796
0.915
0.917
0.983
0.999
0.984
1.078
1.074
2.915
2.940
3.013
2.834
2.874
2.929
1.883
1.826
1.879
1.449
1.511
1.540
1.301
1.344
1.337
1.151
1.175
1.275
3.332
3.376
3.382
1.379
1.490
1.417
1.590
1.704
1.550
1.158
1.198
1.268
1.526
1.674
1.639
1.986
2.066
2.033
1.497
1.517
1.508
1.506
1.495
1.542
1.691
1.714
1.740
0.671
0.792
0.857
1.052
1.097
1.107
1.618
1.732
1.652
1.532
1.481
1.494
1.651
1.668
1.720
0.986
1.007
1.064
1.973
1.935
1.936
0.898
1.002
0.971
1.425
1.446
1.487
1.425
1.446
1.487
1.320
1.383
1.398
2.242
2.239
2.407
0.565
0.656
0.635
1.417
1.509
1.539
1.376
1.412
1.409
1.591
1.652
1.674
0.817
0.841
0.855
0.885
0.970
1.018
1.837
1.811
1.833
1.065
1.170
1.162
1.220
1.165
1.253
0.822
1.006
1.009
1.524
1.577
1.566
1.822
1.933
2.042
2.031
2.081
2.128
0.887
0.944
0.932
1.541
1.560
1.538
0.607
0.600
0.705
1.019
0.955
1.033
1.300
1.317
1.378
2.205
2.626
2.698
2.130
2.182
2.172
2.821
2.861
2.959
1.116
1.139
1.176
0.730
0.693
0.832
0.656
0.695
0.782
0.599
1.078
0.760
1.689
1.753
1.746
1.158
1.121
1.193
1.763
1.822
1.840
1.706
1.808
1.806
1.730
1.705
1.673
0.385
0.454
0.567
0.892
0.949
0.965
0.684
0.794
0.821
1.172
1.262
1.343
1.421
1.456
1.504
1.625
1.722
1.816
0.959
1.010
1.129
1.007
1.085
1.024
1.097
1.188
1.301
2.152
2.254
2.271
1.483
1.625
1.682
1.931
1.987
1.976
1.083
1.149
1.191
3.786
3.783
3.878
1.257
1.354
1.395
0.565
0.809
0.838
0.847
0.921
0.964
2.714
2.751
2.771
0.799
0.987
0.891
0.750
0.777
0.880
0.614
0.630
0.789
2.100
2.179
2.291
0.923
1.192
1.287
0.513
0.588
0.585
1.428
1.505
1.535
1.649
1.714
1.787
1.335
1.407
1.406
1.543
1.634
1.577
0.929
1.341
1.134
1.235
1.314
1.293
2.510
2.579
2.569
1.932
1.964
1.986
1.730
1.789
1.864
2.426
2.491
2.498
0.709
1.391
0.948
0.483
0.558
0.576
0.488
0.670
0.710
1.663
1.870
1.884
1.140
1.051
1.176
0.713
0.835
0.883
1.402
1.464
1.478
1.489
1.536
1.551
2.107
2.146
2.180
1.240
1.410
1.499
1.015
1.012
1.008
2.331
2.349
2.344
2.572
2.677
2.640
1.790
1.859
1.843
0.850
0.925
0.980
1.068
1.176
1.072
1.577
1.633
1.660
1.494
1.560
1.795
2.257
2.244
2.291
1.112
1.113
1.097
3.018
3.180
3.315
1.236
1.433
1.439
1.778
1.713
1.844
1.654
2.116
2.170
0.620
0.703
0.778
2.045
2.056
2.111
0.963
0.947
0.940
1.548
1.483
1.510
0.287
0.361
0.379
0.995
0.991
0.995
1.364
1.372
1.434
0.845
0.969
0.996
0.742
0.752
0.734
1.476
1.493
1.582
1.380
1.428
1.414
1.556
1.619
1.635
2.304
2.353
2.402
1.203
1.190
1.229
1.854
1.955
1.949
1.653
1.789
1.806
1.468
1.458
1.514
1.464
1.491
1.476
1.571
1.582
1.640
0.569
0.647
0.737
0.287
0.631
0.804
1.554
1.576
1.594
0.613
0.707
0.757
0.767
0.831
0.885
2.418
2.452
2.579
0.778
0.836
0.856
1.388
1.433
1.415
0.458
0.569
0.653
0.974
1.074
1.092
0.691
0.778
0.812
1.296
1.397
1.388
4.326
4.297
4.326
1.123
1.229
1.237
2.344
2.492
2.526
1.035
1.257
1.111
0.926
0.958
1.008
0.860
0.945
0.998
1.585
1.629
1.604
2.344
2.393
2.461
0.457
0.518
0.612
0.835
0.916
1.027
1.309
1.359
1.378
1.195
1.286
1.217
2.257
2.556
2.460
1.193
1.382
1.424
1.799
1.805
1.858
1.508
1.571
1.571
1.981
1.999
2.015
1.970
1.975
2.110
2.765
2.780
2.830
1.612
1.657
1.663
1.944
2.008
2.046
1.004
0.988
1.001
0.606
0.593
0.526
1.684
1.779
1.821
0.260
0.453
0.502
1.964
1.900
1.871
1.719
1.770
1.824
0.618
0.683
0.753
2.197
2.229
2.216
1.121
1.199
1.233
1.875
1.982
1.959
0.475
0.546
0.599
1.961
1.996
2.032
0.578
0.691
0.644
0.830
0.835
0.855
1.811
1.740
1.892
1.188
1.213
1.274
0.580
0.685
0.758
0.850
0.879
0.834
0.927
1.002
1.009
0.536
0.646
0.679
1.590
1.609
1.670
1.233
1.237
1.250
1.295
1.604
1.865
1.132
1.272
1.269
1.149
1.323
1.319
2.220
2.245
2.260
0.910
0.962
0.924
0.577
0.655
0.612
1.468
1.518
1.518
1.486
1.597
1.577
1.409
1.444
1.448
0.686
0.727
0.720
0.349
0.439
0.454
1.634
1.746
1.827
1.962
1.982
1.962
0.689
0.918
0.953
1.962
1.982
1.962
1.414
1.434
1.478
0.940
0.973
1.011
1.409
1.424
1.442
0.643
0.696
0.708
0.842
0.888
0.970
0.863
0.948
1.029
2.650
2.720
2.741
1.468
1.445
1.511
1.691
1.759
1.766
0.436
0.556
0.527
0.491
0.764
0.885
1.515
1.534
1.585
0.596
0.609
0.648
0.269
0.416
0.354
0.870
1.107
1.083
0.871
1.051
1.039
1.073
1.055
1.071
1.911
2.075
2.139
0.686
0.720
0.705
0.979
1.172
1.087
0.773
0.824
0.825
1.205
1.216
1.228
0.819
0.972
1.262
0.572
0.622
0.689
1.063
1.192
1.293
1.159
1.341
1.434
1.974
1.992
2.004
1.252
1.290
1.310
1.256
1.352
1.428
1.189
1.220
1.185
0.920
0.994
1.036
2.084
2.104
2.123
0.449
0.562
0.528
1.096
1.182
1.137
0.910
1.110
1.263
0.998
1.031
1.057
1.871
1.896
1.942
1.008
1.078
1.056
1.226
1.224
1.276
1.065
1.067
1.066
1.003
1.022
1.086
1.281
1.435
1.389
0.894
0.872
0.928
1.193
1.301
1.305
0.791
0.734
0.767
0.781
0.800
0.826
1.300
1.373
1.321
1.294
1.375
1.407
0.518
0.611
0.632
2.050
2.128
2.150
1.628
1.740
1.895
2.667
2.709
2.773
1.934
2.205
2.184
0.780
0.801
0.832
0.611
0.666
0.748
1.211
1.177
1.280
0.943
0.966
1.003
0.646
0.664
0.626
2.363
2.431
2.515
2.668
2.678
2.629
2.332
2.358
2.453
2.011
1.964
1.988
0.919
1.034
1.011
1.042
1.210
1.244
2.682
2.738
2.754
1.157
1.081
1.226
0.930
0.944
1.070
0.644
0.880
0.820
0.858
0.924
0.896
0.942
1.050
1.092
2.755
2.899
3.055
0.317
0.453
0.483
1.325
1.477
1.381
0.874
0.838
0.947
1.143
1.212
1.229
1.204
1.394
1.474
0.259
0.464
0.503
0.684
0.653
0.820
0.779
0.819
0.827
1.010
1.081
1.164
1.345
1.442
1.465
1.635
1.659
1.694
0.681
0.724
0.794
0.718
0.724
0.740
2.311
2.350
2.458
0.534
0.622
0.667
1.166
1.246
1.277
1.611
1.639
1.614
0.898
0.900
0.894
1.333
1.314
1.327
0.782
0.885
0.890
0.595
0.623
0.664
0.793
0.875
0.857
1.163
1.227
1.375
1.378
1.501
1.608
1.378
1.719
1.795
0.966
0.951
1.010
0.898
0.962
0.978
1.516
1.556
1.573
1.520
1.605
1.614
0.650
0.803
0.769
0.647
0.669
0.671
1.639
1.650
1.662
2.021
2.106
2.116
1.173
1.353
1.284
1.364
1.410
1.454
1.354
1.348
1.522
1.744
1.831
1.852
0.568
0.665
0.666
1.269
1.295
1.329
1.418
1.450
1.434
0.484
0.614
0.679
1.725
1.741
1.769
1.630
1.709
1.721
0.766
0.797
0.854
1.717
1.731
1.730
2.602
2.619
2.616
0.820
0.866
0.865
1.387
1.360
1.441
2.159
2.287
2.312
0.624
0.582
0.609
1.421
1.532
1.544
0.849
0.931
0.911
2.034
2.088
2.126
0.553
0.597
0.670
1.447
1.512
1.532
0.661
0.884
0.832
1.842
1.807
1.898
1.934
1.978
2.389
1.943
1.983
2.044
1.162
1.223
1.212
0.625
0.751
0.728
0.644
0.697
0.754
0.867
0.925
1.050
1.223
1.280
1.372
2.343
2.347
2.356
1.888
1.848
1.975
0.947
0.941
0.955
2.289
2.259
2.312
2.237
2.277
2.364
1.794
1.834
1.909
2.012
2.053
2.051
2.067
2.234
2.112
1.106
1.348
1.489
1.397
1.425
1.501
2.057
2.157
2.203
1.507
1.638
1.600
1.623
1.747
1.727
1.623
1.704
1.749
1.606
1.600
1.608
1.370
1.353
1.399
2.401
2.384
2.418
2.063
2.070
2.068
1.246
1.464
1.457
2.067
2.163
2.225
1.231
1.265
1.340
0.376
0.484
0.491
1.392
1.491
1.831
1.739
1.778
1.793
1.555
1.574
1.626
0.561
0.609
0.667
1.579
1.657
1.630
2.055
2.111
2.163
1.264
1.253
1.297
1.444
1.490
1.563
2.256
2.340
2.398
1.133
1.442
1.564
2.006
2.093
2.051
0.416
0.435
0.476
1.152
1.141
1.222
1.022
1.106
1.113
1.958
1.984
1.970
1.464
1.628
1.693
1.407
1.534
1.450
1.773
1.905
1.994
1.412
1.396
1.403
1.239
1.271
1.307
0.953
1.070
1.077
1.116
1.128
1.115
0.511
0.622
0.682
0.857
0.861
0.838
0.537
0.559
0.659
1.388
1.467
1.406
1.904
1.934
1.936
2.040
2.073
2.134
1.218
1.233
1.268
0.572
0.606
0.700
1.771
1.730
1.744
0.748
0.911
0.912
1.489
1.680
1.705
2.062
2.217
2.299
1.330
1.381
1.384
1.027
1.124
1.134
1.388
1.402
1.425
1.864
1.913
1.926
2.787
2.841
2.859
0.852
0.915
0.898
2.328
2.411
2.446
1.466
1.529
1.539
1.088
1.024
1.106
1.731
1.743
1.654
1.081
1.162
1.191
1.310
1.280
1.414
1.930
1.956
2.040
1.582
1.677
1.658
0.880
0.898
0.927
1.553
1.562
1.632
1.229
1.295
1.279
1.035
1.043
1.110
1.705
1.719
1.730
0.235
0.427
0.442
1.587
1.587
1.598
1.960
1.966
1.973
0.970
1.011
1.056
0.815
0.941
0.886
0.429
0.466
0.392
0.919
0.955
1.073
1.616
1.691
1.672
1.545
1.566
1.576
1.180
1.216
1.209
1.324
1.351
1.370
0.920
1.030
1.076
0.513
0.568
0.532
2.382
2.516
2.476
0.691
0.793
0.842
0.751
0.758
0.821
0.831
0.871
1.046
0.399
0.447
0.526
1.392
1.368
1.442
1.592
1.646
1.619
0.644
0.728
0.831
1.235
1.269
1.329
1.858
1.878
1.977
1.282
1.422
1.474
1.134
1.197
1.229
0.624
0.695
0.756
0.760
0.871
0.915
1.623
1.651
1.670
0.821
0.879
0.944
2.067
2.110
2.116
0.703
1.252
0.827
0.879
1.048
1.038
0.365
0.477
0.519
2.326
2.317
2.363
1.225
1.204
1.263
1.806
1.919
1.948
0.567
0.677
0.656
2.854
2.831
2.813
1.340
1.545
1.526
0.851
0.856
0.820
0.888
1.085
1.124
0.920
1.493
1.646
0.990
0.999
1.069
1.003
1.002
1.100
2.048
2.043
2.076
0.422
0.526
0.534
1.973
2.077
2.017
1.149
1.225
1.218
0.983
1.084
1.118
0.202
0.374
0.467
0.659
0.795
0.782
0.342
0.325
0.353
0.893
0.872
0.883
0.842
0.918
1.009
0.805
0.821
0.808
1.454
1.767
1.460
0.804
0.856
0.883
0.616
0.689
0.690
1.059
1.074
1.108
0.853
0.898
0.915
1.498
1.490
1.505
0.926
1.020
1.045
0.921
0.940
0.957
2.160
2.237
2.269
0.551
0.674
0.642
1.075
1.167
1.209
1.395
1.429
1.480
1.069
1.083
1.124
0.825
0.835
0.818
1.148
1.133
1.170
0.848
0.986
0.945
1.321
1.457
1.458
2.732
3.221
2.752
1.576
1.562
1.713
1.889
2.020
2.149
1.146
1.157
1.134
1.273
1.341
1.339
1.608
1.667
1.640
0.494
0.529
0.539
1.519
1.726
1.828
1.364
1.403
1.387
0.680
0.847
0.880
0.827
0.875
0.840
2.728
2.829
2.864
0.903
0.864
1.028
1.039
1.082
1.151
1.298
1.359
1.266
0.823
0.868
0.898
1.595
1.615
1.639
0.847
0.985
0.987
1.351
1.406
1.781
1.718
1.742
1.785
1.007
1.090
1.100
1.810
1.817
1.860
0.846
0.955
0.974
1.542
1.524
1.622
1.785
1.808
1.824
1.731
1.780
1.818
1.696
2.087
2.653
2.038
2.099
2.096
1.449
1.531
1.559
0.905
1.617
1.094
1.363
1.529
1.498
0.943
0.990
1.027
1.987
1.966
2.057
1.498
1.632
1.698
1.976
2.116
2.228
0.232
0.362
0.390
0.787
0.843
0.832
1.300
1.390
1.422
1.296
1.867
1.947
1.438
1.530
1.409
0.816
0.824
0.909
0.761
0.969
0.964
1.019
1.087
1.091
0.993
1.004
1.005
0.861
0.906
0.914
0.840
0.933
0.882
0.847
0.903
0.981
2.070
2.058
2.087
1.611
1.642
1.733
1.309
1.365
1.340
0.844
0.999
1.009
0.574
0.697
0.737
0.521
0.577
0.602
1.810
1.828
1.853
1.082
1.110
1.116
0.675
0.824
0.866
1.011
1.098
1.125
0.665
0.721
0.756
0.343
0.867
1.152
0.783
0.782
0.747
1.327
1.338
1.390
1.936
2.040
2.028
1.025
1.069
1.175
1.025
1.190
1.273
1.601
1.635
1.769
0.702
0.808
0.932
1.729
1.773
1.794
1.199
1.342
1.326
0.933
0.907
0.973
1.351
1.408
1.434
1.278
1.362
1.361
1.018
1.054
1.021
1.171
1.164
1.188
1.050
1.156
1.147
1.678
1.740
1.758
0.994
1.010
1.084
1.292
1.334
1.412
1.998
2.006
2.106
1.861
1.902
1.929
0.194
0.307
0.311
1.127
1.207
1.246
2.239
2.251
2.274
1.641
1.678
2.183
1.998
1.998
2.033
0.551
0.620
0.667
1.524
1.573
1.634
1.561
1.586
1.582
3.618
3.633
3.733
0.412
0.458
0.469
1.369
1.448
1.470
1.392
1.489
1.511
1.313
1.288
1.344
1.329
1.329
1.356
2.938
2.984
2.970
1.274
1.222
1.512
1.483
1.570
1.594
0.483
0.574
0.584
1.752
1.761
1.793
2.545
2.541
2.546
1.138
1.237
1.222
0.965
1.053
1.035
1.828
1.874
1.875
1.249
1.329
1.375
1.689
1.756
1.813
0.931
0.972
0.956
1.873
1.930
1.988
0.567
0.676
0.687
1.488
1.625
1.676
0.673
0.690
0.737
0.980
1.036
1.022
0.648
0.673
0.718
0.648
0.673
0.718
0.842
0.936
0.981
2.164
2.177
2.177
1.964
2.006
2.060
1.500
1.638
1.635
0.705
0.811
1.080
1.660
1.765
1.696
1.856
1.866
1.969
0.796
0.889
0.911
1.327
1.369
1.412
2.289
2.362
2.457
1.346
1.374
1.486
0.709
0.759
0.741
0.958
1.133
1.080
2.555
2.615
2.610
1.092
1.185
1.199
0.926
0.929
0.876
1.056
1.110
1.129
1.168
1.324
1.268
0.680
0.724
0.774
1.541
1.542
1.571
0.751
1.076
1.061
0.750
0.881
0.874
0.719
0.829
0.791
0.710
0.784
0.851
1.802
2.051
1.991
1.560
1.539
1.550
0.537
0.587
0.614
1.038
1.023
1.030
1.892
1.973
1.997
1.915
2.022
2.048
1.697
1.706
1.753
1.207
1.248
1.296
1.427
1.480
1.573
0.821
0.873
0.865
1.683
1.775
1.771
0.702
0.775
0.764
1.986
1.884
1.988
0.991
1.089
1.109
0.927
0.965
1.032
1.060
1.100
1.105
1.737
1.778
1.822
2.722
2.825
2.843
1.733
1.783
1.741
1.592
1.762
1.875
1.485
1.600
1.637
2.863
2.875
2.908
0.810
0.946
0.893
0.452
0.574
0.591
3.367
3.592
3.855
0.245
0.318
0.372
1.424
1.460
1.515
0.646
0.671
0.620
1.705
1.715
1.663
1.288
1.372
1.360
0.775
0.865
0.955
1.353
1.389
1.400
0.924
0.979
1.068
2.058
2.034
2.043
1.132
1.162
1.174
0.660
0.777
0.800
0.775
0.834
0.994
0.335
0.474
0.450
0.544
0.608
0.630
1.702
1.746
1.845
1.145
1.232
1.177
0.487
0.627
0.692
1.153
1.209
1.240
1.026
1.353
1.063
2.250
2.300
2.286
0.945
0.985
1.097
1.447
1.525
1.554
0.922
0.943
0.979
2.710
2.721
2.709
0.918
0.954
1.030
0.713
0.707
0.794
0.721
0.889
0.867
1.105
1.084
1.145
1.958
2.028
2.011
1.848
1.865
1.961
1.424
1.646
1.724
1.104
1.125
1.160
1.104
1.125
1.160
2.923
2.980
3.009
0.385
0.440
0.505
2.334
2.383
2.403
0.597
0.683
0.664
1.250
1.254
1.261
1.600
1.607
1.606
1.433
1.451
1.427
1.416
1.522
1.515
0.670
0.748
0.803
2.455
2.555
2.615
1.991
2.038
2.050
1.300
1.325
1.371
0.947
1.044
1.069
2.781
2.790
2.830
3.429
3.368
3.410
0.597
0.683
0.664
0.570
0.754
0.698
1.867
1.923
1.933
2.098
2.145
2.127
1.706
1.684
1.733
0.961
1.044
1.088
1.801
2.044
1.880
1.219
1.294
1.398
0.583
0.642
0.687
1.694
1.740
1.796
1.633
1.781
1.735
3.171
3.189
3.230
0.854
0.934
0.898
1.662
1.681
1.711
1.014
1.088
1.204
1.335
1.320
1.348
1.884
2.001
2.010
0.726
0.861
0.985
1.690
1.723
1.747
2.061
2.075
2.118
1.553
1.600
1.568
2.065
2.102
2.133
2.050
2.088
2.109
1.317
1.449
1.492
1.072
1.155
1.192
1.324
1.318
1.345
1.993
2.101
2.015
1.118
1.224
1.280
1.481
1.500
1.519
0.894
1.002
1.033
1.993
2.006
2.047
1.964
2.025
2.049
1.475
1.539
1.768
1.221
1.267
1.330
0.751
0.786
0.724
1.139
1.150
1.236
1.565
1.638
1.623
1.308
1.390
1.373
1.380
1.434
1.590
1.041
0.923
1.047
0.701
0.810
0.817
0.478
0.532
0.755
1.184
1.233
1.268
1.683
1.709
1.742
0.457
0.598
0.503
1.790
1.887
1.964
2.078
2.139
2.256
2.600
2.614
2.778
2.495
2.598
2.630
1.223
1.305
1.300
1.968
1.986
2.009
1.121
1.249
1.319
1.133
1.144
1.140
0.464
0.664
0.611
1.361
1.322
1.468
1.962
2.066
1.979
0.732
0.822
0.880
1.558
1.757
1.590
1.521
1.492
1.508
1.572
1.589
1.650
1.767
1.910
1.878
1.418
1.487
1.521
1.611
1.636
1.646
1.417
1.499
1.539
1.012
0.933
1.067
0.350
0.499
0.476
1.275
1.344
1.371
1.348
1.362
1.407
0.704
0.740
0.760
0.632
0.941
0.784
1.389
1.359
1.553
1.165
1.229
1.221
2.572
2.529
2.690
0.965
1.133
1.150
2.992
3.094
3.104
1.292
1.345
1.356
1.419
1.952
1.557
0.601
0.697
0.727
1.227
1.392
1.421
1.944
1.930
1.952
2.557
2.629
2.812
2.579
2.600
2.586
0.983
1.164
1.038
1.086
1.125
1.156
1.358
1.404
1.427
0.795
0.870
0.942
0.776
0.877
0.951
1.327
1.387
1.383
2.051
1.881
1.897
1.270
1.400
1.480
0.495
0.591
0.607
0.954
0.998
1.018
1.601
1.654
1.679
0.613
0.648
0.652
1.535
1.777
1.586
2.185
2.409
2.368
0.857
0.855
0.887
2.874
2.933
2.937
1.505
1.714
1.526
0.829
0.962
0.942
1.139
1.114
1.087
1.092
1.257
1.330
1.257
1.256
1.261
0.745
0.826
0.832
2.993
2.974
2.992
1.937
1.921
2.025
0.764
0.737
0.790
1.394
1.374
1.473
0.560
0.627
0.629
0.907
1.089
1.018
0.975
1.004
1.010
0.332
0.607
0.517
0.677
0.762
0.850
1.261
1.333
1.320
1.585
1.657
1.680
0.841
0.969
0.936
0.975
0.976
1.027
1.575
1.564
1.644
1.499
1.477
1.370
1.510
1.609
1.641
0.925
1.063
1.161
0.456
0.473
0.537
1.035
1.108
1.092
0.305
0.435
0.429
1.246
1.298
1.350
1.085
1.164
1.123
0.617
0.838
0.813
0.982
1.002
1.003
2.114
2.133
2.119
1.312
1.386
1.443
1.518
1.563
1.553
1.298
1.365
1.356
1.805
1.758
1.835
1.703
1.724
1.744
0.753
0.769
0.763
1.712
1.746
1.777
0.487
0.553
0.609
1.215
1.207
1.322
0.432
0.450
0.475
1.317
1.485
1.335
1.548
1.526
1.571
1.189
1.267
1.224
1.474
1.512
1.544
1.511
1.594
1.659
1.115
1.168
1.196
0.626
0.710
0.734
0.545
0.578
0.631
0.868
0.974
1.055
1.811
1.835
1.887
1.524
1.588
1.514
1.047
1.174
1.135
0.460
0.573
0.571
1.304
1.393
1.381
1.651
1.650
1.631
1.935
1.942
1.975
1.572
1.594
1.656
1.160
1.157
1.233
0.834
0.943
1.056
1.101
1.224
1.231
1.079
1.159
1.120
2.008
2.060
2.161
1.218
1.261
1.307
0.367
0.466
0.520
0.806
0.906
0.909
0.806
0.906
0.909
2.400
2.500
2.537
2.133
2.285
2.366
1.740
1.848
1.862
0.859
1.070
1.082
0.861
0.870
0.876
0.955
1.028
1.035
1.327
1.350
1.432
1.126
1.217
1.238
0.429
0.548
0.630
1.419
1.386
1.416
1.253
1.308
1.291
1.088
1.106
1.195
1.111
1.181
1.245
1.408
1.568
1.585
1.213
1.268
1.275
0.551
0.684
0.742
0.883
0.944
0.993
0.793
0.862
0.953
1.406
1.477
1.485
1.462
1.523
1.524
1.666
1.733
1.774
0.691
0.707
0.753
0.937
1.096
1.000
1.208
1.294
1.306
0.715
0.816
0.806
0.721
0.757
0.821
1.095
1.150
1.144
0.554
0.668
0.634
1.862
1.951
1.964
0.917
0.920
0.938
1.135
1.171
1.184
0.757
0.841
0.905
0.420
0.451
0.457
1.342
1.404
1.408
1.219
1.286
1.237
0.930
1.076
1.042
0.677
0.702
0.711
1.295
1.361
1.335
0.329
0.357
0.390
0.684
0.735
0.720
2.276
2.316
2.321
1.907
2.045
2.036
2.082
2.093
2.140
1.479
1.470
1.555
0.623
0.671
0.722
1.741
1.804
1.775
0.440
0.625
0.603
2.380
2.412
2.448
0.983
1.041
1.096
1.088
1.116
1.114
1.100
1.197
1.220
0.948
1.568
1.194
1.893
1.900
1.906
2.029
2.082
2.066
0.790
0.809
0.828
1.388
1.536
1.568
1.139
1.203
1.194
1.543
1.495
1.564
0.455
0.479
0.520
2.181
2.285
2.441
1.790
1.802
1.783
2.517
2.494
2.553
0.458
0.571
0.726
1.231
1.363
1.561
1.361
1.373
1.466
0.344
0.479
0.478
1.392
1.407
1.415
2.205
2.348
2.344
2.205
2.382
2.344
0.730
0.739
0.782
2.466
2.496
2.530
2.241
2.259
2.397
1.008
1.125
1.061
1.783
1.830
1.830
0.753
0.772
0.814
1.072
0.962
1.233
0.880
0.895
0.996
1.494
1.677
1.717
1.360
1.471
1.410
2.069
2.056
2.058
0.962
0.971
1.026
1.794
1.829
1.820
2.384
2.384
2.391
3.028
3.283
3.196
1.346
1.504
1.578
1.157
1.444
1.119
2.285
2.273
2.338
0.811
0.815
0.848
1.810
1.855
1.910
0.827
0.867
0.972
1.183
1.219
1.206
1.020
0.992
1.078
0.497
0.618
0.603
2.685
2.689
2.799
0.784
0.871
0.943
1.283
1.331
1.305
2.116
2.241
2.168
0.771
0.824
0.867
0.507
0.617
0.637
1.782
1.842
1.856
2.655
2.675
2.791
1.280
1.335
1.346
1.173
1.311
1.329
2.450
2.431
2.485
2.095
2.141
2.190
0.430
0.460
0.506
2.021
2.028
2.144
0.642
0.738
1.306
2.438
2.517
2.702
1.013
1.082
1.102
1.162
1.181
1.282
2.013
2.114
2.076
1.523
1.547
1.579
0.930
0.969
0.988
0.679
0.711
0.737
1.683
1.776
1.818
2.044
2.083
2.079
0.982
1.035
1.078
1.399
1.361
1.468
1.465
1.578
1.596
1.582
1.675
1.618
1.034
1.084
1.054
1.414
1.642
1.483
0.820
0.844
0.858
1.396
1.387
1.448
1.258
1.285
1.294
1.289
1.396
1.403
0.513
0.680
0.674
1.635
1.707
1.775
1.669
1.680
1.690
1.411
1.370
1.420
0.939
0.954
0.957
1.231
1.225
1.346
0.702
0.723
0.721
1.811
1.791
1.883
1.444
1.419
1.495
1.785
1.803
1.830
0.224
0.253
0.271
1.141
1.198
1.210
1.461
1.636
1.770
2.436
2.459
2.469
0.627
0.745
0.792
1.224
1.255
1.266
1.676
1.814
2.009
1.418
1.505
1.624
1.418
1.726
1.872
1.495
2.155
2.070
1.328
1.323
1.409
1.142
1.154
1.148
1.094
1.100
1.119
1.691
1.781
1.777
0.260
0.263
0.329
1.547
1.665
1.738
1.021
1.045
1.019
0.370
0.516
0.541
2.060
2.066
2.091
1.108
1.185
1.250
0.436
0.537
0.544
1.936
1.937
2.073
1.384
1.459
1.500
0.767
0.901
0.918
0.751
0.759
0.786
0.813
0.977
0.988
1.335
1.455
1.438
1.501
1.480
1.610
1.083
1.116
1.145
0.477
0.544
0.652
1.385
1.418
1.475
0.867
0.933
0.900
0.824
0.895
0.948
0.852
0.910
0.922
1.754
1.778
1.790
1.568
1.595
1.654
0.744
0.712
0.717
1.311
1.407
1.369
1.044
1.162
1.183
1.117
1.321
1.461
1.453
1.591
1.542
1.005
1.041
1.038
0.980
1.078
1.102
1.628
1.598
1.650
0.508
0.556
0.580
1.306
1.431
1.485
1.730
1.824
1.761
2.123
2.190
2.164
1.525
1.607
1.662
0.742
1.048
0.825
0.444
0.517
0.548
0.804
0.785
0.834
0.865
0.918
0.946
1.670
1.659
1.685
0.703
0.858
0.888
0.682
0.832
0.752
1.187
1.203
1.247
0.745
0.813
0.910
0.543
0.573
0.557
1.067
1.108
1.158
0.654
0.701
0.750
0.700
0.854
0.860
0.873
1.040
1.190
0.440
0.736
0.766
1.169
1.189
1.146
1.418
1.469
1.505
1.027
1.096
1.047
1.286
1.336
1.361
0.923
1.025
0.920
0.365
0.392
0.407
1.171
1.508
1.286
1.774
1.829
1.838
2.058
1.951
2.000
0.746
0.905
0.811
1.147
1.155
1.180
0.989
1.099
1.126
0.958
1.033
1.051
1.026
1.112
1.094
0.835
0.769
0.820
1.298
1.267
1.286
0.321
0.571
0.418
0.657
0.752
0.655
2.389
2.437
2.435
1.165
1.209
1.266
2.205
2.324
2.308
1.377
1.324
1.416
0.707
0.740
0.737
1.011
1.021
1.053
1.744
1.769
1.771
0.617
0.630
0.667
1.037
1.073
1.217
4.041
4.077
4.089
1.161
1.262
1.221
1.716
1.727
1.752
1.157
1.211
1.265
0.920
1.044
0.956
0.585
0.690
0.729
0.781
0.829
0.845
1.450
1.619
1.715
0.916
0.995
1.029
0.926
0.969
0.972
0.592
0.772
0.800
2.101
2.172
2.289
0.628
0.639
0.668
0.443
0.475
0.534
1.643
1.775
1.860
1.561
1.588
1.616
0.804
1.267
1.274
0.804
0.973
1.010
0.915
0.972
0.953
0.333
0.487
0.481
0.886
0.901
0.901
0.710
0.743
0.790
1.219
1.211
1.241
2.059
2.086
2.094
1.500
1.657
1.657
1.528
1.600
1.602
2.107
2.110
2.083
0.625
0.692
0.656
1.016
1.112
1.165
1.740
1.843
1.932
0.635
0.685
0.666
1.198
1.246
1.291
1.312
1.350
1.336
2.089
2.106
2.141
1.466
1.448
1.530
1.294
1.346
1.368
1.396
1.459
1.502
1.475
1.644
1.657
1.020
1.048
1.045
1.799
1.867
1.875
0.709
0.753
0.835
1.310
1.360
1.338
1.294
1.290
1.386
1.710
1.763
1.769
0.648
0.814
0.822
0.703
0.858
0.888
2.240
2.340
2.375
1.874
1.898
1.898
0.895
0.938
0.943
0.593
0.736
0.757
0.600
0.652
0.681
1.025
1.047
1.099
0.944
1.027
1.122
1.211
1.290
1.328
0.399
0.532
0.411
0.531
0.654
0.702
1.267
1.301
1.312
0.420
0.454
0.532
1.022
1.180
1.357
0.744
0.798
0.800
0.622
0.721
0.758
1.667
1.741
1.744
2.718
3.019
2.880
0.821
0.894
0.958
1.636
1.687
1.684
1.524
1.477
1.543
1.926
1.932
1.959
1.381
1.359
1.424
0.963
1.071
1.092
0.844
0.971
0.981
0.298
0.347
0.377
3.578
3.629
3.627
1.650
1.646
1.686
0.679
0.717
0.721
0.411
0.440
0.468
0.918
0.971
0.947
0.699
0.858
0.784
0.699
0.882
0.784
1.131
1.171
1.190
0.884
0.904
0.933
0.962
1.061
1.062
0.955
1.011
0.996
2.353
2.399
2.354
1.278
1.361
1.287
0.855
0.890
0.883
2.548
2.601
2.607
1.792
1.851
1.892
2.480
2.414
2.536
0.370
0.479
0.517
3.020
3.002
3.061
1.611
1.585
1.640
0.710
0.729
0.730
2.028
2.090
2.149
2.339
2.402
2.535
1.471
1.549
1.464
1.958
2.016
2.022
1.405
1.624
1.669
1.265
1.314
1.387
1.730
1.806
2.019
0.837
0.815
0.832
0.891
0.942
1.028
0.988
1.087
1.065
1.319
1.421
1.415
0.986
0.969
1.042
1.006
1.152
1.154
1.114
1.165
1.190
0.885
1.006
1.000
1.155
1.181
1.226
0.870
0.898
0.906
1.773
1.857
1.887
1.318
1.319
1.350
1.280
1.343
1.340
1.879
1.871
1.921
0.681
0.822
0.944
0.840
0.837
0.912
1.061
1.129
1.167
1.520
1.608
1.556
0.857
0.891
0.970
0.678
0.781
0.732
2.133
2.204
2.212
1.129
1.176
1.224
0.952
1.002
1.028
0.800
0.877
0.889
0.244
0.290
0.307
1.002
1.104
1.036
0.744
0.809
0.820
0.644
0.648
0.905
0.881
0.901
0.907
1.779
1.693
1.823
0.395
0.476
0.517
1.362
1.355
1.357
0.240
0.267
0.318
0.822
0.955
0.907
0.828
0.867
0.927
1.600
1.635
1.706
1.285
1.370
1.438
2.155
2.210
2.225
1.049
1.129
1.153
0.728
0.777
0.757
0.686
0.706
0.701
1.761
1.832
1.802
1.166
1.223
1.228
0.751
0.790
0.822
1.855
1.922
1.931
1.145
1.160
1.184
1.233
1.393
1.322
1.179
1.297
1.315
0.884
0.976
0.947
0.186
0.382
0.386
1.188
1.186
1.182
0.174
0.331
0.333
1.001
1.047
1.093
1.379
1.365
1.356
0.955
0.995
0.976
2.635
2.719
2.703
1.573
1.641
1.640
1.499
1.541
1.555
1.751
1.746
1.812
1.257
1.302
1.319
0.827
0.865
0.872
2.129
2.197
2.194
1.321
1.367
1.394
1.223
1.219
1.257
0.628
0.610
0.616
2.363
2.372
2.389
0.916
1.216
1.252
1.957
2.033
2.011
1.502
1.621
1.622
0.668
0.700
0.684
0.817
0.821
0.840
0.771
0.859
0.872
2.729
2.735
2.755
1.338
1.360
1.378
1.758
1.881
1.823
0.621
0.717
0.822
1.759
1.760
1.844
0.581
0.952
1.064
1.081
1.125
1.089
1.801
2.168
2.184
1.982
2.004
2.002
1.883
2.095
1.907
1.307
1.353
1.405
0.407
0.574
0.631
1.125
1.118
1.136
0.819
0.884
0.892
0.830
1.199
1.617
2.464
2.505
2.523
0.853
0.861
0.924
1.430
1.502
1.573
1.221
1.207
1.247
2.024
2.194
2.217
1.365
1.359
1.457
1.839
1.832
1.856
1.112
1.279
1.332
0.554
0.655
0.692
1.011
1.412
1.160
0.692
0.748
0.721
4.046
4.034
4.078
0.967
1.008
0.970
1.853
1.877
1.909
1.978
1.989
2.016
1.834
1.870
1.906
0.774
0.968
1.029
1.007
1.057
1.063
0.453
0.611
0.596
1.561
1.848
1.682
1.134
1.181
1.254
1.264
1.329
1.340
0.793
0.959
0.904
1.085
1.140
1.113
1.446
1.459
1.493
0.788
0.881
0.901
0.505
0.594
0.646
1.080
1.180
1.150
0.871
0.920
0.899
1.255
1.347
1.351
1.063
1.094
1.101
1.452
1.475
1.485
1.118
1.192
1.217
0.504
0.535
0.577
1.253
1.288
1.285
0.505
0.537
0.576
1.778
1.851
1.868
1.617
1.666
1.655
1.548
1.584
1.558
1.712
1.807
1.779
1.563
1.545
1.616
1.610
1.626
1.756
0.588
0.666
0.663
0.595
0.779
0.682
0.833
0.852
0.859
1.050
1.354
1.469
1.604
1.685
1.655
1.526
1.626
1.560
0.498
0.542
0.514
1.870
1.830
1.889
1.248
1.263
1.254
1.495
1.517
1.671
0.991
1.130
1.026
1.175
1.201
1.254
2.299
2.343
2.416
1.780
1.864
1.852
0.817
0.887
0.845
2.942
2.983
2.994
1.730
1.817
1.812
2.632
2.635
2.678
0.458
0.509
0.460
1.356
1.409
1.415
1.896
1.935
1.933
1.091
1.178
1.203
1.669
1.665
1.677
1.488
1.624
1.703
1.942
1.964
1.969
0.930
0.967
0.970
0.629
0.737
0.748
0.252
0.438
0.449
0.729
1.269
0.907
1.533
1.720
1.755
2.155
2.204
2.277
0.932
1.002
1.000
0.736
0.827
0.884
0.917
1.003
0.971
1.021
1.128
1.209
0.578
0.918
0.685
0.688
0.739
0.780
0.628
0.676
0.701
0.933
1.048
1.310
0.604
0.700
0.694
1.922
1.998
2.027
0.548
0.573
0.649
1.411
1.444
1.454
1.385
1.454
1.467
0.646
0.866
0.904
1.966
2.009
2.058
1.241
1.328
1.434
2.427
2.470
2.436
0.573
0.543
0.607
1.732
1.780
1.721
1.136
1.197
1.212
3.106
3.061
3.261
0.256
0.329
0.291
0.998
0.992
1.112
0.219
0.358
0.340
1.781
1.832
1.721
1.468
1.584
1.605
0.828
1.013
0.964
0.828
1.038
0.964
1.055
1.260
1.176
0.609
0.689
0.685
0.848
0.832
0.859
1.046
1.084
1.103
1.046
1.179
1.187
1.146
1.171
1.163
3.980
4.051
4.071
0.686
0.734
0.805
0.625
0.655
0.667
0.892
0.920
0.985
1.629
1.677
1.730
1.294
1.324
1.357
0.446
0.570
0.535
0.677
0.764
0.789
1.359
1.391
1.385
1.429
1.492
1.558
1.139
1.186
1.189
1.717
1.802
1.832
0.639
0.630
0.619
1.218
1.253
1.277
1.499
1.509
1.550
1.343
1.405
1.460
0.367
0.382
0.399
1.550
1.570
1.550
1.669
1.660
1.684
1.031
1.266
1.260
0.714
0.995
0.834
1.546
1.572
1.593
0.668
0.710
0.717
1.454
1.413
1.471
1.319
1.420
1.397
0.661
0.720
0.760
2.703
2.699
2.714
1.033
0.967
1.070
0.685
0.735
0.715
2.047
1.983
2.101
2.030
2.042
2.038
0.805
0.836
0.859
1.301
1.369
1.349
3.962
3.950
4.047
0.872
0.960
1.009
0.304
0.375
0.453
1.174
1.187
1.177
1.441
1.473
1.461
1.345
1.425
1.437
1.767
2.052
2.146
0.395
0.488
0.460
0.842
0.969
0.909
1.415
1.613
1.702
0.933
0.993
1.005
1.024
1.133
1.151
1.005
1.038
1.208
1.475
1.525
1.621
1.031
1.047
1.085
1.026
1.089
1.092
1.866
1.845
1.877
0.608
0.726
0.782
1.300
1.425
1.429
0.325
0.387
0.454
0.970
0.972
1.008
0.726
0.728
0.838
0.756
0.824
0.855
1.646
1.683
1.696
0.664
0.882
0.939
1.037
1.209
1.258
1.048
1.024
1.041
1.811
1.799
1.841
0.922
0.920
0.983
2.344
2.487
2.310
0.384
0.480
0.470
1.936
1.974
2.021
0.263
0.432
0.396
1.665
1.810
1.804
1.505
1.569
1.570
0.609
0.681
0.711
0.954
1.111
1.109
0.725
0.810
0.996
0.591
0.629
0.615
1.373
1.442
1.511
1.736
1.719
1.745
1.797
1.803
1.860
0.516
0.641
0.670
0.401
0.442
0.466
2.241
2.321
2.287
1.038
1.138
1.179
1.369
1.537
1.502
0.712
0.814
0.867
1.372
1.457
1.380
2.098
2.130
2.128
2.099
2.209
2.250
1.482
1.502
1.637
1.622
1.669
1.738
0.701
0.721
0.760
0.191
0.380
0.495
0.915
1.173
0.992
2.116
2.198
2.214
1.962
2.016
2.040
1.262
1.349
1.429
0.984
1.104
1.058
0.882
0.874
0.906
0.985
1.132
1.113
0.715
0.789
0.844
0.955
1.009
0.998
0.902
0.995
1.044
1.201
1.205
1.229
1.447
1.399
1.612
1.565
1.611
1.664
1.626
1.614
1.659
1.716
1.684
1.760
0.756
0.829
0.866
1.789
1.839
1.856
1.517
1.681
1.772
0.456
0.552
0.600
1.037
1.107
1.118
1.118
1.178
1.215
0.286
0.587
0.524
1.054
1.212
1.251
3.015
2.989
3.096
1.159
1.496
1.307
1.720
1.778
1.744
0.547
0.669
0.667
0.653
0.754
0.742
1.152
1.210
1.184
1.044
1.383
1.101
2.166
2.179
2.261
0.667
0.840
1.006
1.388
1.519
1.584
1.100
1.125
1.131
0.805
0.959
0.882
0.896
0.953
1.098
0.538
0.607
0.704
1.153
1.249
1.385
1.440
1.503
1.553
1.349
1.485
1.571
1.223
1.262
1.310
1.908
1.981
2.003
1.056
1.103
1.095
1.552
1.565
1.686
1.352
1.490
1.415
0.583
0.694
0.784
0.480
0.527
0.594
1.249
1.282
1.275
1.011
1.124
1.115
1.134
1.223
1.602
0.237
0.391
0.490
0.638
0.781
0.864
0.338
0.407
0.419
1.169
1.203
1.264
0.254
0.390
0.432
0.442
0.540
0.546
1.006
1.020
1.038
1.091
1.125
1.118
0.967
1.142
0.962
0.751
0.860
0.887
1.977
1.986
2.006
1.186
1.265
1.487
2.231
2.245
2.185
1.151
1.136
1.205
1.231
1.384
1.448
2.071
2.197
2.110
0.873
1.136
1.070
1.205
1.172
1.258
1.038
1.076
1.092
1.302
1.262
1.221
0.953
0.931
0.963
1.350
1.351
1.363
1.160
1.228
1.268
0.729
0.820
0.875
1.051
1.112
1.124
0.931
0.933
0.945
0.845
0.887
0.900
0.653
0.704
0.758
0.594
0.663
0.676
0.937
0.986
0.964
0.328
0.374
0.426
0.815
0.842
0.883
0.669
0.726
0.772
1.216
1.267
1.270
0.790
0.854
0.872
0.878
0.884
0.920
0.866
0.981
0.965
1.730
1.793
1.789
1.347
1.445
1.481
1.397
1.596
1.483
1.553
1.655
1.637
0.497
0.626
0.686
1.243
1.332
1.760
0.649
0.712
0.689
0.250
0.356
0.405
1.142
1.235
1.268
1.175
1.257
1.267
1.460
1.670
2.069
1.584
1.799
2.221
1.460
1.670
2.069
1.584
1.799
2.221
1.584
1.799
2.221
1.460
1.670
2.069
1.420
1.622
1.988
0.786
0.897
0.860
0.542
0.668
0.643
1.134
1.117
1.168
1.691
1.715
1.690
0.851
0.884
0.896
1.444
1.511
1.560
1.974
2.017
2.121
2.500
2.465
2.516
0.756
0.749
0.791
0.995
1.046
1.021
2.380
2.409
2.454
1.539
1.590
1.630
0.611
0.665
0.677
0.213
0.400
0.378
0.839
0.954
0.983
1.102
1.227
1.210
0.926
0.884
0.926
0.402
0.463
0.561
0.908
0.985
1.080
1.173
1.316
1.320
1.493
1.490
1.538
2.416
2.484
2.412
0.849
0.817
0.699
2.330
2.319
2.339
0.995
1.023
1.020
0.745
0.795
0.803
0.983
0.998
1.012
1.023
1.023
1.081
1.325
1.393
1.334
2.019
2.036
2.067
2.001
2.116
2.452
0.601
0.645
0.654
0.832
0.866
0.866
0.438
0.508
0.619
0.578
0.666
0.601
0.909
0.940
0.941
0.421
0.477
0.484
0.670
0.747
0.690
1.370
1.411
1.450
1.144
1.205
1.180
1.516
1.513
1.535
1.307
1.301
1.331
0.839
0.926
0.906
2.727
2.747
2.779
1.281
1.320
1.301
1.645
1.752
1.733
1.378
1.410
1.397
0.689
0.812
0.824
1.298
1.315
1.331
1.816
1.856
1.795
0.785
0.779
0.846
1.001
1.003
1.026
0.698
0.719
0.763
0.502
0.586
0.558
1.099
1.073
1.128
1.088
1.175
1.226
0.715
0.810
0.794
0.793
0.837
0.851
2.534
2.616
2.632
3.756
3.787
3.801
0.393
0.464
0.447
1.586
1.701
1.691
1.586
1.716
1.803
1.113
1.137
1.159
0.771
0.791
0.933
1.755
1.722
1.791
1.129
1.225
1.246
1.136
1.434
1.239
1.339
1.318
1.409
1.178
1.253
1.223
0.781
0.891
0.902
0.737
0.791
0.827
1.666
1.699
1.728
0.692
0.678
0.768
1.062
1.067
1.355
0.740
1.043
0.865
1.171
1.209
1.300
1.575
1.722
1.675
1.233
1.262
1.345
1.613
1.680
1.690
1.472
1.485
1.498
0.486
0.603
0.696
1.480
1.561
1.608
1.699
1.776
1.818
1.339
1.343
1.439
0.931
0.899
0.996
1.486
1.498
1.532
0.419
0.589
0.625
2.184
2.203
2.208
2.662
2.621
2.656
0.205
0.240
0.263
1.422
1.458
1.491
0.851
0.974
1.076
1.601
1.638
1.597
0.737
0.724
0.759
0.263
0.243
0.304
0.628
0.688
0.698
1.064
1.145
1.125
0.869
0.900
1.080
0.976
1.017
1.046
1.253
1.429
1.358
1.811
1.945
1.928
1.221
1.210
1.243
1.230
1.288
1.289
1.155
1.154
1.138
1.422
1.501
1.499
0.980
1.030
1.047
1.771
1.824
1.854
1.709
1.673
1.742
1.559
1.547
1.613
1.559
1.578
1.645
0.904
1.026
1.045
1.636
1.711
1.723
1.815
1.960
1.988
0.588
0.632
0.681
1.564
1.647
1.609
1.558
1.594
1.609
0.592
0.703
0.771
1.116
1.232
1.350
0.997
1.128
1.161
0.442
0.729
0.680
1.538
1.638
1.591
0.712
0.775
0.856
1.170
1.294
1.323
1.381
1.322
1.366
0.534
0.630
0.651
0.200
0.366
0.391
0.780
0.780
0.827
0.622
0.746
0.778
1.355
1.433
1.487
1.729
1.759
1.751
1.589
1.622
1.632
0.699
0.800
0.745
1.225
1.291
1.257
1.431
1.552
1.539
1.449
1.522
1.496
0.269
0.832
0.498
0.302
0.304
0.367
1.652
1.690
1.737
0.888
0.946
0.970
0.752
0.842
0.787
1.991
2.013
2.046
3.573
3.594
3.604
0.723
0.895
0.898
1.360
1.753
1.469
0.726
0.763
0.792
0.874
0.908
0.905
0.605
0.676
0.645
0.561
0.625
0.630
0.813
0.851
0.878
0.582
0.654
0.659
0.611
0.733
0.729
0.430
0.576
0.731
0.373
0.434
0.490
1.624
1.648
1.645
2.100
2.081
2.156
1.295
1.295
1.311
1.100
1.122
1.163
0.833
0.967
0.869
1.158
1.217
1.211
2.023
2.123
2.136
0.733
0.841
0.881
1.133
1.224
1.296
1.077
1.182
1.149
0.605
0.705
0.658
1.357
1.436
1.459
0.898
0.988
1.026
1.266
1.335
1.301
1.248
1.401
1.374
0.505
0.549
0.595
2.036
2.527
2.104
1.767
1.792
1.810
0.166
0.269
0.272
2.029
2.020
2.094
2.044
2.026
2.072
1.386
1.438
1.433
1.393
1.472
1.421
2.452
2.517
2.473
0.808
0.841
0.825
1.372
1.444
1.360
0.242
0.340
0.325
1.280
1.306
1.320
0.879
1.368
0.903
0.578
0.675
0.726
0.528
0.766
0.695
0.528
0.825
0.853
1.592
1.598
1.741
0.516
0.659
0.683
0.667
0.704
0.720
0.608
0.809
0.696
1.952
1.962
1.964
1.002
1.026
1.064
1.618
1.844
1.807
1.630
1.684
1.665
0.932
0.956
0.957
2.044
1.980
2.038
1.395
1.423
1.471
1.473
1.530
1.500
0.342
0.379
0.432
0.577
0.822
0.868
0.858
0.911
0.906
0.701
0.721
0.702
1.306
1.479
1.494
0.810
1.145
1.449
1.555
1.635
1.641
1.533
1.600
1.641
1.149
1.155
1.150
2.147
2.172
2.193
1.795
1.928
1.992
1.408
1.411
1.508
1.352
1.435
1.469
0.974
1.035
1.019
1.280
1.589
1.318
0.549
0.682
0.697
1.496
1.593
1.653
2.224
2.544
2.364
1.229
1.279
1.322
0.410
0.610
0.667
1.851
1.882
1.889
1.123
1.155
1.210
0.884
0.968
0.968
0.454
0.493
0.450
0.925
0.894
1.109
1.660
1.664
1.810
0.396
0.846
0.382
0.592
0.656
0.633
0.613
1.046
0.593
1.392
1.397
1.415
2.426
2.439
2.465
0.686
0.731
0.697
2.746
2.793
2.809
1.640
1.630
1.607
1.293
1.378
1.362
1.888
1.964
1.970
0.705
0.786
0.859
0.720
0.742
0.776
0.758
0.807
0.872
0.761
0.856
0.761
1.566
1.769
1.785
1.544
1.589
1.604
0.421
0.694
0.904
1.594
1.667
1.632
0.687
0.725
0.763
2.908
2.952
2.985
1.313
1.319
1.312
1.964
1.993
1.988
1.124
1.131
1.159
0.460
0.637
0.667
0.460
0.637
0.667
0.460
0.637
0.667
1.115
1.117
1.134
0.423
0.454
0.460
0.941
1.045
1.003
1.536
1.542
1.571
0.816
0.914
0.962
0.408
0.529
0.530
0.752
0.820
0.815
0.856
0.950
0.970
0.856
1.144
1.161
0.870
1.434
1.050
1.024
1.067
1.275
0.924
0.940
0.951
1.184
1.207
1.193
0.669
0.730
0.678
1.496
1.511
1.571
1.229
1.397
1.425
1.020
1.096
1.115
0.950
1.029
1.041
1.074
1.177
1.196
0.543
0.644
0.620
0.928
0.978
1.048
1.105
1.163
1.121
1.284
1.313
1.344
1.697
2.088
1.822
1.808
1.813
1.812
0.874
0.937
0.936
0.720
0.831
0.868
0.280
0.309
0.278
1.460
1.580
1.652
0.911
0.879
1.074
0.840
0.894
0.912
0.620
0.685
0.726
1.184
1.262
1.248
1.236
1.192
1.253
0.470
0.584
0.544
1.538
1.521
1.560
1.105
1.280
1.291
0.647
0.726
0.733
0.839
0.869
0.870
0.616
0.632
0.700
0.729
0.741
0.735
1.181
1.301
1.371
0.775
0.842
0.912
1.153
1.272
1.318
1.535
1.705
1.548
0.942
0.989
0.984
1.310
1.298
1.607
1.230
1.243
1.230
0.209
0.443
0.348
2.167
2.209
2.271
0.840
0.914
0.920
0.782
0.891
0.915
1.705
1.788
1.789
2.313
2.427
2.390
0.942
1.260
1.323
0.654
0.664
0.696
1.736
1.808
1.896
0.734
0.769
0.765
2.740
2.740
2.799
3.505
3.490
3.526
3.502
3.597
3.716
0.490
0.706
0.688
0.797
0.786
0.847
1.246
1.290
1.285
0.837
1.001
0.979
2.050
2.055
2.045
1.299
1.361
1.419
0.615
0.622
0.614
1.345
1.336
1.254
1.971
1.959
1.934
1.160
1.302
1.287
2.709
2.751
2.783
1.425
1.387
1.454
1.493
1.394
1.485
0.689
0.701
0.748
0.490
0.548
0.505
0.983
0.994
1.070
0.392
0.529
0.628
1.159
1.197
1.304
2.006
2.144
2.156
0.551
0.628
0.607
0.928
0.902
0.937
0.624
0.782
1.008
0.716
0.769
0.777
0.435
0.871
0.407
0.743
0.756
0.753
0.225
0.332
0.417
0.960
1.016
1.033
1.786
1.714
1.792
2.673
2.634
2.537
2.707
2.898
2.928
1.612
1.745
1.629
1.612
1.709
1.626
1.296
1.367
1.295
0.433
0.483
0.473
1.243
1.360
1.382
0.799
0.949
0.980
0.509
0.525
0.549
0.998
0.968
1.040
1.233
1.360
1.358
0.671
0.754
0.725
1.233
1.213
1.218
1.101
1.203
1.254
1.042
1.088
1.119
0.938
1.013
1.007
1.282
1.450
1.543
0.767
0.826
0.839
1.189
1.171
1.149
1.093
1.150
1.182
0.837
0.878
0.945
0.710
0.755
0.719
1.898
2.044
1.917
1.332
1.358
1.361
0.850
0.912
0.915
0.946
1.073
1.229
0.775
0.865
0.886
0.997
1.036
1.058
1.917
2.183
2.217
0.666
0.722
0.733
0.666
0.699
0.817
0.488
0.561
0.622
0.795
0.950
0.950
1.272
1.248
1.282
0.671
0.663
0.720
1.314
1.378
1.395
1.099
1.185
1.126
0.866
0.907
0.989
0.558
0.636
0.628
1.938
2.036
2.052
1.591
1.612
1.657
0.917
1.009
0.994
1.372
1.510
1.603
0.924
1.036
1.044
0.782
0.858
0.803
0.539
0.652
0.666
0.757
0.759
0.780
1.204
1.218
1.223
0.968
1.097
1.036
0.629
0.713
1.072
1.459
1.561
1.447
0.577
0.676
0.651
0.533
0.621
0.494
0.700
0.766
0.777
1.913
1.936
1.874
1.152
1.203
1.253
0.744
0.852
0.963
1.119
1.180
1.160
0.501
0.610
0.630
1.315
1.353
1.406
1.244
1.211
1.151
0.577
0.676
0.651
1.482
1.544
1.538
1.028
1.113
1.103
0.553
0.649
0.624
0.728
0.762
0.818
0.839
0.876
0.918
0.553
0.649
0.624
1.215
1.261
1.250
0.279
0.354
0.448
0.672
0.722
1.055
1.683
1.731
1.923
1.228
1.333
1.364
1.312
1.315
1.316
0.553
0.649
0.624
0.825
0.824
0.884
0.553
0.649
0.624
0.635
0.711
0.694
0.872
1.006
1.035
1.061
1.093
1.111
0.839
0.873
0.910
0.671
0.875
0.860
0.601
0.713
0.672
0.601
0.691
0.734
0.601
0.727
0.734
1.271
1.353
1.471
0.913
1.021
1.009
0.368
0.539
0.552
0.652
0.729
0.749
0.577
0.676
0.651
0.644
0.658
0.731
1.341
1.368
1.350
0.638
0.705
0.753
0.630
0.715
0.689
0.463
1.063
0.707
1.313
1.335
1.301
1.493
1.358
1.492
0.878
0.928
0.949
1.730
1.668
1.726
1.217
1.270
1.259
0.702
0.796
0.773
0.838
0.900
0.902
0.970
1.062
1.088
0.553
0.649
0.624
0.660
0.820
0.760
0.356
0.503
0.480
0.894
0.866
0.790
1.625
1.668
1.655
1.547
1.546
1.564
1.240
1.251
1.256
0.503
0.611
0.591
1.356
1.469
1.464
0.552
0.621
0.631
1.260
1.399
1.424
1.264
1.411
1.337
0.798
1.294
1.003
1.632
1.734
1.719
0.847
0.901
0.948
1.002
1.042
0.986
0.808
0.861
0.896
0.915
0.887
0.941
2.193
2.198
2.215
0.692
0.707
0.729
1.789
1.827
1.824
3.468
3.504
3.493
0.485
0.537
0.597
0.705
0.808
0.826
0.937
0.983
0.945
1.678
1.750
1.733
2.997
3.055
3.107
0.654
0.730
0.697
0.342
0.417
0.423
0.550
0.706
0.706
0.570
0.603
0.652
0.896
0.916
0.966
0.947
0.997
1.027
1.379
1.593
1.461
1.981
2.121
2.151
1.593
1.648
1.611
0.656
0.772
0.813
0.596
0.740
0.725
2.151
2.197
2.203
0.729
0.819
0.810
1.398
1.428
1.404
1.270
1.326
1.347
1.965
2.000
1.971
1.723
1.651
2.046
2.460
2.450
2.457
0.944
1.066
1.047
1.353
1.345
1.388
1.263
1.306
1.307
1.817
1.821
1.861
1.887
1.904
1.939
1.279
1.353
1.351
0.856
0.860
0.919
0.702
0.848
0.897
0.525
0.600
0.630
1.177
1.236
1.259
0.930
1.012
1.163
0.835
0.881
0.934
1.534
1.579
1.644
1.263
1.407
1.468
2.223
2.124
2.205
1.624
1.661
1.695
1.879
1.891
1.976
1.573
1.614
1.638
0.783
0.890
0.825
1.342
1.366
1.352
0.695
0.667
0.759
1.210
1.285
1.329
0.400
0.422
0.504
0.764
0.959
0.968
0.934
0.908
0.961
2.113
2.125
2.185
1.562
1.730
1.747
0.759
0.817
0.815
2.151
2.138
2.154
0.820
0.904
0.958
2.325
2.341
2.358
1.764
1.841
1.865
1.831
1.972
1.969
2.066
2.110
2.122
0.747
1.378
1.077
2.863
2.937
3.008
2.784
2.837
2.809
1.291
1.351
1.418
0.888
0.977
0.994
1.470
1.501
1.534
0.558
0.670
0.683
1.217
1.193
1.232
2.413
2.483
2.461
1.996
2.051
2.147
0.929
1.074
1.044
1.766
1.828
1.893
0.648
0.758
0.833
1.139
1.152
1.171
1.356
1.364
1.382
0.667
0.795
0.876
1.024
1.123
1.171
0.682
0.784
0.838
2.399
2.422
2.445
2.392
2.379
2.485
0.786
0.892
0.910
0.666
0.697
0.758
1.363
1.377
1.386
0.708
0.777
0.765
2.179
2.258
2.312
1.190
1.483
1.657
0.329
0.455
0.499
0.684
0.723
0.703
1.515
1.567
1.568
0.661
0.806
0.850
1.471
1.499
1.485
1.062
1.018
1.124
1.277
1.340
1.392
0.690
0.878
0.945
1.078
1.091
1.120
1.449
1.491
1.424
2.628
2.686
2.750
0.706
0.743
0.805
0.736
0.740
0.790
2.223
2.194
2.139
1.647
1.738
2.168
0.830
0.942
0.908
1.574
1.640
1.567
1.955
2.014
2.057
1.468
1.504
1.506
0.880
1.006
1.040
1.590
1.797
1.936
1.168
1.308
1.331
1.023
0.967
0.986
1.453
1.483
1.689
0.890
0.923
0.973
0.722
0.762
0.798
0.691
0.754
0.869
0.691
0.754
0.869
0.691
0.754
0.869
1.850
1.884
1.891
0.374
0.497
0.432
1.337
1.372
1.380
0.448
0.503
0.558
1.259
1.401
1.396
0.751
1.042
1.067
0.709
0.748
0.775
1.673
1.764
1.655
1.066
1.217
1.220
0.356
0.405
0.485
0.862
0.932
1.043
0.527
0.610
0.584
1.199
1.294
1.306
2.072
2.188
2.296
1.613
1.644
1.676
0.841
0.897
0.890
1.041
1.140
1.219
1.221
1.209
1.220
1.272
1.221
1.262
1.328
1.325
1.321
0.228
0.320
0.399
1.010
1.027
1.048
0.199
0.374
0.409
1.259
1.212
1.234
1.450
1.494
1.483
1.748
1.951
1.876
0.369
0.453
0.498
2.026
2.015
2.008
0.941
0.959
0.940
0.520
0.604
0.533
0.867
0.927
0.986
1.595
1.586
1.531
0.631
0.658
0.617
0.439
0.483
0.487
0.517
0.527
0.591
0.486
0.584
0.556
0.635
0.719
0.690
0.813
0.870
0.922
0.870
0.846
0.933
0.748
0.835
0.838
1.001
1.054
1.034
0.680
0.652
0.683
1.603
1.691
1.700
0.999
1.046
1.033
0.811
0.835
0.889
0.835
0.936
0.935
1.102
1.174
1.140
1.087
1.247
1.179
1.165
1.242
1.308
0.389
0.467
0.442
0.901
0.869
0.924
2.439
2.429
2.511
1.365
1.435
1.462
0.918
0.963
1.027
0.854
0.913
0.920
1.197
1.257
1.213
0.655
0.727
0.640
1.022
1.154
1.268
0.550
0.583
0.612
1.464
1.520
1.516
1.516
1.565
1.592
0.793
0.933
0.890
0.608
0.676
0.751
1.301
1.421
1.453
0.991
1.008
1.023
0.483
0.576
0.487
0.549
0.561
0.582
1.521
1.538
1.572
1.365
1.379
1.443
1.365
1.524
1.443
1.486
1.547
1.579
1.215
1.314
1.345
0.524
0.648
0.749
2.266
2.270
2.233
0.602
0.647
0.667
1.208
1.227
1.226
0.945
0.972
0.987
1.125
1.187
1.277
0.174
0.354
0.424
0.568
0.623
0.857
1.241
1.201
1.184
0.831
0.852
0.878
1.512
1.475
1.456
0.945
0.958
1.013
0.784
0.740
1.010
0.716
0.744
0.733
1.859
1.908
1.932
1.312
1.430
1.356
1.964
2.037
1.971
0.995
1.076
1.098
0.608
0.722
0.765
0.628
0.695
0.750
1.728
1.714
1.762
1.115
1.126
1.149
0.713
0.785
0.841
0.713
0.785
0.841
2.036
2.054
2.107
0.691
0.850
0.776
1.684
1.716
1.718
1.180
1.276
1.286
0.659
0.723
0.663
1.235
1.284
1.254
0.868
0.978
0.944
2.626
2.665
2.619
1.734
1.789
1.808
1.601
1.671
1.665
2.568
2.607
2.611
0.926
0.999
1.079
0.853
0.875
0.885
1.213
1.315
1.343
1.249
1.464
1.467
0.953
1.026
1.051
0.596
0.546
0.780
1.516
1.582
1.555
1.032
1.170
1.178
1.237
1.276
1.268
0.688
0.740
0.746
1.164
1.223
1.253
0.433
0.541
0.556
0.833
0.869
0.868
0.583
0.655
0.672
1.592
1.639
1.656
0.899
0.929
1.018
0.612
0.670
0.743
1.484
1.611
1.588
1.505
2.002
1.672
1.431
1.568
1.599
0.857
0.933
0.917
0.687
0.760
0.739
0.927
0.965
0.914
0.536
0.787
0.798
1.054
1.104
1.108
0.906
0.968
0.966
1.378
1.508
1.481
2.018
2.004
2.073
0.761
0.794
0.774
1.925
2.005
1.963
0.600
0.638
0.693
1.181
1.153
1.208
2.614
2.634
2.706
0.646
0.729
0.790
1.601
1.754
1.755
0.930
0.901
0.922
1.045
1.188
1.126
1.922
2.226
1.973
1.830
1.839
1.872
2.004
2.062
2.074
0.855
0.955
0.908
0.693
0.765
0.743
2.312
2.408
2.420
1.472
1.555
1.393
1.069
1.106
1.121
0.365
0.483
0.511
1.065
1.078
1.134
0.646
0.749
0.721
2.279
2.374
2.399
1.298
1.374
1.381
1.239
1.273
1.329
0.686
0.828
0.836
0.693
0.765
0.743
1.274
1.323
1.328
0.304
0.416
0.421
0.655
0.725
0.649
0.659
0.686
0.681
1.196
1.265
1.309
0.735
0.839
0.798
0.786
0.917
0.921
0.417
0.451
0.483
0.687
0.760
0.739
0.589
0.680
0.662
0.983
1.002
1.003
0.701
0.701
0.678
0.975
0.995
0.999
0.530
0.619
0.630
1.130
1.182
1.194
0.619
0.807
0.779
0.783
0.946
0.992
0.693
0.765
0.743
1.699
1.750
1.719
1.157
1.209
1.215
0.571
0.590
0.577
0.806
0.883
0.886
0.615
0.709
0.714
1.118
1.194
1.167
0.757
0.785
0.809
1.589
1.630
1.617
0.553
0.570
0.601
2.381
2.354
2.441
0.693
0.765
0.743
0.598
0.699
0.712
0.940
1.001
1.007
0.445
0.492
0.526
2.154
2.220
2.249
0.971
1.149
1.170
2.109
2.235
2.204
0.555
0.611
0.617
1.744
1.770
1.804
1.171
1.222
1.192
1.516
1.592
1.610
1.334
1.346
1.366
1.616
1.664
1.663
1.092
1.170
1.172
1.062
1.395
1.230
1.839
1.873
1.946
1.111
1.178
1.206
1.846
1.910
2.007
1.031
1.083
1.131
1.227
1.280
1.364
1.217
1.186
1.267
0.314
0.469
0.508
0.887
1.058
1.037
1.899
1.956
1.958
0.953
1.013
0.986
0.794
0.825
0.719
1.482
1.591
1.703
1.021
1.084
1.118
1.314
1.388
1.344
0.919
1.074
1.146
2.576
2.631
2.625
1.679
1.780
1.817
1.361
1.488
1.586
0.707
0.905
0.874
1.526
1.579
1.513
1.320
1.434
1.486
2.132
2.120
2.165
0.635
0.708
0.683
1.338
1.488
1.502
1.602
1.662
1.704
1.350
1.438
1.481
1.068
1.247
1.282
1.642
1.622
1.613
0.795
0.776
0.795
0.924
0.906
1.107
1.254
1.286
1.302
0.711
0.771
0.751
0.711
0.771
0.751
0.947
1.007
1.011
1.206
1.235
1.215
0.539
0.535
0.526
0.686
0.765
0.691
0.260
0.507
0.495
0.535
0.543
0.601
0.965
1.021
1.030
0.221
0.316
0.350
1.790
1.779
1.911
0.591
0.618
0.687
0.746
0.849
0.814
0.606
0.722
0.731
1.542
1.559
1.563
1.214
1.243
1.237
1.997
2.109
2.071
1.982
1.976
1.987
1.477
1.506
1.528
0.454
0.466
0.486
1.594
1.638
1.726
0.741
0.829
0.846
1.119
1.125
1.170
0.728
0.798
0.831
1.272
1.308
1.297
2.498
2.514
2.559
0.713
0.813
0.889
1.022
1.215
1.279
0.953
1.060
1.067
0.629
0.609
0.897
1.433
1.519
1.526
0.305
0.394
0.405
1.259
1.312
1.277
0.844
0.938
0.910
2.434
2.466
2.472
1.669
2.064
1.919
0.552
0.660
0.647
0.400
0.471
0.466
1.098
1.152
1.234
0.882
0.913
0.862
1.273
1.250
1.284
0.576
0.627
1.048
0.829
0.877
0.897
1.580
1.687
1.658
0.769
0.847
0.867
2.775
2.818
2.826
3.092
3.081
3.098
1.108
1.311
1.321
1.117
1.156
1.176
1.725
1.727
1.757
1.423
1.480
1.481
1.685
1.807
1.820
1.019
1.019
1.046
0.971
1.082
1.102
1.132
1.195
1.159
0.662
0.757
0.750
0.252
0.276
0.286
1.093
1.153
1.163
0.828
0.959
0.972
0.618
0.670
0.705
2.003
2.111
2.124
1.105
1.194
1.197
0.709
0.732
0.781
1.763
1.941
1.746
1.243
1.361
1.461
1.286
1.367
1.363
0.622
0.619
0.606
2.232
2.257
2.288
0.571
0.712
0.688
0.571
0.645
0.688
1.447
1.483
1.469
0.450
0.557
0.633
0.739
0.789
0.845
0.480
0.626
0.627
0.691
0.756
0.757
0.604
0.645
0.671
0.757
0.775
0.789
0.728
0.689
0.742
1.442
1.420
1.494
0.917
0.959
0.937
0.798
0.887
0.899
0.495
0.583
0.678
1.543
1.507
1.570
2.686
2.631
2.701
1.297
1.333
1.331
0.790
0.787
0.856
0.723
0.755
0.802
1.447
1.456
1.445
0.456
0.623
0.686
0.643
0.824
0.808
0.339
0.400
0.477
0.493
0.553
0.591
1.556
1.577
1.563
0.578
0.590
0.611
0.971
0.993
1.017
0.693
0.765
0.743
0.693
0.765
0.743
0.822
0.947
0.954
0.448
0.463
0.579
0.863
1.035
1.040
0.376
0.433
0.551
0.865
0.895
1.040
2.210
2.241
2.287
0.739
0.844
0.862
0.660
0.718
0.681
1.743
1.819
1.818
1.643
1.699
1.724
0.991
1.010
1.026
1.042
1.094
1.112
0.621
0.701
0.768
0.734
0.771
0.746
2.339
2.372
2.394
2.060
2.058
2.072
1.442
1.489
1.498
1.602
1.768
1.717
0.541
0.639
0.729
1.232
1.275
1.318
1.655
1.689
1.708
0.699
0.775
0.740
1.092
1.220
1.183
1.157
1.218
1.218
2.721
2.772
2.768
0.823
0.829
0.902
0.401
0.462
0.468
0.728
0.813
0.797
1.429
1.501
1.524
0.397
0.395
0.432
0.519
0.609
0.642
2.020
2.104
2.012
1.093
1.166
1.170
0.727
0.864
0.959
0.656
0.881
0.859
2.737
2.814
2.810
1.883
1.904
1.898
1.356
1.369
1.414
1.148
1.190
1.172
0.605
0.670
0.630
0.746
0.898
0.915
0.777
0.849
0.826
1.156
1.119
1.167
0.692
0.778
0.757
1.116
1.092
1.240
1.613
1.812
1.705
0.875
0.919
0.930
1.023
1.021
1.025
1.229
1.273
1.292
0.406
0.430
0.549
1.463
1.515
1.510
1.302
1.280
1.377
1.003
1.011
1.029
1.113
1.216
1.200
1.647
1.661
1.653
1.031
1.144
1.206
1.415
1.465
1.459
0.236
0.241
0.303
0.535
0.391
0.537
0.712
0.707
0.734
0.877
0.901
0.932
0.752
0.809
0.812
0.752
0.807
0.828
1.363
1.403
1.430
1.004
1.101
1.072
1.219
1.433
1.299
1.098
1.164
1.194
1.056
1.150
1.127
0.214
0.350
0.346
0.751
0.776
0.817
0.603
0.682
0.659
0.230
0.376
0.366
0.517
0.561
0.656
1.308
1.427
1.440
0.633
0.802
0.841
0.826
0.947
0.947
1.056
1.074
1.110
0.769
0.773
0.792
1.175
1.254
1.274
2.946
2.967
2.983
1.282
1.383
1.478
0.828
0.905
0.900
0.630
0.618
0.676
0.989
1.138
1.072
1.819
1.958
1.895
0.907
0.955
0.995
0.776
0.819
0.847
0.483
0.622
0.622
0.606
0.672
0.695
0.441
0.621
0.610
0.435
0.483
0.418
0.930
1.045
1.051
0.420
0.562
0.521
1.297
1.280
1.322
0.203
0.681
0.299
0.789
0.847
0.878
0.832
0.830
0.830
0.689
0.746
0.738
0.879
0.928
0.951
0.465
0.550
0.573
0.532
0.586
0.623
0.939
1.449
1.109
1.002
1.006
1.039
0.447
0.519
0.508
1.671
1.684
1.695
1.504
1.820
1.646
2.052
2.049
2.120
0.683
0.709
0.755
0.668
0.721
0.788
0.808
0.895
0.916
0.865
0.899
0.854
1.596
1.709
1.716
0.736
0.809
0.815
1.098
1.314
1.377
0.784
0.772
0.840
0.800
0.908
0.885
0.669
0.724
0.771
1.785
1.879
1.824
0.548
0.557
0.723
1.039
1.108
1.094
0.586
0.759
0.796
1.201
1.203
1.195
2.145
2.187
2.202
0.914
1.045
1.156
1.476
1.492
1.520
0.692
0.698
0.660
0.803
0.874
0.873
1.834
1.839
1.843
0.735
1.036
1.252
0.681
0.685
0.745
1.743
1.804
1.746
1.663
1.708
1.748
0.797
1.154
1.241
2.144
2.109
2.112
0.578
0.636
0.604
0.551
0.610
0.602
0.318
0.399
0.374
0.505
0.557
0.567
0.993
1.086
1.051
0.921
0.990
1.000
0.925
0.966
0.971
0.933
0.961
0.979
1.115
1.171
1.187
1.457
1.543
1.501
1.484
1.567
1.667
0.792
0.833
0.926
0.442
0.520
0.496
0.554
0.567
0.598
0.710
0.808
0.732
0.944
0.958
0.959
0.442
0.520
0.496
0.374
0.469
0.445
0.442
0.520
0.496
1.844
1.840
1.867
1.366
1.373
1.404
1.578
1.605
1.582
1.143
1.223
1.296
0.728
0.759
0.778
1.319
1.398
1.335
1.073
1.114
1.089
0.520
0.542
0.618
1.753
1.805
1.811
0.643
0.774
0.806
1.718
1.737
1.769
1.144
1.275
1.255
0.980
1.189
1.062
0.574
0.663
0.712
0.750
0.792
0.815
0.708
0.885
0.910
0.694
0.785
0.849
0.261
0.326
0.401
0.670
0.703
0.767
0.288
0.393
0.420
0.810
0.831
0.901
0.538
0.653
0.623
0.648
0.673
0.675
1.302
1.281
1.273
2.104
2.070
2.155
0.768
0.899
0.850
1.038
1.230
1.293
0.516
0.608
0.609
1.605
1.693
1.671
1.662
1.656
1.737
1.422
1.450
1.505
1.422
1.450
1.505
1.280
1.312
1.369
0.895
1.019
1.059
1.328
1.412
1.419
1.140
1.176
1.196
0.901
0.995
0.945
2.420
2.698
2.549
1.556
1.693
1.621
0.254
0.322
0.426
2.849
2.888
2.833
1.344
1.514
1.544
0.383
0.806
0.768
2.198
2.247
2.221
1.693
1.684
1.692
0.575
0.745
0.744
1.570
1.583
1.670
1.765
1.887
1.871
2.327
2.453
2.534
0.874
0.909
0.942
1.281
1.322
1.359
1.853
1.919
1.912
1.066
1.124
1.184
0.871
0.980
1.011
0.761
0.834
0.897
1.516
1.495
1.555
0.789
0.752
0.777
1.970
2.032
2.045
1.293
1.369
1.449
1.856
1.918
1.949
0.922
0.863
0.977
1.142
1.172
1.184
1.320
1.412
1.401
0.289
0.306
0.288
1.409
1.491
1.407
1.355
1.362
1.459
0.923
0.964
0.940
1.557
1.599
1.644
2.089
2.096
2.159
1.754
1.898
1.875
1.102
1.138
1.363
1.369
1.454
1.417
1.709
1.770
1.771
0.508
0.591
0.575
0.623
0.640
0.766
1.600
1.690
1.662
0.644
0.618
0.667
1.000
1.088
1.131
1.462
1.510
1.474
1.703
1.723
1.819
0.570
0.792
0.860
0.775
0.890
0.876
0.457
0.569
0.553
0.918
1.040
1.059
1.157
1.272
1.308
0.613
0.898
0.767
0.613
0.863
0.941
1.451
1.658
1.714
0.518
0.615
0.610
1.053
1.058
1.053
1.610
1.635
1.671
2.010
2.115
2.103
1.491
1.525
1.650
1.687
1.675
1.770
1.156
1.116
1.186
1.471
1.597
1.546
0.771
0.850
0.890
1.775
1.779
1.856
1.294
1.303
1.319
1.288
1.331
1.386
0.587
0.769
0.761
0.446
0.417
0.515
1.151
1.257
1.315
0.586
0.617
0.608
1.163
1.329
1.249
0.631
0.671
0.699
0.246
0.432
0.336
0.633
0.605
0.768
1.168
1.226
1.253
0.583
0.761
0.707
0.544
0.567
0.564
1.345
1.366
1.365
1.787
1.841
1.800
0.615
0.709
0.774
0.800
0.922
0.940
0.890
1.472
1.073
2.449
2.514
2.583
1.483
1.583
1.558
0.492
0.575
0.482
1.153
1.204
1.321
1.609
1.630
1.711
0.618
0.755
0.868
1.829
1.929
1.987
0.262
0.328
0.757
0.318
0.391
0.527
1.852
1.860
1.841
0.560
0.728
0.681
0.948
1.070
1.122
0.978
0.909
0.991
0.337
0.368
0.412
0.648
0.653
0.738
1.116
1.239
1.245
0.363
0.595
0.501
0.921
0.926
0.941
0.969
1.033
1.055
0.781
0.823
0.882
1.556
1.621
1.657
1.305
1.385
1.355
0.931
0.942
0.937
0.534
0.569
0.544
1.164
1.189
1.178
0.942
1.281
1.100
0.690
0.699
0.881
1.106
1.193
1.172
1.106
1.236
1.350
1.784
1.842
1.875
1.268
1.304
1.311
2.577
2.620
2.612
0.795
0.884
0.953
0.701
0.859
0.823
0.350
0.561
0.553
0.843
0.897
0.975
0.448
0.520
0.495
0.773
0.844
0.827
1.656
1.602
1.659
0.665
0.683
0.734
0.745
0.798
0.762
0.429
0.415
0.447
1.686
1.762
1.731
0.826
0.894
0.882
1.101
1.177
1.178
1.589
1.572
1.700
0.601
0.580
0.593
2.532
2.630
2.588
1.179
1.337
1.310
1.353
1.424
1.432
0.827
0.923
0.932
0.996
1.010
0.997
1.164
1.198
1.213
0.996
1.110
1.106
0.783
0.794
0.820
1.045
1.066
1.091
2.218
2.238
2.290
1.649
1.739
1.706
0.893
1.150
1.023
1.050
1.122
1.132
0.429
0.500
0.512
0.616
0.672
0.698
0.687
0.732
0.694
0.752
0.942
0.963
1.558
1.585
1.571
0.436
0.524
0.476
1.368
1.402
1.409
1.315
1.442
1.849
0.963
1.017
0.994
1.167
1.211
1.212
1.223
1.345
1.317
0.641
0.671
0.715
1.532
1.577
1.594
0.771
0.773
0.846
1.582
1.728
1.827
0.944
0.970
1.025
0.842
0.974
1.041
0.448
0.520
0.495
1.009
1.000
1.129
1.212
1.252
1.280
1.002
1.126
1.075
1.330
1.452
1.438
1.483
1.506
1.525
0.922
0.976
1.020
0.643
0.788
0.890
0.783
0.805
0.795
0.652
0.721
0.737
0.787
0.807
0.869
0.366
0.482
0.573
1.808
2.094
2.252
0.738
0.813
0.796
0.670
0.703
0.716
0.968
1.039
0.971
0.254
0.380
0.417
0.602
0.610
0.606
0.640
0.672
0.660
0.193
0.322
0.376
1.660
1.697
1.790
0.170
0.275
0.282
1.371
1.484
1.465
1.307
1.353
1.379
0.453
0.531
0.508
1.670
1.643
1.660
1.122
1.194
1.255
1.108
1.095
1.112
0.805
0.892
0.948
1.328
1.328
1.340
1.872
1.922
1.931
0.282
0.304
0.310
0.866
0.916
0.867
0.587
0.801
0.823
0.301
0.340
0.398
0.390
0.564
0.552
1.596
1.591
1.652
0.702
0.826
0.871
0.283
0.484
0.460
1.880
1.860
1.909
0.612
0.675
0.753
0.643
0.768
0.818
1.194
1.180
1.168
1.305
1.354
1.355
1.285
1.438
1.388
0.744
0.776
0.733
0.839
0.931
0.933
0.745
0.884
0.911
0.490
0.552
0.607
0.977
1.004
1.033
1.346
1.452
1.352
1.783
2.158
2.184
2.234
2.251
2.230
2.004
1.958
2.101
0.575
0.515
0.615
1.070
1.049
1.059
1.892
1.877
1.897
1.996
2.116
2.079
1.287
1.391
1.449
0.612
0.558
0.601
1.454
1.461
1.472
1.998
1.998
2.095
2.493
2.579
2.586
0.617
0.672
0.689
0.698
0.741
0.750
0.972
0.936
1.030
1.164
1.252
1.262
1.281
1.295
1.302
1.118
1.166
1.171
0.762
0.887
0.873
0.792
0.792
0.839
0.851
0.882
1.265
1.004
1.021
1.010
1.654
1.738
1.685
0.798
0.804
0.819
0.847
0.892
0.922
1.171
1.170
1.307
1.116
1.206
1.183
0.592
0.591
0.674
0.517
0.664
0.692
1.110
1.196
1.225
1.089
1.179
1.185
1.831
1.827
1.896
0.965
1.057
1.113
1.277
1.366
1.373
0.932
1.032
1.055
1.655
1.745
1.754
1.188
1.234
1.263
0.607
0.778
0.818
1.961
2.027
2.003
0.343
0.500
0.474
0.917
0.875
0.819
1.193
1.179
1.219
0.633
0.659
0.658
0.282
0.360
0.312
0.971
1.043
1.063
1.276
1.288
1.361
0.952
1.254
1.131
1.457
1.534
1.593
0.581
0.584
0.611
1.563
1.609
1.742
0.483
0.630
0.661
1.125
1.389
1.318
0.893
1.038
1.047
1.126
1.275
1.315
1.323
1.529
1.376
1.323
1.498
1.509
1.845
1.870
1.910
1.271
1.268
1.280
1.934
1.926
1.972
1.056
1.090
1.086
1.472
1.482
1.487
1.716
1.731
1.755
2.166
2.175
2.223
0.750
0.908
0.864
0.295
0.415
0.411
0.734
0.770
0.716
2.231
2.249
2.189
0.837
0.834
0.813
1.494
1.533
1.550
0.503
0.556
0.602
0.855
1.123
0.962
0.873
0.849
0.840
1.034
1.370
1.417
0.993
0.973
1.046
1.439
1.508
1.499
0.624
0.655
0.670
0.993
1.066
1.372
0.523
0.557
0.487
1.403
1.442
1.467
0.711
0.700
0.747
0.310
0.349
0.446
1.536
1.659
1.685
0.887
1.042
1.068
1.245
1.598
1.418
1.316
1.404
1.497
0.805
0.835
0.791
0.878
1.369
1.043
1.030
1.025
1.165
1.361
1.783
1.548
0.151
0.329
0.375
2.153
2.162
2.161
1.957
1.942
2.018
0.262
0.367
0.384
1.284
1.385
1.443
1.088
1.154
1.240
1.039
1.055
1.226
1.964
1.983
2.151
2.662
2.722
2.784
1.825
1.907
1.896
1.684
1.761
1.730
0.787
0.864
0.892
1.797
1.850
1.830
1.520
1.542
1.515
1.576
1.668
1.725
1.436
2.185
2.513
0.630
0.715
0.754
1.868
1.834
1.848
1.650
1.741
1.795
0.664
0.702
0.713
1.789
1.878
1.872
1.261
1.333
1.444
1.719
1.754
1.740
0.991
1.057
1.072
0.959
1.030
0.965
0.857
1.016
1.014
0.641
0.737
0.867
1.533
1.603
1.556
0.952
0.943
1.031
0.823
0.829
0.759
0.691
0.707
0.735
1.855
1.936
1.902
0.650
0.901
0.777
0.479
0.574
0.618
0.526
0.576
0.608
1.135
1.187
1.215
0.614
0.780
0.734
0.338
0.400
0.315
0.317
0.343
0.400
0.288
0.372
0.402
1.171
1.262
1.347
1.135
1.129
1.119
0.666
0.703
0.702
1.692
1.962
1.789
0.387
0.523
0.580
0.970
1.057
1.416
2.025
2.173
2.250
1.941
1.992
2.018
1.074
1.275
1.126
2.109
2.196
2.284
1.470
1.521
1.552
0.592
0.685
0.837
0.688
0.859
0.861
1.041
1.093
1.166
0.899
0.920
0.957
0.920
1.068
1.054
0.741
0.808
0.828
0.194
0.360
0.401
1.301
1.380
1.419
1.228
1.336
1.265
1.607
1.599
1.592
2.117
2.161
2.140
0.756
0.858
0.872
1.757
1.764
1.757
0.914
1.366
1.043
0.828
0.862
0.862
1.108
1.076
1.094
1.366
1.344
1.394
0.815
0.782
0.879
1.060
1.153
1.180
0.643
0.676
0.664
0.348
0.500
0.466
0.450
0.389
0.496
0.689
0.818
0.848
1.390
1.511
1.454
1.400
1.479
1.686
1.238
1.254
1.369
1.108
1.162
1.169
0.706
0.684
0.711
1.090
1.126
1.132
1.560
1.664
1.683
0.602
0.551
0.724
0.620
0.709
0.681
1.394
1.440
1.476
1.162
1.264
1.296
1.257
1.256
1.316
0.853
0.928
0.972
0.787
0.865
0.883
2.099
2.153
2.157
0.966
1.169
1.090
1.515
1.549
1.624
1.069
1.127
1.603
0.251
0.470
0.370
1.882
1.947
1.970
0.275
0.596
0.588
0.461
0.527
0.546
1.135
1.169
1.199
1.157
1.238
1.251
0.908
0.972
1.027
0.951
0.973
1.024
0.745
0.823
0.918
0.822
0.869
0.861
1.083
1.085
1.081
0.549
0.696
0.637
1.552
1.801
1.601
1.765
1.766
1.770
0.213
0.389
0.372
0.667
0.767
0.777
0.571
0.633
0.697
0.696
0.815
0.900
0.401
0.502
0.565
0.648
0.654
0.666
0.902
0.921
0.966
0.919
0.957
0.990
0.710
0.740
0.736
1.759
1.797
1.794
1.349
1.448
1.500
0.598
0.668
0.645
0.813
0.981
0.859
0.981
1.089
1.072
0.848
0.873
0.846
1.561
1.650
1.643
1.039
1.070
1.138
0.303
0.353
0.353
0.382
0.526
0.553
0.789
0.740
0.923
0.563
0.752
0.727
1.350
1.419
1.413
1.302
1.458
1.520
0.962
1.001
0.969
1.284
1.276
1.333
1.063
1.049
1.098
1.357
1.385
1.443
0.761
0.816
0.791
0.826
0.973
0.976
0.506
0.559
0.546
0.926
0.991
1.034
0.626
0.732
0.840
0.771
0.867
0.851
0.764
0.790
0.768
1.208
1.346
1.394
2.421
2.491
2.491
1.241
1.351
1.320
0.682
0.798
0.804
1.224
1.248
1.231
0.884
1.030
1.026
0.765
0.807
0.812
0.415
0.465
0.482
0.719
0.752
0.724
0.950
1.052
1.114
0.296
0.362
0.378
0.445
0.502
0.526
1.372
1.388
1.399
0.900
0.891
1.011
1.537
1.529
1.584
1.204
1.243
1.300
0.949
1.045
1.000
0.771
0.824
0.720
0.988
1.478
1.106
1.569
1.673
1.673
1.909
1.972
1.925
0.351
0.371
0.424
1.022
0.988
1.046
0.514
0.516
0.521
1.531
1.577
1.709
1.893
1.832
1.798
0.536
0.588
0.587
1.505
1.526
1.593
0.678
0.743
0.725
1.093
1.126
1.123
1.208
1.268
1.289
1.888
1.940
1.958
1.728
1.751
1.794
1.099
1.132
1.186
1.227
1.233
1.264
2.801
2.817
2.837
0.819
0.907
0.873
1.159
1.240
1.266
1.022
1.151
1.118
1.720
1.792
1.775
1.646
1.715
1.786
0.986
1.020
1.013
1.263
1.337
1.321
0.692
0.728
0.735
0.833
0.840
0.863
1.454
1.469
1.498
1.820
1.838
1.761
0.975
1.059
1.061
1.253
1.498
1.719
1.438
1.450
1.474
1.135
1.319
1.508
1.358
1.412
1.403
1.658
1.714
1.760
0.502
0.610
1.118
1.620
1.707
1.790
1.898
1.952
1.998
0.812
0.825
0.837
0.978
1.006
1.012
1.443
1.442
1.465
1.332
1.337
1.332
0.779
0.835
0.889
1.321
1.453
1.353
0.818
0.860
1.301
0.988
1.001
0.929
1.306
1.324
1.329
0.449
0.446
0.497
1.843
1.908
1.904
2.835
2.822
2.864
1.257
1.366
1.372
0.822
0.856
0.868
0.985
1.009
1.024
1.125
1.224
1.206
1.465
1.503
1.563
1.322
1.333
1.347
1.865
1.885
1.896
1.199
1.204
1.280
0.628
0.657
0.697
0.737
0.745
0.790
0.707
0.740
0.747
0.421
0.422
0.482
1.416
1.438
1.441
1.942
1.941
1.949
2.021
1.969
2.115
2.184
2.262
2.294
0.557
0.567
0.620
0.753
1.096
0.904
2.128
2.148
2.122
0.527
0.535
0.563
0.175
0.360
0.362
0.674
0.938
0.946
0.875
0.955
0.929
0.654
1.054
1.025
0.188
0.639
0.300
0.788
0.915
0.915
1.231
1.339
1.294
1.082
1.120
1.203
0.816
0.862
0.825
1.180
1.299
1.156
0.622
0.691
0.681
1.352
1.420
1.379
1.976
2.002
1.995
1.158
1.161
1.261
1.228
1.401
1.453
1.026
1.139
1.163
0.771
0.816
0.804
0.378
0.518
0.506
0.650
0.677
0.663
1.927
1.994
1.980
0.712
0.725
0.699
0.337
0.396
0.395
0.771
0.830
0.934
0.997
1.137
1.127
0.473
0.524
0.598
1.208
1.290
1.278
0.852
0.838
0.869
1.195
1.202
1.275
1.667
1.750
1.817
1.360
1.482
1.625
1.131
1.149
1.197
0.271
0.332
0.382
0.267
0.392
0.431
0.339
0.344
0.403
0.837
0.910
0.950
0.988
1.052
1.101
0.860
1.080
0.879
1.352
1.397
1.437
0.760
0.849
0.861
0.761
0.795
0.766
0.272
0.334
0.391
1.742
1.757
1.810
0.271
0.288
0.332
1.306
1.300
1.304
0.980
0.971
1.007
0.769
0.839
0.880
2.147
2.138
2.251
1.915
1.824
1.927
1.531
1.547
1.544
