1.559
1.682
1.607
2.988
3.062
3.046
0.825
0.936
0.936
1.254
1.292
1.276
0.984
1.024
0.781
0.324
0.330
0.470
0.349
0.580
0.436
3.551
3.561
3.479
1.641
1.745
1.694
1.415
1.456
1.481
1.427
1.556
1.457
0.327
0.447
0.473
0.965
1.047
1.052
1.420
1.544
1.549
1.611
1.635
1.671
0.369
0.576
1.222
0.462
0.659
0.638
1.099
1.095
1.105
2.062
2.416
2.614
0.417
0.456
0.685
1.054
1.191
1.079
2.305
2.357
2.328
2.723
2.771
2.738
2.289
2.474
2.490
0.857
1.126
1.108
1.384
1.398
1.381
1.031
1.083
1.018
1.067
1.267
1.156
1.708
1.935
2.052
1.230
1.427
1.439
1.248
1.470
1.298
2.216
2.392
2.286
1.857
1.889
1.814
1.540
1.839
1.750
2.307
2.342
2.387
1.629
1.800
1.507
0.828
0.971
0.883
1.340
1.335
1.291
0.787
0.947
0.939
1.377
1.302
1.256
0.867
1.163
1.012
0.794
0.923
0.830
1.494
1.545
1.460
0.550
0.854
0.689
0.978
1.239
1.110
1.575
1.750
1.641
1.434
1.674
1.640
0.811
1.034
0.892
1.566
1.610
1.574
2.404
2.439
2.427
2.377
2.551
2.376
2.183
2.298
2.251
1.516
1.519
1.483
0.854
0.890
0.846
1.198
1.401
1.364
1.411
1.659
1.357
0.723
0.848
0.825
1.073
1.301
0.969
0.560
0.742
0.662
2.692
2.730
2.699
1.919
1.894
1.880
2.397
2.486
2.410
1.049
1.217
1.197
2.215
2.152
2.100
0.572
1.031
0.684
1.882
2.075
2.003
1.999
2.089
2.073
1.216
1.296
1.120
0.994
1.242
1.062
0.791
0.798
0.763
0.791
0.889
0.823
0.901
0.972
0.939
2.152
2.276
2.265
1.668
1.774
1.720
0.812
0.911
0.994
0.879
0.875
0.907
2.114
2.100
2.167
1.963
2.255
2.215
2.073
2.160
2.168
0.839
0.926
0.895
0.783
0.826
0.485
1.231
1.272
1.131
1.878
1.820
1.778
3.338
3.386
3.394
0.518
0.688
0.641
1.890
2.008
1.995
0.900
0.945
0.810
1.749
1.809
1.858
0.600
0.970
0.816
1.201
1.316
1.283
1.090
1.086
1.151
1.107
1.248
1.101
2.703
2.721
2.696
2.394
2.502
2.482
1.132
1.223
1.282
1.739
1.799
1.791
2.095
2.121
2.108
1.072
1.163
1.071
2.119
2.162
2.105
1.043
1.408
1.116
0.431
0.680
0.468
1.648
1.739
1.681
1.568
1.660
1.612
2.029
2.163
2.202
0.921
1.125
1.012
1.307
1.295
1.326
2.318
2.575
2.479
0.703
0.825
0.733
1.393
1.435
1.451
0.646
0.705
0.693
1.546
1.625
1.641
1.545
1.786
1.878
1.829
1.933
1.907
1.131
1.174
1.205
0.778
1.074
0.973
1.794
1.885
1.898
0.500
0.798
0.594
1.638
1.584
1.666
1.012
1.132
1.074
1.293
1.363
1.409
0.801
0.953
0.999
0.722
0.808
0.787
2.242
2.280
2.252
2.754
3.109
2.753
2.874
2.826
2.798
1.491
1.567
1.542
2.248
2.316
2.315
1.803
1.866
1.794
1.339
1.435
1.408
1.586
1.660
1.705
1.819
1.829
1.856
0.804
0.923
0.886
0.983
1.278
1.095
1.318
1.507
1.402
1.944
2.069
1.987
2.508
2.602
2.549
2.016
2.064
2.013
0.260
0.481
0.434
1.728
1.843
1.708
1.571
2.005
1.993
1.903
1.931
1.884
1.609
2.038
1.858
1.230
1.427
1.439
2.142
2.300
2.191
2.330
2.407
2.532
1.562
1.662
1.597
0.520
0.683
0.602
1.143
1.197
1.140
1.610
1.654
1.578
1.017
1.022
0.936
0.904
0.858
0.775
1.852
1.793
1.755
1.446
1.499
1.454
1.992
1.966
1.994
1.231
1.202
1.110
1.690
1.848
1.835
0.777
1.044
0.821
1.497
1.621
1.563
1.227
1.365
1.327
0.948
1.272
1.123
1.052
1.184
1.132
1.258
1.403
1.351
1.407
1.513
1.620
1.571
1.837
1.768
1.060
1.149
0.982
0.803
0.784
0.778
0.813
0.861
0.838
0.809
0.877
0.844
1.442
1.479
1.479
2.174
2.296
2.278
1.247
1.556
1.492
1.333
1.452
1.421
1.278
1.342
1.298
0.806
0.811
0.790
1.551
1.564
1.574
1.693
1.829
1.759
0.877
1.076
1.150
0.832
1.100
1.014
1.682
1.947
1.883
1.551
1.577
1.639
1.018
1.034
0.955
1.566
1.514
1.343
2.543
2.602
2.611
1.533
1.792
1.724
2.719
2.708
2.706
1.467
1.602
1.616
1.308
1.386
1.398
1.699
1.723
1.666
1.735
2.220
1.898
0.355
0.401
0.384
0.866
0.925
0.952
0.882
1.065
0.946
1.717
1.838
1.758
0.629
0.829
0.637
0.986
1.126
1.394
0.842
1.834
0.858
0.521
0.802
0.731
0.644
1.148
0.889
1.836
1.909
1.828
1.281
1.320
1.291
1.912
1.793
1.870
0.912
0.981
0.818
2.342
2.393
2.520
1.797
1.860
1.949
1.442
1.641
1.568
1.067
1.389
1.281
0.636
1.208
1.058
0.591
0.747
0.791
2.253
2.224
2.180
1.400
1.443
1.423
2.158
2.708
2.128
1.265
1.310
1.129
0.809
0.868
0.798
1.418
1.444
1.422
0.881
1.198
0.985
1.640
1.690
1.737
0.822
0.988
1.568
1.558
1.528
1.467
0.750
1.031
0.964
2.712
2.854
2.806
2.318
2.407
2.378
1.796
1.887
1.783
1.619
1.708
1.542
1.666
1.700
1.624
0.488
0.583
0.570
0.534
0.671
0.598
1.131
1.229
1.287
0.465
0.574
0.503
2.618
2.653
2.634
0.934
1.171
1.007
1.803
1.964
1.946
1.202
1.278
1.188
1.325
1.467
1.409
0.806
0.815
0.816
0.524
0.604
0.467
0.575
0.722
0.745
0.647
0.787
0.720
1.580
1.544
1.559
1.033
1.400
1.134
0.938
0.934
0.958
1.814
1.877
1.903
0.744
0.827
0.825
0.858
1.112
1.014
1.515
1.549
1.434
2.020
2.149
2.166
0.691
0.811
0.834
1.928
1.990
2.008
1.068
1.103
0.876
1.806
1.865
1.897
1.296
1.439
1.334
1.070
1.311
1.392
2.105
2.193
2.153
1.083
1.176
1.158
0.901
0.823
0.822
1.084
1.117
1.209
1.858
1.925
1.912
1.503
1.597
1.608
1.632
1.900
1.747
1.295
1.353
1.326
3.128
3.241
3.308
1.258
1.358
1.310
1.977
2.019
1.905
0.685
0.851
0.831
1.583
1.626
1.587
1.489
1.503
1.500
2.124
2.351
2.258
2.016
2.168
2.134
1.575
1.663
1.593
0.296
0.425
0.358
1.483
1.661
1.611
1.593
1.636
1.769
1.119
1.418
1.239
1.171
1.798
1.250
0.886
1.006
0.936
1.103
1.483
1.368
0.835
1.116
0.984
0.441
0.682
0.586
0.805
0.808
0.803
2.018
2.101
2.077
1.039
1.127
1.091
1.039
1.153
1.104
1.304
1.575
1.502
1.522
1.522
1.539
1.275
1.354
1.275
0.285
0.365
0.370
0.696
0.843
0.873
0.620
0.690
0.645
1.883
1.835
2.042
1.698
1.794
1.792
1.802
1.807
1.786
0.566
0.580
0.584
0.787
0.919
0.900
2.893
3.081
3.098
0.814
1.097
1.014
3.066
3.065
3.204
1.154
1.231
1.133
0.604
0.750
0.751
0.909
1.033
0.862
0.978
1.258
1.131
0.842
0.914
0.938
0.525
0.603
0.654
1.789
1.752
1.571
1.183
1.398
1.236
0.694
0.705
0.770
2.274
2.249
2.289
1.191
1.416
1.204
0.868
0.934
0.897
0.699
0.830
0.792
0.781
0.894
0.928
0.483
0.533
0.554
0.803
1.062
0.953
1.355
1.404
1.399
1.884
1.938
1.900
1.659
1.649
1.668
1.784
1.803
1.856
0.916
1.030
0.972
0.945
1.239
1.036
1.316
1.442
1.234
1.819
1.887
1.899
0.751
0.880
0.833
1.577
1.704
1.615
1.038
1.147
1.150
0.591
0.888
0.805
0.963
0.960
0.784
1.239
1.383
1.322
0.917
0.979
1.042
2.664
2.777
2.801
1.412
1.472
1.350
2.657
2.715
2.619
1.417
1.508
1.338
1.985
2.046
2.022
0.499
0.562
0.526
3.002
3.038
3.040
0.903
0.996
0.966
1.231
1.163
1.128
1.601
1.635
1.612
0.744
0.993
0.840
1.101
1.124
1.102
0.913
0.934
0.945
1.666
1.674
1.958
0.675
0.693
0.653
0.533
0.564
0.589
1.580
1.692
1.577
1.453
1.480
1.582
1.393
1.349
1.249
0.839
0.923
0.902
2.572
2.712
2.702
2.181
2.299
2.264
2.231
2.265
2.219
0.721
0.938
0.882
0.777
1.160
0.882
0.326
0.504
0.462
2.884
2.996
2.951
1.720
1.742
1.612
0.749
0.733
0.688
0.824
0.854
0.813
0.332
0.488
0.214
0.872
0.858
0.853
1.115
1.098
1.090
1.357
1.531
1.361
1.460
1.532
1.537
1.168
1.269
1.263
2.850
2.902
2.896
2.787
2.950
2.883
1.775
1.793
1.778
0.754
0.813
0.733
0.987
1.029
1.001
2.025
2.189
2.133
1.872
1.909
1.924
2.408
2.461
2.443
1.326
1.375
1.290
1.581
1.790
1.629
1.180
1.678
1.403
1.166
1.290
1.270
1.089
1.576
0.968
1.367
1.414
1.303
1.199
1.285
1.268
1.580
1.819
1.654
1.256
1.283
1.248
1.180
1.241
1.222
1.365
1.450
1.402
1.040
1.336
1.312
0.871
1.309
1.037
1.120
1.262
1.319
1.937
1.938
1.945
2.277
2.392
2.361
2.133
2.059
2.107
1.970
2.187
1.956
1.580
1.588
1.598
1.157
1.306
1.429
2.272
2.279
2.214
1.286
1.349
1.306
1.974
1.985
1.968
2.018
2.098
2.067
0.721
0.804
0.781
0.953
1.091
1.026
1.090
1.120
1.137
0.915
1.049
0.985
0.311
0.545
0.541
0.743
1.169
0.958
1.095
1.129
1.360
0.799
0.901
0.934
2.453
2.639
2.422
1.414
1.407
1.483
1.744
1.968
1.930
1.489
2.283
1.830
1.289
1.285
1.298
1.172
1.212
1.227
2.137
2.313
2.138
1.335
1.745
1.447
1.482
1.768
1.659
1.001
1.046
0.962
1.001
1.009
1.086
0.688
1.022
0.823
1.214
1.541
1.338
0.960
1.180
1.098
1.110
1.270
1.217
1.321
1.416
1.385
0.600
0.671
0.566
0.660
0.769
0.710
0.999
1.040
1.075
0.711
0.768
0.736
0.959
1.244
1.185
1.243
1.500
1.394
1.106
1.068
0.970
0.798
1.176
0.994
2.607
2.676
2.560
0.692
0.918
0.877
0.544
1.293
0.751
1.073
1.157
1.110
0.485
0.567
0.612
0.845
1.073
0.920
0.838
1.060
0.963
0.248
0.386
0.326
0.398
0.568
0.495
1.090
1.088
1.090
1.710
1.717
1.653
0.953
0.979
0.991
0.748
0.946
0.898
0.849
0.789
0.294
1.117
1.162
1.136
1.244
1.364
1.338
0.860
0.991
0.957
1.220
1.677
1.544
2.077
2.113
2.159
0.982
1.045
0.941
2.799
2.890
2.824
0.506
0.636
0.527
0.688
0.739
0.732
0.689
0.768
0.703
1.004
1.139
1.105
1.004
1.249
1.186
1.253
1.510
1.359
1.515
1.599
1.567
1.187
1.497
1.355
1.611
1.734
1.677
1.678
1.828
1.744
1.369
1.484
1.397
2.323
2.384
2.388
1.627
1.641
1.595
1.177
1.241
1.189
1.544
1.534
1.570
1.936
2.057
2.034
1.158
1.327
1.204
0.921
0.965
0.854
1.856
1.893
1.868
3.367
3.395
3.091
2.165
2.259
2.317
0.659
0.619
0.582
1.865
1.947
1.959
1.772
1.690
1.700
1.615
1.773
1.575
1.356
1.423
1.351
1.370
1.528
1.451
1.330
1.438
1.326
2.052
2.067
2.070
1.484
1.500
1.583
1.688
1.763
1.717
0.914
1.259
1.007
1.709
1.843
1.681
0.644
0.779
0.790
1.802
1.970
1.989
1.182
1.229
1.163
1.016
1.003
0.864
1.583
1.621
1.602
1.065
1.167
1.087
1.222
1.335
1.228
2.608
2.531
2.485
1.211
1.229
1.261
1.146
1.334
1.215
0.888
0.928
0.937
0.875
1.139
1.049
1.369
1.459
1.283
1.030
1.073
1.046
0.603
0.941
0.696
1.801
2.020
1.881
3.258
3.299
3.214
0.163
0.490
0.332
0.594
1.391
0.954
1.731
1.723
1.613
1.884
1.998
1.908
1.325
1.412
1.359
1.652
2.344
1.648
1.853
2.315
1.871
1.201
1.389
1.315
0.229
0.326
0.317
1.951
2.259
2.045
1.421
1.563
1.446
0.599
0.799
0.803
0.628
0.721
0.661
2.644
2.732
2.668
1.608
1.766
2.060
0.978
1.295
1.498
0.850
0.927
0.800
1.869
2.178
2.022
1.002
1.097
1.128
0.621
0.894
0.971
0.864
1.084
1.043
0.981
0.993
1.038
0.615
0.840
0.762
0.794
0.817
0.821
0.846
0.981
0.975
1.866
2.128
1.751
2.926
2.859
2.911
1.611
2.227
2.244
1.216
1.363
1.305
1.414
1.433
1.413
1.272
1.390
1.316
0.913
1.028
1.014
1.090
1.201
1.079
1.662
1.758
1.700
1.116
1.486
1.423
2.103
2.193
2.155
1.371
1.399
1.423
0.302
0.439
0.500
2.398
2.480
2.472
1.401
1.439
1.417
1.899
1.935
2.074
1.220
1.406
1.089
0.909
1.153
1.151
1.079
1.205
1.157
0.963
1.131
1.070
1.688
1.920
1.848
1.968
1.987
1.994
1.592
1.701
1.554
0.708
0.852
0.786
0.824
0.946
0.924
0.432
0.628
0.624
0.466
0.647
0.567
0.935
1.110
1.016
2.042
2.184
2.195
1.447
1.530
1.543
0.648
0.809
0.709
0.336
0.422
0.384
1.292
1.579
1.338
1.382
1.755
1.595
1.325
1.539
1.444
1.223
1.243
1.225
1.212
1.291
1.300
0.753
0.839
0.892
1.110
1.225
1.163
1.006
1.132
1.071
1.335
1.312
1.360
0.706
0.728
0.713
1.725
1.782
1.727
1.947
2.008
2.004
1.729
1.957
2.024
0.990
1.077
1.000
1.499
1.550
1.551
0.738
0.836
0.775
0.801
1.213
0.934
0.801
1.073
1.206
2.878
3.088
3.084
0.787
0.931
0.914
1.131
1.281
1.295
0.803
0.927
0.823
1.783
1.880
1.917
1.311
1.215
1.233
0.752
0.718
0.720
0.887
0.853
0.900
0.735
0.737
0.663
0.717
1.073
0.789
0.560
0.629
0.593
1.104
1.196
1.211
3.289
3.274
3.315
1.851
1.946
1.906
2.042
2.151
2.109
0.894
1.201
1.027
1.140
1.194
1.153
1.783
1.772
1.620
1.973
2.444
2.022
2.019
2.096
2.004
0.776
0.979
0.959
1.200
1.381
1.221
1.970
2.102
2.060
0.415
0.603
1.032
1.095
1.071
1.065
2.590
2.883
2.473
0.946
1.075
0.878
1.259
1.108
1.159
0.922
1.136
1.586
3.131
3.183
3.177
1.221
1.445
1.519
1.910
1.912
1.833
0.752
0.782
0.769
0.514
0.592
0.562
1.205
1.294
1.244
3.596
3.639
3.653
1.387
1.377
1.348
2.008
2.089
1.946
0.474
0.467
0.424
0.197
0.507
0.373
2.367
2.666
2.721
0.699
0.858
0.923
1.168
1.274
1.188
1.607
1.790
1.677
1.116
1.186
1.150
0.983
1.015
1.003
1.508
1.492
1.540
2.517
2.562
2.571
1.941
2.076
1.930
1.030
1.104
1.071
0.816
0.939
0.874
1.588
1.945
1.639
1.588
1.861
1.639
1.588
1.861
1.639
1.199
1.220
1.183
1.720
1.808
1.844
1.573
1.602
1.541
0.960
1.007
0.813
0.395
0.779
0.607
1.250
1.380
1.320
1.715
1.764
1.827
0.691
0.723
0.712
0.794
0.934
0.742
1.132
1.276
1.107
0.969
0.998
1.029
0.870
1.121
1.124
1.244
1.551
1.450
1.050
1.227
1.131
1.100
1.189
1.191
0.894
0.985
1.136
1.017
1.163
1.152
2.004
2.113
1.986
2.075
2.016
1.895
1.309
1.428
1.347
2.464
2.643
2.533
1.275
1.289
1.264
1.822
1.770
1.808
1.908
1.915
2.017
1.908
1.915
2.017
0.987
1.374
1.053
1.266
1.236
1.081
0.864
1.186
0.944
0.864
1.222
0.944
1.655
1.866
1.827
0.894
1.002
1.037
1.494
1.535
1.308
2.514
2.542
2.511
0.317
0.412
0.424
1.091
1.323
1.196
1.219
1.384
1.389
1.237
1.306
1.062
2.552
2.623
2.579
1.414
1.367
1.415
2.766
3.027
2.841
2.004
2.056
2.037
1.659
1.786
1.705
1.869
1.924
1.830
1.189
1.267
1.211
0.730
0.977
0.860
1.194
1.265
1.082
1.120
1.179
1.079
1.065
1.114
1.088
1.217
1.204
1.197
1.220
1.385
1.396
0.919
0.975
0.946
1.069
1.145
1.032
1.522
1.587
1.568
0.593
0.799
0.750
1.029
1.154
1.039
1.801
1.810
1.818
0.469
0.720
0.661
0.731
0.788
0.735
0.849
0.984
0.992
0.468
0.684
0.614
0.854
1.265
1.217
0.346
0.503
0.400
1.613
1.558
1.603
2.037
2.109
2.071
0.765
0.826
0.787
1.963
2.129
2.114
1.728
1.764
1.639
0.865
1.168
1.050
0.789
0.848
0.811
1.275
1.421
1.369
1.995
1.911
2.001
1.234
1.174
1.154
0.428
0.490
0.374
0.704
1.125
0.764
1.394
1.482
1.414
1.074
1.171
1.159
1.179
1.353
1.270
0.904
1.051
1.023
1.459
1.734
1.600
2.961
2.957
2.995
1.490
1.519
1.533
1.085
1.327
1.256
0.946
1.062
1.003
2.324
2.417
2.385
1.638
1.754
1.751
1.907
1.896
1.785
2.573
2.626
2.667
1.703
2.016
1.860
1.536
1.673
1.755
1.570
1.615
1.570
1.376
1.375
1.397
1.468
1.534
1.575
0.885
1.132
1.078
0.838
0.924
0.866
1.116
1.278
1.245
0.691
0.720
0.619
1.393
1.385
1.290
1.964
2.260
2.100
3.479
3.485
3.572
1.168
1.339
1.147
1.141
1.120
1.035
1.208
1.263
1.226
0.850
1.033
0.890
0.861
1.152
1.098
0.414
0.709
0.647
0.836
0.807
0.905
0.928
1.010
0.999
0.973
1.092
1.019
2.881
2.912
2.983
2.890
2.951
2.941
1.890
1.868
1.846
1.599
1.797
1.754
1.495
1.573
1.557
1.350
1.403
1.323
1.166
1.240
1.244
3.294
3.353
3.323
1.387
1.545
1.405
1.778
1.960
1.548
1.162
1.211
1.253
1.542
1.778
1.604
1.975
2.098
1.996
1.505
1.538
1.489
1.503
1.506
1.539
1.702
1.727
1.733
0.691
0.853
0.850
1.297
1.389
1.386
1.215
1.319
1.072
1.058
1.124
1.100
1.658
1.810
1.617
1.586
1.534
1.472
1.668
1.703
1.692
1.026
1.062
1.077
2.003
1.958
1.921
0.876
1.030
0.970
1.422
1.436
1.470
1.422
1.436
1.470
1.352
1.441
1.423
1.777
2.105
1.926
2.242
2.238
2.405
0.587
0.715
0.592
1.468
1.599
1.529
1.636
1.797
1.727
0.607
0.958
0.709
1.442
1.508
1.366
2.609
2.653
2.514
1.489
1.756
1.611
1.535
1.651
1.581
0.826
0.856
0.821
0.985
1.504
1.201
0.905
1.050
0.999
1.929
1.896
1.816
1.342
1.388
1.127
1.141
1.292
1.095
1.320
1.328
1.271
1.320
1.461
1.387
1.262
1.191
1.237
0.831
1.107
0.983
1.182
1.535
1.394
1.551
1.653
1.548
1.752
1.926
1.967
2.068
2.131
2.118
1.141
1.220
1.153
1.641
2.192
2.030
0.910
0.993
0.914
1.595
1.617
1.518
0.618
0.625
0.648
1.092
0.999
1.040
1.293
1.344
1.352
2.203
2.642
2.678
2.119
2.208
2.138
2.811
2.866
2.942
1.103
1.150
1.133
0.720
0.725
0.787
1.278
1.257
1.133
0.662
0.723
0.780
0.624
1.231
0.754
1.686
1.779
1.729
1.169
1.111
1.170
1.777
1.869
1.831
1.720
1.867
1.797
1.787
1.731
1.657
0.370
0.480
0.538
0.895
0.976
0.928
2.434
2.348
2.333
0.668
0.825
0.801
1.177
1.310
1.308
1.422
1.473
1.481
1.622
1.760
1.782
0.963
1.023
1.127
1.771
1.952
1.968
1.234
1.263
1.193
1.158
1.235
1.000
1.091
1.243
1.321
2.091
2.221
2.177
1.515
1.587
1.497
1.511
1.706
1.671
1.992
2.097
1.969
2.480
2.579
2.520
1.084
1.198
1.183
3.789
3.798
3.845
2.124
2.430
2.343
1.278
1.430
1.424
0.576
0.935
0.785
0.838
0.943
0.952
2.726
2.779
2.754
0.844
1.083
0.870
0.784
0.818
0.853
0.616
0.638
0.732
2.114
2.255
2.314
0.865
0.784
0.802
0.552
0.700
0.624
0.950
1.249
1.290
1.704
1.710
1.675
0.518
0.636
0.578
1.414
1.523
1.501
1.650
1.729
1.799
1.339
1.434
1.393
1.578
1.698
1.556
0.938
1.505
1.170
1.261
1.359
1.262
2.480
2.579
2.499
1.935
1.980
1.979
1.752
1.817
1.870
2.406
2.518
2.483
0.727
1.609
0.924
0.484
0.598
0.548
0.484
0.762
0.723
1.662
2.072
1.899
1.237
1.114
1.190
0.701
0.894
0.882
1.398
1.477
1.472
1.602
1.547
1.539
1.479
1.557
1.518
0.256
0.255
0.234
2.106
2.169
2.165
1.234
1.472
1.481
1.043
1.034
0.978
2.330
2.357
2.310
2.605
2.743
2.662
1.805
1.900
1.843
0.847
0.974
0.959
1.085
1.247
1.023
1.581
1.683
1.662
1.462
1.572
1.719
2.247
2.229
2.252
1.145
1.142
1.085
3.000
3.261
3.366
1.235
1.551
1.417
1.757
1.660
1.797
1.690
2.177
2.162
0.616
0.771
0.727
2.024
2.040
2.079
1.010
1.005
0.931
1.653
1.576
1.508
0.290
0.396
0.354
1.018
1.009
0.978
1.370
1.379
1.413
0.994
1.426
0.886
0.847
1.012
0.992
0.807
0.812
0.726
1.486
1.510
1.566
1.393
1.465
1.403
1.610
1.725
1.589
2.285
2.371
2.391
1.219
1.223
1.212
1.804
1.933
1.901
1.673
1.879
1.786
1.509
1.463
1.521
1.516
1.563
1.414
1.580
1.603
1.620
0.553
0.696
0.695
0.319
0.787
0.821
1.623
1.662
1.582
0.622
0.768
0.728
0.770
0.868
0.879
0.467
0.431
0.364
0.679
1.043
0.837
2.408
2.454
2.575
0.807
0.887
0.821
1.401
1.470
1.412
0.471
0.587
0.569
1.048
1.353
1.264
1.006
1.163
1.037
3.213
3.456
3.343
2.199
2.169
2.197
0.680
0.828
0.801
1.395
1.596
1.392
1.298
1.442
1.393
4.363
4.320
4.322
1.116
1.268
1.223
2.347
2.529
2.543
1.055
1.334
1.129
0.987
1.025
0.982
1.472
1.638
1.566
0.854
0.976
0.974
1.652
1.720
1.599
2.300
2.394
2.411
2.628
2.605
2.644
0.456
0.553
0.600
0.831
0.951
1.025
1.313
1.379
1.359
1.198
1.324
1.187
1.867
2.226
1.805
2.241
2.601
2.465
1.216
1.414
1.412
1.801
1.798
1.836
1.505
1.601
1.562
1.986
2.003
1.983
1.951
1.951
2.043
2.752
2.783
2.812
1.644
1.749
1.657
2.981
3.286
3.121
1.959
2.029
2.003
1.056
1.030
0.952
0.785
0.774
0.531
1.698
1.846
1.829
0.264
0.566
0.477
1.958
1.878
1.800
1.742
1.795
1.777
1.639
1.708
1.699
0.613
0.723
0.718
2.217
2.267
2.200
1.136
1.247
1.229
1.881
2.019
1.944
1.376
1.401
1.299
0.471
0.588
0.589
1.978
2.019
2.047
0.600
0.737
0.591
0.866
0.958
0.825
1.823
1.720
1.842
1.209
1.223
1.260
0.632
0.770
0.732
0.872
0.918
0.823
1.650
1.991
1.795
0.932
1.037
0.972
0.544
0.717
0.696
1.580
1.585
1.628
2.064
2.174
1.632
1.304
1.314
1.262
1.316
1.677
1.846
1.155
1.347
1.275
1.147
1.394
1.315
2.217
2.281
2.236
0.927
1.015
0.937
0.577
0.713
0.583
1.464
1.559
1.490
1.486
1.656
1.571
1.412
1.477
1.446
0.681
0.747
0.702
1.129
1.280
1.146
0.340
0.469
0.452
1.625
1.774
1.831
1.996
2.047
1.944
0.689
1.049
0.933
1.326
1.360
1.374
1.996
2.047
1.944
1.413
1.442
1.448
0.946
1.018
1.017
1.427
1.436
1.430
0.682
0.779
0.739
0.841
0.906
0.939
0.870
0.990
1.003
2.654
2.751
2.732
1.524
1.485
1.496
1.684
1.779
1.742
0.437
0.607
0.483
0.489
0.827
0.910
1.527
1.544
1.582
1.332
1.377
1.279
1.210
1.312
1.230
0.742
0.775
0.629
0.289
0.516
0.323
0.890
1.238
1.087
1.796
2.191
2.242
0.891
1.162
1.009
1.120
1.111
1.033
1.915
2.117
2.151
0.758
0.791
0.676
1.034
1.280
1.031
0.780
0.852
0.809
1.236
1.246
1.215
0.842
1.068
1.340
0.555
0.644
0.660
1.079
1.269
1.327
1.180
1.459
1.467
2.009
2.046
1.964
1.253
1.308
1.299
1.112
1.137
0.930
2.214
2.553
2.302
1.226
1.361
1.411
1.205
1.259
1.150
0.917
1.005
1.013
2.100
2.121
2.078
0.505
0.661
0.442
1.136
1.242
1.107
0.842
1.104
1.197
0.981
1.027
1.033
1.895
1.915
1.948
1.044
1.131
1.017
1.214
1.217
1.247
1.094
1.091
1.037
0.993
1.022
1.051
1.276
1.499
1.349
0.972
0.939
0.924
1.240
1.368
1.281
2.167
2.137
2.108
0.873
0.817
0.773
0.818
0.836
0.788
1.378
1.490
1.340
1.310
1.429
1.409
0.836
0.956
0.868
1.475
1.807
1.625
0.525
0.673
0.600
2.085
2.210
2.126
1.604
1.751
1.874
2.666
2.715
2.689
1.914
2.225
2.182
1.478
1.597
1.727
1.094
1.236
1.226
0.852
0.892
0.815
0.608
0.677
0.728
1.232
1.184
1.267
0.951
0.996
1.000
1.122
1.313
1.242
0.721
0.754
0.603
1.892
1.919
1.739
2.340
2.446
2.487
2.736
2.768
2.595
1.449
1.673
1.606
0.980
1.498
1.244
2.362
2.394
2.464
2.001
1.957
1.940
0.967
1.141
1.017
1.102
1.321
1.219
2.638
2.717
2.682
1.188
1.069
1.182
0.986
0.976
1.025
0.657
1.021
0.760
0.846
0.902
0.856
0.967
1.120
1.066
2.766
2.934
3.055
0.359
0.560
0.421
1.320
1.562
1.372
0.890
0.832
0.919
2.252
2.297
2.116
1.182
1.274
1.222
1.186
1.436
1.463
0.256
0.554
0.457
0.685
0.643
0.770
0.791
0.880
0.823
0.995
1.088
1.150
1.348
1.474
1.447
1.958
2.074
1.932
1.919
2.675
2.155
1.659
1.701
1.686
0.675
0.794
0.779
0.726
0.743
0.707
0.890
1.207
1.060
2.294
2.373
2.468
0.537
0.677
0.659
1.168
1.288
1.268
1.630
1.673
1.594
1.010
1.017
0.897
1.344
1.321
1.302
0.811
0.983
0.866
1.746
1.902
1.838
0.596
0.656
0.655
0.798
0.909
0.831
0.867
0.934
0.850
1.161
1.222
1.365
1.367
1.529
1.587
1.367
1.788
1.808
1.035
1.014
1.018
1.401
1.626
1.519
0.928
1.006
0.922
0.654
1.004
0.890
1.620
1.776
1.725
1.502
1.572
1.541
1.567
1.719
1.632
0.705
0.938
0.774
0.703
0.758
0.666
1.716
1.685
1.651
2.149
2.023
2.085
2.010
2.129
2.102
1.243
1.501
1.244
1.368
1.436
1.449
1.349
1.334
1.482
1.758
1.864
1.805
0.589
0.744
0.718
1.276
1.309
1.334
1.460
1.514
1.430
0.487
0.654
0.626
0.566
0.832
0.770
1.734
1.764
1.756
3.438
3.590
3.484
2.408
2.572
2.506
1.644
1.751
1.655
0.751
0.803
0.809
1.045
1.181
1.045
1.709
1.733
1.705
2.653
2.676
2.623
0.819
0.887
0.847
1.411
1.367
1.440
2.408
2.351
2.379
2.189
2.382
2.319
0.684
0.644
0.605
2.585
2.622
2.414
1.423
1.584
1.546
0.877
0.981
0.890
0.584
0.658
0.420
2.110
2.166
2.073
0.588
0.675
0.599
1.461
1.542
1.520
0.666
0.983
0.835
1.840
1.790
1.877
1.918
2.065
2.402
1.945
1.949
1.998
1.160
1.259
1.168
0.604
0.811
0.720
0.648
0.734
0.749
0.887
0.969
1.039
1.200
1.297
1.353
2.345
2.350
2.316
1.887
1.833
1.946
0.969
0.962
0.931
1.497
1.734
1.623
2.384
2.346
2.340
2.238
2.293
2.363
1.801
1.864
1.854
2.351
2.740
2.443
2.349
2.766
2.594
2.018
2.077
2.026
2.126
2.354
2.131
1.140
1.378
1.506
1.408
1.463
1.489
1.349
1.619
1.508
2.051
2.192
2.184
2.188
2.223
2.206
1.520
1.692
1.532
1.610
1.791
1.702
1.610
1.731
1.732
1.652
1.664
1.572
2.113
2.331
2.092
2.790
2.722
2.641
1.404
1.382
1.405
2.423
2.418
2.397
2.064
2.074
2.055
1.244
1.566
1.347
2.038
2.155
2.169
1.252
1.332
1.328
0.386
0.546
0.499
2.143
2.141
2.249
1.377
1.482
1.841
1.740
1.810
1.776
1.552
1.578
1.625
0.572
0.643
0.659
1.600
1.698
1.609
2.057
2.132
2.132
1.350
1.331
1.242
1.424
1.486
1.501
3.000
2.975
2.826
2.162
2.530
2.365
2.269
2.397
2.408
1.147
1.542
1.586
1.997
2.126
1.989
0.451
0.488
0.434
1.168
1.167
1.202
1.027
1.160
1.040
1.976
2.014
1.950
1.855
1.967
1.978
1.445
1.698
1.667
1.444
1.620
1.415
1.748
1.917
1.949
1.540
1.480
1.383
1.208
1.254
1.282
1.047
1.227
1.069
1.270
1.302
1.044
0.528
0.684
0.679
0.909
0.933
0.839
0.559
0.620
0.660
1.398
1.555
1.403
1.940
1.976
1.924
2.094
2.187
2.095
1.193
1.206
1.213
0.596
0.660
0.684
1.890
1.819
1.727
1.912
1.944
1.806
1.007
0.941
0.887
0.812
1.039
0.920
1.484
1.742
1.722
2.027
2.239
2.267
1.380
1.432
1.351
1.099
1.217
1.107
1.408
1.432
1.398
1.879
1.951
1.915
2.821
2.902
2.865
0.857
0.947
0.878
2.360
2.484
2.425
1.961
2.111
2.033
1.463
1.535
1.531
1.115
1.035
1.092
1.780
1.788
1.623
1.087
1.203
1.183
1.362
1.315
1.455
1.916
1.966
2.021
1.572
1.711
1.654
2.807
2.807
2.568
0.905
0.926
0.911
1.544
1.566
1.631
1.361
1.499
1.218
1.061
1.118
1.095
1.280
1.290
1.284
1.710
1.732
1.714
0.232
0.510
0.435
1.893
1.899
1.884
1.613
1.615
1.588
2.238
2.273
2.263
1.991
1.995
1.978
1.016
1.104
1.079
0.852
0.989
0.873
0.524
0.595
0.371
0.911
0.971
1.079
1.625
1.727
1.665
1.663
1.710
1.536
1.198
1.257
1.168
1.361
1.396
1.337
0.922
1.076
1.072
0.545
0.617
0.510
2.406
2.590
2.466
0.692
0.851
0.823
0.744
0.760
0.802
0.752
0.964
0.795
0.902
0.962
1.052
0.415
0.487
0.487
1.412
1.390
1.432
1.602
1.678
1.588
0.646
0.760
0.800
1.219
1.264
1.314
1.828
1.864
1.920
1.289
1.530
1.500
1.119
1.208
1.217
0.624
0.727
0.723
0.704
0.918
0.830
0.752
0.912
0.880
1.609
1.658
1.652
0.808
0.888
0.924
2.063
2.121
2.095
0.727
1.426
0.785
1.379
1.406
1.340
0.898
1.161
1.015
0.372
0.518
0.497
2.331
2.318
2.359
1.217
1.195
1.213
1.665
1.762
1.718
1.354
1.394
1.161
1.077
1.281
1.211
1.819
1.973
1.914
0.608
0.746
0.625
0.988
1.348
1.098
2.937
2.930
2.797
1.339
1.600
1.534
0.957
0.964
0.801
0.890
1.160
1.126
2.706
2.769
2.549
0.931
1.639
1.698
1.100
1.108
1.086
1.033
1.022
1.081
2.107
2.328
2.166
2.091
2.070
2.084
0.563
0.699
0.485
1.999
2.149
1.987
1.173
1.299
1.225
1.019
1.141
1.090
0.199
0.483
0.492
0.654
0.854
0.760
0.362
0.348
0.309
0.968
0.944
0.897
0.855
0.961
0.996
0.820
0.860
0.782
1.506
1.875
1.482
1.438
1.450
1.362
0.841
0.903
0.836
1.014
1.205
0.953
0.600
0.722
0.694
1.059
1.074
1.096
0.868
0.929
0.919
1.497
1.522
1.492
0.916
1.073
1.043
0.947
1.002
0.934
2.160
2.273
2.253
0.583
0.747
0.640
1.042
1.173
1.148
1.369
1.430
1.453
1.074
1.095
1.122
0.839
0.852
0.789
1.154
1.132
1.134
0.841
1.038
0.911
2.376
2.383
2.287
1.294
1.487
1.442
2.738
3.396
2.691
1.634
1.616
1.760
1.975
2.127
2.118
2.169
2.147
2.103
1.161
1.186
1.109
1.301
1.391
1.338
1.669
1.717
1.629
0.377
0.458
0.320
0.522
0.580
0.510
1.435
1.704
1.813
1.416
1.706
1.489
1.392
1.465
1.372
0.686
0.904
0.883
0.912
0.976
0.840
2.740
2.878
2.885
0.912
0.854
0.975
1.066
1.153
1.113
0.953
1.383
1.131
1.352
1.435
1.250
0.827
0.892
0.896
1.594
1.625
1.610
1.948
2.463
2.192
0.843
1.038
0.985
1.333
1.404
1.763
1.731
1.765
1.799
1.058
1.157
1.114
1.806
1.826
1.802
0.859
1.032
0.954
1.597
1.553
1.626
1.790
1.826
1.807
1.735
1.797
1.796
1.658
2.323
2.736
2.046
2.133
2.077
1.455
1.582
1.558
0.938
1.827
1.046
1.382
1.620
1.458
0.971
1.025
1.022
1.987
1.962
1.977
1.492
1.688
1.683
1.959
2.191
2.224
1.336
1.465
1.395
0.226
0.444
0.394
0.829
0.930
0.846
1.304
1.432
1.417
1.705
1.911
1.525
1.826
2.131
2.000
1.294
1.891
1.953
1.613
1.727
1.455
0.766
1.246
0.961
0.840
0.850
0.923
0.731
1.039
0.943
1.749
1.861
1.747
1.070
1.174
1.058
1.010
1.027
0.995
0.868
0.920
0.882
0.883
1.017
0.857
0.837
0.935
0.945
2.064
2.052
2.070
1.642
1.682
1.722
1.371
1.439
1.327
0.858
1.074
0.992
0.569
0.734
0.717
0.516
0.591
0.588
1.817
1.843
1.849
1.115
1.168
1.121
0.703
0.908
0.868
0.700
0.705
0.363
1.015
1.147
1.115
0.695
0.792
0.686
0.481
1.017
1.140
0.847
0.851
0.748
1.342
1.371
1.379
2.808
2.996
3.123
2.215
2.335
2.263
1.225
1.337
1.240
1.957
2.108
1.981
2.201
2.327
2.247
1.044
1.104
1.150
1.044
1.220
1.250
1.574
1.618
1.716
0.736
0.902
0.891
2.938
2.919
2.941
1.732
1.800
1.755
1.257
1.463
1.358
1.010
0.990
0.962
1.384
1.464
1.416
1.289
1.392
1.327
2.091
2.227
2.153
1.055
1.151
0.997
4.323
4.381
4.431
1.219
1.201
1.171
1.081
1.242
1.128
1.678
1.759
1.745
1.017
1.061
1.076
1.291
1.360
1.383
1.973
2.055
2.041
1.853
1.918
1.906
0.211
0.383
0.265
2.695
2.914
2.739
1.105
1.229
1.222
2.261
2.275
2.282
1.623
1.692
2.175
2.034
2.031
2.047
0.547
0.654
0.638
1.595
1.647
1.661
1.266
1.369
1.214
1.591
1.643
1.581
3.595
3.604
3.688
0.417
0.489
0.444
1.047
1.280
1.193
1.402
1.508
1.438
1.418
1.572
1.541
1.309
1.289
1.328
1.451
1.440
1.320
2.935
2.996
2.946
1.284
1.231
1.493
1.192
1.555
1.417
1.495
1.630
1.591
0.498
0.634
0.571
1.761
1.783
1.779
2.586
2.587
2.527
1.139
1.281
1.209
0.977
1.097
1.005
1.853
1.920
1.880
1.237
1.360
1.346
1.573
1.645
1.447
1.662
1.769
1.799
1.505
1.524
1.567
1.505
1.524
1.553
0.983
1.075
0.932
1.900
1.991
1.966
0.593
0.745
0.668
1.495
1.689
1.635
0.709
0.765
0.709
1.389
1.407
1.324
1.010
1.075
0.995
0.656
0.703
0.694
0.656
0.703
0.694
0.813
0.979
0.974
2.203
2.261
2.187
2.001
2.060
2.047
1.513
1.697
1.628
1.561
1.749
1.660
0.724
0.866
1.083
1.702
1.858
1.614
1.876
1.882
1.967
0.846
0.976
0.874
1.340
1.405
1.400
2.244
2.363
2.383
2.124
2.477
2.304
1.339
1.390
1.488
0.727
0.788
0.698
0.998
1.260
1.063
2.291
2.251
2.248
2.633
2.681
2.628
1.086
1.239
1.160
1.051
1.046
0.861
1.083
1.165
1.112
0.947
0.988
0.895
1.190
1.407
1.273
0.696
0.747
0.732
1.321
1.245
1.110
1.577
1.607
1.536
0.776
1.239
1.096
0.777
0.985
0.853
0.716
0.880
0.768
0.703
0.790
0.839
1.775
2.088
1.942
1.614
1.602
1.540
1.184
1.191
1.041
0.619
0.740
0.558
1.151
1.135
1.047
1.869
1.984
1.977
1.475
1.480
1.342
2.911
3.370
2.893
1.886
2.029
2.016
1.718
1.752
1.768
1.198
1.252
1.291
2.237
2.500
2.375
1.446
1.528
1.549
0.831
0.898
0.833
1.670
1.810
1.720
0.672
0.804
0.709
2.046
1.911
2.022
1.005
1.147
1.103
0.953
1.015
1.057
1.067
1.131
1.095
1.772
1.825
1.820
2.742
2.887
2.855
1.757
1.827
1.730
1.553
1.831
1.819
1.462
1.661
1.618
2.905
2.934
2.918
0.861
1.053
0.901
0.472
0.651
0.597
3.315
3.524
3.828
0.279
0.401
0.283
1.438
1.495
1.486
0.718
0.742
0.621
1.836
1.843
1.655
2.166
2.279
1.910
1.315
1.457
1.356
0.773
0.917
0.948
1.391
1.467
1.403
0.917
0.991
1.018
1.195
1.408
1.298
2.092
2.070
2.046
1.148
1.203
1.161
0.662
0.826
0.753
0.852
0.944
0.938
0.355
0.561
0.435
0.721
0.725
0.633
0.555
0.649
0.630
1.709
1.800
1.815
3.448
3.556
3.441
1.148
1.257
1.140
1.509
1.504
1.381
0.529
0.733
0.641
1.206
1.300
1.260
1.044
1.456
1.031
0.897
0.868
1.251
2.250
2.318
2.261
3.144
3.061
3.097
0.958
1.024
1.069
1.444
1.572
1.523
0.951
1.027
0.957
2.718
2.742
2.698
1.849
2.168
2.003
0.908
0.958
0.985
0.740
0.790
0.757
0.766
1.005
0.861
1.139
1.109
1.126
1.968
2.079
2.026
1.858
1.887
1.946
1.418
1.736
1.735
1.101
1.135
1.126
1.101
1.135
1.126
2.929
3.021
2.981
0.382
0.463
0.443
2.333
2.411
2.391
0.646
0.792
0.635
1.263
1.264
1.252
1.567
1.597
1.587
1.445
1.469
1.413
1.462
1.609
1.516
0.689
0.825
0.749
2.459
2.611
2.593
1.946
2.029
1.993
1.289
1.317
1.332
0.952
1.089
1.029
2.798
2.824
2.807
3.529
3.429
3.435
0.646
0.792
0.635
0.587
0.845
0.705
1.879
1.960
1.923
2.179
2.223
2.129
1.745
1.692
1.731
1.259
1.180
1.285
2.015
2.009
1.926
0.974
1.108
1.101
1.673
1.607
1.674
1.791
2.114
1.846
1.199
1.293
1.367
0.599
0.669
0.664
1.712
1.769
1.794
1.630
1.804
1.713
3.178
3.198
3.202
0.899
1.027
0.896
1.641
1.691
1.687
1.022
1.124
1.175
1.360
1.342
1.331
2.099
2.205
2.209
1.861
2.034
2.000
0.768
1.005
1.014
1.054
1.159
1.088
1.646
1.697
1.694
0.694
0.688
0.613
2.100
2.127
2.123
1.560
1.648
1.546
2.044
2.091
2.090
2.036
2.098
2.085
1.328
1.505
1.491
1.099
1.264
1.195
1.378
1.375
1.352
2.080
2.170
2.002
1.116
1.272
1.219
1.539
1.570
1.434
0.911
1.071
0.998
2.033
2.047
2.041
1.976
2.068
2.037
1.413
1.520
1.660
1.211
1.294
1.311
0.816
0.859
0.698
1.165
1.200
1.234
1.575
1.688
1.605
1.302
1.400
1.310
1.393
1.515
1.584
1.114
0.935
1.016
0.707
0.915
0.808
0.779
0.814
0.474
0.557
0.655
0.786
1.206
1.267
1.280
1.683
1.715
1.721
0.478
0.684
0.483
1.774
1.902
1.929
2.045
2.107
2.236
2.564
2.581
2.727
2.469
2.638
2.567
1.234
1.346
1.284
1.966
2.010
1.956
1.105
1.280
1.306
1.167
1.185
1.127
0.477
0.711
0.610
1.422
1.377
1.430
1.112
1.595
1.401
1.350
1.352
1.276
1.694
1.757
1.691
2.010
2.134
1.932
0.747
0.882
0.900
1.577
1.834
1.582
1.546
1.464
1.475
1.594
1.611
1.643
1.791
1.991
1.880
1.415
1.506
1.516
1.588
1.636
1.604
1.386
1.509
1.462
1.071
0.936
1.060
0.363
0.594
0.458
1.320
1.407
1.396
1.344
1.381
1.397
0.693
0.738
0.741
0.630
0.995
0.791
1.410
1.387
1.545
1.190
1.283
1.206
2.592
2.525
2.653
0.974
1.218
1.168
2.912
3.044
3.030
1.285
1.371
1.340
1.415
2.086
1.543
2.470
3.533
2.838
0.608
0.736
0.721
1.262
1.497
1.450
1.962
1.945
1.939
2.652
2.738
2.838
2.632
2.665
2.611
0.973
1.212
1.006
1.069
1.115
1.121
1.339
1.419
1.396
0.806
0.961
0.890
0.744
0.937
0.933
1.322
1.427
1.352
2.056
1.906
1.910
1.241
1.432
1.432
0.512
0.656
0.600
0.973
1.044
1.035
0.807
1.288
0.995
1.641
1.764
1.672
2.329
2.414
2.365
2.300
2.727
2.758
0.617
0.686
0.607
1.550
1.858
1.588
2.151
2.445
2.328
0.881
0.896
0.865
2.843
2.924
2.910
1.629
1.891
1.477
0.870
1.053
0.946
1.327
1.283
1.090
1.052
1.323
1.269
1.309
1.302
1.251
0.769
0.894
0.809
3.004
2.971
2.989
1.781
1.798
1.587
1.964
1.942
2.024
1.615
2.033
1.868
0.825
0.765
0.755
1.394
1.357
1.434
0.623
0.711
0.581
0.959
1.237
0.989
1.021
1.064
0.990
0.324
0.681
0.492
0.663
0.791
0.834
2.240
2.219
2.288
1.317
1.409
1.328
1.615
1.717
1.691
0.897
1.049
0.948
0.964
0.992
0.999
1.597
1.588
1.617
1.638
1.630
1.374
1.516
1.654
1.611
0.895
1.113
1.124
0.461
0.483
0.503
1.050
1.170
1.091
0.314
0.507
0.405
1.250
1.317
1.362
1.111
1.212
1.099
0.634
0.963
0.813
2.302
2.295
2.117
1.025
1.067
1.006
2.143
2.159
2.086
1.315
1.432
1.459
1.507
1.580
1.547
1.291
1.399
1.329
1.865
1.799
1.859
1.721
1.753
1.747
0.877
0.899
0.769
1.197
1.401
1.248
1.197
1.401
1.248
1.726
1.765
1.771
0.502
0.604
0.596
1.262
1.261
1.344
0.502
0.537
0.446
0.879
1.025
0.936
1.363
1.620
1.298
0.362
0.337
0.341
1.653
1.614
1.603
1.159
1.356
1.142
1.211
1.309
1.204
1.490
1.544
1.541
1.523
1.642
1.661
1.153
1.247
1.189
0.627
0.772
0.735
0.541
0.618
0.622
0.858
1.027
1.060
1.779
1.836
1.792
1.585
1.666
1.459
1.064
1.243
1.135
0.458
0.635
0.560
1.317
1.444
1.349
1.658
1.667
1.607
1.956
1.979
1.953
1.594
1.833
1.682
1.580
1.629
1.654
1.172
1.177
1.150
0.859
1.017
1.091
1.166
1.370
1.257
1.205
1.461
1.378
1.089
1.217
1.113
1.825
1.992
1.944
1.987
2.063
2.113
1.290
1.386
1.248
0.349
0.483
0.466
0.403
0.405
0.395
0.823
0.985
0.855
0.823
0.985
0.855
2.391
2.537
2.531
2.116
2.333
2.336
1.910
2.227
1.892
1.749
1.885
1.856
0.886
1.203
1.063
0.940
0.955
0.868
1.895
1.784
1.666
0.952
1.075
1.012
1.009
1.231
1.131
1.369
1.390
1.447
1.142
1.289
1.220
1.828
2.191
2.190
0.443
0.608
0.605
1.415
1.372
1.392
1.093
1.162
1.125
1.283
1.350
1.292
1.102
1.156
1.185
1.144
1.227
1.253
1.420
1.621
1.558
1.218
1.305
1.268
0.554
0.743
0.752
1.702
1.593
1.692
0.894
0.986
1.001
0.846
0.917
0.929
1.539
1.611
1.528
1.495
1.569
1.507
1.697
1.756
1.772
0.696
0.734
0.721
0.934
1.152
0.980
1.211
1.342
1.309
0.708
0.858
0.725
0.756
0.840
0.827
1.095
1.175
1.125
0.571
0.738
0.608
1.872
1.992
1.964
0.930
0.946
0.932
1.129
1.194
1.156
0.766
0.842
0.859
0.458
0.504
0.428
1.346
1.412
1.354
1.271
1.379
1.215
1.015
1.210
1.011
0.690
0.721
0.688
1.313
1.394
1.277
0.349
0.389
0.393
0.704
0.788
0.716
2.328
2.378
2.329
1.893
2.082
1.994
1.508
1.753
1.594
2.040
2.067
2.109
1.472
1.475
1.520
0.652
0.712
0.715
1.760
1.864
1.748
0.472
0.736
0.607
2.343
2.391
2.378
0.978
1.072
1.095
1.111
1.165
1.110
1.120
1.260
1.192
0.954
1.726
1.190
1.896
1.908
1.883
2.035
2.114
2.068
0.833
0.870
0.786
1.426
1.630
1.579
1.138
1.221
1.189
1.590
1.515
1.532
2.793
2.851
2.692
0.444
0.485
0.466
1.974
1.893
1.867
2.127
2.245
2.360
1.802
1.822
1.754
2.506
2.472
2.497
0.850
0.832
0.804
0.499
0.672
0.788
0.447
0.746
0.669
1.196
1.348
1.523
1.358
1.390
1.446
0.623
0.873
0.789
0.623
0.873
0.789
1.135
1.309
1.251
0.401
0.578
0.399
0.710
0.721
0.689
1.572
1.505
1.453
1.429
1.438
1.433
2.198
2.382
2.327
2.198
2.441
2.327
0.805
0.835
0.807
2.465
2.505
2.511
2.216
2.236
2.323
1.056
1.230
1.033
1.798
1.840
1.809
0.780
0.824
0.753
1.847
2.192
2.128
1.189
0.995
1.256
0.752
1.061
0.948
1.111
1.349
1.159
0.884
0.920
0.990
1.472
1.709
1.688
1.403
1.588
1.401
2.198
2.168
2.014
2.402
2.551
2.461
1.048
1.058
1.022
1.801
1.842
1.814
2.391
2.424
2.362
3.014
3.265
3.150
1.333
1.574
1.543
1.260
1.489
1.133
2.273
2.272
2.306
0.824
0.831
0.817
1.771
1.863
1.859
0.819
0.889
0.943
1.196
1.246
1.189
1.071
1.018
1.044
0.659
0.727
0.636
0.495
0.636
0.587
2.657
2.794
2.767
0.797
0.916
0.904
1.650
1.430
1.547
1.325
1.398
1.266
2.145
2.336
2.155
2.212
2.382
2.285
1.340
1.556
1.524
0.778
0.863
0.851
0.552
0.720
0.630
1.778
1.856
1.845
2.653
2.677
2.797
1.292
1.376
1.316
1.181
1.357
1.327
2.264
2.254
2.141
2.462
2.426
2.465
2.110
2.199
2.168
0.483
0.556
0.499
2.014
1.990
2.074
0.632
0.779
1.308
2.429
2.539
2.720
1.031
1.158
1.039
1.184
1.227
1.275
2.014
2.171
2.055
0.545
0.592
0.433
1.551
1.598
1.533
0.922
0.972
0.973
0.699
0.747
0.705
1.686
1.814
1.777
2.072
2.127
2.091
1.000
1.078
1.098
0.960
0.959
0.806
1.399
1.344
1.437
1.466
1.636
1.556
1.628
1.736
1.633
1.046
1.157
1.018
1.418
1.700
1.487
0.837
0.877
0.820
1.414
1.415
1.400
1.244
1.287
1.248
1.327
1.479
1.394
1.526
2.092
1.990
0.874
1.206
1.099
0.506
0.753
0.618
1.713
1.778
1.759
1.651
1.674
1.664
1.489
1.564
1.441
0.970
0.988
0.947
1.256
1.237
1.358
1.634
1.738
1.674
0.745
0.776
0.696
1.821
1.785
1.839
1.459
1.415
1.483
1.800
1.818
1.836
0.229
0.284
0.240
1.143
1.217
1.212
1.445
1.690
1.752
2.399
2.437
2.417
0.663
0.835
0.747
1.247
1.290
1.255
1.701
1.829
1.981
1.389
1.684
1.624
1.392
1.503
1.553
1.392
1.761
1.846
1.053
1.430
1.326
1.523
2.140
2.056
1.337
1.341
1.400
1.158
1.175
1.144
2.242
2.725
2.673
1.843
1.849
1.651
1.102
1.109
1.104
1.757
1.886
1.736
0.278
0.278
0.289
0.556
0.759
0.724
1.609
1.725
1.751
1.715
2.113
2.128
1.028
1.072
0.988
0.366
0.573
0.531
2.077
2.071
2.082
1.137
1.273
1.258
0.476
0.638
0.507
1.959
1.977
2.073
1.389
1.495
1.508
0.790
0.999
0.942
0.469
0.945
0.671
0.771
0.791
0.753
0.829
1.072
0.975
1.347
1.511
1.400
1.514
1.477
1.623
1.089
1.137
1.131
0.483
0.604
0.617
1.396
1.432
1.420
0.885
0.990
0.878
0.828
0.948
0.922
0.846
0.935
0.890
1.836
1.848
1.774
1.612
1.660
1.609
0.873
0.837
0.731
1.416
1.562
1.357
1.060
1.245
1.185
1.151
1.431
1.489
1.500
1.659
1.489
1.006
1.063
1.032
0.969
1.109
1.090
1.635
1.606
1.629
1.446
1.624
1.466
0.521
0.591
0.593
1.312
1.315
1.305
1.308
1.451
1.395
1.766
1.937
1.733
2.119
2.206
2.136
1.503
1.629
1.637
0.761
1.197
0.826
0.435
0.548
0.527
0.813
0.801
0.800
0.853
0.936
0.932
1.284
1.759
1.365
1.679
1.667
1.646
1.342
1.415
1.327
0.726
0.951
0.895
0.725
0.685
0.580
0.756
0.962
0.728
0.638
1.147
0.812
1.176
1.216
1.206
0.757
0.849
0.908
0.538
0.584
0.530
1.102
1.161
1.123
0.735
1.018
0.808
0.674
0.766
0.703
0.725
0.939
0.831
0.871
1.100
1.224
0.499
0.875
0.770
0.803
0.818
0.705
1.277
1.313
1.153
1.427
1.510
1.509
1.133
1.187
0.991
1.296
1.371
1.343
0.981
1.130
0.896
0.374
0.427
0.390
1.176
1.593
1.297
1.809
1.881
1.831
2.061
1.880
1.940
0.794
1.019
0.730
1.216
1.221
1.179
1.021
1.162
1.101
2.873
3.072
2.976
0.974
1.084
1.040
1.074
1.205
1.084
0.849
0.796
0.780
1.328
1.326
1.196
0.331
0.677
0.426
0.742
0.856
0.647
2.426
2.475
2.410
1.187
1.251
1.255
2.197
2.367
2.273
1.486
1.443
1.431
0.724
0.766
0.725
1.037
1.046
1.044
1.743
1.789
1.745
1.586
1.931
1.537
0.619
0.649
0.656
1.053
1.102
1.238
4.043
4.085
4.051
1.216
1.356
1.210
2.042
2.066
2.356
1.811
1.840
1.691
1.139
1.234
1.231
0.925
1.089
0.911
0.580
0.744
0.711
0.788
0.883
0.840
1.460
1.681
1.719
0.921
1.041
1.035
0.935
0.995
0.978
0.597
0.845
0.813
1.089
1.297
1.107
2.041
2.162
2.220
0.632
0.650
0.651
0.453
0.507
0.495
1.712
1.898
1.896
1.027
1.001
0.966
1.586
1.604
1.588
0.905
1.375
1.225
0.905
1.120
1.019
0.951
1.039
0.934
0.335
0.555
0.492
0.963
1.018
0.857
0.717
0.784
0.806
1.244
1.237
1.238
2.116
2.155
2.067
1.053
1.236
1.220
1.507
1.686
1.641
0.727
1.252
1.057
1.510
1.619
1.577
2.120
2.129
2.074
0.623
0.719
0.622
1.029
1.159
1.185
1.770
1.909
1.962
0.628
0.710
0.635
1.231
1.324
1.303
1.314
1.359
1.283
2.126
2.146
2.136
2.351
2.402
2.387
1.476
1.463
1.496
1.293
1.375
1.346
1.359
1.448
1.453
1.472
1.719
1.623
1.021
1.061
1.020
1.797
1.881
1.868
0.703
0.773
0.793
1.309
1.376
1.285
1.270
1.264
1.344
1.724
1.804
1.773
0.643
0.875
0.814
0.726
0.951
0.895
2.215
2.335
2.320
1.452
1.462
1.363
1.578
1.592
1.534
1.899
1.933
1.911
0.943
1.054
0.928
0.591
0.849
0.763
0.611
0.694
0.685
1.065
1.128
1.035
0.924
1.082
1.096
1.214
1.320
1.313
0.551
0.686
0.397
0.524
0.689
0.697
1.306
1.366
1.318
0.431
0.494
0.503
1.734
1.786
1.780
1.016
1.217
1.260
0.751
0.826
0.786
1.686
1.528
1.585
0.629
0.766
0.765
1.684
1.790
1.749
2.696
3.093
2.867
0.833
0.928
0.954
1.703
1.765
1.641
1.570
1.498
1.529
1.918
1.926
1.934
1.406
1.368
1.389
0.973
1.130
1.115
0.835
1.018
0.942
1.279
1.263
1.146
0.314
0.413
0.312
3.587
3.654
3.626
1.648
1.645
1.653
0.690
0.779
0.699
0.406
0.460
0.439
0.956
1.036
0.917
0.734
0.950
0.759
0.734
0.981
0.759
1.168
1.212
1.168
0.913
0.929
0.907
0.996
1.145
1.061
0.988
1.083
0.950
2.394
2.449
2.359
1.889
1.915
1.792
1.348
1.468
1.271
0.865
0.919
0.862
2.547
2.630
2.556
1.771
1.857
1.868
2.149
2.190
1.935
2.447
2.381
2.519
1.319
1.234
1.247
0.372
0.545
0.508
3.075
3.037
3.065
0.658
1.099
0.845
1.650
1.623
1.600
0.718
0.743
0.722
0.936
1.036
1.015
0.850
1.140
0.970
2.028
2.117
2.141
2.332
2.417
2.525
1.593
1.679
1.436
1.935
2.046
1.989
1.542
1.777
1.674
1.255
1.332
1.365
1.709
1.813
1.897
1.111
1.178
1.127
0.902
0.878
0.810
1.986
2.240
2.058
0.923
0.998
1.000
1.006
1.157
1.076
1.330
1.469
1.422
1.004
0.978
1.032
1.176
1.150
1.036
0.999
1.212
1.110
1.107
1.194
1.160
0.908
1.105
0.960
1.163
1.201
1.225
1.541
1.599
1.495
1.304
1.303
1.220
1.001
1.061
0.894
1.818
1.952
1.862
1.342
1.361
1.331
1.294
1.391
1.329
1.892
1.880
1.893
0.688
0.895
0.967
0.870
0.883
0.898
1.066
1.175
1.175
1.525
1.669
1.554
0.875
0.939
0.948
0.751
0.877
0.684
2.192
2.278
2.218
1.135
1.190
1.181
0.944
1.042
0.969
0.806
0.896
0.866
2.371
2.452
2.395
0.252
0.343
0.265
1.098
1.229
1.036
0.755
0.833
0.771
0.653
0.669
0.931
0.965
0.988
0.898
1.097
1.259
1.192
1.801
1.738
1.854
0.393
0.507
0.511
1.372
1.373
1.330
0.239
0.295
0.290
0.824
1.008
0.836
0.892
0.931
0.889
3.415
3.351
3.358
1.632
1.666
1.695
1.292
1.406
1.390
2.178
2.261
2.226
1.070
1.196
1.181
1.516
2.180
1.395
0.934
0.909
0.831
0.762
0.842
0.758
0.705
0.737
0.691
1.800
1.959
1.789
1.228
1.299
1.229
0.755
0.839
0.787
1.902
1.987
1.930
1.130
1.160
1.146
1.109
1.186
1.109
1.259
1.483
1.326
1.169
1.348
1.297
0.885
0.996
0.879
0.186
0.475
0.343
1.327
1.296
1.172
0.187
0.400
0.284
0.986
1.053
1.057
1.399
1.376
1.330
0.989
1.052
0.939
2.628
2.736
2.645
1.625
1.724
1.650
1.605
1.628
1.538
1.754
1.742
1.794
1.249
1.314
1.289
0.858
0.941
0.876
2.093
2.199
2.157
1.322
1.401
1.374
1.254
1.247
1.242
0.684
0.666
0.592
1.905
1.903
1.908
2.451
2.470
2.401
0.957
1.297
1.241
1.975
2.069
2.029
1.543
1.713
1.619
0.685
0.731
0.664
0.814
0.829
0.826
0.807
0.927
0.867
2.771
2.785
2.753
1.347
1.382
1.369
1.789
1.981
1.817
0.675
0.845
0.844
1.460
1.470
1.217
1.847
1.835
1.878
0.572
1.022
1.096
1.083
1.159
1.071
1.809
2.230
2.210
1.984
2.040
1.972
1.948
2.205
1.909
1.309
1.380
1.396
1.647
2.198
1.978
0.409
0.632
0.647
2.127
2.151
2.107
1.128
1.132
1.103
0.835
0.939
0.877
0.840
1.322
1.645
2.475
2.526
2.506
0.867
0.883
0.898
1.394
1.478
1.506
1.251
1.245
1.225
2.010
2.250
2.190
1.357
1.388
1.429
1.895
1.869
1.839
1.727
1.805
1.632
1.088
1.332
1.323
0.537
0.709
0.676
0.971
1.527
1.136
0.705
0.805
0.698
4.026
4.007
4.023
1.038
1.087
0.952
1.952
1.975
1.933
2.032
2.048
2.021
1.843
1.893
1.889
1.535
1.920
1.871
2.105
2.235
2.107
0.777
1.089
1.047
1.106
1.145
1.049
0.445
0.662
0.569
1.588
1.962
1.702
1.116
1.208
1.231
1.257
1.340
1.322
0.798
1.030
0.873
1.135
1.227
1.115
1.493
1.503
1.521
0.780
0.912
0.879
0.487
0.624
0.637
1.080
1.222
1.100
0.897
0.927
0.879
1.226
1.368
1.281
1.095
1.127
1.096
1.467
1.502
1.483
1.108
1.219
1.196
0.574
0.587
0.539
1.268
1.316
1.288
0.579
0.595
0.546
1.790
1.885
1.825
1.611
1.690
1.636
1.549
1.603
1.545
1.774
1.907
1.797
1.592
1.588
1.640
1.614
1.634
1.716
0.591
0.719
0.641
0.735
0.994
0.654
1.501
1.502
1.428
0.841
0.865
0.838
1.794
2.058
1.955
1.051
1.378
1.453
1.689
1.814
1.615
1.571
1.727
1.564
0.580
0.643
0.481
1.902
1.870
1.879
1.283
1.325
1.251
1.624
1.609
1.338
1.195
1.640
1.385
1.512
1.525
1.654
2.649
2.887
2.783
2.649
2.887
2.783
0.998
1.138
1.011
1.183
1.216
1.240
0.986
1.105
1.058
2.286
2.328
2.386
1.791
1.909
1.866
0.817
0.915
0.834
2.957
3.012
3.002
1.674
1.799
1.749
1.334
1.408
1.171
2.611
2.642
2.646
2.560
2.751
2.720
0.490
0.587
0.424
1.348
1.409
1.373
1.896
1.958
1.905
1.082
1.209
1.198
1.675
1.673
1.658
1.476
1.657
1.672
2.025
2.069
1.965
0.936
0.990
0.926
0.704
0.838
0.748
0.266
0.540
0.438
0.753
1.440
0.912
1.500
1.771
1.728
2.052
2.277
2.238
2.142
2.215
2.233
0.911
1.043
0.954
0.762
0.917
0.835
1.031
1.157
0.930
1.025
1.147
1.158
0.565
1.017
0.674
0.689
0.779
0.767
0.631
0.687
0.685
0.975
1.062
0.875
0.935
1.095
1.299
0.611
0.750
0.682
0.788
0.735
0.515
1.940
2.050
2.030
0.548
0.582
0.605
0.873
1.026
0.940
1.461
1.536
1.430
1.452
1.541
1.469
0.944
1.464
0.838
0.678
0.985
0.915
2.060
2.120
2.072
1.291
1.400
1.402
2.444
2.518
2.425
1.358
1.295
1.098
0.607
0.558
0.600
1.839
1.902
1.723
1.152
1.259
1.220
3.111
3.105
3.230
0.359
0.438
0.289
1.029
1.002
1.103
0.230
0.421
0.300
1.838
1.929
1.705
1.486
1.648
1.578
0.828
1.094
0.907
0.828
1.110
0.907
1.086
1.421
1.165
0.608
0.722
0.669
0.886
0.864
0.830
1.069
1.184
1.072
1.069
1.283
1.181
1.137
1.181
1.148
0.869
1.173
1.055
3.992
4.069
4.047
0.703
0.776
0.757
0.726
0.796
0.675
0.917
0.961
0.974
1.632
1.697
1.714
1.354
1.396
1.351
0.467
0.628
0.530
0.978
1.009
0.977
0.682
0.812
0.806
1.544
1.665
1.447
1.387
1.447
1.345
1.450
1.526
1.566
1.144
1.233
1.174
1.731
1.835
1.838
0.746
0.749
0.590
1.219
1.285
1.255
1.584
1.569
1.577
1.329
1.419
1.432
0.415
0.441
0.363
1.543
1.570
1.526
1.675
1.657
1.648
1.042
1.337
1.249
0.703
1.047
0.825
1.546
1.586
1.593
0.677
0.743
0.698
1.474
1.426
1.462
1.352
1.486
1.366
0.663
0.760
0.771
2.713
2.707
2.695
1.128
1.033
1.049
0.727
0.785
0.701
2.088
2.005
2.083
2.178
2.153
2.008
1.729
1.877
1.836
1.233
1.230
1.166
2.042
2.274
2.204
0.789
0.848
0.791
1.308
1.403
1.318
3.995
3.998
4.074
0.861
0.986
0.971
0.310
0.400
0.402
1.162
1.184
1.141
1.418
1.474
1.425
1.318
1.436
1.403
1.020
1.037
0.954
1.913
2.232
2.210
0.420
0.542
0.437
0.831
1.011
0.873
1.524
1.745
1.748
0.934
1.035
0.997
0.641
0.921
0.654
1.042
1.200
1.120
0.999
1.053
1.177
1.500
1.565
1.626
1.047
1.071
1.051
1.015
1.112
1.070
1.916
1.915
1.870
0.620
0.818
0.785
1.331
1.473
1.437
0.353
0.439
0.384
0.992
0.999
0.998
0.740
0.738
0.832
0.775
0.900
0.802
1.424
1.438
1.347
1.852
1.826
1.722
1.655
1.714
1.691
0.670
0.953
0.912
1.297
1.308
1.240
1.052
1.298
1.242
1.065
1.073
1.041
1.888
1.845
1.840
0.998
1.004
1.006
2.333
2.458
2.292
2.246
2.332
2.289
0.891
1.004
0.873
0.406
0.530
0.384
1.948
2.009
2.020
0.321
0.564
0.347
1.681
1.888
1.838
1.504
1.590
1.562
0.609
0.729
0.695
0.949
1.177
1.086
0.744
0.844
1.013
0.697
0.728
0.587
1.402
1.507
1.506
1.826
1.839
1.714
1.803
1.793
1.844
0.546
0.752
0.650
0.424
0.484
0.448
1.080
1.441
1.253
2.233
2.330
2.280
1.034
1.180
1.140
2.160
2.248
1.652
1.382
1.605
1.488
0.751
0.927
0.840
0.892
1.143
0.995
1.431
1.618
1.485
1.382
1.491
1.335
0.866
0.943
0.611
2.108
2.145
2.112
2.098
2.244
2.250
1.472
1.492
1.620
1.594
1.673
1.698
0.737
0.768
0.759
0.209
0.490
0.499
0.913
1.237
0.986
2.090
2.225
2.164
1.963
2.068
1.955
1.426
1.864
1.632
1.228
1.362
1.389
0.982
1.146
1.033
0.877
0.872
0.875
1.205
1.446
1.119
0.978
1.191
1.130
0.721
0.839
0.827
0.978
1.055
0.982
0.827
1.452
1.430
0.898
1.034
1.027
0.600
0.642
0.410
1.205
1.209
1.190
1.369
1.335
1.549
1.546
1.608
1.643
1.646
1.650
1.652
0.885
0.870
0.758
1.741
1.714
1.764
0.759
0.875
0.870
1.805
1.872
1.837
1.504
1.725
1.757
0.493
0.638
0.603
1.044
1.148
1.103
1.099
1.186
1.192
2.148
2.154
2.066
0.305
0.722
0.471
1.014
1.225
1.189
2.995
2.970
3.067
1.167
1.601
1.308
1.740
1.801
1.710
0.556
0.744
0.664
0.660
0.798
0.715
1.250
1.352
1.171
1.060
1.479
1.093
1.379
1.606
1.416
2.164
2.175
2.242
1.502
1.690
1.299
3.055
3.081
3.044
0.691
0.924
1.051
1.818
1.804
1.757
1.377
1.560
1.519
1.124
1.149
1.123
1.418
1.521
1.443
0.916
1.153
0.838
0.905
0.988
1.098
1.351
1.361
1.260
0.549
0.660
0.726
1.157
1.297
1.373
1.453
1.549
1.545
1.352
1.547
1.563
1.229
1.278
1.267
1.902
2.005
1.982
1.106
1.163
1.081
1.609
1.616
1.744
1.381
1.576
1.401
0.614
0.762
0.778
2.219
2.230
1.961
0.469
0.549
0.573
1.273
1.322
1.267
1.022
1.181
1.089
1.100
1.213
1.599
0.226
0.527
0.386
0.640
0.848
0.849
0.966
1.319
1.156
0.356
0.444
0.398
1.199
1.236
1.256
0.261
0.488
0.439
0.980
1.440
1.294
0.482
0.633
0.532
1.006
1.061
0.999
1.078
1.135
1.091
1.158
1.375
0.959
0.764
0.930
0.857
1.965
1.971
1.968
0.735
0.971
0.896
1.184
1.271
1.465
1.147
1.457
1.342
2.295
2.311
2.200
1.189
1.165
1.165
1.230
1.440
1.385
2.117
2.276
2.068
0.892
1.264
1.063
1.239
1.190
1.248
0.601
0.851
0.718
1.167
1.165
1.010
1.040
1.082
1.069
1.356
1.327
1.200
0.992
0.981
0.958
1.369
1.372
1.343
1.184
1.291
1.256
0.948
0.901
0.817
0.789
0.973
0.883
1.060
1.148
1.130
0.946
0.952
0.951
0.867
0.927
0.868
0.633
0.711
0.724
0.620
0.710
0.649
1.019
1.091
0.975
0.330
0.401
0.429
0.868
0.909
0.892
0.798
0.908
0.692
0.692
0.776
0.744
1.595
1.631
1.500
1.204
1.287
1.263
0.800
0.891
0.837
0.909
0.947
0.897
0.868
1.018
0.958
1.754
1.848
1.809
1.332
1.479
1.411
1.382
1.668
1.415
0.593
0.853
0.827
1.621
1.755
1.623
0.523
0.706
0.638
1.286
1.417
1.763
0.664
0.754
0.662
0.262
0.415
0.399
1.161
1.315
1.218
1.180
1.294
1.234
1.419
1.641
2.052
1.538
1.767
2.205
1.419
1.641
2.052
1.538
1.767
2.205
1.538
1.767
2.205
1.419
1.641
2.052
1.390
1.604
1.982
0.869
0.833
0.841
0.808
0.943
0.843
0.611
0.800
0.633
1.168
1.158
1.167
1.717
1.743
1.683
3.260
3.250
3.004
0.902
0.983
0.864
1.483
1.581
1.562
1.981
1.999
2.137
2.531
2.448
2.500
0.807
0.797
0.764
1.020
1.093
1.012
2.372
2.411
2.422
1.521
1.601
1.594
0.614
0.690
0.668
2.579
2.524
2.478
1.775
1.776
1.810
0.260
0.529
0.284
0.862
1.020
0.975
1.118
1.288
1.223
1.016
1.002
0.888
0.832
0.836
0.663
0.403
0.469
0.510
0.947
1.066
1.049
1.351
1.612
1.510
1.191
1.393
1.328
0.685
0.926
0.746
1.490
1.493
1.510
2.422
2.526
2.386
1.083
1.059
0.716
2.418
2.401
2.316
0.989
1.044
1.005
0.758
0.828
0.810
0.990
1.022
0.978
1.046
1.043
1.082
1.365
1.477
1.308
2.035
2.047
2.026
0.827
1.700
1.098
2.010
2.166
2.449
0.598
0.667
0.633
0.860
0.900
0.868
0.446
0.587
0.602
0.755
0.860
0.573
0.934
1.003
0.929
0.488
0.514
0.422
0.702
0.822
0.670
1.399
1.465
1.444
1.172
1.276
1.178
1.535
1.522
1.529
1.356
1.349
1.304
0.840
0.955
0.866
2.773
2.783
2.755
1.313
1.384
1.284
1.627
1.797
1.670
1.459
1.493
1.403
0.706
0.897
0.778
1.298
1.331
1.322
1.903
1.947
1.800
0.778
0.786
0.825
1.024
1.025
1.029
0.693
0.739
0.731
0.528
0.598
0.522
1.160
1.138
1.130
1.427
1.629
1.690
1.128
1.240
1.214
0.751
0.877
0.785
0.787
0.845
0.840
2.568
2.677
2.657
3.754
3.800
3.775
0.488
0.576
0.432
1.667
1.835
1.709
1.667
1.843
1.870
0.726
0.747
0.675
1.141
1.189
1.114
0.787
0.822
0.894
1.803
1.785
1.736
1.130
1.258
1.189
1.142
1.513
1.253
1.419
1.389
1.401
1.295
1.375
1.218
0.784
0.960
0.901
0.775
0.855
0.812
1.669
1.710
1.731
0.684
0.686
0.710
1.067
1.074
1.385
0.726
1.109
0.857
1.168
1.236
1.295
1.582
1.777
1.655
1.232
1.298
1.332
1.612
1.700
1.678
3.545
3.595
3.469
1.489
1.500
1.491
0.529
0.717
0.736
1.566
1.692
1.647
1.691
1.796
1.790
2.660
2.503
2.546
1.328
1.341
1.405
0.947
0.924
0.979
1.475
1.498
1.513
0.437
0.691
0.557
1.158
1.533
1.286
2.398
2.505
2.410
2.195
2.197
2.151
2.718
2.670
2.623
0.206
0.261
0.246
1.453
1.493
1.446
0.829
0.987
1.086
1.659
1.707
1.580
0.801
0.801
0.749
0.330
0.337
0.239
1.117
1.141
1.095
0.641
0.716
0.673
1.088
1.192
1.132
0.864
0.919
1.057
0.993
1.041
1.029
4.174
4.164
4.101
1.270
1.490
1.337
1.841
2.055
1.905
1.235
1.219
1.222
2.149
2.050
2.027
1.224
1.300
1.263
1.225
1.241
1.104
1.406
1.526
1.472
1.864
1.959
1.871
0.993
1.131
0.994
1.758
1.838
1.843
1.733
1.682
1.717
1.592
1.584
1.594
1.592
1.604
1.621
0.908
1.052
1.044
1.664
1.763
1.689
1.807
2.017
1.968
0.569
0.642
0.626
1.596
1.716
1.560
1.560
1.625
1.593
0.603
0.754
0.742
1.115
1.270
1.354
1.007
1.202
1.167
0.446
0.815
0.654
1.559
1.687
1.568
0.713
0.784
0.832
1.103
1.122
0.658
1.181
1.396
1.327
1.523
1.432
1.321
0.529
0.668
0.662
0.216
0.457
0.358
0.803
0.789
0.822
0.645
0.824
0.745
1.328
1.455
1.449
1.747
1.805
1.759
1.603
1.654
1.623
0.762
0.957
0.729
1.493
1.879
1.675
0.937
1.161
0.974
1.248
1.345
1.251
1.430
1.587
1.514
1.272
1.265
1.056
1.489
1.608
1.484
0.273
0.981
0.505
0.339
0.346
0.329
1.666
1.747
1.752
0.890
0.971
0.960
0.809
0.917
0.768
1.979
2.016
2.014
1.703
1.925
1.874
1.620
1.812
1.994
1.460
1.736
1.590
3.619
3.653
3.619
0.723
0.946
0.884
1.367
1.851
1.472
0.730
0.800
0.744
1.425
1.639
1.672
0.881
0.946
0.893
0.721
0.832
0.634
0.585
0.671
0.623
1.035
1.296
1.111
0.871
0.928
0.896
0.595
0.707
0.630
0.623
0.784
0.733
0.417
0.615
0.728
0.392
0.505
0.497
0.742
1.037
0.770
1.640
1.682
1.631
2.104
2.089
2.127
0.921
1.210
0.948
1.288
1.300
1.303
1.107
1.123
1.129
0.728
0.811
0.624
0.833
1.020
0.850
1.972
2.188
2.087
1.221
1.269
1.147
1.344
1.565
1.470
2.020
2.151
2.106
0.728
0.895
0.832
1.155
1.277
1.300
1.096
1.259
1.150
0.612
0.763
0.622
1.385
1.524
1.477
0.931
1.084
1.023
1.313
1.419
1.280
1.265
1.473
1.310
0.519
0.585
0.553
2.020
2.627
2.078
1.777
1.799
1.760
0.276
0.339
0.163
2.039
2.026
2.088
2.054
2.024
2.045
1.392
1.463
1.426
1.418
1.514
1.364
1.508
1.472
1.403
0.844
0.862
0.843
2.540
2.654
2.504
0.928
1.005
0.791
1.395
1.484
1.302
0.248
0.384
0.295
1.306
1.342
1.305
0.927
1.518
0.885
0.592
0.743
0.737
0.576
0.964
0.679
0.576
0.982
0.874
1.603
1.610
1.732
0.542
0.773
0.694
0.664
0.710
0.703
0.622
0.976
0.659
0.805
0.983
0.897
1.978
1.983
1.948
1.013
1.048
1.044
1.644
2.042
1.874
1.627
1.708
1.653
2.083
2.152
2.078
0.969
0.999
0.931
2.029
1.939
1.958
1.412
1.463
1.462
1.525
1.619
1.500
1.273
1.299
1.202
0.344
0.407
0.409
0.719
0.937
0.783
0.599
0.933
0.886
0.881
0.954
0.884
0.784
0.819
0.688
1.334
1.556
1.454
0.946
1.435
1.128
0.836
1.262
1.479
1.613
1.717
1.629
1.549
1.648
1.664
1.184
1.198
1.126
2.134
2.188
2.171
1.801
1.954
1.989
1.432
1.450
1.504
1.361
1.473
1.419
0.967
1.048
0.996
1.333
1.676
1.344
0.589
0.800
0.711
1.513
1.658
1.670
2.186
2.593
2.320
1.237
1.304
1.324
0.425
0.714
0.681
1.832
1.887
1.866
1.190
1.241
1.218
0.897
1.011
0.929
0.503
0.586
0.419
0.982
0.930
1.127
1.750
1.747
1.807
0.467
0.997
0.372
0.844
1.616
0.585
0.637
0.713
0.619
0.709
1.208
0.606
1.489
1.561
1.407
2.454
2.481
2.471
0.695
0.765
0.677
2.760
2.831
2.785
1.634
1.637
1.590
1.329
1.454
1.374
1.877
1.983
1.938
0.696
0.818
0.830
0.730
0.784
0.758
0.770
0.835
0.860
0.976
1.040
0.746
1.254
1.576
1.388
1.562
1.856
1.758
1.561
1.625
1.617
0.423
0.826
1.010
1.598
1.708
1.609
0.728
0.778
0.770
2.877
2.922
2.913
1.344
1.352
1.302
1.974
2.014
1.967
1.121
1.143
1.157
0.456
0.690
0.674
0.456
0.690
0.674
0.456
0.690
0.674
1.187
1.193
1.095
0.451
0.501
0.443
0.973
1.132
0.971
1.556
1.557
1.562
0.833
0.984
0.961
0.415
0.605
0.521
0.805
0.910
0.826
0.893
1.020
0.940
0.893
1.219
1.149
1.355
1.330
1.187
0.903
1.587
1.070
1.252
1.771
1.359
1.034
1.091
1.266
0.937
0.958
0.940
1.197
1.236
1.168
0.698
0.782
0.672
1.538
1.565
1.574
1.227
1.478
1.460
1.042
1.165
1.098
3.174
3.273
3.013
0.945
1.045
1.009
1.067
1.218
1.148
1.318
1.316
1.140
0.794
0.904
0.657
1.536
1.714
1.609
0.568
0.723
0.650
0.988
1.046
1.019
1.200
1.296
1.128
1.284
1.332
1.345
1.709
2.234
1.798
1.868
1.872
1.832
0.887
0.983
0.932
1.302
2.040
1.230
0.721
0.872
0.859
0.328
0.369
0.238
1.526
1.721
1.586
1.006
0.930
0.998
0.844
0.934
0.901
0.654
0.782
0.686
3.459
3.401
3.509
1.257
1.354
1.220
1.246
1.198
1.227
0.428
0.600
0.498
1.609
1.570
1.470
1.254
1.478
1.323
1.108
1.345
1.191
1.616
1.997
1.773
0.639
0.759
0.680
0.810
0.863
0.819
0.625
0.652
0.685
0.810
0.819
0.693
1.162
1.322
1.337
0.802
0.901
0.893
1.100
1.119
1.027
1.146
1.309
1.308
1.221
1.428
1.346
0.840
1.125
0.866
0.598
0.656
0.627
1.551
1.779
1.539
0.951
1.014
0.969
1.323
1.295
1.588
1.261
1.286
1.232
0.218
0.562
0.323
2.207
2.248
2.248
0.849
0.950
0.921
0.803
0.966
0.903
1.710
1.825
1.772
2.348
2.509
2.364
1.519
1.499
1.396
0.942
1.302
1.283
0.655
0.668
0.689
1.731
1.823
1.871
0.752
0.811
0.751
2.749
2.752
2.788
1.529
1.758
1.635
3.514
3.468
3.470
3.483
3.608
3.688
0.536
0.837
0.607
0.826
0.825
0.790
1.088
0.953
0.794
1.234
1.321
1.255
0.851
1.079
0.963
2.044
2.071
1.989
1.252
1.354
1.333
0.709
0.738
0.587
1.562
1.571
1.303
2.011
1.997
1.927
1.158
1.353
1.236
2.720
2.781
2.784
1.474
1.413
1.464
1.569
1.441
1.497
0.714
0.757
0.746
0.499
0.601
0.464
1.089
1.082
1.140
0.385
0.557
0.552
1.204
1.277
1.281
2.023
2.203
2.155
0.631
0.746
0.590
0.950
0.936
0.918
0.541
0.770
0.916
0.725
0.806
0.759
0.524
1.031
0.411
0.800
0.854
0.728
0.231
0.377
0.368
0.946
1.017
1.011
1.468
1.525
1.488
1.887
1.772
1.843
2.895
2.900
2.552
2.717
2.962
2.887
1.656
1.837
1.587
1.656
1.800
1.591
1.069
1.299
1.178
1.300
1.407
1.247
0.475
0.545
0.456
1.612
1.594
1.521
1.289
1.442
1.401
0.795
0.992
0.979
0.527
0.562
0.540
1.061
1.060
1.028
1.249
1.432
1.367
0.750
0.872
0.698
1.247
1.214
1.174
1.119
1.266
1.258
0.936
1.248
1.169
1.095
1.147
1.137
0.950
1.054
1.003
1.291
1.499
1.573
0.766
0.871
0.799
1.236
1.246
1.065
1.131
1.199
1.129
0.843
0.901
0.939
0.716
0.776
0.689
1.906
2.086
1.902
1.349
1.382
1.356
0.886
0.978
0.915
0.930
1.094
1.207
1.544
1.836
1.658
0.758
0.855
0.827
1.021
1.084
1.058
0.635
0.960
0.797
2.008
2.277
2.249
0.702
0.752
0.691
0.702
0.741
0.796
1.253
1.408
1.389
0.501
0.620
0.572
2.371
2.688
2.486
0.893
1.101
0.920
0.771
0.897
0.823
1.298
1.267
1.255
0.691
0.668
0.711
1.317
1.396
1.364
1.196
1.297
1.100
1.230
1.473
1.223
0.850
0.923
0.965
1.593
1.679
1.510
0.559
0.686
0.592
2.108
2.229
2.035
1.155
1.125
1.001
1.598
1.631
1.659
1.531
1.533
1.520
2.250
2.313
2.110
0.912
1.047
0.986
1.377
1.560
1.560
0.941
1.091
1.066
0.826
0.934
0.778
0.563
0.739
0.628
0.755
0.773
0.728
1.389
1.488
1.466
1.275
1.300
1.186
1.064
1.272
1.026
0.640
0.808
1.015
1.534
1.670
1.429
1.674
1.875
1.802
0.779
1.228
1.011
0.604
0.755
0.678
0.672
0.772
0.441
0.713
0.847
0.760
1.996
2.003
1.822
1.317
1.353
1.301
0.811
0.995
0.985
1.121
1.221
1.126
0.499
0.656
0.604
1.280
1.365
1.364
1.483
1.506
1.151
0.604
0.755
0.678
1.507
1.584
1.510
1.033
1.160
1.061
0.584
0.731
0.655
0.774
0.852
0.785
0.853
0.918
0.901
0.584
0.731
0.655
1.200
1.269
1.223
0.287
0.368
0.461
0.729
0.790
1.084
1.723
1.792
1.885
1.222
1.375
1.345
1.328
1.339
1.294
0.584
0.731
0.655
1.530
1.559
1.384
0.841
0.857
0.848
0.584
0.731
0.655
0.641
0.753
0.690
0.878
1.084
1.004
1.069
1.114
1.122
0.848
0.897
0.922
0.707
1.018
0.853
1.520
1.561
1.356
0.641
0.796
0.604
0.641
0.789
0.664
0.641
0.826
0.664
1.278
1.383
1.409
0.943
1.129
1.003
0.406
0.640
0.546
0.662
0.776
0.736
0.604
0.755
0.678
0.684
0.723
0.727
1.380
1.423
1.347
0.660
0.782
0.703
0.632
0.754
0.689
0.491
1.238
0.726
1.373
1.421
1.293
1.552
1.347
1.436
0.885
0.956
0.938
1.788
1.753
1.739
1.254
1.329
1.256
0.700
0.841
0.772
2.108
2.520
2.397
0.855
0.969
0.902
0.964
1.106
1.091
0.584
0.731
0.655
0.696
0.909
0.739
0.446
0.671
0.458
0.950
0.943
0.898
0.963
0.972
0.773
1.632
1.685
1.645
1.562
1.582
1.538
1.259
1.279
1.260
0.523
0.682
0.569
1.374
1.524
1.481
0.569
0.685
0.597
1.270
1.497
1.413
1.313
1.503
1.314
0.824
1.484
1.032
1.622
1.800
1.696
0.900
0.986
0.910
1.005
1.068
0.985
0.818
0.897
0.892
0.729
0.813
0.741
0.942
0.898
0.917
2.318
2.325
2.219
0.701
0.719
0.687
1.784
1.852
1.804
2.073
2.343
2.221
3.567
3.585
3.491
0.481
0.559
0.566
0.716
0.866
0.837
1.008
1.088
0.911
1.721
1.815
1.713
2.985
3.060
3.101
0.798
0.952
0.659
0.336
0.437
0.402
0.537
0.771
0.646
0.591
0.631
0.601
0.899
0.927
0.950
1.003
1.078
0.990
1.361
1.663
1.447
2.031
2.233
2.181
1.629
1.702
1.619
0.680
0.830
0.789
0.628
0.820
0.692
2.124
2.198
2.152
0.730
0.840
0.786
1.434
1.468
1.392
1.285
1.378
1.362
1.987
2.041
1.948
1.652
1.568
1.995
2.475
2.469
2.445
0.782
0.750
0.604
0.588
0.873
0.734
0.956
1.122
1.045
1.356
1.344
1.348
1.252
1.317
1.284
2.125
2.080
1.992
1.814
1.828
1.835
1.890
1.905
1.930
1.275
1.395
1.334
0.860
0.863
0.872
0.683
0.898
0.854
0.547
0.663
0.651
1.169
1.254
1.239
0.925
1.039
1.169
0.857
0.932
0.891
0.847
1.152
1.008
1.532
1.594
1.636
1.252
1.454
1.443
2.291
2.181
2.157
1.600
1.658
1.618
1.880
1.915
1.961
1.140
1.362
1.349
1.554
1.606
1.616
0.805
0.967
0.814
1.366
1.405
1.361
0.587
0.871
0.817
0.711
0.677
0.752
1.215
1.321
1.341
0.422
0.433
0.509
0.789
0.996
0.957
1.039
1.015
0.966
2.127
2.139
2.172
1.563
1.789
1.722
0.803
0.893
0.805
2.166
2.149
2.134
0.840
0.963
0.978
2.376
2.404
2.358
1.755
1.880
1.822
1.825
2.018
1.912
2.093
2.125
2.111
0.748
1.552
1.073
2.894
3.010
3.024
2.776
2.855
2.781
1.298
1.401
1.404
0.892
1.022
0.953
1.468
1.514
1.525
0.548
0.712
0.674
1.255
1.229
1.236
1.614
1.705
1.731
2.437
2.542
2.474
2.097
2.162
2.167
0.932
1.126
1.035
1.784
1.877
1.892
0.662
0.847
0.827
1.143
1.160
1.149
1.350
1.362
1.356
0.631
0.817
0.817
1.037
1.178
1.167
0.696
0.852
0.841
1.343
1.288
1.172
2.421
2.454
2.452
2.005
2.004
2.057
2.404
2.390
2.489
0.788
0.945
0.915
0.668
0.715
0.728
1.390
1.404
1.375
0.713
0.790
0.733
2.157
2.265
2.293
1.121
1.559
1.656
0.345
0.529
0.531
0.729
0.776
0.672
1.536
1.615
1.535
0.694
0.917
0.864
1.498
1.538
1.479
1.140
1.090
1.052
1.279
1.371
1.376
0.712
0.983
0.933
1.118
1.133
1.095
1.592
1.638
1.418
2.607
2.677
2.721
1.422
1.404
1.244
0.744
0.801
0.784
0.739
0.750
0.768
2.302
2.257
2.104
1.588
1.654
2.099
2.383
2.506
2.416
0.871
1.025
0.892
1.665
1.707
1.538
2.001
2.126
2.042
1.466
1.517
1.493
0.885
1.062
1.021
1.574
1.818
1.943
1.151
1.338
1.329
1.143
1.099
0.922
1.442
1.486
1.673
0.898
0.958
0.980
0.720
0.777
0.798
0.702
0.792
0.844
0.702
0.792
0.844
0.702
0.792
0.844
1.907
1.952
1.890
0.434
0.595
0.392
1.374
1.426
1.388
0.443
0.523
0.534
1.262
1.442
1.353
0.762
1.071
1.085
0.703
0.761
0.729
1.818
1.934
1.646
0.995
1.223
1.127
0.291
0.429
0.387
0.833
1.111
1.008
1.528
1.993
1.797
0.828
0.929
1.011
1.557
1.500
1.626
0.743
0.874
0.534
1.837
2.082
1.847
1.183
1.335
1.290
1.609
1.614
1.546
2.110
2.242
2.346
2.545
3.553
2.568
1.643
1.691
1.686
0.866
0.951
0.869
1.058
1.098
0.946
1.014
1.258
1.225
1.038
1.190
1.209
1.305
1.286
1.192
1.406
1.389
1.236
1.835
2.065
2.138
2.454
2.592
2.508
1.408
1.414
1.294
0.237
0.376
0.399
1.029
1.055
1.044
0.206
0.500
0.394
1.421
1.727
1.618
1.327
1.262
1.216
1.494
1.557
1.499
1.736
1.987
1.874
0.372
0.497
0.475
2.130
2.126
2.001
0.989
1.014
0.926
0.568
0.685
0.492
0.881
0.987
0.955
1.697
1.692
1.480
0.651
0.704
0.612
0.475
0.550
0.463
0.578
0.596
0.552
0.483
0.631
0.554
0.638
0.759
0.689
0.828
0.920
0.913
2.123
2.494
2.242
0.916
0.880
0.929
0.768
0.899
0.836
1.001
1.095
1.001
0.788
0.756
0.631
1.607
1.731
1.698
1.007
1.066
1.012
0.806
0.832
0.870
0.835
0.976
0.907
1.157
1.251
1.146
1.110
1.348
1.154
1.178
1.293
1.319
0.393
0.507
0.442
0.936
0.902
0.901
2.438
2.425
2.490
1.400
1.522
1.475
0.904
0.982
0.987
0.430
0.689
0.592
0.430
0.689
0.592
0.430
0.689
0.592
0.855
0.941
0.883
1.248
1.331
1.192
0.827
0.899
0.622
1.033
1.213
1.265
0.573
0.631
0.586
1.469
1.550
1.501
1.516
1.581
1.592
0.814
1.002
0.818
0.627
0.747
0.759
1.307
1.486
1.449
1.577
1.910
1.813
0.974
1.011
0.986
0.565
0.681
0.450
0.564
0.585
0.547
1.532
1.570
1.586
1.361
1.369
1.410
1.361
1.563
1.410
1.485
1.571
1.528
1.266
1.404
1.312
0.548
0.718
0.765
2.306
2.315
2.214
0.605
0.680
0.651
1.209
1.242
1.208
0.956
0.990
0.978
1.104
1.188
1.227
1.053
1.075
0.935
0.194
0.454
0.466
0.696
0.938
0.852
0.589
0.649
0.858
1.302
1.284
1.153
0.582
0.600
0.476
1.519
1.484
1.497
1.909
2.074
1.993
0.827
0.861
0.861
1.587
1.567
1.445
0.987
1.007
0.983
0.848
0.802
0.985
0.813
0.880
0.751
1.875
1.941
1.910
1.318
1.473
1.319
1.967
2.070
1.951
1.013
1.144
1.112
0.645
0.843
0.733
0.638
0.789
0.744
1.746
1.736
1.745
1.137
1.152
1.133
0.710
0.813
0.817
0.710
0.813
0.817
2.035
2.063
2.087
0.703
0.928
0.743
1.695
1.750
1.715
1.234
1.386
1.274
0.661
0.759
0.661
1.261
1.335
1.246
0.941
1.083
0.931
0.718
0.969
0.805
2.680
2.729
2.589
1.757
1.854
1.820
1.607
1.723
1.649
2.585
2.631
2.586
0.958
1.117
1.033
0.887
0.915
0.871
1.230
1.389
1.307
1.231
1.549
1.432
0.983
1.116
0.985
0.633
0.581
0.747
1.521
1.622
1.510
1.022
1.219
1.131
1.251
1.314
1.256
0.712
0.787
0.740
1.391
1.372
1.141
1.168
1.251
1.251
0.439
0.595
0.519
0.827
0.884
0.815
0.589
0.700
0.668
1.593
1.663
1.650
0.908
0.958
1.008
0.649
0.774
0.707
1.485
1.675
1.594
1.514
2.166
1.665
1.465
1.661
1.637
0.864
0.978
0.894
0.691
0.800
0.741
1.087
1.065
0.909
0.544
0.917
0.780
1.037
1.106
1.079
0.933
1.007
0.954
1.381
1.560
1.457
0.635
1.110
0.935
2.003
1.982
2.050
0.792
0.854
0.772
1.988
2.100
1.917
0.673
0.674
0.635
1.251
1.222
1.173
2.601
2.634
2.682
2.388
2.606
2.498
0.664
0.775
0.773
1.604
1.816
1.723
1.028
0.988
0.897
1.045
1.242
1.115
1.939
2.320
1.973
1.860
1.874
1.865
1.962
2.056
2.030
0.879
1.030
0.880
1.444
1.464
1.313
0.697
0.808
0.745
2.307
2.448
2.374
1.570
1.654
1.375
1.069
1.130
1.103
0.368
0.547
0.475
0.601
0.618
0.528
1.061
1.089
1.119
0.686
0.851
0.694
2.218
2.364
2.328
1.323
1.417
1.356
1.254
1.299
1.296
0.702
0.911
0.841
0.697
0.808
0.745
1.294
1.366
1.314
0.327
0.470
0.409
0.731
0.834
0.631
0.676
0.724
0.670
1.217
1.309
1.275
0.739
0.883
0.785
0.788
0.990
0.904
0.423
0.467
0.475
0.691
0.800
0.741
0.604
0.739
0.655
1.016
1.030
0.985
0.730
0.738
0.661
0.981
1.017
0.988
0.564
0.709
0.630
1.128
1.186
1.125
0.642
0.893
0.802
2.961
3.283
3.083
2.961
3.283
3.083
2.961
3.283
3.083
0.798
1.025
0.972
0.697
0.808
0.745
1.705
1.780
1.705
1.163
1.236
1.203
0.653
0.668
0.566
0.835
0.938
0.851
0.668
0.797
0.704
1.115
1.249
1.135
0.772
0.813
0.820
1.572
1.637
1.581
0.606
0.618
0.582
2.468
2.402
2.380
0.910
0.783
0.847
0.697
0.808
0.745
0.610
0.761
0.711
0.931
1.027
0.983
0.492
0.577
0.470
2.205
2.266
2.199
0.668
0.968
0.842
0.997
1.247
1.151
2.194
2.357
2.204
0.559
0.658
0.607
0.553
0.905
0.723
1.781
1.809
1.823
1.208
1.266
1.168
1.526
1.630
1.570
1.334
1.375
1.340
1.634
1.691
1.652
1.112
1.219
1.188
1.054
1.521
1.237
1.834
1.874
1.909
1.125
1.228
1.192
1.824
1.899
1.985
1.052
1.143
1.124
1.234
1.307
1.354
1.213
1.182
1.219
0.342
0.560
0.475
0.927
1.170
1.021
1.547
1.491
1.558
1.927
2.009
1.972
2.142
2.294
2.232
1.014
1.081
0.964
2.672
2.548
2.442
0.980
1.018
0.722
1.859
1.912
1.844
1.511
1.678
1.704
1.023
1.106
1.102
1.331
1.441
1.309
0.898
1.123
1.130
2.543
2.620
2.580
1.718
1.830
1.829
1.381
1.547
1.581
1.786
1.791
1.798
0.736
1.014
0.835
1.574
1.647
1.503
1.323
1.489
1.479
1.618
1.590
1.640
2.608
2.694
2.672
2.156
2.136
2.163
0.649
0.764
0.661
1.331
1.545
1.479
1.613
1.686
1.705
1.410
1.604
1.439
1.291
1.749
1.487
1.024
1.307
1.181
1.686
1.657
1.589
0.811
0.797
0.782
0.910
0.883
1.072
1.219
1.365
1.299
1.263
1.310
1.259
0.710
0.823
0.731
0.710
0.823
0.731
0.960
1.052
1.010
1.243
1.263
1.197
0.655
0.660
0.512
2.087
2.232
2.082
1.551
1.461
1.475
0.756
0.872
0.699
0.271
0.622
0.476
0.541
0.574
0.583
0.985
1.068
1.030
2.446
2.480
2.130
1.420
1.353
1.069
0.236
0.371
0.295
1.745
1.733
1.835
0.583
0.637
0.659
0.743
0.884
0.796
0.671
0.879
0.677
1.598
1.652
1.562
1.218
1.265
1.207
2.006
2.193
2.052
1.193
1.065
0.953
1.996
1.990
1.978
1.485
1.539
1.523
1.062
1.090
0.957
1.656
2.046
1.821
0.512
0.524
0.439
2.423
2.564
2.425
1.586
1.654
1.731
0.740
0.864
0.826
1.173
1.177
1.160
0.711
0.833
0.800
1.227
1.430
1.131
1.315
1.358
1.240
2.458
2.475
2.494
0.721
0.897
0.854
1.082
1.319
1.260
1.006
1.200
1.048
0.619
0.610
0.881
1.427
1.558
1.526
0.322
0.446
0.367
1.242
1.327
1.227
0.884
1.017
0.884
2.502
2.544
2.478
1.653
2.064
1.878
0.558
0.712
0.640
0.414
0.494
0.416
1.090
1.173
1.198
2.245
2.192
1.935
0.924
0.994
0.853
1.310
1.276
1.295
0.607
0.672
1.058
0.830
0.899
0.881
1.620
1.760
1.632
0.768
0.879
0.846
2.736
2.799
2.782
3.097
3.071
3.048
1.148
1.471
1.329
1.145
1.221
1.197
1.735
1.736
1.742
1.403
1.530
1.461
1.769
1.918
1.887
1.043
1.048
1.046
0.978
1.122
1.092
1.148
1.245
1.135
0.675
0.817
0.739
0.263
0.315
0.267
1.076
1.156
1.131
0.801
1.005
0.930
0.640
0.739
0.691
2.020
2.178
2.126
1.286
1.660
1.524
1.113
1.238
1.200
0.565
0.917
0.813
1.555
1.825
1.722
1.586
1.607
1.415
0.721
0.761
0.760
1.737
1.986
1.694
1.215
1.350
1.379
1.305
1.423
1.373
0.727
0.770
0.575
2.243
2.300
2.271
0.578
0.804
0.624
0.578
0.714
0.624
1.546
1.625
1.442
0.453
0.619
0.568
0.757
0.816
0.815
0.480
0.696
0.611
0.711
0.799
0.738
0.621
0.702
0.658
0.763
0.817
0.797
0.751
0.710
0.725
1.516
1.496
1.491
0.982
1.050
0.928
0.837
0.942
0.899
0.547
0.671
0.626
1.633
1.615
1.524
2.732
2.650
2.667
1.325
1.375
1.328
0.803
0.802
0.834
0.742
0.792
0.818
0.682
0.887
0.765
1.440
1.461
1.422
0.443
0.698
0.686
1.393
1.374
1.321
0.672
0.926
0.790
0.335
0.424
0.437
0.506
0.605
0.590
1.333
1.409
1.349
1.601
1.632
1.561
0.606
0.626
0.603
0.970
1.012
1.016
0.697
0.808
0.745
0.697
0.808
0.745
1.249
1.326
1.275
1.102
1.444
1.360
0.809
0.998
0.942
0.465
0.515
0.559
1.029
1.481
1.103
0.881
1.135
1.012
0.366
0.450
0.515
0.888
0.924
1.022
2.217
2.251
2.282
0.749
0.908
0.852
2.335
2.344
2.241
1.017
1.307
1.069
0.659
0.728
0.550
1.732
1.851
1.780
1.659
1.742
1.706
0.990
1.027
0.999
0.689
0.861
0.734
1.072
1.168
1.128
0.629
0.756
0.768
0.773
0.836
0.739
2.332
2.374
2.367
2.078
2.106
2.071
1.445
1.499
1.472
1.023
0.994
0.998
1.606
1.856
1.696
0.544
0.687
0.727
1.262
1.334
1.291
1.077
1.194
1.104
1.666
1.720
1.704
0.809
0.965
0.701
1.144
1.339
1.147
1.166
1.257
1.210
2.737
2.829
2.736
0.610
0.614
0.585
0.610
0.706
0.662
0.829
0.849
0.896
0.450
0.507
0.428
0.725
0.854
0.753
1.427
1.530
1.463
0.364
0.366
0.349
1.100
1.330
1.243
0.517
0.636
0.620
1.966
2.107
1.925
1.089
1.197
1.148
0.735
0.932
0.971
0.666
1.002
0.813
2.739
2.858
2.783
1.892
1.920
1.879
1.376
1.393
1.372
1.199
1.265
1.153
0.643
0.755
0.575
0.770
0.971
0.902
0.780
0.890
0.826
1.690
1.740
1.738
1.236
1.187
1.158
0.715
0.851
0.778
1.163
1.219
1.263
1.642
1.921
1.666
0.931
0.973
0.894
1.072
1.070
0.997
1.248
1.296
1.258
0.407
0.434
0.517
1.458
1.532
1.494
1.302
1.305
1.344
1.020
1.043
1.032
1.120
1.282
1.222
1.656
1.674
1.636
1.052
1.212
1.181
1.411
1.496
1.459
0.309
0.358
0.225
0.621
0.420
0.500
0.720
0.714
0.720
0.905
0.941
0.932
0.752
0.823
0.775
0.752
0.840
0.795
1.386
1.434
1.414
0.983
1.135
1.036
1.219
1.467
1.301
1.084
1.189
1.177
1.051
1.191
1.115
0.221
0.420
0.332
0.732
0.776
0.790
0.613
0.729
0.665
0.249
0.437
0.316
0.541
0.639
0.667
1.144
1.600
1.543
1.307
1.468
1.427
2.646
2.719
2.607
0.802
0.922
0.869
0.656
0.917
0.846
0.824
0.975
0.941
1.051
1.093
1.098
2.047
2.087
1.969
0.783
0.792
0.775
1.231
1.362
1.253
2.966
2.984
2.969
1.315
1.460
1.495
0.833
0.948
0.905
0.675
0.664
0.612
0.981
1.190
1.050
1.794
2.017
1.891
1.922
2.135
2.023
1.935
2.094
1.967
0.908
0.979
0.976
0.765
0.847
0.822
0.504
0.733
0.530
0.914
1.541
1.042
0.609
0.724
0.688
0.427
0.692
0.583
0.519
0.562
0.419
1.077
1.339
1.224
0.985
1.131
1.040
0.422
0.628
0.506
1.172
1.274
1.182
1.293
1.276
1.268
0.220
0.823
0.260
0.799
0.883
0.883
0.851
0.854
0.817
0.712
0.808
0.696
0.869
0.937
0.933
0.471
0.611
0.544
0.547
0.631
0.576
0.915
1.564
1.078
1.008
1.036
1.026
0.461
0.572
0.488
1.711
1.759
1.628
1.547
1.959
1.687
2.074
2.090
2.096
0.829
0.815
0.722
0.648
0.721
0.769
0.814
0.927
0.894
0.925
1.395
1.196
0.958
0.998
0.849
1.580
1.729
1.679
0.813
0.914
0.795
1.102
1.350
1.401
0.775
0.774
0.786
0.809
0.959
0.881
0.677
0.752
0.750
1.786
1.923
1.788
0.526
0.550
0.714
1.076
1.172
1.075
0.967
0.957
0.896
0.602
0.815
0.799
1.213
1.217
1.196
0.870
1.157
0.853
2.179
2.232
2.216
0.874
1.108
1.108
1.551
1.578
1.479
0.784
0.829
0.619
1.397
1.435
1.354
0.820
0.926
0.857
1.839
1.859
1.814
0.757
0.982
1.250
0.692
0.715
0.719
1.752
1.845
1.737
1.658
1.747
1.723
0.756
1.197
1.227
2.152
2.103
2.094
0.608
0.762
0.605
0.568
0.645
0.575
0.320
0.438
0.372
0.516
0.590
0.556
1.019
1.141
1.000
0.932
1.037
1.020
1.359
1.659
1.143
0.924
0.986
0.972
0.969
1.000
0.987
1.109
1.192
1.180
1.526
1.633
1.487
1.454
1.585
1.662
0.818
0.886
0.908
0.444
0.558
0.495
0.564
0.605
0.547
0.784
0.951
0.694
0.947
0.970
0.939
0.444
0.558
0.495
0.368
0.509
0.439
0.444
0.558
0.495
1.866
1.866
1.857
1.413
1.428
1.390
1.602
1.642
1.569
1.161
1.279
1.314
0.741
0.788
0.758
1.333
1.430
1.319
1.099
1.160
1.068
0.541
0.585
0.588
1.744
1.839
1.782
2.460
2.683
2.623
0.664
0.847
0.771
0.463
0.734
0.599
1.731
1.736
1.732
1.159
1.338
1.250
0.992
1.274
1.083
0.576
0.709
0.697
0.754
0.818
0.808
0.705
0.957
0.891
1.304
1.271
1.306
1.114
1.290
1.100
0.717
0.836
0.845
0.260
0.336
0.394
1.360
1.528
1.484
0.670
0.734
0.752
0.292
0.452
0.409
0.837
0.859
0.897
0.539
0.727
0.600
0.696
0.728
0.646
0.767
0.995
0.854
1.355
1.348
1.264
2.157
2.121
2.151
2.054
2.259
2.138
0.794
1.000
0.770
1.060
1.312
1.290
0.516
0.648
0.608
0.902
0.909
0.856
1.604
1.719
1.648
1.661
1.620
1.716
1.438
1.484
1.493
1.438
1.484
1.493
1.256
1.310
1.332
1.559
1.563
1.407
1.786
1.867
1.812
0.914
1.096
1.020
1.326
1.451
1.397
1.210
1.507
1.391
1.142
1.196
1.187
0.962
1.104
0.920
2.467
2.831
2.613
1.543
1.704
1.598
0.275
0.387
0.400
2.873
2.908
2.820
1.338
1.588
1.487
1.030
1.465
1.253
0.435
0.915
0.780
2.280
2.330
2.257
1.744
1.729
1.696
0.569
0.799
0.712
1.041
1.091
0.857
1.613
1.640
1.609
1.770
1.939
1.824
2.321
2.529
2.527
0.939
0.997
0.899
0.905
1.003
0.981
1.290
1.320
1.322
1.870
1.956
1.929
1.078
1.171
1.187
0.870
1.063
0.999
0.773
0.878
0.827
1.529
1.533
1.510
0.872
0.860
0.730
1.987
2.085
2.030
1.235
1.297
1.180
1.290
1.398
1.435
1.820
1.917
1.874
0.960
0.893
0.923
1.168
1.243
1.193
1.239
1.287
0.996
1.336
1.473
1.392
0.389
0.394
0.274
1.456
1.561
1.406
1.339
1.355
1.408
1.048
1.127
0.935
1.579
1.666
1.622
2.087
2.106
2.131
1.726
1.932
1.821
1.119
1.177
1.323
1.383
1.501
1.407
1.707
1.786
1.743
0.531
0.667
0.554
0.677
0.695
0.710
1.869
2.113
2.156
1.644
1.806
1.666
0.675
0.637
0.624
1.022
1.145
1.134
3.352
3.485
3.209
2.966
3.264
3.101
1.537
1.607
1.470
1.687
1.710
1.783
0.605
0.870
0.845
0.746
0.899
0.845
0.450
0.628
0.531
0.961
1.121
1.088
1.164
1.341
1.341
0.652
1.120
0.732
0.652
0.992
0.930
0.651
0.994
0.853
1.585
1.560
1.540
1.537
1.804
1.738
0.538
0.535
0.194
0.545
0.684
0.572
1.114
1.127
1.032
1.630
1.681
1.647
2.029
2.162
2.107
1.495
1.573
1.611
1.691
1.663
1.758
1.196
1.138
1.179
1.470
1.653
1.531
0.781
0.920
0.896
1.360
1.297
1.073
1.814
1.822
1.889
1.345
1.361
1.300
1.303
1.367
1.361
0.617
0.871
0.771
0.441
0.445
0.515
1.184
1.349
1.327
0.835
0.717
0.663
0.681
0.742
0.620
1.305
1.254
1.271
1.186
1.387
1.159
0.624
0.698
0.695
0.363
0.688
0.300
0.644
0.616
0.737
1.178
1.269
1.200
0.592
0.824
0.623
0.557
0.594
0.554
1.375
1.412
1.377
1.797
1.892
1.793
0.696
0.820
0.777
0.792
0.977
0.890
0.893
1.618
1.093
2.432
2.519
2.552
1.485
1.633
1.549
0.668
0.732
0.459
1.804
1.888
1.889
1.112
1.213
1.208
1.133
1.193
1.291
1.627
1.648
1.689
1.574
1.804
1.661
0.830
0.923
0.822
0.830
0.923
0.822
0.633
0.850
0.871
0.743
1.084
1.012
0.770
1.200
0.922
1.825
1.978
1.977
0.258
0.377
0.749
0.322
0.460
0.491
1.903
1.934
1.801
0.579
0.783
0.700
0.936
1.108
1.101
1.023
0.937
0.966
0.340
0.391
0.372
0.688
0.700
0.742
1.148
1.319
1.247
0.372
0.688
0.479
0.931
0.952
0.931
1.003
1.104
1.035
0.872
1.026
0.829
0.778
0.837
0.841
1.554
1.638
1.617
1.313
1.400
1.349
0.924
0.957
0.913
0.530
0.587
0.536
1.159
1.198
1.146
0.973
1.376
1.088
0.684
0.681
0.858
1.164
1.311
1.157
1.164
1.361
1.367
1.783
1.873
1.875
1.289
1.373
1.307
1.161
1.221
1.244
1.253
1.576
1.471
2.574
2.614
2.590
0.798
0.931
0.963
0.700
0.929
0.749
1.264
1.372
1.256
0.375
0.633
0.533
0.832
0.948
0.971
0.450
0.556
0.491
0.814
0.908
0.797
1.703
1.622
1.651
0.711
0.725
0.667
0.765
0.901
0.752
0.476
0.468
0.407
1.691
1.806
1.704
0.837
0.945
0.857
1.148
1.256
1.174
1.571
1.531
1.677
0.621
0.580
0.563
2.540
2.673
2.578
1.220
1.452
1.268
1.360
1.469
1.427
0.862
1.003
0.920
0.993
1.020
0.988
1.421
1.450
1.400
1.443
1.864
1.740
1.179
1.255
1.201
0.937
1.129
1.023
0.816
0.827
0.805
1.137
1.185
1.066
2.244
2.282
2.297
1.631
1.758
1.627
0.896
1.220
1.022
1.061
1.159
1.140
0.441
0.545
0.484
0.621
0.705
0.685
0.713
0.773
0.683
0.769
0.980
0.970
1.594
1.629
1.570
0.491
0.615
0.437
1.387
1.435
1.400
1.269
1.464
1.813
0.998
1.080
1.007
1.185
1.234
1.178
1.222
1.390
1.284
0.639
0.691
0.695
1.540
1.608
1.578
0.797
0.822
0.813
1.588
1.823
1.835
0.962
0.999
1.032
0.825
1.034
1.040
0.450
0.556
0.491
1.042
1.038
1.120
1.529
1.730
1.549
1.214
1.251
1.258
1.497
1.478
1.484
0.961
1.142
0.991
1.322
1.516
1.416
1.490
1.533
1.521
0.930
1.011
1.004
0.638
0.861
0.882
0.800
0.837
0.774
0.665
0.777
0.725
0.856
0.890
0.873
0.863
1.085
0.878
0.363
0.582
0.531
1.803
2.127
2.261
0.744
0.849
0.782
0.702
0.750
0.666
1.107
2.308
1.675
1.044
1.152
0.965
2.758
2.773
2.733
0.265
0.436
0.383
0.636
0.657
0.557
0.617
0.671
0.609
0.659
0.717
0.655
0.206
0.407
0.334
1.639
1.682
1.771
0.174
0.312
0.272
1.362
1.519
1.443
0.658
0.838
0.752
1.313
1.389
1.338
0.455
0.569
0.508
1.707
1.687
1.650
1.133
1.234
1.275
1.108
1.458
1.267
1.182
1.160
1.097
0.805
0.960
0.917
1.356
1.349
1.322
1.878
1.955
1.918
0.289
0.328
0.271
1.819
1.909
1.698
1.742
1.823
1.947
0.957
1.037
0.859
0.611
0.924
0.807
0.319
0.389
0.380
0.390
0.641
0.535
1.637
1.619
1.618
0.725
0.905
0.896
0.305
0.580
0.422
1.935
1.913
1.908
0.600
0.680
0.733
0.663
0.827
0.764
1.231
1.210
1.155
1.287
1.365
1.336
1.270
1.507
1.343
0.824
0.874
0.717
0.911
1.069
0.923
0.743
0.929
0.901
0.494
0.572
0.595
0.976
1.033
0.963
1.449
1.594
1.326
1.804
2.230
2.209
2.278
2.309
2.232
1.983
1.921
2.066
0.588
0.516
0.578
1.111
1.079
1.044
2.059
2.129
1.902
2.025
2.212
2.054
1.288
1.445
1.429
1.015
1.207
1.005
0.683
0.607
0.567
1.452
1.470
1.430
2.002
2.007
2.056
1.238
1.535
1.428
2.488
2.600
2.562
1.788
1.768
1.622
0.618
0.700
0.650
0.758
0.831
0.719
0.999
0.923
0.998
1.227
1.378
1.235
0.763
0.862
0.822
1.268
1.304
1.277
1.145
1.208
1.149
0.769
0.949
0.869
0.811
0.827
0.810
0.888
0.940
1.281
1.019
1.030
0.974
1.650
1.765
1.656
2.054
2.289
2.147
0.807
0.832
0.814
0.855
0.920
0.886
1.157
1.157
1.280
0.787
1.127
1.022
0.744
1.000
0.628
1.113
1.247
1.142
0.642
0.635
0.646
0.533
0.737
0.662
0.909
1.172
1.107
1.220
1.451
1.315
1.121
1.266
1.217
1.781
1.990
1.954
1.076
1.199
1.150
1.855
1.835
1.875
1.006
1.143
1.122
1.266
1.392
1.332
0.950
1.090
1.002
1.757
1.874
1.753
1.200
1.265
1.200
0.617
0.845
0.805
1.972
2.062
1.977
0.361
0.582
0.433
0.928
0.964
0.767
1.231
1.215
1.196
0.654
0.702
0.634
0.468
0.556
0.235
0.703
1.070
0.885
0.914
1.039
0.982
1.309
1.348
1.349
1.962
2.021
1.978
0.960
1.364
1.155
1.478
1.576
1.582
0.596
0.610
0.579
1.564
1.616
1.737
0.506
0.699
0.698
1.128
1.442
1.335
0.933
1.131
1.048
1.107
1.291
1.299
1.353
1.636
1.333
1.353
1.598
1.501
1.854
1.898
1.890
1.289
1.275
1.278
1.858
1.850
1.878
1.074
1.116
1.065
1.498
1.507
1.469
1.824
1.890
1.837
1.758
1.783
1.780
2.212
2.227
2.250
1.443
1.748
1.501
0.863
1.047
0.843
1.559
1.408
1.886
0.357
0.519
0.358
0.921
1.011
0.700
2.288
2.296
2.187
0.849
0.869
0.774
1.485
1.556
1.528
0.550
0.635
0.544
0.874
1.204
0.967
0.976
0.958
0.813
1.042
1.451
1.417
1.018
0.992
1.042
1.166
1.487
1.381
1.511
1.641
1.469
0.626
0.677
0.606
1.003
1.108
1.351
0.715
0.735
0.465
0.559
0.997
0.583
1.431
1.485
1.468
0.806
0.809
0.702
0.318
0.396
0.367
0.894
1.098
0.976
1.586
1.725
1.622
0.893
1.145
1.086
1.226
1.678
1.407
1.527
1.732
1.455
1.319
1.449
1.456
0.841
0.912
0.779
0.842
0.886
0.823
0.894
1.533
1.058
1.040
1.040
1.158
1.382
1.918
1.562
0.162
0.401
0.296
1.516
1.268
1.321
2.166
2.194
2.116
2.039
2.053
2.035
0.255
0.429
0.327
1.267
1.438
1.412
1.038
1.147
1.169
1.000
1.014
1.140
1.310
1.536
1.424
1.924
1.964
2.100
2.658
2.762
2.769
1.807
1.922
1.864
1.677
1.781
1.719
0.786
0.897
0.883
1.793
1.868
1.795
1.540
1.575
1.508
1.116
1.883
1.073
1.580
1.706
1.705
1.401
2.180
2.506
0.637
0.752
0.743
1.964
1.940
1.826
1.635
1.756
1.770
0.670
0.720
0.689
1.819
1.936
1.859
1.273
1.405
1.457
1.736
1.776
1.734
1.041
1.100
1.038
0.973
1.077
0.936
0.894
1.118
0.982
0.634
0.790
0.851
1.550
1.650
1.559
0.958
0.955
0.989
0.910
0.925
0.771
0.693
0.716
0.714
1.553
1.684
1.576
1.828
1.940
1.860
0.643
1.011
0.783
0.485
0.610
0.582
0.528
0.601
0.605
1.215
1.332
1.177
0.637
0.857
0.730
0.365
0.415
0.295
0.352
0.383
0.372
0.331
0.435
0.340
1.155
1.299
1.303
1.213
1.206
1.092
0.688
0.736
0.680
1.297
1.475
1.390
1.695
2.024
1.780
0.423
0.650
0.476
0.993
1.154
1.370
2.029
2.226
2.222
1.940
2.035
1.929
1.145
1.389
1.096
2.133
2.260
2.287
1.447
1.512
1.521
0.607
0.727
0.827
0.695
0.947
0.834
0.657
0.902
0.712
1.043
1.121
1.128
0.908
0.941
0.964
0.886
1.085
1.020
0.717
0.829
0.794
0.200
0.457
0.411
1.314
1.418
1.383
1.264
1.409
1.239
1.775
1.770
1.545
2.102
2.168
2.101
0.748
0.910
0.862
1.752
1.770
1.738
0.933
1.496
1.042
0.848
0.898
0.846
1.126
1.089
1.090
1.271
1.820
1.183
1.114
1.434
1.249
1.412
1.383
1.358
0.639
0.685
0.677
0.855
0.805
0.862
1.072
1.217
1.215
0.688
1.030
0.803
0.677
0.714
0.643
0.350
0.572
0.421
0.490
0.389
0.463
0.529
0.782
0.636
0.681
0.839
0.787
0.792
0.955
0.847
1.424
1.578
1.432
1.385
1.505
1.640
1.245
1.282
1.349
1.101
1.176
1.160
0.719
0.690
0.704
1.107
1.155
1.123
1.558
1.708
1.660
0.607
0.547
0.677
0.636
0.759
0.638
1.419
1.480
1.465
1.176
1.329
1.274
1.273
1.294
1.309
0.854
0.964
0.976
0.790
0.913
0.886
2.068
2.143
2.089
1.026
1.340
1.148
1.544
1.629
1.649
1.133
1.187
1.615
0.282
0.640
0.327
1.904
1.992
1.971
0.272
0.651
0.578
0.468
0.563
0.513
1.138
1.195
1.189
1.158
1.283
1.234
0.888
0.969
1.004
1.022
1.099
1.000
0.870
1.420
1.058
0.783
0.888
0.909
0.836
0.901
0.835
1.058
1.063
1.011
0.616
0.813
0.577
1.571
1.787
1.541
0.419
0.491
0.419
0.655
0.964
0.790
1.795
1.791
1.748
0.219
0.497
0.361
0.660
0.807
0.772
0.568
0.672
0.636
1.055
1.216
1.119
0.699
0.864
0.872
0.404
0.554
0.577
0.603
0.619
0.612
0.906
0.933
0.950
0.962
1.031
1.001
1.232
1.430
1.278
0.999
1.124
1.041
0.697
0.748
0.707
1.809
1.863
1.783
1.369
1.513
1.504
1.320
1.357
1.204
1.353
1.455
1.474
0.586
0.695
0.606
0.809
0.999
0.844
0.991
1.146
1.068
1.009
1.032
0.871
1.562
1.692
1.616
1.054
1.099
1.107
0.334
0.407
0.301
0.390
0.598
0.550
0.814
0.758
0.862
0.566
0.830
0.697
1.334
1.435
1.380
1.325
1.545
1.540
0.985
1.040
0.954
1.379
1.343
1.320
1.097
1.087
1.067
1.442
1.517
1.414
0.819
0.897
0.776
1.781
1.808
1.688
0.837
1.057
0.980
0.497
0.583
0.507
2.153
2.186
2.156
0.929
1.033
1.023
0.614
0.764
0.753
0.803
0.927
0.818
0.888
0.934
0.724
1.243
1.471
1.405
2.456
2.550
2.483
1.314
1.447
1.305
0.682
0.845
0.766
1.249
1.287
1.223
0.954
1.126
1.002
0.764
0.829
0.797
0.416
0.501
0.479
0.785
0.827
0.689
1.102
1.112
0.907
1.215
1.289
0.968
0.937
1.109
1.075
0.298
0.398
0.355
0.462
0.535
0.518
1.385
1.422
1.378
0.919
0.926
1.008
1.560
1.544
1.582
1.229
1.319
1.306
0.968
1.106
0.979
0.826
0.889
0.693
1.014
1.651
1.102
1.124
1.117
1.017
1.558
1.705
1.653
1.940
2.047
1.877
0.359
0.386
0.419
1.016
0.972
1.024
0.566
0.571
0.512
1.580
1.703
1.720
1.952
1.872
1.685
0.548
0.627
0.574
1.517
1.546
1.596
0.697
0.789
0.709
1.127
1.175
1.116
1.227
1.316
1.287
1.883
1.957
1.948
1.735
1.773
1.790
1.086
1.118
1.171
1.278
1.287
1.270
2.795
2.824
2.818
0.877
0.987
0.834
1.152
1.246
1.227
1.078
1.272
1.126
1.713
1.824
1.755
1.638
1.740
1.754
1.045
1.050
0.951
1.260
1.362
1.294
1.349
1.486
1.347
1.335
1.270
1.083
0.836
0.924
0.730
0.965
1.100
1.069
0.891
0.903
0.812
1.464
1.487
1.450
1.887
1.923
1.742
1.003
1.104
1.041
1.242
1.499
1.704
1.380
1.409
1.194
1.089
1.533
1.369
1.484
1.490
1.431
1.292
1.578
1.464
2.003
1.997
2.125
0.364
0.759
0.599
1.355
1.437
1.389
1.653
1.705
1.708
0.532
0.707
1.140
1.634
1.759
1.788
1.880
1.966
1.981
0.817
0.839
0.804
0.982
1.031
1.005
1.450
1.437
1.451
1.416
1.413
1.346
0.807
0.913
0.875
1.344
1.498
1.339
0.833
0.895
1.285
1.115
1.223
0.920
1.340
1.375
1.294
0.476
0.476
0.471
1.249
1.411
1.393
1.823
1.921
1.886
2.881
2.879
2.875
1.236
1.368
1.293
0.819
0.886
0.864
1.014
1.059
1.026
1.166
1.298
1.179
1.469
1.555
1.565
1.329
1.338
1.337
1.890
1.922
1.922
1.775
1.782
1.699
1.189
1.198
1.277
0.649
0.698
0.683
0.761
0.766
0.808
0.690
0.746
0.715
1.797
1.924
1.798
0.499
0.536
0.416
1.417
1.445
1.429
2.002
1.995
1.903
2.149
2.068
2.107
2.173
2.294
2.291
1.649
1.921
1.772
1.280
1.411
1.335
0.558
0.571
0.596
0.754
1.179
0.906
2.145
2.177
2.112
0.528
0.612
0.542
0.215
0.461
0.279
0.646
1.041
0.890
0.915
1.020
0.897
0.637
1.107
0.998
1.271
1.659
1.380
0.202
0.808
0.259
0.802
0.991
0.906
1.279
1.418
1.317
1.053
1.165
1.173
0.821
0.879
0.813
1.230
1.369
1.089
0.663
0.758
0.655
1.445
1.560
1.446
1.987
2.021
1.992
1.225
1.250
1.318
1.205
1.469
1.449
1.034
1.189
1.147
0.799
0.864
0.795
0.392
0.613
0.480
0.641
0.695
0.624
1.904
1.993
1.951
1.052
1.617
1.281
0.757
0.790
0.694
0.389
0.482
0.365
0.743
0.910
0.849
0.628
0.699
0.660
0.997
1.222
1.085
0.503
0.599
0.529
1.230
1.350
1.260
0.855
0.831
0.847
1.218
1.235
1.264
1.731
1.886
1.809
1.356
1.407
1.289
1.360
1.484
1.620
1.138
1.172
1.161
0.295
0.431
0.350
0.269
0.454
0.411
0.357
0.387
0.342
0.823
0.900
0.910
0.976
1.066
1.090
0.877
1.120
0.865
1.362
1.429
1.451
0.761
0.897
0.852
1.500
1.821
1.600
1.410
1.624
1.514
0.639
0.615
0.590
0.762
0.814
0.745
0.282
0.394
0.338
1.488
2.519
1.700
1.753
1.778
1.821
0.282
0.288
0.291
1.327
1.323
1.268
0.996
0.990
0.954
0.737
0.827
0.830
2.129
2.093
2.211
1.974
1.866
1.902
1.675
1.696
1.560
