0.359
0.323
0.369
1.000
1.181
0.985
0.388
0.343
0.392
0.995
1.167
0.967
0.328
0.349
0.393
0.971
1.200
1.022
0.343
0.453
0.421
1.102
1.025
0.971
0.296
0.436
0.382
1.058
1.023
0.934
0.320
0.548
0.340
0.479
0.360
0.325
0.314
0.558
0.353
0.463
0.339
0.340
0.305
0.558
0.364
0.457
0.330
0.336
0.384
0.326
0.383
1.009
1.176
0.974
0.407
0.344
0.404
1.000
1.161
0.955
0.343
0.346
0.402
0.970
1.189
1.008
0.342
0.459
0.421
1.111
1.027
0.962
0.299
0.448
0.389
1.066
1.026
0.923
0.326
0.554
0.346
0.497
0.357
0.337
0.318
0.564
0.361
0.489
0.338
0.357
0.310
0.562
0.368
0.481
0.333
0.349
0.355
0.307
0.358
0.990
1.170
0.967
0.388
0.324
0.379
0.991
1.158
0.952
0.320
0.329
0.380
0.960
1.193
1.011
0.338
0.455
0.417
1.118
1.037
0.970
0.288
0.426
0.370
1.062
1.017
0.922
0.307
0.534
0.330
0.480
0.338
0.318
0.300
0.545
0.344
0.468
0.320
0.335
0.290
0.542
0.351
0.461
0.311
0.328
0.388
0.340
0.389
1.016
1.193
1.000
0.415
0.355
0.410
1.007
1.177
0.984
0.352
0.354
0.403
0.986
1.212
1.037
0.360
0.461
0.438
1.128
1.038
0.991
0.313
0.441
0.392
1.080
1.033
0.948
0.343
0.562
0.364
0.518
0.372
0.356
0.336
0.574
0.381
0.505
0.352
0.373
0.327
0.574
0.391
0.502
0.346
0.369
0.369
0.359
0.386
1.010
1.172
0.993
0.381
0.379
0.402
1.001
1.162
0.979
0.335
0.394
0.407
0.985
1.201
1.039
0.363
0.506
0.447
1.158
1.078
0.992
0.308
0.458
0.389
1.097
1.047
0.938
0.337
0.553
0.368
0.522
0.402
0.346
0.330
0.558
0.380
0.504
0.373
0.358
0.321
0.556
0.382
0.494
0.370
0.348
0.368
0.333
0.383
0.989
1.102
0.968
0.386
0.352
0.401
0.985
1.096
0.952
0.330
0.370
0.406
0.959
1.137
1.015
0.339
0.445
0.422
1.117
1.012
0.957
0.295
0.425
0.381
1.071
1.005
0.917
0.320
0.510
0.347
0.499
0.372
0.335
0.318
0.515
0.362
0.492
0.353
0.355
0.306
0.511
0.362
0.479
0.347
0.342
0.353
0.333
0.370
1.000
1.148
0.976
0.373
0.352
0.390
0.998
1.148
0.967
0.321
0.371
0.394
0.972
1.181
1.024
0.344
0.467
0.432
1.141
1.049
0.978
0.293
0.444
0.385
1.089
1.036
0.934
0.316
0.530
0.352
0.495
0.371
0.331
0.314
0.541
0.364
0.483
0.353
0.345
0.303
0.538
0.366
0.476
0.344
0.337
0.337
0.311
0.356
0.963
1.063
0.941
0.346
0.331
0.372
0.951
1.062
0.928
0.299
0.352
0.377
0.924
1.087
0.977
0.316
0.427
0.399
1.057
0.972
0.924
0.278
0.408
0.367
1.025
0.968
0.895
0.303
0.485
0.336
0.450
0.353
0.311
0.300
0.489
0.354
0.440
0.328
0.331
0.286
0.486
0.353
0.428
0.318
0.321
0.421
0.405
0.434
1.025
1.179
1.008
0.438
0.426
0.453
1.018
1.168
0.994
0.386
0.438
0.451
0.991
1.191
1.035
0.428
0.536
0.497
1.142
1.077
1.021
0.366
0.506
0.441
1.084
1.058
0.960
0.397
0.586
0.405
0.541
0.455
0.394
0.388
0.592
0.422
0.527
0.432
0.410
0.369
0.580
0.412
0.509
0.417
0.391
0.377
0.349
0.373
1.031
1.201
0.988
0.396
0.363
0.389
1.022
1.187
0.969
0.340
0.376
0.392
0.991
1.218
1.018
0.365
0.484
0.425
1.148
1.065
0.990
0.312
0.460
0.373
1.097
1.057
0.936
0.340
0.566
0.347
0.505
0.385
0.339
0.337
0.574
0.358
0.495
0.370
0.353
0.322
0.568
0.358
0.482
0.357
0.342
0.364
0.346
0.334
0.989
1.119
0.927
0.386
0.357
0.357
0.986
1.113
0.924
0.331
0.368
0.357
0.945
1.126
0.952
0.349
0.474
0.390
1.075
1.050
0.935
0.305
0.432
0.342
1.037
1.030
0.897
0.330
0.515
0.332
0.470
0.380
0.323
0.327
0.521
0.340
0.459
0.370
0.328
0.313
0.511
0.333
0.449
0.360
0.318
0.386
0.367
0.396
0.972
1.134
0.947
0.401
0.377
0.407
0.966
1.123
0.936
0.347
0.397
0.413
0.932
1.152
0.981
0.377
0.482
0.437
1.070
1.007
0.945
0.336
0.474
0.401
1.034
1.010
0.912
0.363
0.563
0.366
0.506
0.411
0.364
0.352
0.569
0.379
0.488
0.386
0.373
0.336
0.556
0.368
0.473
0.373
0.354
0.356
0.329
0.376
0.983
1.166
0.982
0.371
0.352
0.390
0.971
1.154
0.965
0.328
0.363
0.401
0.962
1.196
1.028
0.346
0.441
0.421
1.096
1.007
0.968
0.301
0.421
0.379
1.048
0.999
0.927
0.330
0.542
0.341
0.491
0.370
0.329
0.321
0.550
0.350
0.473
0.346
0.342
0.308
0.548
0.361
0.465
0.333
0.339
0.371
0.319
0.374
0.993
1.168
0.964
0.385
0.339
0.391
0.979
1.150
0.947
0.333
0.345
0.396
0.955
1.183
1.000
0.331
0.435
0.407
1.082
0.996
0.943
0.291
0.431
0.379
1.039
0.996
0.908
0.320
0.553
0.338
0.482
0.349
0.326
0.313
0.561
0.350
0.469
0.331
0.341
0.301
0.557
0.360
0.463
0.323
0.337
0.343
0.304
0.351
0.976
1.164
0.959
0.366
0.323
0.371
0.969
1.148
0.945
0.313
0.331
0.377
0.949
1.188
1.004
0.330
0.432
0.407
1.092
1.008
0.954
0.282
0.410
0.362
1.039
0.991
0.910
0.302
0.531
0.321
0.466
0.333
0.307
0.295
0.541
0.332
0.450
0.316
0.321
0.281
0.537
0.342
0.443
0.303
0.317
0.380
0.339
0.384
1.003
1.187
0.992
0.400
0.359
0.406
0.991
1.173
0.980
0.349
0.361
0.404
0.976
1.209
1.032
0.354
0.444
0.429
1.103
1.012
0.976
0.312
0.431
0.388
1.060
1.011
0.937
0.342
0.562
0.358
0.507
0.371
0.348
0.332
0.571
0.372
0.490
0.351
0.361
0.320
0.570
0.384
0.485
0.340
0.358
0.360
0.359
0.383
0.999
1.166
0.989
0.373
0.386
0.403
0.988
1.157
0.976
0.332
0.395
0.405
0.976
1.195
1.033
0.360
0.491
0.443
1.136
1.055
0.980
0.307
0.448
0.386
1.081
1.027
0.931
0.336
0.551
0.361
0.512
0.401
0.339
0.330
0.555
0.373
0.493
0.374
0.350
0.315
0.552
0.376
0.479
0.364
0.339
0.355
0.326
0.372
0.974
1.089
0.958
0.367
0.346
0.388
0.961
1.078
0.940
0.317
0.362
0.394
0.941
1.122
1.001
0.329
0.425
0.409
1.089
0.984
0.938
0.287
0.408
0.370
1.047
0.978
0.901
0.314
0.501
0.336
0.485
0.364
0.321
0.310
0.504
0.349
0.473
0.343
0.338
0.295
0.497
0.351
0.460
0.333
0.327
0.338
0.326
0.360
0.983
1.135
0.967
0.355
0.352
0.383
0.977
1.135
0.959
0.310
0.367
0.386
0.959
1.171
1.017
0.335
0.446
0.421
1.118
1.021
0.962
0.288
0.426
0.376
1.069
1.008
0.920
0.310
0.520
0.339
0.480
0.365
0.316
0.306
0.528
0.350
0.466
0.344
0.328
0.293
0.525
0.355
0.458
0.333
0.322
0.328
0.306
0.349
0.950
1.051
0.932
0.335
0.330
0.366
0.934
1.045
0.918
0.294
0.349
0.374
0.911
1.073
0.966
0.306
0.409
0.386
1.031
0.945
0.908
0.272
0.395
0.359
1.001
0.942
0.880
0.297
0.479
0.327
0.438
0.347
0.301
0.293
0.480
0.342
0.426
0.323
0.319
0.278
0.476
0.344
0.413
0.308
0.309
0.410
0.400
0.425
1.019
1.178
1.005
0.424
0.425
0.444
1.007
1.162
0.988
0.380
0.437
0.444
0.986
1.191
1.032
0.423
0.521
0.488
1.127
1.062
1.013
0.361
0.493
0.433
1.068
1.042
0.951
0.391
0.581
0.397
0.526
0.448
0.382
0.383
0.587
0.411
0.511
0.426
0.394
0.363
0.575
0.405
0.494
0.410
0.380
0.372
0.351
0.372
1.021
1.199
0.983
0.386
0.368
0.387
1.005
1.179
0.960
0.338
0.378
0.390
0.979
1.212
1.008
0.360
0.467
0.417
1.123
1.039
0.973
0.310
0.450
0.370
1.075
1.035
0.924
0.340
0.569
0.343
0.496
0.385
0.333
0.337
0.574
0.351
0.485
0.370
0.343
0.319
0.569
0.355
0.472
0.354
0.336
0.353
0.342
0.327
0.974
1.112
0.918
0.374
0.359
0.352
0.969
1.105
0.916
0.326
0.370
0.355
0.933
1.122
0.945
0.336
0.460
0.378
1.041
1.023
0.914
0.299
0.426
0.338
1.013
1.013
0.885
0.325
0.516
0.328
0.457
0.378
0.317
0.322
0.519
0.332
0.445
0.368
0.320
0.304
0.507
0.326
0.432
0.354
0.309
0.381
0.368
0.394
0.968
1.135
0.946
0.391
0.382
0.405
0.957
1.120
0.934
0.346
0.403
0.415
0.928
1.152
0.981
0.373
0.467
0.431
1.055
0.990
0.937
0.333
0.461
0.396
1.021
0.992
0.905
0.363
0.564
0.362
0.500
0.412
0.360
0.349
0.567
0.371
0.479
0.386
0.365
0.332
0.553
0.362
0.463
0.369
0.347
0.371
0.343
0.393
0.993
1.174
0.991
0.382
0.362
0.403
0.977
1.156
0.968
0.335
0.370
0.412
0.964
1.199
1.031
0.361
0.453
0.433
1.121
1.024
0.984
0.307
0.427
0.387
1.061
1.006
0.931
0.347
0.552
0.344
0.511
0.389
0.338
0.331
0.555
0.357
0.492
0.358
0.353
0.322
0.554
0.367
0.487
0.350
0.350
0.359
0.328
0.372
0.992
1.178
0.979
0.377
0.348
0.390
0.982
1.161
0.959
0.324
0.351
0.392
0.958
1.196
1.014
0.343
0.443
0.416
1.097
1.009
0.964
0.292
0.427
0.378
1.047
1.003
0.920
0.327
0.555
0.334
0.481
0.366
0.319
0.315
0.559
0.345
0.463
0.343
0.334
0.306
0.559
0.360
0.460
0.334
0.333
0.359
0.316
0.367
0.987
1.172
0.965
0.377
0.331
0.380
0.975
1.148
0.945
0.320
0.336
0.386
0.951
1.192
1.006
0.349
0.454
0.424
1.120
1.027
0.970
0.289
0.420
0.370
1.056
1.001
0.913
0.319
0.543
0.328
0.488
0.352
0.318
0.304
0.548
0.340
0.470
0.326
0.331
0.295
0.545
0.349
0.464
0.319
0.328
0.396
0.353
0.400
1.019
1.201
1.004
0.409
0.366
0.414
1.000
1.179
0.985
0.358
0.367
0.413
0.984
1.218
1.038
0.368
0.457
0.440
1.130
1.030
0.992
0.318
0.439
0.396
1.079
1.023
0.945
0.358
0.575
0.365
0.527
0.387
0.358
0.342
0.580
0.380
0.510
0.362
0.371
0.335
0.581
0.393
0.509
0.357
0.372
0.373
0.371
0.398
1.006
1.173
0.996
0.379
0.390
0.411
0.990
1.157
0.977
0.337
0.402
0.415
0.975
1.198
1.037
0.374
0.504
0.456
1.158
1.065
0.994
0.311
0.454
0.392
1.090
1.031
0.932
0.348
0.559
0.364
0.529
0.415
0.346
0.333
0.557
0.375
0.507
0.381
0.356
0.323
0.556
0.379
0.496
0.377
0.347
0.369
0.339
0.388
0.983
1.092
0.965
0.378
0.355
0.399
0.970
1.079
0.945
0.328
0.371
0.407
0.946
1.121
1.006
0.346
0.441
0.424
1.115
0.999
0.954
0.296
0.418
0.381
1.063
0.987
0.908
0.329
0.510
0.344
0.506
0.383
0.334
0.321
0.508
0.358
0.494
0.357
0.350
0.309
0.505
0.359
0.482
0.352
0.340
0.352
0.338
0.374
0.993
1.144
0.975
0.366
0.356
0.391
0.982
1.136
0.960
0.318
0.369
0.394
0.961
1.172
1.018
0.347
0.459
0.432
1.138
1.034
0.975
0.293
0.436
0.384
1.082
1.017
0.925
0.322
0.530
0.345
0.499
0.380
0.326
0.313
0.534
0.357
0.483
0.356
0.338
0.301
0.530
0.359
0.473
0.345
0.330
0.337
0.317
0.360
0.955
1.057
0.936
0.341
0.338
0.374
0.937
1.051
0.919
0.299
0.356
0.381
0.913
1.078
0.969
0.317
0.421
0.397
1.053
0.960
0.921
0.278
0.405
0.367
1.015
0.952
0.885
0.307
0.489
0.330
0.453
0.362
0.308
0.300
0.489
0.347
0.441
0.334
0.327
0.287
0.484
0.348
0.429
0.323
0.317
0.419
0.408
0.436
1.023
1.181
1.008
0.430
0.432
0.452
1.008
1.164
0.991
0.381
0.440
0.449
0.981
1.190
1.031
0.434
0.531
0.498
1.143
1.069
1.022
0.367
0.504
0.442
1.081
1.049
0.956
0.406
0.592
0.404
0.542
0.463
0.390
0.391
0.593
0.417
0.525
0.434
0.401
0.376
0.582
0.410
0.513
0.426
0.390
0.385
0.361
0.385
1.031
1.206
0.989
0.395
0.377
0.396
1.012
1.184
0.966
0.345
0.387
0.401
0.982
1.216
1.013
0.376
0.482
0.432
1.147
1.054
0.990
0.317
0.460
0.378
1.090
1.045
0.930
0.355
0.578
0.349
0.514
0.401
0.343
0.346
0.581
0.359
0.501
0.380
0.353
0.331
0.574
0.361
0.490
0.368
0.346
0.369
0.355
0.343
0.995
1.129
0.934
0.385
0.369
0.366
0.986
1.120
0.931
0.335
0.378
0.367
0.944
1.133
0.957
0.354
0.472
0.395
1.073
1.041
0.937
0.310
0.437
0.349
1.035
1.027
0.897
0.338
0.524
0.335
0.475
0.391
0.327
0.332
0.528
0.342
0.462
0.376
0.331
0.318
0.517
0.336
0.450
0.367
0.322
0.406
0.392
0.420
0.991
1.157
0.968
0.411
0.403
0.429
0.976
1.140
0.955
0.361
0.417
0.434
0.944
1.171
1.001
0.401
0.495
0.459
1.087
1.015
0.966
0.353
0.483
0.419
1.045
1.012
0.925
0.391
0.590
0.385
0.526
0.437
0.381
0.373
0.590
0.393
0.501
0.405
0.384
0.359
0.577
0.385
0.491
0.395
0.369
0.345
0.318
0.362
0.977
1.157
0.971
0.352
0.331
0.369
0.957
1.136
0.949
0.312
0.340
0.380
0.950
1.181
1.009
0.341
0.433
0.413
1.107
1.010
0.969
0.287
0.408
0.363
1.047
0.994
0.914
0.317
0.528
0.327
0.482
0.357
0.316
0.311
0.538
0.338
0.467
0.336
0.330
0.299
0.535
0.349
0.463
0.326
0.329
0.332
0.306
0.343
0.977
1.163
0.962
0.350
0.321
0.360
0.963
1.141
0.940
0.305
0.328
0.366
0.947
1.181
0.996
0.326
0.426
0.399
1.084
0.999
0.953
0.275
0.411
0.356
1.034
0.993
0.907
0.303
0.535
0.320
0.456
0.343
0.302
0.297
0.543
0.330
0.438
0.324
0.313
0.286
0.542
0.344
0.437
0.315
0.315
0.359
0.308
0.360
0.986
1.157
0.950
0.368
0.318
0.371
0.967
1.131
0.927
0.319
0.325
0.377
0.944
1.169
0.983
0.325
0.429
0.399
1.091
0.998
0.942
0.277
0.419
0.363
1.043
0.997
0.898
0.306
0.538
0.324
0.475
0.338
0.314
0.300
0.547
0.338
0.466
0.320
0.330
0.290
0.543
0.346
0.460
0.315
0.326
0.367
0.328
0.371
0.997
1.179
0.982
0.383
0.339
0.386
0.979
1.154
0.963
0.335
0.340
0.385
0.965
1.195
1.015
0.348
0.432
0.420
1.111
1.012
0.975
0.297
0.418
0.371
1.060
1.006
0.926
0.330
0.551
0.346
0.499
0.359
0.336
0.321
0.559
0.359
0.484
0.341
0.349
0.313
0.560
0.374
0.485
0.335
0.350
0.347
0.343
0.365
0.985
1.146
0.970
0.352
0.360
0.379
0.968
1.129
0.952
0.313
0.372
0.383
0.957
1.172
1.012
0.347
0.477
0.428
1.139
1.046
0.972
0.288
0.431
0.365
1.072
1.011
0.911
0.319
0.531
0.344
0.499
0.382
0.323
0.314
0.534
0.354
0.484
0.357
0.332
0.301
0.533
0.360
0.475
0.352
0.327
0.345
0.313
0.358
0.964
1.068
0.943
0.352
0.326
0.370
0.950
1.056
0.922
0.305
0.341
0.376
0.929
1.099
0.984
0.324
0.417
0.402
1.099
0.984
0.937
0.274
0.394
0.354
1.047
0.971
0.889
0.301
0.485
0.324
0.476
0.349
0.310
0.297
0.485
0.336
0.468
0.329
0.326
0.284
0.482
0.338
0.458
0.324
0.318
0.329
0.315
0.346
0.975
1.118
0.954
0.339
0.330
0.362
0.961
1.110
0.940
0.298
0.345
0.367
0.943
1.146
0.997
0.327
0.437
0.411
1.122
1.019
0.958
0.271
0.411
0.357
1.065
0.999
0.906
0.298
0.501
0.328
0.472
0.350
0.305
0.294
0.507
0.337
0.460
0.333
0.316
0.283
0.508
0.343
0.455
0.325
0.314
0.320
0.295
0.336
0.948
1.041
0.925
0.322
0.313
0.348
0.929
1.031
0.907
0.281
0.329
0.355
0.906
1.061
0.957
0.301
0.400
0.378
1.047
0.948
0.910
0.262
0.385
0.346
1.011
0.942
0.876
0.287
0.468
0.316
0.435
0.339
0.293
0.284
0.468
0.331
0.424
0.313
0.309
0.271
0.467
0.335
0.414
0.303
0.303
0.399
0.387
0.410
1.008
1.164
0.987
0.406
0.403
0.424
0.989
1.142
0.968
0.364
0.415
0.424
0.967
1.172
1.011
0.415
0.510
0.478
1.130
1.052
1.004
0.347
0.481
0.417
1.067
1.031
0.937
0.381
0.569
0.385
0.522
0.436
0.371
0.373
0.575
0.400
0.509
0.415
0.385
0.353
0.563
0.393
0.493
0.401
0.371
0.357
0.337
0.355
1.017
1.191
0.972
0.367
0.348
0.366
0.996
1.165
0.946
0.322
0.356
0.369
0.971
1.201
0.994
0.354
0.459
0.409
1.135
1.040
0.975
0.297
0.439
0.355
1.080
1.034
0.916
0.328
0.553
0.328
0.488
0.373
0.319
0.327
0.561
0.339
0.478
0.357
0.329
0.310
0.556
0.343
0.468
0.345
0.323
0.347
0.335
0.319
0.980
1.114
0.915
0.363
0.343
0.337
0.967
1.095
0.905
0.315
0.352
0.336
0.931
1.115
0.935
0.333
0.452
0.371
1.061
1.031
0.920
0.290
0.415
0.325
1.024
1.014
0.881
0.314
0.502
0.314
0.452
0.366
0.306
0.310
0.505
0.319
0.441
0.356
0.308
0.299
0.500
0.319
0.434
0.349
0.303
0.376
0.362
0.385
0.965
1.129
0.937
0.379
0.366
0.390
0.947
1.108
0.921
0.335
0.388
0.399
0.919
1.142
0.967
0.374
0.467
0.429
1.065
0.991
0.939
0.324
0.456
0.385
1.021
0.988
0.896
0.357
0.558
0.356
0.495
0.403
0.352
0.345
0.562
0.365
0.476
0.378
0.358
0.329
0.550
0.359
0.467
0.367
0.346
0.376
0.342
0.391
0.998
1.178
0.996
0.377
0.360
0.400
0.979
1.163
0.979
0.334
0.367
0.405
0.970
1.204
1.039
0.357
0.448
0.431
1.113
1.019
0.983
0.312
0.428
0.387
1.064
1.010
0.936
0.343
0.553
0.353
0.511
0.381
0.344
0.332
0.558
0.363
0.493
0.356
0.356
0.323
0.559
0.376
0.488
0.347
0.356
0.362
0.329
0.371
0.996
1.179
0.983
0.375
0.350
0.389
0.984
1.165
0.968
0.324
0.351
0.388
0.963
1.198
1.020
0.342
0.442
0.416
1.089
1.007
0.964
0.298
0.428
0.378
1.048
1.006
0.925
0.328
0.556
0.344
0.483
0.365
0.328
0.318
0.560
0.352
0.463
0.343
0.337
0.308
0.561
0.368
0.459
0.333
0.338
0.389
0.330
0.387
1.010
1.179
0.976
0.393
0.346
0.399
0.989
1.159
0.959
0.340
0.347
0.399
0.963
1.189
1.009
0.338
0.442
0.414
1.096
1.008
0.956
0.300
0.438
0.385
1.057
1.013
0.918
0.331
0.559
0.348
0.499
0.358
0.341
0.320
0.564
0.359
0.487
0.338
0.354
0.313
0.564
0.372
0.482
0.332
0.351
0.359
0.313
0.362
0.987
1.168
0.966
0.372
0.329
0.376
0.975
1.151
0.952
0.316
0.330
0.377
0.952
1.188
1.007
0.338
0.441
0.414
1.105
1.016
0.963
0.289
0.416
0.366
1.054
1.001
0.914
0.312
0.537
0.330
0.482
0.341
0.319
0.302
0.544
0.341
0.466
0.321
0.332
0.292
0.543
0.353
0.461
0.312
0.329
0.377
0.368
0.396
1.010
1.171
0.996
0.376
0.390
0.409
0.990
1.158
0.980
0.335
0.399
0.411
0.977
1.196
1.039
0.363
0.491
0.445
1.141
1.053
0.981
0.312
0.448
0.389
1.089
1.028
0.932
0.345
0.557
0.371
0.526
0.405
0.349
0.335
0.558
0.380
0.506
0.377
0.357
0.326
0.558
0.388
0.498
0.373
0.352
0.374
0.339
0.388
0.987
1.095
0.969
0.375
0.355
0.400
0.970
1.086
0.951
0.324
0.366
0.401
0.947
1.120
1.009
0.340
0.436
0.420
1.104
0.994
0.948
0.296
0.414
0.377
1.062
0.987
0.909
0.325
0.509
0.347
0.504
0.373
0.336
0.320
0.511
0.360
0.492
0.352
0.350
0.310
0.509
0.366
0.484
0.347
0.344
0.361
0.340
0.379
1.000
1.148
0.981
0.368
0.360
0.395
0.987
1.145
0.972
0.321
0.373
0.396
0.964
1.173
1.024
0.345
0.456
0.432
1.133
1.032
0.972
0.297
0.433
0.383
1.085
1.018
0.927
0.323
0.530
0.354
0.502
0.373
0.332
0.317
0.536
0.364
0.489
0.353
0.343
0.309
0.539
0.372
0.483
0.346
0.340
0.344
0.316
0.361
0.966
1.063
0.946
0.341
0.336
0.372
0.946
1.056
0.932
0.298
0.351
0.376
0.920
1.080
0.978
0.314
0.414
0.394
1.051
0.959
0.923
0.280
0.399
0.365
1.021
0.956
0.894
0.307
0.485
0.335
0.456
0.354
0.313
0.301
0.487
0.352
0.443
0.330
0.329
0.289
0.485
0.355
0.434
0.318
0.322
0.424
0.410
0.437
1.026
1.180
1.009
0.428
0.431
0.451
1.008
1.163
0.993
0.381
0.438
0.446
0.983
1.187
1.033
0.427
0.524
0.492
1.133
1.063
1.016
0.368
0.500
0.438
1.079
1.048
0.957
0.401
0.587
0.407
0.544
0.456
0.394
0.388
0.590
0.419
0.526
0.431
0.404
0.375
0.582
0.416
0.514
0.422
0.394
0.387
0.359
0.382
1.037
1.207
0.994
0.389
0.372
0.390
1.014
1.186
0.972
0.340
0.380
0.391
0.988
1.217
1.019
0.369
0.474
0.425
1.140
1.049
0.986
0.318
0.453
0.376
1.096
1.045
0.935
0.351
0.573
0.352
0.513
0.391
0.343
0.345
0.577
0.360
0.501
0.373
0.351
0.331
0.574
0.366
0.491
0.361
0.347
0.374
0.356
0.345
0.998
1.129
0.936
0.386
0.369
0.367
0.985
1.118
0.932
0.335
0.373
0.362
0.946
1.131
0.957
0.350
0.468
0.391
1.063
1.036
0.931
0.313
0.433
0.348
1.036
1.025
0.898
0.339
0.524
0.340
0.475
0.385
0.329
0.332
0.526
0.344
0.461
0.371
0.330
0.323
0.522
0.345
0.456
0.366
0.327
0.392
0.373
0.401
0.972
1.135
0.947
0.392
0.382
0.408
0.956
1.119
0.936
0.343
0.399
0.411
0.925
1.148
0.979
0.375
0.470
0.433
1.058
0.987
0.937
0.334
0.462
0.397
1.024
0.989
0.902
0.368
0.566
0.367
0.509
0.411
0.365
0.349
0.566
0.374
0.486
0.382
0.368
0.339
0.559
0.372
0.478
0.374
0.357
0.377
0.343
0.394
1.001
1.162
0.998
0.384
0.356
0.400
0.986
1.140
0.975
0.339
0.368
0.409
0.975
1.184
1.038
0.363
0.460
0.434
1.153
1.045
0.991
0.310
0.428
0.384
1.092
1.026
0.937
0.349
0.539
0.355
0.530
0.384
0.347
0.333
0.541
0.369
0.510
0.353
0.364
0.329
0.545
0.377
0.510
0.353
0.362
0.365
0.329
0.375
1.002
1.167
0.987
0.385
0.348
0.392
0.997
1.148
0.968
0.332
0.351
0.393
0.972
1.181
1.023
0.348
0.455
0.423
1.133
1.038
0.978
0.296
0.430
0.376
1.080
1.025
0.930
0.333
0.541
0.347
0.502
0.369
0.334
0.318
0.543
0.359
0.483
0.343
0.348
0.313
0.548
0.369
0.480
0.339
0.345
0.396
0.334
0.395
1.018
1.165
0.980
0.409
0.350
0.408
1.002
1.142
0.959
0.351
0.352
0.409
0.974
1.173
1.012
0.352
0.463
0.428
1.139
1.039
0.970
0.303
0.443
0.388
1.089
1.029
0.923
0.339
0.549
0.356
0.524
0.367
0.351
0.326
0.551
0.372
0.514
0.344
0.370
0.323
0.555
0.378
0.507
0.344
0.363
0.366
0.318
0.370
0.995
1.162
0.974
0.384
0.330
0.382
0.989
1.140
0.955
0.326
0.337
0.386
0.961
1.178
1.015
0.344
0.459
0.420
1.146
1.048
0.975
0.290
0.422
0.366
1.085
1.020
0.920
0.319
0.529
0.336
0.502
0.346
0.326
0.305
0.533
0.349
0.487
0.322
0.342
0.301
0.537
0.359
0.484
0.321
0.339
0.405
0.355
0.405
1.028
1.189
1.012
0.423
0.369
0.422
1.015
1.166
0.994
0.366
0.367
0.417
0.995
1.202
1.046
0.371
0.465
0.445
1.157
1.050
1.000
0.322
0.444
0.397
1.109
1.044
0.956
0.362
0.564
0.377
0.546
0.387
0.372
0.344
0.567
0.391
0.528
0.361
0.385
0.344
0.575
0.405
0.532
0.364
0.388
0.375
0.342
0.392
0.989
1.101
0.971
0.377
0.351
0.398
0.978
1.083
0.948
0.329
0.371
0.407
0.954
1.127
1.016
0.344
0.451
0.427
1.149
1.021
0.961
0.292
0.417
0.375
1.091
1.001
0.911
0.328
0.508
0.350
0.522
0.376
0.340
0.318
0.510
0.367
0.510
0.349
0.358
0.312
0.510
0.370
0.503
0.353
0.351
0.361
0.340
0.379
1.004
1.142
0.982
0.368
0.355
0.392
0.991
1.130
0.966
0.324
0.372
0.397
0.970
1.164
1.024
0.347
0.469
0.435
1.170
1.056
0.981
0.292
0.436
0.380
1.109
1.033
0.930
0.324
0.522
0.355
0.518
0.376
0.335
0.315
0.527
0.367
0.501
0.350
0.348
0.309
0.530
0.372
0.498
0.349
0.344
0.338
0.314
0.358
0.966
1.060
0.943
0.338
0.330
0.367
0.948
1.047
0.926
0.293
0.345
0.372
0.919
1.071
0.973
0.315
0.420
0.395
1.090
0.978
0.927
0.273
0.397
0.359
1.051
0.969
0.892
0.305
0.473
0.333
0.471
0.352
0.309
0.296
0.475
0.350
0.458
0.323
0.329
0.288
0.475
0.352
0.450
0.320
0.322
0.444
0.428
0.458
1.041
1.175
1.026
0.455
0.448
0.472
1.034
1.161
1.012
0.407
0.455
0.470
1.003
1.181
1.047
0.452
0.544
0.514
1.194
1.096
1.042
0.387
0.515
0.455
1.131
1.074
0.976
0.425
0.592
0.427
0.588
0.479
0.420
0.413
0.597
0.445
0.575
0.454
0.436
0.397
0.587
0.436
0.557
0.444
0.419
0.384
0.355
0.382
1.027
1.183
0.991
0.393
0.368
0.392
1.014
1.162
0.968
0.343
0.378
0.396
0.988
1.195
1.022
0.369
0.478
0.428
1.175
1.063
0.988
0.313
0.451
0.372
1.120
1.054
0.931
0.349
0.556
0.354
0.531
0.390
0.346
0.339
0.557
0.363
0.517
0.368
0.356
0.331
0.559
0.368
0.509
0.364
0.352
0.379
0.351
0.345
1.002
1.111
0.936
0.393
0.361
0.365
0.993
1.097
0.929
0.339
0.365
0.362
0.952
1.110
0.958
0.357
0.464
0.396
1.114
1.050
0.946
0.309
0.421
0.344
1.070
1.027
0.901
0.340
0.506
0.338
0.501
0.388
0.333
0.329
0.504
0.343
0.484
0.369
0.333
0.322
0.502
0.342
0.477
0.365
0.328
0.403
0.377
0.411
0.975
1.111
0.952
0.407
0.387
0.417
0.966
1.100
0.942
0.355
0.403
0.424
0.933
1.127
0.987
0.381
0.467
0.436
1.109
1.007
0.953
0.335
0.457
0.395
1.067
1.004
0.910
0.376
0.549
0.371
0.542
0.422
0.377
0.355
0.547
0.380
0.520
0.390
0.384
0.347
0.541
0.375
0.511
0.386
0.371
0.352
0.319
0.371
0.970
1.120
0.965
0.358
0.335
0.377
0.951
1.102
0.944
0.316
0.347
0.391
0.943
1.144
1.009
0.344
0.424
0.413
1.117
0.999
0.963
0.291
0.406
0.366
1.061
0.990
0.912
0.332
0.512
0.326
0.506
0.366
0.324
0.314
0.518
0.338
0.486
0.336
0.338
0.306
0.515
0.342
0.480
0.330
0.331
0.341
0.306
0.351
0.971
1.119
0.955
0.356
0.324
0.366
0.959
1.102
0.935
0.310
0.332
0.375
0.943
1.135
0.996
0.327
0.409
0.396
1.095
0.985
0.949
0.279
0.403
0.357
1.047
0.985
0.903
0.316
0.512
0.317
0.480
0.350
0.309
0.299
0.518
0.328
0.458
0.324
0.321
0.291
0.515
0.334
0.453
0.317
0.315
0.368
0.310
0.368
0.981
1.117
0.947
0.377
0.324
0.379
0.963
1.096
0.925
0.328
0.331
0.388
0.942
1.126
0.984
0.327
0.413
0.398
1.101
0.984
0.939
0.283
0.417
0.368
1.058
0.994
0.897
0.320
0.518
0.324
0.499
0.348
0.326
0.306
0.524
0.339
0.486
0.324
0.342
0.299
0.521
0.342
0.478
0.321
0.332
0.343
0.297
0.348
0.967
1.110
0.945
0.359
0.310
0.360
0.958
1.095
0.927
0.306
0.316
0.369
0.935
1.127
0.989
0.330
0.415
0.401
1.117
1.000
0.954
0.276
0.398
0.352
1.059
0.986
0.899
0.305
0.499
0.309
0.485
0.334
0.305
0.290
0.506
0.322
0.469
0.310
0.321
0.281
0.501
0.326
0.460
0.301
0.312
0.378
0.330
0.380
0.997
1.140
0.979
0.392
0.345
0.394
0.980
1.121
0.962
0.341
0.342
0.393
0.963
1.149
1.014
0.346
0.418
0.416
1.125
1.003
0.972
0.300
0.413
0.373
1.078
1.004
0.927
0.340
0.528
0.341
0.522
0.365
0.343
0.323
0.535
0.357
0.505
0.341
0.358
0.318
0.536
0.367
0.503
0.338
0.354
0.343
0.337
0.366
0.979
1.124
0.967
0.348
0.355
0.379
0.962
1.107
0.948
0.311
0.370
0.389
0.951
1.147
1.013
0.347
0.461
0.425
1.155
1.035
0.969
0.288
0.419
0.364
1.088
1.006
0.908
0.326
0.517
0.337
0.520
0.384
0.323
0.312
0.520
0.350
0.500
0.352
0.332
0.305
0.521
0.354
0.490
0.352
0.324
0.330
0.314
0.352
0.968
1.101
0.951
0.339
0.332
0.367
0.957
1.094
0.937
0.298
0.350
0.376
0.937
1.127
0.997
0.334
0.436
0.417
1.141
1.016
0.959
0.279
0.414
0.365
1.080
0.999
0.906
0.308
0.497
0.324
0.494
0.359
0.308
0.298
0.505
0.338
0.480
0.335
0.321
0.287
0.501
0.337
0.469
0.327
0.311
0.318
0.292
0.337
0.939
1.025
0.916
0.318
0.308
0.347
0.916
1.011
0.896
0.279
0.331
0.360
0.895
1.042
0.951
0.300
0.391
0.376
1.057
0.939
0.903
0.261
0.380
0.345
1.020
0.937
0.869
0.293
0.452
0.310
0.452
0.337
0.292
0.282
0.455
0.327
0.438
0.308
0.309
0.270
0.452
0.325
0.425
0.301
0.297
0.419
0.400
0.433
1.011
1.131
0.995
0.423
0.418
0.444
0.993
1.116
0.976
0.381
0.432
0.449
0.973
1.143
1.022
0.429
0.501
0.488
1.155
1.046
1.013
0.371
0.486
0.438
1.101
1.037
0.954
0.406
0.563
0.397
0.563
0.457
0.394
0.394
0.570
0.417
0.549
0.433
0.410
0.376
0.557
0.403
0.530
0.422
0.390
0.362
0.333
0.361
1.000
1.145
0.963
0.370
0.347
0.372
0.982
1.123
0.939
0.324
0.359
0.381
0.960
1.157
0.996
0.352
0.442
0.408
1.140
1.019
0.965
0.299
0.429
0.359
1.090
1.019
0.910
0.336
0.532
0.329
0.512
0.376
0.327
0.326
0.536
0.338
0.495
0.353
0.335
0.312
0.532
0.338
0.484
0.345
0.326
0.351
0.325
0.323
0.967
1.070
0.905
0.366
0.335
0.342
0.957
1.057
0.897
0.320
0.346
0.348
0.921
1.072
0.932
0.329
0.424
0.368
1.068
0.999
0.908
0.293
0.401
0.330
1.038
0.995
0.877
0.322
0.480
0.316
0.478
0.366
0.311
0.313
0.483
0.321
0.462
0.350
0.312
0.303
0.476
0.316
0.454
0.345
0.305
0.377
0.351
0.386
0.947
1.069
0.924
0.380
0.360
0.393
0.934
1.057
0.911
0.334
0.379
0.405
0.905
1.084
0.958
0.362
0.431
0.417
1.070
0.962
0.926
0.323
0.435
0.384
1.036
0.970
0.890
0.358
0.524
0.346
0.516
0.401
0.353
0.339
0.525
0.357
0.495
0.372
0.361
0.328
0.515
0.348
0.482
0.363
0.343
0.332
0.305
0.353
0.955
1.120
0.955
0.350
0.326
0.366
0.952
1.111
0.943
0.302
0.339
0.377
0.937
1.151
1.009
0.335
0.422
0.403
1.111
0.999
0.956
0.286
0.406
0.361
1.054
0.992
0.910
0.317
0.506
0.320
0.488
0.348
0.310
0.303
0.511
0.329
0.468
0.323
0.323
0.295
0.510
0.338
0.469
0.318
0.322
0.322
0.292
0.334
0.959
1.126
0.948
0.349
0.315
0.357
0.961
1.117
0.936
0.293
0.321
0.359
0.935
1.148
0.994
0.319
0.410
0.388
1.091
0.988
0.942
0.272
0.405
0.352
1.046
0.992
0.903
0.300
0.508
0.309
0.462
0.332
0.295
0.288
0.515
0.320
0.443
0.311
0.307
0.281
0.512
0.329
0.444
0.306
0.307
0.349
0.295
0.353
0.971
1.124
0.940
0.370
0.315
0.372
0.966
1.111
0.927
0.312
0.322
0.375
0.937
1.143
0.986
0.320
0.418
0.391
1.098
0.990
0.934
0.277
0.419
0.363
1.054
0.999
0.895
0.307
0.516
0.318
0.484
0.332
0.311
0.295
0.522
0.331
0.470
0.311
0.326
0.288
0.520
0.338
0.467
0.310
0.322
0.320
0.282
0.330
0.950
1.119
0.934
0.350
0.301
0.349
0.954
1.107
0.922
0.290
0.309
0.354
0.926
1.144
0.986
0.321
0.421
0.391
1.107
1.004
0.943
0.267
0.399
0.343
1.048
0.988
0.892
0.290
0.497
0.303
0.466
0.315
0.291
0.279
0.505
0.312
0.449
0.296
0.303
0.270
0.501
0.321
0.447
0.290
0.301
0.361
0.318
0.366
0.986
1.151
0.975
0.387
0.336
0.387
0.981
1.136
0.962
0.328
0.335
0.383
0.959
1.170
1.018
0.341
0.430
0.412
1.119
1.011
0.966
0.297
0.422
0.373
1.075
1.013
0.927
0.326
0.528
0.339
0.505
0.349
0.331
0.313
0.537
0.353
0.489
0.328
0.343
0.307
0.537
0.365
0.492
0.326
0.346
0.329
0.323
0.350
0.971
1.119
0.959
0.343
0.348
0.370
0.964
1.112
0.948
0.300
0.364
0.378
0.947
1.150
1.012
0.340
0.463
0.417
1.155
1.043
0.966
0.283
0.421
0.358
1.086
1.012
0.909
0.314
0.509
0.333
0.506
0.367
0.312
0.301
0.510
0.340
0.486
0.340
0.320
0.294
0.512
0.348
0.480
0.338
0.316
0.325
0.298
0.344
0.942
1.054
0.928
0.343
0.318
0.362
0.940
1.048
0.914
0.286
0.338
0.368
0.912
1.093
0.982
0.314
0.410
0.391
1.106
0.976
0.923
0.268
0.392
0.350
1.053
0.967
0.881
0.295
0.470
0.308
0.481
0.338
0.296
0.285
0.475
0.320
0.467
0.316
0.309
0.277
0.473
0.326
0.462
0.315
0.306
0.303
0.282
0.326
0.926
1.024
0.909
0.311
0.306
0.342
0.919
1.020
0.899
0.265
0.325
0.348
0.889
1.049
0.951
0.293
0.393
0.370
1.055
0.943
0.899
0.254
0.377
0.339
1.018
0.942
0.869
0.279
0.445
0.301
0.437
0.324
0.280
0.269
0.449
0.315
0.423
0.298
0.296
0.262
0.451
0.321
0.419
0.294
0.293
0.406
0.393
0.422
1.001
1.138
0.989
0.428
0.422
0.446
1.005
1.134
0.983
0.376
0.431
0.444
0.972
1.154
1.023
0.430
0.510
0.488
1.160
1.057
1.013
0.367
0.490
0.434
1.101
1.045
0.952
0.397
0.562
0.396
0.552
0.446
0.384
0.387
0.569
0.413
0.539
0.426
0.400
0.371
0.558
0.404
0.524
0.413
0.386
0.334
0.313
0.337
0.983
1.142
0.948
0.357
0.335
0.357
0.981
1.130
0.934
0.300
0.346
0.360
0.944
1.157
0.987
0.340
0.433
0.392
1.137
1.020
0.955
0.288
0.423
0.345
1.084
1.020
0.903
0.317
0.519
0.315
0.491
0.353
0.307
0.309
0.522
0.320
0.476
0.336
0.314
0.298
0.521
0.326
0.472
0.329
0.313
0.333
0.311
0.305
0.954
1.068
0.894
0.359
0.329
0.332
0.958
1.064
0.895
0.301
0.335
0.331
0.913
1.075
0.927
0.323
0.422
0.359
1.073
1.006
0.909
0.284
0.394
0.317
1.037
0.997
0.874
0.307
0.471
0.303
0.462
0.351
0.295
0.300
0.473
0.306
0.447
0.339
0.297
0.291
0.467
0.306
0.444
0.334
0.294
0.357
0.336
0.368
0.936
1.074
0.913
0.372
0.354
0.384
0.934
1.068
0.908
0.317
0.371
0.390
0.897
1.094
0.956
0.352
0.427
0.403
1.069
0.965
0.918
0.311
0.426
0.369
1.032
0.971
0.884
0.343
0.516
0.334
0.499
0.383
0.336
0.325
0.516
0.341
0.479
0.358
0.343
0.316
0.508
0.337
0.474
0.352
0.333
0.349
0.313
0.362
0.948
1.096
0.942
0.358
0.334
0.373
0.937
1.087
0.930
0.314
0.339
0.379
0.925
1.117
0.983
0.321
0.415
0.392
1.068
0.964
0.922
0.284
0.403
0.360
1.027
0.968
0.888
0.328
0.507
0.332
0.489
0.360
0.322
0.311
0.511
0.344
0.470
0.328
0.338
0.301
0.509
0.350
0.466
0.322
0.333
0.337
0.299
0.343
0.949
1.098
0.933
0.355
0.322
0.363
0.943
1.086
0.917
0.305
0.324
0.363
0.918
1.109
0.967
0.303
0.402
0.375
1.045
0.948
0.905
0.272
0.404
0.354
1.015
0.964
0.878
0.310
0.510
0.323
0.463
0.342
0.305
0.297
0.516
0.336
0.443
0.315
0.320
0.288
0.512
0.344
0.439
0.308
0.316
0.364
0.304
0.360
0.959
1.097
0.924
0.376
0.321
0.375
0.947
1.081
0.908
0.322
0.323
0.377
0.918
1.101
0.956
0.306
0.409
0.380
1.052
0.949
0.898
0.278
0.418
0.364
1.023
0.971
0.871
0.316
0.517
0.331
0.482
0.340
0.322
0.303
0.522
0.347
0.471
0.315
0.339
0.296
0.520
0.352
0.463
0.313
0.332
0.341
0.292
0.341
0.946
1.093
0.924
0.358
0.307
0.355
0.941
1.080
0.909
0.303
0.310
0.359
0.914
1.106
0.962
0.307
0.413
0.382
1.067
0.967
0.910
0.272
0.399
0.350
1.026
0.965
0.876
0.303
0.501
0.322
0.471
0.326
0.306
0.289
0.507
0.332
0.455
0.301
0.321
0.279
0.503
0.337
0.450
0.296
0.316
0.380
0.327
0.377
0.978
1.124
0.961
0.393
0.343
0.391
0.965
1.109
0.947
0.341
0.340
0.387
0.946
1.130
0.991
0.330
0.422
0.404
1.080
0.977
0.935
0.300
0.420
0.377
1.048
0.989
0.906
0.340
0.532
0.354
0.509
0.361
0.346
0.323
0.538
0.369
0.492
0.335
0.360
0.318
0.539
0.380
0.493
0.334
0.360
0.345
0.331
0.360
0.957
1.095
0.944
0.350
0.356
0.375
0.947
1.085
0.932
0.309
0.362
0.377
0.930
1.115
0.984
0.327
0.454
0.407
1.105
1.005
0.929
0.283
0.419
0.360
1.054
0.984
0.885
0.324
0.512
0.347
0.503
0.377
0.323
0.310
0.511
0.358
0.483
0.341
0.334
0.304
0.514
0.363
0.478
0.343
0.330
0.341
0.307
0.354
0.933
1.031
0.916
0.347
0.327
0.367
0.923
1.023
0.900
0.298
0.336
0.370
0.902
1.058
0.958
0.305
0.399
0.382
1.062
0.938
0.892
0.272
0.387
0.352
1.026
0.941
0.863
0.307
0.471
0.324
0.477
0.347
0.308
0.298
0.473
0.340
0.466
0.320
0.327
0.288
0.472
0.340
0.459
0.320
0.319
0.336
0.314
0.353
0.953
1.079
0.933
0.344
0.335
0.369
0.943
1.073
0.922
0.300
0.346
0.372
0.924
1.103
0.978
0.315
0.427
0.401
1.092
0.982
0.921
0.276
0.410
0.364
1.048
0.976
0.886
0.311
0.499
0.337
0.481
0.356
0.314
0.300
0.502
0.349
0.464
0.328
0.327
0.290
0.500
0.351
0.460
0.323
0.322
0.429
0.407
0.439
1.009
1.132
0.991
0.437
0.431
0.455
0.999
1.120
0.978
0.390
0.435
0.451
0.968
1.136
1.011
0.414
0.507
0.479
1.123
1.035
0.989
0.370
0.496
0.442
1.079
1.032
0.939
0.414
0.575
0.417
0.556
0.463
0.403
0.399
0.577
0.434
0.537
0.430
0.416
0.384
0.567
0.426
0.525
0.422
0.403
0.361
0.330
0.354
0.982
1.123
0.942
0.370
0.346
0.367
0.970
1.106
0.924
0.322
0.351
0.369
0.943
1.129
0.969
0.331
0.431
0.386
1.092
0.986
0.925
0.294
0.426
0.351
1.058
0.998
0.886
0.336
0.531
0.338
0.497
0.374
0.330
0.326
0.533
0.346
0.480
0.347
0.337
0.312
0.529
0.347
0.471
0.339
0.330
0.351
0.321
0.319
0.946
1.045
0.885
0.365
0.336
0.342
0.940
1.039
0.885
0.316
0.339
0.340
0.902
1.045
0.910
0.315
0.415
0.356
1.030
0.969
0.878
0.289
0.396
0.325
1.011
0.972
0.856
0.323
0.478
0.322
0.467
0.362
0.313
0.312
0.477
0.327
0.451
0.345
0.315
0.300
0.469
0.320
0.440
0.335
0.305
0.371
0.344
0.374
0.924
1.047
0.901
0.380
0.361
0.389
0.921
1.044
0.897
0.326
0.368
0.388
0.885
1.059
0.932
0.338
0.422
0.392
1.025
0.933
0.888
0.310
0.426
0.370
1.003
0.948
0.865
0.352
0.518
0.349
0.499
0.394
0.350
0.330
0.514
0.355
0.474
0.358
0.353
0.320
0.505
0.349
0.465
0.350
0.340
0.444
0.410
0.450
1.056
1.216
1.041
0.457
0.426
0.459
1.043
1.199
1.022
0.416
0.445
0.473
1.036
1.244
1.085
0.444
0.559
0.514
1.203
1.122
1.050
0.380
0.513
0.450
1.133
1.089
0.986
0.486
0.676
0.489
0.649
0.520
0.483
0.456
0.670
0.489
0.610
0.471
0.475
0.427
0.644
0.470
0.591
0.448
0.453
0.439
0.404
0.437
1.061
1.226
1.033
0.465
0.425
0.458
1.060
1.212
1.019
0.412
0.431
0.458
1.028
1.242
1.065
0.429
0.553
0.500
1.183
1.112
1.032
0.371
0.522
0.447
1.126
1.094
0.980
0.467
0.677
0.476
0.625
0.504
0.468
0.445
0.676
0.479
0.590
0.465
0.463
0.418
0.654
0.468
0.574
0.445
0.446
0.464
0.406
0.453
1.075
1.227
1.029
0.481
0.420
0.467
1.059
1.203
1.007
0.427
0.430
0.469
1.028
1.231
1.055
0.430
0.555
0.502
1.184
1.108
1.021
0.376
0.533
0.457
1.130
1.096
0.972
0.503
0.716
0.515
0.668
0.527
0.508
0.454
0.687
0.493
0.616
0.464
0.480
0.435
0.670
0.485
0.601
0.452
0.466
0.422
0.375
0.414
1.040
1.205
1.006
0.450
0.391
0.432
1.038
1.188
0.991
0.392
0.400
0.437
1.006
1.224
1.045
0.416
0.548
0.490
1.184
1.112
1.019
0.354
0.503
0.429
1.118
1.079
0.960
0.420
0.633
0.438
0.589
0.445
0.426
0.399
0.635
0.443
0.565
0.415
0.429
0.374
0.612
0.429
0.544
0.394
0.407
0.478
0.431
0.468
1.086
1.249
1.059
0.497
0.442
0.483
1.072
1.226
1.041
0.448
0.449
0.483
1.053
1.261
1.091
0.449
0.568
0.522
1.202
1.129
1.052
0.393
0.534
0.466
1.148
1.110
1.001
0.503
0.709
0.516
0.681
0.537
0.520
0.469
0.698
0.512
0.634
0.484
0.500
0.445
0.676
0.501
0.621
0.469
0.485
0.448
0.436
0.454
1.069
1.219
1.043
0.457
0.455
0.469
1.062
1.205
1.029
0.417
0.475
0.476
1.040
1.242
1.084
0.452
0.605
0.531
1.240
1.170
1.055
0.384
0.540
0.460
1.167
1.117
0.989
0.470
0.669
0.492
0.654
0.528
0.474
0.453
0.668
0.499
0.626
0.489
0.474
0.423
0.643
0.478
0.599
0.467
0.446
0.425
0.392
0.431
1.023
1.141
0.997
0.437
0.407
0.444
1.018
1.126
0.979
0.386
0.432
0.454
0.987
1.169
1.039
0.404
0.522
0.484
1.166
1.067
0.991
0.351
0.489
0.432
1.115
1.049
0.944
0.416
0.598
0.438
0.597
0.465
0.430
0.406
0.601
0.451
0.579
0.435
0.438
0.386
0.585
0.438
0.560
0.422
0.418
0.441
0.419
0.449
1.069
1.205
1.038
0.452
0.432
0.461
1.063
1.196
1.023
0.410
0.457
0.470
1.036
1.230
1.080
0.433
0.563
0.517
1.216
1.131
1.040
0.375
0.528
0.460
1.159
1.104
0.988
0.460
0.661
0.491
0.637
0.508
0.473
0.444
0.660
0.494
0.610
0.476
0.470
0.415
0.634
0.473
0.588
0.453
0.447
0.429
0.407
0.440
1.035
1.134
1.006
0.432
0.421
0.450
1.018
1.118
0.985
0.394
0.452
0.462
0.993
1.151
1.036
0.408
0.519
0.483
1.142
1.051
0.991
0.364
0.495
0.444
1.103
1.043
0.953
0.448
0.617
0.470
0.600
0.500
0.453
0.430
0.611
0.477
0.569
0.456
0.451
0.407
0.594
0.463
0.551
0.438
0.434
0.474
0.447
0.464
1.114
1.271
1.066
0.496
0.469
0.484
1.108
1.257
1.052
0.455
0.489
0.495
1.087
1.297
1.108
0.476
0.598
0.530
1.252
1.169
1.077
0.411
0.560
0.466
1.188
1.146
1.011
0.492
0.700
0.493
0.658
0.537
0.490
0.485
0.707
0.503
0.641
0.513
0.494
0.442
0.673
0.475
0.602
0.471
0.456
0.427
0.403
0.393
1.039
1.155
0.972
0.441
0.412
0.409
1.031
1.141
0.964
0.391
0.424
0.411
0.986
1.154
0.991
0.418
0.536
0.455
1.142
1.098
0.985
0.368
0.495
0.401
1.099
1.080
0.942
0.430
0.599
0.427
0.571
0.471
0.416
0.419
0.598
0.428
0.552
0.452
0.413
0.394
0.576
0.408
0.529
0.430
0.391
0.438
0.418
0.438
1.004
1.151
0.973
0.446
0.427
0.447
0.996
1.137
0.963
0.399
0.450
0.456
0.961
1.162
1.005
0.433
0.535
0.486
1.127
1.052
0.981
0.382
0.517
0.439
1.083
1.047
0.939
0.453
0.635
0.448
0.602
0.498
0.452
0.432
0.634
0.454
0.575
0.464
0.450
0.407
0.610
0.432
0.552
0.443
0.423
0.379
0.348
0.388
1.017
1.188
0.996
0.385
0.361
0.390
0.996
1.164
0.968
0.333
0.365
0.393
0.976
1.201
1.024
0.366
0.466
0.432
1.144
1.047
0.991
0.313
0.440
0.383
1.086
1.035
0.936
0.344
0.554
0.356
0.515
0.380
0.345
0.338
0.566
0.369
0.504
0.363
0.361
0.327
0.560
0.372
0.498
0.352
0.355
0.371
0.340
0.372
1.021
1.198
0.989
0.385
0.353
0.382
1.004
1.172
0.962
0.328
0.352
0.379
0.971
1.200
1.006
0.353
0.459
0.419
1.125
1.039
0.976
0.302
0.442
0.374
1.075
1.033
0.928
0.330
0.561
0.346
0.491
0.366
0.330
0.326
0.572
0.358
0.479
0.352
0.345
0.316
0.568
0.366
0.475
0.343
0.341
0.403
0.345
0.393
1.038
1.198
0.983
0.408
0.355
0.397
1.014
1.170
0.956
0.348
0.355
0.395
0.976
1.192
0.997
0.357
0.467
0.425
1.133
1.041
0.969
0.308
0.456
0.385
1.087
1.043
0.923
0.340
0.570
0.356
0.515
0.368
0.349
0.335
0.580
0.369
0.508
0.353
0.365
0.327
0.576
0.375
0.502
0.349
0.359
0.374
0.327
0.369
1.017
1.192
0.977
0.389
0.337
0.375
1.004
1.168
0.954
0.327
0.339
0.377
0.966
1.199
1.004
0.352
0.465
0.422
1.143
1.051
0.978
0.296
0.434
0.367
1.085
1.033
0.924
0.320
0.549
0.341
0.497
0.349
0.328
0.316
0.562
0.353
0.489
0.336
0.345
0.302
0.555
0.357
0.480
0.324
0.336
0.409
0.363
0.402
1.044
1.217
1.012
0.422
0.373
0.412
1.025
1.190
0.988
0.363
0.368
0.403
0.997
1.221
1.033
0.371
0.468
0.438
1.150
1.054
0.996
0.323
0.451
0.393
1.103
1.049
0.950
0.355
0.577
0.374
0.534
0.383
0.367
0.349
0.589
0.388
0.523
0.369
0.380
0.342
0.589
0.398
0.522
0.363
0.378
0.379
0.374
0.388
1.026
1.186
0.996
0.378
0.388
0.396
1.006
1.164
0.973
0.332
0.396
0.395
0.982
1.197
1.024
0.371
0.510
0.447
1.175
1.083
0.990
0.310
0.460
0.383
1.112
1.053
0.932
0.343
0.560
0.370
0.533
0.406
0.347
0.341
0.567
0.383
0.520
0.384
0.359
0.329
0.563
0.383
0.510
0.378
0.350
0.374
0.344
0.382
1.003
1.118
0.969
0.376
0.354
0.387
0.984
1.093
0.944
0.322
0.369
0.390
0.953
1.134
1.000
0.344
0.447
0.419
1.132
1.019
0.956
0.296
0.426
0.372
1.084
1.009
0.910
0.323
0.515
0.349
0.505
0.370
0.334
0.324
0.526
0.367
0.501
0.356
0.355
0.311
0.519
0.364
0.489
0.349
0.342
0.362
0.344
0.372
1.015
1.161
0.979
0.369
0.359
0.383
1.001
1.148
0.962
0.318
0.372
0.383
0.969
1.177
1.013
0.352
0.468
0.432
1.157
1.053
0.980
0.297
0.444
0.379
1.102
1.039
0.930
0.323
0.537
0.357
0.504
0.372
0.334
0.322
0.548
0.369
0.496
0.360
0.348
0.309
0.542
0.367
0.486
0.348
0.338
0.351
0.327
0.359
0.985
1.080
0.947
0.348
0.340
0.365
0.960
1.062
0.923
0.301
0.356
0.368
0.927
1.086
0.966
0.323
0.428
0.395
1.077
0.980
0.927
0.282
0.410
0.360
1.041
0.973
0.890
0.313
0.493
0.340
0.464
0.361
0.316
0.312
0.498
0.357
0.457
0.342
0.335
0.297
0.494
0.356
0.445
0.330
0.325
0.418
0.403
0.419
1.026
1.175
0.991
0.424
0.418
0.429
1.008
1.151
0.971
0.373
0.425
0.424
0.973
1.172
1.004
0.421
0.522
0.477
1.147
1.068
1.004
0.354
0.491
0.414
1.089
1.052
0.938
0.390
0.581
0.397
0.542
0.444
0.384
0.384
0.588
0.410
0.531
0.426
0.396
0.365
0.574
0.401
0.515
0.410
0.382
0.376
0.354
0.342
1.008
1.135
0.935
0.385
0.364
0.357
0.992
1.118
0.924
0.331
0.366
0.351
0.948
1.130
0.948
0.354
0.473
0.390
1.098
1.053
0.941
0.306
0.432
0.338
1.057
1.033
0.896
0.332
0.519
0.332
0.484
0.381
0.326
0.329
0.524
0.337
0.473
0.372
0.329
0.317
0.515
0.334
0.464
0.363
0.322
0.394
0.378
0.393
0.986
1.142
0.946
0.396
0.385
0.396
0.969
1.123
0.930
0.343
0.400
0.400
0.928
1.147
0.968
0.379
0.473
0.426
1.089
1.007
0.943
0.331
0.463
0.381
1.052
1.011
0.902
0.367
0.566
0.363
0.520
0.414
0.365
0.357
0.572
0.372
0.503
0.394
0.371
0.340
0.557
0.363
0.491
0.380
0.354
0.366
0.332
0.358
0.966
1.117
0.936
0.380
0.351
0.373
0.955
1.106
0.925
0.328
0.360
0.379
0.931
1.136
0.975
0.346
0.453
0.403
1.087
1.009
0.932
0.308
0.426
0.366
1.046
1.001
0.895
0.336
0.525
0.339
0.500
0.371
0.328
0.330
0.536
0.351
0.482
0.351
0.336
0.307
0.523
0.349
0.470
0.332
0.327
0.355
0.321
0.341
0.972
1.129
0.932
0.377
0.344
0.365
0.965
1.118
0.924
0.320
0.346
0.362
0.928
1.137
0.961
0.332
0.446
0.388
1.068
1.000
0.918
0.298
0.432
0.360
1.037
1.006
0.891
0.322
0.532
0.332
0.474
0.355
0.314
0.317
0.541
0.340
0.456
0.341
0.322
0.297
0.530
0.342
0.446
0.323
0.314
0.400
0.343
0.378
1.007
1.150
0.950
0.404
0.352
0.387
0.979
1.121
0.926
0.347
0.358
0.389
0.945
1.144
0.968
0.349
0.460
0.406
1.091
1.011
0.928
0.315
0.455
0.383
1.058
1.023
0.899
0.342
0.548
0.349
0.505
0.366
0.340
0.337
0.559
0.364
0.495
0.350
0.353
0.312
0.542
0.357
0.477
0.332
0.337
0.352
0.311
0.337
0.965
1.124
0.920
0.373
0.326
0.353
0.960
1.108
0.909
0.311
0.331
0.356
0.920
1.132
0.953
0.338
0.453
0.395
1.090
1.016
0.925
0.292
0.423
0.352
1.044
1.003
0.884
0.310
0.519
0.322
0.475
0.338
0.307
0.304
0.529
0.332
0.460
0.321
0.315
0.284
0.518
0.332
0.448
0.305
0.306
0.418
0.369
0.394
1.024
1.174
0.979
0.427
0.379
0.407
1.001
1.148
0.962
0.371
0.378
0.400
0.972
1.172
0.997
0.375
0.473
0.429
1.117
1.037
0.961
0.339
0.458
0.394
1.085
1.040
0.931
0.370
0.566
0.374
0.534
0.393
0.365
0.361
0.575
0.386
0.517
0.375
0.371
0.340
0.564
0.386
0.507
0.359
0.362
0.365
0.352
0.355
0.981
1.122
0.941
0.372
0.374
0.377
0.966
1.110
0.933
0.323
0.378
0.374
0.936
1.132
0.974
0.352
0.490
0.417
1.127
1.053
0.943
0.305
0.444
0.366
1.072
1.024
0.894
0.335
0.530
0.352
0.514
0.391
0.329
0.329
0.534
0.360
0.495
0.367
0.332
0.311
0.528
0.362
0.483
0.356
0.324
0.356
0.324
0.350
0.951
1.049
0.912
0.370
0.346
0.371
0.945
1.044
0.904
0.311
0.355
0.370
0.904
1.068
0.949
0.327
0.431
0.392
1.076
0.975
0.901
0.293
0.412
0.359
1.041
0.975
0.870
0.316
0.487
0.331
0.488
0.359
0.316
0.313
0.493
0.344
0.476
0.341
0.325
0.295
0.483
0.341
0.464
0.331
0.316
0.340
0.321
0.338
0.963
1.093
0.922
0.354
0.343
0.360
0.954
1.087
0.915
0.305
0.354
0.361
0.922
1.108
0.960
0.328
0.447
0.397
1.099
1.011
0.921
0.288
0.426
0.360
1.060
1.004
0.889
0.309
0.502
0.332
0.480
0.357
0.309
0.305
0.509
0.340
0.464
0.339
0.315
0.288
0.503
0.341
0.455
0.327
0.308
0.337
0.312
0.334
0.935
1.026
0.895
0.338
0.328
0.349
0.918
1.017
0.886
0.293
0.346
0.355
0.882
1.034
0.921
0.306
0.410
0.371
1.029
0.941
0.877
0.283
0.402
0.354
1.009
0.949
0.860
0.304
0.470
0.324
0.451
0.350
0.302
0.301
0.476
0.339
0.438
0.330
0.312
0.281
0.466
0.335
0.422
0.311
0.301
0.375
0.355
0.372
0.945
1.080
0.913
0.387
0.383
0.394
0.938
1.074
0.911
0.336
0.385
0.387
0.901
1.085
0.937
0.381
0.485
0.433
1.071
0.999
0.929
0.327
0.458
0.386
1.025
0.992
0.880
0.351
0.523
0.356
0.499
0.399
0.344
0.347
0.533
0.371
0.486
0.382
0.354
0.328
0.522
0.367
0.473
0.368
0.345
0.362
0.335
0.344
0.981
1.133
0.927
0.376
0.355
0.362
0.972
1.121
0.917
0.319
0.359
0.360
0.929
1.137
0.950
0.349
0.463
0.394
1.102
1.014
0.930
0.302
0.440
0.350
1.060
1.014
0.884
0.327
0.535
0.329
0.490
0.367
0.320
0.324
0.542
0.336
0.478
0.353
0.326
0.305
0.534
0.337
0.464
0.337
0.317
0.365
0.343
0.351
0.929
1.067
0.882
0.378
0.365
0.371
0.924
1.064
0.885
0.321
0.376
0.372
0.876
1.074
0.912
0.355
0.452
0.391
1.031
0.961
0.883
0.317
0.442
0.357
1.005
0.971
0.855
0.347
0.526
0.336
0.489
0.386
0.334
0.336
0.531
0.343
0.470
0.365
0.336
0.315
0.514
0.333
0.456
0.348
0.321
0.432
0.397
0.437
1.031
1.195
1.010
0.443
0.408
0.443
1.015
1.175
0.991
0.404
0.423
0.457
1.008
1.223
1.056
0.414
0.527
0.482
1.165
1.085
1.017
0.366
0.502
0.436
1.115
1.074
0.970
0.412
0.610
0.424
0.581
0.449
0.418
0.404
0.623
0.441
0.568
0.430
0.436
0.381
0.603
0.427
0.549
0.408
0.415
0.427
0.391
0.424
1.036
1.204
1.003
0.444
0.404
0.438
1.026
1.185
0.987
0.401
0.416
0.446
1.006
1.223
1.041
0.405
0.526
0.472
1.152
1.081
1.007
0.360
0.512
0.434
1.109
1.080
0.966
0.406
0.623
0.420
0.566
0.445
0.413
0.395
0.631
0.433
0.547
0.423
0.422
0.374
0.614
0.425
0.532
0.404
0.406
0.467
0.412
0.458
1.072
1.227
1.022
0.480
0.420
0.467
1.052
1.202
1.001
0.434
0.434
0.478
1.031
1.240
1.058
0.425
0.550
0.495
1.182
1.106
1.025
0.382
0.538
0.460
1.140
1.107
0.984
0.435
0.652
0.452
0.605
0.464
0.449
0.425
0.664
0.470
0.594
0.446
0.463
0.397
0.636
0.449
0.568
0.422
0.434
0.421
0.375
0.414
1.026
1.194
0.987
0.440
0.384
0.426
1.017
1.173
0.972
0.392
0.395
0.436
0.994
1.215
1.030
0.399
0.525
0.468
1.164
1.088
1.004
0.349
0.496
0.419
1.108
1.069
0.953
0.386
0.601
0.406
0.560
0.417
0.400
0.379
0.614
0.421
0.548
0.402
0.415
0.357
0.595
0.409
0.530
0.383
0.395
0.456
0.410
0.448
1.056
1.221
1.024
0.476
0.422
0.465
1.041
1.200
1.011
0.427
0.423
0.462
1.023
1.235
1.059
0.420
0.531
0.488
1.172
1.092
1.025
0.377
0.515
0.446
1.128
1.086
0.981
0.424
0.631
0.438
0.598
0.453
0.439
0.411
0.641
0.454
0.581
0.433
0.450
0.393
0.626
0.448
0.569
0.418
0.433
0.432
0.417
0.436
1.042
1.193
1.012
0.441
0.433
0.451
1.030
1.178
1.000
0.400
0.449
0.457
1.013
1.216
1.057
0.422
0.565
0.496
1.202
1.122
1.022
0.368
0.522
0.440
1.143
1.092
0.969
0.414
0.616
0.440
0.601
0.472
0.422
0.406
0.623
0.455
0.586
0.448
0.436
0.387
0.610
0.443
0.566
0.434
0.415
0.416
0.380
0.419
1.006
1.120
0.973
0.429
0.393
0.433
0.997
1.103
0.957
0.382
0.412
0.441
0.973
1.146
1.018
0.385
0.498
0.460
1.142
1.040
0.971
0.344
0.481
0.421
1.102
1.038
0.934
0.383
0.565
0.408
0.563
0.430
0.400
0.378
0.572
0.426
0.554
0.410
0.418
0.356
0.554
0.409
0.533
0.395
0.394
0.404
0.383
0.412
1.021
1.159
0.988
0.424
0.400
0.432
1.017
1.154
0.981
0.378
0.418
0.437
0.994
1.189
1.038
0.390
0.518
0.471
1.174
1.083
0.999
0.343
0.496
0.424
1.125
1.068
0.954
0.383
0.583
0.414
0.561
0.430
0.397
0.380
0.595
0.430
0.552
0.418
0.412
0.358
0.576
0.415
0.533
0.398
0.392
0.389
0.362
0.396
0.981
1.079
0.949
0.394
0.376
0.408
0.970
1.071
0.939
0.356
0.398
0.418
0.944
1.098
0.985
0.364
0.476
0.437
1.094
1.001
0.946
0.330
0.461
0.408
1.064
1.002
0.916
0.369
0.541
0.396
0.519
0.415
0.377
0.366
0.549
0.416
0.510
0.393
0.395
0.340
0.529
0.397
0.486
0.372
0.372
0.440
0.421
0.442
1.013
1.154
0.984
0.458
0.444
0.464
1.013
1.149
0.982
0.414
0.457
0.464
0.983
1.171
1.018
0.448
0.555
0.505
1.152
1.080
1.013
0.388
0.528
0.451
1.098
1.068
0.955
0.438
0.612
0.441
0.586
0.490
0.436
0.428
0.620
0.460
0.572
0.468
0.449
0.400
0.595
0.436
0.546
0.444
0.421
0.443
0.415
0.432
1.063
1.224
1.010
0.454
0.425
0.442
1.049
1.204
0.993
0.412
0.441
0.450
1.026
1.241
1.045
0.428
0.550
0.480
1.194
1.111
1.024
0.377
0.529
0.431
1.147
1.107
0.972
0.418
0.631
0.422
0.585
0.461
0.419
0.418
0.644
0.440
0.579
0.451
0.434
0.388
0.622
0.422
0.553
0.425
0.409
0.414
0.392
0.380
1.018
1.137
0.946
0.432
0.403
0.399
1.013
1.129
0.944
0.383
0.411
0.398
0.971
1.138
0.967
0.399
0.521
0.434
1.121
1.083
0.965
0.353
0.482
0.383
1.081
1.063
0.923
0.386
0.560
0.385
0.531
0.433
0.380
0.382
0.566
0.392
0.520
0.424
0.384
0.362
0.548
0.378
0.503
0.407
0.367
