0.340
0.322
0.400
0.969
1.085
1.002
0.372
0.344
0.424
0.961
1.074
0.985
0.329
0.342
0.422
0.960
1.108
1.032
0.343
0.428
0.441
1.020
0.995
0.987
0.299
0.386
0.395
0.981
0.967
0.952
0.313
0.462
0.360
0.413
0.332
0.358
0.310
0.469
0.369
0.401
0.327
0.372
0.301
0.464
0.378
0.395
0.317
0.368
0.364
0.326
0.413
0.970
1.077
0.992
0.389
0.346
0.434
0.961
1.065
0.975
0.344
0.344
0.432
0.960
1.099
1.023
0.347
0.428
0.443
1.025
0.989
0.979
0.304
0.390
0.401
0.984
0.961
0.942
0.320
0.465
0.365
0.433
0.336
0.371
0.317
0.472
0.376
0.427
0.331
0.388
0.309
0.467
0.383
0.419
0.322
0.382
0.334
0.304
0.388
0.953
1.065
0.979
0.366
0.323
0.411
0.949
1.055
0.965
0.321
0.324
0.411
0.949
1.095
1.017
0.339
0.420
0.433
1.029
0.995
0.984
0.290
0.368
0.382
0.978
0.953
0.938
0.300
0.442
0.345
0.413
0.314
0.351
0.296
0.450
0.353
0.403
0.310
0.365
0.285
0.443
0.360
0.394
0.298
0.359
0.369
0.338
0.421
0.981
1.094
1.014
0.397
0.355
0.442
0.975
1.082
0.999
0.351
0.349
0.434
0.973
1.116
1.043
0.359
0.435
0.455
1.044
1.006
1.005
0.314
0.389
0.405
1.003
0.973
0.963
0.334
0.474
0.382
0.453
0.350
0.388
0.330
0.482
0.393
0.443
0.343
0.402
0.322
0.478
0.401
0.439
0.334
0.400
0.359
0.343
0.411
0.982
1.070
1.003
0.380
0.362
0.433
0.974
1.065
0.992
0.342
0.361
0.429
0.975
1.099
1.038
0.361
0.445
0.455
1.065
1.019
1.004
0.308
0.388
0.396
1.008
0.972
0.953
0.329
0.457
0.376
0.445
0.356
0.375
0.325
0.460
0.385
0.433
0.347
0.387
0.314
0.454
0.387
0.422
0.338
0.378
0.361
0.320
0.412
0.962
1.000
0.985
0.386
0.341
0.434
0.955
0.997
0.972
0.344
0.338
0.431
0.953
1.025
1.019
0.343
0.389
0.433
1.037
0.964
0.979
0.301
0.351
0.388
0.993
0.933
0.941
0.315
0.404
0.359
0.436
0.332
0.369
0.316
0.406
0.371
0.434
0.332
0.388
0.302
0.395
0.370
0.420
0.319
0.377
0.337
0.323
0.398
0.967
1.047
0.992
0.363
0.345
0.421
0.965
1.048
0.983
0.326
0.343
0.416
0.964
1.078
1.028
0.343
0.416
0.443
1.052
0.999
0.994
0.294
0.374
0.393
1.003
0.965
0.952
0.310
0.430
0.364
0.422
0.333
0.360
0.310
0.437
0.373
0.415
0.330
0.374
0.298
0.431
0.375
0.405
0.319
0.367
0.329
0.305
0.379
0.936
0.987
0.954
0.348
0.325
0.398
0.927
0.985
0.943
0.311
0.327
0.397
0.919
1.004
0.980
0.321
0.386
0.411
0.989
0.938
0.942
0.285
0.352
0.375
0.955
0.916
0.914
0.301
0.408
0.347
0.397
0.322
0.341
0.301
0.408
0.361
0.392
0.317
0.359
0.285
0.399
0.357
0.379
0.301
0.349
0.409
0.393
0.452
0.998
1.090
1.011
0.433
0.418
0.475
0.990
1.083
1.003
0.392
0.414
0.468
0.981
1.107
1.035
0.425
0.502
0.501
1.071
1.046
1.028
0.367
0.448
0.443
1.012
0.999
0.970
0.385
0.503
0.413
0.477
0.413
0.416
0.381
0.510
0.427
0.471
0.409
0.433
0.363
0.495
0.418
0.453
0.390
0.417
0.361
0.342
0.393
0.994
1.096
0.988
0.382
0.359
0.411
0.983
1.085
0.974
0.344
0.360
0.408
0.979
1.114
1.011
0.366
0.444
0.426
1.063
1.027
0.992
0.314
0.396
0.371
1.011
0.989
0.943
0.333
0.470
0.353
0.437
0.354
0.363
0.333
0.476
0.360
0.431
0.352
0.374
0.318
0.469
0.359
0.419
0.336
0.364
0.343
0.328
0.359
0.937
1.015
0.930
0.370
0.344
0.384
0.936
1.013
0.928
0.331
0.344
0.378
0.926
1.033
0.954
0.345
0.422
0.398
0.994
0.983
0.938
0.302
0.372
0.351
0.955
0.947
0.901
0.316
0.428
0.341
0.405
0.341
0.344
0.316
0.431
0.345
0.399
0.339
0.350
0.301
0.419
0.340
0.387
0.327
0.340
0.373
0.366
0.415
0.944
1.042
0.956
0.389
0.376
0.429
0.937
1.033
0.947
0.352
0.381
0.428
0.926
1.059
0.978
0.380
0.453
0.442
0.999
0.980
0.956
0.339
0.418
0.402
0.964
0.955
0.924
0.356
0.481
0.381
0.445
0.382
0.390
0.349
0.483
0.385
0.431
0.374
0.396
0.332
0.466
0.374
0.416
0.355
0.379
0.343
0.324
0.404
0.954
1.067
0.991
0.361
0.346
0.420
0.943
1.060
0.978
0.330
0.347
0.426
0.948
1.098
1.028
0.343
0.418
0.440
1.013
0.980
0.980
0.301
0.373
0.393
0.974
0.949
0.944
0.319
0.457
0.360
0.422
0.337
0.360
0.312
0.460
0.365
0.408
0.329
0.372
0.300
0.455
0.375
0.400
0.315
0.369
0.354
0.320
0.405
0.958
1.069
0.983
0.371
0.339
0.422
0.944
1.055
0.966
0.334
0.340
0.426
0.945
1.090
1.013
0.331
0.410
0.428
1.000
0.965
0.959
0.295
0.378
0.392
0.964
0.941
0.928
0.313
0.462
0.359
0.419
0.327
0.360
0.309
0.468
0.367
0.409
0.322
0.372
0.299
0.460
0.374
0.404
0.312
0.370
0.325
0.300
0.382
0.942
1.059
0.972
0.350
0.320
0.402
0.934
1.046
0.957
0.312
0.322
0.405
0.937
1.089
1.009
0.328
0.405
0.423
1.008
0.974
0.968
0.283
0.357
0.375
0.961
0.936
0.926
0.293
0.439
0.337
0.400
0.307
0.339
0.289
0.445
0.343
0.388
0.303
0.351
0.276
0.437
0.352
0.379
0.289
0.347
0.363
0.336
0.416
0.972
1.089
1.007
0.386
0.357
0.437
0.964
1.077
0.995
0.348
0.352
0.433
0.964
1.113
1.039
0.351
0.425
0.448
1.024
0.988
0.990
0.312
0.385
0.403
0.988
0.960
0.953
0.331
0.474
0.378
0.445
0.348
0.381
0.325
0.480
0.386
0.431
0.341
0.391
0.315
0.474
0.396
0.425
0.327
0.389
0.353
0.340
0.408
0.974
1.065
0.998
0.372
0.365
0.430
0.965
1.062
0.990
0.337
0.360
0.426
0.967
1.093
1.032
0.358
0.438
0.452
1.050
1.006
0.993
0.307
0.382
0.394
0.997
0.960
0.946
0.328
0.456
0.371
0.438
0.353
0.367
0.324
0.457
0.380
0.425
0.344
0.379
0.308
0.449
0.381
0.410
0.330
0.369
0.350
0.311
0.402
0.950
0.988
0.975
0.368
0.331
0.420
0.936
0.981
0.959
0.328
0.327
0.418
0.934
1.007
1.003
0.332
0.374
0.421
1.013
0.941
0.958
0.293
0.338
0.379
0.974
0.914
0.925
0.308
0.395
0.350
0.423
0.323
0.355
0.307
0.393
0.360
0.418
0.319
0.371
0.291
0.382
0.359
0.404
0.305
0.362
0.326
0.315
0.389
0.955
1.034
0.983
0.350
0.340
0.411
0.951
1.036
0.975
0.315
0.338
0.408
0.950
1.065
1.019
0.334
0.402
0.433
1.032
0.978
0.977
0.289
0.363
0.386
0.987
0.947
0.938
0.304
0.421
0.354
0.410
0.325
0.347
0.301
0.425
0.361
0.400
0.320
0.358
0.288
0.418
0.364
0.390
0.308
0.353
0.322
0.299
0.373
0.928
0.978
0.947
0.338
0.320
0.391
0.914
0.971
0.933
0.304
0.322
0.393
0.907
0.990
0.970
0.311
0.372
0.401
0.970
0.918
0.926
0.279
0.342
0.368
0.938
0.897
0.900
0.296
0.402
0.341
0.387
0.316
0.332
0.295
0.400
0.352
0.380
0.309
0.348
0.277
0.389
0.350
0.367
0.292
0.339
0.401
0.389
0.444
0.998
1.092
1.011
0.421
0.413
0.464
0.983
1.078
0.997
0.384
0.411
0.461
0.976
1.106
1.032
0.418
0.492
0.493
1.059
1.035
1.019
0.361
0.440
0.436
1.002
0.990
0.963
0.379
0.500
0.406
0.464
0.405
0.404
0.376
0.506
0.419
0.456
0.400
0.418
0.358
0.491
0.413
0.441
0.382
0.406
0.356
0.341
0.389
0.986
1.094
0.983
0.372
0.360
0.404
0.969
1.077
0.966
0.339
0.358
0.404
0.966
1.107
1.001
0.358
0.435
0.417
1.042
1.007
0.974
0.310
0.390
0.368
0.995
0.973
0.930
0.331
0.472
0.350
0.429
0.352
0.355
0.330
0.476
0.353
0.421
0.348
0.362
0.314
0.467
0.354
0.410
0.332
0.356
0.335
0.325
0.352
0.926
1.011
0.923
0.360
0.344
0.378
0.925
1.008
0.923
0.325
0.344
0.375
0.914
1.030
0.947
0.331
0.411
0.386
0.966
0.962
0.918
0.295
0.367
0.346
0.938
0.936
0.891
0.311
0.428
0.337
0.395
0.338
0.339
0.310
0.430
0.339
0.387
0.336
0.342
0.293
0.416
0.334
0.375
0.321
0.332
0.370
0.366
0.412
0.940
1.042
0.954
0.383
0.379
0.425
0.931
1.031
0.945
0.350
0.383
0.428
0.921
1.058
0.976
0.373
0.444
0.434
0.986
0.967
0.946
0.335
0.410
0.396
0.954
0.944
0.917
0.353
0.480
0.376
0.439
0.381
0.384
0.345
0.480
0.379
0.423
0.371
0.387
0.327
0.462
0.368
0.407
0.350
0.371
0.358
0.338
0.420
0.964
1.076
1.000
0.372
0.355
0.432
0.950
1.065
0.983
0.338
0.355
0.437
0.952
1.102
1.033
0.360
0.430
0.454
1.035
0.994
0.996
0.308
0.380
0.400
0.982
0.952
0.947
0.333
0.466
0.366
0.437
0.350
0.368
0.323
0.467
0.373
0.425
0.341
0.383
0.313
0.462
0.382
0.419
0.330
0.381
0.343
0.326
0.403
0.963
1.083
0.997
0.364
0.345
0.421
0.949
1.066
0.977
0.323
0.341
0.419
0.946
1.102
1.023
0.342
0.422
0.438
1.013
0.983
0.980
0.294
0.379
0.391
0.968
0.950
0.937
0.314
0.465
0.354
0.409
0.331
0.349
0.308
0.468
0.363
0.397
0.325
0.363
0.301
0.464
0.374
0.396
0.317
0.365
0.340
0.313
0.397
0.953
1.069
0.979
0.360
0.328
0.411
0.938
1.048
0.957
0.320
0.328
0.415
0.941
1.093
1.012
0.349
0.423
0.441
1.031
0.990
0.983
0.291
0.366
0.383
0.971
0.941
0.928
0.308
0.450
0.344
0.417
0.321
0.348
0.298
0.452
0.352
0.405
0.313
0.362
0.289
0.446
0.359
0.399
0.303
0.360
0.379
0.350
0.433
0.988
1.103
1.020
0.395
0.364
0.446
0.972
1.084
1.001
0.358
0.360
0.444
0.973
1.122
1.046
0.367
0.437
0.462
1.048
1.004
1.007
0.319
0.393
0.410
1.003
0.969
0.961
0.345
0.485
0.386
0.461
0.360
0.390
0.336
0.488
0.395
0.448
0.350
0.402
0.329
0.485
0.405
0.446
0.342
0.403
0.365
0.351
0.421
0.981
1.070
1.003
0.379
0.370
0.437
0.966
1.062
0.990
0.343
0.367
0.436
0.968
1.095
1.035
0.373
0.449
0.465
1.069
1.017
1.007
0.310
0.386
0.399
1.002
0.960
0.946
0.338
0.464
0.376
0.449
0.362
0.373
0.329
0.460
0.384
0.436
0.351
0.386
0.317
0.455
0.386
0.424
0.341
0.378
0.364
0.324
0.417
0.958
0.992
0.982
0.380
0.341
0.431
0.943
0.983
0.963
0.341
0.338
0.431
0.941
1.009
1.010
0.352
0.389
0.437
1.035
0.955
0.975
0.304
0.347
0.389
0.985
0.919
0.931
0.322
0.405
0.359
0.440
0.337
0.367
0.318
0.399
0.370
0.435
0.331
0.383
0.305
0.392
0.370
0.423
0.322
0.375
0.338
0.327
0.402
0.964
1.042
0.991
0.358
0.346
0.419
0.954
1.037
0.976
0.324
0.343
0.417
0.952
1.067
1.020
0.348
0.414
0.445
1.049
0.991
0.990
0.294
0.369
0.392
0.994
0.951
0.941
0.314
0.429
0.360
0.423
0.336
0.355
0.309
0.432
0.369
0.414
0.329
0.368
0.296
0.423
0.369
0.402
0.319
0.361
0.332
0.309
0.384
0.931
0.983
0.950
0.344
0.328
0.399
0.915
0.975
0.935
0.310
0.329
0.401
0.909
0.996
0.973
0.324
0.385
0.413
0.988
0.931
0.938
0.285
0.351
0.376
0.948
0.903
0.905
0.305
0.411
0.345
0.398
0.326
0.337
0.302
0.409
0.359
0.392
0.318
0.356
0.286
0.399
0.356
0.381
0.305
0.348
0.408
0.394
0.452
0.999
1.093
1.011
0.424
0.417
0.469
0.982
1.078
0.997
0.384
0.412
0.464
0.972
1.103
1.029
0.430
0.501
0.503
1.072
1.043
1.028
0.366
0.447
0.442
1.009
0.993
0.966
0.389
0.508
0.412
0.474
0.412
0.408
0.381
0.509
0.424
0.465
0.404
0.423
0.366
0.496
0.417
0.453
0.392
0.414
0.370
0.353
0.403
0.996
1.102
0.991
0.381
0.369
0.414
0.976
1.083
0.972
0.347
0.367
0.415
0.971
1.112
1.007
0.376
0.449
0.433
1.064
1.023
0.991
0.319
0.400
0.377
1.005
0.980
0.935
0.344
0.481
0.358
0.443
0.363
0.364
0.340
0.483
0.362
0.434
0.356
0.372
0.326
0.475
0.364
0.425
0.344
0.369
0.351
0.339
0.368
0.944
1.027
0.939
0.372
0.354
0.391
0.940
1.021
0.936
0.335
0.354
0.388
0.926
1.041
0.959
0.350
0.425
0.403
0.996
0.984
0.941
0.306
0.378
0.358
0.955
0.949
0.903
0.323
0.438
0.346
0.410
0.349
0.348
0.320
0.439
0.350
0.401
0.345
0.353
0.307
0.427
0.345
0.391
0.334
0.344
0.393
0.389
0.437
0.963
1.064
0.976
0.402
0.399
0.446
0.950
1.050
0.964
0.365
0.400
0.447
0.937
1.076
0.994
0.402
0.470
0.463
1.016
0.992
0.973
0.355
0.430
0.418
0.974
0.961
0.935
0.380
0.506
0.399
0.463
0.403
0.404
0.368
0.502
0.401
0.444
0.389
0.406
0.354
0.487
0.393
0.434
0.375
0.395
0.328
0.311
0.388
0.944
1.056
0.979
0.341
0.323
0.398
0.928
1.041
0.959
0.312
0.325
0.405
0.936
1.082
1.012
0.337
0.407
0.429
1.019
0.979
0.980
0.287
0.358
0.376
0.966
0.936
0.929
0.303
0.439
0.342
0.409
0.320
0.345
0.299
0.443
0.348
0.397
0.314
0.356
0.289
0.440
0.360
0.393
0.305
0.356
0.314
0.303
0.372
0.945
1.065
0.978
0.337
0.318
0.391
0.931
1.046
0.956
0.302
0.318
0.394
0.934
1.086
1.006
0.323
0.404
0.417
1.000
0.973
0.968
0.276
0.360
0.369
0.956
0.940
0.925
0.292
0.444
0.338
0.386
0.310
0.332
0.288
0.449
0.343
0.372
0.304
0.340
0.279
0.444
0.354
0.372
0.296
0.343
0.338
0.306
0.388
0.946
1.055
0.967
0.353
0.317
0.400
0.928
1.033
0.943
0.318
0.319
0.405
0.932
1.075
0.996
0.325
0.401
0.419
1.004
0.964
0.957
0.281
0.363
0.375
0.958
0.932
0.914
0.298
0.445
0.342
0.409
0.313
0.346
0.295
0.451
0.351
0.400
0.308
0.358
0.286
0.444
0.358
0.396
0.300
0.357
0.348
0.323
0.400
0.962
1.077
0.995
0.368
0.335
0.416
0.949
1.057
0.976
0.332
0.331
0.414
0.951
1.097
1.022
0.342
0.410
0.436
1.026
0.983
0.987
0.296
0.367
0.384
0.982
0.949
0.940
0.316
0.458
0.362
0.433
0.332
0.366
0.312
0.463
0.369
0.421
0.326
0.376
0.305
0.462
0.382
0.421
0.319
0.379
0.336
0.323
0.388
0.958
1.043
0.978
0.349
0.338
0.405
0.941
1.032
0.963
0.317
0.337
0.403
0.946
1.068
1.009
0.344
0.420
0.435
1.045
0.993
0.983
0.286
0.361
0.372
0.981
0.939
0.924
0.309
0.432
0.351
0.421
0.332
0.348
0.304
0.433
0.356
0.409
0.324
0.357
0.292
0.429
0.363
0.400
0.316
0.353
0.336
0.296
0.386
0.938
0.970
0.960
0.353
0.311
0.401
0.921
0.959
0.940
0.316
0.308
0.402
0.923
0.987
0.989
0.327
0.365
0.413
1.017
0.938
0.957
0.281
0.323
0.363
0.969
0.902
0.912
0.293
0.374
0.334
0.411
0.307
0.342
0.293
0.372
0.343
0.408
0.303
0.357
0.280
0.365
0.345
0.398
0.295
0.351
0.314
0.303
0.374
0.943
1.016
0.968
0.332
0.317
0.390
0.933
1.009
0.954
0.301
0.317
0.389
0.935
1.041
1.000
0.326
0.388
0.422
1.031
0.972
0.972
0.272
0.343
0.366
0.977
0.931
0.922
0.289
0.398
0.337
0.396
0.308
0.332
0.286
0.402
0.344
0.389
0.304
0.342
0.276
0.399
0.349
0.382
0.297
0.341
0.311
0.288
0.359
0.922
0.967
0.937
0.322
0.301
0.372
0.903
0.954
0.918
0.291
0.304
0.375
0.900
0.978
0.959
0.305
0.361
0.390
0.977
0.917
0.926
0.267
0.328
0.352
0.940
0.892
0.893
0.284
0.387
0.327
0.379
0.305
0.320
0.283
0.384
0.337
0.372
0.296
0.335
0.267
0.377
0.337
0.363
0.283
0.329
0.386
0.373
0.427
0.980
1.073
0.990
0.401
0.390
0.442
0.961
1.055
0.973
0.367
0.391
0.441
0.957
1.086
1.010
0.411
0.480
0.481
1.057
1.025
1.010
0.346
0.423
0.417
0.992
0.973
0.944
0.368
0.485
0.392
0.455
0.391
0.390
0.364
0.491
0.404
0.450
0.387
0.405
0.345
0.476
0.396
0.435
0.371
0.394
0.340
0.327
0.371
0.978
1.084
0.971
0.353
0.338
0.383
0.957
1.061
0.950
0.323
0.339
0.384
0.958
1.095
0.988
0.351
0.423
0.407
1.048
1.006
0.974
0.298
0.377
0.353
0.994
0.966
0.921
0.318
0.455
0.333
0.417
0.336
0.339
0.317
0.459
0.337
0.410
0.332
0.346
0.303
0.453
0.339
0.401
0.319
0.342
0.326
0.316
0.341
0.924
1.007
0.917
0.349
0.327
0.362
0.917
0.994
0.908
0.312
0.327
0.358
0.910
1.020
0.937
0.327
0.402
0.377
0.979
0.967
0.922
0.286
0.354
0.332
0.942
0.932
0.886
0.298
0.412
0.322
0.387
0.326
0.326
0.296
0.413
0.323
0.380
0.322
0.328
0.286
0.406
0.323
0.372
0.314
0.323
0.362
0.357
0.400
0.935
1.035
0.944
0.370
0.362
0.408
0.919
1.017
0.929
0.339
0.369
0.412
0.912
1.047
0.961
0.372
0.440
0.429
0.991
0.967
0.945
0.325
0.401
0.383
0.949
0.936
0.906
0.345
0.470
0.365
0.431
0.370
0.374
0.338
0.471
0.368
0.417
0.362
0.377
0.323
0.457
0.361
0.406
0.346
0.366
0.360
0.336
0.419
0.968
1.079
1.005
0.370
0.354
0.430
0.954
1.069
0.990
0.336
0.351
0.431
0.957
1.104
1.038
0.355
0.428
0.450
1.028
0.994
0.996
0.311
0.381
0.401
0.986
0.957
0.952
0.331
0.466
0.372
0.439
0.347
0.376
0.323
0.467
0.378
0.425
0.339
0.387
0.314
0.465
0.389
0.421
0.329
0.386
0.344
0.327
0.402
0.965
1.084
1.000
0.363
0.348
0.421
0.956
1.072
0.986
0.324
0.343
0.418
0.953
1.105
1.029
0.341
0.423
0.438
1.009
0.984
0.981
0.298
0.380
0.391
0.972
0.955
0.943
0.318
0.467
0.364
0.415
0.335
0.361
0.311
0.469
0.369
0.400
0.328
0.369
0.302
0.466
0.381
0.397
0.318
0.370
0.371
0.332
0.419
0.971
1.079
0.994
0.381
0.348
0.432
0.955
1.064
0.977
0.342
0.344
0.430
0.954
1.097
1.022
0.341
0.419
0.437
1.015
0.979
0.973
0.304
0.385
0.398
0.976
0.952
0.936
0.323
0.468
0.369
0.437
0.338
0.375
0.317
0.472
0.376
0.426
0.331
0.386
0.310
0.468
0.386
0.421
0.322
0.383
0.339
0.310
0.393
0.950
1.064
0.978
0.358
0.327
0.408
0.942
1.051
0.964
0.317
0.324
0.408
0.942
1.089
1.013
0.337
0.413
0.431
1.020
0.983
0.978
0.290
0.362
0.379
0.971
0.941
0.930
0.303
0.444
0.346
0.415
0.316
0.352
0.297
0.448
0.352
0.403
0.310
0.363
0.286
0.443
0.362
0.395
0.298
0.359
0.368
0.350
0.420
0.983
1.069
1.005
0.377
0.368
0.436
0.967
1.062
0.994
0.342
0.364
0.432
0.970
1.094
1.038
0.362
0.439
0.455
1.054
1.005
0.996
0.311
0.382
0.397
1.004
0.959
0.947
0.336
0.460
0.380
0.450
0.358
0.378
0.328
0.458
0.385
0.437
0.348
0.387
0.319
0.456
0.393
0.427
0.339
0.382
0.366
0.323
0.417
0.962
0.995
0.987
0.379
0.340
0.432
0.946
0.989
0.970
0.338
0.333
0.427
0.943
1.009
1.013
0.344
0.386
0.432
1.027
0.952
0.971
0.303
0.346
0.387
0.986
0.920
0.933
0.320
0.403
0.362
0.441
0.334
0.371
0.317
0.401
0.371
0.435
0.328
0.384
0.305
0.394
0.374
0.425
0.319
0.379
0.346
0.329
0.406
0.971
1.046
0.998
0.363
0.349
0.424
0.962
1.045
0.988
0.326
0.345
0.418
0.958
1.069
1.028
0.346
0.413
0.445
1.048
0.990
0.990
0.298
0.369
0.393
1.000
0.953
0.945
0.316
0.429
0.367
0.428
0.334
0.362
0.312
0.433
0.375
0.418
0.327
0.372
0.303
0.430
0.381
0.412
0.320
0.369
0.337
0.309
0.385
0.941
0.989
0.959
0.344
0.325
0.397
0.924
0.981
0.946
0.308
0.324
0.396
0.916
0.999
0.982
0.318
0.378
0.407
0.986
0.931
0.941
0.285
0.345
0.371
0.954
0.908
0.912
0.303
0.406
0.347
0.401
0.322
0.342
0.300
0.404
0.359
0.393
0.315
0.357
0.286
0.397
0.359
0.384
0.300
0.350
0.414
0.397
0.454
1.002
1.092
1.013
0.424
0.416
0.468
0.984
1.078
1.000
0.386
0.412
0.463
0.976
1.102
1.032
0.423
0.496
0.497
1.066
1.039
1.024
0.367
0.443
0.439
1.009
0.993
0.966
0.390
0.506
0.417
0.481
0.414
0.417
0.382
0.508
0.426
0.470
0.405
0.428
0.367
0.497
0.422
0.457
0.391
0.418
0.371
0.351
0.400
1.001
1.103
0.994
0.378
0.364
0.410
0.980
1.085
0.978
0.343
0.362
0.406
0.976
1.112
1.010
0.368
0.441
0.425
1.059
1.020
0.988
0.318
0.393
0.373
1.012
0.982
0.940
0.339
0.475
0.357
0.444
0.358
0.366
0.337
0.477
0.362
0.436
0.352
0.372
0.324
0.472
0.365
0.426
0.339
0.369
0.356
0.340
0.370
0.948
1.028
0.941
0.374
0.355
0.392
0.941
1.021
0.938
0.337
0.352
0.384
0.930
1.041
0.960
0.347
0.421
0.399
0.989
0.979
0.937
0.308
0.374
0.355
0.958
0.948
0.904
0.325
0.437
0.350
0.414
0.349
0.352
0.321
0.437
0.351
0.404
0.343
0.354
0.312
0.432
0.353
0.397
0.335
0.350
0.379
0.371
0.419
0.944
1.043
0.955
0.386
0.380
0.427
0.931
1.030
0.945
0.348
0.380
0.424
0.919
1.054
0.972
0.376
0.446
0.437
0.989
0.966
0.946
0.336
0.408
0.396
0.954
0.940
0.912
0.359
0.482
0.381
0.447
0.382
0.390
0.346
0.479
0.381
0.428
0.369
0.390
0.335
0.468
0.378
0.420
0.356
0.381
0.363
0.332
0.419
0.972
1.065
1.000
0.374
0.347
0.429
0.957
1.051
0.984
0.341
0.347
0.432
0.961
1.088
1.034
0.357
0.425
0.449
1.055
1.002
1.002
0.306
0.374
0.394
0.999
0.956
0.950
0.333
0.451
0.367
0.451
0.346
0.375
0.322
0.452
0.378
0.437
0.335
0.389
0.315
0.452
0.386
0.434
0.330
0.389
0.349
0.322
0.403
0.971
1.071
0.998
0.372
0.343
0.423
0.961
1.056
0.983
0.330
0.337
0.420
0.959
1.090
1.028
0.346
0.423
0.441
1.039
0.998
0.993
0.294
0.373
0.386
0.989
0.956
0.945
0.319
0.452
0.361
0.430
0.337
0.364
0.309
0.453
0.371
0.414
0.326
0.376
0.304
0.455
0.380
0.411
0.320
0.374
0.378
0.330
0.423
0.978
1.066
0.992
0.394
0.349
0.439
0.963
1.048
0.976
0.352
0.344
0.437
0.962
1.083
1.023
0.353
0.426
0.447
1.046
0.994
0.987
0.305
0.382
0.398
0.995
0.954
0.940
0.330
0.459
0.371
0.455
0.344
0.382
0.322
0.459
0.384
0.446
0.335
0.399
0.317
0.460
0.389
0.440
0.330
0.393
0.349
0.310
0.399
0.960
1.058
0.980
0.368
0.326
0.414
0.951
1.042
0.966
0.326
0.324
0.415
0.949
1.081
1.017
0.342
0.417
0.435
1.049
0.997
0.989
0.290
0.361
0.378
0.990
0.946
0.935
0.307
0.435
0.346
0.430
0.319
0.356
0.297
0.436
0.356
0.417
0.309
0.369
0.293
0.438
0.365
0.414
0.304
0.368
0.387
0.347
0.435
0.994
1.091
1.021
0.407
0.365
0.452
0.984
1.074
1.008
0.364
0.356
0.446
0.981
1.107
1.049
0.367
0.434
0.461
1.068
1.011
1.015
0.320
0.389
0.408
1.022
0.974
0.969
0.348
0.474
0.391
0.478
0.362
0.401
0.336
0.475
0.400
0.464
0.349
0.413
0.334
0.479
0.413
0.465
0.348
0.416
0.374
0.324
0.421
0.969
0.999
0.984
0.382
0.337
0.431
0.952
0.988
0.968
0.342
0.336
0.431
0.950
1.019
1.018
0.349
0.394
0.438
1.058
0.967
0.981
0.298
0.344
0.383
1.004
0.925
0.934
0.322
0.404
0.360
0.455
0.336
0.372
0.315
0.402
0.373
0.447
0.328
0.389
0.308
0.399
0.376
0.440
0.324
0.384
0.351
0.326
0.407
0.977
1.041
0.995
0.363
0.342
0.421
0.963
1.033
0.981
0.330
0.341
0.419
0.963
1.064
1.027
0.347
0.415
0.446
1.075
1.002
0.999
0.291
0.364
0.387
1.013
0.954
0.946
0.317
0.424
0.366
0.441
0.336
0.364
0.309
0.426
0.375
0.429
0.326
0.377
0.303
0.425
0.380
0.423
0.322
0.374
0.336
0.301
0.380
0.941
0.980
0.950
0.342
0.317
0.392
0.924
0.970
0.938
0.304
0.316
0.389
0.914
0.988
0.973
0.317
0.376
0.405
1.010
0.937
0.942
0.276
0.338
0.362
0.970
0.908
0.908
0.299
0.394
0.340
0.409
0.317
0.336
0.293
0.392
0.354
0.402
0.309
0.355
0.284
0.389
0.354
0.394
0.299
0.349
0.435
0.408
0.471
1.017
1.088
1.023
0.449
0.430
0.489
1.006
1.078
1.016
0.409
0.425
0.482
0.992
1.098
1.044
0.446
0.507
0.515
1.111
1.059
1.047
0.384
0.453
0.453
1.044
1.006
0.983
0.410
0.509
0.432
0.517
0.433
0.438
0.403
0.513
0.446
0.509
0.425
0.455
0.385
0.500
0.436
0.492
0.409
0.439
0.372
0.342
0.398
0.998
1.083
0.987
0.383
0.359
0.412
0.979
1.065
0.972
0.347
0.356
0.410
0.976
1.095
1.010
0.368
0.436
0.426
1.082
1.022
0.992
0.313
0.385
0.368
1.022
0.976
0.936
0.339
0.460
0.356
0.458
0.356
0.368
0.333
0.461
0.361
0.447
0.347
0.375
0.325
0.461
0.366
0.441
0.340
0.372
0.362
0.332
0.367
0.954
1.011
0.936
0.381
0.347
0.389
0.946
1.001
0.932
0.341
0.341
0.380
0.934
1.020
0.957
0.353
0.413
0.400
1.026
0.986
0.950
0.305
0.360
0.347
0.977
0.942
0.904
0.326
0.421
0.345
0.432
0.348
0.354
0.318
0.417
0.346
0.420
0.339
0.355
0.310
0.412
0.345
0.413
0.332
0.349
0.395
0.371
0.425
0.954
1.027
0.956
0.401
0.381
0.435
0.943
1.017
0.950
0.362
0.381
0.435
0.928
1.038
0.978
0.384
0.436
0.438
1.027
0.975
0.963
0.339
0.400
0.394
0.982
0.944
0.921
0.367
0.469
0.382
0.475
0.390
0.400
0.352
0.463
0.384
0.456
0.375
0.404
0.343
0.456
0.380
0.448
0.366
0.393
0.343
0.311
0.399
0.943
1.024
0.973
0.353
0.326
0.408
0.927
1.010
0.956
0.326
0.328
0.418
0.935
1.043
1.009
0.342
0.396
0.431
1.028
0.966
0.979
0.294
0.353
0.380
0.978
0.930
0.931
0.317
0.424
0.344
0.434
0.330
0.357
0.305
0.426
0.353
0.419
0.320
0.370
0.295
0.420
0.357
0.411
0.309
0.363
0.329
0.300
0.382
0.945
1.025
0.974
0.348
0.319
0.399
0.930
1.009
0.953
0.315
0.318
0.405
0.934
1.040
1.004
0.326
0.384
0.415
1.010
0.957
0.968
0.282
0.349
0.370
0.966
0.927
0.925
0.303
0.420
0.337
0.411
0.318
0.343
0.293
0.422
0.345
0.394
0.308
0.353
0.284
0.416
0.350
0.388
0.298
0.349
0.354
0.306
0.399
0.947
1.019
0.964
0.367
0.322
0.411
0.930
1.002
0.944
0.335
0.323
0.420
0.936
1.034
0.996
0.330
0.384
0.419
1.015
0.950
0.958
0.290
0.356
0.380
0.973
0.926
0.919
0.311
0.424
0.345
0.436
0.324
0.361
0.303
0.427
0.355
0.424
0.315
0.375
0.294
0.420
0.357
0.415
0.306
0.367
0.330
0.289
0.379
0.936
1.009
0.958
0.348
0.305
0.393
0.924
0.996
0.941
0.313
0.304
0.400
0.929
1.029
0.994
0.331
0.382
0.418
1.029
0.963
0.971
0.280
0.337
0.365
0.973
0.921
0.918
0.295
0.402
0.325
0.417
0.305
0.340
0.286
0.405
0.334
0.406
0.297
0.354
0.275
0.396
0.337
0.394
0.285
0.345
0.366
0.325
0.413
0.967
1.044
0.994
0.382
0.340
0.428
0.953
1.028
0.978
0.346
0.332
0.426
0.954
1.053
1.021
0.346
0.395
0.435
1.042
0.973
0.989
0.304
0.360
0.388
1.000
0.945
0.947
0.327
0.435
0.361
0.457
0.340
0.377
0.317
0.439
0.371
0.444
0.330
0.390
0.311
0.436
0.380
0.439
0.322
0.386
0.342
0.317
0.392
0.958
1.023
0.975
0.353
0.336
0.409
0.942
1.014
0.963
0.323
0.336
0.412
0.947
1.045
1.012
0.348
0.409
0.436
1.062
0.987
0.987
0.290
0.352
0.374
0.998
0.935
0.928
0.316
0.419
0.347
0.442
0.336
0.353
0.307
0.420
0.357
0.428
0.325
0.364
0.298
0.416
0.360
0.415
0.316
0.356
0.324
0.301
0.382
0.946
1.003
0.968
0.339
0.320
0.398
0.934
0.998
0.955
0.310
0.319
0.400
0.936
1.026
1.002
0.335
0.391
0.430
1.051
0.973
0.979
0.282
0.347
0.375
0.993
0.931
0.927
0.302
0.398
0.340
0.420
0.318
0.340
0.294
0.403
0.350
0.409
0.310
0.353
0.282
0.394
0.349
0.397
0.298
0.344
0.320
0.284
0.364
0.921
0.950
0.931
0.327
0.298
0.375
0.900
0.937
0.912
0.297
0.303
0.381
0.897
0.959
0.955
0.308
0.354
0.391
0.989
0.910
0.925
0.270
0.323
0.354
0.951
0.885
0.892
0.292
0.375
0.326
0.399
0.306
0.325
0.285
0.373
0.338
0.390
0.297
0.342
0.269
0.365
0.332
0.375
0.282
0.330
0.414
0.384
0.450
0.992
1.046
1.001
0.425
0.403
0.465
0.973
1.034
0.986
0.392
0.402
0.467
0.970
1.057
1.024
0.427
0.470
0.494
1.081
1.019
1.023
0.374
0.427
0.441
1.025
0.980
0.968
0.394
0.479
0.409
0.497
0.413
0.418
0.388
0.485
0.425
0.490
0.406
0.435
0.368
0.467
0.412
0.468
0.387
0.415
0.353
0.321
0.380
0.972
1.042
0.963
0.364
0.338
0.394
0.951
1.025
0.947
0.333
0.336
0.396
0.953
1.052
0.987
0.353
0.405
0.408
1.053
0.985
0.969
0.304
0.365
0.359
1.002
0.950
0.921
0.327
0.434
0.337
0.443
0.341
0.352
0.321
0.436
0.342
0.431
0.333
0.358
0.307
0.429
0.341
0.419
0.320
0.350
0.337
0.307
0.346
0.922
0.970
0.909
0.359
0.321
0.368
0.915
0.962
0.904
0.326
0.323
0.369
0.908
0.982
0.934
0.327
0.377
0.374
0.984
0.940
0.914
0.292
0.340
0.336
0.950
0.913
0.883
0.308
0.392
0.325
0.412
0.326
0.335
0.302
0.393
0.327
0.401
0.320
0.337
0.290
0.382
0.322
0.391
0.311
0.329
0.373
0.347
0.405
0.929
0.985
0.933
0.379
0.357
0.414
0.915
0.974
0.924
0.348
0.361
0.420
0.907
0.996
0.957
0.368
0.407
0.422
0.998
0.940
0.940
0.331
0.381
0.386
0.963
0.920
0.907
0.350
0.440
0.364
0.455
0.371
0.383
0.339
0.439
0.367
0.438
0.360
0.387
0.325
0.424
0.357
0.422
0.343
0.370
0.318
0.293
0.378
0.926
1.021
0.959
0.339
0.316
0.396
0.922
1.018
0.952
0.302
0.314
0.398
0.921
1.051
1.002
0.327
0.389
0.418
1.014
0.959
0.965
0.282
0.349
0.370
0.966
0.927
0.922
0.298
0.414
0.333
0.410
0.309
0.336
0.289
0.417
0.338
0.394
0.300
0.347
0.281
0.414
0.348
0.393
0.294
0.347
0.304
0.285
0.362
0.928
1.029
0.959
0.333
0.310
0.387
0.926
1.023
0.950
0.291
0.305
0.384
0.920
1.052
0.995
0.314
0.383
0.406
0.997
0.952
0.955
0.270
0.348
0.362
0.957
0.928
0.918
0.285
0.416
0.326
0.388
0.298
0.324
0.277
0.419
0.332
0.373
0.291
0.334
0.271
0.415
0.341
0.373
0.286
0.335
0.330
0.289
0.379
0.932
1.023
0.951
0.354
0.313
0.400
0.927
1.016
0.942
0.312
0.311
0.400
0.924
1.049
0.990
0.317
0.383
0.409
1.004
0.948
0.948
0.278
0.356
0.371
0.961
0.925
0.910
0.294
0.422
0.333
0.413
0.305
0.340
0.287
0.426
0.343
0.402
0.297
0.353
0.281
0.422
0.349
0.398
0.293
0.351
0.302
0.272
0.357
0.913
1.013
0.939
0.333
0.296
0.380
0.915
1.006
0.932
0.289
0.293
0.379
0.911
1.043
0.983
0.318
0.383
0.406
1.011
0.957
0.955
0.267
0.337
0.354
0.956
0.917
0.905
0.277
0.401
0.314
0.393
0.285
0.320
0.269
0.405
0.320
0.379
0.278
0.330
0.260
0.399
0.327
0.375
0.270
0.329
0.341
0.309
0.393
0.952
1.052
0.984
0.368
0.331
0.417
0.950
1.043
0.976
0.325
0.322
0.409
0.945
1.073
1.018
0.335
0.399
0.427
1.030
0.972
0.979
0.295
0.364
0.383
0.990
0.947
0.940
0.311
0.436
0.353
0.435
0.321
0.359
0.304
0.443
0.363
0.423
0.314
0.371
0.298
0.439
0.374
0.424
0.309
0.373
0.320
0.301
0.373
0.945
1.018
0.963
0.341
0.328
0.398
0.937
1.017
0.958
0.303
0.325
0.395
0.936
1.049
1.004
0.335
0.405
0.424
1.053
0.983
0.976
0.280
0.349
0.363
0.988
0.933
0.920
0.301
0.410
0.338
0.422
0.317
0.336
0.292
0.411
0.344
0.407
0.308
0.345
0.284
0.409
0.352
0.401
0.302
0.343
0.320
0.279
0.372
0.921
0.955
0.941
0.343
0.304
0.394
0.914
0.953
0.933
0.297
0.300
0.390
0.905
0.981
0.978
0.317
0.356
0.402
1.016
0.925
0.942
0.273
0.319
0.357
0.967
0.894
0.902
0.286
0.365
0.320
0.410
0.295
0.326
0.281
0.366
0.328
0.401
0.290
0.339
0.272
0.362
0.334
0.395
0.285
0.337
0.298
0.270
0.346
0.904
0.946
0.917
0.314
0.292
0.366
0.896
0.944
0.911
0.275
0.292
0.364
0.885
0.965
0.950
0.296
0.351
0.382
0.979
0.906
0.915
0.258
0.319
0.344
0.941
0.884
0.886
0.274
0.366
0.313
0.378
0.288
0.307
0.267
0.364
0.322
0.368
0.281
0.322
0.258
0.363
0.325
0.363
0.273
0.319
0.398
0.377
0.437
0.982
1.053
0.991
0.422
0.407
0.464
0.980
1.052
0.991
0.379
0.399
0.455
0.964
1.070
1.019
0.425
0.477
0.492
1.081
1.025
1.019
0.366
0.430
0.433
1.019
0.982
0.961
0.384
0.480
0.404
0.482
0.400
0.404
0.379
0.486
0.417
0.474
0.396
0.420
0.362
0.472
0.409
0.460
0.381
0.408
0.322
0.301
0.352
0.953
1.039
0.944
0.345
0.326
0.376
0.946
1.031
0.938
0.304
0.320
0.371
0.934
1.054
0.972
0.337
0.396
0.391
1.043
0.980
0.955
0.289
0.357
0.342
0.990
0.947
0.909
0.305
0.420
0.318
0.416
0.316
0.326
0.299
0.423
0.320
0.404
0.310
0.331
0.290
0.419
0.324
0.400
0.303
0.331
0.315
0.293
0.326
0.908
0.968
0.896
0.345
0.314
0.356
0.910
0.967
0.899
0.303
0.309
0.348
0.896
0.984
0.925
0.318
0.375
0.365
0.983
0.943
0.911
0.280
0.334
0.323
0.945
0.913
0.877
0.291
0.384
0.310
0.392
0.310
0.315
0.287
0.384
0.310
0.382
0.305
0.317
0.279
0.377
0.311
0.377
0.300
0.314
0.348
0.332
0.382
0.914
0.989
0.918
0.366
0.350
0.402
0.911
0.985
0.918
0.324
0.348
0.399
0.894
1.004
0.945
0.354
0.402
0.406
0.989
0.937
0.928
0.315
0.374
0.369
0.952
0.917
0.896
0.332
0.433
0.346
0.433
0.351
0.361
0.321
0.431
0.348
0.415
0.341
0.363
0.310
0.420
0.343
0.408
0.331
0.355
0.334
0.304
0.385
0.920
1.005
0.948
0.348
0.325
0.400
0.911
1.001
0.939
0.317
0.321
0.402
0.913
1.025
0.982
0.317
0.382
0.407
0.980
0.930
0.934
0.284
0.352
0.372
0.944
0.909
0.903
0.312
0.424
0.346
0.418
0.324
0.349
0.301
0.426
0.355
0.403
0.313
0.363
0.289
0.419
0.358
0.395
0.301
0.356
0.320
0.295
0.371
0.921
1.010
0.947
0.343
0.318
0.392
0.912
0.998
0.932
0.305
0.311
0.390
0.908
1.022
0.973
0.302
0.375
0.394
0.960
0.917
0.919
0.274
0.353
0.367
0.934
0.908
0.897
0.298
0.425
0.339
0.395
0.310
0.335
0.291
0.429
0.350
0.381
0.302
0.349
0.280
0.421
0.353
0.374
0.291
0.343
0.346
0.301
0.387
0.922
1.003
0.937
0.362
0.321
0.404
0.912
0.992
0.924
0.324
0.316
0.404
0.907
1.015
0.965
0.308
0.377
0.399
0.965
0.914
0.912
0.282
0.361
0.375
0.936
0.903
0.887
0.307
0.430
0.347
0.418
0.317
0.352
0.299
0.434
0.359
0.408
0.308
0.366
0.290
0.427
0.361
0.400
0.300
0.360
0.322
0.286
0.369
0.911
0.997
0.932
0.342
0.303
0.384
0.906
0.987
0.920
0.304
0.299
0.386
0.904
1.014
0.965
0.305
0.375
0.394
0.977
0.925
0.923
0.273
0.343
0.361
0.939
0.900
0.890
0.293
0.412
0.332
0.403
0.299
0.335
0.283
0.414
0.340
0.390
0.289
0.348
0.272
0.407
0.344
0.381
0.279
0.341
0.360
0.320
0.404
0.944
1.030
0.969
0.377
0.339
0.420
0.937
1.021
0.959
0.340
0.330
0.415
0.933
1.041
0.996
0.327
0.393
0.419
0.995
0.942
0.948
0.301
0.370
0.389
0.969
0.928
0.921
0.327
0.447
0.370
0.445
0.337
0.375
0.316
0.449
0.379
0.431
0.325
0.386
0.308
0.446
0.386
0.428
0.319
0.385
0.337
0.311
0.382
0.933
0.998
0.947
0.350
0.335
0.402
0.923
0.996
0.942
0.317
0.327
0.397
0.922
1.018
0.979
0.324
0.396
0.413
1.012
0.949
0.940
0.283
0.352
0.367
0.963
0.911
0.899
0.312
0.420
0.353
0.427
0.330
0.349
0.303
0.417
0.362
0.412
0.316
0.360
0.293
0.414
0.364
0.403
0.310
0.354
0.338
0.291
0.381
0.914
0.939
0.929
0.350
0.312
0.397
0.900
0.934
0.917
0.313
0.303
0.394
0.898
0.955
0.959
0.309
0.344
0.391
0.979
0.891
0.910
0.279
0.319
0.360
0.947
0.874
0.884
0.300
0.374
0.335
0.415
0.308
0.339
0.295
0.372
0.348
0.409
0.299
0.357
0.283
0.364
0.346
0.398
0.292
0.348
0.321
0.299
0.376
0.924
0.983
0.944
0.338
0.320
0.394
0.917
0.981
0.936
0.306
0.316
0.391
0.916
1.004
0.976
0.313
0.376
0.409
1.000
0.932
0.933
0.277
0.345
0.371
0.961
0.908
0.901
0.302
0.403
0.348
0.408
0.315
0.340
0.293
0.402
0.355
0.397
0.305
0.352
0.282
0.396
0.356
0.388
0.296
0.345
0.420
0.394
0.455
0.987
1.053
0.993
0.435
0.419
0.474
0.976
1.044
0.986
0.397
0.410
0.467
0.963
1.058
1.011
0.411
0.472
0.482
1.049
1.004
0.994
0.372
0.441
0.443
1.002
0.972
0.949
0.401
0.497
0.424
0.491
0.418
0.422
0.393
0.500
0.438
0.481
0.408
0.437
0.376
0.486
0.429
0.468
0.395
0.425
0.348
0.320
0.370
0.952
1.029
0.940
0.361
0.338
0.386
0.936
1.015
0.928
0.328
0.333
0.383
0.932
1.034
0.960
0.332
0.395
0.385
1.006
0.951
0.926
0.297
0.367
0.349
0.970
0.931
0.892
0.327
0.442
0.343
0.430
0.341
0.350
0.321
0.441
0.345
0.417
0.330
0.355
0.306
0.434
0.343
0.406
0.317
0.346
0.332
0.305
0.340
0.900
0.951
0.887
0.355
0.323
0.365
0.899
0.951
0.889
0.318
0.318
0.359
0.887
0.961
0.910
0.312
0.369
0.361
0.946
0.911
0.882
0.288
0.342
0.333
0.925
0.897
0.863
0.310
0.397
0.331
0.402
0.326
0.333
0.303
0.395
0.331
0.392
0.318
0.336
0.288
0.383
0.323
0.379
0.306
0.324
0.360
0.339
0.389
0.902
0.968
0.907
0.374
0.356
0.407
0.899
0.967
0.907
0.335
0.351
0.402
0.882
0.975
0.928
0.342
0.395
0.396
0.952
0.908
0.899
0.317
0.376
0.371
0.929
0.898
0.878
0.343
0.440
0.361
0.437
0.363
0.374
0.328
0.433
0.361
0.417
0.347
0.374
0.315
0.420
0.352
0.405
0.333
0.360
0.425
0.397
0.469
1.023
1.122
1.043
0.442
0.417
0.484
1.010
1.111
1.030
0.414
0.423
0.491
1.018
1.150
1.081
0.437
0.515
0.523
1.106
1.070
1.054
0.378
0.457
0.460
1.045
1.020
0.996
0.456
0.579
0.485
0.564
0.472
0.493
0.435
0.572
0.484
0.533
0.444
0.487
0.408
0.547
0.469
0.513
0.420
0.467
0.418
0.396
0.461
1.024
1.131
1.042
0.446
0.419
0.485
1.019
1.120
1.030
0.406
0.416
0.481
1.010
1.149
1.067
0.424
0.512
0.511
1.089
1.063
1.041
0.370
0.464
0.455
1.036
1.021
0.989
0.440
0.579
0.475
0.541
0.459
0.478
0.421
0.573
0.473
0.512
0.436
0.473
0.404
0.559
0.469
0.502
0.421
0.464
0.443
0.401
0.477
1.031
1.127
1.038
0.461
0.419
0.494
1.017
1.111
1.021
0.423
0.420
0.494
1.012
1.142
1.062
0.428
0.511
0.515
1.093
1.056
1.033
0.378
0.470
0.465
1.039
1.017
0.983
0.477
0.614
0.512
0.587
0.488
0.517
0.436
0.585
0.489
0.543
0.445
0.495
0.418
0.566
0.481
0.528
0.429
0.480
0.401
0.368
0.441
1.000
1.104
1.012
0.427
0.387
0.461
0.995
1.092
1.001
0.387
0.387
0.462
0.991
1.129
1.047
0.411
0.498
0.497
1.086
1.051
1.026
0.352
0.438
0.435
1.025
1.001
0.970
0.402
0.537
0.439
0.513
0.412
0.444
0.389
0.539
0.443
0.494
0.397
0.447
0.366
0.516
0.431
0.475
0.377
0.430
0.455
0.420
0.491
1.047
1.151
1.066
0.477
0.437
0.509
1.038
1.136
1.053
0.441
0.437
0.508
1.036
1.169
1.092
0.445
0.526
0.532
1.114
1.077
1.062
0.390
0.474
0.473
1.064
1.038
1.011
0.477
0.610
0.514
0.603
0.500
0.530
0.447
0.595
0.505
0.559
0.459
0.509
0.428
0.576
0.497
0.548
0.445
0.499
0.431
0.409
0.469
1.035
1.114
1.041
0.449
0.431
0.491
1.026
1.109
1.035
0.415
0.432
0.488
1.022
1.138
1.074
0.442
0.530
0.529
1.132
1.085
1.055
0.379
0.463
0.459
1.065
1.027
0.993
0.448
0.567
0.484
0.566
0.471
0.485
0.433
0.562
0.487
0.542
0.450
0.484
0.407
0.538
0.469
0.518
0.427
0.461
0.416
0.373
0.454
0.995
1.035
1.004
0.432
0.392
0.471
0.983
1.027
0.991
0.395
0.394
0.472
0.978
1.056
1.035
0.403
0.455
0.485
1.074
1.001
1.002
0.353
0.410
0.432
1.026
0.966
0.958
0.401
0.491
0.437
0.525
0.419
0.448
0.395
0.490
0.448
0.513
0.407
0.457
0.377
0.474
0.437
0.496
0.392
0.441
0.420
0.401
0.468
1.032
1.102
1.044
0.439
0.418
0.484
1.023
1.096
1.032
0.409
0.422
0.485
1.020
1.125
1.074
0.425
0.498
0.517
1.117
1.060
1.045
0.371
0.450
0.460
1.061
1.020
0.995
0.436
0.548
0.482
0.551
0.457
0.482
0.423
0.544
0.482
0.529
0.440
0.480
0.400
0.523
0.468
0.511
0.420
0.462
0.419
0.392
0.455
1.004
1.052
1.008
0.429
0.408
0.469
0.989
1.042
0.995
0.399
0.418
0.474
0.983
1.067
1.033
0.406
0.469
0.486
1.063
1.004
0.999
0.365
0.433
0.444
1.024
0.978
0.964
0.428
0.528
0.463
0.529
0.452
0.460
0.414
0.519
0.467
0.506
0.428
0.460
0.391
0.499
0.452
0.489
0.407
0.444
0.443
0.419
0.462
1.062
1.156
1.045
0.466
0.445
0.485
1.054
1.148
1.039
0.438
0.451
0.490
1.055
1.182
1.080
0.460
0.538
0.513
1.147
1.107
1.062
0.398
0.482
0.448
1.083
1.058
1.000
0.464
0.592
0.477
0.571
0.485
0.488
0.458
0.595
0.481
0.557
0.473
0.489
0.421
0.563
0.455
0.522
0.435
0.457
0.404
0.382
0.406
0.984
1.052
0.964
0.424
0.396
0.426
0.979
1.045
0.961
0.387
0.395
0.421
0.963
1.061
0.981
0.410
0.482
0.454
1.052
1.031
0.981
0.358
0.428
0.398
1.004
0.989
0.934
0.406
0.508
0.422
0.496
0.425
0.422
0.396
0.504
0.420
0.482
0.415
0.420
0.373
0.482
0.402
0.461
0.393
0.400
0.424
0.409
0.450
0.975
1.061
0.973
0.434
0.420
0.462
0.966
1.052
0.968
0.401
0.426
0.465
0.952
1.074
0.994
0.431
0.496
0.482
1.046
1.014
0.985
0.383
0.457
0.434
1.003
0.984
0.944
0.435
0.548
0.449
0.531
0.460
0.462
0.420
0.544
0.448
0.509
0.443
0.459
0.399
0.522
0.430
0.490
0.420
0.437
0.363
0.339
0.409
0.980
1.085
0.999
0.370
0.351
0.414
0.960
1.068
0.976
0.335
0.347
0.413
0.961
1.100
1.019
0.364
0.437
0.446
1.052
1.012
1.000
0.313
0.383
0.389
0.997
0.968
0.947
0.334
0.465
0.366
0.442
0.349
0.370
0.329
0.471
0.373
0.432
0.345
0.383
0.318
0.464
0.378
0.425
0.333
0.377
0.353
0.335
0.397
0.984
1.097
1.000
0.368
0.349
0.409
0.964
1.074
0.975
0.326
0.341
0.403
0.958
1.104
1.011
0.352
0.434
0.434
1.037
1.007
0.989
0.303
0.385
0.381
0.989
0.969
0.940
0.321
0.469
0.357
0.421
0.338
0.356
0.320
0.477
0.366
0.411
0.336
0.368
0.310
0.470
0.372
0.407
0.326
0.365
0.381
0.343
0.415
0.990
1.092
0.994
0.389
0.353
0.423
0.968
1.069
0.970
0.348
0.348
0.420
0.963
1.098
1.008
0.360
0.437
0.441
1.045
1.004
0.983
0.312
0.395
0.392
0.997
0.969
0.936
0.334
0.477
0.369
0.448
0.348
0.376
0.331
0.483
0.377
0.440
0.344
0.388
0.324
0.477
0.382
0.436
0.336
0.385
0.352
0.322
0.393
0.974
1.083
0.983
0.367
0.332
0.403
0.959
1.062
0.962
0.325
0.329
0.401
0.954
1.098
1.004
0.352
0.428
0.433
1.050
1.009
0.989
0.298
0.371
0.374
0.994
0.962
0.935
0.313
0.454
0.347
0.427
0.325
0.354
0.310
0.462
0.355
0.419
0.322
0.366
0.298
0.453
0.358
0.410
0.310
0.360
0.388
0.356
0.427
1.004
1.113
1.020
0.401
0.367
0.437
0.986
1.090
0.998
0.359
0.359
0.428
0.982
1.122
1.034
0.369
0.443
0.452
1.062
1.018
1.006
0.323
0.394
0.400
1.017
0.983
0.960
0.345
0.485
0.384
0.466
0.361
0.391
0.342
0.493
0.393
0.457
0.356
0.402
0.336
0.490
0.402
0.455
0.349
0.402
0.370
0.353
0.407
0.996
1.081
0.999
0.374
0.365
0.418
0.974
1.064
0.982
0.338
0.358
0.410
0.972
1.093
1.018
0.369
0.449
0.449
1.079
1.026
1.000
0.310
0.386
0.384
1.016
0.973
0.942
0.336
0.461
0.372
0.454
0.360
0.370
0.334
0.465
0.380
0.444
0.355
0.380
0.323
0.459
0.381
0.434
0.345
0.373
0.368
0.327
0.406
0.973
1.010
0.980
0.375
0.338
0.414
0.951
0.992
0.958
0.334
0.332
0.410
0.945
1.017
0.997
0.349
0.393
0.425
1.045
0.967
0.971
0.301
0.348
0.375
0.996
0.932
0.927
0.319
0.407
0.354
0.439
0.332
0.361
0.321
0.411
0.367
0.439
0.333
0.380
0.308
0.401
0.364
0.426
0.321
0.369
0.345
0.331
0.394
0.980
1.056
0.991
0.358
0.346
0.407
0.965
1.044
0.973
0.323
0.341
0.402
0.960
1.072
1.012
0.350
0.419
0.438
1.064
1.005
0.991
0.297
0.371
0.381
1.008
0.964
0.941
0.317
0.433
0.361
0.429
0.335
0.357
0.316
0.441
0.370
0.423
0.335
0.369
0.304
0.432
0.369
0.412
0.323
0.361
0.343
0.317
0.376
0.954
1.000
0.954
0.347
0.328
0.384
0.930
0.983
0.933
0.312
0.328
0.382
0.920
1.001
0.965
0.328
0.388
0.403
1.004
0.946
0.940
0.289
0.351
0.362
0.964
0.917
0.904
0.312
0.414
0.347
0.408
0.331
0.340
0.312
0.415
0.359
0.405
0.327
0.355
0.295
0.405
0.355
0.393
0.312
0.346
0.406
0.389
0.432
0.995
1.082
0.990
0.416
0.405
0.445
0.976
1.064
0.973
0.375
0.398
0.436
0.960
1.082
0.998
0.418
0.487
0.476
1.068
1.033
1.004
0.354
0.429
0.411
1.006
0.984
0.942
0.379
0.495
0.398
0.475
0.404
0.400
0.376
0.501
0.407
0.469
0.400
0.412
0.358
0.485
0.398
0.454
0.382
0.398
0.354
0.336
0.359
0.953
1.029
0.934
0.369
0.348
0.376
0.941
1.017
0.924
0.331
0.342
0.366
0.929
1.035
0.946
0.351
0.424
0.394
1.012
0.992
0.941
0.302
0.368
0.340
0.966
0.949
0.896
0.320
0.431
0.337
0.417
0.346
0.343
0.318
0.433
0.339
0.409
0.342
0.345
0.306
0.423
0.335
0.399
0.331
0.338
0.381
0.372
0.405
0.953
1.047
0.949
0.384
0.378
0.411
0.936
1.031
0.935
0.347
0.378
0.409
0.921
1.052
0.958
0.381
0.446
0.426
1.011
0.979
0.948
0.335
0.405
0.379
0.970
0.949
0.908
0.359
0.481
0.371
0.454
0.386
0.383
0.353
0.482
0.373
0.440
0.378
0.385
0.337
0.467
0.364
0.427
0.360
0.371
0.342
0.319
0.377
0.927
1.021
0.940
0.361
0.338
0.395
0.918
1.013
0.931
0.325
0.337
0.394
0.917
1.044
0.971
0.339
0.409
0.410
0.993
0.959
0.937
0.304
0.368
0.370
0.955
0.928
0.903
0.320
0.438
0.347
0.423
0.333
0.348
0.316
0.444
0.353
0.409
0.327
0.355
0.294
0.428
0.350
0.397
0.308
0.344
0.331
0.313
0.364
0.931
1.033
0.943
0.357
0.336
0.389
0.926
1.023
0.935
0.314
0.331
0.381
0.913
1.046
0.963
0.326
0.405
0.397
0.979
0.955
0.927
0.295
0.373
0.364
0.950
0.934
0.901
0.308
0.443
0.340
0.400
0.324
0.335
0.306
0.449
0.345
0.387
0.320
0.341
0.287
0.434
0.345
0.379
0.304
0.335
0.374
0.336
0.398
0.958
1.047
0.957
0.384
0.347
0.409
0.935
1.025
0.937
0.344
0.346
0.407
0.928
1.052
0.972
0.344
0.417
0.414
0.998
0.962
0.936
0.313
0.390
0.384
0.965
0.943
0.907
0.328
0.457
0.358
0.434
0.338
0.360
0.328
0.466
0.369
0.426
0.335
0.370
0.304
0.445
0.361
0.412
0.317
0.358
0.326
0.301
0.357
0.921
1.020
0.926
0.350
0.316
0.375
0.914
1.006
0.914
0.307
0.315
0.374
0.906
1.038
0.952
0.332
0.406
0.400
0.995
0.961
0.930
0.289
0.359
0.355
0.950
0.923
0.890
0.298
0.425
0.326
0.401
0.307
0.326
0.295
0.432
0.332
0.389
0.302
0.333
0.275
0.418
0.331
0.377
0.286
0.325
0.389
0.356
0.411
0.976
1.070
0.982
0.405
0.369
0.427
0.961
1.051
0.968
0.363
0.362
0.416
0.952
1.076
0.995
0.369
0.436
0.436
1.027
0.989
0.966
0.335
0.401
0.398
0.997
0.965
0.936
0.353
0.476
0.381
0.464
0.364
0.384
0.348
0.481
0.388
0.450
0.355
0.388
0.329
0.468
0.387
0.442
0.341
0.381
0.348
0.329
0.372
0.946
1.021
0.943
0.365
0.349
0.396
0.934
1.014
0.939
0.326
0.343
0.386
0.926
1.035
0.967
0.347
0.422
0.416
1.028
0.981
0.947
0.302
0.371
0.365
0.974
0.935
0.899
0.322
0.434
0.351
0.432
0.341
0.346
0.318
0.435
0.355
0.418
0.332
0.348
0.301
0.426
0.356
0.407
0.321
0.342
0.342
0.304
0.371
0.917
0.949
0.921
0.365
0.326
0.395
0.911
0.947
0.915
0.319
0.318
0.386
0.896
0.963
0.946
0.327
0.366
0.393
0.986
0.913
0.911
0.297
0.338
0.361
0.953
0.892
0.884
0.307
0.381
0.334
0.419
0.316
0.338
0.307
0.383
0.343
0.411
0.311
0.346
0.288
0.369
0.339
0.399
0.299
0.339
0.320
0.306
0.360
0.925
0.992
0.931
0.343
0.327
0.382
0.920
0.988
0.925
0.308
0.324
0.376
0.913
1.012
0.960
0.324
0.388
0.400
1.004
0.948
0.929
0.286
0.353
0.360
0.964
0.922
0.896
0.302
0.405
0.337
0.404
0.317
0.329
0.298
0.409
0.342
0.393
0.311
0.334
0.281
0.397
0.340
0.381
0.298
0.327
0.326
0.299
0.351
0.904
0.947
0.901
0.336
0.312
0.366
0.890
0.938
0.893
0.300
0.316
0.366
0.875
0.954
0.920
0.307
0.362
0.376
0.953
0.898
0.887
0.284
0.342
0.353
0.930
0.885
0.869
0.298
0.391
0.329
0.391
0.314
0.321
0.297
0.393
0.340
0.384
0.309
0.331
0.276
0.379
0.333
0.370
0.290
0.321
0.362
0.342
0.385
0.917
0.996
0.914
0.380
0.366
0.407
0.910
0.991
0.914
0.340
0.360
0.399
0.890
1.003
0.932
0.376
0.443
0.433
0.992
0.960
0.931
0.326
0.397
0.383
0.944
0.925
0.885
0.340
0.445
0.359
0.432
0.360
0.359
0.338
0.453
0.372
0.425
0.357
0.370
0.319
0.438
0.365
0.412
0.341
0.361
0.343
0.322
0.357
0.944
1.034
0.924
0.360
0.343
0.377
0.932
1.023
0.918
0.321
0.337
0.369
0.918
1.041
0.941
0.345
0.416
0.389
1.011
0.970
0.926
0.301
0.375
0.344
0.967
0.939
0.886
0.316
0.441
0.328
0.419
0.334
0.334
0.315
0.446
0.331
0.409
0.329
0.338
0.297
0.436
0.329
0.398
0.313
0.330
0.347
0.334
0.362
0.891
0.975
0.883
0.365
0.354
0.383
0.890
0.974
0.887
0.323
0.352
0.378
0.867
0.986
0.902
0.351
0.414
0.389
0.948
0.920
0.885
0.316
0.383
0.354
0.918
0.900
0.858
0.332
0.442
0.341
0.419
0.351
0.348
0.325
0.443
0.342
0.404
0.344
0.348
0.306
0.425
0.331
0.390
0.325
0.334
0.417
0.394
0.462
1.000
1.101
1.018
0.428
0.403
0.470
0.985
1.087
1.003
0.405
0.412
0.480
0.998
1.131
1.056
0.415
0.492
0.496
1.079
1.047
1.030
0.367
0.446
0.445
1.029
1.008
0.982
0.404
0.529
0.437
0.513
0.422
0.446
0.398
0.536
0.448
0.502
0.416
0.459
0.376
0.516
0.437
0.484
0.394
0.440
0.410
0.391
0.452
1.003
1.111
1.018
0.428
0.404
0.467
0.991
1.095
1.004
0.398
0.411
0.472
0.997
1.135
1.050
0.407
0.492
0.487
1.067
1.045
1.022
0.363
0.454
0.442
1.026
1.015
0.981
0.399
0.538
0.435
0.500
0.421
0.441
0.391
0.543
0.442
0.484
0.412
0.448
0.372
0.525
0.434
0.470
0.392
0.433
0.447
0.412
0.484
1.029
1.128
1.036
0.459
0.421
0.494
1.010
1.107
1.016
0.431
0.430
0.503
1.020
1.151
1.068
0.429
0.510
0.510
1.095
1.061
1.038
0.386
0.474
0.467
1.050
1.030
0.996
0.429
0.564
0.463
0.542
0.446
0.476
0.422
0.571
0.474
0.531
0.438
0.487
0.396
0.543
0.457
0.506
0.412
0.461
0.403
0.374
0.443
0.989
1.094
0.999
0.421
0.383
0.455
0.978
1.075
0.984
0.391
0.391
0.464
0.986
1.122
1.037
0.402
0.484
0.481
1.074
1.042
1.017
0.351
0.434
0.428
1.019
0.997
0.966
0.382
0.514
0.416
0.496
0.398
0.429
0.377
0.522
0.427
0.486
0.393
0.442
0.355
0.502
0.416
0.466
0.372
0.422
0.438
0.408
0.477
1.021
1.125
1.038
0.457
0.421
0.492
1.010
1.109
1.026
0.423
0.419
0.490
1.012
1.145
1.066
0.423
0.500
0.505
1.091
1.055
1.040
0.379
0.459
0.456
1.046
1.021
0.994
0.416
0.546
0.453
0.536
0.435
0.466
0.407
0.552
0.462
0.522
0.425
0.474
0.390
0.536
0.455
0.509
0.408
0.460
0.422
0.402
0.458
1.014
1.094
1.018
0.437
0.417
0.477
1.002
1.085
1.011
0.407
0.420
0.477
1.006
1.119
1.054
0.422
0.502
0.501
1.108
1.059
1.033
0.369
0.449
0.443
1.049
1.011
0.979
0.407
0.524
0.443
0.527
0.432
0.447
0.402
0.528
0.454
0.515
0.424
0.458
0.382
0.512
0.443
0.495
0.407
0.440
0.410
0.369
0.447
0.982
1.020
0.987
0.427
0.383
0.462
0.968
1.009
0.975
0.395
0.387
0.466
0.971
1.042
1.022
0.394
0.439
0.469
1.064
0.991
0.993
0.352
0.405
0.426
1.020
0.962
0.954
0.383
0.468
0.418
0.505
0.400
0.432
0.381
0.469
0.431
0.501
0.395
0.447
0.358
0.449
0.415
0.478
0.375
0.425
0.392
0.375
0.439
0.992
1.063
1.002
0.415
0.394
0.460
0.988
1.060
0.996
0.385
0.396
0.460
0.990
1.094
1.042
0.395
0.465
0.482
1.087
1.031
1.015
0.346
0.423
0.429
1.035
0.994
0.969
0.381
0.490
0.424
0.494
0.400
0.424
0.380
0.498
0.436
0.488
0.400
0.439
0.358
0.478
0.422
0.467
0.379
0.419
0.382
0.355
0.416
0.957
1.002
0.959
0.394
0.369
0.431
0.947
0.997
0.952
0.365
0.376
0.434
0.942
1.019
0.988
0.369
0.430
0.444
1.024
0.966
0.961
0.336
0.402
0.411
0.990
0.945
0.932
0.367
0.466
0.404
0.467
0.388
0.402
0.365
0.467
0.417
0.460
0.381
0.416
0.339
0.445
0.399
0.439
0.358
0.396
0.429
0.411
0.458
0.986
1.068
0.983
0.451
0.435
0.482
0.983
1.066
0.985
0.419
0.437
0.479
0.974
1.090
1.015
0.447
0.517
0.507
1.077
1.044
1.016
0.389
0.467
0.449
1.019
1.002
0.961
0.429
0.535
0.447
0.525
0.454
0.455
0.423
0.542
0.461
0.517
0.448
0.468
0.394
0.514
0.436
0.488
0.419
0.440
0.425
0.405
0.446
1.026
1.123
1.008
0.436
0.417
0.458
1.009
1.106
0.995
0.411
0.425
0.463
1.014
1.143
1.036
0.427
0.504
0.477
1.107
1.069
1.024
0.376
0.460
0.424
1.055
1.031
0.973
0.411
0.540
0.425
0.518
0.432
0.438
0.412
0.549
0.435
0.512
0.430
0.448
0.384
0.525
0.417
0.488
0.403
0.425
0.394
0.377
0.398
0.967
1.038
0.947
0.415
0.389
0.418
0.964
1.033
0.946
0.382
0.391
0.414
0.952
1.051
0.967
0.396
0.467
0.435
1.036
1.017
0.965
0.350
0.419
0.386
0.994
0.981
0.925
0.375
0.478
0.390
0.470
0.401
0.399
0.373
0.482
0.395
0.461
0.397
0.401
0.353
0.463
0.381
0.443
0.378
0.385
