0.538
0.866
0.349
0.605
0.951
0.416
0.540
0.890
0.357
0.872
1.217
0.682
0.539
0.874
0.363
0.627
0.950
0.411
0.841
1.168
0.644
0.574
0.899
0.365
0.843
1.166
0.623
0.532
0.880
0.345
0.620
0.780
0.344
0.626
0.822
0.357
0.529
0.687
0.319
0.619
0.770
0.371
0.611
0.745
0.351
0.632
0.789
0.360
0.554
0.763
0.324
0.580
0.727
0.333
0.622
0.821
0.357
0.733
1.010
0.512
0.601
0.876
0.339
0.603
0.898
0.359
0.608
0.909
0.358
0.543
0.793
0.317
0.481
0.709
0.282
0.587
0.834
0.344
0.610
0.919
0.358
0.603
0.845
0.338
0.606
0.856
0.341
0.620
0.867
0.343
0.586
0.778
0.326
0.640
0.856
0.338
0.631
0.902
0.384
0.624
0.863
0.357
0.593
0.855
0.328
0.603
0.911
0.373
0.479
0.736
0.302
0.598
0.894
0.377
0.591
0.887
0.353
0.632
0.920
0.350
0.626
0.907
0.361
0.611
0.891
0.334
0.679
0.967
0.394
0.669
0.933
0.435
0.606
0.895
0.335
0.638
0.926
0.372
0.570
0.860
0.334
0.599
0.909
0.384
0.548
0.855
0.332
0.861
1.161
0.638
0.554
0.843
0.340
0.643
0.935
0.408
0.846
1.128
0.609
0.579
0.865
0.342
0.848
1.134
0.599
0.536
0.849
0.321
0.645
0.743
0.327
0.647
0.793
0.337
0.539
0.647
0.299
0.629
0.746
0.350
0.634
0.714
0.331
0.651
0.759
0.338
0.568
0.729
0.306
0.600
0.690
0.319
0.636
0.796
0.338
0.727
0.962
0.475
0.620
0.854
0.320
0.623
0.871
0.336
0.621
0.877
0.335
0.551
0.759
0.299
0.487
0.682
0.263
0.596
0.807
0.324
0.635
0.893
0.344
0.628
0.812
0.327
0.646
0.834
0.331
0.645
0.837
0.332
0.607
0.746
0.314
0.672
0.836
0.328
0.672
0.879
0.369
0.648
0.824
0.340
0.625
0.829
0.313
0.621
0.888
0.358
0.483
0.711
0.289
0.601
0.856
0.350
0.623
0.862
0.338
0.660
0.900
0.333
0.647
0.875
0.341
0.642
0.873
0.318
0.714
0.957
0.380
0.696
0.914
0.424
0.643
0.877
0.321
0.663
0.900
0.356
0.524
0.878
0.333
0.484
0.848
0.324
0.498
0.878
0.335
0.809
1.178
0.633
0.495
0.864
0.337
0.583
0.932
0.386
0.772
1.127
0.593
0.526
0.877
0.335
0.781
1.140
0.587
0.489
0.870
0.322
0.583
0.770
0.324
0.587
0.817
0.337
0.488
0.666
0.299
0.579
0.771
0.350
0.569
0.738
0.329
0.591
0.784
0.337
0.518
0.750
0.307
0.547
0.701
0.315
0.582
0.820
0.340
0.690
0.987
0.480
0.555
0.865
0.317
0.559
0.888
0.335
0.562
0.895
0.331
0.490
0.778
0.298
0.443
0.699
0.266
0.535
0.817
0.318
0.573
0.906
0.335
0.564
0.842
0.327
0.581
0.858
0.329
0.586
0.859
0.325
0.539
0.767
0.310
0.601
0.846
0.322
0.600
0.894
0.364
0.586
0.849
0.333
0.563
0.851
0.313
0.556
0.900
0.356
0.432
0.715
0.281
0.552
0.875
0.348
0.555
0.879
0.334
0.592
0.907
0.329
0.580
0.888
0.334
0.570
0.881
0.313
0.652
0.952
0.371
0.638
0.927
0.421
0.576
0.886
0.315
0.603
0.914
0.353
0.550
0.883
0.345
0.520
0.858
0.336
0.578
0.938
0.397
0.833
1.179
0.640
0.522
0.864
0.346
0.598
0.945
0.402
0.798
1.137
0.605
0.551
0.884
0.347
0.819
1.156
0.608
0.509
0.869
0.328
0.596
0.772
0.331
0.604
0.810
0.335
0.512
0.676
0.304
0.600
0.786
0.356
0.595
0.756
0.335
0.615
0.790
0.346
0.536
0.756
0.310
0.560
0.721
0.325
0.599
0.825
0.344
0.708
0.992
0.490
0.581
0.871
0.327
0.582
0.892
0.344
0.592
0.902
0.346
0.522
0.788
0.307
0.473
0.709
0.276
0.561
0.825
0.326
0.594
0.911
0.345
0.586
0.842
0.328
0.599
0.857
0.331
0.602
0.865
0.331
0.569
0.766
0.316
0.618
0.856
0.330
0.627
0.903
0.375
0.603
0.856
0.339
0.589
0.861
0.319
0.580
0.905
0.361
0.456
0.729
0.291
0.566
0.877
0.354
0.581
0.879
0.340
0.612
0.914
0.332
0.608
0.896
0.345
0.601
0.890
0.324
0.664
0.967
0.376
0.663
0.938
0.433
0.599
0.895
0.324
0.624
0.924
0.362
0.557
0.872
0.333
0.533
0.845
0.325
0.590
0.925
0.387
0.538
0.865
0.332
0.536
0.852
0.337
0.625
0.949
0.405
0.822
1.135
0.605
0.562
0.874
0.340
0.825
1.138
0.594
0.522
0.860
0.324
0.616
0.763
0.324
0.619
0.802
0.333
0.527
0.668
0.301
0.619
0.781
0.351
0.617
0.739
0.334
0.636
0.786
0.341
0.550
0.746
0.307
0.580
0.706
0.315
0.620
0.816
0.339
0.718
0.982
0.482
0.605
0.867
0.323
0.597
0.880
0.334
0.604
0.890
0.334
0.537
0.775
0.302
0.482
0.699
0.269
0.577
0.814
0.322
0.602
0.902
0.337
0.605
0.829
0.326
0.615
0.844
0.326
0.617
0.847
0.327
0.576
0.757
0.311
0.636
0.845
0.321
0.630
0.884
0.358
0.622
0.844
0.333
0.601
0.844
0.312
0.599
0.892
0.352
0.474
0.716
0.286
0.584
0.869
0.351
0.595
0.869
0.332
0.623
0.903
0.328
0.621
0.884
0.336
0.609
0.877
0.315
0.668
0.950
0.367
0.684
0.930
0.432
0.614
0.884
0.316
0.633
0.911
0.354
0.559
0.867
0.340
0.529
0.842
0.331
0.595
0.926
0.395
0.538
0.867
0.338
0.853
1.172
0.641
0.586
0.909
0.374
0.815
1.135
0.608
0.556
0.867
0.339
0.834
1.141
0.599
0.531
0.861
0.330
0.627
0.744
0.329
0.630
0.795
0.340
0.538
0.656
0.307
0.627
0.769
0.360
0.620
0.720
0.337
0.639
0.764
0.347
0.557
0.731
0.307
0.589
0.686
0.323
0.630
0.807
0.344
0.725
0.976
0.482
0.608
0.867
0.325
0.609
0.881
0.342
0.613
0.889
0.339
0.557
0.777
0.308
0.492
0.699
0.270
0.590
0.819
0.328
0.613
0.886
0.338
0.622
0.823
0.332
0.631
0.836
0.333
0.637
0.843
0.332
0.592
0.755
0.315
0.652
0.832
0.326
0.662
0.889
0.369
0.632
0.830
0.337
0.621
0.835
0.319
0.604
0.889
0.360
0.472
0.712
0.286
0.589
0.860
0.349
0.603
0.862
0.336
0.643
0.898
0.331
0.634
0.874
0.340
0.639
0.875
0.324
0.690
0.949
0.375
0.700
0.931
0.439
0.628
0.879
0.325
0.650
0.895
0.354
0.565
0.907
0.377
0.539
0.885
0.370
0.604
0.961
0.433
0.536
0.908
0.372
0.850
1.211
0.677
0.537
0.896
0.378
0.798
1.155
0.629
0.566
0.906
0.374
0.828
1.176
0.632
0.531
0.892
0.361
0.592
0.817
0.360
0.596
0.851
0.367
0.496
0.693
0.322
0.601
0.825
0.388
0.590
0.782
0.366
0.609
0.820
0.372
0.532
0.778
0.332
0.560
0.753
0.343
0.590
0.850
0.367
0.701
1.005
0.511
0.578
0.884
0.352
0.592
0.911
0.377
0.586
0.917
0.374
0.514
0.796
0.324
0.460
0.715
0.292
0.564
0.843
0.359
0.593
0.913
0.372
0.580
0.860
0.351
0.588
0.880
0.359
0.586
0.870
0.349
0.548
0.791
0.333
0.591
0.874
0.349
0.595
0.907
0.394
0.588
0.873
0.366
0.582
0.877
0.348
0.575
0.910
0.386
0.438
0.728
0.304
0.596
0.901
0.389
0.584
0.902
0.374
0.598
0.917
0.361
0.612
0.915
0.388
0.584
0.891
0.349
0.654
0.975
0.411
0.650
0.940
0.447
0.583
0.895
0.350
0.615
0.927
0.386
0.586
0.938
0.417
0.558
0.916
0.408
0.615
0.990
0.468
0.555
0.933
0.416
0.862
1.231
0.709
0.532
0.908
0.402
0.613
0.980
0.457
0.592
0.943
0.424
0.849
1.208
0.681
0.542
0.920
0.397
0.617
0.837
0.399
0.620
0.886
0.413
0.529
0.730
0.362
0.621
0.855
0.427
0.616
0.812
0.409
0.631
0.868
0.421
0.552
0.816
0.376
0.578
0.775
0.379
0.613
0.880
0.410
0.708
1.026
0.541
0.624
0.946
0.422
0.606
0.943
0.416
0.601
0.945
0.408
0.549
0.850
0.380
0.494
0.765
0.343
0.576
0.872
0.393
0.608
0.940
0.405
0.602
0.899
0.399
0.618
0.913
0.401
0.616
0.907
0.395
0.575
0.817
0.370
0.636
0.901
0.397
0.624
0.941
0.435
0.623
0.910
0.413
0.604
0.914
0.395
0.611
0.954
0.439
0.461
0.749
0.333
0.600
0.933
0.427
0.590
0.926
0.408
0.617
0.933
0.393
0.624
0.934
0.410
0.600
0.916
0.386
0.656
0.977
0.436
0.665
0.970
0.490
0.600
0.922
0.385
0.619
0.941
0.412
0.537
0.862
0.341
0.502
0.833
0.336
0.566
0.911
0.392
0.510
0.857
0.341
0.828
1.170
0.652
0.503
0.842
0.342
0.575
0.905
0.384
0.790
1.120
0.608
0.804
1.135
0.608
0.497
0.852
0.328
0.584
0.765
0.330
0.585
0.809
0.342
0.499
0.668
0.302
0.581
0.768
0.357
0.578
0.725
0.337
0.595
0.779
0.344
0.519
0.745
0.308
0.548
0.702
0.321
0.581
0.802
0.341
0.689
0.979
0.491
0.563
0.851
0.327
0.570
0.870
0.343
0.570
0.876
0.342
0.502
0.764
0.300
0.447
0.686
0.267
0.546
0.801
0.323
0.574
0.874
0.340
0.568
0.822
0.326
0.586
0.835
0.327
0.589
0.839
0.328
0.549
0.760
0.314
0.604
0.841
0.325
0.602
0.878
0.365
0.586
0.835
0.338
0.570
0.834
0.314
0.571
0.876
0.357
0.440
0.708
0.286
0.552
0.854
0.354
0.561
0.856
0.338
0.598
0.881
0.333
0.583
0.856
0.337
0.580
0.857
0.318
0.647
0.926
0.376
0.656
0.919
0.437
0.583
0.858
0.318
0.616
0.883
0.355
0.574
0.900
0.329
0.554
0.876
0.323
0.592
0.937
0.372
0.547
0.892
0.331
0.857
1.195
0.625
0.547
0.873
0.330
0.624
0.951
0.376
0.802
1.125
0.569
0.578
0.901
0.336
0.544
0.884
0.317
0.630
0.782
0.319
0.642
0.839
0.333
0.536
0.679
0.295
0.638
0.804
0.346
0.631
0.763
0.328
0.638
0.801
0.334
0.571
0.766
0.304
0.597
0.731
0.317
0.635
0.843
0.338
0.744
1.018
0.487
0.617
0.894
0.321
0.617
0.914
0.334
0.627
0.919
0.331
0.553
0.795
0.298
0.488
0.716
0.267
0.585
0.836
0.317
0.635
0.937
0.338
0.629
0.865
0.325
0.643
0.883
0.328
0.653
0.887
0.329
0.598
0.773
0.307
0.662
0.871
0.324
0.672
0.918
0.365
0.644
0.869
0.331
0.630
0.874
0.311
0.622
0.930
0.350
0.483
0.736
0.280
0.606
0.902
0.350
0.623
0.907
0.332
0.646
0.933
0.325
0.636
0.913
0.328
0.633
0.909
0.314
0.698
0.988
0.370
0.691
0.946
0.418
0.638
0.918
0.316
0.663
0.951
0.355
0.526
0.879
0.334
0.497
0.861
0.331
0.567
0.935
0.395
0.509
0.879
0.337
0.830
1.196
0.653
0.511
0.874
0.348
0.585
0.941
0.396
0.783
1.140
0.605
0.533
0.887
0.346
0.807
1.161
0.610
0.578
0.772
0.328
0.579
0.821
0.338
0.487
0.672
0.303
0.584
0.792
0.356
0.573
0.740
0.333
0.594
0.793
0.344
0.517
0.758
0.312
0.550
0.713
0.324
0.578
0.817
0.339
0.697
1.007
0.502
0.563
0.877
0.325
0.558
0.887
0.337
0.552
0.888
0.333
0.500
0.794
0.309
0.449
0.705
0.268
0.541
0.825
0.327
0.567
0.903
0.348
0.559
0.839
0.330
0.567
0.856
0.334
0.574
0.866
0.336
0.544
0.778
0.313
0.588
0.856
0.331
0.580
0.894
0.370
0.565
0.848
0.335
0.554
0.854
0.320
0.544
0.891
0.356
0.439
0.724
0.290
0.549
0.882
0.359
0.548
0.884
0.343
0.572
0.896
0.331
0.574
0.887
0.348
0.559
0.874
0.322
0.614
0.935
0.368
0.641
0.939
0.439
0.561
0.881
0.325
0.586
0.906
0.357
0.702
0.668
0.323
0.709
0.609
0.317
0.750
0.727
0.384
0.688
0.641
0.324
1.026
0.970
0.648
0.726
0.610
0.334
0.753
0.741
0.383
0.982
0.936
0.598
0.718
0.684
0.332
0.993
0.920
0.587
0.678
0.646
0.314
0.808
0.632
0.338
0.671
0.521
0.301
0.792
0.609
0.350
0.787
0.589
0.330
0.799
0.623
0.335
0.721
0.579
0.308
0.735
0.578
0.318
0.797
0.634
0.339
0.882
0.800
0.478
0.775
0.672
0.315
0.783
0.678
0.333
0.771
0.692
0.329
0.700
0.602
0.299
0.622
0.534
0.264
0.725
0.642
0.318
0.781
0.696
0.340
0.799
0.653
0.329
0.805
0.662
0.330
0.803
0.677
0.329
0.736
0.619
0.312
0.812
0.701
0.327
0.827
0.690
0.366
0.814
0.669
0.342
0.793
0.672
0.320
0.786
0.675
0.354
0.604
0.552
0.281
0.763
0.676
0.355
0.797
0.668
0.335
0.797
0.705
0.329
0.805
0.702
0.338
0.787
0.693
0.317
0.838
0.762
0.370
0.810
0.726
0.398
0.798
0.687
0.318
0.810
0.720
0.353
0.764
0.685
0.338
0.775
0.647
0.333
0.831
0.757
0.412
0.750
0.672
0.333
1.091
0.996
0.665
0.781
0.634
0.344
0.810
0.751
0.394
1.046
0.954
0.617
0.775
0.708
0.350
1.079
0.971
0.624
0.745
0.669
0.327
0.836
0.631
0.336
0.728
0.541
0.312
0.850
0.640
0.365
0.845
0.619
0.345
0.861
0.660
0.358
0.768
0.587
0.315
0.788
0.600
0.332
0.858
0.654
0.352
0.927
0.797
0.484
0.832
0.686
0.334
0.839
0.687
0.349
0.825
0.701
0.344
0.750
0.623
0.310
0.669
0.539
0.275
0.774
0.649
0.332
0.833
0.698
0.348
0.849
0.664
0.336
0.857
0.665
0.339
0.853
0.669
0.337
0.787
0.622
0.323
0.862
0.683
0.337
0.885
0.701
0.377
0.861
0.664
0.346
0.850
0.681
0.330
0.843
0.685
0.367
0.661
0.553
0.296
0.812
0.687
0.366
0.849
0.666
0.342
0.848
0.707
0.336
0.860
0.703
0.352
0.838
0.686
0.326
0.890
0.750
0.377
0.870
0.749
0.418
0.848
0.684
0.328
0.868
0.724
0.364
0.595
0.529
0.281
0.600
0.483
0.273
0.630
0.570
0.330
0.580
0.511
0.277
0.871
0.789
0.552
0.608
0.478
0.284
0.636
0.570
0.326
0.855
0.759
0.535
0.605
0.537
0.284
0.875
0.766
0.532
0.563
0.499
0.269
0.664
0.471
0.277
0.687
0.483
0.285
0.673
0.475
0.302
0.679
0.451
0.289
0.684
0.480
0.291
0.619
0.444
0.269
0.626
0.440
0.277
0.673
0.484
0.285
0.759
0.631
0.413
0.666
0.512
0.277
0.659
0.525
0.285
0.652
0.531
0.280
0.602
0.472
0.265
0.548
0.430
0.237
0.630
0.494
0.280
0.664
0.528
0.286
0.677
0.497
0.280
0.683
0.507
0.281
0.678
0.508
0.279
0.637
0.461
0.274
0.691
0.508
0.281
0.711
0.538
0.314
0.686
0.502
0.286
0.685
0.513
0.278
0.673
0.513
0.305
0.526
0.413
0.250
0.642
0.515
0.297
0.676
0.519
0.290
0.678
0.549
0.279
0.679
0.547
0.288
0.673
0.529
0.274
0.719
0.593
0.317
0.711
0.571
0.363
0.679
0.529
0.273
0.686
0.558
0.300
0.732
0.674
0.351
0.738
0.636
0.346
0.793
0.748
0.432
0.719
0.665
0.351
1.065
0.997
0.685
0.747
0.628
0.358
0.762
0.727
0.392
1.004
0.937
0.619
0.743
0.704
0.365
1.059
0.968
0.646
0.702
0.664
0.339
0.819
0.619
0.347
0.847
0.627
0.362
0.707
0.534
0.327
0.826
0.596
0.356
0.835
0.628
0.363
0.759
0.580
0.333
0.774
0.584
0.348
0.833
0.635
0.362
0.907
0.784
0.492
0.808
0.687
0.343
0.811
0.682
0.355
0.808
0.698
0.357
0.719
0.616
0.317
0.644
0.548
0.286
0.755
0.658
0.342
0.811
0.693
0.354
0.825
0.646
0.344
0.834
0.655
0.345
0.833
0.667
0.346
0.767
0.609
0.338
0.849
0.679
0.348
0.866
0.684
0.377
0.846
0.657
0.358
0.825
0.664
0.337
0.822
0.679
0.377
0.628
0.557
0.302
0.772
0.669
0.367
0.826
0.660
0.353
0.832
0.712
0.345
0.832
0.691
0.350
0.815
0.686
0.331
0.877
0.750
0.385
0.844
0.735
0.422
0.831
0.681
0.334
0.836
0.724
0.365
0.722
0.641
0.323
0.731
0.597
0.315
0.775
0.699
0.387
0.710
0.633
0.319
1.052
0.950
0.644
0.738
0.591
0.328
0.762
0.687
0.368
1.004
0.887
0.596
0.740
0.662
0.334
1.035
0.922
0.604
0.698
0.622
0.310
0.800
0.594
0.319
0.827
0.608
0.331
0.691
0.499
0.295
0.804
0.596
0.337
0.819
0.609
0.332
0.741
0.550
0.300
0.754
0.554
0.315
0.819
0.614
0.335
0.899
0.754
0.470
0.795
0.652
0.315
0.802
0.647
0.328
0.793
0.672
0.330
0.717
0.581
0.294
0.636
0.518
0.262
0.745
0.613
0.316
0.800
0.657
0.332
0.812
0.620
0.318
0.825
0.626
0.322
0.824
0.644
0.323
0.751
0.582
0.309
0.833
0.663
0.320
0.856
0.663
0.355
0.828
0.629
0.328
0.814
0.637
0.309
0.810
0.650
0.351
0.620
0.523
0.276
0.775
0.638
0.344
0.820
0.639
0.330
0.823
0.689
0.324
0.825
0.673
0.330
0.811
0.656
0.313
0.861
0.724
0.366
0.847
0.721
0.408
0.825
0.658
0.313
0.834
0.692
0.348
0.727
0.562
0.313
0.727
0.527
0.309
0.780
0.623
0.377
0.710
0.552
0.314
1.045
0.870
0.634
0.741
0.518
0.322
0.782
0.630
0.370
0.994
0.816
0.580
0.733
0.577
0.318
1.011
0.829
0.578
0.707
0.557
0.307
0.785
0.525
0.309
0.802
0.532
0.318
0.681
0.440
0.284
0.789
0.522
0.331
0.786
0.492
0.314
0.729
0.481
0.293
0.737
0.496
0.303
0.800
0.526
0.321
0.896
0.695
0.470
0.785
0.573
0.308
0.794
0.566
0.323
0.778
0.580
0.317
0.708
0.516
0.283
0.631
0.443
0.254
0.739
0.537
0.309
0.795
0.586
0.320
0.799
0.543
0.310
0.802
0.543
0.308
0.793
0.548
0.306
0.734
0.508
0.292
0.812
0.583
0.307
0.824
0.570
0.334
0.806
0.558
0.315
0.791
0.561
0.300
0.804
0.547
0.339
0.626
0.459
0.275
0.772
0.568
0.335
0.799
0.555
0.320
0.811
0.595
0.312
0.809
0.576
0.321
0.798
0.560
0.303
0.853
0.633
0.355
0.824
0.644
0.392
0.810
0.566
0.304
0.812
0.590
0.330
0.638
0.655
0.298
0.644
0.613
0.287
0.694
0.717
0.364
0.630
0.639
0.293
0.951
0.938
0.604
0.658
0.612
0.306
0.689
0.709
0.350
0.924
0.917
0.575
0.654
0.670
0.306
0.944
0.928
0.569
0.609
0.636
0.288
0.723
0.586
0.294
0.747
0.599
0.303
0.634
0.510
0.282
0.733
0.593
0.318
0.741
0.569
0.305
0.748
0.593
0.310
0.681
0.553
0.292
0.740
0.615
0.309
0.821
0.772
0.443
0.725
0.655
0.298
0.722
0.660
0.306
0.716
0.676
0.302
0.653
0.601
0.279
0.584
0.527
0.251
0.670
0.618
0.290
0.718
0.659
0.305
0.738
0.622
0.293
0.750
0.635
0.297
0.738
0.639
0.293
0.685
0.581
0.284
0.753
0.647
0.294
0.772
0.669
0.324
0.747
0.611
0.297
0.741
0.637
0.286
0.724
0.657
0.322
0.562
0.535
0.265
0.692
0.643
0.315
0.737
0.647
0.302
0.747
0.686
0.297
0.751
0.679
0.308
0.732
0.665
0.286
0.778
0.718
0.330
0.763
0.701
0.372
0.743
0.660
0.287
0.754
0.699
0.320
0.671
0.564
0.302
0.677
0.518
0.293
0.726
0.609
0.360
0.663
0.537
0.299
0.985
0.850
0.605
0.692
0.496
0.304
0.723
0.612
0.354
0.938
0.802
0.558
0.684
0.566
0.304
0.973
0.831
0.574
0.648
0.538
0.292
0.738
0.523
0.299
0.763
0.525
0.306
0.646
0.446
0.281
0.751
0.530
0.324
0.754
0.496
0.310
0.761
0.528
0.314
0.683
0.486
0.283
0.757
0.527
0.309
0.851
0.683
0.452
0.743
0.563
0.299
0.738
0.572
0.304
0.730
0.579
0.302
0.671
0.513
0.280
0.606
0.449
0.254
0.693
0.540
0.295
0.734
0.582
0.306
0.760
0.546
0.299
0.761
0.557
0.299
0.752
0.569
0.297
0.705
0.520
0.292
0.767
0.579
0.299
0.796
0.595
0.336
0.768
0.549
0.307
0.768
0.562
0.294
0.758
0.579
0.330
0.584
0.454
0.261
0.716
0.546
0.315
0.755
0.558
0.305
0.762
0.606
0.300
0.763
0.603
0.309
0.754
0.585
0.294
0.804
0.639
0.340
0.800
0.637
0.397
0.760
0.583
0.291
0.769
0.615
0.321
0.721
0.713
0.329
0.733
0.676
0.321
0.783
0.776
0.394
0.715
0.704
0.327
1.040
1.017
0.642
0.750
0.673
0.336
0.765
0.767
0.378
1.000
0.968
0.595
0.743
0.734
0.342
1.026
0.985
0.601
0.711
0.694
0.320
0.807
0.654
0.328
0.834
0.673
0.342
0.694
0.557
0.300
0.812
0.659
0.350
0.817
0.639
0.338
0.829
0.669
0.346
0.741
0.621
0.310
0.756
0.612
0.322
0.882
0.813
0.463
0.800
0.719
0.327
0.801
0.728
0.339
0.797
0.736
0.339
0.718
0.649
0.302
0.633
0.575
0.268
0.738
0.686
0.319
0.795
0.740
0.338
0.817
0.690
0.328
0.824
0.695
0.332
0.816
0.711
0.327
0.756
0.645
0.318
0.833
0.721
0.331
0.854
0.746
0.370
0.828
0.699
0.339
0.817
0.707
0.321
0.804
0.729
0.356
0.623
0.586
0.287
0.764
0.709
0.348
0.812
0.705
0.334
0.815
0.754
0.329
0.825
0.730
0.342
0.809
0.729
0.323
0.857
0.793
0.370
0.837
0.774
0.412
0.816
0.725
0.320
0.830
0.763
0.356
0.659
0.837
0.337
0.662
0.814
0.327
0.720
0.902
0.400
0.641
0.826
0.328
0.935
1.112
0.610
0.668
0.824
0.338
0.704
0.893
0.385
0.910
1.079
0.581
0.668
0.846
0.342
0.936
1.102
0.591
0.634
0.827
0.326
0.731
0.751
0.326
0.740
0.772
0.330
0.627
0.640
0.293
0.733
0.744
0.340
0.731
0.719
0.325
0.747
0.757
0.342
0.665
0.716
0.305
0.692
0.691
0.323
0.731
0.780
0.332
0.718
0.833
0.324
0.728
0.861
0.351
0.719
0.861
0.344
0.655
0.754
0.303
0.578
0.683
0.271
0.667
0.782
0.316
0.714
0.849
0.338
0.722
0.791
0.317
0.736
0.808
0.324
0.728
0.802
0.316
0.677
0.731
0.311
0.743
0.796
0.317
0.772
0.853
0.359
0.737
0.798
0.328
0.730
0.810
0.313
0.727
0.855
0.354
0.560
0.689
0.283
0.691
0.828
0.346
0.730
0.840
0.337
0.744
0.864
0.337
0.749
0.851
0.344
0.733
0.839
0.326
0.781
0.899
0.377
0.777
0.887
0.419
0.740
0.845
0.323
0.759
0.876
0.361
0.685
0.849
0.310
0.696
0.839
0.303
0.732
0.914
0.370
0.669
0.848
0.310
1.012
1.178
0.631
0.710
0.851
0.316
0.739
0.911
0.360
1.001
1.152
0.607
0.695
0.862
0.317
1.002
1.147
0.597
0.659
0.847
0.299
0.783
0.748
0.304
0.806
0.794
0.316
0.679
0.650
0.287
0.790
0.764
0.330
0.795
0.726
0.312
0.794
0.754
0.321
0.715
0.727
0.290
0.744
0.694
0.308
0.796
0.793
0.320
0.891
0.986
0.478
0.774
0.873
0.319
0.768
0.878
0.316
0.697
0.778
0.291
0.624
0.705
0.261
0.724
0.813
0.310
0.764
0.876
0.320
0.793
0.818
0.310
0.800
0.828
0.315
0.793
0.826
0.310
0.729
0.744
0.295
0.802
0.813
0.306
0.825
0.869
0.344
0.798
0.819
0.313
0.791
0.830
0.304
0.771
0.880
0.337
0.589
0.704
0.265
0.739
0.859
0.329
0.790
0.863
0.321
0.789
0.875
0.309
0.795
0.865
0.319
0.784
0.864
0.305
0.823
0.912
0.345
0.820
0.904
0.403
0.792
0.865
0.308
0.801
0.885
0.335
0.694
0.890
0.337
0.703
0.878
0.332
0.746
0.965
0.407
0.672
0.888
0.337
1.020
1.223
0.663
0.703
0.881
0.337
0.753
0.955
0.395
0.978
1.170
0.616
0.700
0.901
0.347
1.006
1.197
0.632
0.663
0.881
0.327
0.778
0.784
0.332
0.793
0.827
0.343
0.664
0.675
0.305
0.777
0.785
0.349
0.781
0.754
0.339
0.788
0.791
0.345
0.703
0.754
0.309
0.726
0.714
0.322
0.790
0.836
0.350
0.861
0.997
0.483
0.758
0.890
0.329
0.758
0.915
0.344
0.682
0.802
0.306
0.612
0.725
0.275
0.707
0.832
0.322
0.746
0.903
0.339
0.770
0.846
0.325
0.782
0.858
0.331
0.772
0.856
0.326
0.710
0.759
0.315
0.789
0.856
0.331
0.805
0.907
0.361
0.784
0.855
0.337
0.764
0.862
0.316
0.762
0.912
0.358
0.594
0.738
0.293
0.736
0.891
0.352
0.773
0.895
0.338
0.773
0.910
0.333
0.784
0.907
0.341
0.762
0.890
0.321
0.809
0.946
0.373
0.822
0.949
0.434
0.776
0.899
0.323
0.784
0.919
0.350
0.689
0.920
0.340
0.690
0.899
0.332
0.738
0.982
0.406
0.676
0.917
0.341
1.008
1.241
0.659
0.696
0.904
0.344
0.727
0.972
0.386
0.977
1.202
0.627
0.701
0.924
0.349
1.003
1.216
0.628
0.654
0.895
0.325
0.770
0.811
0.332
0.788
0.851
0.343
0.659
0.696
0.304
0.775
0.827
0.357
0.778
0.803
0.343
0.786
0.815
0.347
0.705
0.784
0.315
0.726
0.746
0.325
0.782
0.860
0.348
0.859
1.020
0.484
0.755
0.913
0.330
0.756
0.928
0.343
0.678
0.817
0.309
0.601
0.737
0.277
0.700
0.852
0.325
0.747
0.949
0.343
0.770
0.877
0.330
0.783
0.894
0.334
0.782
0.892
0.331
0.712
0.784
0.317
0.795
0.883
0.331
0.816
0.941
0.369
0.786
0.882
0.337
0.769
0.892
0.319
0.759
0.949
0.358
0.578
0.753
0.286
0.725
0.920
0.355
0.779
0.937
0.349
0.781
0.956
0.336
0.782
0.937
0.343
0.765
0.927
0.326
0.819
0.996
0.377
0.820
0.979
0.438
0.784
0.944
0.329
0.799
0.969
0.366
0.603
0.756
0.293
0.608
0.739
0.290
0.641
0.805
0.343
0.589
0.756
0.294
0.895
1.045
0.583
0.631
0.755
0.305
0.661
0.820
0.348
0.864
1.011
0.542
0.617
0.765
0.299
0.896
1.032
0.560
0.585
0.760
0.291
0.691
0.667
0.289
0.708
0.714
0.299
0.600
0.592
0.278
0.687
0.683
0.310
0.699
0.653
0.298
0.704
0.681
0.303
0.637
0.663
0.284
0.659
0.627
0.297
0.696
0.712
0.301
0.785
0.876
0.440
0.679
0.766
0.290
0.674
0.774
0.299
0.670
0.781
0.297
0.553
0.633
0.252
0.637
0.727
0.292
0.681
0.783
0.309
0.700
0.736
0.300
0.704
0.740
0.298
0.700
0.745
0.302
0.651
0.676
0.290
0.712
0.736
0.298
0.732
0.780
0.333
0.710
0.741
0.307
0.703
0.750
0.295
0.687
0.785
0.325
0.530
0.635
0.265
0.659
0.768
0.319
0.694
0.770
0.307
0.697
0.784
0.296
0.699
0.773
0.307
0.693
0.772
0.295
0.742
0.832
0.342
0.723
0.806
0.376
0.700
0.776
0.292
0.702
0.788
0.314
0.556
0.704
0.264
0.556
0.693
0.256
0.601
0.762
0.319
0.547
0.708
0.269
0.823
0.974
0.525
0.570
0.703
0.268
0.603
0.759
0.312
0.808
0.950
0.506
0.558
0.707
0.267
0.814
0.955
0.504
0.536
0.701
0.255
0.625
0.632
0.261
0.637
0.658
0.267
0.555
0.566
0.253
0.626
0.646
0.283
0.625
0.615
0.264
0.634
0.640
0.275
0.572
0.615
0.247
0.595
0.585
0.266
0.632
0.666
0.271
0.726
0.832
0.412
0.617
0.713
0.265
0.614
0.722
0.267
0.606
0.723
0.268
0.568
0.656
0.256
0.584
0.680
0.262
0.611
0.723
0.269
0.629
0.685
0.264
0.634
0.693
0.266
0.629
0.686
0.263
0.586
0.630
0.254
0.641
0.691
0.266
0.661
0.731
0.293
0.633
0.688
0.267
0.633
0.697
0.261
0.623
0.731
0.286
0.494
0.604
0.236
0.597
0.715
0.282
0.626
0.714
0.270
0.626
0.726
0.261
0.631
0.718
0.275
0.622
0.715
0.258
0.657
0.761
0.294
0.672
0.767
0.351
0.629
0.718
0.259
0.636
0.735
0.280
0.652
0.807
0.310
0.650
0.790
0.300
0.702
0.879
0.374
0.633
0.806
0.307
0.972
1.134
0.631
0.658
0.801
0.308
0.697
0.863
0.358
0.935
1.094
0.592
0.651
0.807
0.310
0.968
1.115
0.606
0.618
0.800
0.293
0.718
0.721
0.300
0.734
0.758
0.311
0.642
0.643
0.293
0.726
0.740
0.324
0.729
0.707
0.309
0.734
0.728
0.313
0.654
0.695
0.280
0.682
0.672
0.301
0.724
0.761
0.306
0.823
0.929
0.464
0.713
0.812
0.308
0.706
0.819
0.310
0.701
0.824
0.309
0.655
0.748
0.295
0.585
0.675
0.260
0.713
0.830
0.320
0.735
0.783
0.309
0.744
0.795
0.312
0.744
0.799
0.315
0.682
0.724
0.300
0.752
0.792
0.313
0.778
0.836
0.349
0.747
0.788
0.320
0.744
0.803
0.307
0.728
0.839
0.337
0.565
0.687
0.274
0.693
0.816
0.330
0.739
0.825
0.326
0.744
0.837
0.318
0.742
0.825
0.321
0.733
0.820
0.307
0.769
0.865
0.350
0.771
0.866
0.397
0.740
0.822
0.306
0.750
0.842
0.331
0.622
0.909
0.338
0.614
0.893
0.338
0.670
0.971
0.397
0.602
0.913
0.336
0.980
1.280
0.707
0.603
0.879
0.337
0.735
1.019
0.445
0.927
1.198
0.636
0.636
0.915
0.345
0.942
1.233
0.649
0.588
0.896
0.326
0.694
0.810
0.336
0.694
0.841
0.343
0.584
0.685
0.303
0.691
0.798
0.350
0.699
0.777
0.343
0.700
0.807
0.341
0.619
0.768
0.313
0.653
0.744
0.326
0.688
0.847
0.345
0.825
1.057
0.534
0.662
0.895
0.324
0.663
0.912
0.339
0.665
0.924
0.335
0.602
0.802
0.308
0.526
0.714
0.268
0.637
0.848
0.327
0.681
0.869
0.336
0.680
0.871
0.335
0.681
0.872
0.347
0.635
0.762
0.318
0.696
0.856
0.336
0.702
0.910
0.369
0.692
0.866
0.352
0.685
0.880
0.329
0.666
0.928
0.360
0.523
0.744
0.293
0.662
0.920
0.369
0.680
0.928
0.352
0.685
0.941
0.337
0.680
0.922
0.342
0.664
0.907
0.318
0.746
1.013
0.391
0.731
0.961
0.435
0.671
0.922
0.324
0.693
0.946
0.352
0.712
0.713
0.316
0.719
0.678
0.313
0.785
0.812
0.407
0.695
0.710
0.322
1.055
1.055
0.663
0.735
0.680
0.332
0.778
0.812
0.394
1.010
1.022
0.621
0.729
0.749
0.336
1.042
1.018
0.624
0.678
0.700
0.311
0.799
0.659
0.319
0.828
0.673
0.334
0.695
0.561
0.300
0.810
0.681
0.347
0.809
0.630
0.332
0.829
0.680
0.340
0.741
0.628
0.307
0.765
0.629
0.326
0.825
0.687
0.342
0.918
0.862
0.501
0.792
0.729
0.319
0.794
0.721
0.331
0.778
0.726
0.323
0.713
0.657
0.299
0.630
0.586
0.265
0.748
0.698
0.323
0.782
0.726
0.325
0.830
0.689
0.328
0.817
0.702
0.321
0.756
0.652
0.317
0.828
0.709
0.323
0.848
0.738
0.357
0.832
0.689
0.334
0.824
0.702
0.321
0.789
0.722
0.344
0.611
0.578
0.280
0.767
0.719
0.350
0.824
0.711
0.335
0.822
0.735
0.326
0.822
0.727
0.327
0.807
0.718
0.314
0.857
0.796
0.362
0.832
0.766
0.403
0.823
0.717
0.315
0.822
0.735
0.334
0.728
0.740
0.307
0.749
0.703
0.306
0.796
0.809
0.385
0.717
0.724
0.312
1.091
1.084
0.671
0.752
0.685
0.318
0.780
0.824
0.370
1.012
1.019
0.600
0.755
0.757
0.326
1.059
1.034
0.616
0.690
0.720
0.299
0.813
0.685
0.312
0.836
0.697
0.321
0.701
0.573
0.284
0.816
0.689
0.332
0.819
0.646
0.317
0.834
0.681
0.321
0.758
0.640
0.297
0.772
0.638
0.311
0.838
0.704
0.331
0.912
0.864
0.472
0.801
0.739
0.308
0.800
0.735
0.312
0.793
0.756
0.313
0.721
0.655
0.283
0.636
0.580
0.252
0.758
0.711
0.310
0.798
0.737
0.315
0.835
0.705
0.312
0.841
0.720
0.315
0.762
0.656
0.301
0.851
0.722
0.314
0.878
0.758
0.354
0.852
0.711
0.324
0.836
0.727
0.307
0.812
0.746
0.338
0.626
0.607
0.276
0.784
0.729
0.339
0.840
0.743
0.322
0.842
0.777
0.318
0.832
0.742
0.311
0.825
0.739
0.304
0.891
0.838
0.364
0.834
0.786
0.385
0.836
0.742
0.302
0.840
0.758
0.323
0.718
0.771
0.322
0.722
0.735
0.316
0.770
0.842
0.391
0.688
0.759
0.318
1.079
1.125
0.684
0.728
0.725
0.325
0.752
0.819
0.364
1.004
1.051
0.608
0.738
0.775
0.331
1.049
1.078
0.627
0.663
0.757
0.306
0.800
0.697
0.315
0.829
0.716
0.330
0.694
0.591
0.296
0.809
0.697
0.336
0.822
0.678
0.331
0.825
0.699
0.328
0.739
0.660
0.303
0.759
0.662
0.321
0.817
0.725
0.332
0.890
0.872
0.466
0.793
0.757
0.314
0.793
0.768
0.327
0.789
0.783
0.322
0.714
0.691
0.298
0.630
0.604
0.260
0.748
0.728
0.318
0.798
0.785
0.347
0.826
0.744
0.329
0.839
0.742
0.330
0.760
0.666
0.317
0.843
0.752
0.335
0.866
0.786
0.370
0.850
0.744
0.347
0.827
0.761
0.326
0.788
0.777
0.346
0.607
0.623
0.282
0.782
0.773
0.359
0.833
0.777
0.342
0.829
0.801
0.332
0.825
0.776
0.328
0.807
0.770
0.315
0.870
0.851
0.372
0.834
0.812
0.404
0.822
0.773
0.319
0.834
0.798
0.345
0.674
0.673
0.319
0.675
0.639
0.310
0.725
0.753
0.389
0.653
0.662
0.313
0.990
0.995
0.637
0.683
0.640
0.322
0.720
0.741
0.371
0.958
0.959
0.606
0.691
0.694
0.330
0.982
0.957
0.602
0.640
0.668
0.308
0.750
0.619
0.318
0.767
0.626
0.325
0.656
0.513
0.298
0.759
0.612
0.341
0.758
0.577
0.326
0.765
0.610
0.329
0.691
0.579
0.301
0.714
0.569
0.317
0.760
0.627
0.329
0.845
0.797
0.471
0.732
0.665
0.310
0.736
0.670
0.324
0.732
0.687
0.322
0.667
0.611
0.294
0.595
0.536
0.258
0.692
0.652
0.312
0.727
0.661
0.319
0.759
0.645
0.317
0.766
0.641
0.317
0.755
0.631
0.315
0.771
0.660
0.319
0.801
0.691
0.360
0.776
0.652
0.333
0.760
0.652
0.312
0.737
0.674
0.340
0.571
0.539
0.273
0.717
0.669
0.338
0.766
0.679
0.334
0.755
0.692
0.315
0.766
0.687
0.326
0.745
0.668
0.307
0.799
0.737
0.354
0.777
0.718
0.394
0.762
0.674
0.309
0.770
0.702
0.335
0.759
0.724
0.335
0.775
0.704
0.332
0.819
0.814
0.414
0.736
0.725
0.341
1.121
1.091
0.697
0.780
0.699
0.347
0.767
0.783
0.368
1.046
1.012
0.626
0.780
0.760
0.348
1.085
1.028
0.639
0.715
0.719
0.324
0.832
0.673
0.332
0.853
0.687
0.344
0.725
0.547
0.310
0.845
0.678
0.359
0.849
0.646
0.347
0.853
0.678
0.341
0.777
0.634
0.320
0.791
0.625
0.334
0.859
0.696
0.354
0.919
0.833
0.477
0.822
0.721
0.326
0.822
0.723
0.337
0.819
0.742
0.338
0.744
0.656
0.308
0.665
0.584
0.275
0.770
0.695
0.330
0.811
0.719
0.342
0.857
0.696
0.340
0.866
0.695
0.342
0.855
0.699
0.346
0.785
0.656
0.329
0.890
0.728
0.381
0.871
0.703
0.358
0.861
0.708
0.342
0.827
0.735
0.368
0.632
0.586
0.292
0.826
0.747
0.376
0.874
0.733
0.362
0.853
0.739
0.344
0.859
0.729
0.347
0.837
0.711
0.328
0.897
0.796
0.388
0.864
0.767
0.417
0.858
0.718
0.334
0.861
0.733
0.352
0.738
0.825
0.354
0.764
0.800
0.351
0.828
0.918
0.445
0.726
0.820
0.358
1.089
1.171
0.704
0.773
0.802
0.370
0.796
0.909
0.422
1.023
1.110
0.638
0.767
0.846
0.365
1.058
1.115
0.645
0.695
0.818
0.346
0.845
0.760
0.360
0.875
0.783
0.375
0.726
0.632
0.323
0.851
0.747
0.375
0.858
0.727
0.367
0.872
0.761
0.373
0.784
0.711
0.341
0.800
0.704
0.352
0.875
0.799
0.384
0.942
0.941
0.511
0.828
0.828
0.351
0.828
0.847
0.367
0.829
0.849
0.365
0.740
0.737
0.322
0.656
0.662
0.289
0.776
0.786
0.347
0.812
0.834
0.359
0.854
0.788
0.355
0.874
0.799
0.363
0.860
0.798
0.358
0.791
0.724
0.347
0.866
0.789
0.357
0.873
0.791
0.371
0.855
0.798
0.353
0.821
0.830
0.381
0.635
0.673
0.307
0.805
0.830
0.385
0.866
0.833
0.375
0.860
0.854
0.364
0.857
0.836
0.361
0.831
0.810
0.341
0.905
0.913
0.411
0.852
0.855
0.425
0.851
0.826
0.346
0.876
0.859
0.380
0.791
0.736
0.362
0.794
0.691
0.359
0.858
0.822
0.448
0.758
0.725
0.363
1.113
1.056
0.693
0.794
0.687
0.366
0.816
0.808
0.412
1.069
1.037
0.654
0.796
0.753
0.373
1.113
1.030
0.666
0.733
0.727
0.347
0.866
0.694
0.362
0.883
0.696
0.372
0.745
0.555
0.329
0.874
0.693
0.387
0.872
0.643
0.370
0.885
0.689
0.374
0.793
0.621
0.337
0.813
0.618
0.353
0.890
0.710
0.383
0.953
0.844
0.511
0.844
0.734
0.351
0.854
0.730
0.367
0.844
0.741
0.362
0.764
0.666
0.331
0.678
0.582
0.289
0.795
0.707
0.355
0.840
0.728
0.366
0.876
0.698
0.363
0.881
0.700
0.363
0.881
0.704
0.366
0.800
0.661
0.349
0.882
0.713
0.363
0.910
0.746
0.405
0.875
0.715
0.358
0.848
0.720
0.386
0.660
0.594
0.316
0.826
0.735
0.388
0.887
0.724
0.378
0.878
0.745
0.367
0.883
0.743
0.370
0.865
0.728
0.355
0.914
0.794
0.406
0.902
0.801
0.459
0.876
0.725
0.356
0.885
0.740
0.376
0.716
0.760
0.321
0.721
0.717
0.312
0.779
0.836
0.395
0.695
0.754
0.319
1.047
1.086
0.648
0.734
0.717
0.326
0.761
0.830
0.375
1.017
1.063
0.626
0.736
0.772
0.330
1.057
1.069
0.632
0.676
0.751
0.310
0.804
0.697
0.317
0.828
0.713
0.328
0.697
0.582
0.295
0.815
0.704
0.343
0.813
0.662
0.325
0.833
0.708
0.337
0.742
0.645
0.298
0.763
0.640
0.313
0.827
0.724
0.337
0.915
0.891
0.491
0.795
0.762
0.315
0.794
0.765
0.327
0.785
0.773
0.323
0.717
0.691
0.296
0.636
0.614
0.261
0.750
0.729
0.317
0.785
0.758
0.319
0.821
0.722
0.323
0.830
0.729
0.322
0.815
0.736
0.318
0.750
0.666
0.307
0.832
0.735
0.324
0.855
0.765
0.360
0.833
0.721
0.332
0.794
0.757
0.346
0.604
0.609
0.273
0.769
0.752
0.342
0.826
0.749
0.333
0.823
0.770
0.328
0.820
0.754
0.326
0.812
0.750
0.318
0.855
0.822
0.363
0.837
0.793
0.407
0.823
0.752
0.315
0.819
0.759
0.329
0.637
0.909
0.352
0.613
0.885
0.348
0.672
0.967
0.412
0.604
0.907
0.350
0.962
1.246
0.690
0.622
0.901
0.373
0.708
0.985
0.437
0.929
1.196
0.653
0.651
0.916
0.368
0.942
1.224
0.657
0.576
0.887
0.338
0.696
0.793
0.349
0.710
0.836
0.363
0.593
0.683
0.323
0.708
0.808
0.379
0.693
0.784
0.361
0.723
0.802
0.367
0.629
0.777
0.337
0.668
0.759
0.349
0.701
0.854
0.368
0.815
1.036
0.531
0.678
0.903
0.350
0.682
0.920
0.361
0.687
0.933
0.363
0.610
0.802
0.323
0.537
0.726
0.288
0.653
0.854
0.353
0.669
0.931
0.360
0.686
0.863
0.352
0.698
0.875
0.355
0.693
0.879
0.356
0.645
0.774
0.340
0.708
0.858
0.359
0.721
0.918
0.398
0.704
0.857
0.369
0.693
0.882
0.353
0.518
0.742
0.307
0.676
0.924
0.392
0.698
0.927
0.372
0.703
0.939
0.357
0.701
0.921
0.362
0.686
0.908
0.345
0.759
1.001
0.408
0.726
0.949
0.439
0.691
0.922
0.347
0.714
0.942
0.373
0.464
0.712
0.276
0.449
0.693
0.270
0.498
0.761
0.328
0.448
0.713
0.277
0.725
0.976
0.542
0.446
0.693
0.279
0.504
0.760
0.326
0.712
0.955
0.528
0.467
0.711
0.278
0.722
0.971
0.528
0.433
0.705
0.268
0.515
0.618
0.271
0.520
0.656
0.283
0.453
0.530
0.259
0.513
0.612
0.290
0.523
0.591
0.277
0.526
0.618
0.282
0.465
0.608
0.262
0.495
0.563
0.269
0.510
0.653
0.281
0.628
0.834
0.430
0.499
0.704
0.269
0.503
0.719
0.279
0.501
0.722
0.277
0.456
0.638
0.258
0.423
0.594
0.234
0.483
0.675
0.272
0.496
0.722
0.283
0.503
0.666
0.275
0.511
0.687
0.279
0.512
0.680
0.278
0.482
0.609
0.267
0.522
0.670
0.278
0.528
0.714
0.307
0.520
0.677
0.288
0.508
0.680
0.272
0.496
0.719
0.296
0.485
0.704
0.291
0.503
0.710
0.282
0.516
0.726
0.272
0.518
0.719
0.289
0.508
0.707
0.268
0.560
0.784
0.318
0.564
0.762
0.361
0.511
0.718
0.272
0.528
0.736
0.294
0.530
0.826
0.322
0.498
0.798
0.310
0.577
0.887
0.383
0.500
0.819
0.318
0.848
1.158
0.654
0.503
0.805
0.323
0.608
0.898
0.392
0.803
1.087
0.588
0.535
0.827
0.325
0.816
1.116
0.607
0.490
0.817
0.309
0.588
0.740
0.319
0.587
0.778
0.327
0.496
0.633
0.288
0.570
0.723
0.330
0.577
0.695
0.319
0.590
0.752
0.327
0.523
0.711
0.297
0.554
0.680
0.309
0.577
0.774
0.326
0.699
0.952
0.488
0.563
0.820
0.308
0.562
0.830
0.319
0.565
0.835
0.318
0.511
0.738
0.293
0.450
0.663
0.260
0.554
0.784
0.318
0.579
0.858
0.337
0.577
0.791
0.324
0.584
0.802
0.324
0.596
0.811
0.333
0.549
0.728
0.312
0.618
0.817
0.334
0.608
0.843
0.361
0.592
0.799
0.338
0.585
0.807
0.320
0.579
0.855
0.354
0.436
0.672
0.274
0.567
0.828
0.331
0.595
0.853
0.322
0.592
0.835
0.339
0.579
0.828
0.315
0.637
0.905
0.368
0.663
0.914
0.452
0.585
0.839
0.317
0.598
0.854
0.339
0.701
0.877
0.330
0.715
0.861
0.327
0.760
0.957
0.404
0.683
0.877
0.331
1.039
1.224
0.677
0.714
0.862
0.335
0.776
0.962
0.407
0.999
1.179
0.629
0.713
0.888
0.339
1.030
1.200
0.637
0.661
0.873
0.323
0.798
0.769
0.322
0.826
0.817
0.338
0.682
0.659
0.297
0.803
0.776
0.344
0.814
0.764
0.336
0.823
0.793
0.343
0.734
0.746
0.309
0.756
0.716
0.321
0.815
0.824
0.341
0.926
1.028
0.522
0.778
0.875
0.317
0.787
0.902
0.340
0.780
0.906
0.336
0.700
0.783
0.301
0.622
0.712
0.267
0.736
0.830
0.324
0.773
0.906
0.336
0.814
0.842
0.336
0.832
0.862
0.338
0.816
0.848
0.329
0.740
0.744
0.316
0.825
0.830
0.328
0.858
0.909
0.375
0.834
0.842
0.346
0.819
0.864
0.328
0.789
0.913
0.356
0.594
0.717
0.282
0.753
0.885
0.355
0.819
0.921
0.340
0.824
0.910
0.348
0.804
0.899
0.327
0.858
0.971
0.375
0.854
0.949
0.438
0.828
0.915
0.333
0.824
0.920
0.350
0.771
0.914
0.334
0.783
0.907
0.329
0.819
0.992
0.407
0.739
0.917
0.332
1.110
1.278
0.688
0.776
0.908
0.345
0.805
0.976
0.388
1.060
1.215
0.638
0.780
0.927
0.346
1.097
1.243
0.652
0.710
0.900
0.320
0.828
0.830
0.326
0.843
0.861
0.337
0.716
0.715
0.304
0.838
0.854
0.350
0.835
0.827
0.335
0.854
0.842
0.348
0.773
0.796
0.317
0.795
0.779
0.333
0.848
0.883
0.348
0.954
1.059
0.519
0.814
0.908
0.327
0.824
0.930
0.345
0.815
0.939
0.336
0.737
0.819
0.308
0.654
0.739
0.274
0.772
0.864
0.331
0.815
0.937
0.339
0.848
0.888
0.337
0.858
0.909
0.336
0.849
0.897
0.335
0.768
0.791
0.316
0.853
0.882
0.332
0.884
0.942
0.376
0.864
0.886
0.348
0.847
0.903
0.335
0.830
0.947
0.360
0.636
0.754
0.288
0.813
0.933
0.363
0.861
0.943
0.355
0.862
0.940
0.349
0.836
0.928
0.331
0.879
0.987
0.372
0.850
0.951
0.412
0.852
0.939
0.333
0.870
0.956
0.353
0.733
0.903
0.344
0.742
0.880
0.341
0.798
0.988
0.428
0.716
0.908
0.352
1.080
1.257
0.698
0.745
0.880
0.351
0.813
0.996
0.431
1.044
1.216
0.661
0.745
0.909
0.351
1.062
1.226
0.656
0.691
0.896
0.346
0.822
0.812
0.340
0.853
0.847
0.356
0.709
0.689
0.309
0.842
0.829
0.369
0.843
0.800
0.355
0.856
0.823
0.358
0.765
0.779
0.328
0.775
0.756
0.332
0.847
0.857
0.361
0.954
1.047
0.533
0.814
0.900
0.338
0.825
0.936
0.367
0.814
0.935
0.354
0.729
0.806
0.320
0.647
0.727
0.283
0.757
0.847
0.333
0.789
0.919
0.342
0.829
0.856
0.335
0.837
0.866
0.331
0.825
0.861
0.329
0.760
0.765
0.323
0.840
0.839
0.330
0.869
0.912
0.370
0.852
0.861
0.352
0.828
0.867
0.328
0.814
0.927
0.370
0.620
0.740
0.298
0.782
0.907
0.371
0.838
0.916
0.352
0.843
0.937
0.340
0.826
0.914
0.335
0.887
0.993
0.388
0.855
0.947
0.430
0.841
0.928
0.335
0.843
0.931
0.349
0.697
0.867
0.301
0.703
0.852
0.295
0.758
0.943
0.378
0.672
0.869
0.301
1.029
1.213
0.641
0.718
0.863
0.315
0.764
0.949
0.379
0.980
1.154
0.596
0.707
0.876
0.310
1.028
1.187
0.613
0.657
0.858
0.294
0.775
0.777
0.300
0.796
0.809
0.313
0.666
0.660
0.277
0.780
0.782
0.321
0.789
0.763
0.309
0.797
0.773
0.313
0.714
0.740
0.286
0.738
0.727
0.302
0.798
0.834
0.322
0.904
1.013
0.491
0.761
0.871
0.298
0.763
0.882
0.307
0.761
0.896
0.310
0.688
0.779
0.284
0.610
0.703
0.250
0.719
0.823
0.299
0.749
0.893
0.309
0.792
0.848
0.306
0.800
0.850
0.305
0.787
0.847
0.304
0.718
0.742
0.292
0.797
0.829
0.305
0.821
0.884
0.338
0.811
0.844
0.319
0.796
0.858
0.307
0.765
0.898
0.329
0.589
0.712
0.267
0.745
0.879
0.333
0.802
0.896
0.322
0.795
0.909
0.312
0.796
0.896
0.313
0.837
0.962
0.354
0.801
0.910
0.388
0.794
0.899
0.302
0.807
0.916
0.320
0.743
0.909
0.343
0.755
0.900
0.342
0.807
0.990
0.417
0.722
0.913
0.341
1.095
1.269
0.693
0.750
0.897
0.346
0.796
0.975
0.403
1.036
1.203
0.640
0.761
0.917
0.350
1.077
1.246
0.663
0.695
0.891
0.325
0.805
0.815
0.333
0.828
0.856
0.346
0.704
0.704
0.310
0.820
0.823
0.356
0.825
0.799
0.348
0.832
0.825
0.344
0.752
0.780
0.320
0.788
0.778
0.346
0.836
0.872
0.355
0.907
1.013
0.494
0.817
0.915
0.347
0.806
0.922
0.354
0.810
0.943
0.360
0.741
0.830
0.329
0.649
0.745
0.286
0.762
0.861
0.342
0.802
0.938
0.350
0.835
0.899
0.348
0.852
0.912
0.351
0.839
0.906
0.348
0.770
0.794
0.335
0.851
0.891
0.352
0.877
0.940
0.388
0.850
0.888
0.361
0.833
0.903
0.340
0.812
0.947
0.372
0.621
0.753
0.296
0.795
0.924
0.373
0.845
0.941
0.366
0.837
0.951
0.354
0.845
0.935
0.359
0.833
0.934
0.350
0.866
0.974
0.441
0.846
0.944
0.347
0.865
0.965
0.373
0.722
0.862
0.387
0.740
0.860
0.395
0.767
0.930
0.451
0.711
0.886
0.408
1.057
1.201
0.725
0.781
0.901
0.443
0.774
0.932
0.446
1.022
1.164
0.689
0.757
0.895
0.415
1.029
1.172
0.682
0.711
0.890
0.411
0.805
0.789
0.388
0.832
0.837
0.407
0.695
0.665
0.353
0.834
0.825
0.434
0.826
0.786
0.408
0.841
0.814
0.417
0.764
0.777
0.390
0.779
0.745
0.393
0.810
0.828
0.398
0.910
0.998
0.552
0.790
0.870
0.385
0.810
0.905
0.418
0.808
0.912
0.418
0.727
0.802
0.376
0.650
0.729
0.336
0.753
0.836
0.389
0.776
0.881
0.389
0.799
0.832
0.379
0.804
0.833
0.378
0.807
0.844
0.385
0.741
0.750
0.364
0.806
0.818
0.373
0.840
0.883
0.424
0.827
0.844
0.402
0.810
0.844
0.388
0.787
0.884
0.411
0.616
0.728
0.345
0.805
0.913
0.452
0.818
0.886
0.412
0.797
0.882
0.380
0.814
0.882
0.398
0.795
0.870
0.383
0.852
0.945
0.430
0.815
0.888
0.392
0.824
0.903
0.414
0.736
0.899
0.327
0.746
0.878
0.321
0.801
0.979
0.407
0.712
0.895
0.328
1.101
1.270
0.699
0.747
0.877
0.335
0.806
0.978
0.402
1.038
1.198
0.633
0.756
0.906
0.340
1.084
1.232
0.654
0.690
0.887
0.321
0.823
0.801
0.324
0.842
0.833
0.332
0.703
0.679
0.295
0.834
0.809
0.346
0.836
0.783
0.331
0.855
0.813
0.344
0.757
0.759
0.305
0.777
0.741
0.319
0.845
0.856
0.344
0.948
1.039
0.515
0.808
0.891
0.320
0.813
0.912
0.338
0.808
0.924
0.331
0.724
0.795
0.298
0.646
0.724
0.267
0.762
0.844
0.321
0.784
0.909
0.325
0.834
0.859
0.327
0.848
0.866
0.328
0.829
0.860
0.321
0.758
0.750
0.307
0.836
0.830
0.319
0.869
0.904
0.360
0.845
0.850
0.336
0.838
0.871
0.323
0.806
0.920
0.350
0.622
0.738
0.284
0.789
0.906
0.357
0.846
0.919
0.343
0.835
0.925
0.333
0.845
0.923
0.340
0.819
0.902
0.320
0.871
0.971
0.365
0.853
0.943
0.417
0.841
0.929
0.340
0.682
0.855
0.311
0.688
0.838
0.310
0.755
0.949
0.402
0.661
0.857
0.316
1.031
1.216
0.670
0.694
0.837
0.323
0.759
0.943
0.392
0.998
1.170
0.632
0.709
0.864
0.321
1.014
1.184
0.631
0.634
0.846
0.299
0.766
0.768
0.309
0.790
0.806
0.320
0.660
0.658
0.283
0.766
0.784
0.324
0.776
0.753
0.318
0.794
0.782
0.324
0.708
0.738
0.296
0.732
0.727
0.311
0.786
0.819
0.328
0.881
0.989
0.486
0.755
0.857
0.305
0.750
0.871
0.315
0.753
0.884
0.321
0.674
0.764
0.285
0.600
0.694
0.256
0.713
0.817
0.311
0.754
0.888
0.325
0.779
0.824
0.311
0.781
0.827
0.308
0.782
0.840
0.313
0.715
0.730
0.298
0.795
0.812
0.310
0.817
0.877
0.353
0.797
0.815
0.323
0.778
0.831
0.307
0.763
0.878
0.339
0.580
0.705
0.273
0.735
0.866
0.341
0.785
0.873
0.327
0.793
0.897
0.320
0.794
0.882
0.327
0.769
0.864
0.305
0.848
0.964
0.371
0.817
0.915
0.416
0.787
0.884
0.311
