0.856
0.635
0.787
0.781
0.659
0.742
0.795
0.678
0.751
0.856
0.710
0.784
0.876
0.665
0.779
0.808
0.684
0.739
0.822
0.702
0.756
0.860
0.746
0.773
0.918
0.663
0.823
0.842
0.671
0.777
0.842
0.696
0.781
0.909
0.728
0.812
0.845
0.633
0.763
0.768
0.659
0.720
0.812
0.665
0.748
0.857
0.696
0.769
0.977
0.629
0.844
0.910
0.632
0.788
0.910
0.658
0.798
0.970
0.678
0.820
0.913
0.896
0.627
0.871
0.927
0.624
0.871
0.923
0.633
0.921
0.954
0.662
0.911
0.934
0.636
0.879
0.962
0.632
0.884
0.964
0.645
0.943
0.999
0.674
0.881
0.893
0.638
0.840
0.923
0.634
0.843
0.917
0.646
0.871
0.938
0.680
0.858
0.855
0.617
0.824
0.879
0.613
0.814
0.889
0.630
0.862
0.909
0.645
0.874
0.896
0.617
0.835
0.918
0.610
0.847
0.916
0.618
0.886
0.941
0.645
0.871
0.604
0.774
0.788
0.619
0.714
0.797
0.628
0.712
0.861
0.664
0.757
0.890
0.613
0.747
0.821
0.622
0.697
0.821
0.624
0.701
0.859
0.672
0.722
0.918
0.614
0.782
0.841
0.612
0.729
0.832
0.625
0.721
0.902
0.662
0.764
0.857
0.596
0.740
0.779
0.612
0.685
0.818
0.605
0.704
0.867
0.641
0.733
0.983
0.607
0.832
0.916
0.601
0.768
0.911
0.617
0.764
0.972
0.644
0.798
0.930
0.878
0.588
0.893
0.904
0.584
0.884
0.887
0.578
0.931
0.924
0.611
0.915
0.912
0.599
0.883
0.932
0.592
0.883
0.930
0.591
0.943
0.971
0.627
0.903
0.879
0.600
0.868
0.901
0.591
0.850
0.879
0.587
0.882
0.906
0.627
0.876
0.839
0.586
0.849
0.854
0.579
0.838
0.853
0.581
0.890
0.884
0.606
0.883
0.886
0.591
0.847
0.900
0.580
0.858
0.896
0.578
0.902
0.926
0.614
0.835
0.618
0.784
0.759
0.637
0.732
0.752
0.652
0.730
0.813
0.677
0.769
0.852
0.631
0.764
0.786
0.646
0.718
0.772
0.656
0.721
0.805
0.698
0.737
0.887
0.631
0.800
0.818
0.635
0.751
0.796
0.654
0.744
0.859
0.679
0.778
0.822
0.613
0.753
0.748
0.635
0.705
0.776
0.629
0.723
0.818
0.658
0.745
0.954
0.617
0.836
0.892
0.616
0.777
0.873
0.633
0.775
0.929
0.650
0.800
0.889
0.886
0.606
0.851
0.912
0.605
0.824
0.905
0.598
0.869
0.929
0.624
0.893
0.921
0.618
0.863
0.941
0.613
0.851
0.948
0.613
0.904
0.976
0.639
0.859
0.886
0.621
0.820
0.909
0.615
0.801
0.901
0.611
0.823
0.921
0.646
0.843
0.857
0.607
0.816
0.873
0.601
0.787
0.886
0.607
0.830
0.902
0.622
0.855
0.887
0.605
0.823
0.904
0.598
0.816
0.908
0.594
0.854
0.927
0.623
0.826
0.624
0.772
0.756
0.649
0.731
0.764
0.667
0.733
0.818
0.695
0.765
0.861
0.642
0.763
0.796
0.665
0.725
0.802
0.681
0.737
0.836
0.719
0.751
0.879
0.622
0.778
0.808
0.630
0.736
0.803
0.654
0.734
0.863
0.680
0.766
0.827
0.609
0.736
0.756
0.638
0.695
0.792
0.638
0.719
0.834
0.665
0.737
0.952
0.616
0.829
0.891
0.621
0.778
0.878
0.644
0.784
0.929
0.657
0.802
0.902
0.888
0.606
0.865
0.913
0.609
0.854
0.910
0.614
0.901
0.940
0.637
0.896
0.919
0.611
0.866
0.941
0.612
0.859
0.943
0.619
0.916
0.977
0.645
0.863
0.877
0.612
0.828
0.903
0.613
0.821
0.897
0.622
0.845
0.920
0.651
0.864
0.852
0.607
0.838
0.868
0.606
0.815
0.875
0.620
0.860
0.897
0.630
0.859
0.880
0.604
0.826
0.898
0.601
0.829
0.894
0.605
0.866
0.920
0.630
0.857
0.614
0.765
0.783
0.639
0.719
0.792
0.647
0.718
0.858
0.684
0.761
0.893
0.643
0.772
0.827
0.663
0.730
0.829
0.663
0.733
0.870
0.716
0.755
0.914
0.624
0.783
0.836
0.631
0.735
0.831
0.644
0.730
0.901
0.684
0.771
0.857
0.601
0.742
0.777
0.626
0.694
0.817
0.619
0.711
0.868
0.657
0.742
0.964
0.618
0.831
0.903
0.625
0.777
0.892
0.640
0.778
0.955
0.665
0.807
0.923
0.895
0.600
0.882
0.921
0.601
0.866
0.905
0.594
0.924
0.946
0.630
0.913
0.931
0.607
0.882
0.950
0.607
0.873
0.950
0.607
0.942
0.993
0.643
0.894
0.893
0.609
0.855
0.914
0.609
0.841
0.899
0.606
0.874
0.926
0.646
0.874
0.852
0.593
0.842
0.866
0.592
0.822
0.866
0.594
0.877
0.896
0.618
0.882
0.898
0.604
0.847
0.914
0.602
0.848
0.908
0.596
0.894
0.937
0.631
0.830
0.655
0.781
0.768
0.694
0.751
0.773
0.712
0.742
0.832
0.736
0.778
0.820
0.704
0.776
0.779
0.750
0.761
0.787
0.761
0.764
0.819
0.807
0.784
0.858
0.652
0.787
0.806
0.674
0.763
0.795
0.700
0.750
0.853
0.724
0.783
0.805
0.636
0.748
0.756
0.681
0.726
0.786
0.673
0.733
0.826
0.706
0.758
0.904
0.640
0.801
0.855
0.661
0.770
0.836
0.683
0.762
0.890
0.699
0.788
0.882
0.898
0.637
0.862
0.942
0.651
0.837
0.933
0.650
0.880
0.963
0.673
0.896
0.949
0.653
0.889
0.992
0.669
0.868
0.987
0.670
0.922
1.021
0.697
0.845
0.913
0.648
0.821
0.958
0.659
0.812
0.944
0.661
0.839
0.970
0.695
0.813
0.850
0.615
0.799
0.889
0.624
0.784
0.884
0.630
0.825
0.911
0.647
0.835
0.897
0.625
0.819
0.938
0.637
0.810
0.929
0.635
0.852
0.960
0.661
0.832
0.614
0.755
0.766
0.631
0.710
0.772
0.649
0.702
0.838
0.674
0.748
0.856
0.630
0.748
0.797
0.647
0.708
0.806
0.663
0.710
0.847
0.702
0.736
0.874
0.608
0.759
0.813
0.609
0.717
0.806
0.634
0.703
0.875
0.662
0.750
0.828
0.594
0.720
0.764
0.614
0.676
0.798
0.617
0.686
0.850
0.644
0.723
0.941
0.599
0.807
0.887
0.600
0.755
0.874
0.619
0.752
0.937
0.640
0.783
0.882
0.875
0.592
0.849
0.904
0.589
0.842
0.901
0.591
0.892
0.931
0.619
0.884
0.913
0.601
0.857
0.938
0.597
0.847
0.937
0.601
0.907
0.972
0.630
0.854
0.871
0.599
0.822
0.897
0.593
0.817
0.890
0.594
0.847
0.912
0.630
0.844
0.838
0.584
0.820
0.857
0.581
0.804
0.861
0.586
0.855
0.886
0.606
0.856
0.884
0.591
0.829
0.904
0.584
0.832
0.903
0.584
0.872
0.930
0.614
0.830
0.602
0.757
0.756
0.616
0.707
0.767
0.632
0.707
0.839
0.660
0.754
0.841
0.593
0.732
0.776
0.602
0.687
0.786
0.614
0.694
0.826
0.655
0.718
0.883
0.608
0.776
0.815
0.608
0.730
0.817
0.629
0.728
0.881
0.660
0.768
0.837
0.596
0.735
0.762
0.611
0.685
0.806
0.614
0.704
0.852
0.643
0.734
0.937
0.596
0.814
0.879
0.594
0.760
0.880
0.617
0.763
0.940
0.638
0.794
0.887
0.874
0.593
0.850
0.900
0.590
0.850
0.894
0.596
0.899
0.929
0.619
0.884
0.911
0.602
0.854
0.932
0.597
0.860
0.932
0.604
0.919
0.974
0.631
0.862
0.870
0.593
0.827
0.894
0.586
0.821
0.881
0.594
0.853
0.910
0.626
0.856
0.841
0.589
0.826
0.855
0.583
0.822
0.863
0.591
0.867
0.888
0.608
0.856
0.881
0.595
0.819
0.899
0.586
0.832
0.896
0.587
0.875
0.931
0.617
0.872
0.633
0.803
0.794
0.654
0.754
0.806
0.670
0.762
0.870
0.701
0.795
0.869
0.639
0.774
0.799
0.656
0.732
0.810
0.671
0.749
0.848
0.713
0.762
0.899
0.631
0.792
0.827
0.635
0.744
0.823
0.662
0.750
0.891
0.690
0.781
0.853
0.608
0.754
0.774
0.630
0.704
0.813
0.632
0.732
0.859
0.664
0.754
0.981
0.631
0.850
0.915
0.633
0.794
0.913
0.657
0.808
0.971
0.676
0.823
0.922
0.902
0.619
0.886
0.932
0.621
0.874
0.925
0.627
0.923
0.957
0.651
0.905
0.921
0.622
0.874
0.949
0.620
0.871
0.949
0.630
0.928
0.985
0.657
0.893
0.889
0.626
0.854
0.916
0.623
0.844
0.907
0.633
0.873
0.932
0.664
0.872
0.863
0.615
0.840
0.882
0.610
0.827
0.887
0.627
0.873
0.913
0.639
0.891
0.904
0.623
0.855
0.927
0.618
0.857
0.919
0.623
0.897
0.947
0.647
0.704
0.889
0.859
0.634
0.897
0.817
0.684
0.868
0.789
0.706
0.898
0.819
0.704
0.882
0.893
0.635
0.892
0.843
0.679
0.840
0.815
0.712
0.863
0.832
0.710
0.900
0.853
0.652
0.914
0.819
0.700
0.850
0.780
0.730
0.891
0.815
0.699
0.915
0.862
0.638
0.937
0.826
0.686
0.896
0.799
0.719
0.891
0.815
0.688
0.925
0.903
0.626
0.951
0.863
0.678
0.894
0.830
0.712
0.911
0.855
0.997
0.937
0.675
0.907
0.910
0.614
0.929
0.894
0.632
0.981
0.925
0.666
0.987
0.971
0.682
0.908
0.944
0.621
0.928
0.930
0.641
0.987
0.971
0.675
0.966
0.924
0.681
0.880
0.901
0.622
0.908
0.878
0.641
0.937
0.900
0.679
0.947
0.874
0.658
0.874
0.843
0.600
0.886
0.821
0.623
0.933
0.859
0.644
0.953
0.925
0.666
0.874
0.893
0.603
0.902
0.873
0.617
0.938
0.909
0.648
0.675
0.878
0.845
0.629
0.903
0.824
0.668
0.874
0.791
0.693
0.920
0.827
0.676
0.859
0.865
0.628
0.885
0.836
0.666
0.836
0.807
0.701
0.874
0.828
0.689
0.874
0.839
0.651
0.898
0.814
0.692
0.835
0.785
0.726
0.887
0.817
0.677
0.890
0.841
0.633
0.918
0.817
0.676
0.877
0.790
0.710
0.893
0.808
0.667
0.905
0.878
0.621
0.938
0.851
0.669
0.888
0.818
0.702
0.926
0.852
0.967
0.893
0.653
0.909
0.886
0.613
0.930
0.861
0.629
0.978
0.903
0.661
0.953
0.916
0.653
0.900
0.910
0.616
0.928
0.894
0.630
0.983
0.946
0.665
0.925
0.870
0.661
0.866
0.863
0.620
0.895
0.831
0.637
0.926
0.868
0.675
0.926
0.834
0.643
0.878
0.822
0.604
0.895
0.800
0.627
0.939
0.845
0.649
0.923
0.885
0.642
0.875
0.880
0.606
0.907
0.857
0.617
0.941
0.903
0.649
0.568
0.706
0.691
0.527
0.731
0.674
0.560
0.708
0.651
0.582
0.751
0.687
0.569
0.711
0.736
0.532
0.746
0.712
0.562
0.689
0.684
0.592
0.726
0.705
0.591
0.721
0.704
0.557
0.743
0.687
0.591
0.694
0.657
0.620
0.742
0.693
0.551
0.690
0.678
0.517
0.726
0.663
0.551
0.682
0.640
0.587
0.702
0.665
0.545
0.708
0.720
0.510
0.751
0.701
0.546
0.689
0.671
0.582
0.727
0.706
0.801
0.717
0.524
0.757
0.720
0.495
0.774
0.691
0.503
0.822
0.734
0.542
0.783
0.746
0.518
0.742
0.753
0.491
0.763
0.736
0.504
0.819
0.782
0.541
0.766
0.700
0.532
0.717
0.701
0.501
0.741
0.674
0.512
0.780
0.706
0.553
0.770
0.687
0.530
0.733
0.680
0.498
0.748
0.659
0.512
0.790
0.702
0.536
0.770
0.713
0.528
0.731
0.715
0.500
0.762
0.692
0.507
0.801
0.740
0.542
0.668
0.836
0.835
0.595
0.855
0.795
0.640
0.821
0.769
0.669
0.839
0.793
0.675
0.825
0.873
0.598
0.839
0.818
0.636
0.772
0.789
0.680
0.783
0.808
0.678
0.846
0.832
0.614
0.863
0.791
0.653
0.788
0.754
0.693
0.823
0.784
0.675
0.852
0.852
0.603
0.883
0.811
0.645
0.819
0.779
0.692
0.804
0.794
0.668
0.866
0.897
0.595
0.897
0.847
0.641
0.813
0.812
0.685
0.820
0.835
0.985
0.901
0.658
0.884
0.865
0.582
0.922
0.831
0.602
0.969
0.867
0.630
0.966
0.925
0.655
0.877
0.893
0.589
0.911
0.868
0.605
0.963
0.911
0.642
0.960
0.889
0.663
0.859
0.856
0.589
0.890
0.815
0.610
0.934
0.835
0.648
0.931
0.839
0.638
0.849
0.804
0.568
0.882
0.780
0.590
0.925
0.821
0.613
0.923
0.883
0.637
0.841
0.856
0.573
0.878
0.830
0.584
0.917
0.864
0.619
0.710
0.852
0.846
0.660
0.887
0.826
0.693
0.855
0.790
0.734
0.874
0.827
0.721
0.845
0.893
0.673
0.886
0.866
0.701
0.823
0.824
0.756
0.830
0.851
0.733
0.841
0.853
0.692
0.876
0.834
0.732
0.812
0.798
0.778
0.850
0.838
0.705
0.838
0.837
0.662
0.883
0.821
0.700
0.829
0.791
0.760
0.825
0.816
0.694
0.871
0.892
0.649
0.931
0.875
0.686
0.870
0.834
0.738
0.862
0.863
0.990
0.864
0.682
0.925
0.865
0.648
0.946
0.829
0.659
1.011
0.865
0.705
0.966
0.904
0.672
0.914
0.910
0.640
0.934
0.873
0.650
1.005
0.918
0.695
0.952
0.862
0.686
0.891
0.869
0.650
0.915
0.834
0.660
0.968
0.855
0.710
0.938
0.817
0.670
0.882
0.810
0.629
0.897
0.785
0.645
0.956
0.823
0.677
0.934
0.861
0.662
0.878
0.863
0.626
0.909
0.830
0.632
0.960
0.870
0.675
0.653
0.836
0.814
0.593
0.853
0.784
0.634
0.833
0.756
0.661
0.858
0.788
0.658
0.824
0.850
0.597
0.839
0.810
0.636
0.797
0.781
0.673
0.813
0.803
0.672
0.848
0.815
0.623
0.871
0.790
0.666
0.819
0.752
0.702
0.855
0.790
0.647
0.853
0.815
0.593
0.878
0.788
0.637
0.849
0.763
0.675
0.841
0.783
0.636
0.862
0.854
0.580
0.891
0.822
0.626
0.847
0.792
0.665
0.863
0.823
0.951
0.860
0.623
0.872
0.839
0.570
0.896
0.819
0.592
0.948
0.854
0.626
0.931
0.885
0.623
0.860
0.871
0.575
0.884
0.855
0.595
0.945
0.902
0.628
0.911
0.849
0.633
0.830
0.832
0.577
0.860
0.809
0.598
0.899
0.833
0.636
0.917
0.818
0.622
0.847
0.788
0.566
0.865
0.772
0.592
0.913
0.812
0.613
0.910
0.862
0.621
0.841
0.844
0.572
0.873
0.829
0.584
0.913
0.866
0.618
0.613
0.795
0.774
0.570
0.826
0.760
0.604
0.810
0.733
0.626
0.847
0.767
0.616
0.791
0.809
0.576
0.824
0.788
0.606
0.776
0.763
0.637
0.811
0.781
0.638
0.834
0.784
0.607
0.869
0.772
0.636
0.835
0.742
0.665
0.871
0.774
0.609
0.821
0.777
0.573
0.859
0.765
0.604
0.832
0.740
0.635
0.840
0.759
0.597
0.826
0.818
0.561
0.871
0.801
0.595
0.824
0.770
0.625
0.855
0.798
0.881
0.819
0.579
0.822
0.821
0.550
0.852
0.807
0.557
0.897
0.847
0.585
0.869
0.833
0.580
0.816
0.837
0.552
0.842
0.824
0.562
0.898
0.873
0.592
0.839
0.799
0.582
0.782
0.803
0.552
0.807
0.785
0.562
0.839
0.815
0.595
0.849
0.770
0.578
0.799
0.764
0.547
0.822
0.759
0.563
0.862
0.792
0.577
0.841
0.810
0.582
0.792
0.811
0.553
0.829
0.805
0.557
0.866
0.843
0.588
0.635
0.769
0.769
0.578
0.809
0.744
0.615
0.796
0.726
0.638
0.791
0.746
0.641
0.757
0.811
0.583
0.803
0.779
0.620
0.747
0.757
0.658
0.741
0.769
0.651
0.804
0.775
0.603
0.840
0.753
0.640
0.795
0.724
0.669
0.807
0.747
0.625
0.771
0.762
0.574
0.824
0.741
0.612
0.804
0.725
0.648
0.767
0.733
0.623
0.755
0.805
0.566
0.818
0.778
0.608
0.767
0.754
0.647
0.749
0.771
0.896
0.823
0.610
0.824
0.823
0.565
0.855
0.805
0.575
0.901
0.823
0.606
0.881
0.843
0.605
0.816
0.843
0.561
0.853
0.835
0.579
0.907
0.858
0.611
0.864
0.789
0.612
0.793
0.798
0.567
0.823
0.779
0.578
0.865
0.781
0.616
0.861
0.780
0.598
0.801
0.767
0.551
0.826
0.754
0.570
0.868
0.773
0.589
0.849
0.806
0.596
0.791
0.808
0.554
0.829
0.802
0.563
0.864
0.815
0.593
0.668
0.850
0.826
0.610
0.870
0.795
0.649
0.843
0.764
0.677
0.883
0.800
0.672
0.842
0.860
0.611
0.859
0.816
0.645
0.805
0.780
0.684
0.840
0.807
0.688
0.849
0.827
0.635
0.864
0.793
0.673
0.803
0.758
0.710
0.853
0.797
0.676
0.863
0.833
0.621
0.889
0.800
0.658
0.845
0.769
0.699
0.857
0.793
0.656
0.880
0.872
0.602
0.912
0.836
0.644
0.856
0.796
0.681
0.886
0.832
0.978
0.879
0.648
0.899
0.861
0.595
0.917
0.833
0.604
0.964
0.875
0.640
0.956
0.908
0.643
0.886
0.893
0.595
0.912
0.869
0.606
0.968
0.923
0.645
0.943
0.877
0.653
0.866
0.858
0.602
0.887
0.826
0.614
0.918
0.859
0.654
0.935
0.834
0.641
0.867
0.809
0.589
0.877
0.784
0.606
0.921
0.827
0.632
0.932
0.878
0.636
0.866
0.863
0.590
0.893
0.840
0.597
0.931
0.885
0.632
0.734
0.939
0.857
0.698
0.971
0.852
0.752
0.976
0.834
0.768
0.992
0.858
0.753
0.954
0.904
0.721
0.988
0.895
0.772
0.969
0.875
0.801
0.993
0.890
0.752
0.955
0.859
0.723
0.987
0.855
0.771
0.966
0.821
0.795
0.986
0.851
0.729
0.971
0.857
0.697
1.002
0.852
0.745
0.999
0.829
0.771
1.000
0.840
0.731
0.988
0.902
0.700
1.026
0.897
0.752
1.007
0.865
0.778
1.026
0.889
0.959
0.749
0.832
0.888
0.753
0.782
0.927
0.780
0.795
0.967
0.810
0.821
0.986
0.780
0.834
0.920
0.781
0.788
0.956
0.805
0.803
0.990
0.848
0.826
0.993
0.731
0.837
0.922
0.718
0.786
0.946
0.752
0.794
0.990
0.786
0.821
0.938
0.723
0.793
0.865
0.731
0.741
0.924
0.740
0.769
0.955
0.769
0.790
1.028
0.699
0.862
0.962
0.686
0.801
0.992
0.726
0.828
1.029
0.741
0.846
0.640
0.864
0.780
0.597
0.893
0.766
0.639
0.891
0.733
0.663
0.919
0.764
0.641
0.858
0.814
0.603
0.890
0.798
0.639
0.857
0.751
0.672
0.886
0.765
0.661
0.884
0.771
0.629
0.919
0.763
0.676
0.894
0.714
0.704
0.928
0.750
0.628
0.873
0.752
0.593
0.910
0.743
0.634
0.899
0.704
0.674
0.914
0.716
0.623
0.886
0.793
0.588
0.934
0.788
0.633
0.902
0.737
0.671
0.939
0.763
0.845
0.615
0.698
0.770
0.620
0.640
0.807
0.652
0.635
0.878
0.688
0.673
0.870
0.647
0.706
0.800
0.650
0.650
0.837
0.672
0.653
0.890
0.728
0.677
0.890
0.615
0.724
0.812
0.600
0.667
0.834
0.636
0.658
0.898
0.669
0.694
0.842
0.610
0.693
0.766
0.617
0.633
0.826
0.623
0.647
0.877
0.658
0.677
0.966
0.610
0.791
0.892
0.590
0.719
0.909
0.617
0.720
0.968
0.641
0.746
0.668
0.896
0.787
0.628
0.920
0.783
0.671
0.914
0.736
0.696
0.947
0.781
0.665
0.884
0.825
0.626
0.910
0.816
0.660
0.866
0.756
0.696
0.902
0.781
0.685
0.923
0.782
0.651
0.947
0.776
0.692
0.919
0.716
0.724
0.957
0.763
0.664
0.923
0.765
0.629
0.948
0.761
0.673
0.940
0.713
0.714
0.957
0.734
0.649
0.929
0.815
0.613
0.963
0.812
0.657
0.928
0.749
0.693
0.965
0.786
0.884
0.659
0.732
0.806
0.661
0.679
0.827
0.693
0.666
0.904
0.724
0.712
0.918
0.698
0.756
0.838
0.694
0.699
0.865
0.717
0.696
0.914
0.767
0.723
0.927
0.664
0.762
0.844
0.649
0.707
0.854
0.680
0.684
0.927
0.717
0.726
0.868
0.646
0.715
0.784
0.651
0.657
0.833
0.647
0.669
0.888
0.690
0.701
0.988
0.635
0.809
0.908
0.615
0.744
0.914
0.639
0.741
0.980
0.671
0.772
0.659
0.887
0.797
0.619
0.912
0.787
0.658
0.917
0.754
0.682
0.943
0.794
0.663
0.879
0.837
0.629
0.908
0.824
0.665
0.888
0.788
0.698
0.912
0.808
0.679
0.914
0.798
0.649
0.945
0.794
0.693
0.929
0.745
0.721
0.958
0.790
0.652
0.918
0.791
0.623
0.953
0.790
0.663
0.956
0.754
0.700
0.962
0.776
0.646
0.923
0.832
0.617
0.964
0.828
0.661
0.950
0.787
0.695
0.974
0.817
0.875
0.646
0.758
0.801
0.651
0.701
0.828
0.677
0.703
0.895
0.713
0.747
0.901
0.666
0.757
0.831
0.666
0.704
0.863
0.690
0.717
0.906
0.738
0.742
0.930
0.648
0.770
0.854
0.635
0.717
0.866
0.669
0.710
0.937
0.705
0.755
0.866
0.632
0.724
0.789
0.640
0.668
0.843
0.650
0.686
0.894
0.686
0.720
0.980
0.627
0.810
0.913
0.613
0.745
0.925
0.643
0.751
0.986
0.666
0.783
0.628
0.811
0.715
0.584
0.829
0.699
0.619
0.830
0.674
0.649
0.869
0.716
0.624
0.807
0.757
0.587
0.831
0.738
0.620
0.806
0.699
0.657
0.847
0.727
0.647
0.825
0.721
0.613
0.848
0.710
0.654
0.830
0.671
0.685
0.868
0.714
0.612
0.820
0.695
0.578
0.846
0.683
0.613
0.842
0.659
0.657
0.867
0.683
0.606
0.830
0.719
0.572
0.863
0.709
0.612
0.846
0.680
0.652
0.887
0.713
0.800
0.610
0.657
0.737
0.612
0.603
0.774
0.640
0.607
0.836
0.680
0.649
0.818
0.626
0.633
0.764
0.633
0.591
0.804
0.651
0.607
0.858
0.712
0.637
0.857
0.614
0.685
0.792
0.601
0.633
0.812
0.631
0.630
0.874
0.672
0.666
0.798
0.604
0.641
0.734
0.609
0.591
0.785
0.616
0.609
0.838
0.659
0.640
0.901
0.585
0.724
0.841
0.570
0.661
0.858
0.594
0.662
0.915
0.626
0.693
0.527
0.704
0.620
0.494
0.730
0.611
0.523
0.731
0.586
0.540
0.761
0.625
0.527
0.698
0.653
0.497
0.726
0.640
0.523
0.702
0.608
0.547
0.732
0.627
0.550
0.737
0.630
0.527
0.764
0.622
0.554
0.753
0.590
0.577
0.781
0.628
0.524
0.716
0.594
0.496
0.745
0.585
0.526
0.742
0.563
0.555
0.760
0.585
0.508
0.722
0.631
0.481
0.758
0.624
0.510
0.738
0.597
0.538
0.771
0.625
0.699
0.527
0.571
0.639
0.533
0.521
0.664
0.554
0.524
0.723
0.573
0.563
0.696
0.528
0.558
0.642
0.533
0.514
0.669
0.547
0.525
0.704
0.586
0.547
0.741
0.522
0.601
0.682
0.510
0.554
0.692
0.537
0.546
0.743
0.561
0.582
0.692
0.510
0.560
0.632
0.519
0.510
0.673
0.517
0.528
0.713
0.547
0.557
0.785
0.504
0.643
0.727
0.491
0.588
0.740
0.510
0.589
0.784
0.532
0.613
0.728
0.943
0.823
0.669
0.947
0.801
0.719
0.959
0.779
0.728
0.974
0.818
0.733
0.931
0.854
0.676
0.936
0.826
0.724
0.926
0.796
0.743
0.943
0.818
0.739
0.949
0.821
0.690
0.955
0.802
0.743
0.958
0.769
0.755
0.974
0.811
0.737
0.976
0.817
0.684
0.984
0.798
0.734
0.995
0.778
0.752
0.994
0.797
0.724
0.978
0.838
0.670
0.992
0.823
0.727
0.991
0.794
0.743
1.005
0.825
0.929
0.734
0.793
0.844
0.717
0.727
0.879
0.757
0.738
0.925
0.771
0.775
0.951
0.771
0.785
0.870
0.751
0.723
0.906
0.779
0.740
0.935
0.804
0.766
0.963
0.718
0.807
0.879
0.689
0.743
0.899
0.727
0.747
0.946
0.750
0.780
0.918
0.714
0.763
0.828
0.703
0.696
0.881
0.718
0.721
0.919
0.738
0.754
1.000
0.684
0.832
0.911
0.644
0.749
0.931
0.679
0.765
0.971
0.690
0.788
