0.878
0.655
0.769
0.807
0.689
0.728
0.820
0.705
0.739
0.876
0.732
0.766
0.911
0.689
0.770
0.844
0.718
0.732
0.857
0.731
0.750
0.893
0.776
0.765
0.941
0.681
0.805
0.867
0.695
0.761
0.866
0.720
0.768
0.930
0.750
0.795
0.873
0.654
0.750
0.800
0.690
0.709
0.842
0.686
0.738
0.883
0.717
0.756
1.005
0.644
0.820
0.940
0.653
0.768
0.938
0.675
0.780
0.994
0.692
0.799
0.960
0.946
0.635
0.920
0.977
0.631
0.916
0.969
0.641
0.964
0.993
0.665
0.959
0.984
0.644
0.926
1.013
0.638
0.926
1.011
0.654
0.983
1.036
0.676
0.928
0.939
0.646
0.887
0.970
0.641
0.888
0.961
0.654
0.912
0.973
0.682
0.907
0.905
0.621
0.872
0.931
0.617
0.856
0.931
0.634
0.905
0.947
0.645
0.917
0.944
0.624
0.884
0.969
0.617
0.890
0.960
0.625
0.927
0.978
0.646
0.889
0.620
0.751
0.812
0.646
0.697
0.823
0.653
0.698
0.880
0.686
0.737
0.921
0.635
0.736
0.858
0.653
0.690
0.854
0.652
0.691
0.891
0.699
0.712
0.941
0.632
0.764
0.870
0.638
0.713
0.860
0.648
0.707
0.925
0.683
0.747
0.884
0.615
0.726
0.810
0.642
0.672
0.849
0.627
0.693
0.893
0.660
0.720
1.009
0.621
0.808
0.945
0.622
0.746
0.941
0.636
0.746
0.997
0.657
0.778
0.977
0.929
0.597
0.944
0.955
0.593
0.932
0.938
0.584
0.976
0.968
0.617
0.963
0.963
0.608
0.934
0.987
0.600
0.929
0.981
0.599
0.988
1.013
0.632
0.951
0.927
0.609
0.917
0.951
0.600
0.902
0.929
0.595
0.924
0.945
0.631
0.926
0.891
0.592
0.902
0.909
0.585
0.888
0.904
0.589
0.936
0.927
0.609
0.929
0.936
0.600
0.901
0.953
0.590
0.907
0.944
0.587
0.948
0.967
0.618
0.852
0.633
0.762
0.782
0.663
0.716
0.774
0.675
0.713
0.828
0.696
0.746
0.884
0.652
0.752
0.820
0.676
0.710
0.805
0.681
0.710
0.835
0.723
0.725
0.908
0.648
0.782
0.842
0.658
0.736
0.821
0.676
0.730
0.879
0.698
0.758
0.847
0.631
0.738
0.776
0.661
0.692
0.805
0.648
0.711
0.841
0.674
0.728
0.981
0.630
0.813
0.922
0.636
0.755
0.902
0.649
0.758
0.952
0.662
0.778
0.936
0.937
0.613
0.900
0.965
0.612
0.869
0.954
0.603
0.912
0.971
0.625
0.938
0.970
0.625
0.911
0.994
0.619
0.893
0.995
0.619
0.944
1.015
0.641
0.905
0.930
0.626
0.869
0.957
0.621
0.845
0.946
0.615
0.861
0.955
0.646
0.891
0.905
0.611
0.864
0.925
0.606
0.831
0.931
0.611
0.870
0.941
0.623
0.898
0.933
0.612
0.872
0.955
0.605
0.862
0.952
0.600
0.895
0.966
0.623
0.847
0.643
0.753
0.783
0.678
0.716
0.789
0.694
0.720
0.839
0.718
0.748
0.896
0.667
0.755
0.834
0.699
0.720
0.839
0.712
0.732
0.871
0.749
0.746
0.903
0.641
0.762
0.838
0.657
0.722
0.830
0.680
0.721
0.887
0.704
0.750
0.855
0.630
0.723
0.790
0.669
0.685
0.823
0.662
0.709
0.862
0.687
0.725
0.981
0.632
0.806
0.922
0.643
0.759
0.906
0.664
0.768
0.954
0.671
0.782
0.950
0.938
0.615
0.915
0.963
0.617
0.900
0.959
0.622
0.944
0.981
0.641
0.945
0.970
0.619
0.916
0.994
0.620
0.902
0.992
0.628
0.958
1.017
0.649
0.914
0.925
0.620
0.878
0.952
0.621
0.867
0.944
0.630
0.884
0.956
0.654
0.915
0.904
0.613
0.888
0.922
0.614
0.861
0.923
0.627
0.905
0.937
0.632
0.904
0.928
0.611
0.877
0.950
0.610
0.875
0.942
0.614
0.911
0.961
0.633
0.876
0.631
0.744
0.807
0.667
0.703
0.817
0.673
0.705
0.878
0.706
0.742
0.926
0.666
0.762
0.862
0.694
0.722
0.861
0.692
0.724
0.903
0.745
0.747
0.936
0.641
0.764
0.864
0.655
0.720
0.856
0.669
0.716
0.923
0.706
0.754
0.882
0.618
0.727
0.807
0.655
0.681
0.846
0.640
0.700
0.894
0.676
0.727
0.992
0.633
0.807
0.931
0.645
0.757
0.921
0.659
0.761
0.980
0.678
0.786
0.969
0.946
0.606
0.932
0.972
0.608
0.910
0.953
0.599
0.967
0.988
0.634
0.959
0.980
0.614
0.930
1.003
0.613
0.916
0.999
0.615
0.983
1.032
0.648
0.943
0.939
0.615
0.903
0.962
0.615
0.888
0.948
0.614
0.915
0.964
0.649
0.922
0.902
0.598
0.891
0.920
0.598
0.869
0.916
0.601
0.920
0.939
0.621
0.926
0.945
0.611
0.896
0.963
0.608
0.894
0.954
0.603
0.937
0.976
0.632
0.853
0.677
0.764
0.796
0.728
0.740
0.802
0.743
0.735
0.856
0.763
0.765
0.857
0.734
0.771
0.819
0.790
0.761
0.829
0.796
0.765
0.856
0.839
0.783
0.884
0.673
0.774
0.838
0.705
0.753
0.826
0.729
0.744
0.882
0.751
0.772
0.834
0.658
0.737
0.790
0.714
0.718
0.820
0.699
0.729
0.856
0.729
0.747
0.934
0.660
0.782
0.889
0.688
0.757
0.870
0.709
0.751
0.917
0.721
0.771
0.930
0.948
0.646
0.914
0.998
0.662
0.883
0.982
0.659
0.921
1.004
0.677
0.943
0.999
0.662
0.939
1.048
0.679
0.912
1.038
0.682
0.965
1.062
0.704
0.892
0.960
0.655
0.872
1.010
0.669
0.858
0.993
0.671
0.879
1.008
0.698
0.861
0.899
0.620
0.850
0.942
0.631
0.829
0.930
0.637
0.866
0.951
0.650
0.883
0.946
0.633
0.872
0.993
0.646
0.856
0.976
0.643
0.894
1.000
0.663
0.852
0.634
0.735
0.793
0.662
0.694
0.799
0.680
0.692
0.859
0.699
0.730
0.889
0.656
0.739
0.834
0.682
0.702
0.842
0.697
0.707
0.881
0.733
0.731
0.897
0.626
0.741
0.840
0.635
0.702
0.833
0.662
0.692
0.897
0.686
0.732
0.854
0.614
0.707
0.796
0.645
0.664
0.829
0.644
0.678
0.876
0.665
0.710
0.967
0.613
0.783
0.916
0.620
0.734
0.905
0.640
0.736
0.962
0.655
0.763
0.929
0.924
0.600
0.899
0.956
0.597
0.889
0.951
0.599
0.936
0.973
0.623
0.933
0.964
0.609
0.905
0.990
0.605
0.890
0.986
0.610
0.951
1.013
0.635
0.902
0.918
0.607
0.873
0.946
0.602
0.867
0.940
0.604
0.889
0.951
0.634
0.894
0.888
0.589
0.869
0.909
0.587
0.852
0.909
0.594
0.900
0.929
0.610
0.901
0.932
0.598
0.879
0.955
0.592
0.879
0.950
0.593
0.917
0.971
0.619
0.848
0.620
0.733
0.780
0.645
0.690
0.791
0.658
0.692
0.858
0.679
0.734
0.871
0.612
0.717
0.809
0.627
0.676
0.817
0.640
0.682
0.854
0.677
0.704
0.907
0.625
0.757
0.843
0.632
0.714
0.844
0.652
0.716
0.904
0.680
0.751
0.862
0.613
0.719
0.792
0.638
0.671
0.836
0.636
0.695
0.877
0.660
0.720
0.963
0.610
0.789
0.909
0.613
0.738
0.909
0.635
0.746
0.965
0.651
0.772
0.935
0.925
0.599
0.899
0.954
0.596
0.897
0.946
0.602
0.943
0.974
0.622
0.933
0.961
0.608
0.901
0.984
0.603
0.904
0.983
0.612
0.962
1.016
0.635
0.911
0.917
0.599
0.876
0.943
0.592
0.869
0.931
0.602
0.893
0.950
0.628
0.907
0.891
0.594
0.874
0.907
0.587
0.870
0.913
0.599
0.913
0.933
0.610
0.901
0.929
0.601
0.869
0.950
0.593
0.879
0.945
0.594
0.919
0.971
0.620
0.893
0.650
0.782
0.819
0.682
0.737
0.830
0.693
0.749
0.891
0.719
0.777
0.903
0.661
0.763
0.835
0.687
0.724
0.842
0.697
0.741
0.882
0.741
0.753
0.925
0.649
0.776
0.856
0.660
0.731
0.850
0.686
0.738
0.917
0.712
0.764
0.880
0.627
0.740
0.805
0.659
0.693
0.843
0.654
0.722
0.887
0.682
0.739
1.011
0.647
0.828
0.946
0.655
0.775
0.944
0.676
0.792
0.998
0.691
0.803
0.974
0.953
0.628
0.937
0.984
0.628
0.923
0.974
0.634
0.967
0.998
0.655
0.956
0.973
0.629
0.923
1.003
0.627
0.916
1.001
0.640
0.972
1.028
0.661
0.945
0.938
0.634
0.905
0.967
0.631
0.893
0.956
0.642
0.916
0.969
0.666
0.924
0.913
0.619
0.891
0.935
0.616
0.873
0.935
0.634
0.921
0.955
0.642
0.937
0.953
0.630
0.906
0.978
0.625
0.905
0.967
0.631
0.942
0.987
0.649
0.716
0.908
0.838
0.647
0.924
0.798
0.703
0.895
0.773
0.718
0.920
0.801
0.712
0.904
0.869
0.644
0.921
0.822
0.694
0.862
0.796
0.724
0.883
0.809
0.719
0.920
0.834
0.662
0.937
0.798
0.716
0.876
0.766
0.741
0.911
0.797
0.713
0.942
0.844
0.651
0.967
0.807
0.705
0.930
0.786
0.735
0.916
0.798
0.698
0.946
0.879
0.637
0.979
0.840
0.695
0.922
0.811
0.724
0.934
0.835
1.041
0.984
0.680
0.960
0.960
0.623
0.978
0.943
0.640
1.026
0.967
0.669
1.031
1.016
0.686
0.958
0.992
0.628
0.974
0.976
0.649
1.031
1.009
0.678
1.011
0.969
0.686
0.932
0.951
0.630
0.955
0.927
0.650
0.980
0.939
0.682
0.993
0.922
0.660
0.926
0.896
0.605
0.933
0.869
0.628
0.978
0.901
0.645
0.996
0.972
0.670
0.925
0.945
0.609
0.951
0.920
0.624
0.983
0.950
0.650
0.690
0.896
0.826
0.641
0.928
0.805
0.688
0.899
0.775
0.705
0.937
0.805
0.688
0.882
0.843
0.639
0.912
0.814
0.683
0.856
0.787
0.715
0.892
0.804
0.702
0.893
0.819
0.663
0.918
0.795
0.710
0.861
0.770
0.739
0.904
0.798
0.693
0.915
0.824
0.647
0.945
0.797
0.696
0.907
0.777
0.727
0.914
0.790
0.682
0.926
0.856
0.634
0.964
0.830
0.688
0.914
0.802
0.717
0.944
0.829
1.015
0.943
0.660
0.962
0.935
0.620
0.977
0.908
0.635
1.022
0.944
0.664
1.002
0.964
0.661
0.952
0.960
0.624
0.976
0.942
0.639
1.030
0.986
0.669
0.972
0.917
0.668
0.918
0.911
0.628
0.943
0.880
0.645
0.970
0.908
0.677
0.975
0.886
0.647
0.931
0.876
0.610
0.941
0.845
0.632
0.984
0.889
0.652
0.968
0.934
0.649
0.928
0.931
0.613
0.956
0.903
0.625
0.988
0.943
0.652
0.581
0.725
0.676
0.538
0.753
0.659
0.575
0.728
0.638
0.593
0.766
0.668
0.580
0.729
0.717
0.541
0.769
0.696
0.575
0.705
0.665
0.603
0.741
0.684
0.601
0.737
0.690
0.566
0.763
0.674
0.606
0.715
0.644
0.630
0.758
0.677
0.565
0.712
0.663
0.528
0.751
0.647
0.567
0.707
0.626
0.601
0.721
0.648
0.557
0.725
0.701
0.519
0.775
0.683
0.561
0.708
0.654
0.593
0.741
0.687
0.843
0.759
0.531
0.802
0.765
0.502
0.815
0.733
0.509
0.860
0.771
0.544
0.825
0.788
0.527
0.787
0.796
0.498
0.805
0.778
0.510
0.858
0.816
0.543
0.809
0.738
0.539
0.762
0.743
0.506
0.782
0.717
0.518
0.814
0.740
0.554
0.810
0.729
0.535
0.778
0.726
0.503
0.789
0.699
0.516
0.826
0.738
0.537
0.810
0.754
0.534
0.777
0.759
0.506
0.804
0.733
0.514
0.840
0.775
0.544
0.677
0.857
0.816
0.607
0.886
0.778
0.657
0.852
0.754
0.680
0.864
0.773
0.681
0.850
0.849
0.608
0.873
0.798
0.649
0.800
0.770
0.690
0.806
0.785
0.685
0.867
0.811
0.623
0.891
0.771
0.667
0.817
0.740
0.703
0.845
0.766
0.684
0.881
0.830
0.614
0.920
0.790
0.660
0.856
0.763
0.705
0.829
0.774
0.676
0.892
0.871
0.606
0.931
0.827
0.656
0.845
0.794
0.696
0.842
0.813
1.031
0.947
0.660
0.936
0.916
0.590
0.969
0.884
0.606
1.015
0.911
0.632
1.011
0.970
0.658
0.928
0.944
0.595
0.958
0.916
0.612
1.010
0.952
0.645
1.005
0.935
0.666
0.911
0.907
0.597
0.937
0.864
0.616
0.976
0.876
0.649
0.977
0.889
0.639
0.902
0.859
0.574
0.928
0.828
0.596
0.970
0.866
0.614
0.966
0.930
0.641
0.893
0.910
0.580
0.929
0.879
0.592
0.964
0.908
0.620
0.724
0.874
0.829
0.672
0.916
0.808
0.711
0.882
0.774
0.746
0.899
0.807
0.731
0.867
0.869
0.682
0.914
0.845
0.716
0.844
0.803
0.766
0.849
0.826
0.744
0.863
0.836
0.702
0.899
0.814
0.746
0.835
0.783
0.789
0.870
0.818
0.720
0.865
0.819
0.676
0.914
0.804
0.719
0.862
0.776
0.776
0.850
0.797
0.706
0.894
0.870
0.660
0.962
0.854
0.702
0.898
0.816
0.749
0.882
0.842
1.036
0.913
0.685
0.977
0.918
0.653
0.989
0.875
0.662
1.052
0.905
0.703
1.014
0.954
0.678
0.965
0.962
0.646
0.980
0.921
0.656
1.048
0.957
0.696
1.000
0.911
0.690
0.941
0.921
0.655
0.961
0.882
0.665
1.007
0.894
0.708
0.985
0.867
0.672
0.934
0.864
0.634
0.942
0.830
0.648
0.996
0.863
0.675
0.982
0.908
0.667
0.932
0.914
0.632
0.955
0.877
0.637
1.003
0.910
0.675
0.667
0.856
0.795
0.605
0.880
0.765
0.653
0.859
0.740
0.673
0.877
0.767
0.668
0.846
0.826
0.607
0.869
0.788
0.651
0.818
0.761
0.686
0.832
0.777
0.683
0.867
0.795
0.633
0.895
0.772
0.684
0.844
0.739
0.714
0.873
0.772
0.662
0.879
0.798
0.606
0.908
0.768
0.656
0.880
0.749
0.691
0.863
0.764
0.648
0.884
0.832
0.590
0.919
0.801
0.643
0.873
0.774
0.678
0.883
0.802
0.997
0.907
0.631
0.923
0.891
0.578
0.942
0.868
0.599
0.992
0.896
0.630
0.977
0.933
0.631
0.910
0.922
0.583
0.932
0.904
0.603
0.990
0.943
0.632
0.958
0.896
0.639
0.882
0.883
0.585
0.908
0.858
0.607
0.942
0.874
0.640
0.964
0.870
0.626
0.899
0.844
0.573
0.912
0.820
0.598
0.956
0.856
0.615
0.956
0.910
0.627
0.894
0.897
0.580
0.922
0.876
0.593
0.960
0.908
0.622
0.626
0.814
0.756
0.581
0.851
0.742
0.620
0.834
0.717
0.636
0.863
0.745
0.626
0.811
0.788
0.585
0.850
0.768
0.618
0.796
0.743
0.647
0.828
0.757
0.649
0.852
0.767
0.617
0.890
0.755
0.651
0.859
0.729
0.675
0.886
0.756
0.624
0.844
0.759
0.585
0.886
0.746
0.621
0.860
0.725
0.648
0.859
0.739
0.608
0.845
0.795
0.571
0.894
0.779
0.608
0.847
0.751
0.635
0.870
0.774
0.928
0.865
0.587
0.872
0.868
0.558
0.898
0.854
0.563
0.940
0.885
0.588
0.915
0.878
0.588
0.864
0.885
0.560
0.887
0.872
0.570
0.942
0.910
0.595
0.885
0.842
0.590
0.830
0.849
0.559
0.852
0.830
0.569
0.879
0.851
0.598
0.894
0.817
0.584
0.850
0.814
0.553
0.867
0.805
0.569
0.903
0.832
0.579
0.885
0.854
0.588
0.841
0.857
0.560
0.876
0.850
0.564
0.909
0.880
0.590
0.647
0.789
0.751
0.590
0.834
0.728
0.632
0.822
0.712
0.650
0.810
0.728
0.651
0.777
0.790
0.592
0.829
0.759
0.634
0.766
0.738
0.670
0.757
0.747
0.661
0.822
0.758
0.612
0.861
0.737
0.657
0.820
0.713
0.681
0.826
0.732
0.641
0.796
0.747
0.586
0.852
0.724
0.630
0.833
0.713
0.664
0.787
0.717
0.635
0.775
0.785
0.577
0.846
0.758
0.623
0.792
0.737
0.659
0.765
0.752
0.941
0.866
0.617
0.874
0.870
0.573
0.901
0.851
0.583
0.945
0.862
0.610
0.925
0.885
0.611
0.865
0.890
0.569
0.899
0.880
0.587
0.951
0.894
0.614
0.907
0.829
0.618
0.841
0.844
0.574
0.869
0.826
0.587
0.904
0.819
0.618
0.905
0.823
0.604
0.850
0.816
0.558
0.871
0.801
0.577
0.909
0.811
0.591
0.892
0.849
0.603
0.839
0.856
0.562
0.876
0.846
0.571
0.907
0.853
0.595
0.682
0.872
0.807
0.623
0.899
0.778
0.668
0.871
0.747
0.689
0.906
0.782
0.682
0.866
0.836
0.622
0.890
0.797
0.661
0.830
0.761
0.696
0.864
0.785
0.697
0.869
0.806
0.647
0.889
0.774
0.690
0.830
0.743
0.723
0.874
0.777
0.690
0.890
0.813
0.635
0.921
0.782
0.678
0.880
0.755
0.715
0.885
0.776
0.668
0.902
0.849
0.614
0.943
0.815
0.662
0.885
0.779
0.695
0.909
0.812
1.025
0.928
0.652
0.953
0.916
0.604
0.963
0.882
0.609
1.010
0.921
0.643
1.003
0.956
0.648
0.938
0.944
0.602
0.960
0.919
0.613
1.014
0.964
0.648
0.990
0.922
0.658
0.919
0.910
0.609
0.935
0.877
0.621
0.961
0.902
0.657
0.982
0.884
0.643
0.921
0.867
0.595
0.924
0.831
0.612
0.966
0.871
0.633
0.978
0.926
0.641
0.920
0.916
0.598
0.944
0.888
0.605
0.979
0.930
0.635
0.750
0.959
0.842
0.711
0.993
0.836
0.773
1.001
0.823
0.785
1.011
0.842
0.767
0.978
0.888
0.733
1.011
0.877
0.792
0.993
0.863
0.819
1.013
0.875
0.764
0.973
0.843
0.734
1.005
0.838
0.789
0.987
0.811
0.810
1.002
0.835
0.743
0.992
0.845
0.709
1.027
0.836
0.765
1.025
0.822
0.789
1.018
0.826
0.745
1.006
0.887
0.711
1.049
0.879
0.771
1.031
0.854
0.793
1.041
0.874
0.981
0.773
0.822
0.918
0.787
0.775
0.961
0.812
0.794
0.994
0.838
0.815
1.019
0.808
0.834
0.960
0.818
0.789
0.996
0.837
0.807
1.028
0.880
0.830
1.018
0.752
0.825
0.953
0.745
0.776
0.976
0.777
0.788
1.018
0.812
0.813
0.961
0.742
0.784
0.898
0.762
0.734
0.956
0.766
0.765
0.982
0.792
0.782
1.053
0.718
0.846
0.991
0.710
0.786
1.025
0.749
0.820
1.057
0.759
0.832
0.655
0.886
0.767
0.611
0.921
0.753
0.656
0.917
0.721
0.676
0.942
0.751
0.654
0.885
0.801
0.615
0.921
0.785
0.655
0.885
0.737
0.686
0.910
0.750
0.674
0.908
0.761
0.640
0.947
0.752
0.693
0.920
0.708
0.717
0.948
0.739
0.645
0.901
0.745
0.608
0.942
0.733
0.654
0.931
0.699
0.692
0.939
0.708
0.638
0.912
0.782
0.600
0.968
0.777
0.651
0.931
0.729
0.685
0.960
0.753
0.876
0.639
0.691
0.805
0.654
0.635
0.844
0.685
0.635
0.907
0.714
0.669
0.909
0.674
0.708
0.844
0.687
0.653
0.879
0.704
0.659
0.927
0.758
0.681
0.919
0.637
0.715
0.847
0.629
0.659
0.866
0.663
0.655
0.925
0.694
0.686
0.874
0.632
0.687
0.804
0.651
0.628
0.859
0.647
0.645
0.906
0.679
0.671
0.995
0.626
0.773
0.926
0.613
0.703
0.942
0.636
0.708
0.993
0.655
0.732
0.686
0.922
0.775
0.642
0.948
0.769
0.692
0.942
0.725
0.710
0.966
0.763
0.679
0.912
0.812
0.637
0.939
0.801
0.677
0.893
0.740
0.710
0.923
0.763
0.700
0.948
0.772
0.665
0.973
0.762
0.711
0.946
0.708
0.738
0.975
0.750
0.683
0.953
0.757
0.644
0.982
0.749
0.694
0.970
0.705
0.734
0.980
0.724
0.665
0.954
0.803
0.626
0.993
0.795
0.676
0.955
0.738
0.708
0.983
0.770
0.913
0.684
0.722
0.838
0.695
0.672
0.862
0.728
0.663
0.931
0.750
0.705
0.959
0.729
0.759
0.878
0.730
0.700
0.904
0.750
0.700
0.953
0.799
0.727
0.956
0.689
0.752
0.878
0.678
0.699
0.888
0.709
0.679
0.955
0.743
0.718
0.901
0.670
0.712
0.820
0.684
0.653
0.867
0.673
0.665
0.917
0.711
0.694
1.018
0.653
0.794
0.939
0.637
0.728
0.945
0.658
0.727
1.006
0.684
0.756
0.675
0.908
0.780
0.632
0.937
0.771
0.679
0.944
0.739
0.696
0.961
0.774
0.676
0.904
0.819
0.640
0.935
0.806
0.683
0.914
0.770
0.712
0.932
0.787
0.691
0.936
0.784
0.660
0.969
0.778
0.713
0.954
0.735
0.735
0.974
0.773
0.669
0.945
0.779
0.636
0.981
0.774
0.684
0.983
0.742
0.716
0.981
0.760
0.661
0.946
0.814
0.630
0.991
0.810
0.682
0.976
0.771
0.709
0.991
0.798
0.898
0.668
0.742
0.829
0.682
0.689
0.860
0.709
0.696
0.919
0.738
0.734
0.937
0.693
0.752
0.870
0.700
0.700
0.902
0.723
0.715
0.942
0.769
0.739
0.957
0.669
0.757
0.887
0.663
0.705
0.897
0.698
0.701
0.962
0.730
0.742
0.894
0.656
0.715
0.825
0.673
0.660
0.878
0.678
0.681
0.922
0.708
0.711
1.007
0.643
0.790
0.943
0.635
0.728
0.955
0.663
0.736
1.011
0.680
0.766
0.641
0.831
0.704
0.595
0.853
0.687
0.636
0.855
0.664
0.660
0.887
0.700
0.635
0.830
0.743
0.597
0.859
0.724
0.636
0.830
0.684
0.671
0.868
0.708
0.661
0.846
0.710
0.624
0.872
0.698
0.673
0.856
0.665
0.699
0.888
0.702
0.627
0.843
0.685
0.591
0.875
0.672
0.631
0.871
0.653
0.675
0.890
0.671
0.620
0.851
0.707
0.583
0.891
0.697
0.630
0.873
0.670
0.667
0.907
0.699
0.826
0.633
0.648
0.770
0.646
0.597
0.806
0.673
0.605
0.865
0.706
0.642
0.856
0.655
0.634
0.808
0.671
0.595
0.845
0.686
0.612
0.898
0.743
0.642
0.884
0.635
0.676
0.826
0.629
0.625
0.845
0.659
0.627
0.903
0.697
0.661
0.828
0.627
0.637
0.771
0.642
0.588
0.820
0.642
0.609
0.869
0.683
0.638
0.928
0.600
0.708
0.872
0.590
0.647
0.888
0.611
0.654
0.941
0.641
0.678
0.538
0.722
0.608
0.503
0.752
0.598
0.537
0.752
0.575
0.550
0.777
0.609
0.536
0.719
0.639
0.504
0.750
0.627
0.534
0.723
0.594
0.557
0.750
0.611
0.560
0.754
0.620
0.536
0.787
0.611
0.567
0.774
0.582
0.586
0.797
0.616
0.538
0.737
0.585
0.508
0.770
0.575
0.542
0.769
0.557
0.569
0.779
0.575
0.520
0.740
0.619
0.489
0.783
0.613
0.524
0.760
0.587
0.548
0.786
0.612
0.722
0.549
0.563
0.668
0.567
0.516
0.694
0.584
0.523
0.745
0.596
0.558
0.728
0.551
0.558
0.678
0.564
0.515
0.703
0.573
0.527
0.734
0.610
0.548
0.764
0.539
0.593
0.711
0.534
0.547
0.719
0.560
0.543
0.766
0.580
0.574
0.716
0.529
0.554
0.662
0.547
0.507
0.701
0.537
0.526
0.738
0.565
0.552
0.807
0.516
0.627
0.753
0.507
0.573
0.765
0.524
0.577
0.804
0.541
0.598
0.741
0.963
0.811
0.678
0.968
0.786
0.735
0.980
0.770
0.737
0.990
0.802
0.743
0.953
0.840
0.682
0.959
0.809
0.737
0.948
0.785
0.751
0.959
0.799
0.748
0.969
0.809
0.697
0.976
0.787
0.758
0.979
0.762
0.764
0.989
0.796
0.749
0.999
0.809
0.692
1.009
0.786
0.750
1.020
0.774
0.764
1.011
0.785
0.735
0.998
0.828
0.678
1.016
0.809
0.742
1.015
0.788
0.754
1.021
0.812
0.953
0.754
0.783
0.871
0.747
0.719
0.909
0.786
0.736
0.947
0.791
0.766
0.984
0.797
0.785
0.905
0.781
0.723
0.940
0.808
0.743
0.965
0.827
0.765
0.988
0.737
0.796
0.907
0.712
0.733
0.927
0.750
0.742
0.970
0.770
0.769
0.944
0.735
0.757
0.858
0.732
0.690
0.911
0.743
0.718
0.943
0.758
0.745
1.024
0.699
0.815
0.935
0.663
0.733
0.957
0.694
0.753
0.992
0.700
0.770
