1.479
1.430
1.525
1.412
1.457
1.462
1.620
1.483
1.720
1.642
1.688
1.727
2.857
2.888
2.858
1.749
1.673
1.777
1.038
1.177
1.119
2.377
2.450
2.449
2.869
2.929
2.926
2.466
2.653
2.660
2.033
2.012
2.036
0.795
0.986
0.910
1.297
1.564
1.458
1.603
1.722
1.601
0.794
0.956
0.895
0.920
1.013
0.954
0.441
0.701
0.626
1.592
1.685
1.674
1.445
1.547
1.568
2.386
2.560
2.477
1.596
1.653
1.640
2.249
2.394
2.363
0.873
0.990
1.001
2.292
2.450
2.268
1.022
1.304
1.291
1.475
1.498
1.495
1.386
1.303
1.446
0.788
0.764
0.787
0.870
0.998
1.017
0.758
0.805
0.867
0.911
0.964
1.093
2.258
2.346
2.413
1.116
1.193
1.182
2.113
2.103
2.151
1.165
1.071
1.127
2.549
2.651
2.636
1.785
1.651
1.760
1.163
1.253
1.238
1.853
1.930
1.961
1.031
1.081
1.050
1.804
2.004
2.025
1.074
1.077
1.081
2.373
2.280
2.354
1.894
2.073
2.118
1.082
1.210
1.168
1.600
1.684
1.655
1.207
1.366
1.362
0.684
0.786
0.791
1.463
1.600
1.603
1.143
1.118
1.213
1.554
1.476
1.570
2.387
2.490
2.463
1.541
1.658
1.676
2.524
2.591
2.607
1.629
1.801
1.795
1.361
1.518
1.524
2.137
2.204
2.214
0.450
0.644
0.658
1.305
1.316
1.325
2.712
2.762
2.921
1.303
1.217
1.320
2.274
2.370
2.373
1.982
2.044
2.114
0.855
1.131
0.942
1.883
2.052
2.153
0.882
0.946
0.902
2.030
2.039
2.063
2.178
2.305
2.315
1.162
1.464
1.455
2.566
2.506
2.605
1.624
1.617
1.687
0.782
0.793
0.795
2.449
2.513
2.558
2.719
2.749
2.777
1.717
1.860
1.917
1.454
1.564
1.545
1.767
1.926
1.906
1.944
1.967
1.994
1.694
1.759
1.863
1.443
1.503
1.550
2.903
3.007
3.005
2.648
2.525
2.615
0.657
0.737
0.807
1.256
1.359
1.434
2.116
2.283
2.362
0.634
0.842
0.759
1.246
1.071
1.279
2.032
2.001
2.006
1.093
1.041
1.190
1.538
1.663
1.617
1.433
1.336
1.397
1.833
1.921
1.934
1.154
1.222
1.220
1.267
1.378
1.399
1.872
1.838
1.878
0.826
0.962
0.967
1.754
1.639
1.911
0.872
1.019
0.986
1.144
1.100
1.137
1.159
1.109
1.252
1.686
1.589
1.863
3.050
2.969
3.160
2.189
2.221
2.263
1.927
2.097
2.100
1.014
1.076
1.093
0.813
0.846
0.897
2.538
2.422
2.525
0.761
1.301
0.980
3.362
3.303
3.388
0.872
1.003
0.993
1.910
1.846
1.806
1.903
1.780
1.804
1.903
1.790
1.925
1.375
1.432
1.387
3.067
3.114
3.139
1.289
1.303
1.327
3.576
3.622
3.746
0.778
0.770
0.830
1.375
1.422
1.399
1.244
1.288
1.302
2.262
2.376
2.358
1.381
1.322
1.378
2.129
1.858
2.008
0.805
0.854
0.861
3.790
3.783
3.880
0.778
0.894
0.818
1.527
1.515
1.526
1.475
1.438
1.496
1.514
1.624
1.621
1.984
1.956
1.991
2.343
2.511
2.495
2.671
2.583
2.652
1.992
2.001
2.010
1.764
1.880
1.897
0.933
1.050
1.018
0.474
0.625
0.669
1.142
1.411
1.530
1.464
1.500
1.518
1.242
1.170
1.262
1.115
1.185
1.191
0.351
0.473
0.472
1.012
0.882
0.971
2.650
2.802
2.754
1.202
1.093
1.192
1.230
1.242
1.220
1.054
1.175
1.289
1.054
1.259
1.281
2.031
2.110
2.109
1.173
1.285
1.254
0.921
0.974
0.984
1.219
1.200
1.270
1.344
1.374
1.346
1.583
1.621
1.640
1.417
1.525
1.489
0.729
0.710
0.775
2.495
2.409
2.567
0.476
0.619
0.623
1.070
1.048
1.103
1.963
2.056
2.012
1.120
1.425
1.424
1.730
1.684
1.724
1.757
1.797
1.787
2.479
2.582
2.585
1.560
1.623
1.606
1.911
2.022
2.084
1.167
1.255
1.245
1.574
1.735
1.696
0.667
0.832
0.826
0.438
0.610
0.561
0.961
1.133
1.058
0.653
0.820
0.780
1.002
1.024
1.034
0.857
0.993
0.975
1.057
1.173
1.159
0.714
0.724
0.776
1.299
1.422
1.385
2.244
2.219
2.253
3.157
3.145
3.174
1.277
1.507
1.348
1.827
1.946
1.921
0.398
0.413
0.461
1.419
1.478
1.492
1.229
1.613
1.567
1.842
1.887
1.890
2.002
1.983
2.024
0.822
0.906
0.904
1.852
2.077
1.953
1.852
2.041
1.953
1.852
2.021
1.953
1.572
1.707
1.726
1.454
1.593
1.545
2.515
2.420
2.519
2.301
2.181
2.310
1.310
1.359
1.390
1.125
1.235
1.322
2.008
2.075
2.095
1.849
1.836
1.864
1.264
1.461
1.396
1.286
1.496
1.420
1.268
1.181
1.303
1.674
1.720
1.718
1.523
1.637
1.625
1.404
1.406
1.487
1.452
1.571
1.575
1.461
1.444
1.520
1.936
1.969
1.991
1.026
1.292
1.277
0.817
0.890
0.884
1.386
1.456
1.429
1.668
1.796
1.728
1.997
2.084
2.070
1.372
1.599
1.556
0.869
0.967
0.961
1.125
1.296
1.362
2.189
2.167
2.185
2.555
2.581
2.683
2.452
2.577
2.689
1.221
1.315
1.324
2.241
2.108
2.211
2.390
2.472
2.530
3.083
3.073
3.141
1.291
1.347
1.411
1.042
0.950
0.991
1.125
1.160
1.139
1.068
1.142
1.140
1.892
2.094
1.999
1.547
1.508
1.599
2.255
2.036
2.163
2.444
2.426
2.464
2.421
2.285
2.416
2.444
2.328
2.344
0.930
1.058
1.091
1.376
1.558
1.533
1.443
1.642
1.691
1.721
1.834
1.798
1.724
2.030
2.080
1.286
1.345
1.338
0.448
0.532
0.536
2.056
2.128
2.052
1.144
1.181
1.154
0.669
1.253
0.858
1.842
1.924
1.901
1.222
1.338
1.372
1.404
1.500
1.468
0.964
1.134
1.185
0.972
1.073
1.004
1.331
1.458
1.468
2.188
2.335
2.414
0.644
0.714
0.865
1.985
1.840
2.045
1.911
1.819
1.898
1.919
1.964
1.968
1.706
1.822
1.872
2.441
2.521
2.511
0.626
0.726
0.735
2.331
2.428
2.452
3.138
3.320
3.405
1.912
2.036
1.992
1.636
1.676
1.766
1.297
1.186
1.306
0.853
0.873
0.861
1.781
1.838
1.801
0.760
0.826
0.803
0.855
1.021
1.021
0.840
0.932
0.935
2.048
1.896
2.089
1.600
1.627
1.646
1.297
1.271
1.383
2.619
2.568
2.614
1.427
1.478
1.465
0.749
0.876
0.944
2.012
1.919
2.022
0.774
0.886
0.864
1.070
1.028
1.183
2.138
1.979
2.216
2.884
2.947
2.966
2.440
2.392
2.481
1.124
1.015
0.980
0.550
0.817
0.795
1.986
2.111
2.116
2.022
2.100
2.079
0.830
0.868
0.881
1.535
1.518
1.627
0.911
0.996
0.858
0.916
0.993
1.016
1.303
1.303
1.365
1.501
1.588
1.578
1.442
1.479
1.478
1.350
1.415
1.404
2.010
2.063
2.023
2.010
2.063
2.023
1.023
1.155
1.201
2.034
1.928
2.027
1.066
1.132
1.077
1.217
1.120
1.234
1.676
1.795
1.804
1.043
1.170
1.126
1.206
1.281
1.237
1.732
1.783
1.775
0.745
0.838
0.836
2.980
2.930
3.002
1.300
1.257
1.325
0.907
1.000
0.991
0.586
0.620
0.668
1.344
1.400
1.603
1.902
1.955
1.960
2.358
2.411
2.510
2.025
2.084
2.104
2.538
2.625
2.632
1.000
0.831
1.036
1.071
1.209
1.287
1.126
1.136
1.129
0.946
1.146
1.205
1.230
1.111
1.247
2.298
2.361
2.319
0.574
0.855
0.838
3.964
4.034
4.017
0.745
0.660
0.698
0.807
0.930
0.930
1.075
1.185
1.224
0.941
0.959
0.947
1.571
1.665
1.657
1.024
1.164
1.153
2.461
2.450
2.488
1.521
1.807
1.690
0.684
0.887
0.913
2.280
2.254
2.298
2.083
2.012
2.171
2.018
2.055
2.035
2.707
2.720
2.720
1.541
1.674
1.577
0.927
1.023
0.984
0.998
0.899
0.970
1.222
1.007
1.186
1.187
1.312
1.282
1.460
1.345
1.489
1.690
1.637
1.765
1.705
1.588
1.749
2.751
2.668
2.760
2.114
2.295
2.165
1.353
1.504
1.699
2.110
2.236
2.260
2.818
2.758
2.778
2.569
2.502
2.552
1.885
1.841
1.919
2.360
2.476
2.492
2.134
2.252
2.215
0.369
0.433
0.446
0.945
1.100
1.087
1.269
1.255
1.261
1.511
1.458
1.584
1.229
1.366
1.379
1.605
1.638
1.633
2.745
2.673
2.765
1.551
1.592
1.590
0.633
0.724
0.795
0.781
1.069
1.022
1.575
1.833
1.785
1.597
1.677
1.659
2.345
2.268
2.331
1.528
1.631
1.608
1.667
1.727
1.615
2.019
2.042
2.128
1.614
1.731
1.704
2.137
2.030
2.150
4.260
4.302
4.353
0.660
0.789
0.716
2.410
2.149
2.252
1.787
1.657
1.815
0.400
0.624
0.687
1.670
1.617
1.632
2.386
2.307
2.353
1.353
1.370
1.428
1.642
1.630
1.635
1.244
1.736
1.738
1.677
1.729
1.734
1.652
1.703
1.725
2.352
2.321
2.363
2.767
2.688
2.719
2.285
2.310
2.327
1.905
2.018
1.998
2.088
2.243
2.164
1.009
1.236
1.187
1.196
1.313
1.382
1.328
1.758
1.387
1.811
1.711
1.770
1.408
1.349
1.390
1.144
1.293
1.324
2.122
1.910
2.101
2.572
2.674
2.666
1.446
1.515
1.880
3.028
2.964
3.000
0.906
1.742
1.150
1.310
2.001
2.049
1.064
1.129
1.142
0.858
1.009
0.926
2.418
2.531
2.541
2.495
2.473
2.503
1.354
1.500
1.483
0.647
0.661
0.623
1.652
1.710
1.833
0.900
1.006
1.228
1.159
1.337
1.298
1.515
1.537
1.573
1.422
1.483
1.501
1.457
1.551
1.539
1.885
1.980
1.974
0.570
0.757
0.725
0.849
1.090
1.109
1.430
1.576
1.563
1.946
1.920
1.929
1.572
1.736
1.655
1.959
1.923
2.005
1.630
1.850
1.820
0.908
1.016
1.063
0.874
1.063
1.102
1.366
1.421
1.459
2.184
2.141
2.192
1.180
1.306
1.301
1.042
1.140
1.068
1.278
1.421
1.385
0.735
0.811
0.871
1.747
2.078
1.949
1.298
1.256
1.362
2.031
2.141
2.156
1.548
1.775
1.941
2.223
2.179
2.239
1.752
1.880
1.844
1.807
1.852
1.830
1.056
1.129
1.112
2.279
2.233
2.286
1.371
1.527
1.533
2.335
2.491
2.446
1.473
1.367
1.481
1.376
1.455
1.429
0.745
0.990
0.954
1.489
1.613
1.544
1.160
1.233
1.269
1.660
1.724
1.707
1.500
1.342
1.460
2.115
2.031
2.192
2.115
1.997
2.094
1.677
1.615
1.686
2.645
2.603
2.695
1.247
1.305
1.299
1.247
1.305
1.299
2.448
2.506
2.537
1.623
1.601
1.631
1.340
1.386
1.378
1.400
1.440
1.473
1.970
2.035
2.058
2.605
2.689
2.695
1.623
1.601
1.631
1.726
1.728
1.791
2.384
2.513
2.426
0.819
0.790
0.874
3.543
3.463
3.540
0.889
0.979
0.935
1.716
1.741
1.757
1.524
1.585
1.588
1.459
1.525
1.480
1.543
1.530
1.596
1.015
1.210
1.214
1.439
1.438
1.518
1.849
1.818
1.872
1.426
1.589
1.617
1.178
1.272
1.322
0.895
1.001
0.974
2.438
2.301
2.488
1.808
1.894
1.804
1.485
1.672
1.657
1.355
1.369
1.406
3.083
3.216
3.215
1.325
1.391
1.391
1.818
2.418
1.928
2.136
2.344
2.201
1.282
1.356
1.347
1.966
1.886
1.987
0.990
1.082
1.070
0.801
1.064
1.057
2.572
2.560
2.561
2.074
2.363
2.233
2.563
2.639
2.633
2.197
2.254
2.247
2.021
2.121
2.030
1.281
1.338
1.346
1.239
1.291
1.240
2.960
2.993
3.277
0.926
0.771
0.912
0.369
0.699
0.570
0.395
0.415
0.516
1.963
1.901
1.939
1.964
1.974
2.039
1.639
1.732
1.739
1.624
1.566
1.642
0.862
1.092
1.134
1.331
1.352
1.370
2.291
2.205
2.249
0.983
1.185
1.160
1.209
1.295
1.258
1.229
1.342
1.278
1.555
1.684
1.722
1.732
1.831
1.734
2.338
2.305
2.285
3.277
3.220
3.266
1.776
1.605
1.780
1.218
1.438
1.392
0.771
0.911
0.886
0.771
0.911
0.886
2.651
2.766
2.793
2.951
2.804
2.959
2.278
2.227
2.334
1.009
0.889
1.056
1.876
2.146
2.105
1.133
1.369
1.360
1.278
1.367
1.367
0.896
1.004
1.021
1.466
1.538
1.532
0.976
1.191
1.094
1.156
1.128
1.186
1.704
1.848
1.780
2.235
2.368
2.320
1.610
1.596
1.616
1.935
1.913
1.969
1.747
1.665
1.771
0.420
0.639
0.618
2.100
2.085
2.105
1.434
1.650
1.623
2.302
2.464
2.560
2.016
2.038
2.022
2.808
2.840
2.862
1.507
1.594
1.607
2.288
2.461
2.448
2.288
2.477
2.448
1.810
1.785
1.812
2.020
2.073
2.068
1.522
1.752
1.758
2.786
2.922
2.825
0.891
0.912
0.968
2.595
2.474
2.622
1.238
1.091
1.245
3.332
3.216
3.283
1.288
1.343
1.328
1.055
1.296
1.227
2.561
2.628
2.664
2.299
2.444
2.447
2.653
2.719
2.721
2.258
2.401
2.335
1.136
1.076
1.151
1.963
2.017
1.995
1.317
1.219
1.333
1.668
1.807
1.727
2.823
2.785
2.790
2.117
2.102
2.121
2.418
2.285
2.403
1.081
1.037
1.094
2.715
2.603
2.792
2.715
2.601
2.813
0.485
0.587
0.583
0.883
0.922
0.831
1.501
1.534
1.590
1.117
1.136
1.149
1.248
1.090
1.231
1.570
1.744
1.800
0.393
0.602
0.601
0.659
0.904
0.855
2.070
1.973
2.113
1.038
1.134
1.134
0.886
0.977
1.038
2.024
1.970
2.062
1.330
1.485
1.480
0.738
0.742
0.775
0.280
0.393
0.345
1.407
1.659
1.642
2.158
2.382
2.249
2.219
2.305
2.267
1.096
1.006
1.083
1.280
1.358
1.388
1.217
1.335
1.304
0.749
1.105
1.137
1.254
1.270
1.219
1.329
1.394
1.417
1.225
1.458
1.335
1.073
1.149
1.146
1.106
1.284
1.168
1.531
1.630
1.597
2.606
2.710
2.676
2.612
2.747
2.710
1.416
1.456
1.450
0.744
0.819
0.806
0.720
0.755
0.774
1.193
1.351
1.280
3.957
3.827
3.868
1.009
1.143
1.047
0.722
0.754
0.770
1.870
1.948
2.099
1.026
1.108
1.131
2.141
2.216
2.252
0.598
0.667
0.682
0.714
0.833
0.854
1.511
1.628
1.614
1.626
1.513
1.560
2.802
2.801
2.802
1.393
1.468
1.465
2.428
2.604
2.857
2.207
2.271
2.261
1.304
1.370
1.384
0.890
0.922
0.970
1.825
1.817
1.859
1.595
1.820
1.814
1.045
1.095
1.081
1.678
1.653
1.753
2.524
2.629
2.598
1.680
1.688
1.758
1.204
1.304
1.329
0.837
0.813
0.897
0.654
0.773
0.791
1.708
1.813
1.784
2.832
2.917
2.942
0.875
1.042
1.019
0.376
0.363
0.406
0.690
0.751
0.745
0.692
0.878
0.801
0.692
0.881
0.801
1.177
1.232
1.245
2.652
2.790
2.732
1.715
1.700
1.749
1.120
1.324
1.248
1.373
1.488
1.391
2.594
2.668
2.650
1.739
1.834
1.895
2.099
2.183
2.235
1.449
1.501
1.544
1.501
1.766
1.771
0.535
0.488
0.589
1.355
1.512
1.488
0.983
0.999
1.060
0.642
0.794
0.774
1.169
1.415
1.386
1.135
1.280
1.247
1.764
1.723
1.755
0.662
0.886
0.985
0.910
1.044
0.967
1.511
1.593
1.620
1.205
1.247
1.313
3.554
3.646
3.728
1.337
1.346
1.396
0.407
0.506
0.530
0.868
0.796
0.888
0.860
0.998
0.946
1.536
1.618
1.641
1.428
1.463
1.444
3.456
3.718
3.764
0.420
0.676
0.647
2.462
2.528
2.563
1.032
1.175
1.171
1.028
1.074
1.035
2.510
2.710
2.653
1.669
1.723
1.732
1.464
1.543
1.545
2.049
1.987
2.048
2.191
2.249
2.248
0.824
0.807
0.802
1.404
1.428
1.407
2.142
2.063
2.131
1.972
1.907
1.894
2.467
2.514
2.515
2.033
2.100
2.073
0.678
0.730
0.684
3.278
3.241
3.270
1.099
1.121
1.123
0.621
1.089
1.188
1.871
2.087
1.930
1.341
1.443
1.439
1.141
1.134
1.154
1.123
1.207
1.219
1.681
1.789
1.841
2.272
2.482
2.495
2.319
2.297
2.336
0.545
0.662
0.702
1.830
1.875
1.965
1.818
1.740
1.782
2.124
2.114
2.124
1.874
1.765
1.883
0.632
0.751
0.733
1.519
1.479
1.540
1.315
1.647
1.739
0.559
0.642
0.575
2.868
2.870
2.910
1.368
1.385
1.403
1.124
1.154
1.183
1.884
1.821
1.872
2.037
2.066
2.067
0.973
1.019
1.054
2.437
2.385
2.439
3.117
3.222
3.278
1.698
1.520
1.692
2.481
2.596
2.617
1.888
1.896
1.876
0.631
0.985
0.740
0.652
0.747
0.739
4.324
4.205
4.412
2.972
2.916
2.938
1.236
1.404
1.348
1.896
2.015
1.995
1.609
1.504
1.645
1.526
1.590
1.570
1.384
1.535
1.517
0.770
1.057
1.095
1.237
1.281
1.265
0.745
0.871
0.851
2.741
2.766
2.784
2.050
2.038
2.050
1.671
1.619
1.770
1.626
1.758
1.778
0.839
1.012
1.012
0.839
1.058
1.012
1.163
1.363
1.273
1.377
1.597
1.599
1.239
1.320
1.309
1.239
1.317
1.300
1.263
1.306
1.279
1.083
1.139
1.128
1.259
1.305
1.315
1.863
1.839
1.873
1.703
1.801
1.835
0.833
1.170
0.983
0.718
0.785
0.764
3.720
3.713
3.831
2.002
1.935
2.031
0.705
0.773
0.728
1.187
1.094
1.235
0.856
0.898
0.884
0.856
0.898
0.884
1.071
1.143
1.154
0.732
0.785
0.794
0.825
0.913
0.932
2.392
2.349
2.404
0.896
0.908
0.918
1.070
1.176
1.172
2.521
2.551
2.449
0.556
0.846
0.729
1.144
1.304
1.274
0.540
0.713
0.699
2.189
2.242
2.235
2.190
2.332
2.360
1.095
1.397
1.178
1.117
1.242
1.190
1.143
1.312
1.289
2.050
2.199
2.088
1.570
1.346
1.707
0.630
0.632
0.637
0.343
0.487
0.460
1.627
1.624
1.703
1.993
2.073
2.066
3.109
3.170
3.233
0.735
0.887
0.822
1.461
1.157
1.539
1.998
1.829
2.099
1.288
1.333
1.384
1.920
1.948
1.948
1.974
1.835
1.906
1.130
1.184
1.159
1.123
1.360
1.351
2.378
2.409
2.414
2.137
2.324
2.214
2.190
2.251
2.217
1.063
1.092
1.109
1.421
1.423
1.421
0.940
1.037
1.010
0.651
0.714
0.775
1.007
1.053
1.057
1.590
1.581
1.587
0.827
0.995
0.958
0.931
1.095
1.054
0.534
0.794
0.770
0.681
0.797
0.722
1.707
1.887
1.827
1.456
1.571
1.554
1.984
2.091
2.544
2.142
2.250
2.744
1.984
2.091
2.544
2.142
2.250
2.744
2.142
2.250
2.744
1.984
2.091
2.544
1.931
2.032
2.443
1.201
1.234
1.259
1.705
1.755
1.718
0.668
0.676
0.709
1.958
1.891
1.911
1.573
1.703
1.724
1.982
2.063
2.142
0.661
0.822
0.853
0.955
0.973
0.973
1.007
1.040
1.050
1.030
1.145
1.072
2.184
2.300
2.617
1.753
1.697
1.718
1.262
1.314
1.249
0.643
0.745
0.634
1.251
1.143
1.181
1.400
1.442
1.423
1.725
1.862
1.818
0.744
0.897
0.895
1.354
1.378
1.393
1.090
1.616
1.515
0.785
0.962
0.865
1.179
1.188
1.208
1.216
1.313
1.349
1.975
1.936
1.986
1.374
1.327
1.445
1.224
1.289
1.364
1.361
1.416
1.377
1.673
1.783
1.809
1.857
1.972
1.968
1.857
1.972
1.968
1.608
1.738
1.727
1.445
1.368
1.453
1.759
1.837
1.823
1.678
1.802
1.776
1.997
2.222
2.191
0.546
0.910
0.815
1.681
1.827
1.764
0.588
0.800
0.735
1.791
1.846
1.827
1.753
1.828
1.819
0.747
0.888
0.800
1.461
1.642
1.629
1.189
1.313
1.285
2.372
2.367
2.408
0.604
0.682
0.675
0.706
0.805
0.821
1.991
2.102
2.056
0.626
0.747
0.676
1.557
1.600
1.601
1.464
1.480
1.477
0.378
0.546
0.501
1.137
1.181
1.169
0.873
1.059
1.026
1.129
1.112
1.153
2.623
2.689
2.768
2.082
1.948
2.043
1.477
1.530
1.565
1.191
1.266
1.243
1.087
1.105
1.144
0.981
1.064
1.031
0.874
1.239
1.508
2.057
2.045
2.182
1.994
2.340
2.121
0.826
0.922
0.955
0.900
1.149
1.040
0.972
0.962
0.953
1.892
1.867
1.893
1.598
1.586
1.571
2.581
2.502
2.572
0.709
0.749
0.776
0.822
0.895
0.947
0.946
1.074
0.941
1.728
1.825
1.779
0.822
0.923
0.925
0.753
0.851
0.806
1.412
1.370
1.414
0.693
0.780
0.713
1.606
1.649
1.699
0.959
0.991
0.998
0.570
0.709
0.680
0.979
1.075
1.145
1.032
1.084
1.046
2.167
2.126
2.153
1.821
2.022
2.067
1.538
1.305
1.562
1.277
1.102
1.243
1.604
1.715
1.662
0.710
0.831
0.854
1.700
1.931
1.896
1.291
1.387
1.407
1.371
1.349
1.406
0.743
0.806
0.814
0.518
0.782
0.755
2.494
2.432
2.445
1.543
1.547
1.610
2.015
2.007
1.983
2.568
2.604
2.606
1.634
1.536
1.627
4.232
4.195
4.293
0.991
1.002
1.094
0.767
1.061
1.301
2.382
2.161
2.385
0.424
0.596
0.656
2.764
2.718
2.724
0.980
1.087
1.076
0.489
0.569
0.560
0.725
0.807
0.770
3.437
3.336
3.418
1.810
1.674
1.791
1.414
1.468
1.497
1.310
1.506
1.597
1.539
1.496
1.559
1.364
1.294
1.403
0.823
0.844
0.957
0.767
0.848
0.823
1.314
1.404
1.446
1.162
1.285
1.285
0.589
0.645
0.670
0.589
0.644
0.730
1.734
1.604
1.756
1.416
1.576
1.491
1.077
1.181
1.222
1.389
1.382
1.400
1.764
1.782
1.832
0.776
0.931
0.934
1.069
1.176
1.117
0.607
0.746
0.714
0.730
0.835
0.838
1.359
1.410
1.450
1.622
1.734
1.721
0.896
0.947
0.907
0.607
0.746
0.714
2.023
1.947
1.993
0.582
0.716
0.687
0.582
0.716
0.687
0.582
0.716
0.687
1.692
1.562
1.666
0.582
0.716
0.687
1.192
1.193
1.226
1.018
0.968
1.048
0.467
0.691
0.689
0.607
0.746
0.714
0.659
0.758
0.734
0.778
0.901
0.847
1.397
1.543
1.488
0.735
0.849
0.827
2.979
2.962
2.998
0.582
0.716
0.687
0.795
1.090
0.982
1.254
1.285
1.286
1.703
1.710
1.718
0.826
0.963
0.932
1.310
1.473
1.366
0.854
1.118
1.029
1.860
1.916
1.903
3.842
3.925
3.895
0.588
0.713
0.739
0.719
0.912
0.861
0.555
0.711
0.610
0.723
0.887
0.802
0.370
0.549
0.526
0.704
0.927
0.914
1.197
1.199
1.253
1.237
1.080
1.227
2.241
2.300
2.284
1.307
1.389
1.396
1.947
1.999
1.957
0.550
0.681
0.668
2.179
2.050
2.161
2.186
2.087
2.182
2.339
2.360
2.384
1.407
1.503
1.492
1.696
1.599
1.778
1.836
1.843
1.887
1.177
1.306
1.293
1.366
1.414
1.391
2.180
2.213
2.268
1.211
1.183
1.173
2.470
2.571
2.550
0.967
1.129
1.073
1.797
1.880
1.939
1.334
1.375
1.385
1.516
1.548
1.559
1.472
1.308
1.497
1.405
1.439
1.440
0.770
0.881
0.847
1.344
1.664
1.811
0.661
0.728
0.698
1.863
1.956
1.920
1.516
1.543
1.529
1.273
1.349
1.398
1.212
1.178
1.194
1.835
1.835
1.834
1.942
2.033
1.931
1.217
1.251
1.238
1.477
1.544
1.530
1.055
1.051
1.097
0.446
0.622
0.529
1.391
1.566
1.536
0.486
0.543
0.612
1.320
1.524
1.498
2.387
2.586
2.637
1.307
1.321
1.325
1.491
1.414
1.474
1.417
1.354
1.379
0.555
0.711
0.610
1.366
1.482
1.427
0.729
0.813
0.808
0.322
0.393
0.443
0.982
0.902
0.997
0.515
0.634
0.604
0.342
0.460
0.438
0.403
0.508
0.483
0.654
0.756
0.728
1.000
1.023
1.063
1.178
1.226
1.170
1.379
1.216
1.329
0.995
0.989
1.024
0.405
0.501
0.478
1.599
1.553
1.551
1.793
1.658
1.779
0.874
1.046
0.993
0.527
0.699
0.594
0.989
1.025
1.036
1.244
1.301
1.286
1.307
1.290
1.322
0.183
0.468
0.440
1.976
1.941
2.009
2.005
1.956
2.188
0.354
0.457
0.437
1.891
1.994
1.911
2.630
2.739
2.741
0.560
0.654
0.701
1.039
1.198
1.173
1.244
1.211
1.315
1.244
1.211
1.315
1.926
1.974
2.004
0.763
0.968
0.866
1.628
1.678
1.677
0.660
0.732
0.663
1.248
1.373
1.390
0.725
0.751
0.758
0.796
0.899
0.888
0.586
0.715
0.686
0.436
0.620
0.609
1.661
1.720
1.728
1.002
1.090
1.083
1.482
2.048
1.664
0.696
0.790
0.767
1.978
2.061
2.072
1.833
1.931
1.868
0.667
0.807
0.815
1.478
1.397
1.471
0.766
0.876
0.949
1.826
2.066
1.996
1.243
1.268
1.305
1.382
1.356
1.385
1.539
1.677
1.616
0.649
0.736
0.712
0.702
0.794
0.771
1.405
1.566
1.592
1.436
1.560
1.646
0.702
0.794
0.771
0.649
0.736
0.712
0.756
0.863
0.804
0.696
0.790
0.767
0.922
1.024
0.988
0.671
0.923
0.854
1.766
1.593
1.733
1.753
1.731
1.744
0.702
0.794
0.771
1.201
1.263
1.263
1.086
1.130
1.142
0.895
0.761
0.894
0.702
0.794
0.771
1.178
1.141
1.190
1.380
1.634
1.490
1.507
1.523
1.517
1.153
1.200
1.192
1.013
1.336
1.205
1.393
1.477
1.539
1.503
1.485
1.557
1.152
1.230
1.193
1.585
1.770
1.860
1.610
1.585
1.673
1.443
1.650
1.550
2.528
2.602
2.581
3.316
3.320
3.468
1.432
1.667
1.669
1.422
1.449
1.412
0.865
0.910
0.917
1.166
1.161
1.341
2.655
2.818
2.767
0.470
0.500
0.551
1.952
2.010
2.116
1.488
1.537
1.525
1.902
1.906
1.922
2.144
2.181
2.366
2.476
2.447
2.521
1.641
1.722
1.687
2.399
2.302
2.435
1.239
1.216
1.243
0.631
0.764
0.753
2.786
2.944
2.928
0.907
0.954
0.893
1.234
1.272
1.279
3.007
2.971
3.001
1.765
1.786
1.810
1.439
1.397
1.430
1.115
1.185
1.220
1.308
1.421
1.423
0.591
0.771
0.730
0.591
0.694
0.730
1.941
1.815
1.870
1.080
0.983
1.084
1.350
1.402
1.394
0.733
0.850
0.820
1.079
1.133
1.138
1.638
1.723
1.700
0.818
0.787
0.819
0.702
0.794
0.771
0.702
0.794
0.771
0.630
0.718
0.695
1.203
1.082
1.217
1.675
1.704
1.734
1.273
1.364
1.466
1.585
1.667
1.664
0.837
0.762
0.913
0.705
0.780
0.761
0.819
0.993
0.969
0.549
0.719
0.700
1.007
1.108
1.114
0.991
1.095
1.080
0.758
0.852
0.826
0.817
0.940
0.916
1.384
1.672
1.540
0.986
1.072
1.068
0.621
0.784
0.739
1.637
1.770
1.738
0.998
1.042
1.057
0.998
1.157
1.162
0.767
0.840
0.845
0.767
0.834
0.860
1.276
1.519
1.360
1.310
1.363
1.333
0.736
0.795
0.829
0.563
0.663
0.639
0.742
0.935
0.855
0.514
0.782
0.706
1.357
1.532
1.516
1.053
1.023
1.065
0.821
0.865
0.870
1.348
1.509
1.518
0.468
1.003
0.756
0.945
1.057
1.034
0.663
0.646
0.685
0.476
0.562
0.561
0.859
1.063
1.019
0.374
0.443
0.464
0.396
0.561
0.530
0.821
0.816
0.816
1.761
1.713
1.759
0.394
0.488
0.505
1.310
1.280
1.270
0.730
0.896
0.858
0.639
0.776
0.799
0.820
0.919
0.940
1.480
1.624
1.720
1.422
1.326
1.440
1.291
1.388
1.327
2.356
2.340
2.360
1.744
1.807
1.745
1.898
1.851
1.851
0.339
0.437
0.413
1.807
1.746
1.785
0.899
0.961
0.962
1.541
1.635
1.624
1.256
1.343
1.332
1.563
1.593
1.593
1.398
1.306
1.378
1.096
1.219
1.231
0.842
0.970
0.945
0.404
0.502
0.479
0.923
0.995
0.957
0.404
0.502
0.479
0.401
0.519
0.495
0.404
0.502
0.479
2.005
1.950
2.000
1.570
1.617
1.582
2.195
2.066
2.239
0.476
0.564
0.541
0.710
0.768
0.780
1.670
1.607
1.661
0.450
0.550
0.580
0.715
0.929
0.947
1.153
1.308
1.271
0.933
1.190
1.126
1.680
1.820
1.764
2.503
2.410
2.534
1.023
1.310
1.388
1.698
1.871
1.809
1.113
1.162
1.180
0.918
1.101
1.021
3.050
3.133
3.050
1.422
1.621
1.633
0.865
1.435
1.432
0.602
0.799
0.771
1.305
1.400
1.312
0.866
0.815
0.910
1.904
1.977
1.965
1.109
1.206
1.224
1.009
1.139
1.166
1.481
1.557
1.547
1.732
1.633
1.708
1.806
1.899
1.894
0.631
0.760
0.841
0.708
0.737
0.754
1.086
1.292
1.290
1.538
1.589
1.544
2.627
2.595
2.679
1.052
1.088
1.071
1.663
1.829
1.848
1.716
1.742
1.695
0.962
1.184
1.108
1.267
1.110
1.324
1.841
1.910
1.870
1.927
1.962
2.009
0.923
1.628
1.186
0.690
0.806
0.676
2.131
2.081
2.134
0.957
0.928
1.001
1.446
1.596
1.528
0.951
0.999
0.980
1.068
1.444
1.264
1.377
1.560
1.606
0.894
0.887
1.047
1.289
1.161
1.280
1.083
1.286
1.228
1.963
2.222
1.978
0.398
0.506
0.473
0.745
0.638
0.723
0.826
0.918
0.887
1.187
1.325
1.260
2.522
2.571
2.603
1.094
1.188
1.180
0.687
0.911
0.921
1.128
1.081
1.098
1.867
1.847
1.875
0.998
1.080
1.051
0.398
0.506
0.473
1.590
1.733
1.710
1.468
1.510
1.558
0.978
1.069
1.091
2.003
1.826
2.097
0.688
0.767
0.769
1.532
1.590
1.546
0.153
0.354
0.330
1.374
1.493
1.471
0.955
1.153
1.165
0.414
0.514
0.490
1.965
1.934
1.994
1.897
1.975
1.962
0.559
0.692
0.630
1.157
1.249
1.264
0.981
1.009
1.097
0.301
0.402
0.439
0.669
0.865
0.837
1.761
1.739
1.788
0.666
0.733
0.763
1.503
1.509
1.540
0.885
0.974
1.035
1.486
1.375
1.422
2.950
2.784
2.962
1.390
1.548
1.412
1.207
1.199
1.207
0.467
0.569
0.483
2.356
2.222
2.446
1.498
1.517
1.526
1.069
0.984
1.074
1.216
1.281
1.389
1.346
1.455
1.402
1.001
1.159
1.184
1.498
1.623
1.597
0.640
0.763
0.706
2.021
1.962
2.046
1.107
1.250
1.252
1.715
1.585
1.730
1.043
1.417
1.266
1.695
1.788
1.839
2.075
2.113
2.124
2.057
2.061
2.095
1.810
1.855
1.866
1.014
1.228
1.172
0.956
1.270
1.112
2.136
1.986
2.032
2.636
2.557
2.564
0.911
1.180
1.018
0.947
1.137
1.148
1.566
1.627
1.644
0.443
0.544
0.528
0.941
1.187
1.145
0.945
1.087
1.136
2.983
2.906
2.945
2.397
2.361
2.462
1.354
1.403
1.416
1.525
1.461
1.554
1.505
1.581
1.550
1.856
1.929
1.894
0.771
0.806
0.826
1.764
1.883
1.832
1.002
1.097
1.019
1.649
1.870
1.825
1.593
1.672
1.616
1.962
1.928
2.000
0.741
0.797
0.800
0.625
0.875
0.795
0.618
0.774
0.768
0.777
0.818
0.852
1.190
1.273
1.264
0.678
0.806
0.765
1.948
1.745
1.897
1.662
1.731
1.704
1.460
1.535
1.531
0.764
0.916
0.921
1.322
1.421
1.629
2.274
2.105
2.333
0.763
0.911
0.873
0.244
0.710
0.665
1.626
1.613
1.662
0.902
1.045
1.033
1.112
1.279
1.276
1.079
1.124
1.087
1.668
1.969
1.721
1.335
1.347
1.343
1.245
1.573
1.251
1.701
1.626
1.703
1.472
1.496
1.536
2.150
2.084
2.116
1.044
1.173
1.062
1.015
1.168
1.125
1.052
1.272
1.256
1.060
1.079
1.063
0.434
0.490
0.498
0.601
0.670
0.676
1.837
1.855
1.875
0.806
0.870
0.767
1.827
1.948
1.940
2.789
2.760
2.830
1.628
1.656
1.623
0.806
0.877
0.856
1.561
1.607
1.656
3.122
3.122
3.145
1.190
1.256
1.291
1.661
1.744
1.725
2.211
2.090
2.275
1.121
1.233
1.200
1.216
1.290
1.297
1.463
1.528
1.508
1.120
1.102
1.116
1.684
1.788
1.861
1.147
1.149
1.095
1.341
1.425
1.398
2.039
2.121
2.150
1.969
1.902
1.962
1.759
1.767
1.754
1.100
1.096
1.092
1.655
1.598
1.630
1.031
1.205
1.112
1.407
1.437
1.436
0.888
1.235
1.020
0.911
1.215
1.199
0.436
0.961
0.590
0.824
0.926
0.875
0.957
0.958
1.046
1.244
1.343
1.205
3.345
3.277
3.331
2.486
2.555
2.546
2.650
2.516
2.648
1.928
1.841
1.975
1.309
1.423
1.295
1.621
1.593
1.649
2.192
2.093
2.197
0.598
0.533
0.633
1.374
1.336
1.435
2.315
2.232
2.380
1.551
1.415
1.537
