0.349
0.411
0.405
0.417
0.359
0.410
1.485
1.484
1.434
0.364
0.449
0.429
0.409
0.386
0.423
1.458
1.483
1.428
0.349
0.444
0.420
0.400
0.368
0.410
1.486
1.514
1.456
0.404
0.449
0.444
0.467
0.406
0.448
1.493
1.482
1.436
0.351
0.392
0.391
0.411
0.347
0.393
1.443
1.431
1.392
0.369
0.436
0.400
0.441
0.380
0.399
1.521
1.521
1.439
0.365
0.434
0.407
0.432
0.373
0.408
1.524
1.528
1.456
0.361
0.424
0.399
0.430
0.367
0.402
1.543
1.541
1.474
0.368
0.344
0.408
0.441
0.340
0.431
1.460
1.408
1.420
0.384
0.373
0.427
0.440
0.364
0.443
1.434
1.405
1.404
0.360
0.367
0.417
0.421
0.349
0.431
1.453
1.429
1.435
0.413
0.391
0.444
0.476
0.382
0.460
1.450
1.400
1.405
0.367
0.342
0.397
0.431
0.335
0.416
1.418
1.369
1.376
0.377
0.366
0.404
0.450
0.357
0.419
1.474
1.436
1.409
0.376
0.371
0.411
0.447
0.357
0.430
1.483
1.448
1.432
0.372
0.360
0.404
0.442
0.346
0.422
1.503
1.464
1.450
0.330
0.369
0.396
0.391
0.339
0.398
1.446
1.444
1.415
0.346
0.410
0.422
0.389
0.369
0.414
1.427
1.453
1.414
0.330
0.400
0.415
0.377
0.352
0.404
1.447
1.476
1.440
0.385
0.413
0.437
0.445
0.392
0.442
1.454
1.445
1.416
0.334
0.362
0.387
0.391
0.334
0.388
1.419
1.410
1.385
0.350
0.392
0.392
0.413
0.359
0.389
1.484
1.482
1.419
0.347
0.392
0.402
0.407
0.355
0.401
1.493
1.496
1.444
0.343
0.382
0.392
0.405
0.346
0.393
1.511
1.506
1.458
0.328
0.370
0.383
0.389
0.333
0.388
1.456
1.430
1.419
0.340
0.403
0.403
0.382
0.358
0.399
1.427
1.430
1.407
0.329
0.392
0.397
0.374
0.341
0.392
1.452
1.449
1.436
0.371
0.405
0.413
0.428
0.371
0.418
1.446
1.419
1.404
0.329
0.362
0.373
0.386
0.328
0.378
1.418
1.394
1.380
0.343
0.392
0.379
0.404
0.354
0.378
1.475
1.457
1.413
0.345
0.392
0.387
0.402
0.350
0.390
1.484
1.467
1.433
0.338
0.379
0.376
0.399
0.340
0.381
1.503
1.478
1.449
0.377
0.593
0.429
0.413
0.454
0.413
1.530
1.678
1.494
0.398
0.611
0.452
0.421
0.482
0.435
1.495
1.652
1.473
0.381
0.610
0.443
0.405
0.462
0.419
1.520
1.687
1.501
0.442
0.622
0.481
0.473
0.497
0.460
1.532
1.650
1.487
0.378
0.541
0.418
0.413
0.430
0.402
1.474
1.578
1.436
0.401
0.608
0.428
0.446
0.478
0.411
1.561
1.698
1.500
0.397
0.609
0.436
0.435
0.471
0.418
1.566
1.708
1.514
0.381
0.588
0.417
0.422
0.453
0.402
1.570
1.706
1.518
0.374
0.529
0.332
0.416
0.433
0.342
1.513
1.623
1.415
0.384
0.548
0.356
0.413
0.450
0.361
1.485
1.606
1.402
0.369
0.552
0.349
0.400
0.437
0.348
1.504
1.639
1.424
0.433
0.563
0.385
0.468
0.474
0.391
1.511
1.604
1.411
0.376
0.499
0.332
0.409
0.410
0.336
1.463
1.549
1.368
0.393
0.547
0.343
0.439
0.450
0.350
1.535
1.643
1.424
0.392
0.551
0.348
0.432
0.448
0.352
1.546
1.660
1.440
0.388
0.534
0.337
0.430
0.436
0.343
1.567
1.669
1.460
0.350
0.483
0.328
0.403
0.415
0.330
1.452
1.542
1.367
0.359
0.508
0.355
0.405
0.433
0.351
1.430
1.537
1.364
0.347
0.509
0.344
0.391
0.425
0.336
1.453
1.569
1.388
0.403
0.525
0.375
0.446
0.453
0.371
1.454
1.539
1.371
0.350
0.463
0.327
0.395
0.397
0.325
1.416
1.492
1.337
0.369
0.507
0.336
0.426
0.433
0.338
1.473
1.567
1.378
0.370
0.509
0.339
0.421
0.432
0.339
1.487
1.585
1.396
0.361
0.494
0.333
0.413
0.421
0.333
1.493
1.582
1.404
0.387
0.569
0.367
0.428
0.463
0.370
1.502
1.636
1.426
0.398
0.585
0.391
0.428
0.479
0.387
1.466
1.612
1.406
0.385
0.584
0.377
0.413
0.467
0.370
1.494
1.647
1.432
0.449
0.597
0.415
0.482
0.497
0.412
1.497
1.606
1.414
0.395
0.537
0.368
0.428
0.437
0.365
1.459
1.559
1.387
0.413
0.592
0.381
0.461
0.491
0.383
1.529
1.658
1.439
0.409
0.591
0.381
0.452
0.481
0.380
1.536
1.668
1.451
0.395
0.571
0.367
0.437
0.464
0.366
1.538
1.666
1.453
0.347
0.419
0.407
0.390
0.360
0.399
1.463
1.485
1.431
0.366
0.455
0.434
0.396
0.392
0.421
1.446
1.490
1.431
0.347
0.454
0.423
0.378
0.375
0.404
1.463
1.515
1.452
0.398
0.451
0.443
0.440
0.405
0.438
1.463
1.473
1.426
0.348
0.393
0.392
0.388
0.346
0.385
1.420
1.426
1.386
0.364
0.442
0.399
0.413
0.384
0.390
1.493
1.519
1.433
0.362
0.438
0.407
0.404
0.375
0.398
1.498
1.525
1.451
0.354
0.426
0.395
0.400
0.365
0.389
1.515
1.537
1.465
0.363
0.345
0.407
0.416
0.332
0.415
1.438
1.400
1.407
0.380
0.371
0.428
0.421
0.358
0.432
1.415
1.398
1.396
0.357
0.367
0.418
0.399
0.342
0.419
1.427
1.415
1.418
0.404
0.382
0.441
0.450
0.369
0.444
1.417
1.379
1.386
0.362
0.336
0.397
0.409
0.323
0.403
1.392
1.351
1.364
0.370
0.363
0.402
0.423
0.350
0.405
1.443
1.421
1.396
0.370
0.365
0.407
0.423
0.346
0.415
1.454
1.430
1.415
0.362
0.354
0.398
0.416
0.336
0.405
1.475
1.450
1.434
0.320
0.375
0.392
0.362
0.337
0.381
1.422
1.446
1.405
0.340
0.416
0.422
0.369
0.372
0.404
1.413
1.458
1.411
0.323
0.411
0.413
0.350
0.354
0.391
1.423
1.476
1.429
0.370
0.413
0.430
0.413
0.385
0.423
1.421
1.434
1.397
0.325
0.363
0.384
0.364
0.328
0.373
1.393
1.400
1.371
0.337
0.397
0.386
0.380
0.359
0.371
1.452
1.479
1.405
0.336
0.396
0.396
0.376
0.351
0.382
1.465
1.492
1.430
0.329
0.384
0.381
0.373
0.342
0.372
1.482
1.503
1.443
0.327
0.368
0.382
0.371
0.329
0.378
1.442
1.422
1.415
0.341
0.397
0.405
0.373
0.355
0.395
1.418
1.420
1.403
0.330
0.389
0.398
0.362
0.340
0.386
1.436
1.434
1.426
0.362
0.393
0.408
0.407
0.360
0.406
1.423
1.397
1.390
0.325
0.355
0.373
0.369
0.320
0.369
1.397
1.376
1.371
0.339
0.386
0.377
0.384
0.351
0.370
1.449
1.439
1.403
0.343
0.384
0.385
0.386
0.345
0.381
1.464
1.448
1.424
0.332
0.371
0.373
0.378
0.332
0.369
1.481
1.461
1.439
0.377
0.599
0.427
0.401
0.460
0.403
1.527
1.686
1.493
0.398
0.618
0.453
0.412
0.488
0.428
1.489
1.656
1.469
0.382
0.619
0.443
0.395
0.473
0.414
1.512
1.690
1.496
0.438
0.622
0.475
0.460
0.498
0.447
1.521
1.647
1.478
0.376
0.538
0.413
0.400
0.425
0.389
1.463
1.571
1.427
0.397
0.613
0.422
0.432
0.487
0.399
1.548
1.701
1.493
0.394
0.612
0.430
0.422
0.476
0.405
1.560
1.715
1.510
0.377
0.593
0.413
0.408
0.460
0.390
1.561
1.713
1.513
0.373
0.541
0.334
0.403
0.444
0.338
1.500
1.629
1.408
0.385
0.560
0.359
0.405
0.462
0.359
1.472
1.611
1.396
0.368
0.564
0.352
0.388
0.451
0.345
1.485
1.640
1.412
0.425
0.566
0.379
0.452
0.482
0.381
1.483
1.594
1.391
0.372
0.504
0.330
0.397
0.416
0.329
1.441
1.542
1.354
0.391
0.559
0.342
0.424
0.466
0.345
1.511
1.643
1.410
0.391
0.561
0.345
0.419
0.461
0.344
1.528
1.660
1.427
0.384
0.545
0.334
0.413
0.447
0.335
1.546
1.671
1.447
0.343
0.491
0.327
0.385
0.418
0.320
1.434
1.545
1.355
0.356
0.516
0.357
0.394
0.440
0.347
1.417
1.539
1.357
0.346
0.519
0.347
0.379
0.431
0.331
1.433
1.566
1.373
0.387
0.520
0.366
0.423
0.449
0.357
1.423
1.524
1.346
0.342
0.463
0.325
0.378
0.395
0.317
1.393
1.483
1.322
0.361
0.513
0.333
0.406
0.440
0.330
1.449
1.565
1.364
0.361
0.512
0.335
0.403
0.436
0.330
1.465
1.581
1.380
0.350
0.496
0.326
0.393
0.424
0.322
1.472
1.582
1.388
0.387
0.580
0.372
0.414
0.478
0.367
1.489
1.644
1.421
0.400
0.595
0.394
0.417
0.493
0.385
1.456
1.619
1.402
0.383
0.592
0.379
0.401
0.483
0.367
1.477
1.648
1.422
0.440
0.597
0.410
0.462
0.508
0.403
1.473
1.601
1.399
0.388
0.536
0.366
0.410
0.445
0.359
1.439
1.555
1.377
0.407
0.598
0.377
0.441
0.507
0.377
1.507
1.663
1.431
0.404
0.594
0.376
0.433
0.495
0.371
1.514
1.668
1.437
0.387
0.574
0.361
0.417
0.476
0.357
1.518
1.668
1.442
0.357
0.416
0.410
0.427
0.362
0.415
1.484
1.476
1.426
0.369
0.445
0.430
0.422
0.385
0.428
1.459
1.479
1.421
0.350
0.439
0.419
0.403
0.365
0.411
1.474
1.499
1.441
0.413
0.448
0.446
0.485
0.408
0.453
1.501
1.477
1.428
0.353
0.384
0.389
0.418
0.341
0.392
1.442
1.418
1.379
0.373
0.433
0.396
0.449
0.379
0.397
1.520
1.512
1.425
0.365
0.427
0.402
0.439
0.368
0.406
1.520
1.515
1.440
0.362
0.421
0.396
0.437
0.364
0.401
1.539
1.529
1.460
0.377
0.350
0.412
0.453
0.340
0.433
1.461
1.401
1.408
0.388
0.373
0.427
0.451
0.361
0.444
1.432
1.397
1.390
0.364
0.364
0.419
0.429
0.345
0.433
1.444
1.413
1.417
0.423
0.391
0.445
0.497
0.382
0.463
1.457
1.393
1.389
0.371
0.339
0.396
0.445
0.328
0.415
1.418
1.354
1.359
0.381
0.368
0.401
0.466
0.357
0.416
1.477
1.430
1.391
0.377
0.367
0.407
0.462
0.352
0.429
1.480
1.432
1.408
0.374
0.358
0.400
0.457
0.345
0.421
1.502
1.453
1.430
0.331
0.380
0.396
0.397
0.340
0.396
1.445
1.443
1.403
0.344
0.417
0.419
0.396
0.367
0.411
1.426
1.452
1.401
0.327
0.409
0.413
0.376
0.349
0.400
1.437
1.469
1.422
0.385
0.421
0.433
0.457
0.391
0.438
1.460
1.443
1.399
0.331
0.363
0.382
0.397
0.327
0.382
1.418
1.399
1.365
0.348
0.403
0.384
0.422
0.360
0.380
1.489
1.484
1.401
0.341
0.398
0.394
0.413
0.351
0.392
1.491
1.491
1.423
0.337
0.388
0.383
0.409
0.343
0.385
1.509
1.504
1.439
0.336
0.369
0.384
0.403
0.332
0.392
1.459
1.418
1.410
0.345
0.398
0.401
0.399
0.353
0.404
1.428
1.415
1.394
0.332
0.384
0.396
0.385
0.336
0.394
1.449
1.429
1.423
0.376
0.397
0.409
0.448
0.366
0.421
1.458
1.407
1.392
0.333
0.353
0.371
0.400
0.320
0.379
1.421
1.374
1.366
0.347
0.388
0.374
0.418
0.349
0.377
1.480
1.444
1.397
0.347
0.384
0.382
0.417
0.344
0.390
1.487
1.447
1.417
0.339
0.375
0.373
0.410
0.335
0.381
1.502
1.461
1.432
0.386
0.596
0.429
0.423
0.448
0.409
1.538
1.671
1.485
0.404
0.613
0.451
0.429
0.471
0.430
1.499
1.645
1.463
0.383
0.610
0.439
0.408
0.453
0.412
1.516
1.675
1.484
0.451
0.617
0.477
0.491
0.486
0.456
1.545
1.639
1.477
0.383
0.532
0.412
0.423
0.415
0.396
1.480
1.560
1.423
0.410
0.611
0.424
0.462
0.473
0.405
1.572
1.694
1.492
0.401
0.607
0.430
0.448
0.458
0.410
1.577
1.701
1.504
0.388
0.590
0.415
0.436
0.448
0.398
1.578
1.701
1.509
0.385
0.540
0.342
0.429
0.431
0.350
1.516
1.618
1.409
0.389
0.556
0.363
0.424
0.446
0.368
1.483
1.603
1.396
0.374
0.557
0.353
0.407
0.434
0.352
1.497
1.629
1.411
0.439
0.566
0.389
0.486
0.469
0.396
1.513
1.592
1.402
0.378
0.497
0.334
0.419
0.401
0.338
1.457
1.531
1.356
0.399
0.555
0.347
0.452
0.448
0.354
1.531
1.637
1.412
0.395
0.554
0.348
0.444
0.438
0.353
1.543
1.649
1.426
0.392
0.540
0.341
0.441
0.431
0.346
1.563
1.661
1.448
0.361
0.491
0.332
0.414
0.416
0.333
1.461
1.543
1.367
0.368
0.512
0.358
0.417
0.432
0.356
1.436
1.536
1.362
0.354
0.511
0.347
0.397
0.423
0.338
1.452
1.564
1.380
0.411
0.522
0.373
0.462
0.450
0.372
1.461
1.531
1.363
0.356
0.460
0.326
0.403
0.391
0.325
1.417
1.481
1.328
0.377
0.510
0.335
0.437
0.433
0.339
1.477
1.565
1.372
0.375
0.508
0.337
0.432
0.428
0.338
1.489
1.578
1.387
0.366
0.495
0.331
0.422
0.418
0.332
1.497
1.579
1.398
0.419
0.594
0.392
0.455
0.478
0.390
1.524
1.650
1.441
0.421
0.603
0.408
0.450
0.487
0.404
1.484
1.625
1.420
0.405
0.599
0.392
0.431
0.478
0.383
1.507
1.655
1.440
0.474
0.611
0.432
0.511
0.504
0.428
1.520
1.614
1.427
0.414
0.542
0.380
0.448
0.440
0.377
1.474
1.557
1.395
0.437
0.609
0.397
0.486
0.503
0.399
1.550
1.672
1.452
0.429
0.603
0.394
0.475
0.485
0.391
1.555
1.675
1.459
0.416
0.587
0.382
0.460
0.474
0.380
1.556
1.676
1.463
0.331
0.403
0.377
0.390
0.342
0.376
1.462
1.471
1.409
0.344
0.433
0.397
0.384
0.365
0.388
1.433
1.467
1.398
0.328
0.430
0.388
0.373
0.349
0.373
1.456
1.493
1.421
0.389
0.437
0.415
0.446
0.388
0.414
1.480
1.468
1.410
0.332
0.377
0.359
0.386
0.324
0.356
1.424
1.411
1.361
0.349
0.425
0.371
0.414
0.361
0.367
1.498
1.503
1.411
0.349
0.423
0.378
0.409
0.354
0.374
1.505
1.510
1.428
0.343
0.415
0.371
0.407
0.351
0.371
1.519
1.523
1.445
0.350
0.330
0.376
0.416
0.317
0.391
1.438
1.390
1.384
0.360
0.353
0.391
0.411
0.335
0.399
1.409
1.385
1.365
0.339
0.350
0.384
0.393
0.323
0.388
1.425
1.407
1.392
0.397
0.379
0.412
0.456
0.357
0.418
1.439
1.388
1.369
0.346
0.325
0.362
0.409
0.307
0.373
1.401
1.348
1.337
0.355
0.353
0.370
0.427
0.333
0.379
1.458
1.422
1.374
0.355
0.357
0.376
0.427
0.331
0.388
1.468
1.431
1.393
0.350
0.345
0.369
0.423
0.325
0.384
1.484
1.445
1.412
0.308
0.369
0.365
0.364
0.322
0.360
1.423
1.438
1.384
0.322
0.406
0.388
0.359
0.348
0.373
1.401
1.443
1.378
0.308
0.399
0.383
0.348
0.333
0.363
1.419
1.464
1.402
0.365
0.412
0.404
0.423
0.374
0.402
1.438
1.437
1.381
0.311
0.353
0.352
0.366
0.310
0.346
1.398
1.392
1.346
0.327
0.394
0.360
0.388
0.342
0.351
1.465
1.476
1.387
0.325
0.393
0.369
0.383
0.336
0.360
1.472
1.486
1.408
0.321
0.381
0.361
0.383
0.331
0.358
1.489
1.498
1.424
0.317
0.360
0.358
0.374
0.318
0.359
1.446
1.420
1.396
0.325
0.384
0.373
0.367
0.337
0.369
1.415
1.411
1.378
0.315
0.376
0.370
0.359
0.323
0.359
1.438
1.431
1.405
0.359
0.392
0.385
0.417
0.352
0.387
1.445
1.409
1.377
0.316
0.347
0.345
0.373
0.307
0.346
1.412
1.376
1.351
0.331
0.382
0.353
0.395
0.339
0.353
1.475
1.449
1.391
0.335
0.381
0.362
0.394
0.334
0.362
1.482
1.453
1.408
0.327
0.370
0.353
0.389
0.327
0.355
1.496
1.467
1.424
0.359
0.578
0.403
0.389
0.435
0.380
1.516
1.667
1.474
0.374
0.591
0.422
0.391
0.452
0.397
1.470
1.631
1.444
0.361
0.597
0.416
0.379
0.440
0.384
1.498
1.671
1.474
0.426
0.606
0.456
0.456
0.475
0.427
1.526
1.636
1.469
0.358
0.519
0.389
0.391
0.402
0.366
1.460
1.553
1.409
0.381
0.592
0.402
0.424
0.456
0.380
1.545
1.682
1.475
0.381
0.595
0.412
0.420
0.449
0.387
1.556
1.693
1.492
0.364
0.575
0.394
0.405
0.437
0.375
1.556
1.693
1.497
0.360
0.522
0.318
0.394
0.417
0.321
1.499
1.615
1.400
0.365
0.537
0.338
0.388
0.430
0.337
1.464
1.593
1.381
0.351
0.541
0.329
0.377
0.419
0.323
1.484
1.625
1.401
0.417
0.552
0.370
0.449
0.452
0.367
1.498
1.588
1.392
0.358
0.486
0.315
0.389
0.390
0.312
1.446
1.530
1.348
0.374
0.538
0.326
0.417
0.432
0.328
1.517
1.631
1.403
0.377
0.543
0.332
0.414
0.428
0.330
1.532
1.648
1.420
0.373
0.529
0.323
0.413
0.421
0.323
1.551
1.660
1.441
0.340
0.480
0.310
0.391
0.406
0.308
1.447
1.541
1.355
0.346
0.500
0.333
0.390
0.420
0.327
1.419
1.529
1.345
0.337
0.500
0.323
0.377
0.411
0.310
1.445
1.560
1.367
0.394
0.513
0.352
0.439
0.439
0.346
1.454
1.531
1.355
0.340
0.453
0.305
0.385
0.383
0.300
1.410
1.481
1.318
0.357
0.498
0.316
0.414
0.422
0.316
1.469
1.563
1.363
0.360
0.499
0.318
0.412
0.419
0.315
1.483
1.576
1.378
0.351
0.488
0.313
0.405
0.413
0.312
1.488
1.578
1.387
0.379
0.567
0.358
0.413
0.455
0.354
1.492
1.632
1.415
0.383
0.577
0.375
0.405
0.461
0.365
1.448
1.601
1.389
0.373
0.578
0.363
0.399
0.457
0.352
1.480
1.637
1.414
0.441
0.591
0.405
0.472
0.483
0.394
1.494
1.597
1.403
0.379
0.523
0.351
0.412
0.420
0.343
1.446
1.540
1.369
0.400
0.583
0.367
0.445
0.478
0.365
1.518
1.649
1.424
0.398
0.583
0.368
0.439
0.466
0.363
1.525
1.655
1.432
0.384
0.567
0.355
0.427
0.457
0.352
1.528
1.659
1.440
0.360
0.434
0.422
0.412
0.374
0.420
1.484
1.503
1.449
0.372
0.464
0.443
0.406
0.396
0.430
1.460
1.502
1.443
0.351
0.458
0.426
0.391
0.377
0.412
1.481
1.530
1.464
0.406
0.460
0.452
0.449
0.405
0.442
1.481
1.486
1.435
0.354
0.404
0.400
0.399
0.350
0.393
1.436
1.439
1.397
0.374
0.454
0.411
0.430
0.391
0.403
1.514
1.533
1.447
0.368
0.450
0.418
0.419
0.381
0.409
1.513
1.537
1.459
0.367
0.441
0.414
0.420
0.376
0.409
1.532
1.549
1.478
0.375
0.360
0.421
0.436
0.348
0.436
1.459
1.421
1.429
0.387
0.384
0.437
0.433
0.366
0.444
1.435
1.418
1.415
0.360
0.375
0.419
0.412
0.348
0.427
1.449
1.437
1.434
0.412
0.399
0.449
0.463
0.379
0.454
1.441
1.404
1.402
0.368
0.349
0.404
0.422
0.332
0.413
1.412
1.371
1.377
0.378
0.380
0.411
0.443
0.363
0.419
1.470
1.446
1.412
0.376
0.382
0.417
0.437
0.358
0.428
1.475
1.453
1.429
0.376
0.372
0.416
0.438
0.351
0.427
1.496
1.468
1.452
0.337
0.397
0.411
0.388
0.352
0.405
1.447
1.466
1.422
0.351
0.432
0.436
0.384
0.378
0.418
1.431
1.476
1.426
0.331
0.424
0.421
0.369
0.359
0.401
1.443
1.492
1.438
0.382
0.431
0.442
0.430
0.391
0.433
1.444
1.452
1.409
0.333
0.377
0.394
0.383
0.336
0.386
1.411
1.415
1.381
0.350
0.416
0.398
0.405
0.368
0.386
1.479
1.497
1.418
0.345
0.413
0.408
0.397
0.361
0.398
1.483
1.508
1.439
0.345
0.403
0.403
0.398
0.354
0.395
1.503
1.519
1.456
0.339
0.384
0.396
0.391
0.345
0.398
1.463
1.447
1.435
0.349
0.409
0.413
0.385
0.362
0.406
1.438
1.442
1.423
0.334
0.398
0.400
0.373
0.345
0.391
1.458
1.460
1.443
0.374
0.410
0.419
0.418
0.369
0.415
1.448
1.425
1.410
0.334
0.369
0.381
0.382
0.329
0.379
1.419
1.398
1.388
0.349
0.402
0.388
0.403
0.361
0.383
1.478
1.468
1.423
0.350
0.400
0.396
0.399
0.355
0.394
1.484
1.472
1.440
0.345
0.387
0.389
0.397
0.346
0.389
1.504
1.485
1.460
0.385
0.603
0.439
0.413
0.466
0.420
1.533
1.690
1.502
0.402
0.620
0.461
0.415
0.484
0.437
1.494
1.661
1.480
0.382
0.615
0.446
0.399
0.465
0.418
1.519
1.695
1.504
0.442
0.623
0.484
0.463
0.494
0.454
1.530
1.654
1.489
0.381
0.548
0.424
0.407
0.429
0.400
1.474
1.583
1.439
0.405
0.617
0.435
0.444
0.485
0.414
1.563
1.709
1.506
0.398
0.615
0.442
0.429
0.474
0.418
1.565
1.716
1.516
0.388
0.600
0.430
0.421
0.465
0.410
1.570
1.718
1.524
0.383
0.547
0.349
0.414
0.443
0.354
1.516
1.641
1.428
0.388
0.562
0.369
0.406
0.453
0.369
1.485
1.622
1.415
0.370
0.560
0.357
0.391
0.438
0.353
1.503
1.652
1.433
0.431
0.570
0.392
0.453
0.468
0.389
1.501
1.605
1.411
0.377
0.509
0.341
0.399
0.409
0.338
1.455
1.553
1.372
0.395
0.561
0.353
0.431
0.455
0.355
1.531
1.656
1.431
0.394
0.562
0.356
0.422
0.448
0.354
1.539
1.668
1.443
0.393
0.550
0.349
0.422
0.443
0.350
1.558
1.680
1.463
0.365
0.502
0.344
0.411
0.429
0.341
1.465
1.566
1.385
0.373
0.526
0.371
0.411
0.443
0.362
1.441
1.558
1.383
0.359
0.519
0.353
0.396
0.430
0.340
1.463
1.586
1.399
0.409
0.530
0.381
0.443
0.453
0.369
1.455
1.547
1.376
0.359
0.474
0.337
0.396
0.401
0.329
1.418
1.502
1.346
0.382
0.522
0.348
0.430
0.443
0.345
1.480
1.585
1.390
0.379
0.520
0.348
0.423
0.438
0.342
1.488
1.596
1.402
0.373
0.511
0.347
0.417
0.433
0.342
1.497
1.601
1.415
0.395
0.584
0.384
0.426
0.475
0.380
1.501
1.650
1.434
0.402
0.596
0.402
0.421
0.484
0.391
1.465
1.627
1.415
0.383
0.589
0.383
0.406
0.470
0.371
1.488
1.654
1.433
0.444
0.599
0.418
0.468
0.494
0.409
1.484
1.606
1.411
0.393
0.541
0.372
0.418
0.438
0.364
1.449
1.562
1.385
0.412
0.599
0.386
0.453
0.497
0.386
1.520
1.666
1.440
0.404
0.594
0.384
0.439
0.482
0.379
1.520
1.668
1.443
0.398
0.582
0.375
0.431
0.475
0.371
1.532
1.677
1.456
0.350
0.413
0.399
0.424
0.349
0.400
1.469
1.466
1.413
0.361
0.430
0.415
0.415
0.363
0.407
1.440
1.451
1.405
0.351
0.426
0.407
0.415
0.350
0.400
1.475
1.477
1.428
0.405
0.438
0.437
0.486
0.394
0.444
1.487
1.453
1.413
0.353
0.381
0.382
0.425
0.330
0.384
1.437
1.403
1.368
0.372
0.424
0.391
0.459
0.366
0.394
1.513
1.489
1.418
0.367
0.411
0.398
0.451
0.356
0.403
1.517
1.489
1.431
0.369
0.416
0.395
0.453
0.357
0.400
1.539
1.510
1.452
0.340
0.410
0.389
0.404
0.341
0.386
1.460
1.472
1.414
0.361
0.434
0.414
0.414
0.365
0.408
1.444
1.462
1.410
0.345
0.421
0.399
0.402
0.346
0.391
1.470
1.483
1.429
0.396
0.438
0.428
0.469
0.389
0.433
1.475
1.456
1.408
0.343
0.380
0.373
0.407
0.324
0.372
1.429
1.411
1.368
0.364
0.425
0.387
0.438
0.362
0.387
1.496
1.491
1.415
0.358
0.412
0.391
0.431
0.351
0.392
1.500
1.491
1.427
0.357
0.415
0.387
0.429
0.350
0.387
1.523
1.515
1.451
0.346
0.406
0.399
0.433
0.347
0.405
1.481
1.468
1.414
0.360
0.427
0.419
0.430
0.366
0.420
1.449
1.451
1.403
0.349
0.420
0.408
0.423
0.351
0.405
1.481
1.477
1.426
0.397
0.431
0.431
0.489
0.390
0.443
1.487
1.449
1.403
0.347
0.376
0.381
0.432
0.330
0.389
1.440
1.404
1.365
0.367
0.416
0.390
0.465
0.364
0.396
1.514
1.483
1.410
0.361
0.405
0.397
0.456
0.353
0.404
1.518
1.484
1.423
0.363
0.409
0.393
0.456
0.354
0.400
1.536
1.504
1.442
0.336
0.409
0.381
0.399
0.342
0.380
1.456
1.473
1.410
0.349
0.426
0.400
0.399
0.358
0.393
1.433
1.460
1.404
0.338
0.423
0.390
0.389
0.344
0.379
1.460
1.485
1.424
0.392
0.437
0.420
0.461
0.390
0.426
1.474
1.463
1.412
0.338
0.377
0.365
0.399
0.322
0.363
1.424
1.410
1.365
0.352
0.418
0.373
0.424
0.353
0.373
1.489
1.489
1.409
0.348
0.405
0.377
0.420
0.344
0.377
1.496
1.490
1.421
0.349
0.410
0.375
0.418
0.344
0.374
1.514
1.513
1.441
0.361
0.428
0.410
0.421
0.362
0.409
1.487
1.504
1.443
0.381
0.451
0.433
0.426
0.382
0.426
1.467
1.492
1.439
0.365
0.440
0.418
0.414
0.362
0.408
1.494
1.514
1.457
0.412
0.452
0.444
0.474
0.400
0.445
1.493
1.483
1.435
0.361
0.397
0.392
0.422
0.342
0.392
1.456
1.445
1.401
0.385
0.445
0.407
0.452
0.380
0.406
1.521
1.523
1.444
0.377
0.432
0.411
0.444
0.369
0.411
1.523
1.522
1.454
0.380
0.438
0.411
0.445
0.372
0.410
1.543
1.544
1.475
0.415
0.456
0.410
0.528
0.399
0.419
1.624
1.557
1.491
0.427
0.478
0.434
0.509
0.418
0.435
1.573
1.537
1.473
0.408
0.463
0.416
0.507
0.397
0.417
1.610
1.556
1.493
0.487
0.494
0.464
0.620
0.451
0.472
1.659
1.550
1.490
0.423
0.427
0.401
0.546
0.381
0.406
1.593
1.486
1.434
0.454
0.477
0.418
0.597
0.429
0.425
1.682
1.581
1.502
0.445
0.465
0.423
0.591
0.416
0.432
1.691
1.586
1.515
0.435
0.455
0.408
0.575
0.406
0.419
1.692
1.589
1.519
0.409
0.409
0.343
0.522
0.368
0.361
1.591
1.511
1.421
0.411
0.425
0.365
0.499
0.379
0.378
1.546
1.493
1.409
0.400
0.418
0.354
0.503
0.365
0.364
1.582
1.515
1.428
0.471
0.443
0.392
0.595
0.415
0.409
1.611
1.496
1.415
0.415
0.384
0.335
0.525
0.348
0.344
1.556
1.445
1.368
0.436
0.425
0.352
0.568
0.387
0.367
1.631
1.527
1.427
0.432
0.415
0.352
0.564
0.378
0.368
1.644
1.534
1.440
0.433
0.414
0.350
0.561
0.376
0.365
1.665
1.552
1.462
0.414
0.386
0.333
0.523
0.368
0.345
1.561
1.456
1.381
0.413
0.399
0.356
0.514
0.378
0.365
1.526
1.443
1.377
0.405
0.397
0.339
0.506
0.367
0.344
1.560
1.472
1.397
0.469
0.425
0.378
0.584
0.409
0.388
1.583
1.457
1.387
0.413
0.368
0.326
0.522
0.349
0.333
1.535
1.412
1.347
0.436
0.403
0.341
0.560
0.384
0.354
1.596
1.475
1.391
0.432
0.395
0.339
0.556
0.376
0.350
1.610
1.483
1.402
0.430
0.391
0.338
0.551
0.372
0.348
1.617
1.488
1.414
0.425
0.430
0.374
0.548
0.395
0.394
1.591
1.511
1.433
0.428
0.447
0.394
0.517
0.404
0.405
1.536
1.490
1.417
0.414
0.435
0.377
0.519
0.389
0.388
1.577
1.513
1.438
0.485
0.459
0.417
0.622
0.434
0.433
1.616
1.495
1.425
0.434
0.406
0.365
0.559
0.376
0.379
1.573
1.453
1.392
0.458
0.455
0.385
0.604
0.423
0.404
1.643
1.536
1.448
0.447
0.438
0.382
0.597
0.406
0.400
1.652
1.535
1.455
0.441
0.432
0.374
0.586
0.400
0.393
1.656
1.542
1.462
0.340
0.348
0.376
0.412
0.317
0.393
1.432
1.411
1.386
0.348
0.371
0.391
0.404
0.332
0.399
1.404
1.400
1.374
0.339
0.364
0.384
0.400
0.321
0.393
1.430
1.423
1.399
0.395
0.392
0.418
0.471
0.365
0.437
1.443
1.401
1.382
0.348
0.335
0.370
0.420
0.308
0.386
1.404
1.357
1.346
0.361
0.367
0.372
0.445
0.335
0.387
1.471
1.437
1.387
0.356
0.362
0.379
0.437
0.328
0.397
1.473
1.437
1.400
0.352
0.360
0.373
0.431
0.324
0.388
1.491
1.459
1.418
0.331
0.349
0.366
0.397
0.310
0.379
1.427
1.419
1.386
0.347
0.374
0.389
0.402
0.332
0.397
1.405
1.407
1.375
0.334
0.366
0.379
0.391
0.317
0.385
1.428
1.429
1.399
0.384
0.390
0.407
0.455
0.355
0.422
1.433
1.401
1.375
0.338
0.336
0.360
0.406
0.299
0.373
1.398
1.361
1.342
0.353
0.370
0.367
0.427
0.331
0.380
1.459
1.440
1.385
0.346
0.365
0.371
0.421
0.323
0.387
1.460
1.441
1.396
0.344
0.361
0.366
0.414
0.317
0.377
1.478
1.463
1.415
0.338
0.344
0.374
0.427
0.315
0.398
1.448
1.411
1.385
0.348
0.367
0.392
0.421
0.332
0.410
1.414
1.395
1.368
0.339
0.363
0.384
0.415
0.322
0.400
1.444
1.425
1.397
0.390
0.382
0.410
0.481
0.356
0.433
1.452
1.393
1.368
0.347
0.332
0.369
0.436
0.309
0.394
1.417
1.357
1.343
0.360
0.363
0.370
0.460
0.335
0.391
1.482
1.434
1.379
0.353
0.358
0.376
0.453
0.326
0.401
1.484
1.433
1.392
0.351
0.355
0.369
0.443
0.322
0.391
1.497
1.453
1.409
0.331
0.342
0.357
0.398
0.309
0.373
1.430
1.416
1.382
0.339
0.364
0.375
0.396
0.326
0.384
1.407
1.408
1.373
0.328
0.359
0.366
0.383
0.313
0.372
1.425
1.429
1.395
0.389
0.392
0.404
0.461
0.361
0.419
1.447
1.413
1.382
0.339
0.332
0.352
0.408
0.300
0.367
1.405
1.365
1.343
0.347
0.361
0.353
0.424
0.325
0.367
1.462
1.441
1.380
0.342
0.356
0.357
0.420
0.319
0.374
1.467
1.442
1.392
0.338
0.354
0.351
0.410
0.313
0.364
1.483
1.464
1.411
0.351
0.367
0.385
0.411
0.330
0.399
1.452
1.448
1.414
0.364
0.391
0.406
0.413
0.348
0.413
1.430
1.438
1.404
0.349
0.379
0.392
0.399
0.332
0.397
1.451
1.458
1.424
0.397
0.402
0.419
0.459
0.366
0.431
1.453
1.429
1.400
0.353
0.349
0.374
0.417
0.316
0.389
1.423
1.393
1.373
0.370
0.388
0.382
0.437
0.349
0.394
1.482
1.472
1.410
0.364
0.382
0.387
0.432
0.341
0.402
1.483
1.470
1.420
0.363
0.382
0.385
0.425
0.338
0.395
1.499
1.492
1.439
0.407
0.403
0.393
0.518
0.369
0.411
1.588
1.508
1.463
0.412
0.425
0.412
0.494
0.385
0.423
1.532
1.484
1.436
0.401
0.418
0.402
0.493
0.372
0.411
1.566
1.510
1.463
0.475
0.453
0.448
0.603
0.422
0.463
1.616
1.499
1.457
0.421
0.390
0.394
0.543
0.363
0.410
1.562
1.443
1.412
0.443
0.433
0.402
0.577
0.400
0.416
1.641
1.537
1.471
0.437
0.427
0.409
0.576
0.390
0.426
1.651
1.539
1.485
0.425
0.415
0.394
0.556
0.378
0.410
1.652
1.548
1.491
0.396
0.368
0.323
0.502
0.338
0.350
1.550
1.466
1.388
0.397
0.384
0.342
0.480
0.351
0.366
1.506
1.450
1.373
0.387
0.383
0.333
0.478
0.339
0.352
1.533
1.474
1.393
0.457
0.412
0.373
0.571
0.385
0.396
1.564
1.451
1.380
0.407
0.355
0.323
0.513
0.327
0.344
1.518
1.405
1.342
0.422
0.391
0.334
0.543
0.359
0.357
1.584
1.486
1.394
0.420
0.386
0.335
0.541
0.351
0.357
1.597
1.491
1.404
0.416
0.381
0.327
0.532
0.347
0.349
1.615
1.513
1.427
0.391
0.355
0.310
0.493
0.338
0.326
1.515
1.419
1.346
0.390
0.368
0.331
0.486
0.348
0.345
1.482
1.404
1.340
0.381
0.373
0.319
0.471
0.344
0.328
1.506
1.439
1.361
0.443
0.396
0.353
0.545
0.374
0.362
1.528
1.413
1.343
0.398
0.343
0.312
0.498
0.326
0.323
1.493
1.377
1.316
0.415
0.377
0.321
0.528
0.356
0.337
1.544
1.436
1.354
0.413
0.373
0.319
0.525
0.350
0.334
1.558
1.446
1.365
0.407
0.366
0.316
0.518
0.345
0.330
1.568
1.457
1.378
0.407
0.383
0.354
0.524
0.360
0.379
1.551
1.464
1.401
0.409
0.399
0.372
0.498
0.369
0.391
1.496
1.441
1.380
0.398
0.394
0.357
0.494
0.361
0.373
1.530
1.467
1.401
0.468
0.424
0.397
0.594
0.403
0.418
1.567
1.445
1.387
0.424
0.375
0.356
0.542
0.352
0.376
1.535
1.412
1.366
0.439
0.414
0.365
0.573
0.391
0.390
1.593
1.491
1.412
0.432
0.404
0.365
0.572
0.378
0.390
1.603
1.489
1.419
0.421
0.394
0.354
0.553
0.367
0.376
1.606
1.499
1.427
0.304
0.367
0.362
0.371
0.308
0.362
1.412
1.421
1.375
0.322
0.398
0.386
0.370
0.333
0.378
1.391
1.421
1.376
0.309
0.395
0.383
0.358
0.319
0.369
1.414
1.450
1.400
0.369
0.403
0.411
0.445
0.362
0.417
1.434
1.410
1.378
0.324
0.346
0.364
0.393
0.302
0.366
1.399
1.368
1.347
0.334
0.381
0.357
0.412
0.326
0.356
1.467
1.451
1.380
0.326
0.374
0.367
0.403
0.319
0.368
1.466
1.452
1.396
0.331
0.369
0.364
0.407
0.318
0.367
1.488
1.466
1.416
0.296
0.371
0.353
0.356
0.303
0.349
1.408
1.433
1.376
0.320
0.405
0.384
0.368
0.334
0.375
1.396
1.434
1.378
0.303
0.402
0.377
0.348
0.315
0.357
1.414
1.461
1.398
0.358
0.407
0.401
0.428
0.355
0.402
1.425
1.416
1.370
0.313
0.352
0.356
0.378
0.297
0.354
1.396
1.380
1.345
0.324
0.388
0.353
0.394
0.323
0.347
1.455
1.458
1.378
0.317
0.384
0.361
0.386
0.316
0.358
1.456
1.462
1.393
0.321
0.375
0.357
0.391
0.315
0.355
1.478
1.477
1.415
0.300
0.371
0.362
0.379
0.308
0.365
1.424
1.430
1.374
0.320
0.401
0.389
0.381
0.333
0.385
1.399
1.424
1.369
0.307
0.406
0.385
0.364
0.318
0.369
1.423
1.459
1.393
0.360
0.404
0.405
0.443
0.354
0.408
1.438
1.409
1.361
0.317
0.349
0.362
0.397
0.300
0.366
1.406
1.373
1.339
0.327
0.387
0.356
0.418
0.326
0.355
1.473
1.454
1.371
0.319
0.381
0.365
0.409
0.318
0.368
1.474
1.455
1.386
0.323
0.373
0.359
0.411
0.318
0.364
1.493
1.473
1.408
0.294
0.366
0.346
0.353
0.302
0.344
1.404
1.430
1.370
0.313
0.399
0.372
0.359
0.328
0.364
1.387
1.430
1.370
0.299
0.402
0.368
0.339
0.315
0.349
1.405
1.463
1.393
0.360
0.409
0.397
0.427
0.360
0.399
1.429
1.427
1.376
0.311
0.348
0.347
0.373
0.296
0.346
1.390
1.378
1.342
0.318
0.383
0.341
0.386
0.318
0.337
1.450
1.456
1.372
0.311
0.378
0.348
0.379
0.312
0.347
1.453
1.460
1.387
0.313
0.368
0.343
0.381
0.308
0.342
1.471
1.474
1.405
0.315
0.392
0.374
0.372
0.323
0.371
1.431
1.467
1.404
0.338
0.427
0.404
0.380
0.351
0.392
1.416
1.468
1.405
0.320
0.419
0.394
0.362
0.332
0.374
1.437
1.496
1.425
0.373
0.422
0.415
0.435
0.367
0.413
1.443
1.446
1.395
0.329
0.367
0.372
0.393
0.312
0.370
1.420
1.412
1.374
0.343
0.412
0.370
0.409
0.342
0.363
1.478
1.494
1.403
0.335
0.405
0.379
0.400
0.333
0.374
1.478
1.496
1.418
0.339
0.397
0.376
0.404
0.334
0.373
1.496
1.507
1.436
0.377
0.414
0.383
0.481
0.363
0.389
1.564
1.509
1.447
0.393
0.446
0.413
0.468
0.388
0.411
1.519
1.497
1.435
0.373
0.438
0.400
0.455
0.369
0.394
1.546
1.524
1.458
0.459
0.463
0.447
0.585
0.425
0.453
1.610
1.508
1.455
0.399
0.394
0.388
0.516
0.356
0.393
1.554
1.450
1.408
0.420
0.440
0.392
0.549
0.393
0.393
1.631
1.542
1.462
0.410
0.431
0.399
0.545
0.382
0.403
1.641
1.549
1.478
0.404
0.416
0.386
0.534
0.373
0.393
1.643
1.550
1.484
0.363
0.362
0.304
0.463
0.325
0.320
1.533
1.463
1.375
0.372
0.391
0.332
0.449
0.347
0.345
1.496
1.457
1.372
0.355
0.387
0.320
0.435
0.329
0.325
1.517
1.482
1.388
0.435
0.406
0.361
0.551
0.381
0.377
1.561
1.453
1.376
0.387
0.350
0.313
0.488
0.318
0.323
1.519
1.409
1.340
0.397
0.384
0.317
0.517
0.348
0.329
1.582
1.488
1.387
0.392
0.377
0.319
0.513
0.339
0.331
1.594
1.495
1.400
0.397
0.370
0.316
0.515
0.337
0.331
1.614
1.508
1.423
0.360
0.344
0.292
0.458
0.325
0.302
1.495
1.412
1.335
0.367
0.367
0.324
0.457
0.344
0.331
1.467
1.407
1.336
0.351
0.369
0.310
0.435
0.334
0.308
1.490
1.442
1.357
0.426
0.389
0.345
0.531
0.372
0.353
1.527
1.415
1.345
0.378
0.334
0.304
0.478
0.317
0.309
1.491
1.377
1.317
0.392
0.367
0.306
0.503
0.346
0.315
1.542
1.438
1.351
0.387
0.361
0.305
0.500
0.340
0.313
1.554
1.447
1.363
0.386
0.352
0.305
0.498
0.337
0.315
1.562
1.451
1.376
0.373
0.385
0.334
0.484
0.350
0.351
1.528
1.465
1.386
0.383
0.410
0.360
0.467
0.366
0.371
1.483
1.451
1.375
0.365
0.405
0.344
0.453
0.352
0.349
1.512
1.481
1.395
0.443
0.422
0.383
0.572
0.397
0.398
1.560
1.451
1.380
0.400
0.371
0.342
0.516
0.342
0.353
1.529
1.417
1.361
0.412
0.416
0.348
0.546
0.381
0.362
1.585
1.497
1.403
0.401
0.402
0.347
0.542
0.366
0.362
1.595
1.497
1.411
0.399
0.389
0.341
0.534
0.360
0.358
1.603
1.503
1.423
0.319
0.401
0.373
0.368
0.327
0.363
1.389
1.414
1.355
0.334
0.429
0.389
0.372
0.350
0.376
1.373
1.415
1.351
0.322
0.409
0.387
0.364
0.332
0.372
1.397
1.428
1.379
0.353
0.412
0.391
0.412
0.353
0.392
1.390
1.388
1.337
0.319
0.370
0.356
0.374
0.311
0.353
1.362
1.359
1.316
0.344
0.418
0.371
0.405
0.347
0.367
1.433
1.441
1.361
0.337
0.412
0.374
0.396
0.340
0.372
1.433
1.442
1.370
0.335
0.406
0.368
0.394
0.336
0.365
1.448
1.457
1.388
0.312
0.398
0.364
0.356
0.321
0.350
1.383
1.418
1.351
0.334
0.426
0.388
0.372
0.348
0.374
1.375
1.416
1.348
0.318
0.407
0.383
0.354
0.327
0.362
1.391
1.426
1.372
0.343
0.407
0.380
0.399
0.343
0.376
1.383
1.384
1.327
0.312
0.369
0.349
0.363
0.303
0.341
1.359
1.360
1.311
0.336
0.413
0.364
0.391
0.339
0.356
1.423
1.434
1.351
0.330
0.411
0.368
0.383
0.333
0.360
1.422
1.439
1.362
0.329
0.405
0.362
0.380
0.328
0.352
1.437
1.457
1.381
0.318
0.396
0.369
0.380
0.322
0.365
1.403
1.414
1.351
0.333
0.421
0.388
0.386
0.345
0.382
1.379
1.409
1.340
0.321
0.405
0.386
0.374
0.327
0.372
1.402
1.421
1.369
0.345
0.401
0.381
0.417
0.341
0.384
1.394
1.377
1.321
0.316
0.364
0.352
0.385
0.306
0.355
1.371
1.354
1.307
0.338
0.409
0.363
0.415
0.339
0.364
1.438
1.431
1.345
0.332
0.405
0.368
0.406
0.331
0.370
1.439
1.433
1.356
0.333
0.401
0.364
0.401
0.330
0.362
1.453
1.451
1.376
0.311
0.397
0.357
0.357
0.321
0.346
1.386
1.420
1.350
0.327
0.421
0.375
0.363
0.342
0.363
1.373
1.420
1.348
0.313
0.405
0.373
0.348
0.325
0.353
1.392
1.434
1.376
0.350
0.413
0.380
0.402
0.349
0.376
1.392
1.399
1.338
0.314
0.369
0.343
0.363
0.305
0.336
1.362
1.367
1.315
0.333
0.411
0.356
0.389
0.337
0.349
1.428
1.444
1.356
0.327
0.406
0.356
0.380
0.330
0.351
1.426
1.445
1.363
0.323
0.403
0.351
0.376
0.326
0.343
1.442
1.465
1.382
0.331
0.423
0.385
0.369
0.345
0.373
1.407
1.455
1.384
0.350
0.448
0.404
0.380
0.367
0.391
1.397
1.456
1.383
0.335
0.427
0.399
0.363
0.348
0.380
1.414
1.465
1.406
0.361
0.430
0.400
0.404
0.362
0.392
1.400
1.422
1.360
0.330
0.392
0.369
0.374
0.325
0.361
1.382
1.400
1.346
0.356
0.444
0.387
0.402
0.365
0.377
1.444
1.479
1.386
0.347
0.438
0.388
0.391
0.356
0.378
1.441
1.478
1.392
0.349
0.434
0.385
0.392
0.355
0.375
1.460
1.498
1.414
0.401
0.459
0.400
0.490
0.390
0.398
1.554
1.521
1.444
0.412
0.479
0.420
0.477
0.409
0.415
1.508
1.501
1.423
0.397
0.466
0.410
0.470
0.388
0.400
1.537
1.519
1.446
0.447
0.475
0.428
0.554
0.419
0.432
1.569
1.497
1.428
0.402
0.422
0.384
0.501
0.367
0.386
1.522
1.448
1.387
0.437
0.482
0.408
0.546
0.416
0.408
1.604
1.543
1.452
0.428
0.472
0.409
0.540
0.405
0.410
1.611
1.548
1.463
0.419
0.458
0.397
0.528
0.396
0.399
1.613
1.550
1.467
0.389
0.410
0.317
0.472
0.356
0.328
1.512
1.466
1.360
0.393
0.427
0.339
0.458
0.368
0.348
1.475
1.454
1.352
0.382
0.413
0.325
0.453
0.351
0.330
1.504
1.469
1.370
0.428
0.421
0.346
0.524
0.381
0.359
1.511
1.433
1.340
0.390
0.379
0.310
0.475
0.335
0.317
1.477
1.403
1.314
0.418
0.429
0.333
0.516
0.377
0.344
1.548
1.483
1.371
0.416
0.423
0.331
0.510
0.369
0.340
1.555
1.488
1.378
0.411
0.416
0.325
0.507
0.364
0.333
1.573
1.504
1.397
0.381
0.377
0.307
0.467
0.346
0.310
1.471
1.408
1.318
0.382
0.397
0.333
0.461
0.362
0.335
1.446
1.404
1.319
0.370
0.386
0.318
0.447
0.348
0.314
1.469
1.425
1.337
0.412
0.397
0.330
0.507
0.367
0.336
1.476
1.389
1.307
0.379
0.358
0.302
0.468
0.330
0.304
1.452
1.367
1.292
0.404
0.400
0.321
0.505
0.367
0.327
1.507
1.429
1.332
0.402
0.395
0.318
0.500
0.361
0.322
1.517
1.437
1.341
0.396
0.382
0.313
0.495
0.354
0.317
1.525
1.443
1.351
0.391
0.419
0.342
0.482
0.366
0.352
1.496
1.451
1.364
0.397
0.439
0.364
0.468
0.381
0.372
1.452
1.437
1.351
0.384
0.420
0.344
0.460
0.363
0.347
1.485
1.451
1.367
0.430
0.429
0.366
0.539
0.389
0.378
1.501
1.418
1.341
0.398
0.392
0.335
0.496
0.349
0.343
1.477
1.396
1.327
0.422
0.445
0.359
0.537
0.397
0.371
1.542
1.477
1.381
0.413
0.432
0.351
0.528
0.380
0.363
1.544
1.471
1.380
0.406
0.420
0.342
0.517
0.372
0.352
1.554
1.481
1.390
0.399
0.599
0.441
0.443
0.461
0.426
1.515
1.643
1.470
0.413
0.617
0.459
0.446
0.483
0.442
1.498
1.639
1.467
0.411
0.625
0.459
0.450
0.479
0.438
1.533
1.676
1.498
0.466
0.627
0.493
0.520
0.511
0.479
1.545
1.632
1.478
0.402
0.546
0.426
0.458
0.444
0.419
1.482
1.561
1.422
0.472
0.656
0.473
0.536
0.540
0.468
1.633
1.746
1.551
0.454
0.647
0.479
0.508
0.512
0.465
1.615
1.730
1.544
0.436
0.621
0.452
0.490
0.491
0.443
1.615
1.726
1.549
0.395
0.603
0.438
0.438
0.461
0.422
1.510
1.653
1.465
0.421
0.628
0.466
0.456
0.491
0.449
1.502
1.649
1.465
0.409
0.631
0.457
0.443
0.479
0.433
1.523
1.680
1.485
0.460
0.631
0.489
0.512
0.510
0.473
1.532
1.632
1.466
0.400
0.559
0.427
0.452
0.445
0.414
1.477
1.572
1.417
0.463
0.661
0.472
0.525
0.538
0.465
1.616
1.743
1.536
0.451
0.657
0.483
0.499
0.513
0.463
1.599
1.731
1.533
0.434
0.631
0.456
0.485
0.497
0.443
1.605
1.732
1.541
0.403
0.605
0.442
0.458
0.459
0.429
1.530
1.650
1.466
0.420
0.620
0.461
0.462
0.480
0.446
1.504
1.635
1.453
0.414
0.630
0.458
0.460
0.475
0.437
1.534
1.673
1.479
0.462
0.623
0.484
0.528
0.501
0.471
1.540
1.620
1.455
0.404
0.554
0.426
0.472
0.443
0.421
1.487
1.562
1.411
0.484
0.671
0.483
0.562
0.553
0.483
1.645
1.754
1.546
0.456
0.652
0.480
0.522
0.509
0.467
1.615
1.725
1.529
0.444
0.631
0.458
0.508
0.498
0.451
1.621
1.729
1.540
0.380
0.590
0.417
0.419
0.451
0.400
1.496
1.642
1.452
0.400
0.608
0.440
0.432
0.475
0.423
1.485
1.637
1.452
0.390
0.616
0.434
0.422
0.467
0.409
1.510
1.672
1.476
0.451
0.624
0.474
0.497
0.503
0.456
1.525
1.632
1.462
0.387
0.545
0.409
0.437
0.436
0.397
1.468
1.563
1.410
0.435
0.634
0.440
0.490
0.509
0.429
1.586
1.717
1.508
0.424
0.629
0.447
0.470
0.488
0.428
1.577
1.710
1.511
0.406
0.606
0.423
0.454
0.471
0.410
1.579
1.712
1.518
0.412
0.619
0.458
0.452
0.487
0.446
1.535
1.683
1.497
0.430
0.636
0.479
0.459
0.507
0.463
1.518
1.674
1.493
0.423
0.643
0.474
0.455
0.500
0.452
1.547
1.709
1.518
0.470
0.639
0.500
0.511
0.522
0.484
1.545
1.658
1.493
0.412
0.568
0.440
0.460
0.463
0.432
1.500
1.601
1.450
0.483
0.678
0.493
0.542
0.567
0.491
1.647
1.785
1.576
0.464
0.668
0.497
0.508
0.533
0.480
1.618
1.761
1.561
0.449
0.646
0.474
0.495
0.521
0.465
1.624
1.762
1.571
0.437
0.488
0.432
0.556
0.432
0.444
1.627
1.569
1.490
0.452
0.517
0.458
0.537
0.454
0.460
1.596
1.567
1.489
0.440
0.517
0.446
0.541
0.443
0.447
1.629
1.600
1.510
0.511
0.535
0.488
0.638
0.489
0.496
1.661
1.575
1.498
0.445
0.465
0.421
0.568
0.423
0.430
1.597
1.514
1.442
0.510
0.554
0.466
0.642
0.508
0.474
1.735
1.668
1.558
0.495
0.541
0.474
0.627
0.482
0.480
1.728
1.657
1.560
0.477
0.516
0.446
0.610
0.462
0.456
1.726
1.649
1.561
0.427
0.419
0.417
0.549
0.398
0.444
1.570
1.483
1.442
0.440
0.448
0.440
0.536
0.419
0.460
1.540
1.483
1.435
0.426
0.440
0.428
0.530
0.408
0.448
1.562
1.506
1.456
0.487
0.471
0.464
0.614
0.447
0.485
1.585
1.483
1.435
0.431
0.413
0.409
0.557
0.394
0.434
1.537
1.439
1.396
0.480
0.483
0.442
0.613
0.459
0.462
1.656
1.574
1.492
0.473
0.478
0.452
0.605
0.442
0.473
1.652
1.564
1.497
0.458
0.454
0.430
0.591
0.426
0.456
1.658
1.568
1.507
0.424
0.456
0.429
0.540
0.418
0.443
1.598
1.539
1.474
0.433
0.486
0.451
0.522
0.439
0.456
1.570
1.544
1.473
0.426
0.486
0.445
0.524
0.433
0.448
1.597
1.572
1.495
0.489
0.500
0.477
0.618
0.475
0.494
1.627
1.542
1.477
0.432
0.439
0.420
0.554
0.412
0.433
1.577
1.494
1.435
0.496
0.521
0.462
0.623
0.491
0.470
1.714
1.645
1.548
0.479
0.509
0.469
0.610
0.468
0.478
1.704
1.633
1.549
0.463
0.485
0.442
0.592
0.451
0.458
1.705
1.630
1.553
0.429
0.465
0.426
0.535
0.423
0.441
1.602
1.534
1.479
0.435
0.485
0.442
0.519
0.437
0.450
1.561
1.518
1.461
0.432
0.482
0.438
0.522
0.432
0.444
1.595
1.547
1.491
0.480
0.496
0.461
0.597
0.460
0.476
1.609
1.516
1.463
0.430
0.445
0.414
0.544
0.412
0.429
1.566
1.478
1.427
0.491
0.525
0.457
0.612
0.495
0.469
1.691
1.621
1.534
0.482
0.515
0.466
0.598
0.469
0.474
1.682
1.603
1.532
0.464
0.489
0.440
0.581
0.450
0.453
1.691
1.608
1.544
0.366
0.549
0.343
0.410
0.427
0.342
1.489
1.616
1.400
0.371
0.561
0.356
0.403
0.444
0.351
1.456
1.595
1.380
0.359
0.557
0.344
0.394
0.426
0.334
1.482
1.624
1.404
0.421
0.566
0.387
0.469
0.467
0.385
1.491
1.589
1.394
0.365
0.500
0.333
0.407
0.400
0.327
1.441
1.530
1.348
0.383
0.561
0.346
0.436
0.449
0.345
1.512
1.636
1.407
0.380
0.561
0.353
0.432
0.441
0.349
1.525
1.647
1.421
0.378
0.551
0.344
0.429
0.431
0.342
1.541
1.657
1.441
0.359
0.550
0.341
0.399
0.427
0.337
1.486
1.627
1.401
0.370
0.563
0.360
0.403
0.446
0.354
1.458
1.603
1.384
0.354
0.559
0.344
0.385
0.428
0.330
1.477
1.632
1.403
0.411
0.567
0.382
0.454
0.465
0.378
1.484
1.595
1.389
0.358
0.502
0.329
0.396
0.399
0.320
1.437
1.540
1.347
0.374
0.561
0.343
0.420
0.448
0.340
1.502
1.641
1.402
0.371
0.562
0.351
0.416
0.440
0.343
1.513
1.650
1.417
0.369
0.551
0.341
0.413
0.430
0.336
1.531
1.663
1.438
0.373
0.555
0.345
0.425
0.431
0.347
1.506
1.628
1.402
0.378
0.565
0.359
0.420
0.445
0.358
1.467
1.600
1.378
0.365
0.564
0.346
0.406
0.430
0.339
1.493
1.633
1.402
0.420
0.566
0.380
0.478
0.465
0.382
1.495
1.590
1.383
0.368
0.506
0.330
0.421
0.405
0.330
1.451
1.540
1.346
0.386
0.565
0.344
0.447
0.449
0.346
1.518
1.642
1.399
0.380
0.564
0.351
0.443
0.439
0.350
1.530
1.650
1.413
0.382
0.556
0.344
0.439
0.434
0.343
1.546
1.661
1.434
0.358
0.551
0.335
0.395
0.433
0.332
1.480
1.626
1.396
0.364
0.561
0.351
0.394
0.446
0.345
1.451
1.604
1.380
0.350
0.559
0.337
0.379
0.432
0.325
1.474
1.635
1.401
0.414
0.572
0.382
0.455
0.473
0.378
1.486
1.604
1.395
0.355
0.503
0.324
0.394
0.403
0.318
1.436
1.542
1.349
0.370
0.559
0.335
0.415
0.448
0.331
1.498
1.641
1.400
0.367
0.561
0.343
0.410
0.440
0.335
1.509
1.652
1.414
0.362
0.550
0.331
0.405
0.429
0.326
1.528
1.666
1.434
0.376
0.569
0.362
0.409
0.448
0.357
1.502
1.652
1.426
0.388
0.583
0.379
0.411
0.465
0.370
1.475
1.631
1.410
0.372
0.576
0.362
0.397
0.446
0.348
1.500
1.662
1.431
0.421
0.577
0.396
0.452
0.472
0.386
1.493
1.614
1.411
0.371
0.518
0.346
0.403
0.415
0.337
1.457
1.568
1.377
0.389
0.579
0.363
0.430
0.466
0.358
1.520
1.667
1.428
0.385
0.580
0.371
0.424
0.457
0.361
1.529
1.678
1.442
0.388
0.574
0.364
0.422
0.451
0.356
1.544
1.688
1.460
0.410
0.446
0.351
0.508
0.392
0.360
1.583
1.535
1.423
0.411
0.467
0.366
0.482
0.405
0.369
1.540
1.522
1.408
0.398
0.457
0.347
0.480
0.388
0.347
1.574
1.552
1.429
0.467
0.473
0.391
0.569
0.435
0.399
1.597
1.526
1.419
0.409
0.411
0.332
0.501
0.370
0.337
1.541
1.471
1.370
0.429
0.463
0.351
0.540
0.413
0.360
1.617
1.561
1.429
0.426
0.459
0.360
0.537
0.404
0.364
1.629
1.571
1.444
0.423
0.451
0.350
0.535
0.398
0.359
1.645
1.581
1.463
0.404
0.382
0.349
0.505
0.362
0.370
1.539
1.464
1.386
0.405
0.401
0.363
0.483
0.376
0.378
1.496
1.449
1.366
0.389
0.391
0.345
0.472
0.360
0.356
1.523
1.475
1.387
0.453
0.421
0.383
0.551
0.399
0.398
1.538
1.451
1.370
0.400
0.368
0.332
0.497
0.347
0.348
1.494
1.411
1.334
0.416
0.406
0.344
0.523
0.381
0.360
1.556
1.488
1.382
0.418
0.408
0.356
0.527
0.378
0.371
1.574
1.500
1.401
0.412
0.395
0.346
0.521
0.368
0.364
1.589
1.512
1.419
0.389
0.408
0.333
0.481
0.372
0.343
1.549
1.498
1.393
0.394
0.438
0.350
0.462
0.392
0.355
1.513
1.494
1.384
0.379
0.428
0.334
0.453
0.373
0.333
1.538
1.517
1.401
0.446
0.447
0.376
0.542
0.421
0.386
1.560
1.492
1.389
0.392
0.389
0.323
0.479
0.358
0.328
1.518
1.450
1.353
0.410
0.430
0.336
0.511
0.393
0.342
1.582
1.525
1.400
0.407
0.427
0.345
0.510
0.386
0.349
1.600
1.541
1.422
0.403
0.417
0.334
0.503
0.377
0.342
1.611
1.550
1.437
0.383
0.403
0.332
0.472
0.363
0.342
1.546
1.480
1.395
0.383
0.420
0.345
0.452
0.375
0.350
1.501
1.463
1.375
0.373
0.407
0.330
0.445
0.359
0.331
1.531
1.485
1.397
0.427
0.426
0.361
0.519
0.394
0.371
1.542
1.459
1.377
0.379
0.380
0.319
0.466
0.348
0.325
1.503
1.425
1.345
0.399
0.422
0.332
0.495
0.385
0.341
1.563
1.499
1.393
0.402
0.420
0.344
0.498
0.380
0.350
1.579
1.508
1.410
0.393
0.406
0.331
0.492
0.367
0.341
1.596
1.518
1.428
0.334
0.494
0.336
0.378
0.396
0.320
1.396
1.504
1.328
0.349
0.518
0.365
0.387
0.417
0.344
1.387
1.508
1.332
0.337
0.514
0.353
0.375
0.403
0.327
1.405
1.530
1.349
0.385
0.515
0.374
0.433
0.430
0.358
1.415
1.494
1.333
0.343
0.460
0.334
0.387
0.378
0.317
1.382
1.452
1.306
0.361
0.514
0.338
0.415
0.422
0.330
1.437
1.537
1.345
0.356
0.511
0.345
0.405
0.411
0.327
1.445
1.544
1.357
0.341
0.492
0.330
0.394
0.395
0.316
1.448
1.541
1.362
0.327
0.492
0.330
0.364
0.392
0.312
1.395
1.516
1.329
0.350
0.520
0.365
0.385
0.416
0.343
1.393
1.516
1.336
0.334
0.514
0.348
0.365
0.401
0.320
1.400
1.533
1.343
0.375
0.512
0.365
0.417
0.423
0.346
1.407
1.495
1.325
0.336
0.464
0.329
0.375
0.375
0.309
1.378
1.461
1.303
0.352
0.516
0.335
0.396
0.419
0.323
1.426
1.542
1.339
0.346
0.512
0.339
0.389
0.409
0.321
1.435
1.548
1.351
0.334
0.493
0.326
0.378
0.395
0.310
1.441
1.552
1.361
0.345
0.502
0.339
0.395
0.404
0.327
1.428
1.527
1.343
0.356
0.520
0.366
0.402
0.418
0.348
1.404
1.515
1.336
0.344
0.518
0.351
0.386
0.408
0.330
1.420
1.538
1.349
0.386
0.511
0.364
0.441
0.427
0.352
1.424
1.494
1.327
0.348
0.465
0.332
0.399
0.383
0.320
1.394
1.461
1.307
0.364
0.517
0.337
0.424
0.422
0.330
1.447
1.542
1.342
0.359
0.514
0.343
0.418
0.414
0.330
1.457
1.549
1.355
0.346
0.494
0.327
0.403
0.400
0.317
1.458
1.548
1.360
0.326
0.495
0.322
0.364
0.398
0.307
1.400
1.522
1.331
0.341
0.513
0.351
0.376
0.412
0.330
1.390
1.519
1.333
0.327
0.512
0.338
0.359
0.403
0.311
1.404
1.544
1.348
0.384
0.523
0.367
0.425
0.436
0.350
1.424
1.519
1.344
0.335
0.464
0.322
0.373
0.378
0.304
1.383
1.468
1.308
0.348
0.511
0.323
0.394
0.418
0.312
1.431
1.548
1.341
0.343
0.507
0.327
0.388
0.408
0.310
1.440
1.555
1.354
0.331
0.491
0.315
0.375
0.393
0.299
1.445
1.558
1.363
0.365
0.529
0.361
0.397
0.431
0.345
1.436
1.563
1.371
0.380
0.550
0.391
0.407
0.446
0.369
1.425
1.560
1.373
0.365
0.543
0.372
0.390
0.432
0.347
1.440
1.580
1.384
0.408
0.542
0.394
0.437
0.449
0.372
1.441
1.540
1.367
0.367
0.493
0.358
0.397
0.404
0.337
1.413
1.504
1.346
0.387
0.549
0.366
0.425
0.452
0.352
1.462
1.587
1.380
0.379
0.544
0.371
0.415
0.440
0.350
1.468
1.593
1.390
0.369
0.530
0.359
0.405
0.428
0.341
1.470
1.592
1.394
0.384
0.402
0.333
0.474
0.368
0.330
1.511
1.449
1.358
0.394
0.425
0.362
0.475
0.386
0.355
1.491
1.451
1.362
0.378
0.417
0.340
0.459
0.370
0.331
1.511
1.473
1.374
0.439
0.433
0.371
0.535
0.407
0.368
1.542
1.454
1.367
0.392
0.383
0.328
0.479
0.354
0.320
1.495
1.411
1.330
0.413
0.428
0.338
0.514
0.392
0.339
1.556
1.480
1.373
0.405
0.421
0.341
0.506
0.382
0.334
1.564
1.489
1.384
0.395
0.406
0.331
0.501
0.371
0.327
1.571
1.489
1.393
0.376
0.356
0.331
0.465
0.342
0.335
1.460
1.386
1.316
0.389
0.380
0.360
0.471
0.363
0.362
1.443
1.386
1.319
0.369
0.370
0.340
0.447
0.348
0.338
1.453
1.403
1.329
0.425
0.394
0.366
0.516
0.377
0.365
1.476
1.383
1.313
0.386
0.352
0.331
0.473
0.336
0.330
1.446
1.355
1.293
0.400
0.385
0.334
0.500
0.369
0.340
1.496
1.415
1.325
0.396
0.383
0.339
0.496
0.361
0.341
1.506
1.424
1.338
0.384
0.363
0.328
0.487
0.347
0.333
1.512
1.427
1.346
0.356
0.367
0.315
0.437
0.343
0.311
1.467
1.409
1.327
0.370
0.391
0.347
0.443
0.364
0.338
1.454
1.414
1.334
0.354
0.386
0.330
0.425
0.350
0.317
1.468
1.434
1.346
0.410
0.403
0.356
0.499
0.385
0.352
1.495
1.414
1.337
0.370
0.358
0.320
0.451
0.337
0.311
1.465
1.384
1.314
0.385
0.390
0.322
0.479
0.370
0.321
1.516
1.442
1.345
0.378
0.385
0.327
0.471
0.359
0.319
1.528
1.455
1.361
0.369
0.371
0.314
0.462
0.348
0.311
1.530
1.456
1.367
0.358
0.369
0.319
0.440
0.343
0.316
1.477
1.410
1.335
0.365
0.386
0.342
0.439
0.357
0.337
1.454
1.403
1.335
0.355
0.378
0.328
0.426
0.344
0.318
1.469
1.420
1.346
0.398
0.392
0.346
0.485
0.368
0.340
1.484
1.398
1.328
0.367
0.360
0.321
0.450
0.337
0.314
1.460
1.378
1.313
0.381
0.392
0.322
0.474
0.368
0.324
1.506
1.433
1.343
0.380
0.389
0.329
0.471
0.361
0.324
1.519
1.443
1.358
0.366
0.368
0.314
0.461
0.343
0.311
1.524
1.439
1.361
0.391
0.589
0.401
0.436
0.463
0.392
1.489
1.629
1.433
0.397
0.601
0.419
0.434
0.477
0.406
1.464
1.615
1.421
0.398
0.611
0.417
0.435
0.475
0.400
1.506
1.660
1.458
0.448
0.601
0.439
0.504
0.504
0.436
1.515
1.614
1.441
0.399
0.540
0.392
0.448
0.442
0.386
1.471
1.561
1.405
0.431
0.618
0.418
0.486
0.502
0.413
1.551
1.677
1.468
0.425
0.617
0.428
0.477
0.489
0.416
1.559
1.687
1.486
0.409
0.594
0.402
0.462
0.474
0.398
1.551
1.677
1.478
0.389
0.593
0.400
0.430
0.467
0.390
1.485
1.638
1.430
0.402
0.606
0.422
0.438
0.483
0.410
1.469
1.626
1.424
0.397
0.614
0.415
0.429
0.480
0.398
1.499
1.664
1.453
0.444
0.606
0.437
0.494
0.507
0.432
1.508
1.620
1.435
0.396
0.550
0.391
0.440
0.448
0.382
1.468
1.574
1.403
0.429
0.625
0.420
0.478
0.509
0.414
1.543
1.683
1.465
0.419
0.622
0.427
0.463
0.494
0.413
1.545
1.690
1.479
0.406
0.599
0.403
0.451
0.480
0.396
1.543
1.685
1.476
0.408
0.600
0.406
0.459
0.476
0.402
1.522
1.649
1.447
0.414
0.611
0.426
0.458
0.487
0.420
1.489
1.630
1.432
0.415
0.623
0.421
0.456
0.489
0.410
1.532
1.677
1.466
0.462
0.611
0.441
0.523
0.514
0.442
1.536
1.627
1.444
0.414
0.556
0.397
0.470
0.459
0.398
1.498
1.585
1.417
0.449
0.633
0.427
0.509
0.520
0.426
1.579
1.700
1.481
0.439
0.631
0.436
0.498
0.503
0.428
1.586
1.707
1.498
0.423
0.605
0.407
0.478
0.486
0.406
1.573
1.693
1.486
0.381
0.586
0.387
0.422
0.462
0.379
1.486
1.636
1.428
0.391
0.596
0.409
0.424
0.473
0.397
1.461
1.619
1.417
0.385
0.605
0.402
0.419
0.474
0.385
1.497
1.663
1.450
0.443
0.605
0.431
0.490
0.506
0.427
1.515
1.626
1.439
0.389
0.541
0.380
0.431
0.442
0.373
1.468
1.570
1.400
0.420
0.612
0.403
0.468
0.499
0.398
1.540
1.678
1.457
0.412
0.611
0.410
0.458
0.487
0.400
1.548
1.689
1.475
0.398
0.590
0.387
0.443
0.472
0.383
1.543
1.682
1.469
0.405
0.607
0.415
0.440
0.483
0.404
1.508
1.663
1.457
0.416
0.620
0.437
0.447
0.501
0.425
1.490
1.652
1.450
0.409
0.622
0.426
0.439
0.494
0.410
1.522
1.689
1.478
0.454
0.613
0.448
0.495
0.513
0.441
1.521
1.639
1.457
0.407
0.558
0.402
0.446
0.459
0.394
1.484
1.594
1.426
0.441
0.634
0.433
0.487
0.523
0.426
1.558
1.704
1.485
0.430
0.630
0.440
0.472
0.507
0.426
1.559
1.710
1.498
0.421
0.612
0.418
0.461
0.496
0.411
1.559
1.705
1.495
0.436
0.476
0.401
0.540
0.428
0.407
1.599
1.551
1.461
0.440
0.495
0.423
0.522
0.441
0.426
1.559
1.537
1.451
0.433
0.500
0.410
0.524
0.436
0.410
1.603
1.582
1.482
0.499
0.507
0.442
0.616
0.477
0.451
1.637
1.557
1.470
0.447
0.449
0.391
0.554
0.416
0.396
1.586
1.507
1.429
0.481
0.519
0.421
0.598
0.472
0.427
1.662
1.604
1.491
0.471
0.507
0.428
0.592
0.457
0.431
1.675
1.612
1.511
0.460
0.492
0.406
0.579
0.445
0.415
1.669
1.604
1.506
0.425
0.415
0.393
0.532
0.395
0.413
1.542
1.472
1.412
0.431
0.433
0.412
0.519
0.409
0.430
1.507
1.458
1.400
0.423
0.434
0.403
0.512
0.405
0.416
1.541
1.497
1.431
0.478
0.455
0.429
0.592
0.438
0.447
1.562
1.472
1.409
0.435
0.410
0.387
0.544
0.392
0.404
1.530
1.440
1.385
0.462
0.462
0.408
0.578
0.438
0.424
1.593
1.525
1.435
0.456
0.455
0.417
0.576
0.426
0.433
1.607
1.533
1.455
0.441
0.433
0.394
0.559
0.411
0.417
1.600
1.525
1.449
0.405
0.430
0.379
0.503
0.398
0.386
1.551
1.502
1.424
0.413
0.457
0.405
0.494
0.417
0.409
1.525
1.505
1.426
0.407
0.458
0.393
0.491
0.410
0.394
1.560
1.539
1.452
0.465
0.466
0.421
0.579
0.451
0.435
1.588
1.512
1.437
0.418
0.415
0.375
0.521
0.392
0.382
1.550
1.473
1.405
0.451
0.472
0.401
0.559
0.440
0.406
1.620
1.560
1.459
0.443
0.463
0.410
0.556
0.429
0.415
1.636
1.572
1.484
0.430
0.446
0.386
0.539
0.415
0.395
1.626
1.565
1.476
0.398
0.428
0.373
0.492
0.390
0.381
1.546
1.487
1.420
0.402
0.444
0.391
0.481
0.401
0.396
1.510
1.473
1.409
0.402
0.443
0.384
0.481
0.397
0.385
1.547
1.506
1.438
0.449
0.456
0.404
0.557
0.428
0.415
1.565
1.481
1.415
0.409
0.415
0.369
0.510
0.386
0.376
1.535
1.455
1.394
0.439
0.470
0.393
0.543
0.433
0.399
1.598
1.537
1.445
0.436
0.464
0.403
0.542
0.423
0.407
1.607
1.538
1.460
0.420
0.439
0.377
0.525
0.404
0.387
1.606
1.533
1.459
