1.223
1.340
1.139
2.286
2.283
2.142
0.602
0.852
0.808
1.831
1.857
1.795
2.886
2.918
2.830
1.247
1.372
1.305
1.050
1.238
1.078
2.657
2.734
2.588
3.010
3.053
2.975
2.918
2.971
2.738
1.587
1.623
1.492
1.422
1.498
1.164
1.330
1.739
1.454
1.665
1.941
1.583
1.402
1.511
1.261
1.385
1.429
1.218
0.885
1.070
0.734
3.191
3.214
3.002
1.420
1.590
1.539
2.850
2.943
2.593
1.667
1.737
1.656
2.417
2.509
2.312
0.888
1.072
0.992
2.575
2.570
2.193
1.054
1.471
1.295
1.499
1.535
1.487
1.471
1.714
1.540
0.910
0.902
0.860
0.937
1.126
1.033
1.267
1.336
1.226
0.952
1.086
1.069
2.195
2.217
2.113
1.146
1.257
1.195
2.204
2.182
2.127
0.763
0.948
0.705
3.034
3.115
2.907
1.124
1.300
1.246
1.229
1.419
1.214
2.372
2.313
2.127
1.057
1.154
1.017
2.429
2.547
2.316
1.144
1.162
1.129
1.294
1.537
1.303
1.839
2.130
2.061
1.098
1.297
1.151
1.565
1.697
1.587
1.519
1.678
1.305
1.244
1.307
1.162
2.038
2.136
1.901
1.090
1.258
1.165
1.599
1.756
1.667
2.369
2.513
2.424
1.566
1.761
1.655
2.678
2.728
2.666
1.700
1.920
1.746
1.408
1.701
1.507
2.161
2.326
2.212
1.620
1.738
1.546
1.396
1.422
1.346
3.209
3.191
3.252
1.043
1.257
1.104
2.423
2.514
2.413
2.305
2.276
2.150
1.512
1.591
1.294
2.636
2.650
2.648
1.812
1.856
1.674
2.027
2.039
2.031
2.549
2.593
2.421
2.084
2.265
2.149
1.990
2.037
1.982
1.275
1.434
1.367
0.831
0.848
0.805
2.410
2.523
2.485
2.580
2.581
2.506
2.552
2.610
2.562
2.029
2.083
1.985
2.495
2.571
2.360
1.576
1.692
1.647
1.968
1.988
1.915
1.803
1.818
1.735
2.906
3.058
2.986
2.800
2.789
2.543
1.715
1.705
1.556
1.715
1.735
1.592
2.095
2.307
2.299
1.218
1.257
0.823
0.872
1.328
1.054
1.415
1.500
1.338
0.840
1.094
1.035
1.643
1.800
1.610
0.935
0.926
0.872
2.694
2.720
2.630
2.091
2.127
2.020
1.289
1.445
1.345
1.812
1.865
1.730
0.983
0.998
0.733
1.690
1.973
1.875
0.916
1.129
0.983
0.838
0.931
0.841
0.297
0.517
0.396
0.637
1.196
0.981
2.394
2.535
2.599
1.785
1.975
1.856
2.862
2.850
2.659
0.701
0.848
0.752
0.816
0.877
0.896
2.406
2.570
2.490
0.770
1.492
0.974
3.312
3.313
3.248
0.865
1.099
0.976
1.351
1.760
1.149
1.344
1.402
1.055
1.099
1.418
1.147
2.305
2.383
2.138
3.280
3.284
3.240
1.067
1.243
1.121
3.576
3.565
3.747
0.631
0.683
0.672
2.024
1.881
1.755
0.869
0.994
0.918
2.318
2.315
2.158
1.001
1.100
0.983
0.745
1.309
0.611
0.987
1.045
0.948
4.261
4.287
4.274
1.467
1.473
1.279
2.011
2.134
1.976
1.266
1.378
1.305
1.852
1.840
1.714
2.007
1.997
1.971
2.411
2.646
2.525
2.332
2.376
2.352
2.012
2.028
1.992
1.749
1.910
1.867
1.570
1.675
1.494
2.517
2.703
2.604
1.129
1.511
1.522
2.413
2.401
2.360
1.210
1.327
1.275
1.181
1.328
1.212
0.987
0.977
0.865
0.963
1.102
0.958
3.439
3.616
3.455
1.350
1.266
1.283
1.177
1.258
1.039
1.778
1.875
1.594
1.778
2.010
1.561
2.401
2.415
2.233
1.656
1.703
1.540
2.491
2.431
2.271
1.766
1.675
1.675
2.102
2.154
1.987
1.617
1.660
1.622
1.664
1.730
1.556
0.399
0.577
0.473
1.578
1.746
1.711
0.478
0.783
0.612
1.052
1.065
1.058
2.036
2.203
2.011
1.211
1.245
0.793
1.171
1.402
1.168
2.885
2.850
2.770
2.459
2.607
2.556
1.570
1.712
1.620
1.870
1.996
1.963
2.133
2.285
2.181
2.474
2.478
2.179
0.972
1.113
0.795
1.063
1.140
0.978
1.443
1.525
1.365
1.407
1.517
1.179
1.036
1.064
1.034
1.852
1.915
1.736
1.088
1.312
1.153
1.166
1.104
1.048
1.406
1.525
1.350
2.013
1.995
1.945
3.174
3.179
3.183
1.301
1.616
1.317
2.276
2.337
2.180
0.429
0.429
0.425
1.901
1.960
1.857
1.357
1.838
1.635
1.866
1.960
1.887
1.930
2.290
1.951
0.824
0.994
0.876
1.874
2.269
1.906
1.874
2.180
1.906
1.874
2.156
1.906
1.544
1.763
1.696
1.481
1.661
1.523
2.109
2.256
2.173
1.221
1.467
1.231
1.865
1.831
1.732
1.188
1.347
1.284
2.166
2.230
2.207
1.930
1.877
1.873
2.892
2.874
2.681
2.994
2.972
2.781
1.305
1.484
1.368
1.936
1.965
1.851
2.360
2.453
2.316
1.463
1.441
1.424
1.470
1.489
1.323
1.565
1.723
1.632
1.955
1.979
1.883
1.967
2.345
1.832
1.137
1.152
0.977
1.974
2.083
1.908
1.649
1.860
1.703
2.294
2.337
2.229
1.362
1.705
1.461
1.526
1.557
1.395
1.168
1.429
1.376
2.401
2.488
2.403
2.832
2.850
2.857
2.711
2.864
2.926
1.277
1.433
1.327
1.225
1.236
1.242
2.426
2.553
2.532
2.798
2.877
2.892
2.420
2.423
2.422
0.955
1.078
0.938
1.234
1.232
1.143
1.426
1.447
1.385
2.909
2.990
2.688
1.420
1.411
1.327
1.829
2.028
1.920
2.100
2.202
2.067
2.122
2.148
1.782
2.181
2.184
1.832
1.669
1.733
1.471
1.678
1.742
1.355
1.851
1.911
1.724
2.161
2.215
2.025
2.309
2.470
2.188
1.720
1.805
1.692
0.497
0.616
0.520
2.203
2.316
2.166
1.336
1.354
1.219
0.705
1.527
0.863
1.834
1.955
1.867
3.284
3.481
3.263
1.712
1.737
1.520
0.957
1.258
1.163
1.191
1.295
0.981
1.795
1.841
1.695
3.272
3.300
3.232
0.626
0.740
0.746
1.159
1.303
1.405
1.412
1.597
1.487
1.938
2.023
1.979
1.720
1.901
1.883
2.409
2.568
2.478
1.375
1.466
1.282
3.135
3.140
2.975
3.214
3.522
3.554
2.934
2.953
2.768
1.606
1.675
1.717
1.173
1.314
1.290
1.230
1.227
1.117
1.791
1.905
1.742
1.662
1.640
1.526
0.920
1.176
1.044
0.888
1.042
0.915
1.452
1.692
1.575
2.113
2.034
2.039
0.829
0.997
0.935
2.065
2.114
2.068
1.464
1.555
1.475
1.975
1.882
1.808
2.117
2.171
1.999
0.947
1.010
0.813
0.764
1.053
0.971
1.979
2.302
2.173
3.156
3.178
3.110
2.233
2.386
2.277
0.843
0.971
0.584
0.597
1.030
0.759
2.106
2.304
2.081
2.210
2.280
2.211
1.640
1.719
1.466
1.554
1.561
1.571
1.397
1.518
1.277
1.314
1.325
1.233
0.933
1.045
0.982
2.054
2.133
1.984
1.675
1.714
1.652
1.340
1.445
1.360
2.406
2.455
2.259
2.406
2.455
2.259
1.962
1.991
1.899
1.559
1.736
1.609
2.555
2.595
2.365
0.823
1.026
0.722
1.663
1.852
1.786
1.085
1.260
1.073
1.246
1.377
1.212
1.530
1.733
1.522
0.800
0.952
0.789
2.983
3.141
2.979
0.885
1.026
0.839
1.580
1.587
1.450
0.657
0.671
0.683
1.335
1.370
1.564
1.729
1.809
1.761
2.800
2.798
2.815
1.974
2.136
2.070
2.681
2.712
2.597
0.851
1.215
1.009
1.563
1.549
1.240
1.806
1.824
1.689
0.972
1.291
1.160
0.951
1.122
1.053
3.144
3.120
2.935
0.644
1.083
0.820
4.522
4.515
4.351
0.531
0.684
0.502
0.809
1.001
0.900
1.079
1.276
1.206
1.502
1.472
1.310
1.815
1.850
1.695
1.018
1.239
1.138
2.610
2.530
2.499
1.613
2.010
1.622
0.703
1.014
0.831
1.827
1.907
1.847
1.935
2.047
2.031
1.845
1.877
1.800
2.767
2.782
2.712
1.585
1.784
1.522
0.985
1.116
0.953
0.871
0.803
0.764
0.837
1.157
0.865
1.161
1.384
1.223
0.683
0.915
0.820
1.252
1.482
1.392
1.639
1.751
1.729
3.218
3.219
3.133
2.182
2.448
2.178
1.194
1.494
1.539
2.078
2.261
2.193
2.686
2.803
2.651
1.501
1.587
1.413
1.461
1.532
1.530
3.018
3.025
2.911
2.389
2.434
2.263
1.068
1.098
0.925
1.087
1.390
1.080
1.306
1.320
1.233
0.864
1.027
0.952
1.838
1.907
1.808
2.427
2.390
2.295
2.338
2.569
2.336
2.342
2.309
2.240
0.999
1.066
0.780
2.555
2.552
2.243
2.133
2.217
2.058
1.703
1.783
1.633
1.989
2.151
2.021
1.999
2.075
1.988
1.713
1.778
1.569
2.263
2.284
2.287
1.580
1.754
1.667
1.621
1.749
1.730
4.628
4.701
4.626
2.571
2.632
2.462
2.051
2.217
1.716
1.106
1.307
1.190
0.432
0.753
0.714
0.489
0.751
0.427
0.448
0.592
0.459
1.660
1.662
1.608
1.670
1.889
1.669
1.795
2.082
2.071
2.100
2.136
2.077
0.815
0.958
0.853
2.519
2.500
2.298
2.924
3.030
2.796
2.180
2.180
2.143
1.959
2.143
1.984
2.095
2.349
2.092
1.898
1.947
1.709
1.195
1.404
1.322
1.658
2.177
1.397
1.045
1.232
1.031
1.245
1.336
1.264
0.913
1.019
0.937
1.408
1.452
1.403
2.603
2.763
2.623
1.508
1.607
1.900
2.055
2.225
2.030
0.945
2.102
1.057
1.312
2.077
2.054
1.315
1.265
1.167
0.901
1.154
0.896
2.417
2.593
2.499
1.826
2.066
2.062
1.167
1.227
0.796
1.024
1.026
0.890
1.641
1.732
1.736
1.164
1.298
1.020
1.224
1.501
1.324
1.568
1.603
1.577
2.221
2.221
2.087
1.932
1.993
1.910
2.162
2.156
2.063
1.372
1.426
1.207
1.809
1.706
1.643
2.993
3.058
2.834
2.772
2.853
2.701
2.132
2.189
1.931
1.206
1.396
1.246
2.840
2.971
2.766
2.722
2.753
2.576
1.605
1.532
1.248
1.377
1.493
1.434
2.140
2.095
2.091
1.238
1.459
1.248
1.778
1.726
1.410
1.509
1.554
1.353
1.093
1.180
1.164
2.455
2.503
2.190
1.367
1.368
1.355
1.981
2.153
2.095
2.161
2.435
2.517
1.892
1.920
1.924
1.744
1.951
1.783
2.112
2.138
1.973
1.475
1.486
1.356
2.111
2.235
2.116
1.392
1.654
1.516
2.346
2.592
2.398
1.362
1.568
1.404
1.805
1.823
1.676
1.510
1.538
1.226
1.516
1.680
1.508
1.250
1.373
1.290
1.738
1.783
1.685
1.420
1.505
1.361
1.258
1.447
1.373
1.357
1.545
1.349
1.172
1.238
1.194
1.859
2.022
1.967
3.129
3.142
3.045
3.129
3.142
3.045
2.466
2.566
2.539
0.729
0.997
0.703
1.357
1.446
1.374
1.753
1.751
1.719
1.950
2.051
2.006
3.010
2.991
2.906
0.729
0.997
0.703
1.761
1.742
1.775
2.511
2.719
2.429
0.774
0.836
0.652
3.324
3.462
3.402
2.073
2.203
2.033
2.140
2.169
2.133
1.537
1.583
1.495
2.008
2.137
1.982
1.078
1.138
1.161
1.900
1.959
1.794
1.389
1.439
1.386
1.629
1.782
1.670
2.492
2.542
2.401
1.505
1.421
1.281
0.911
1.093
0.954
1.524
1.654
1.557
2.161
2.198
1.994
1.946
2.044
1.821
1.691
1.659
1.642
2.856
3.019
2.908
1.666
1.689
1.590
2.963
3.472
2.775
2.115
2.384
2.159
1.483
1.530
1.403
1.246
1.490
1.370
1.340
1.342
1.199
1.596
1.577
1.278
2.639
2.610
2.569
2.695
2.743
2.604
2.523
2.628
2.554
2.325
2.387
2.277
2.064
2.230
2.021
1.274
1.412
1.339
1.900
1.873
1.508
1.906
1.975
2.135
1.073
1.072
0.744
1.213
1.261
0.955
1.111
1.083
1.033
1.978
2.051
1.820
1.990
2.101
1.929
1.659
1.833
1.727
1.136
1.211
1.166
0.825
1.196
1.085
1.163
1.312
1.189
0.774
0.927
0.702
0.966
1.281
1.100
2.107
2.126
1.949
1.618
1.664
1.463
1.842
1.866
1.772
1.836
1.940
1.677
2.018
2.026
1.879
2.648
2.680
2.539
1.400
1.666
1.458
1.320
1.700
1.441
2.076
2.187
1.932
2.076
2.187
1.932
2.639
2.828
2.778
2.343
2.590
2.469
1.765
1.973
1.864
0.562
0.920
0.733
3.266
3.370
3.099
1.929
1.980
1.697
1.602
1.633
1.501
1.616
1.630
1.482
1.664
1.733
1.564
1.265
1.361
0.939
0.599
0.915
0.647
1.700
1.912
1.756
2.243
2.515
2.327
0.945
1.019
0.946
2.499
2.508
2.480
2.593
2.548
2.500
1.149
1.366
1.193
1.920
1.971
1.912
3.291
3.347
3.125
2.229
2.468
2.455
2.042
2.083
1.991
2.805
2.851
2.805
1.977
1.927
1.785
2.664
2.861
2.578
2.664
2.895
2.578
1.644
1.637
1.568
2.064
2.114
2.060
2.099
2.335
2.287
2.058
2.242
2.032
1.359
1.352
1.247
1.739
1.990
1.843
1.132
1.381
1.265
2.446
2.728
2.484
1.781
1.814
1.661
2.434
2.517
2.308
2.624
2.699
2.678
2.337
2.595
2.444
2.981
3.032
2.931
2.258
2.500
2.305
0.937
1.026
0.989
2.357
2.392
2.305
1.486
1.594
1.559
1.736
1.829
1.640
1.304
1.512
1.261
2.903
2.983
2.821
1.666
1.884
1.745
1.246
1.289
1.193
2.419
2.424
2.244
2.419
2.439
2.195
0.515
0.757
0.578
0.906
0.991
0.832
1.678
1.676
1.601
1.325
1.302
1.236
0.459
0.690
0.544
1.680
1.851
1.785
0.393
0.750
0.607
0.739
1.096
0.844
1.545
1.668
1.695
1.040
1.197
1.119
0.919
1.163
1.004
1.810
2.055
1.936
2.276
2.404
2.271
1.043
0.995
0.940
0.431
0.572
0.337
3.114
3.151
2.848
3.316
3.532
3.168
2.493
2.569
2.437
1.064
1.166
1.036
1.649
1.680
1.579
1.273
1.400
1.169
2.351
2.546
2.278
2.736
2.742
2.545
1.912
1.986
1.891
1.223
1.324
0.908
2.305
2.475
2.268
1.204
1.519
1.165
1.593
1.882
1.526
2.923
2.901
2.739
2.621
2.811
2.666
1.851
1.810
1.533
0.766
0.886
0.807
1.141
1.160
1.079
1.254
1.506
1.263
2.195
2.450
2.136
1.365
1.514
1.282
0.729
0.768
0.736
1.512
1.794
1.762
1.257
1.306
1.189
1.721
1.905
1.835
1.515
1.460
1.343
2.811
2.787
2.662
1.741
1.758
1.605
1.041
1.200
0.920
2.513
2.540
2.479
1.373
1.499
1.431
2.418
2.615
2.810
2.612
2.627
2.514
1.304
1.443
1.341
1.341
1.538
1.443
1.354
1.438
1.382
1.585
1.923
1.746
1.235
1.265
1.169
0.698
0.898
0.791
1.719
1.866
1.769
2.035
2.083
2.051
1.492
1.588
1.538
0.689
0.885
0.729
0.673
0.859
0.796
1.786
1.920
1.728
1.798
2.051
1.918
1.919
2.026
1.797
1.121
1.057
0.913
2.054
2.193
2.042
1.110
1.299
0.934
1.110
1.341
0.934
1.803
1.812
1.728
2.990
3.063
2.937
0.974
1.094
0.972
1.654
1.743
1.441
2.115
2.245
2.035
2.585
2.727
2.557
1.781
1.974
1.766
2.437
2.416
2.320
1.497
1.605
1.485
1.691
1.992
1.779
0.605
0.553
0.505
1.371
1.599
1.500
1.006
1.047
1.044
0.655
0.926
0.763
1.173
1.522
1.387
2.064
2.090
1.874
1.180
1.294
1.005
0.681
1.065
1.021
1.372
1.420
1.136
1.968
1.880
1.779
1.334
1.411
1.370
4.209
4.318
4.270
0.692
0.705
0.700
0.411
0.567
0.514
0.237
0.411
0.299
1.681
1.810
1.580
1.590
1.702
1.616
1.492
1.546
1.472
2.907
3.389
3.221
1.366
1.465
1.203
2.567
2.653
2.629
1.549
1.589
1.458
1.433
1.438
1.338
3.151
3.157
2.907
1.744
1.838
1.698
1.471
1.596
1.519
1.246
1.466
1.302
2.150
2.251
2.191
1.174
1.093
0.981
1.525
1.584
1.392
1.495
1.637
1.528
2.031
1.814
1.703
2.586
2.659
2.525
2.044
2.135
2.079
1.265
1.321
1.195
2.919
2.989
2.902
1.118
1.156
1.099
1.317
1.762
1.699
1.976
2.241
1.948
2.305
2.341
2.199
1.433
1.418
1.371
1.284
1.293
1.156
2.212
2.208
2.177
2.502
2.672
2.447
3.158
3.164
3.092
0.534
0.727
0.679
1.609
1.704
1.643
1.503
1.619
1.524
1.889
2.183
1.898
1.687
1.835
1.804
1.296
1.366
1.144
2.461
2.380
2.391
1.357
1.749
1.738
0.696
0.815
0.545
2.889
2.924
2.896
1.566
1.628
1.568
1.675
1.656
1.570
1.834
1.817
1.704
3.286
3.296
3.187
0.993
1.131
1.048
2.122
2.263
2.178
3.093
3.278
3.239
1.012
1.209
1.150
3.391
3.439
3.338
0.935
1.170
0.927
1.839
2.264
1.826
1.065
1.099
1.007
3.920
3.856
3.892
2.808
2.848
2.654
1.582
1.737
1.384
2.128
2.293
2.197
0.821
1.037
0.919
2.756
2.810
2.542
1.489
1.722
1.545
3.133
3.248
3.062
2.073
2.000
1.883
1.521
1.423
1.231
3.013
3.025
2.988
2.053
2.071
2.012
1.138
1.310
1.249
1.919
2.016
1.835
0.852
1.107
0.920
0.852
1.169
0.920
1.222
1.576
1.254
1.488
1.892
1.661
1.976
2.139
1.834
1.976
2.115
1.827
1.567
1.605
1.537
1.091
1.190
1.128
1.600
1.611
1.507
1.892
1.847
1.876
1.709
1.855
1.808
0.814
1.262
0.956
0.809
0.889
0.771
3.723
3.744
3.820
0.516
0.836
0.595
1.486
1.559
1.414
0.879
1.110
0.983
1.218
1.197
1.074
1.218
1.197
1.074
1.196
1.227
1.138
0.871
0.929
0.767
0.862
0.992
0.917
2.394
2.344
2.371
0.922
0.986
0.921
2.507
2.307
2.210
2.345
2.550
2.339
0.712
1.145
0.679
1.752
1.924
1.656
1.577
1.671
1.409
2.190
2.264
2.204
2.180
2.387
2.350
1.115
1.529
1.193
1.648
1.745
1.576
1.597
1.830
1.736
2.076
2.237
2.081
1.504
1.746
1.788
0.690
0.694
0.621
1.102
1.162
0.993
1.814
1.731
1.703
2.156
2.185
2.025
3.095
3.185
3.204
1.341
1.345
1.171
0.783
1.391
1.194
1.270
1.627
1.520
1.335
1.392
1.343
0.870
0.963
0.859
0.936
1.011
0.925
1.525
1.578
1.464
1.156
1.489
1.345
2.241
2.316
2.240
2.180
2.459
2.151
2.391
2.350
2.149
1.634
1.645
1.543
1.003
1.048
0.988
1.311
1.390
1.217
1.281
1.276
1.217
1.045
1.107
1.062
1.602
1.622
1.527
0.834
1.092
0.908
1.491
1.535
1.376
1.617
1.617
1.231
1.446
1.486
1.273
3.098
3.198
2.850
1.512
1.684
1.543
1.714
1.978
2.297
1.849
2.123
2.482
1.714
1.978
2.297
1.849
2.123
2.482
1.849
2.123
2.482
1.714
1.978
2.297
1.675
1.925
2.222
1.653
1.613
1.538
1.880
1.887
1.805
0.699
0.717
0.714
1.252
1.432
1.116
2.161
2.226
2.045
2.188
2.203
2.291
1.415
1.455
1.362
0.975
1.004
0.957
0.921
0.900
0.794
1.094
1.269
1.061
2.518
2.646
2.886
1.196
1.388
1.192
1.340
1.403
1.217
0.672
0.773
0.635
1.213
1.227
1.021
1.457
1.531
1.404
1.729
1.960
1.741
0.789
1.052
0.821
1.338
1.420
1.374
1.118
1.891
1.477
0.960
1.025
0.802
1.071
1.202
1.048
1.708
1.683
1.469
2.685
2.709
2.635
0.804
0.924
0.878
1.229
1.346
1.351
2.503
2.516
2.394
1.655
1.809
1.758
1.996
2.090
1.927
1.996
2.090
1.927
1.650
1.832
1.672
2.835
2.842
2.642
1.637
1.752
1.665
1.661
1.853
1.737
2.679
2.733
2.415
1.394
1.487
1.190
2.025
2.132
1.975
1.727
1.761
1.475
1.818
1.920
1.833
1.754
1.880
1.784
2.282
2.410
2.095
1.473
1.707
1.608
1.422
1.453
1.245
1.973
2.088
2.034
0.657
0.758
0.672
1.310
1.300
1.270
2.091
2.243
2.073
0.646
0.835
0.623
1.586
1.647
1.604
1.485
1.511
1.476
0.414
0.671
0.482
1.628
1.600
1.514
1.491
1.605
1.369
0.673
0.796
0.721
3.570
3.625
3.592
2.054
2.178
2.080
2.050
2.016
1.891
1.672
1.735
1.643
0.478
0.728
0.572
1.046
1.154
1.019
1.212
1.601
1.647
1.867
2.070
2.036
2.903
3.316
2.863
0.825
0.980
0.958
1.042
1.413
0.971
1.047
0.997
0.946
1.593
1.752
1.494
1.584
1.588
1.537
2.071
2.250
2.138
0.750
0.831
0.761
0.840
0.970
0.918
2.088
2.090
1.739
1.735
1.882
1.746
0.879
1.002
0.942
0.830
0.997
0.830
1.074
1.253
1.131
0.739
0.872
0.709
1.660
1.748
1.699
1.871
1.915
1.822
0.607
0.829
0.725
1.060
1.169
1.114
1.679
1.691
1.493
1.864
1.912
1.833
1.953
2.312
2.013
1.367
1.671
1.562
0.737
1.188
0.807
1.774
1.912
1.663
2.606
2.636
2.397
2.492
2.570
2.318
1.347
1.477
1.395
0.867
1.049
0.950
0.982
1.010
0.932
1.451
1.807
1.499
1.755
1.946
1.762
1.551
1.530
1.568
2.397
2.350
2.250
2.260
2.308
2.269
1.670
1.797
1.742
3.947
3.873
3.977
1.535
1.353
1.303
0.804
1.206
1.332
1.284
1.663
1.418
0.464
0.722
0.597
2.731
2.727
2.628
0.965
1.116
1.042
0.551
0.669
0.530
0.893
1.017
0.748
3.555
3.450
3.412
1.272
1.446
1.346
1.505
1.527
1.420
1.579
1.768
1.812
0.774
0.953
0.797
0.944
1.112
1.041
0.868
0.890
0.886
1.255
1.217
1.102
1.343
1.489
1.454
1.161
1.305
1.215
0.623
0.700
0.617
0.623
0.709
0.688
0.786
1.082
0.851
1.532
1.765
1.460
1.874
1.901
1.746
1.790
1.748
1.610
1.049
1.049
1.087
1.724
1.708
1.556
1.241
1.473
1.117
0.646
0.867
0.759
0.756
0.975
0.823
1.398
1.483
1.468
2.486
2.507
2.282
0.973
1.032
0.888
0.646
0.867
0.759
1.787
1.903
1.774
0.625
0.841
0.735
0.625
0.841
0.735
0.625
0.841
0.735
0.943
1.129
0.973
0.625
0.841
0.735
1.111
1.175
1.154
0.863
0.973
0.937
0.525
0.899
0.685
0.646
0.867
0.759
0.665
0.815
0.736
0.993
1.019
0.795
1.468
1.723
1.463
0.734
0.912
0.824
2.950
2.840
2.844
0.625
0.841
0.735
0.831
1.255
0.958
1.277
1.324
1.280
1.907
1.914
1.820
0.908
1.130
0.955
2.233
2.297
2.062
1.712
1.731
1.362
1.862
1.959
1.874
3.949
4.042
3.878
0.578
0.792
0.686
1.216
1.452
1.299
1.424
1.417
1.083
2.911
3.028
2.538
0.364
0.633
0.518
1.626
1.662
1.429
0.654
0.715
0.620
1.407
1.410
1.011
2.779
2.832
2.701
1.320
1.465
1.405
2.575
2.597
2.464
1.098
1.114
0.803
1.887
1.954
1.651
1.430
1.631
1.518
1.853
1.886
1.888
1.395
1.552
1.456
1.136
1.358
1.280
1.530
1.617
1.594
1.178
1.368
1.255
1.385
1.483
1.394
2.769
2.722
2.741
1.362
1.247
1.106
2.813
2.824
2.729
0.980
1.217
1.062
1.809
1.934
1.924
1.630
1.578
1.518
1.733
1.694
1.645
1.060
1.340
1.204
1.436
1.480
1.415
1.315
1.348
1.195
2.473
2.974
2.833
0.736
0.829
0.668
2.211
2.221
2.056
1.982
1.973
1.891
1.638
1.746
1.710
1.034
1.027
0.956
1.716
1.769
1.685
2.106
2.155
1.918
0.595
0.765
0.558
1.490
1.593
1.529
0.689
0.827
0.778
1.875
2.002
1.779
2.041
2.038
1.859
0.487
0.583
0.591
1.955
1.983
1.807
2.865
3.005
2.888
1.445
1.450
1.302
1.073
1.230
1.133
1.686
1.580
1.520
1.424
1.417
1.083
1.433
1.593
1.456
0.760
0.883
0.789
0.328
0.424
0.398
0.611
0.755
0.591
0.517
0.708
0.606
0.342
0.531
0.441
0.407
0.566
0.486
0.655
0.812
0.725
0.998
1.045
1.031
1.682
1.669
1.521
0.736
0.874
0.628
1.037
1.021
0.980
0.413
0.563
0.481
1.402
1.576
1.310
0.859
1.065
0.958
1.627
1.668
1.450
0.887
0.928
0.596
2.296
2.300
2.206
1.258
1.348
1.271
0.961
1.028
0.981
0.935
1.059
0.635
1.937
1.988
1.959
0.904
0.911
0.966
0.362
0.518
0.443
2.738
2.794
2.650
2.708
2.707
2.593
1.115
1.238
1.015
1.102
1.060
0.873
0.724
0.925
0.850
0.724
0.925
0.850
2.051
2.027
2.004
0.790
1.099
0.822
1.645
1.764
1.676
0.680
0.779
0.664
1.273
1.518
1.332
0.699
0.741
0.709
0.805
1.017
0.885
0.606
0.801
0.689
0.453
0.738
0.548
1.667
1.768
1.720
1.036
1.181
1.051
2.123
2.602
1.897
0.695
0.841
0.762
1.908
2.070
2.019
3.051
3.163
2.919
1.124
1.026
0.893
1.002
1.134
0.962
0.805
0.977
0.930
1.828
2.172
1.946
1.907
1.903
1.553
1.421
1.380
1.369
1.873
1.959
1.749
0.647
0.779
0.706
0.699
0.846
0.765
1.737
1.671
1.487
1.751
1.657
1.485
0.699
0.846
0.765
0.647
0.779
0.706
0.772
0.942
0.791
0.695
0.841
0.762
1.052
1.227
0.987
0.696
1.047
0.867
2.135
2.232
2.009
1.755
1.834
1.704
0.699
0.846
0.765
1.204
1.297
1.238
1.063
1.136
1.035
0.616
0.869
0.722
0.699
0.846
0.765
1.769
1.814
1.714
1.381
1.732
1.488
1.599
1.634
1.522
1.718
1.716
1.594
1.026
1.524
1.224
1.423
1.541
1.531
2.157
2.121
2.031
1.279
1.353
1.178
1.631
1.909
1.844
1.490
1.532
1.388
1.716
1.781
1.440
2.726
2.756
2.662
1.494
1.769
1.677
1.368
1.761
1.489
1.939
1.890
1.748
0.820
0.792
0.695
1.171
1.160
1.299
2.727
3.015
2.751
0.489
0.570
0.526
1.908
2.021
2.038
1.277
1.344
1.203
2.034
1.987
1.943
2.012
2.129
2.212
1.230
1.384
1.258
1.812
1.860
1.638
1.104
1.491
1.153
0.973
1.076
0.957
1.070
1.098
0.900
2.782
2.786
2.587
0.977
1.066
0.881
1.273
1.353
1.303
3.174
3.226
3.132
1.788
1.821
1.797
0.353
0.475
0.359
1.086
1.184
1.177
1.352
1.517
1.407
0.616
0.939
0.659
0.616
0.810
0.659
1.682
1.916
1.570
0.823
1.050
0.893
1.388
1.468
1.387
0.812
0.989
0.809
1.097
1.204
1.128
1.718
1.717
1.548
0.627
0.691
0.621
0.699
0.846
0.765
0.699
0.846
0.765
0.633
0.767
0.692
0.791
0.965
0.841
1.543
1.560
1.510
3.594
3.616
3.523
1.833
1.810
1.730
0.569
0.862
0.748
0.736
0.881
0.738
1.153
1.207
0.976
1.341
1.387
1.161
1.651
1.742
1.646
1.435
1.441
1.263
0.761
0.908
0.825
0.845
1.044
0.944
1.924
2.121
1.685
1.057
1.169
1.035
0.640
0.886
0.728
1.566
1.619
1.423
1.038
1.075
0.997
1.038
1.199
1.144
0.776
0.876
0.804
0.776
0.881
0.820
1.650
1.848
1.560
2.244
2.252
2.180
0.741
0.845
0.817
0.573
0.728
0.645
0.805
1.107
0.845
0.590
0.974
0.698
1.356
1.630
1.500
1.095
1.105
1.087
0.830
0.911
0.853
1.952
2.005
1.828
0.454
1.205
0.750
0.955
1.128
1.043
1.358
1.331
1.202
1.437
1.542
1.429
0.968
1.309
0.928
0.650
0.806
0.686
0.403
0.665
0.496
1.008
0.995
0.935
0.766
0.937
0.735
0.994
0.993
0.829
1.400
1.497
1.186
0.948
1.186
0.809
0.605
0.804
0.761
1.006
1.112
0.978
1.140
1.449
1.453
0.837
0.994
0.910
1.694
1.838
1.591
2.040
2.069
2.006
1.867
1.947
1.795
2.130
2.136
2.089
0.345
0.497
0.416
1.032
1.281
1.030
0.947
1.054
0.973
1.523
1.680
1.588
1.765
1.817
1.682
1.613
1.600
1.559
1.369
1.589
1.408
1.953
2.095
1.940
1.594
1.779
1.649
0.405
0.558
0.477
1.035
1.110
1.028
0.405
0.558
0.477
0.400
0.585
0.494
0.405
0.558
0.477
2.701
2.684
2.592
1.607
1.683
1.572
1.258
1.491
1.404
0.478
0.609
0.533
0.734
0.847
0.754
2.555
2.633
2.412
0.505
0.687
0.551
0.747
1.112
0.913
1.187
1.397
1.259
1.679
1.818
1.579
2.081
2.154
1.806
2.255
2.333
2.300
2.042
2.055
1.847
1.691
1.960
1.781
1.488
1.511
1.433
1.172
1.288
0.974
3.078
3.184
3.025
1.674
1.694
1.479
0.938
1.649
1.461
1.596
1.832
1.685
1.366
1.511
1.266
1.155
1.477
1.279
1.929
1.999
1.934
1.123
1.295
1.227
1.412
1.476
1.195
1.546
1.647
1.529
1.888
1.931
1.669
1.814
1.952
1.866
2.340
2.312
2.083
1.004
0.958
0.778
1.789
1.784
1.548
1.653
1.740
1.539
1.643
1.761
1.708
3.024
3.050
2.950
2.776
2.806
2.566
1.788
1.833
1.698
2.682
2.816
2.535
0.674
0.871
0.789
1.815
1.956
1.830
1.935
2.003
1.979
0.946
1.904
1.212
1.004
1.079
0.685
2.266
2.249
2.124
0.466
0.587
0.512
1.458
1.667
1.535
0.942
1.044
0.955
1.135
1.629
1.238
1.488
1.770
1.619
1.841
1.772
1.857
1.014
1.328
1.151
1.730
1.869
1.570
1.971
2.303
1.942
0.399
0.563
0.469
0.598
0.769
0.584
0.859
1.002
0.855
1.282
1.493
1.272
2.567
2.667
2.626
1.107
1.244
1.184
0.716
0.973
0.928
0.492
0.764
0.441
1.445
1.539
1.425
1.257
1.308
1.143
0.399
0.563
0.469
1.594
1.823
1.673
1.447
1.508
1.478
1.008
1.174
1.074
0.307
0.777
0.499
0.727
0.852
0.692
1.885
1.907
1.784
0.158
0.433
0.309
1.362
1.537
1.433
0.956
1.260
1.172
0.418
0.570
0.491
1.574
1.645
1.586
2.036
2.086
1.971
0.599
0.828
0.636
1.496
1.611
1.501
1.062
1.104
1.085
1.913
1.808
1.698
1.377
1.460
1.228
1.832
1.813
1.796
1.066
1.071
0.959
2.146
2.146
2.047
0.902
1.031
1.010
0.777
1.058
0.770
1.650
1.996
1.821
1.537
1.762
1.366
1.170
1.135
1.065
0.969
1.046
0.749
1.315
1.464
1.506
1.516
1.565
1.492
0.903
1.018
0.919
1.181
1.325
1.353
1.390
1.609
1.380
1.060
1.326
1.181
1.657
1.682
1.606
1.022
1.138
0.993
1.288
1.401
1.332
1.022
1.288
1.157
1.397
1.634
1.504
1.627
1.905
1.429
2.364
2.375
2.308
2.106
2.194
2.106
2.668
2.634
2.610
2.072
2.091
2.015
1.175
1.529
1.175
1.603
1.682
1.225
1.025
1.256
0.790
2.212
2.392
2.209
0.951
1.309
1.036
1.492
1.647
1.589
1.603
1.710
1.647
0.502
0.675
0.523
1.380
1.510
1.144
0.957
1.232
1.141
2.648
2.657
2.446
2.024
2.147
2.076
1.104
1.215
1.182
0.948
1.051
1.038
1.796
1.782
1.734
2.150
2.183
2.063
0.798
0.851
0.810
2.091
2.140
1.970
1.025
1.181
0.985
1.774
2.104
1.842
2.186
2.274
2.155
1.030
1.061
1.042
1.678
1.703
1.620
1.322
1.425
1.137
0.704
0.953
0.701
0.764
0.890
0.822
1.205
1.356
1.246
0.707
0.878
0.742
1.133
1.699
1.167
1.684
1.814
1.673
1.462
1.487
1.397
1.804
1.813
1.701
1.310
1.480
1.575
1.118
1.389
1.306
0.803
1.043
0.843
0.758
1.040
0.803
1.291
1.416
1.341
1.459
1.481
1.358
1.769
1.927
1.850
1.637
1.704
1.583
1.654
1.907
1.569
1.368
1.382
1.304
1.331
1.815
1.238
1.070
1.196
1.124
1.028
1.103
1.047
1.876
1.993
1.844
1.525
1.711
1.488
1.071
1.314
1.131
1.164
1.446
1.224
1.097
1.140
1.068
0.446
0.550
0.488
0.658
0.754
0.677
1.600
1.708
1.637
0.910
0.947
0.713
1.823
2.014
1.921
1.692
1.947
1.742
1.065
1.142
0.963
0.859
0.982
0.857
1.798
1.783
1.763
2.883
2.934
2.892
1.570
1.550
1.555
1.661
1.797
1.700
1.692
1.975
1.884
1.115
1.286
1.153
1.524
1.616
1.566
1.463
1.568
1.477
1.184
1.216
1.181
1.704
1.876
1.855
1.871
1.859
1.695
1.359
1.484
1.394
2.029
2.198
2.156
1.464
1.510
1.490
1.511
1.524
1.417
1.328
1.307
1.227
1.127
1.300
1.122
1.043
1.303
1.106
1.403
1.455
1.418
1.493
1.877
1.552
2.037
2.115
1.825
0.477
1.261
0.556
0.932
0.930
0.811
1.933
1.930
1.912
1.342
1.379
1.090
3.171
3.221
3.114
1.992
2.170
2.061
2.406
2.743
2.546
1.053
1.241
1.129
0.964
1.344
0.977
0.908
1.050
0.955
1.804
1.893
1.886
0.405
0.546
0.469
0.864
1.012
0.951
1.886
1.935
1.968
0.490
0.714
0.572
