0.346
0.312
0.381
0.318
0.498
0.318
0.377
0.334
0.406
0.351
0.525
0.338
0.320
0.338
0.407
0.302
0.531
0.367
0.330
0.438
0.427
0.452
0.381
0.340
0.286
0.417
0.388
0.406
0.374
0.301
0.308
0.524
0.341
0.453
0.339
0.327
0.303
0.535
0.355
0.439
0.324
0.345
0.295
0.536
0.368
0.433
0.314
0.341
0.373
0.316
0.397
0.342
0.508
0.319
0.397
0.336
0.419
0.371
0.532
0.338
0.336
0.338
0.418
0.315
0.535
0.366
0.331
0.442
0.428
0.475
0.396
0.342
0.291
0.429
0.396
0.432
0.392
0.305
0.313
0.530
0.348
0.474
0.339
0.341
0.308
0.540
0.364
0.467
0.325
0.363
0.301
0.540
0.373
0.460
0.319
0.356
0.342
0.296
0.371
0.313
0.492
0.304
0.375
0.316
0.394
0.347
0.516
0.323
0.312
0.321
0.396
0.294
0.528
0.359
0.325
0.436
0.422
0.469
0.391
0.338
0.278
0.405
0.376
0.416
0.369
0.292
0.295
0.510
0.331
0.455
0.320
0.321
0.290
0.522
0.345
0.445
0.306
0.341
0.280
0.520
0.354
0.439
0.297
0.334
0.374
0.328
0.399
0.336
0.513
0.333
0.402
0.346
0.423
0.365
0.536
0.354
0.343
0.344
0.417
0.316
0.543
0.381
0.346
0.444
0.443
0.474
0.391
0.356
0.302
0.420
0.397
0.428
0.381
0.313
0.330
0.537
0.365
0.493
0.353
0.358
0.323
0.550
0.382
0.481
0.338
0.377
0.316
0.551
0.394
0.480
0.332
0.375
0.357
0.342
0.394
0.338
0.492
0.332
0.373
0.365
0.414
0.363
0.519
0.352
0.328
0.377
0.417
0.317
0.528
0.382
0.349
0.480
0.449
0.511
0.429
0.359
0.298
0.434
0.394
0.453
0.398
0.309
0.325
0.525
0.367
0.494
0.376
0.345
0.319
0.530
0.380
0.479
0.353
0.360
0.309
0.529
0.384
0.468
0.348
0.350
0.360
0.318
0.393
0.331
0.426
0.320
0.380
0.340
0.414
0.360
0.459
0.340
0.325
0.351
0.417
0.308
0.472
0.375
0.326
0.419
0.424
0.487
0.380
0.342
0.285
0.395
0.385
0.441
0.369
0.302
0.308
0.477
0.346
0.474
0.347
0.336
0.307
0.481
0.362
0.471
0.334
0.359
0.295
0.476
0.363
0.457
0.326
0.346
0.340
0.318
0.378
0.330
0.469
0.317
0.363
0.341
0.402
0.360
0.505
0.341
0.313
0.354
0.404
0.309
0.510
0.373
0.330
0.442
0.435
0.497
0.404
0.348
0.282
0.419
0.390
0.446
0.388
0.305
0.304
0.498
0.352
0.467
0.346
0.330
0.302
0.510
0.365
0.458
0.332
0.347
0.292
0.508
0.369
0.451
0.324
0.340
0.328
0.299
0.363
0.315
0.409
0.303
0.339
0.321
0.383
0.338
0.444
0.324
0.294
0.337
0.388
0.291
0.447
0.353
0.305
0.407
0.402
0.440
0.356
0.321
0.271
0.387
0.372
0.407
0.349
0.291
0.293
0.462
0.336
0.429
0.334
0.311
0.291
0.466
0.354
0.423
0.314
0.334
0.277
0.463
0.355
0.411
0.302
0.324
0.409
0.390
0.440
0.416
0.566
0.407
0.428
0.414
0.462
0.435
0.584
0.422
0.379
0.423
0.460
0.391
0.590
0.448
0.413
0.515
0.496
0.557
0.493
0.448
0.356
0.483
0.443
0.497
0.468
0.387
0.383
0.559
0.402
0.516
0.430
0.392
0.375
0.567
0.420
0.505
0.412
0.411
0.357
0.555
0.411
0.487
0.396
0.392
0.364
0.337
0.380
0.354
0.521
0.320
0.384
0.354
0.399
0.383
0.546
0.339
0.333
0.364
0.402
0.324
0.548
0.360
0.351
0.465
0.423
0.506
0.423
0.358
0.302
0.436
0.374
0.454
0.413
0.307
0.328
0.539
0.345
0.479
0.365
0.340
0.326
0.547
0.355
0.472
0.354
0.354
0.312
0.544
0.358
0.459
0.339
0.344
0.349
0.332
0.337
0.349
0.477
0.299
0.374
0.345
0.364
0.374
0.499
0.323
0.323
0.353
0.363
0.315
0.495
0.334
0.336
0.453
0.388
0.460
0.438
0.333
0.294
0.408
0.343
0.422
0.412
0.295
0.316
0.490
0.331
0.446
0.360
0.322
0.314
0.495
0.337
0.436
0.351
0.328
0.300
0.485
0.332
0.425
0.341
0.317
0.376
0.358
0.405
0.375
0.533
0.359
0.391
0.370
0.419
0.392
0.548
0.373
0.341
0.386
0.424
0.342
0.558
0.401
0.368
0.466
0.439
0.495
0.436
0.385
0.329
0.453
0.404
0.459
0.432
0.351
0.354
0.543
0.368
0.484
0.393
0.366
0.344
0.548
0.379
0.468
0.372
0.376
0.328
0.534
0.369
0.453
0.358
0.357
0.345
0.316
0.386
0.315
0.497
0.327
0.360
0.341
0.402
0.339
0.523
0.347
0.320
0.350
0.414
0.305
0.540
0.385
0.332
0.424
0.426
0.454
0.371
0.344
0.290
0.400
0.385
0.408
0.361
0.306
0.316
0.517
0.341
0.463
0.348
0.329
0.308
0.526
0.351
0.447
0.329
0.345
0.296
0.525
0.364
0.440
0.316
0.342
0.360
0.309
0.388
0.329
0.503
0.313
0.374
0.330
0.406
0.351
0.525
0.333
0.325
0.336
0.411
0.304
0.533
0.363
0.318
0.419
0.415
0.446
0.367
0.326
0.282
0.412
0.386
0.407
0.365
0.292
0.308
0.529
0.341
0.457
0.331
0.330
0.302
0.537
0.353
0.446
0.317
0.346
0.292
0.534
0.365
0.442
0.309
0.344
0.330
0.293
0.364
0.304
0.490
0.300
0.354
0.314
0.385
0.329
0.510
0.319
0.304
0.322
0.391
0.286
0.527
0.357
0.317
0.415
0.412
0.446
0.365
0.326
0.273
0.390
0.369
0.395
0.347
0.283
0.290
0.507
0.322
0.441
0.315
0.310
0.283
0.517
0.334
0.427
0.301
0.326
0.271
0.514
0.346
0.420
0.289
0.323
0.368
0.327
0.395
0.327
0.511
0.330
0.387
0.350
0.418
0.352
0.535
0.355
0.340
0.351
0.418
0.310
0.546
0.382
0.340
0.429
0.435
0.452
0.368
0.345
0.302
0.413
0.394
0.412
0.364
0.306
0.328
0.539
0.360
0.483
0.353
0.351
0.319
0.548
0.374
0.468
0.337
0.366
0.309
0.548
0.388
0.464
0.326
0.364
0.349
0.342
0.392
0.329
0.490
0.331
0.363
0.371
0.414
0.351
0.517
0.354
0.323
0.378
0.416
0.312
0.526
0.381
0.346
0.468
0.445
0.491
0.411
0.351
0.297
0.424
0.391
0.438
0.381
0.304
0.324
0.523
0.361
0.484
0.375
0.339
0.318
0.527
0.374
0.468
0.352
0.351
0.303
0.524
0.378
0.453
0.341
0.341
0.348
0.311
0.382
0.318
0.416
0.314
0.361
0.333
0.400
0.339
0.444
0.332
0.311
0.342
0.404
0.293
0.458
0.365
0.316
0.399
0.412
0.461
0.354
0.325
0.278
0.379
0.374
0.420
0.345
0.289
0.302
0.467
0.335
0.460
0.338
0.322
0.298
0.468
0.349
0.453
0.323
0.342
0.284
0.461
0.352
0.439
0.313
0.331
0.326
0.311
0.368
0.315
0.456
0.310
0.345
0.339
0.393
0.341
0.494
0.337
0.302
0.350
0.396
0.299
0.503
0.370
0.321
0.422
0.424
0.476
0.380
0.335
0.278
0.402
0.382
0.428
0.363
0.293
0.298
0.487
0.339
0.453
0.340
0.315
0.293
0.496
0.352
0.441
0.323
0.330
0.282
0.494
0.358
0.433
0.312
0.325
0.319
0.294
0.357
0.307
0.402
0.300
0.328
0.319
0.376
0.325
0.432
0.320
0.288
0.334
0.384
0.284
0.438
0.349
0.296
0.390
0.391
0.420
0.334
0.309
0.265
0.374
0.364
0.387
0.327
0.280
0.288
0.456
0.327
0.418
0.327
0.302
0.285
0.457
0.343
0.409
0.308
0.322
0.270
0.453
0.346
0.396
0.293
0.313
0.400
0.386
0.432
0.413
0.568
0.407
0.414
0.412
0.452
0.426
0.580
0.418
0.371
0.421
0.453
0.388
0.593
0.447
0.407
0.500
0.487
0.542
0.479
0.442
0.351
0.470
0.435
0.483
0.454
0.380
0.377
0.555
0.394
0.501
0.423
0.380
0.370
0.561
0.410
0.488
0.405
0.394
0.352
0.551
0.405
0.473
0.389
0.381
0.359
0.338
0.378
0.348
0.523
0.319
0.373
0.358
0.394
0.370
0.542
0.336
0.329
0.365
0.399
0.318
0.548
0.357
0.346
0.450
0.415
0.482
0.400
0.344
0.299
0.427
0.370
0.436
0.395
0.298
0.328
0.542
0.341
0.471
0.365
0.333
0.325
0.547
0.348
0.461
0.352
0.343
0.309
0.543
0.354
0.449
0.336
0.337
0.339
0.330
0.332
0.336
0.474
0.293
0.362
0.346
0.359
0.360
0.495
0.320
0.317
0.355
0.362
0.307
0.495
0.332
0.323
0.439
0.377
0.428
0.412
0.315
0.289
0.402
0.338
0.400
0.397
0.286
0.312
0.490
0.327
0.433
0.357
0.316
0.309
0.493
0.330
0.422
0.349
0.320
0.292
0.482
0.326
0.409
0.334
0.309
0.372
0.360
0.403
0.371
0.536
0.360
0.382
0.375
0.416
0.386
0.548
0.374
0.339
0.391
0.424
0.340
0.562
0.403
0.363
0.452
0.432
0.481
0.421
0.380
0.326
0.440
0.399
0.447
0.416
0.346
0.353
0.542
0.363
0.477
0.393
0.361
0.342
0.546
0.371
0.458
0.370
0.368
0.324
0.531
0.363
0.443
0.354
0.350
0.359
0.330
0.402
0.329
0.509
0.338
0.371
0.351
0.414
0.348
0.529
0.353
0.328
0.358
0.424
0.311
0.546
0.392
0.347
0.437
0.438
0.482
0.390
0.362
0.296
0.407
0.392
0.422
0.368
0.310
0.332
0.527
0.345
0.482
0.365
0.338
0.318
0.532
0.358
0.466
0.341
0.355
0.310
0.531
0.370
0.461
0.332
0.353
0.347
0.316
0.384
0.317
0.502
0.318
0.366
0.337
0.403
0.341
0.523
0.334
0.315
0.339
0.406
0.293
0.533
0.365
0.329
0.427
0.422
0.449
0.369
0.337
0.283
0.409
0.384
0.397
0.356
0.289
0.312
0.530
0.335
0.452
0.342
0.320
0.303
0.536
0.348
0.437
0.324
0.337
0.295
0.537
0.364
0.435
0.317
0.338
0.346
0.305
0.380
0.319
0.502
0.310
0.366
0.321
0.394
0.339
0.514
0.323
0.312
0.328
0.400
0.293
0.534
0.363
0.336
0.437
0.429
0.476
0.387
0.345
0.279
0.399
0.376
0.414
0.359
0.288
0.306
0.519
0.329
0.462
0.331
0.320
0.292
0.524
0.341
0.448
0.311
0.337
0.284
0.522
0.353
0.442
0.304
0.334
0.383
0.341
0.412
0.345
0.527
0.344
0.396
0.357
0.426
0.362
0.542
0.360
0.349
0.356
0.427
0.321
0.556
0.390
0.354
0.443
0.447
0.480
0.387
0.361
0.307
0.420
0.401
0.431
0.376
0.314
0.343
0.550
0.366
0.501
0.366
0.360
0.330
0.556
0.381
0.486
0.347
0.376
0.324
0.558
0.397
0.487
0.342
0.378
0.362
0.353
0.406
0.341
0.500
0.340
0.370
0.376
0.421
0.356
0.521
0.357
0.329
0.384
0.426
0.317
0.535
0.390
0.360
0.480
0.458
0.519
0.426
0.369
0.300
0.429
0.396
0.450
0.387
0.307
0.334
0.531
0.364
0.499
0.388
0.345
0.322
0.530
0.377
0.482
0.359
0.358
0.312
0.528
0.381
0.470
0.353
0.349
0.361
0.323
0.397
0.331
0.422
0.324
0.372
0.341
0.411
0.349
0.447
0.338
0.322
0.351
0.417
0.302
0.461
0.374
0.333
0.415
0.426
0.489
0.372
0.344
0.287
0.388
0.384
0.436
0.355
0.297
0.317
0.476
0.343
0.479
0.356
0.334
0.309
0.472
0.359
0.472
0.336
0.353
0.297
0.470
0.360
0.460
0.330
0.344
0.340
0.323
0.383
0.327
0.467
0.320
0.356
0.343
0.401
0.348
0.496
0.338
0.310
0.353
0.404
0.302
0.506
0.374
0.332
0.436
0.435
0.498
0.395
0.349
0.282
0.411
0.389
0.440
0.371
0.298
0.308
0.496
0.345
0.470
0.353
0.325
0.300
0.502
0.358
0.458
0.333
0.340
0.289
0.498
0.361
0.448
0.323
0.333
0.329
0.304
0.368
0.315
0.411
0.306
0.334
0.327
0.384
0.330
0.440
0.324
0.293
0.340
0.391
0.288
0.446
0.354
0.307
0.403
0.402
0.442
0.350
0.323
0.271
0.384
0.373
0.402
0.338
0.285
0.297
0.466
0.331
0.431
0.340
0.307
0.292
0.467
0.349
0.423
0.318
0.329
0.278
0.462
0.350
0.411
0.307
0.321
0.407
0.393
0.441
0.419
0.573
0.413
0.419
0.417
0.458
0.429
0.584
0.424
0.372
0.423
0.458
0.385
0.593
0.448
0.418
0.511
0.496
0.560
0.488
0.453
0.357
0.480
0.444
0.497
0.463
0.386
0.390
0.564
0.400
0.516
0.435
0.386
0.377
0.566
0.415
0.501
0.412
0.400
0.362
0.556
0.409
0.490
0.403
0.390
0.372
0.349
0.391
0.363
0.534
0.329
0.382
0.366
0.404
0.379
0.550
0.344
0.337
0.374
0.411
0.326
0.556
0.365
0.362
0.464
0.431
0.510
0.419
0.364
0.306
0.436
0.378
0.452
0.406
0.306
0.341
0.551
0.348
0.488
0.379
0.342
0.334
0.554
0.356
0.476
0.361
0.353
0.320
0.549
0.360
0.467
0.350
0.348
0.355
0.342
0.347
0.356
0.489
0.308
0.374
0.357
0.373
0.373
0.506
0.331
0.326
0.363
0.374
0.318
0.505
0.343
0.341
0.452
0.393
0.459
0.432
0.337
0.299
0.414
0.350
0.420
0.410
0.295
0.324
0.499
0.334
0.450
0.369
0.326
0.319
0.502
0.340
0.438
0.357
0.330
0.306
0.492
0.336
0.427
0.347
0.321
0.397
0.383
0.430
0.397
0.560
0.384
0.402
0.395
0.439
0.407
0.569
0.396
0.356
0.408
0.445
0.359
0.582
0.425
0.391
0.481
0.460
0.515
0.447
0.409
0.347
0.463
0.422
0.470
0.435
0.365
0.382
0.569
0.386
0.503
0.418
0.382
0.365
0.569
0.393
0.481
0.390
0.387
0.351
0.556
0.387
0.472
0.380
0.373
0.332
0.305
0.371
0.308
0.487
0.315
0.341
0.320
0.381
0.322
0.503
0.327
0.304
0.328
0.393
0.291
0.522
0.364
0.326
0.415
0.417
0.461
0.371
0.342
0.276
0.388
0.368
0.406
0.354
0.291
0.302
0.503
0.327
0.453
0.334
0.316
0.296
0.513
0.338
0.440
0.317
0.331
0.286
0.512
0.351
0.437
0.308
0.331
0.319
0.294
0.355
0.298
0.484
0.298
0.340
0.311
0.374
0.320
0.500
0.312
0.296
0.317
0.380
0.279
0.514
0.345
0.312
0.410
0.404
0.431
0.355
0.321
0.266
0.392
0.362
0.383
0.345
0.275
0.289
0.511
0.322
0.429
0.321
0.304
0.284
0.519
0.332
0.412
0.305
0.316
0.275
0.520
0.347
0.413
0.298
0.318
0.347
0.297
0.371
0.323
0.492
0.299
0.358
0.310
0.386
0.338
0.504
0.311
0.311
0.315
0.392
0.292
0.517
0.344
0.312
0.412
0.406
0.454
0.367
0.323
0.269
0.401
0.370
0.409
0.364
0.280
0.294
0.514
0.327
0.451
0.319
0.318
0.289
0.523
0.341
0.443
0.305
0.335
0.280
0.520
0.350
0.439
0.300
0.332
0.353
0.316
0.380
0.321
0.503
0.320
0.371
0.330
0.399
0.339
0.516
0.336
0.325
0.329
0.398
0.300
0.531
0.365
0.332
0.415
0.425
0.459
0.366
0.343
0.286
0.398
0.376
0.411
0.359
0.295
0.315
0.525
0.348
0.474
0.339
0.338
0.308
0.535
0.360
0.461
0.325
0.353
0.301
0.537
0.378
0.463
0.320
0.356
0.335
0.325
0.373
0.317
0.471
0.314
0.342
0.345
0.390
0.331
0.490
0.330
0.305
0.355
0.394
0.295
0.505
0.362
0.332
0.452
0.430
0.495
0.401
0.342
0.277
0.406
0.369
0.431
0.366
0.285
0.306
0.502
0.344
0.471
0.355
0.322
0.301
0.506
0.353
0.457
0.334
0.333
0.289
0.505
0.362
0.448
0.328
0.328
0.336
0.298
0.367
0.310
0.395
0.300
0.346
0.313
0.383
0.326
0.422
0.313
0.299
0.322
0.387
0.282
0.436
0.349
0.311
0.392
0.405
0.469
0.353
0.323
0.265
0.365
0.359
0.420
0.337
0.276
0.288
0.450
0.323
0.452
0.324
0.311
0.286
0.449
0.335
0.446
0.309
0.329
0.273
0.446
0.339
0.436
0.303
0.322
0.317
0.300
0.354
0.307
0.440
0.298
0.329
0.318
0.373
0.323
0.467
0.316
0.290
0.329
0.377
0.283
0.478
0.351
0.313
0.411
0.414
0.478
0.374
0.329
0.261
0.387
0.362
0.422
0.352
0.277
0.285
0.467
0.327
0.444
0.325
0.304
0.281
0.475
0.337
0.435
0.310
0.317
0.271
0.477
0.345
0.430
0.304
0.316
0.311
0.283
0.343
0.300
0.386
0.286
0.314
0.302
0.358
0.312
0.410
0.301
0.275
0.314
0.366
0.273
0.421
0.333
0.290
0.381
0.382
0.427
0.330
0.305
0.254
0.363
0.350
0.390
0.320
0.269
0.277
0.444
0.317
0.414
0.319
0.293
0.275
0.444
0.332
0.405
0.298
0.311
0.261
0.443
0.336
0.396
0.287
0.305
0.387
0.371
0.416
0.401
0.554
0.389
0.396
0.390
0.431
0.407
0.560
0.398
0.355
0.399
0.433
0.370
0.573
0.426
0.400
0.488
0.476
0.545
0.467
0.433
0.337
0.458
0.419
0.481
0.443
0.364
0.367
0.542
0.382
0.496
0.412
0.369
0.360
0.549
0.398
0.486
0.393
0.384
0.340
0.538
0.392
0.471
0.379
0.372
0.344
0.325
0.361
0.342
0.513
0.306
0.355
0.338
0.374
0.357
0.525
0.318
0.313
0.345
0.378
0.307
0.533
0.339
0.339
0.440
0.406
0.492
0.399
0.343
0.287
0.416
0.355
0.439
0.392
0.289
0.315
0.526
0.326
0.462
0.351
0.319
0.314
0.534
0.335
0.453
0.338
0.329
0.299
0.530
0.341
0.445
0.326
0.324
0.332
0.321
0.322
0.338
0.470
0.286
0.351
0.330
0.344
0.354
0.481
0.305
0.306
0.337
0.343
0.301
0.482
0.317
0.319
0.431
0.369
0.443
0.416
0.317
0.279
0.392
0.325
0.408
0.396
0.279
0.300
0.477
0.314
0.428
0.345
0.305
0.296
0.479
0.316
0.417
0.336
0.307
0.286
0.474
0.318
0.410
0.329
0.302
0.365
0.352
0.392
0.368
0.530
0.351
0.369
0.358
0.400
0.375
0.534
0.359
0.329
0.378
0.409
0.332
0.552
0.390
0.362
0.450
0.428
0.490
0.420
0.380
0.316
0.435
0.387
0.447
0.412
0.335
0.346
0.536
0.355
0.472
0.383
0.353
0.336
0.540
0.363
0.455
0.363
0.359
0.321
0.528
0.359
0.446
0.352
0.348
0.363
0.328
0.400
0.328
0.506
0.338
0.366
0.349
0.411
0.343
0.528
0.356
0.325
0.354
0.417
0.308
0.541
0.391
0.342
0.433
0.436
0.466
0.380
0.355
0.300
0.408
0.392
0.422
0.369
0.312
0.329
0.528
0.354
0.482
0.358
0.345
0.318
0.533
0.364
0.466
0.338
0.359
0.310
0.535
0.378
0.463
0.329
0.359
0.348
0.316
0.382
0.315
0.499
0.318
0.364
0.339
0.402
0.341
0.524
0.340
0.315
0.340
0.402
0.295
0.530
0.367
0.328
0.427
0.422
0.438
0.364
0.334
0.287
0.409
0.383
0.398
0.359
0.294
0.315
0.531
0.345
0.456
0.343
0.330
0.305
0.536
0.354
0.438
0.326
0.341
0.296
0.538
0.372
0.436
0.316
0.343
0.377
0.319
0.400
0.342
0.510
0.320
0.382
0.338
0.414
0.357
0.529
0.340
0.332
0.339
0.415
0.308
0.535
0.368
0.326
0.427
0.421
0.457
0.376
0.335
0.291
0.419
0.391
0.421
0.378
0.298
0.317
0.534
0.350
0.475
0.340
0.345
0.309
0.541
0.363
0.465
0.325
0.360
0.303
0.542
0.377
0.460
0.318
0.357
0.345
0.301
0.374
0.314
0.494
0.307
0.360
0.320
0.391
0.335
0.512
0.326
0.308
0.321
0.392
0.288
0.525
0.359
0.325
0.423
0.420
0.458
0.374
0.335
0.279
0.395
0.371
0.411
0.357
0.287
0.300
0.513
0.331
0.457
0.322
0.323
0.290
0.520
0.343
0.443
0.307
0.337
0.281
0.520
0.357
0.438
0.297
0.335
0.365
0.350
0.404
0.341
0.494
0.339
0.366
0.375
0.419
0.352
0.517
0.357
0.327
0.381
0.421
0.313
0.526
0.387
0.349
0.467
0.447
0.496
0.409
0.352
0.301
0.424
0.393
0.448
0.383
0.305
0.332
0.529
0.370
0.497
0.378
0.348
0.322
0.529
0.380
0.480
0.354
0.359
0.314
0.531
0.390
0.473
0.349
0.354
0.364
0.322
0.397
0.330
0.420
0.323
0.368
0.341
0.411
0.346
0.451
0.341
0.318
0.346
0.411
0.298
0.454
0.372
0.326
0.411
0.422
0.475
0.364
0.335
0.286
0.386
0.381
0.434
0.353
0.296
0.313
0.475
0.346
0.480
0.348
0.338
0.308
0.475
0.360
0.471
0.331
0.353
0.297
0.473
0.367
0.461
0.326
0.348
0.348
0.325
0.386
0.332
0.469
0.325
0.357
0.347
0.405
0.349
0.501
0.348
0.312
0.356
0.406
0.304
0.504
0.379
0.331
0.432
0.435
0.491
0.389
0.345
0.286
0.409
0.389
0.445
0.373
0.301
0.310
0.496
0.353
0.475
0.348
0.332
0.304
0.504
0.365
0.464
0.331
0.345
0.297
0.507
0.375
0.458
0.325
0.342
0.335
0.304
0.369
0.316
0.405
0.305
0.333
0.324
0.382
0.328
0.433
0.324
0.291
0.335
0.386
0.285
0.437
0.353
0.303
0.396
0.398
0.431
0.339
0.316
0.271
0.378
0.368
0.400
0.333
0.286
0.296
0.462
0.335
0.435
0.334
0.313
0.291
0.464
0.352
0.425
0.314
0.331
0.279
0.461
0.356
0.416
0.302
0.324
0.413
0.394
0.442
0.418
0.569
0.410
0.418
0.416
0.458
0.425
0.579
0.422
0.373
0.422
0.455
0.384
0.586
0.446
0.412
0.504
0.491
0.547
0.478
0.444
0.358
0.477
0.440
0.494
0.459
0.384
0.388
0.561
0.404
0.520
0.432
0.392
0.376
0.564
0.418
0.504
0.410
0.405
0.362
0.557
0.416
0.492
0.400
0.394
0.373
0.346
0.387
0.361
0.527
0.326
0.377
0.361
0.398
0.374
0.544
0.343
0.332
0.368
0.400
0.321
0.546
0.361
0.355
0.456
0.424
0.496
0.407
0.353
0.307
0.430
0.376
0.453
0.401
0.306
0.337
0.545
0.349
0.488
0.370
0.343
0.333
0.549
0.357
0.477
0.355
0.352
0.320
0.548
0.365
0.468
0.343
0.349
0.360
0.343
0.348
0.357
0.487
0.308
0.374
0.356
0.373
0.372
0.503
0.331
0.327
0.359
0.369
0.317
0.499
0.338
0.337
0.447
0.389
0.447
0.422
0.328
0.301
0.409
0.348
0.420
0.405
0.295
0.326
0.499
0.339
0.451
0.365
0.329
0.319
0.500
0.342
0.438
0.352
0.330
0.310
0.497
0.345
0.433
0.346
0.326
0.381
0.363
0.409
0.373
0.533
0.358
0.383
0.374
0.417
0.382
0.543
0.372
0.337
0.388
0.421
0.334
0.553
0.398
0.364
0.454
0.434
0.482
0.417
0.377
0.326
0.441
0.399
0.449
0.412
0.341
0.358
0.544
0.367
0.486
0.393
0.366
0.341
0.544
0.373
0.465
0.367
0.370
0.331
0.537
0.372
0.458
0.359
0.360
0.364
0.328
0.403
0.328
0.488
0.336
0.373
0.345
0.411
0.346
0.503
0.348
0.330
0.353
0.420
0.310
0.519
0.386
0.345
0.439
0.436
0.500
0.400
0.356
0.297
0.407
0.387
0.442
0.377
0.305
0.333
0.512
0.353
0.499
0.359
0.346
0.318
0.517
0.368
0.482
0.335
0.365
0.315
0.520
0.378
0.482
0.334
0.364
0.353
0.316
0.386
0.319
0.483
0.317
0.373
0.337
0.406
0.347
0.501
0.335
0.323
0.338
0.407
0.298
0.509
0.364
0.333
0.437
0.427
0.473
0.388
0.340
0.284
0.409
0.380
0.420
0.369
0.291
0.318
0.516
0.347
0.474
0.346
0.335
0.305
0.519
0.361
0.458
0.326
0.352
0.301
0.524
0.372
0.454
0.321
0.349
0.385
0.323
0.407
0.348
0.495
0.321
0.399
0.342
0.423
0.368
0.511
0.340
0.344
0.342
0.424
0.315
0.516
0.368
0.338
0.445
0.434
0.495
0.403
0.345
0.293
0.422
0.393
0.448
0.390
0.300
0.325
0.524
0.358
0.499
0.348
0.354
0.315
0.527
0.375
0.491
0.330
0.376
0.312
0.531
0.382
0.485
0.329
0.370
0.353
0.306
0.382
0.319
0.485
0.311
0.372
0.321
0.396
0.342
0.495
0.324
0.317
0.326
0.400
0.293
0.511
0.361
0.329
0.437
0.424
0.491
0.397
0.339
0.280
0.400
0.372
0.433
0.368
0.286
0.305
0.503
0.336
0.476
0.327
0.329
0.293
0.507
0.350
0.462
0.307
0.346
0.290
0.513
0.362
0.460
0.305
0.344
0.391
0.342
0.415
0.346
0.507
0.343
0.409
0.359
0.433
0.367
0.521
0.361
0.356
0.355
0.429
0.322
0.530
0.388
0.355
0.447
0.449
0.497
0.398
0.360
0.310
0.422
0.401
0.449
0.385
0.314
0.346
0.538
0.377
0.520
0.368
0.373
0.331
0.542
0.392
0.505
0.346
0.390
0.331
0.551
0.408
0.508
0.348
0.392
0.366
0.325
0.401
0.331
0.427
0.323
0.371
0.338
0.410
0.349
0.446
0.335
0.323
0.351
0.418
0.301
0.460
0.374
0.330
0.424
0.428
0.512
0.384
0.340
0.283
0.389
0.379
0.455
0.361
0.292
0.315
0.474
0.348
0.496
0.350
0.340
0.306
0.477
0.367
0.488
0.330
0.361
0.301
0.477
0.371
0.481
0.332
0.354
0.350
0.324
0.388
0.332
0.460
0.321
0.358
0.342
0.403
0.349
0.484
0.338
0.315
0.354
0.407
0.304
0.490
0.371
0.332
0.442
0.437
0.519
0.407
0.346
0.281
0.411
0.385
0.459
0.379
0.295
0.311
0.490
0.354
0.489
0.351
0.334
0.302
0.497
0.368
0.476
0.329
0.350
0.297
0.500
0.375
0.472
0.328
0.347
0.330
0.300
0.366
0.311
0.401
0.298
0.331
0.319
0.377
0.325
0.422
0.314
0.287
0.329
0.381
0.278
0.425
0.343
0.303
0.400
0.398
0.460
0.351
0.312
0.265
0.376
0.363
0.419
0.337
0.276
0.293
0.450
0.332
0.448
0.331
0.309
0.285
0.452
0.351
0.439
0.308
0.332
0.278
0.452
0.353
0.432
0.303
0.325
0.434
0.412
0.463
0.432
0.563
0.426
0.446
0.434
0.480
0.448
0.576
0.439
0.398
0.438
0.478
0.403
0.581
0.461
0.437
0.522
0.513
0.605
0.509
0.467
0.377
0.492
0.458
0.540
0.481
0.400
0.411
0.566
0.424
0.564
0.455
0.418
0.401
0.572
0.444
0.552
0.434
0.437
0.385
0.562
0.434
0.534
0.422
0.419
0.371
0.341
0.388
0.351
0.503
0.323
0.382
0.358
0.401
0.371
0.519
0.337
0.334
0.365
0.406
0.318
0.524
0.362
0.354
0.457
0.425
0.526
0.418
0.352
0.302
0.427
0.372
0.471
0.405
0.297
0.335
0.528
0.351
0.505
0.369
0.346
0.327
0.531
0.360
0.493
0.351
0.357
0.320
0.534
0.367
0.486
0.346
0.353
0.365
0.336
0.348
0.358
0.466
0.304
0.382
0.349
0.372
0.375
0.479
0.325
0.330
0.350
0.368
0.316
0.473
0.334
0.342
0.440
0.393
0.488
0.430
0.337
0.298
0.397
0.343
0.446
0.402
0.292
0.326
0.481
0.337
0.476
0.367
0.332
0.316
0.479
0.341
0.460
0.350
0.333
0.308
0.476
0.341
0.454
0.345
0.327
0.393
0.367
0.419
0.378
0.511
0.363
0.397
0.377
0.427
0.391
0.524
0.377
0.348
0.390
0.433
0.340
0.531
0.404
0.369
0.448
0.436
0.528
0.432
0.389
0.327
0.435
0.398
0.486
0.424
0.346
0.364
0.526
0.370
0.518
0.402
0.377
0.345
0.524
0.379
0.498
0.375
0.385
0.338
0.519
0.375
0.490
0.371
0.373
0.341
0.306
0.381
0.307
0.455
0.314
0.349
0.324
0.389
0.323
0.473
0.328
0.310
0.333
0.403
0.291
0.489
0.370
0.328
0.405
0.417
0.478
0.366
0.343
0.282
0.385
0.372
0.425
0.355
0.294
0.317
0.486
0.325
0.478
0.343
0.325
0.301
0.493
0.339
0.460
0.320
0.341
0.292
0.490
0.343
0.454
0.312
0.334
0.330
0.294
0.363
0.297
0.443
0.296
0.346
0.313
0.380
0.320
0.464
0.312
0.303
0.320
0.389
0.279
0.470
0.348
0.313
0.391
0.401
0.445
0.344
0.321
0.269
0.382
0.363
0.399
0.341
0.276
0.301
0.485
0.317
0.453
0.328
0.311
0.287
0.492
0.330
0.433
0.308
0.325
0.280
0.490
0.338
0.428
0.300
0.319
0.357
0.299
0.380
0.321
0.454
0.298
0.368
0.315
0.394
0.339
0.471
0.313
0.322
0.321
0.404
0.294
0.477
0.349
0.314
0.395
0.404
0.466
0.357
0.323
0.275
0.396
0.374
0.427
0.364
0.284
0.306
0.491
0.325
0.475
0.330
0.329
0.295
0.497
0.341
0.465
0.311
0.348
0.288
0.495
0.346
0.455
0.306
0.338
0.331
0.285
0.361
0.299
0.438
0.290
0.349
0.301
0.375
0.319
0.456
0.304
0.299
0.306
0.384
0.276
0.465
0.345
0.316
0.393
0.406
0.473
0.359
0.329
0.267
0.374
0.358
0.418
0.343
0.275
0.292
0.471
0.309
0.460
0.315
0.308
0.279
0.479
0.324
0.446
0.295
0.326
0.270
0.474
0.329
0.437
0.286
0.318
0.367
0.318
0.391
0.324
0.464
0.319
0.382
0.335
0.408
0.342
0.483
0.337
0.333
0.331
0.407
0.300
0.484
0.366
0.332
0.401
0.421
0.475
0.359
0.342
0.291
0.392
0.378
0.430
0.356
0.297
0.325
0.500
0.341
0.497
0.346
0.346
0.310
0.508
0.358
0.483
0.327
0.363
0.306
0.510
0.370
0.480
0.323
0.359
0.333
0.320
0.375
0.313
0.451
0.312
0.340
0.342
0.391
0.328
0.471
0.329
0.304
0.353
0.400
0.292
0.482
0.365
0.332
0.435
0.426
0.513
0.393
0.342
0.278
0.395
0.368
0.448
0.363
0.286
0.312
0.486
0.335
0.492
0.357
0.322
0.300
0.492
0.350
0.475
0.331
0.335
0.293
0.492
0.355
0.463
0.328
0.325
0.320
0.299
0.361
0.304
0.427
0.299
0.331
0.320
0.379
0.324
0.456
0.318
0.291
0.332
0.387
0.283
0.464
0.356
0.320
0.412
0.420
0.502
0.377
0.335
0.269
0.389
0.371
0.442
0.356
0.283
0.295
0.463
0.323
0.466
0.334
0.306
0.286
0.474
0.339
0.454
0.314
0.323
0.275
0.469
0.339
0.444
0.305
0.313
0.311
0.279
0.346
0.295
0.375
0.282
0.312
0.298
0.357
0.308
0.399
0.298
0.275
0.315
0.370
0.268
0.408
0.333
0.290
0.373
0.380
0.443
0.326
0.304
0.254
0.359
0.350
0.404
0.321
0.268
0.283
0.429
0.310
0.430
0.318
0.293
0.274
0.433
0.328
0.421
0.295
0.312
0.260
0.429
0.326
0.407
0.285
0.300
0.410
0.385
0.439
0.410
0.524
0.403
0.417
0.406
0.454
0.417
0.539
0.412
0.376
0.417
0.460
0.382
0.551
0.444
0.415
0.480
0.488
0.575
0.467
0.447
0.362
0.462
0.441
0.520
0.455
0.388
0.393
0.536
0.395
0.539
0.434
0.394
0.383
0.544
0.416
0.528
0.414
0.412
0.364
0.532
0.404
0.507
0.400
0.391
0.350
0.320
0.369
0.333
0.472
0.303
0.360
0.337
0.382
0.350
0.489
0.318
0.318
0.345
0.391
0.302
0.495
0.347
0.337
0.421
0.405
0.503
0.384
0.340
0.289
0.404
0.360
0.454
0.382
0.289
0.323
0.503
0.326
0.486
0.355
0.327
0.314
0.508
0.335
0.472
0.336
0.337
0.301
0.505
0.337
0.461
0.327
0.327
0.339
0.311
0.327
0.332
0.432
0.281
0.357
0.324
0.350
0.349
0.447
0.302
0.313
0.331
0.356
0.297
0.445
0.320
0.315
0.402
0.366
0.454
0.388
0.310
0.283
0.376
0.330
0.424
0.379
0.278
0.308
0.453
0.314
0.453
0.345
0.311
0.300
0.457
0.319
0.439
0.331
0.313
0.289
0.448
0.315
0.430
0.325
0.305
0.369
0.341
0.395
0.355
0.471
0.340
0.372
0.352
0.404
0.366
0.485
0.354
0.330
0.368
0.415
0.323
0.496
0.386
0.352
0.413
0.417
0.498
0.395
0.372
0.316
0.411
0.386
0.464
0.397
0.334
0.346
0.498
0.346
0.493
0.383
0.355
0.331
0.499
0.356
0.474
0.358
0.364
0.319
0.489
0.348
0.462
0.347
0.345
0.319
0.291
0.362
0.290
0.453
0.301
0.339
0.314
0.379
0.318
0.478
0.322
0.292
0.324
0.388
0.279
0.494
0.365
0.318
0.402
0.406
0.464
0.361
0.329
0.273
0.383
0.365
0.411
0.351
0.286
0.300
0.479
0.318
0.457
0.323
0.308
0.287
0.485
0.328
0.440
0.304
0.323
0.280
0.484
0.338
0.441
0.298
0.323
0.309
0.279
0.346
0.281
0.448
0.284
0.336
0.304
0.370
0.317
0.476
0.308
0.284
0.308
0.372
0.267
0.482
0.342
0.303
0.392
0.392
0.435
0.344
0.309
0.261
0.382
0.357
0.392
0.342
0.270
0.285
0.482
0.309
0.434
0.309
0.296
0.274
0.489
0.321
0.416
0.292
0.309
0.268
0.488
0.331
0.418
0.288
0.309
0.337
0.283
0.364
0.305
0.458
0.286
0.359
0.306
0.386
0.335
0.484
0.309
0.304
0.311
0.389
0.283
0.491
0.345
0.305
0.398
0.396
0.456
0.358
0.312
0.267
0.397
0.367
0.416
0.363
0.275
0.292
0.489
0.318
0.457
0.312
0.313
0.282
0.497
0.333
0.446
0.295
0.331
0.276
0.495
0.340
0.444
0.294
0.327
0.307
0.270
0.340
0.279
0.448
0.276
0.338
0.292
0.364
0.313
0.469
0.297
0.281
0.298
0.367
0.263
0.482
0.338
0.305
0.398
0.395
0.457
0.358
0.312
0.257
0.376
0.349
0.403
0.341
0.263
0.276
0.471
0.302
0.439
0.295
0.293
0.266
0.479
0.313
0.423
0.279
0.306
0.257
0.476
0.323
0.422
0.273
0.305
0.347
0.305
0.376
0.308
0.474
0.311
0.373
0.326
0.399
0.338
0.496
0.333
0.317
0.323
0.395
0.290
0.503
0.364
0.324
0.411
0.416
0.462
0.361
0.329
0.285
0.400
0.377
0.421
0.360
0.291
0.310
0.502
0.339
0.479
0.328
0.332
0.300
0.512
0.354
0.465
0.312
0.348
0.294
0.512
0.368
0.468
0.310
0.350
0.316
0.305
0.358
0.299
0.443
0.301
0.333
0.334
0.382
0.326
0.472
0.323
0.291
0.346
0.388
0.283
0.482
0.359
0.324
0.437
0.418
0.508
0.397
0.334
0.271
0.396
0.362
0.440
0.363
0.279
0.299
0.479
0.331
0.476
0.340
0.310
0.288
0.482
0.338
0.459
0.318
0.321
0.281
0.483
0.348
0.452
0.314
0.316
0.316
0.281
0.353
0.287
0.385
0.284
0.336
0.305
0.375
0.317
0.417
0.307
0.279
0.319
0.379
0.264
0.433
0.346
0.299
0.383
0.392
0.475
0.344
0.308
0.258
0.362
0.353
0.424
0.333
0.267
0.281
0.436
0.306
0.454
0.312
0.295
0.272
0.441
0.319
0.443
0.295
0.311
0.265
0.440
0.327
0.438
0.293
0.308
0.294
0.269
0.333
0.280
0.374
0.271
0.304
0.294
0.352
0.304
0.403
0.294
0.259
0.308
0.357
0.255
0.411
0.327
0.281
0.374
0.373
0.434
0.325
0.293
0.245
0.356
0.343
0.394
0.319
0.261
0.267
0.422
0.301
0.414
0.302
0.279
0.258
0.425
0.316
0.403
0.282
0.298
0.251
0.427
0.322
0.400
0.277
0.294
0.397
0.378
0.429
0.399
0.532
0.395
0.419
0.410
0.455
0.425
0.555
0.415
0.368
0.415
0.452
0.378
0.560
0.440
0.415
0.488
0.486
0.576
0.475
0.443
0.357
0.467
0.436
0.515
0.458
0.381
0.384
0.536
0.394
0.527
0.422
0.383
0.375
0.544
0.412
0.516
0.405
0.400
0.359
0.533
0.403
0.501
0.392
0.386
0.322
0.300
0.343
0.312
0.466
0.284
0.345
0.324
0.365
0.343
0.492
0.308
0.292
0.332
0.369
0.282
0.493
0.334
0.325
0.413
0.389
0.494
0.380
0.324
0.277
0.399
0.345
0.442
0.377
0.276
0.303
0.490
0.311
0.464
0.331
0.305
0.295
0.494
0.316
0.450
0.316
0.313
0.286
0.494
0.323
0.447
0.310
0.313
0.319
0.297
0.309
0.317
0.429
0.268
0.347
0.317
0.340
0.346
0.453
0.296
0.292
0.319
0.338
0.283
0.444
0.308
0.308
0.400
0.357
0.453
0.391
0.304
0.272
0.370
0.317
0.417
0.377
0.269
0.292
0.444
0.300
0.436
0.329
0.293
0.286
0.447
0.303
0.422
0.318
0.295
0.277
0.441
0.304
0.419
0.314
0.292
0.347
0.326
0.375
0.341
0.478
0.326
0.363
0.346
0.393
0.363
0.496
0.347
0.311
0.358
0.399
0.310
0.505
0.377
0.340
0.410
0.403
0.491
0.394
0.358
0.302
0.404
0.371
0.454
0.394
0.323
0.330
0.492
0.333
0.475
0.364
0.337
0.315
0.493
0.340
0.456
0.342
0.344
0.305
0.484
0.336
0.451
0.336
0.334
0.336
0.299
0.369
0.305
0.451
0.310
0.346
0.323
0.383
0.325
0.476
0.330
0.306
0.326
0.390
0.289
0.480
0.359
0.306
0.396
0.395
0.445
0.348
0.317
0.274
0.383
0.365
0.408
0.352
0.286
0.311
0.482
0.331
0.461
0.337
0.321
0.297
0.488
0.344
0.444
0.311
0.339
0.287
0.486
0.351
0.440
0.304
0.334
0.326
0.288
0.354
0.295
0.443
0.292
0.344
0.312
0.376
0.322
0.469
0.312
0.297
0.312
0.376
0.275
0.465
0.338
0.291
0.386
0.382
0.415
0.328
0.296
0.264
0.385
0.361
0.386
0.340
0.269
0.296
0.485
0.324
0.436
0.320
0.306
0.285
0.493
0.339
0.420
0.300
0.324
0.276
0.490
0.347
0.415
0.291
0.319
0.353
0.293
0.371
0.319
0.456
0.294
0.366
0.313
0.389
0.340
0.478
0.314
0.315
0.313
0.390
0.289
0.473
0.339
0.295
0.393
0.388
0.437
0.343
0.301
0.270
0.399
0.371
0.411
0.361
0.275
0.303
0.493
0.332
0.458
0.322
0.324
0.292
0.499
0.349
0.449
0.302
0.345
0.285
0.497
0.355
0.442
0.299
0.338
0.328
0.280
0.353
0.296
0.442
0.286
0.346
0.298
0.368
0.321
0.462
0.303
0.295
0.300
0.372
0.273
0.465
0.336
0.294
0.393
0.386
0.440
0.344
0.302
0.263
0.379
0.356
0.403
0.343
0.269
0.290
0.477
0.321
0.446
0.307
0.308
0.278
0.483
0.333
0.432
0.287
0.326
0.268
0.480
0.340
0.427
0.281
0.320
0.366
0.315
0.386
0.323
0.469
0.319
0.380
0.333
0.402
0.344
0.490
0.340
0.332
0.329
0.399
0.301
0.486
0.361
0.317
0.406
0.410
0.447
0.351
0.322
0.290
0.401
0.382
0.418
0.361
0.294
0.325
0.507
0.355
0.484
0.342
0.347
0.310
0.514
0.371
0.470
0.321
0.364
0.306
0.516
0.383
0.470
0.319
0.364
0.333
0.314
0.367
0.311
0.442
0.308
0.340
0.341
0.385
0.331
0.468
0.329
0.301
0.344
0.387
0.290
0.470
0.354
0.313
0.431
0.409
0.480
0.381
0.318
0.273
0.396
0.364
0.432
0.360
0.279
0.310
0.484
0.346
0.475
0.351
0.321
0.297
0.484
0.358
0.458
0.321
0.335
0.291
0.487
0.364
0.452
0.321
0.331
0.333
0.292
0.363
0.302
0.384
0.294
0.339
0.313
0.378
0.322
0.413
0.313
0.292
0.318
0.380
0.275
0.417
0.342
0.293
0.374
0.384
0.453
0.330
0.299
0.263
0.360
0.356
0.419
0.330
0.271
0.294
0.439
0.323
0.452
0.323
0.308
0.286
0.440
0.340
0.445
0.301
0.329
0.276
0.439
0.340
0.437
0.299
0.321
0.323
0.299
0.360
0.309
0.426
0.299
0.333
0.321
0.378
0.328
0.455
0.320
0.291
0.329
0.380
0.285
0.457
0.351
0.301
0.403
0.403
0.469
0.361
0.312
0.266
0.387
0.369
0.427
0.353
0.280
0.297
0.466
0.336
0.453
0.331
0.312
0.287
0.471
0.349
0.440
0.307
0.328
0.278
0.469
0.352
0.434
0.302
0.322
0.420
0.394
0.445
0.424
0.544
0.414
0.430
0.420
0.464
0.436
0.558
0.427
0.385
0.421
0.461
0.393
0.560
0.447
0.402
0.488
0.479
0.556
0.471
0.436
0.363
0.476
0.446
0.512
0.464
0.386
0.401
0.551
0.415
0.533
0.440
0.402
0.389
0.555
0.435
0.518
0.413
0.419
0.373
0.544
0.426
0.504
0.402
0.405
0.349
0.317
0.359
0.334
0.471
0.301
0.358
0.336
0.374
0.354
0.491
0.320
0.315
0.339
0.377
0.303
0.487
0.338
0.318
0.413
0.384
0.473
0.370
0.318
0.285
0.404
0.352
0.440
0.381
0.282
0.323
0.505
0.336
0.473
0.354
0.329
0.314
0.507
0.342
0.457
0.331
0.337
0.301
0.504
0.345
0.448
0.322
0.330
0.336
0.307
0.322
0.330
0.427
0.280
0.354
0.324
0.348
0.351
0.449
0.307
0.307
0.325
0.347
0.297
0.437
0.316
0.302
0.395
0.355
0.433
0.377
0.297
0.279
0.374
0.326
0.416
0.378
0.277
0.309
0.453
0.321
0.442
0.342
0.312
0.300
0.453
0.324
0.429
0.328
0.315
0.286
0.443
0.318
0.417
0.317
0.304
0.360
0.333
0.381
0.348
0.468
0.333
0.370
0.353
0.398
0.366
0.488
0.352
0.321
0.357
0.398
0.316
0.487
0.373
0.327
0.405
0.393
0.466
0.380
0.346
0.303
0.405
0.372
0.443
0.390
0.321
0.340
0.496
0.348
0.476
0.375
0.350
0.321
0.491
0.354
0.453
0.345
0.354
0.310
0.482
0.348
0.444
0.336
0.342
0.430
0.395
0.456
0.417
0.576
0.413
0.445
0.415
0.469
0.437
0.594
0.428
0.406
0.429
0.480
0.407
0.616
0.471
0.428
0.537
0.514
0.585
0.509
0.449
0.369
0.493
0.455
0.520
0.478
0.390
0.464
0.646
0.481
0.616
0.491
0.476
0.437
0.641
0.482
0.581
0.449
0.470
0.410
0.618
0.467
0.563
0.427
0.451
0.426
0.391
0.446
0.411
0.576
0.397
0.453
0.414
0.469
0.444
0.600
0.418
0.401
0.417
0.469
0.392
0.606
0.443
0.415
0.534
0.502
0.558
0.496
0.428
0.362
0.502
0.452
0.502
0.473
0.376
0.447
0.649
0.471
0.592
0.476
0.463
0.425
0.647
0.473
0.559
0.442
0.459
0.405
0.631
0.468
0.548
0.426
0.446
0.452
0.395
0.461
0.441
0.591
0.406
0.470
0.412
0.478
0.460
0.605
0.420
0.417
0.419
0.482
0.409
0.614
0.449
0.416
0.536
0.505
0.579
0.508
0.432
0.368
0.514
0.463
0.528
0.494
0.385
0.484
0.686
0.510
0.638
0.502
0.504
0.437
0.659
0.488
0.589
0.445
0.479
0.418
0.642
0.482
0.575
0.433
0.465
0.408
0.363
0.424
0.396
0.560
0.375
0.437
0.382
0.445
0.425
0.577
0.393
0.382
0.389
0.449
0.374
0.593
0.428
0.402
0.526
0.492
0.564
0.495
0.417
0.344
0.482
0.434
0.503
0.463
0.361
0.405
0.607
0.435
0.562
0.424
0.426
0.387
0.611
0.441
0.541
0.398
0.430
0.362
0.589
0.430
0.522
0.378
0.411
0.464
0.418
0.475
0.438
0.600
0.423
0.484
0.433
0.493
0.457
0.612
0.439
0.436
0.437
0.493
0.418
0.628
0.470
0.435
0.549
0.525
0.579
0.510
0.447
0.382
0.513
0.469
0.525
0.489
0.396
0.485
0.680
0.511
0.651
0.513
0.516
0.451
0.670
0.506
0.606
0.464
0.497
0.429
0.650
0.498
0.594
0.449
0.484
0.434
0.417
0.459
0.428
0.572
0.413
0.446
0.440
0.477
0.449
0.590
0.429
0.406
0.454
0.483
0.406
0.605
0.462
0.436
0.578
0.530
0.619
0.548
0.449
0.374
0.516
0.462
0.550
0.497
0.387
0.453
0.639
0.487
0.622
0.499
0.468
0.436
0.637
0.493
0.596
0.463
0.469
0.409
0.615
0.475
0.570
0.442
0.443
0.414
0.375
0.437
0.397
0.500
0.379
0.428
0.394
0.453
0.420
0.520
0.395
0.379
0.412
0.461
0.371
0.540
0.434
0.389
0.493
0.482
0.564
0.464
0.405
0.341
0.460
0.432
0.514
0.444
0.359
0.400
0.564
0.433
0.568
0.437
0.426
0.391
0.566
0.446
0.554
0.413
0.437
0.373
0.552
0.436
0.537
0.401
0.419
0.427
0.403
0.454
0.430
0.558
0.410
0.441
0.419
0.470
0.452
0.582
0.425
0.400
0.438
0.478
0.408
0.594
0.462
0.417
0.534
0.516
0.601
0.516
0.439
0.364
0.502
0.463
0.545
0.487
0.389
0.441
0.623
0.483
0.603
0.478
0.465
0.426
0.623
0.488
0.580
0.450
0.465
0.400
0.601
0.470
0.561
0.430
0.445
0.420
0.393
0.445
0.419
0.513
0.399
0.425
0.411
0.458
0.434
0.532
0.412
0.388
0.436
0.470
0.394
0.548
0.447
0.397
0.499
0.484
0.551
0.462
0.415
0.357
0.476
0.447
0.513
0.451
0.378
0.432
0.590
0.465
0.572
0.474
0.447
0.416
0.586
0.472
0.547
0.436
0.448
0.393
0.567
0.459
0.528
0.418
0.431
0.455
0.428
0.463
0.465
0.619
0.426
0.479
0.453
0.485
0.492
0.642
0.448
0.440
0.470
0.497
0.451
0.659
0.482
0.459
0.574
0.524
0.637
0.556
0.475
0.397
0.534
0.461
0.573
0.530
0.410
0.473
0.669
0.484
0.627
0.510
0.482
0.466
0.676
0.493
0.610
0.489
0.487
0.426
0.644
0.468
0.573
0.449
0.452
0.410
0.386
0.392
0.421
0.536
0.365
0.428
0.398
0.412
0.439
0.548
0.383
0.380
0.407
0.414
0.382
0.548
0.397
0.403
0.514
0.452
0.547
0.507
0.405
0.355
0.470
0.398
0.502
0.481
0.359
0.411
0.571
0.420
0.543
0.447
0.410
0.400
0.569
0.420
0.525
0.429
0.406
0.376
0.548
0.402
0.503
0.408
0.385
0.426
0.406
0.444
0.432
0.576
0.409
0.436
0.417
0.455
0.445
0.586
0.423
0.392
0.436
0.463
0.400
0.600
0.454
0.421
0.517
0.484
0.574
0.504
0.444
0.374
0.496
0.439
0.531
0.494
0.401
0.439
0.610
0.444
0.576
0.477
0.448
0.419
0.610
0.449
0.551
0.447
0.448
0.397
0.587
0.430
0.530
0.426
0.423
0.366
0.335
0.394
0.344
0.514
0.335
0.373
0.350
0.399
0.359
0.529
0.345
0.325
0.353
0.404
0.313
0.538
0.374
0.351
0.449
0.435
0.496
0.407
0.361
0.302
0.419
0.386
0.442
0.392
0.311
0.331
0.529
0.355
0.488
0.359
0.345
0.326
0.542
0.368
0.478
0.347
0.363
0.315
0.537
0.374
0.473
0.335
0.357
0.359
0.328
0.382
0.338
0.514
0.320
0.373
0.342
0.393
0.357
0.528
0.331
0.320
0.341
0.392
0.300
0.530
0.350
0.340
0.443
0.423
0.470
0.393
0.342
0.292
0.422
0.378
0.421
0.382
0.294
0.317
0.536
0.347
0.465
0.346
0.331
0.314
0.548
0.359
0.454
0.335
0.348
0.305
0.545
0.369
0.450
0.327
0.344
0.391
0.335
0.402
0.370
0.530
0.328
0.396
0.346
0.409
0.382
0.541
0.339
0.340
0.346
0.410
0.320
0.538
0.357
0.345
0.451
0.430
0.495
0.411
0.349
0.300
0.436
0.390
0.452
0.408
0.305
0.328
0.545
0.358
0.491
0.351
0.352
0.324
0.556
0.371
0.485
0.340
0.369
0.317
0.552
0.378
0.481
0.335
0.364
0.359
0.316
0.379
0.340
0.515
0.314
0.375
0.328
0.388
0.359
0.525
0.324
0.318
0.330
0.391
0.301
0.535
0.353
0.339
0.445
0.426
0.493
0.405
0.346
0.287
0.412
0.372
0.438
0.384
0.293
0.308
0.525
0.341
0.473
0.331
0.331
0.304
0.538
0.353
0.466
0.321
0.348
0.292
0.531
0.359
0.458
0.310
0.341
0.395
0.350
0.411
0.363
0.536
0.344
0.408
0.363
0.422
0.379
0.547
0.358
0.353
0.358
0.416
0.326
0.552
0.376
0.357
0.452
0.443
0.493
0.404
0.359
0.313
0.430
0.396
0.449
0.397
0.315
0.342
0.552
0.374
0.509
0.365
0.369
0.337
0.565
0.388
0.500
0.354
0.383
0.331
0.565
0.400
0.499
0.348
0.383
0.367
0.356
0.395
0.354
0.507
0.335
0.368
0.373
0.405
0.365
0.521
0.346
0.325
0.378
0.404
0.315
0.525
0.369
0.357
0.484
0.447
0.528
0.438
0.359
0.300
0.435
0.386
0.467
0.405
0.304
0.331
0.532
0.369
0.505
0.381
0.346
0.328
0.539
0.382
0.494
0.363
0.360
0.317
0.536
0.384
0.484
0.357
0.351
0.366
0.328
0.390
0.344
0.442
0.320
0.369
0.341
0.398
0.356
0.456
0.331
0.317
0.349
0.400
0.301
0.467
0.360
0.331
0.422
0.420
0.498
0.384
0.338
0.287
0.396
0.374
0.451
0.370
0.294
0.311
0.482
0.347
0.480
0.346
0.334
0.313
0.491
0.366
0.479
0.337
0.357
0.301
0.485
0.364
0.467
0.329
0.345
0.349
0.329
0.379
0.343
0.480
0.320
0.358
0.347
0.393
0.360
0.503
0.336
0.310
0.356
0.393
0.306
0.506
0.363
0.338
0.444
0.434
0.511
0.409
0.349
0.287
0.418
0.383
0.458
0.390
0.300
0.310
0.504
0.356
0.477
0.348
0.333
0.310
0.516
0.369
0.471
0.339
0.349
0.298
0.511
0.369
0.461
0.328
0.340
0.342
0.314
0.363
0.336
0.426
0.308
0.340
0.330
0.372
0.344
0.444
0.320
0.296
0.341
0.377
0.293
0.446
0.343
0.313
0.409
0.397
0.458
0.363
0.323
0.275
0.388
0.363
0.422
0.353
0.286
0.303
0.470
0.340
0.443
0.342
0.317
0.303
0.475
0.357
0.439
0.328
0.336
0.288
0.471
0.357
0.428
0.314
0.327
0.406
0.388
0.422
0.415
0.561
0.390
0.413
0.405
0.435
0.422
0.566
0.397
0.364
0.410
0.432
0.370
0.569
0.414
0.407
0.501
0.474
0.558
0.480
0.429
0.344
0.467
0.414
0.498
0.459
0.362
0.377
0.554
0.393
0.518
0.422
0.382
0.371
0.561
0.406
0.509
0.407
0.396
0.353
0.549
0.399
0.493
0.390
0.381
0.362
0.341
0.344
0.365
0.491
0.304
0.374
0.352
0.363
0.377
0.502
0.322
0.324
0.353
0.358
0.316
0.496
0.327
0.341
0.453
0.388
0.478
0.438
0.335
0.296
0.408
0.338
0.437
0.411
0.290
0.319
0.495
0.332
0.461
0.363
0.325
0.317
0.499
0.336
0.451
0.355
0.328
0.305
0.491
0.334
0.442
0.345
0.321
0.383
0.367
0.398
0.385
0.538
0.354
0.385
0.376
0.404
0.392
0.545
0.364
0.337
0.389
0.409
0.336
0.552
0.385
0.368
0.457
0.424
0.510
0.433
0.380
0.324
0.441
0.381
0.472
0.430
0.337
0.357
0.543
0.362
0.497
0.397
0.365
0.348
0.549
0.370
0.481
0.379
0.371
0.332
0.535
0.362
0.470
0.364
0.356
0.353
0.319
0.364
0.334
0.484
0.316
0.368
0.340
0.381
0.352
0.504
0.335
0.320
0.347
0.389
0.308
0.513
0.364
0.332
0.433
0.404
0.472
0.400
0.335
0.297
0.405
0.368
0.435
0.392
0.302
0.322
0.502
0.339
0.472
0.349
0.327
0.316
0.512
0.349
0.456
0.333
0.336
0.295
0.500
0.349
0.445
0.315
0.327
0.342
0.311
0.349
0.326
0.483
0.301
0.365
0.334
0.376
0.351
0.506
0.325
0.311
0.335
0.373
0.295
0.504
0.341
0.319
0.428
0.390
0.446
0.387
0.317
0.289
0.412
0.363
0.415
0.388
0.288
0.310
0.509
0.332
0.447
0.337
0.315
0.305
0.517
0.340
0.431
0.325
0.323
0.286
0.507
0.343
0.423
0.308
0.316
0.390
0.334
0.388
0.377
0.518
0.331
0.394
0.345
0.399
0.381
0.525
0.341
0.341
0.350
0.401
0.327
0.526
0.364
0.338
0.443
0.410
0.485
0.413
0.341
0.307
0.436
0.386
0.454
0.420
0.311
0.330
0.525
0.350
0.482
0.349
0.342
0.326
0.537
0.365
0.474
0.338
0.356
0.302
0.520
0.360
0.457
0.320
0.342
0.338
0.300
0.345
0.326
0.484
0.293
0.360
0.316
0.363
0.348
0.497
0.311
0.303
0.321
0.367
0.290
0.503
0.337
0.325
0.433
0.396
0.472
0.403
0.325
0.283
0.401
0.354
0.428
0.387
0.283
0.299
0.495
0.321
0.450
0.320
0.308
0.293
0.505
0.330
0.436
0.306
0.317
0.274
0.494
0.333
0.424
0.290
0.309
0.405
0.359
0.401
0.381
0.531
0.349
0.415
0.371
0.416
0.388
0.537
0.363
0.362
0.369
0.409
0.339
0.539
0.378
0.363
0.458
0.432
0.495
0.421
0.358
0.330
0.439
0.397
0.462
0.420
0.326
0.356
0.543
0.374
0.510
0.376
0.366
0.348
0.552
0.385
0.495
0.361
0.373
0.329
0.542
0.387
0.486
0.346
0.366
0.352
0.336
0.360
0.344
0.478
0.315
0.362
0.359
0.384
0.356
0.497
0.336
0.316
0.362
0.382
0.307
0.496
0.354
0.339
0.465
0.417
0.509
0.435
0.340
0.295
0.421
0.368
0.457
0.405
0.294
0.323
0.504
0.351
0.486
0.367
0.327
0.317
0.507
0.358
0.468
0.347
0.331
0.300
0.501
0.362
0.457
0.336
0.324
0.346
0.308
0.356
0.328
0.411
0.300
0.363
0.331
0.379
0.350
0.440
0.323
0.305
0.336
0.379
0.290
0.439
0.345
0.314
0.403
0.391
0.474
0.371
0.314
0.285
0.384
0.360
0.440
0.369
0.285
0.304
0.453
0.328
0.463
0.335
0.316
0.301
0.458
0.341
0.453
0.321
0.325
0.283
0.448
0.340
0.441
0.311
0.318
0.327
0.307
0.344
0.327
0.448
0.296
0.344
0.330
0.368
0.346
0.474
0.320
0.298
0.340
0.369
0.295
0.473
0.344
0.314
0.422
0.397
0.483
0.396
0.319
0.278
0.401
0.361
0.443
0.385
0.287
0.298
0.471
0.331
0.454
0.335
0.308
0.294
0.479
0.340
0.439
0.320
0.315
0.278
0.473
0.341
0.430
0.307
0.308
0.328
0.300
0.338
0.322
0.407
0.291
0.331
0.317
0.356
0.332
0.427
0.310
0.288
0.332
0.363
0.285
0.431
0.334
0.296
0.391
0.373
0.437
0.353
0.301
0.275
0.381
0.356
0.417
0.356
0.283
0.294
0.447
0.324
0.430
0.331
0.301
0.292
0.454
0.339
0.420
0.315
0.313
0.272
0.444
0.337
0.405
0.296
0.303
0.364
0.340
0.375
0.364
0.496
0.341
0.377
0.368
0.398
0.380
0.514
0.363
0.328
0.370
0.394
0.331
0.514
0.379
0.367
0.464
0.430
0.508
0.439
0.380
0.318
0.436
0.386
0.462
0.428
0.330
0.339
0.499
0.353
0.475
0.378
0.342
0.335
0.509
0.369
0.464
0.364
0.354
0.316
0.499
0.365
0.451
0.349
0.345
0.349
0.322
0.348
0.342
0.489
0.295
0.364
0.345
0.368
0.363
0.511
0.319
0.312
0.347
0.368
0.300
0.505
0.330
0.336
0.444
0.391
0.490
0.406
0.329
0.292
0.417
0.349
0.447
0.401
0.285
0.315
0.509
0.327
0.466
0.348
0.319
0.312
0.516
0.333
0.455
0.337
0.325
0.295
0.510
0.335
0.442
0.320
0.318
0.352
0.333
0.354
0.358
0.495
0.320
0.367
0.355
0.376
0.376
0.514
0.346
0.315
0.366
0.378
0.317
0.512
0.361
0.343
0.434
0.388
0.478
0.414
0.347
0.308
0.420
0.356
0.450
0.418
0.317
0.335
0.503
0.334
0.465
0.367
0.333
0.325
0.508
0.340
0.447
0.350
0.335
0.305
0.492
0.331
0.434
0.333
0.321
0.423
0.388
0.447
0.403
0.566
0.393
0.433
0.400
0.455
0.418
0.580
0.407
0.398
0.414
0.470
0.389
0.604
0.449
0.403
0.511
0.487
0.557
0.483
0.427
0.358
0.484
0.441
0.510
0.470
0.382
0.401
0.589
0.426
0.557
0.431
0.421
0.393
0.602
0.442
0.545
0.415
0.439
0.371
0.584
0.431
0.528
0.395
0.420
0.417
0.383
0.436
0.397
0.565
0.378
0.435
0.397
0.452
0.419
0.581
0.395
0.394
0.407
0.461
0.378
0.596
0.427
0.394
0.511
0.477
0.536
0.475
0.412
0.353
0.493
0.439
0.493
0.467
0.370
0.396
0.602
0.423
0.542
0.427
0.417
0.385
0.611
0.436
0.524
0.410
0.427
0.366
0.595
0.430
0.510
0.391
0.411
0.459
0.405
0.471
0.443
0.597
0.405
0.470
0.414
0.482
0.456
0.608
0.419
0.428
0.427
0.493
0.415
0.624
0.455
0.417
0.536
0.503
0.578
0.509
0.439
0.376
0.520
0.467
0.538
0.506
0.399
0.425
0.631
0.455
0.584
0.449
0.454
0.416
0.643
0.472
0.574
0.435
0.470
0.390
0.616
0.454
0.549
0.411
0.441
0.410
0.366
0.427
0.394
0.560
0.367
0.429
0.377
0.440
0.412
0.569
0.382
0.385
0.388
0.451
0.370
0.591
0.421
0.389
0.507
0.473
0.552
0.480
0.410
0.341
0.477
0.426
0.499
0.459
0.361
0.377
0.580
0.409
0.539
0.402
0.406
0.370
0.593
0.424
0.528
0.390
0.422
0.349
0.575
0.414
0.510
0.371
0.403
0.445
0.401
0.459
0.416
0.580
0.397
0.464
0.414
0.477
0.434
0.595
0.418
0.418
0.415
0.476
0.394
0.608
0.444
0.410
0.517
0.495
0.554
0.481
0.426
0.368
0.496
0.452
0.510
0.470
0.382
0.413
0.609
0.441
0.576
0.438
0.443
0.401
0.620
0.457
0.560
0.420
0.455
0.384
0.606
0.453
0.549
0.407
0.440
0.422
0.403
0.445
0.410
0.554
0.390
0.432
0.421
0.462
0.426
0.572
0.410
0.394
0.435
0.468
0.388
0.586
0.442
0.410
0.542
0.499
0.592
0.511
0.426
0.360
0.500
0.445
0.535
0.481
0.376
0.404
0.592
0.441
0.576
0.451
0.423
0.397
0.599
0.456
0.563
0.430
0.438
0.378
0.586
0.446
0.543
0.415
0.418
0.409
0.368
0.429
0.390
0.487
0.365
0.423
0.382
0.444
0.409
0.506
0.382
0.378
0.397
0.453
0.364
0.523
0.420
0.376
0.473
0.464
0.549
0.447
0.393
0.337
0.455
0.425
0.508
0.439
0.355
0.375
0.537
0.410
0.542
0.411
0.404
0.371
0.543
0.428
0.537
0.396
0.424
0.349
0.525
0.412
0.515
0.379
0.400
0.395
0.371
0.422
0.391
0.519
0.367
0.415
0.391
0.444
0.416
0.548
0.392
0.372
0.405
0.449
0.372
0.559
0.427
0.380
0.496
0.476
0.567
0.476
0.405
0.335
0.473
0.430
0.517
0.457
0.361
0.374
0.554
0.416
0.538
0.410
0.398
0.371
0.567
0.433
0.530
0.401
0.416
0.350
0.549
0.419
0.511
0.381
0.396
0.381
0.352
0.404
0.374
0.465
0.350
0.388
0.367
0.418
0.391
0.488
0.370
0.352
0.386
0.428
0.351
0.499
0.402
0.355
0.458
0.440
0.509
0.420
0.376
0.323
0.442
0.412
0.478
0.415
0.346
0.360
0.521
0.397
0.500
0.398
0.378
0.357
0.528
0.416
0.493
0.380
0.397
0.332
0.509
0.400
0.470
0.359
0.376
0.430
0.408
0.447
0.435
0.571
0.413
0.449
0.432
0.471
0.457
0.592
0.437
0.407
0.444
0.473
0.415
0.601
0.461
0.435
0.535
0.504
0.592
0.523
0.467
0.379
0.506
0.452
0.537
0.504
0.408
0.427
0.588
0.440
0.564
0.470
0.435
0.417
0.597
0.459
0.551
0.450
0.450
0.389
0.572
0.435
0.524
0.425
0.422
0.430
0.404
0.437
0.427
0.584
0.383
0.441
0.415
0.450
0.444
0.598
0.399
0.404
0.431
0.459
0.400
0.612
0.427
0.415
0.532
0.478
0.586
0.506
0.428
0.367
0.507
0.431
0.538
0.497
0.377
0.407
0.607
0.421
0.562
0.443
0.420
0.407
0.620
0.437
0.556
0.434
0.435
0.379
0.599
0.421
0.531
0.409
0.411
0.401
0.380
0.383
0.408
0.525
0.347
0.421
0.393
0.405
0.427
0.542
0.371
0.376
0.398
0.405
0.372
0.537
0.379
0.387
0.502
0.432
0.529
0.495
0.389
0.344
0.460
0.384
0.490
0.472
0.347
0.376
0.538
0.386
0.511
0.418
0.381
0.371
0.544
0.391
0.500
0.408
0.384
0.352
0.526
0.379
0.483
0.391
0.368
