0.359
0.323
0.369
0.336
0.526
0.318
0.388
0.343
0.392
0.371
0.552
0.337
0.328
0.349
0.393
0.312
0.554
0.362
0.343
0.453
0.421
0.485
0.405
0.345
0.296
0.436
0.382
0.437
0.401
0.304
0.320
0.548
0.340
0.479
0.360
0.325
0.314
0.558
0.353
0.463
0.339
0.340
0.305
0.558
0.364
0.457
0.330
0.336
0.384
0.326
0.383
0.361
0.537
0.320
0.407
0.344
0.404
0.392
0.561
0.338
0.343
0.346
0.402
0.325
0.558
0.361
0.342
0.459
0.421
0.507
0.420
0.348
0.299
0.448
0.389
0.463
0.421
0.308
0.326
0.554
0.346
0.497
0.357
0.337
0.318
0.564
0.361
0.489
0.338
0.357
0.310
0.562
0.368
0.481
0.333
0.349
0.355
0.307
0.358
0.332
0.521
0.305
0.388
0.324
0.379
0.368
0.543
0.323
0.320
0.329
0.380
0.304
0.550
0.354
0.338
0.455
0.417
0.503
0.416
0.344
0.288
0.426
0.370
0.448
0.399
0.296
0.307
0.534
0.330
0.480
0.338
0.318
0.300
0.545
0.344
0.468
0.320
0.335
0.290
0.542
0.351
0.461
0.311
0.328
0.388
0.340
0.389
0.354
0.541
0.334
0.415
0.355
0.410
0.383
0.562
0.354
0.352
0.354
0.403
0.327
0.567
0.378
0.360
0.461
0.438
0.507
0.414
0.361
0.313
0.441
0.392
0.459
0.410
0.317
0.343
0.562
0.364
0.518
0.372
0.356
0.336
0.574
0.381
0.505
0.352
0.373
0.327
0.574
0.391
0.502
0.346
0.369
0.369
0.359
0.386
0.354
0.525
0.334
0.381
0.379
0.402
0.380
0.548
0.351
0.335
0.394
0.407
0.327
0.555
0.380
0.363
0.506
0.447
0.545
0.460
0.366
0.308
0.458
0.389
0.484
0.431
0.313
0.337
0.553
0.368
0.522
0.402
0.346
0.330
0.558
0.380
0.504
0.373
0.358
0.321
0.556
0.382
0.494
0.370
0.348
0.368
0.333
0.383
0.347
0.469
0.322
0.386
0.352
0.401
0.380
0.498
0.340
0.330
0.370
0.406
0.317
0.508
0.373
0.339
0.445
0.422
0.519
0.409
0.347
0.295
0.425
0.381
0.471
0.403
0.306
0.320
0.510
0.347
0.499
0.372
0.335
0.318
0.515
0.362
0.492
0.353
0.355
0.306
0.511
0.362
0.479
0.347
0.342
0.353
0.333
0.370
0.348
0.505
0.319
0.373
0.352
0.390
0.380
0.538
0.341
0.321
0.371
0.394
0.320
0.541
0.371
0.344
0.467
0.432
0.531
0.434
0.355
0.293
0.444
0.385
0.477
0.422
0.311
0.316
0.530
0.352
0.495
0.371
0.331
0.314
0.541
0.364
0.483
0.353
0.345
0.303
0.538
0.366
0.476
0.344
0.337
0.337
0.311
0.356
0.331
0.437
0.305
0.346
0.331
0.372
0.353
0.469
0.324
0.299
0.352
0.377
0.300
0.472
0.351
0.316
0.427
0.399
0.466
0.378
0.325
0.278
0.408
0.367
0.431
0.374
0.293
0.303
0.485
0.336
0.450
0.353
0.311
0.300
0.489
0.354
0.440
0.328
0.331
0.286
0.486
0.353
0.428
0.318
0.321
0.421
0.405
0.434
0.432
0.595
0.414
0.438
0.426
0.453
0.452
0.610
0.424
0.386
0.438
0.451
0.402
0.613
0.447
0.428
0.536
0.497
0.586
0.517
0.457
0.366
0.506
0.441
0.524
0.497
0.392
0.397
0.586
0.405
0.541
0.455
0.394
0.388
0.592
0.422
0.527
0.432
0.410
0.369
0.580
0.412
0.509
0.417
0.391
0.377
0.349
0.373
0.371
0.550
0.324
0.396
0.363
0.389
0.401
0.574
0.341
0.340
0.376
0.392
0.334
0.574
0.362
0.365
0.484
0.425
0.536
0.445
0.366
0.312
0.460
0.373
0.483
0.441
0.312
0.340
0.566
0.347
0.505
0.385
0.339
0.337
0.574
0.358
0.495
0.370
0.353
0.322
0.568
0.358
0.482
0.357
0.342
0.364
0.346
0.334
0.370
0.507
0.304
0.386
0.357
0.357
0.394
0.528
0.326
0.331
0.368
0.357
0.328
0.521
0.335
0.349
0.474
0.390
0.490
0.464
0.342
0.305
0.432
0.342
0.450
0.442
0.301
0.330
0.515
0.332
0.470
0.380
0.323
0.327
0.521
0.340
0.459
0.370
0.328
0.313
0.511
0.333
0.449
0.360
0.318
0.386
0.367
0.396
0.387
0.557
0.361
0.401
0.377
0.407
0.407
0.571
0.373
0.347
0.397
0.413
0.350
0.580
0.399
0.377
0.482
0.437
0.521
0.455
0.391
0.336
0.474
0.401
0.482
0.456
0.353
0.363
0.563
0.366
0.506
0.411
0.364
0.352
0.569
0.379
0.488
0.386
0.373
0.336
0.556
0.368
0.473
0.373
0.354
0.356
0.329
0.376
0.332
0.525
0.328
0.371
0.352
0.390
0.356
0.548
0.346
0.328
0.363
0.401
0.315
0.563
0.382
0.346
0.441
0.421
0.487
0.394
0.350
0.301
0.421
0.379
0.439
0.387
0.309
0.330
0.542
0.341
0.491
0.370
0.329
0.321
0.550
0.350
0.473
0.346
0.342
0.308
0.548
0.361
0.465
0.333
0.339
0.371
0.319
0.374
0.347
0.531
0.313
0.385
0.339
0.391
0.371
0.552
0.332
0.333
0.345
0.396
0.314
0.556
0.357
0.331
0.435
0.407
0.479
0.390
0.330
0.291
0.431
0.379
0.436
0.392
0.294
0.320
0.553
0.338
0.482
0.349
0.326
0.313
0.561
0.350
0.469
0.331
0.341
0.301
0.557
0.360
0.463
0.323
0.337
0.343
0.304
0.351
0.321
0.518
0.301
0.366
0.323
0.371
0.348
0.536
0.319
0.313
0.331
0.377
0.296
0.550
0.352
0.330
0.432
0.407
0.479
0.389
0.331
0.282
0.410
0.362
0.425
0.374
0.286
0.302
0.531
0.321
0.466
0.333
0.307
0.295
0.541
0.332
0.450
0.316
0.321
0.281
0.537
0.342
0.443
0.303
0.317
0.380
0.339
0.384
0.346
0.539
0.331
0.400
0.359
0.406
0.369
0.560
0.353
0.349
0.361
0.404
0.321
0.568
0.377
0.354
0.444
0.429
0.484
0.390
0.348
0.312
0.431
0.388
0.442
0.390
0.309
0.342
0.562
0.358
0.507
0.371
0.348
0.332
0.571
0.372
0.490
0.351
0.361
0.320
0.570
0.384
0.485
0.340
0.358
0.360
0.359
0.383
0.345
0.523
0.333
0.373
0.386
0.403
0.369
0.546
0.352
0.332
0.395
0.405
0.322
0.553
0.378
0.360
0.491
0.443
0.524
0.439
0.357
0.307
0.448
0.386
0.468
0.413
0.308
0.336
0.551
0.361
0.512
0.401
0.339
0.330
0.555
0.373
0.493
0.374
0.350
0.315
0.552
0.376
0.479
0.364
0.339
0.355
0.326
0.372
0.334
0.458
0.314
0.367
0.346
0.388
0.358
0.482
0.331
0.317
0.362
0.394
0.303
0.496
0.363
0.329
0.425
0.409
0.492
0.383
0.330
0.287
0.408
0.370
0.448
0.377
0.292
0.314
0.501
0.336
0.485
0.364
0.321
0.310
0.504
0.349
0.473
0.343
0.338
0.295
0.497
0.351
0.460
0.333
0.327
0.338
0.326
0.360
0.331
0.492
0.311
0.355
0.352
0.383
0.360
0.526
0.336
0.310
0.367
0.386
0.310
0.534
0.367
0.335
0.446
0.421
0.509
0.408
0.342
0.288
0.426
0.376
0.458
0.394
0.298
0.310
0.520
0.339
0.480
0.365
0.316
0.306
0.528
0.350
0.466
0.344
0.328
0.293
0.525
0.355
0.458
0.333
0.322
0.328
0.306
0.349
0.321
0.430
0.300
0.335
0.330
0.366
0.340
0.457
0.319
0.294
0.349
0.374
0.292
0.464
0.347
0.306
0.409
0.386
0.443
0.354
0.312
0.272
0.395
0.359
0.411
0.351
0.282
0.297
0.479
0.327
0.438
0.347
0.301
0.293
0.480
0.342
0.426
0.323
0.319
0.278
0.476
0.344
0.413
0.308
0.309
0.410
0.400
0.425
0.428
0.595
0.413
0.424
0.425
0.444
0.443
0.606
0.420
0.380
0.437
0.444
0.399
0.616
0.446
0.423
0.521
0.488
0.572
0.504
0.451
0.361
0.493
0.433
0.510
0.481
0.385
0.391
0.581
0.397
0.526
0.448
0.382
0.383
0.587
0.411
0.511
0.426
0.394
0.363
0.575
0.405
0.494
0.410
0.380
0.372
0.351
0.372
0.364
0.552
0.323
0.386
0.368
0.387
0.388
0.570
0.338
0.338
0.378
0.390
0.328
0.575
0.358
0.360
0.467
0.417
0.513
0.422
0.353
0.310
0.450
0.370
0.464
0.422
0.304
0.340
0.569
0.343
0.496
0.385
0.333
0.337
0.574
0.351
0.485
0.370
0.343
0.319
0.569
0.355
0.472
0.354
0.336
0.353
0.342
0.327
0.356
0.503
0.297
0.374
0.359
0.352
0.379
0.523
0.322
0.326
0.370
0.355
0.320
0.521
0.333
0.336
0.460
0.378
0.458
0.438
0.323
0.299
0.426
0.338
0.428
0.426
0.291
0.325
0.516
0.328
0.457
0.378
0.317
0.322
0.519
0.332
0.445
0.368
0.320
0.304
0.507
0.326
0.432
0.354
0.309
0.381
0.368
0.394
0.384
0.560
0.361
0.391
0.382
0.405
0.399
0.570
0.373
0.346
0.403
0.415
0.348
0.584
0.401
0.373
0.467
0.431
0.507
0.440
0.384
0.333
0.461
0.396
0.470
0.440
0.348
0.363
0.564
0.362
0.500
0.412
0.360
0.349
0.567
0.371
0.479
0.386
0.365
0.332
0.553
0.362
0.463
0.369
0.347
0.371
0.343
0.393
0.345
0.536
0.340
0.382
0.362
0.403
0.365
0.554
0.352
0.335
0.370
0.412
0.321
0.570
0.389
0.361
0.453
0.433
0.515
0.412
0.368
0.307
0.427
0.387
0.454
0.396
0.314
0.347
0.552
0.344
0.511
0.389
0.338
0.331
0.555
0.357
0.492
0.358
0.353
0.322
0.554
0.367
0.487
0.350
0.350
0.359
0.328
0.372
0.334
0.530
0.318
0.377
0.348
0.390
0.361
0.550
0.334
0.324
0.351
0.392
0.304
0.556
0.360
0.343
0.443
0.416
0.482
0.392
0.342
0.292
0.427
0.378
0.428
0.383
0.293
0.327
0.555
0.334
0.481
0.366
0.319
0.315
0.559
0.345
0.463
0.343
0.334
0.306
0.559
0.360
0.460
0.334
0.333
0.359
0.316
0.367
0.337
0.530
0.311
0.377
0.331
0.380
0.359
0.541
0.323
0.320
0.336
0.386
0.303
0.558
0.358
0.349
0.454
0.424
0.510
0.411
0.351
0.289
0.420
0.370
0.446
0.388
0.292
0.319
0.543
0.328
0.488
0.352
0.318
0.304
0.548
0.340
0.470
0.326
0.331
0.295
0.545
0.349
0.464
0.319
0.328
0.396
0.353
0.400
0.363
0.555
0.344
0.409
0.366
0.414
0.380
0.568
0.360
0.358
0.367
0.413
0.332
0.580
0.385
0.368
0.457
0.440
0.513
0.409
0.366
0.318
0.439
0.396
0.461
0.402
0.317
0.358
0.575
0.365
0.527
0.387
0.358
0.342
0.580
0.380
0.510
0.362
0.371
0.335
0.581
0.393
0.509
0.357
0.372
0.373
0.371
0.398
0.356
0.532
0.343
0.379
0.390
0.411
0.375
0.551
0.357
0.337
0.402
0.415
0.327
0.562
0.388
0.374
0.504
0.456
0.552
0.454
0.377
0.311
0.454
0.392
0.481
0.420
0.312
0.348
0.559
0.364
0.529
0.415
0.346
0.333
0.557
0.375
0.507
0.381
0.356
0.323
0.556
0.379
0.496
0.377
0.347
0.369
0.339
0.388
0.347
0.465
0.326
0.378
0.355
0.399
0.369
0.487
0.338
0.328
0.371
0.407
0.312
0.500
0.372
0.346
0.441
0.424
0.520
0.400
0.349
0.296
0.418
0.381
0.465
0.387
0.300
0.329
0.510
0.344
0.506
0.383
0.334
0.321
0.508
0.358
0.494
0.357
0.350
0.309
0.505
0.359
0.482
0.352
0.340
0.352
0.338
0.374
0.344
0.503
0.323
0.366
0.356
0.391
0.367
0.529
0.339
0.318
0.369
0.394
0.314
0.538
0.371
0.347
0.459
0.432
0.532
0.423
0.357
0.293
0.436
0.384
0.472
0.405
0.304
0.322
0.530
0.345
0.499
0.380
0.326
0.313
0.534
0.357
0.483
0.356
0.338
0.301
0.530
0.359
0.473
0.345
0.330
0.337
0.317
0.360
0.329
0.439
0.307
0.341
0.338
0.374
0.346
0.466
0.324
0.299
0.356
0.381
0.296
0.472
0.352
0.317
0.421
0.397
0.467
0.370
0.327
0.278
0.405
0.367
0.426
0.362
0.288
0.307
0.489
0.330
0.453
0.362
0.308
0.300
0.489
0.347
0.441
0.334
0.327
0.287
0.484
0.348
0.429
0.323
0.317
0.419
0.408
0.436
0.435
0.602
0.419
0.430
0.432
0.452
0.447
0.611
0.427
0.381
0.440
0.449
0.397
0.617
0.448
0.434
0.531
0.498
0.589
0.512
0.462
0.367
0.504
0.442
0.524
0.491
0.393
0.406
0.592
0.404
0.542
0.463
0.390
0.391
0.593
0.417
0.525
0.434
0.401
0.376
0.582
0.410
0.513
0.426
0.390
0.385
0.361
0.385
0.378
0.562
0.334
0.395
0.377
0.396
0.398
0.579
0.347
0.345
0.387
0.401
0.336
0.583
0.367
0.376
0.482
0.432
0.540
0.440
0.373
0.317
0.460
0.378
0.481
0.433
0.312
0.355
0.578
0.349
0.514
0.401
0.343
0.346
0.581
0.359
0.501
0.380
0.353
0.331
0.574
0.361
0.490
0.368
0.346
0.369
0.355
0.343
0.376
0.518
0.312
0.385
0.369
0.366
0.394
0.536
0.335
0.335
0.378
0.367
0.331
0.532
0.344
0.354
0.472
0.395
0.489
0.457
0.346
0.310
0.437
0.349
0.448
0.440
0.302
0.338
0.524
0.335
0.475
0.391
0.327
0.332
0.528
0.342
0.462
0.376
0.331
0.318
0.517
0.336
0.450
0.367
0.322
0.406
0.392
0.420
0.409
0.583
0.385
0.411
0.403
0.429
0.421
0.593
0.396
0.361
0.417
0.434
0.367
0.605
0.424
0.401
0.495
0.459
0.541
0.466
0.415
0.353
0.483
0.419
0.494
0.459
0.368
0.391
0.590
0.385
0.526
0.437
0.381
0.373
0.590
0.393
0.501
0.405
0.384
0.359
0.577
0.385
0.491
0.395
0.369
0.345
0.318
0.362
0.325
0.516
0.317
0.352
0.331
0.369
0.339
0.527
0.327
0.312
0.340
0.380
0.301
0.546
0.361
0.341
0.433
0.413
0.496
0.394
0.349
0.287
0.408
0.363
0.437
0.382
0.295
0.317
0.528
0.327
0.482
0.357
0.316
0.311
0.538
0.338
0.467
0.336
0.330
0.299
0.535
0.349
0.463
0.326
0.329
0.332
0.306
0.343
0.316
0.512
0.298
0.350
0.321
0.360
0.339
0.526
0.310
0.305
0.328
0.366
0.290
0.538
0.339
0.326
0.426
0.399
0.465
0.378
0.326
0.275
0.411
0.356
0.413
0.372
0.279
0.303
0.535
0.320
0.456
0.343
0.302
0.297
0.543
0.330
0.438
0.324
0.313
0.286
0.542
0.344
0.437
0.315
0.315
0.359
0.308
0.360
0.342
0.522
0.300
0.368
0.318
0.371
0.358
0.532
0.311
0.319
0.325
0.377
0.302
0.541
0.338
0.325
0.429
0.399
0.486
0.391
0.328
0.277
0.419
0.363
0.440
0.393
0.283
0.306
0.538
0.324
0.475
0.338
0.314
0.300
0.547
0.338
0.466
0.320
0.330
0.290
0.543
0.346
0.460
0.315
0.326
0.367
0.328
0.371
0.339
0.532
0.321
0.383
0.339
0.386
0.357
0.542
0.335
0.335
0.340
0.385
0.311
0.555
0.361
0.348
0.432
0.420
0.493
0.389
0.348
0.297
0.418
0.371
0.442
0.386
0.298
0.330
0.551
0.346
0.499
0.359
0.336
0.321
0.559
0.359
0.484
0.341
0.349
0.313
0.560
0.374
0.485
0.335
0.350
0.347
0.343
0.365
0.334
0.504
0.317
0.352
0.360
0.379
0.349
0.520
0.329
0.313
0.372
0.383
0.305
0.533
0.360
0.347
0.477
0.428
0.529
0.432
0.351
0.288
0.431
0.365
0.461
0.399
0.289
0.319
0.531
0.344
0.499
0.382
0.323
0.314
0.534
0.354
0.484
0.357
0.332
0.301
0.533
0.360
0.475
0.352
0.327
0.345
0.313
0.358
0.326
0.438
0.301
0.352
0.326
0.370
0.345
0.461
0.312
0.305
0.341
0.376
0.291
0.474
0.346
0.324
0.417
0.402
0.501
0.381
0.329
0.274
0.394
0.354
0.448
0.370
0.279
0.301
0.485
0.324
0.476
0.349
0.310
0.297
0.485
0.336
0.468
0.329
0.326
0.284
0.482
0.338
0.458
0.324
0.318
0.329
0.315
0.346
0.325
0.476
0.300
0.339
0.330
0.362
0.342
0.500
0.316
0.298
0.345
0.367
0.294
0.509
0.348
0.327
0.437
0.411
0.512
0.404
0.336
0.271
0.411
0.357
0.453
0.385
0.282
0.298
0.501
0.328
0.472
0.350
0.305
0.294
0.507
0.337
0.460
0.333
0.316
0.283
0.508
0.343
0.455
0.325
0.314
0.320
0.295
0.336
0.315
0.415
0.288
0.322
0.313
0.348
0.328
0.436
0.301
0.281
0.329
0.355
0.281
0.447
0.332
0.301
0.400
0.378
0.453
0.351
0.309
0.262
0.385
0.346
0.414
0.345
0.272
0.287
0.468
0.316
0.435
0.339
0.293
0.284
0.468
0.331
0.424
0.313
0.309
0.271
0.467
0.335
0.414
0.303
0.303
0.399
0.387
0.410
0.417
0.582
0.396
0.406
0.403
0.424
0.425
0.586
0.401
0.364
0.415
0.424
0.381
0.597
0.426
0.415
0.510
0.478
0.574
0.492
0.441
0.347
0.481
0.417
0.508
0.471
0.370
0.381
0.569
0.385
0.522
0.436
0.371
0.373
0.575
0.400
0.509
0.415
0.385
0.353
0.563
0.393
0.493
0.401
0.371
0.357
0.337
0.355
0.358
0.542
0.311
0.367
0.348
0.366
0.375
0.554
0.321
0.322
0.356
0.369
0.317
0.560
0.341
0.354
0.459
0.409
0.523
0.422
0.352
0.297
0.439
0.355
0.468
0.419
0.294
0.328
0.553
0.328
0.488
0.373
0.319
0.327
0.561
0.339
0.478
0.357
0.329
0.310
0.556
0.343
0.468
0.345
0.323
0.347
0.335
0.319
0.359
0.501
0.291
0.363
0.343
0.337
0.375
0.511
0.308
0.315
0.352
0.336
0.314
0.509
0.318
0.333
0.452
0.371
0.474
0.443
0.326
0.290
0.415
0.325
0.436
0.425
0.284
0.314
0.502
0.314
0.452
0.366
0.306
0.310
0.505
0.319
0.441
0.356
0.308
0.299
0.500
0.319
0.434
0.349
0.303
0.376
0.362
0.385
0.382
0.554
0.353
0.379
0.366
0.390
0.389
0.558
0.360
0.335
0.388
0.399
0.340
0.574
0.389
0.374
0.467
0.429
0.517
0.440
0.386
0.324
0.456
0.385
0.470
0.436
0.339
0.357
0.558
0.356
0.495
0.403
0.352
0.345
0.562
0.365
0.476
0.378
0.358
0.329
0.550
0.359
0.467
0.367
0.346
0.376
0.342
0.391
0.346
0.534
0.341
0.377
0.360
0.400
0.360
0.552
0.355
0.334
0.367
0.405
0.319
0.566
0.389
0.357
0.448
0.431
0.500
0.402
0.361
0.312
0.428
0.387
0.453
0.397
0.317
0.343
0.553
0.353
0.511
0.381
0.344
0.332
0.558
0.363
0.493
0.356
0.356
0.323
0.559
0.376
0.488
0.347
0.356
0.362
0.329
0.371
0.334
0.526
0.318
0.375
0.350
0.389
0.359
0.549
0.338
0.324
0.351
0.388
0.305
0.553
0.362
0.342
0.442
0.416
0.470
0.385
0.337
0.298
0.428
0.378
0.428
0.385
0.297
0.328
0.556
0.344
0.483
0.365
0.328
0.318
0.560
0.352
0.463
0.343
0.337
0.308
0.561
0.368
0.459
0.333
0.338
0.389
0.330
0.387
0.362
0.540
0.322
0.393
0.346
0.399
0.377
0.556
0.340
0.340
0.347
0.399
0.319
0.558
0.363
0.338
0.442
0.414
0.489
0.398
0.339
0.300
0.438
0.385
0.452
0.406
0.302
0.331
0.559
0.348
0.499
0.358
0.341
0.320
0.564
0.359
0.487
0.338
0.354
0.313
0.564
0.372
0.482
0.332
0.351
0.359
0.313
0.362
0.334
0.524
0.309
0.372
0.329
0.376
0.354
0.539
0.325
0.316
0.330
0.377
0.299
0.549
0.354
0.338
0.441
0.414
0.492
0.398
0.340
0.289
0.416
0.366
0.443
0.386
0.292
0.312
0.537
0.330
0.482
0.341
0.319
0.302
0.544
0.341
0.466
0.321
0.332
0.292
0.543
0.353
0.461
0.312
0.329
0.377
0.368
0.396
0.358
0.529
0.342
0.376
0.390
0.409
0.370
0.547
0.356
0.335
0.399
0.411
0.323
0.554
0.385
0.363
0.491
0.445
0.529
0.438
0.359
0.312
0.448
0.389
0.478
0.415
0.310
0.345
0.557
0.371
0.526
0.405
0.349
0.335
0.558
0.380
0.506
0.377
0.357
0.326
0.558
0.388
0.498
0.373
0.352
0.374
0.339
0.388
0.347
0.464
0.326
0.375
0.355
0.400
0.365
0.489
0.340
0.324
0.366
0.401
0.307
0.493
0.370
0.340
0.436
0.420
0.507
0.392
0.340
0.296
0.414
0.377
0.463
0.385
0.299
0.325
0.509
0.347
0.504
0.373
0.336
0.320
0.511
0.360
0.492
0.352
0.350
0.310
0.509
0.366
0.484
0.347
0.344
0.361
0.340
0.379
0.350
0.506
0.328
0.368
0.360
0.395
0.369
0.535
0.347
0.321
0.373
0.396
0.315
0.537
0.376
0.345
0.456
0.432
0.525
0.418
0.351
0.297
0.433
0.383
0.476
0.406
0.307
0.323
0.530
0.354
0.502
0.373
0.332
0.317
0.536
0.364
0.489
0.353
0.343
0.309
0.539
0.372
0.483
0.346
0.340
0.344
0.316
0.361
0.331
0.434
0.308
0.341
0.336
0.372
0.343
0.459
0.325
0.298
0.351
0.376
0.294
0.463
0.351
0.314
0.414
0.394
0.455
0.360
0.320
0.280
0.399
0.365
0.424
0.357
0.288
0.307
0.485
0.335
0.456
0.354
0.313
0.301
0.487
0.352
0.443
0.330
0.329
0.289
0.485
0.355
0.434
0.318
0.322
0.424
0.410
0.437
0.434
0.597
0.417
0.428
0.431
0.451
0.442
0.605
0.424
0.381
0.438
0.446
0.395
0.609
0.446
0.427
0.524
0.492
0.576
0.502
0.452
0.368
0.500
0.438
0.520
0.487
0.390
0.401
0.587
0.407
0.544
0.456
0.394
0.388
0.590
0.419
0.526
0.431
0.404
0.375
0.582
0.416
0.514
0.422
0.394
0.387
0.359
0.382
0.378
0.557
0.332
0.389
0.372
0.390
0.391
0.572
0.345
0.340
0.380
0.391
0.331
0.574
0.364
0.369
0.474
0.425
0.526
0.429
0.362
0.318
0.453
0.376
0.483
0.428
0.312
0.351
0.573
0.352
0.513
0.391
0.343
0.345
0.577
0.360
0.501
0.373
0.351
0.331
0.574
0.366
0.491
0.361
0.347
0.374
0.356
0.345
0.378
0.517
0.312
0.386
0.369
0.367
0.392
0.532
0.334
0.335
0.373
0.362
0.329
0.525
0.340
0.350
0.468
0.391
0.476
0.447
0.336
0.313
0.433
0.348
0.448
0.435
0.301
0.339
0.524
0.340
0.475
0.385
0.329
0.332
0.526
0.344
0.461
0.371
0.330
0.323
0.522
0.345
0.456
0.366
0.327
0.392
0.373
0.401
0.387
0.558
0.361
0.392
0.382
0.408
0.396
0.567
0.373
0.343
0.399
0.411
0.342
0.576
0.398
0.375
0.470
0.433
0.509
0.435
0.383
0.334
0.462
0.397
0.472
0.436
0.344
0.368
0.566
0.367
0.509
0.411
0.365
0.349
0.566
0.374
0.486
0.382
0.368
0.339
0.559
0.372
0.478
0.374
0.357
0.377
0.343
0.394
0.345
0.517
0.340
0.384
0.356
0.400
0.363
0.528
0.348
0.339
0.368
0.409
0.321
0.544
0.385
0.363
0.460
0.434
0.537
0.426
0.365
0.310
0.428
0.384
0.476
0.408
0.311
0.349
0.539
0.355
0.530
0.384
0.347
0.333
0.541
0.369
0.510
0.353
0.364
0.329
0.545
0.377
0.510
0.353
0.362
0.365
0.329
0.375
0.337
0.511
0.319
0.385
0.348
0.392
0.368
0.528
0.334
0.332
0.351
0.393
0.310
0.533
0.360
0.348
0.455
0.423
0.510
0.414
0.347
0.296
0.430
0.376
0.454
0.399
0.295
0.333
0.541
0.347
0.502
0.369
0.334
0.318
0.543
0.359
0.483
0.343
0.348
0.313
0.548
0.369
0.480
0.339
0.345
0.396
0.334
0.395
0.368
0.525
0.325
0.409
0.350
0.408
0.391
0.540
0.341
0.351
0.352
0.409
0.327
0.541
0.364
0.352
0.463
0.428
0.531
0.429
0.351
0.303
0.443
0.388
0.481
0.422
0.305
0.339
0.549
0.356
0.524
0.367
0.351
0.326
0.551
0.372
0.514
0.344
0.370
0.323
0.555
0.378
0.507
0.344
0.363
0.366
0.318
0.370
0.337
0.514
0.314
0.384
0.330
0.382
0.363
0.523
0.324
0.326
0.337
0.386
0.304
0.534
0.358
0.344
0.459
0.420
0.528
0.426
0.347
0.290
0.422
0.366
0.467
0.400
0.291
0.319
0.529
0.336
0.502
0.346
0.326
0.305
0.533
0.349
0.487
0.322
0.342
0.301
0.537
0.359
0.484
0.321
0.339
0.405
0.355
0.405
0.365
0.537
0.346
0.423
0.369
0.422
0.387
0.547
0.361
0.366
0.367
0.417
0.334
0.555
0.385
0.371
0.465
0.445
0.533
0.423
0.367
0.322
0.444
0.397
0.482
0.416
0.319
0.362
0.564
0.377
0.546
0.387
0.372
0.344
0.567
0.391
0.528
0.361
0.385
0.344
0.575
0.405
0.532
0.364
0.388
0.375
0.342
0.392
0.347
0.469
0.326
0.377
0.351
0.398
0.368
0.482
0.334
0.329
0.371
0.407
0.311
0.496
0.372
0.344
0.451
0.427
0.546
0.415
0.348
0.292
0.417
0.375
0.487
0.395
0.296
0.328
0.508
0.350
0.522
0.376
0.340
0.318
0.510
0.367
0.510
0.349
0.358
0.312
0.510
0.370
0.503
0.353
0.351
0.361
0.340
0.379
0.349
0.496
0.324
0.368
0.355
0.392
0.369
0.517
0.338
0.324
0.372
0.397
0.316
0.521
0.369
0.347
0.469
0.435
0.555
0.439
0.355
0.292
0.436
0.380
0.492
0.415
0.302
0.324
0.522
0.355
0.518
0.376
0.335
0.315
0.527
0.367
0.501
0.350
0.348
0.309
0.530
0.372
0.498
0.349
0.344
0.338
0.314
0.358
0.327
0.429
0.302
0.338
0.330
0.367
0.341
0.447
0.316
0.293
0.345
0.372
0.287
0.449
0.341
0.315
0.420
0.395
0.489
0.375
0.318
0.273
0.397
0.359
0.447
0.364
0.280
0.305
0.473
0.333
0.471
0.352
0.309
0.296
0.475
0.350
0.458
0.323
0.329
0.288
0.475
0.352
0.450
0.320
0.322
0.444
0.428
0.458
0.448
0.592
0.433
0.455
0.448
0.472
0.466
0.602
0.441
0.407
0.455
0.470
0.415
0.605
0.460
0.452
0.544
0.514
0.635
0.533
0.476
0.387
0.515
0.455
0.568
0.510
0.406
0.425
0.592
0.427
0.588
0.479
0.420
0.413
0.597
0.445
0.575
0.454
0.436
0.397
0.587
0.436
0.557
0.444
0.419
0.384
0.355
0.382
0.367
0.532
0.329
0.393
0.368
0.392
0.389
0.547
0.340
0.343
0.378
0.396
0.329
0.549
0.364
0.369
0.478
0.428
0.558
0.440
0.361
0.313
0.451
0.372
0.503
0.434
0.303
0.349
0.556
0.354
0.531
0.390
0.346
0.339
0.557
0.363
0.517
0.368
0.356
0.331
0.559
0.368
0.509
0.364
0.352
0.379
0.351
0.345
0.379
0.496
0.309
0.393
0.361
0.365
0.396
0.508
0.328
0.339
0.365
0.362
0.330
0.500
0.336
0.357
0.464
0.396
0.521
0.457
0.346
0.309
0.421
0.344
0.476
0.433
0.298
0.340
0.506
0.338
0.501
0.388
0.333
0.329
0.504
0.343
0.484
0.369
0.333
0.322
0.502
0.342
0.477
0.365
0.328
0.403
0.377
0.411
0.391
0.536
0.366
0.407
0.387
0.417
0.406
0.548
0.378
0.355
0.403
0.424
0.349
0.554
0.404
0.381
0.467
0.436
0.557
0.453
0.396
0.335
0.457
0.395
0.513
0.450
0.350
0.376
0.549
0.371
0.542
0.422
0.377
0.355
0.547
0.380
0.520
0.390
0.384
0.347
0.541
0.375
0.511
0.386
0.371
0.352
0.319
0.371
0.323
0.485
0.317
0.358
0.335
0.377
0.339
0.500
0.327
0.316
0.347
0.391
0.300
0.516
0.367
0.344
0.424
0.413
0.512
0.389
0.348
0.291
0.406
0.366
0.456
0.384
0.298
0.332
0.512
0.326
0.506
0.366
0.324
0.314
0.518
0.338
0.486
0.336
0.338
0.306
0.515
0.342
0.480
0.330
0.331
0.341
0.306
0.351
0.314
0.474
0.296
0.356
0.324
0.366
0.339
0.493
0.310
0.310
0.332
0.375
0.289
0.497
0.342
0.327
0.409
0.396
0.479
0.368
0.325
0.279
0.403
0.357
0.431
0.370
0.280
0.316
0.512
0.317
0.480
0.350
0.309
0.299
0.518
0.328
0.458
0.324
0.321
0.291
0.515
0.334
0.453
0.317
0.315
0.368
0.310
0.368
0.340
0.487
0.299
0.377
0.324
0.379
0.359
0.502
0.313
0.328
0.331
0.388
0.304
0.504
0.344
0.327
0.413
0.398
0.499
0.381
0.327
0.283
0.417
0.368
0.459
0.394
0.287
0.320
0.518
0.324
0.499
0.348
0.326
0.306
0.524
0.339
0.486
0.324
0.342
0.299
0.521
0.342
0.478
0.321
0.332
0.343
0.297
0.348
0.316
0.471
0.291
0.359
0.310
0.360
0.339
0.487
0.303
0.306
0.316
0.369
0.285
0.493
0.340
0.330
0.415
0.401
0.507
0.385
0.334
0.276
0.398
0.352
0.450
0.374
0.278
0.305
0.499
0.309
0.485
0.334
0.305
0.290
0.506
0.322
0.469
0.310
0.321
0.281
0.501
0.326
0.460
0.301
0.312
0.378
0.330
0.380
0.342
0.496
0.320
0.392
0.345
0.394
0.359
0.511
0.336
0.341
0.342
0.393
0.310
0.512
0.361
0.346
0.418
0.416
0.508
0.382
0.346
0.300
0.413
0.373
0.460
0.385
0.299
0.340
0.528
0.341
0.522
0.365
0.343
0.323
0.535
0.357
0.505
0.341
0.358
0.318
0.536
0.367
0.503
0.338
0.354
0.343
0.337
0.366
0.329
0.485
0.315
0.348
0.355
0.379
0.345
0.500
0.327
0.311
0.370
0.389
0.301
0.510
0.363
0.347
0.461
0.425
0.547
0.423
0.350
0.288
0.419
0.364
0.480
0.397
0.290
0.326
0.517
0.337
0.520
0.384
0.323
0.312
0.520
0.350
0.500
0.352
0.332
0.305
0.521
0.354
0.490
0.352
0.324
0.330
0.314
0.352
0.320
0.463
0.300
0.339
0.332
0.367
0.342
0.488
0.317
0.298
0.350
0.376
0.292
0.495
0.352
0.334
0.436
0.417
0.536
0.407
0.342
0.279
0.414
0.365
0.473
0.390
0.288
0.308
0.497
0.324
0.494
0.359
0.308
0.298
0.505
0.338
0.480
0.335
0.321
0.287
0.501
0.337
0.469
0.327
0.311
0.318
0.292
0.337
0.309
0.404
0.283
0.318
0.308
0.347
0.322
0.425
0.298
0.279
0.331
0.360
0.275
0.434
0.331
0.300
0.391
0.376
0.468
0.347
0.307
0.261
0.380
0.345
0.430
0.346
0.270
0.293
0.452
0.310
0.452
0.337
0.292
0.282
0.455
0.327
0.438
0.308
0.309
0.270
0.452
0.325
0.425
0.301
0.297
0.419
0.400
0.433
0.423
0.554
0.407
0.423
0.418
0.444
0.432
0.565
0.413
0.381
0.432
0.449
0.391
0.574
0.441
0.429
0.501
0.488
0.602
0.490
0.454
0.371
0.486
0.438
0.546
0.481
0.391
0.406
0.563
0.397
0.563
0.457
0.394
0.394
0.570
0.417
0.549
0.433
0.410
0.376
0.557
0.403
0.530
0.422
0.390
0.362
0.333
0.361
0.347
0.503
0.308
0.370
0.347
0.372
0.367
0.518
0.320
0.324
0.359
0.381
0.312
0.523
0.348
0.352
0.442
0.408
0.533
0.407
0.348
0.299
0.429
0.359
0.483
0.410
0.293
0.336
0.532
0.329
0.512
0.376
0.327
0.326
0.536
0.338
0.495
0.353
0.335
0.312
0.532
0.338
0.484
0.345
0.326
0.351
0.325
0.323
0.352
0.463
0.285
0.366
0.335
0.342
0.369
0.477
0.304
0.320
0.346
0.348
0.310
0.473
0.321
0.329
0.424
0.368
0.486
0.415
0.318
0.293
0.401
0.330
0.453
0.410
0.283
0.322
0.480
0.316
0.478
0.366
0.311
0.313
0.483
0.321
0.462
0.350
0.312
0.303
0.476
0.316
0.454
0.345
0.305
0.377
0.351
0.386
0.368
0.499
0.343
0.380
0.360
0.393
0.380
0.512
0.353
0.334
0.379
0.405
0.329
0.521
0.383
0.362
0.431
0.417
0.525
0.415
0.376
0.323
0.435
0.384
0.488
0.423
0.337
0.358
0.524
0.346
0.516
0.401
0.353
0.339
0.525
0.357
0.495
0.372
0.361
0.328
0.515
0.348
0.482
0.363
0.343
0.332
0.305
0.353
0.307
0.482
0.305
0.350
0.326
0.366
0.336
0.505
0.323
0.302
0.339
0.377
0.290
0.519
0.363
0.335
0.422
0.403
0.501
0.387
0.337
0.286
0.406
0.361
0.445
0.382
0.292
0.317
0.506
0.320
0.488
0.348
0.310
0.303
0.511
0.329
0.468
0.323
0.323
0.295
0.510
0.338
0.469
0.318
0.322
0.322
0.292
0.334
0.299
0.477
0.285
0.349
0.315
0.357
0.337
0.503
0.307
0.293
0.321
0.359
0.278
0.507
0.338
0.319
0.410
0.388
0.472
0.369
0.315
0.272
0.405
0.352
0.426
0.373
0.275
0.300
0.508
0.309
0.462
0.332
0.295
0.288
0.515
0.320
0.443
0.311
0.307
0.281
0.512
0.329
0.444
0.306
0.307
0.349
0.295
0.353
0.325
0.489
0.288
0.370
0.315
0.372
0.357
0.512
0.310
0.312
0.322
0.375
0.294
0.515
0.341
0.320
0.418
0.391
0.493
0.384
0.318
0.277
0.419
0.363
0.450
0.396
0.279
0.307
0.516
0.318
0.484
0.332
0.311
0.295
0.522
0.331
0.470
0.311
0.326
0.288
0.520
0.338
0.467
0.310
0.322
0.320
0.282
0.330
0.297
0.478
0.279
0.350
0.301
0.349
0.334
0.497
0.297
0.290
0.309
0.354
0.274
0.507
0.335
0.321
0.421
0.391
0.494
0.387
0.320
0.267
0.399
0.343
0.436
0.373
0.269
0.290
0.497
0.303
0.466
0.315
0.291
0.279
0.505
0.312
0.449
0.296
0.303
0.270
0.501
0.321
0.447
0.290
0.301
0.361
0.318
0.366
0.327
0.503
0.313
0.387
0.336
0.387
0.357
0.522
0.333
0.328
0.335
0.383
0.302
0.527
0.361
0.341
0.430
0.412
0.499
0.387
0.336
0.297
0.422
0.373
0.454
0.391
0.296
0.326
0.528
0.339
0.505
0.349
0.331
0.313
0.537
0.353
0.489
0.328
0.343
0.307
0.537
0.365
0.492
0.326
0.346
0.329
0.323
0.350
0.317
0.476
0.304
0.343
0.348
0.370
0.345
0.502
0.323
0.300
0.364
0.378
0.294
0.510
0.358
0.340
0.463
0.417
0.544
0.429
0.343
0.283
0.421
0.358
0.473
0.398
0.286
0.314
0.509
0.333
0.506
0.367
0.312
0.301
0.510
0.340
0.486
0.340
0.320
0.294
0.512
0.348
0.480
0.338
0.316
0.325
0.298
0.344
0.303
0.426
0.287
0.343
0.318
0.362
0.337
0.453
0.306
0.286
0.338
0.368
0.274
0.468
0.344
0.314
0.410
0.391
0.510
0.375
0.315
0.268
0.392
0.350
0.456
0.368
0.272
0.295
0.470
0.308
0.481
0.338
0.296
0.285
0.475
0.320
0.467
0.316
0.309
0.277
0.473
0.326
0.462
0.315
0.306
0.303
0.282
0.326
0.296
0.401
0.275
0.311
0.306
0.342
0.320
0.429
0.295
0.265
0.325
0.348
0.264
0.435
0.326
0.293
0.393
0.370
0.463
0.348
0.298
0.254
0.377
0.339
0.421
0.346
0.265
0.279
0.445
0.301
0.437
0.324
0.280
0.269
0.449
0.315
0.423
0.298
0.296
0.262
0.451
0.321
0.419
0.294
0.293
0.406
0.393
0.422
0.412
0.559
0.399
0.428
0.422
0.446
0.441
0.579
0.416
0.376
0.431
0.444
0.387
0.581
0.438
0.430
0.510
0.488
0.605
0.499
0.451
0.367
0.490
0.434
0.542
0.487
0.386
0.397
0.562
0.396
0.552
0.446
0.384
0.387
0.569
0.413
0.539
0.426
0.400
0.371
0.558
0.404
0.524
0.413
0.386
0.334
0.313
0.337
0.327
0.496
0.290
0.357
0.335
0.357
0.363
0.521
0.311
0.300
0.346
0.360
0.293
0.519
0.337
0.340
0.433
0.392
0.526
0.404
0.334
0.288
0.423
0.345
0.473
0.407
0.282
0.317
0.519
0.315
0.491
0.353
0.307
0.309
0.522
0.320
0.476
0.336
0.314
0.298
0.521
0.326
0.472
0.329
0.313
0.333
0.311
0.305
0.337
0.459
0.273
0.359
0.329
0.332
0.367
0.482
0.300
0.301
0.335
0.331
0.296
0.471
0.310
0.323
0.422
0.359
0.486
0.419
0.313
0.284
0.394
0.317
0.448
0.409
0.276
0.307
0.471
0.303
0.462
0.351
0.295
0.300
0.473
0.306
0.447
0.339
0.297
0.291
0.467
0.306
0.444
0.334
0.294
0.357
0.336
0.368
0.355
0.503
0.329
0.372
0.354
0.384
0.377
0.520
0.347
0.317
0.371
0.390
0.317
0.527
0.376
0.352
0.427
0.403
0.520
0.414
0.364
0.311
0.426
0.369
0.480
0.420
0.327
0.343
0.516
0.334
0.499
0.383
0.336
0.325
0.516
0.341
0.479
0.358
0.343
0.316
0.508
0.337
0.474
0.352
0.333
0.349
0.313
0.362
0.322
0.479
0.314
0.358
0.334
0.373
0.342
0.501
0.331
0.314
0.339
0.379
0.299
0.504
0.358
0.321
0.415
0.392
0.477
0.371
0.324
0.284
0.403
0.360
0.439
0.380
0.291
0.328
0.507
0.332
0.489
0.360
0.322
0.311
0.511
0.344
0.470
0.328
0.338
0.301
0.509
0.350
0.466
0.322
0.333
0.337
0.299
0.343
0.312
0.470
0.293
0.355
0.322
0.363
0.342
0.495
0.311
0.305
0.324
0.363
0.286
0.490
0.334
0.303
0.402
0.375
0.447
0.350
0.300
0.272
0.404
0.354
0.417
0.368
0.273
0.310
0.510
0.323
0.463
0.342
0.305
0.297
0.516
0.336
0.443
0.315
0.320
0.288
0.512
0.344
0.439
0.308
0.316
0.364
0.304
0.360
0.338
0.485
0.297
0.376
0.321
0.375
0.361
0.505
0.315
0.322
0.323
0.377
0.301
0.498
0.336
0.306
0.409
0.380
0.469
0.366
0.305
0.278
0.418
0.364
0.442
0.391
0.279
0.316
0.517
0.331
0.482
0.340
0.322
0.303
0.522
0.347
0.471
0.315
0.339
0.296
0.520
0.352
0.463
0.313
0.332
0.341
0.292
0.341
0.314
0.471
0.289
0.358
0.307
0.355
0.341
0.490
0.304
0.303
0.310
0.359
0.284
0.489
0.332
0.307
0.413
0.382
0.473
0.369
0.307
0.272
0.399
0.350
0.435
0.372
0.274
0.303
0.501
0.322
0.471
0.326
0.306
0.289
0.507
0.332
0.455
0.301
0.321
0.279
0.503
0.337
0.450
0.296
0.316
0.380
0.327
0.377
0.342
0.497
0.321
0.393
0.343
0.391
0.362
0.515
0.339
0.341
0.340
0.387
0.313
0.511
0.358
0.330
0.422
0.404
0.480
0.374
0.326
0.300
0.420
0.377
0.449
0.389
0.298
0.340
0.532
0.354
0.509
0.361
0.346
0.323
0.538
0.369
0.492
0.335
0.360
0.318
0.539
0.380
0.493
0.334
0.360
0.345
0.331
0.360
0.327
0.474
0.312
0.350
0.356
0.375
0.348
0.495
0.329
0.309
0.362
0.377
0.300
0.497
0.353
0.327
0.454
0.407
0.512
0.410
0.326
0.283
0.419
0.360
0.463
0.392
0.284
0.324
0.512
0.347
0.503
0.377
0.323
0.310
0.511
0.358
0.483
0.341
0.334
0.304
0.514
0.363
0.478
0.343
0.330
0.341
0.307
0.354
0.317
0.423
0.297
0.347
0.327
0.367
0.341
0.447
0.313
0.298
0.336
0.370
0.285
0.452
0.341
0.305
0.399
0.382
0.484
0.357
0.305
0.272
0.387
0.352
0.448
0.361
0.275
0.307
0.471
0.324
0.477
0.347
0.308
0.298
0.473
0.340
0.466
0.320
0.327
0.288
0.472
0.340
0.459
0.320
0.319
0.336
0.314
0.353
0.327
0.460
0.302
0.344
0.335
0.369
0.348
0.487
0.321
0.300
0.346
0.372
0.296
0.487
0.349
0.315
0.427
0.401
0.502
0.391
0.321
0.276
0.410
0.364
0.458
0.386
0.286
0.311
0.499
0.337
0.481
0.356
0.314
0.300
0.502
0.349
0.464
0.328
0.327
0.290
0.500
0.351
0.460
0.323
0.322
0.429
0.407
0.439
0.437
0.570
0.419
0.437
0.431
0.455
0.452
0.582
0.428
0.390
0.435
0.451
0.402
0.581
0.445
0.414
0.507
0.479
0.583
0.493
0.443
0.370
0.496
0.442
0.537
0.490
0.391
0.414
0.575
0.417
0.556
0.463
0.403
0.399
0.577
0.434
0.537
0.430
0.416
0.384
0.567
0.426
0.525
0.422
0.403
0.361
0.330
0.354
0.349
0.499
0.307
0.370
0.346
0.367
0.373
0.518
0.322
0.322
0.351
0.369
0.314
0.513
0.340
0.331
0.431
0.386
0.502
0.391
0.326
0.294
0.426
0.351
0.468
0.407
0.288
0.336
0.531
0.338
0.497
0.374
0.330
0.326
0.533
0.346
0.480
0.347
0.337
0.312
0.529
0.347
0.471
0.339
0.330
0.351
0.321
0.319
0.350
0.457
0.285
0.365
0.336
0.342
0.370
0.477
0.310
0.316
0.339
0.340
0.310
0.464
0.317
0.315
0.415
0.356
0.463
0.402
0.305
0.289
0.396
0.325
0.443
0.406
0.282
0.323
0.478
0.322
0.467
0.362
0.313
0.312
0.477
0.327
0.451
0.345
0.315
0.300
0.469
0.320
0.440
0.335
0.305
0.371
0.344
0.374
0.361
0.494
0.336
0.380
0.361
0.389
0.381
0.512
0.353
0.326
0.368
0.388
0.323
0.510
0.372
0.338
0.422
0.392
0.491
0.398
0.351
0.310
0.426
0.370
0.467
0.414
0.325
0.352
0.518
0.349
0.499
0.394
0.350
0.330
0.514
0.355
0.474
0.358
0.353
0.320
0.505
0.349
0.465
0.350
0.340
0.444
0.410
0.450
0.435
0.603
0.418
0.457
0.426
0.459
0.455
0.618
0.429
0.416
0.445
0.473
0.421
0.640
0.471
0.444
0.559
0.514
0.622
0.537
0.459
0.380
0.513
0.450
0.553
0.507
0.397
0.486
0.676
0.489
0.649
0.520
0.483
0.456
0.670
0.489
0.610
0.471
0.475
0.427
0.644
0.470
0.591
0.448
0.453
0.439
0.404
0.437
0.430
0.603
0.400
0.465
0.425
0.458
0.466
0.626
0.419
0.412
0.431
0.458
0.405
0.630
0.442
0.429
0.553
0.500
0.596
0.525
0.437
0.371
0.522
0.447
0.535
0.503
0.381
0.467
0.677
0.476
0.625
0.504
0.468
0.445
0.676
0.479
0.590
0.465
0.463
0.418
0.654
0.468
0.574
0.445
0.446
0.464
0.406
0.453
0.462
0.621
0.411
0.481
0.420
0.467
0.482
0.633
0.421
0.427
0.430
0.469
0.422
0.637
0.447
0.430
0.555
0.502
0.613
0.535
0.440
0.376
0.533
0.457
0.560
0.526
0.390
0.503
0.716
0.515
0.668
0.527
0.508
0.454
0.687
0.493
0.616
0.464
0.480
0.435
0.670
0.485
0.601
0.452
0.466
0.422
0.375
0.414
0.415
0.589
0.379
0.450
0.391
0.432
0.447
0.604
0.394
0.392
0.400
0.437
0.386
0.616
0.426
0.416
0.548
0.490
0.601
0.526
0.425
0.354
0.503
0.429
0.536
0.494
0.367
0.420
0.633
0.438
0.589
0.445
0.426
0.399
0.635
0.443
0.565
0.415
0.429
0.374
0.612
0.429
0.544
0.394
0.407
0.478
0.431
0.468
0.457
0.628
0.426
0.497
0.442
0.483
0.476
0.637
0.439
0.448
0.449
0.483
0.430
0.652
0.468
0.449
0.568
0.522
0.614
0.538
0.455
0.393
0.534
0.466
0.557
0.519
0.401
0.503
0.709
0.516
0.681
0.537
0.520
0.469
0.698
0.512
0.634
0.484
0.500
0.445
0.676
0.501
0.621
0.469
0.485
0.448
0.436
0.454
0.446
0.604
0.418
0.457
0.455
0.469
0.469
0.620
0.431
0.417
0.475
0.476
0.419
0.632
0.464
0.452
0.605
0.531
0.656
0.585
0.461
0.384
0.540
0.460
0.582
0.531
0.394
0.470
0.669
0.492
0.654
0.528
0.474
0.453
0.668
0.499
0.626
0.489
0.474
0.423
0.643
0.478
0.599
0.467
0.446
0.425
0.392
0.431
0.414
0.540
0.385
0.437
0.407
0.444
0.442
0.556
0.397
0.386
0.432
0.454
0.383
0.575
0.434
0.404
0.522
0.484
0.600
0.498
0.414
0.351
0.489
0.432
0.546
0.479
0.365
0.416
0.598
0.438
0.597
0.465
0.430
0.406
0.601
0.451
0.579
0.435
0.438
0.386
0.585
0.438
0.560
0.422
0.418
0.441
0.419
0.449
0.450
0.594
0.416
0.452
0.432
0.461
0.476
0.616
0.429
0.410
0.457
0.470
0.422
0.627
0.464
0.433
0.563
0.517
0.638
0.552
0.451
0.375
0.528
0.460
0.579
0.524
0.398
0.460
0.661
0.491
0.637
0.508
0.473
0.444
0.660
0.494
0.610
0.476
0.470
0.415
0.634
0.473
0.588
0.453
0.447
0.429
0.407
0.440
0.436
0.541
0.404
0.432
0.421
0.450
0.451
0.557
0.414
0.394
0.452
0.462
0.405
0.572
0.448
0.408
0.519
0.483
0.579
0.487
0.422
0.364
0.495
0.444
0.540
0.479
0.383
0.448
0.617
0.470
0.600
0.500
0.453
0.430
0.611
0.477
0.569
0.456
0.451
0.407
0.594
0.463
0.551
0.438
0.434
0.474
0.447
0.464
0.487
0.652
0.439
0.496
0.469
0.484
0.516
0.673
0.457
0.455
0.489
0.495
0.469
0.691
0.491
0.476
0.598
0.530
0.672
0.585
0.489
0.411
0.560
0.466
0.606
0.562
0.420
0.492
0.700
0.493
0.658
0.537
0.490
0.485
0.707
0.503
0.641
0.513
0.494
0.442
0.673
0.475
0.602
0.471
0.456
0.427
0.403
0.393
0.445
0.568
0.375
0.441
0.412
0.409
0.461
0.578
0.390
0.391
0.424
0.411
0.398
0.576
0.403
0.418
0.536
0.455
0.579
0.535
0.416
0.368
0.495
0.401
0.534
0.515
0.369
0.430
0.599
0.427
0.571
0.471
0.416
0.419
0.598
0.428
0.552
0.452
0.413
0.394
0.576
0.408
0.529
0.430
0.391
0.438
0.418
0.438
0.446
0.601
0.415
0.446
0.427
0.447
0.461
0.610
0.426
0.399
0.450
0.456
0.409
0.622
0.456
0.433
0.535
0.486
0.603
0.526
0.453
0.382
0.517
0.439
0.556
0.520
0.407
0.453
0.635
0.448
0.602
0.498
0.452
0.432
0.634
0.454
0.575
0.464
0.450
0.407
0.610
0.432
0.552
0.443
0.423
0.379
0.348
0.388
0.362
0.542
0.339
0.385
0.361
0.390
0.378
0.555
0.346
0.333
0.365
0.393
0.324
0.562
0.373
0.366
0.466
0.432
0.530
0.430
0.368
0.313
0.440
0.383
0.475
0.421
0.316
0.344
0.554
0.356
0.515
0.380
0.345
0.338
0.566
0.369
0.504
0.363
0.361
0.327
0.560
0.372
0.498
0.352
0.355
0.371
0.340
0.372
0.357
0.543
0.322
0.385
0.353
0.382
0.378
0.556
0.331
0.328
0.352
0.379
0.311
0.554
0.347
0.353
0.459
0.419
0.504
0.416
0.348
0.302
0.442
0.374
0.453
0.411
0.298
0.330
0.561
0.346
0.491
0.366
0.330
0.326
0.572
0.358
0.479
0.352
0.345
0.316
0.568
0.366
0.475
0.343
0.341
0.403
0.345
0.393
0.391
0.560
0.332
0.408
0.355
0.397
0.405
0.570
0.340
0.348
0.355
0.395
0.332
0.562
0.353
0.357
0.467
0.425
0.528
0.434
0.354
0.308
0.456
0.385
0.484
0.439
0.309
0.340
0.570
0.356
0.515
0.368
0.349
0.335
0.580
0.369
0.508
0.353
0.365
0.327
0.576
0.375
0.502
0.349
0.359
0.374
0.327
0.369
0.359
0.544
0.317
0.389
0.337
0.375
0.381
0.553
0.325
0.327
0.339
0.377
0.311
0.558
0.349
0.352
0.465
0.422
0.527
0.430
0.352
0.296
0.434
0.367
0.470
0.415
0.298
0.320
0.549
0.341
0.497
0.349
0.328
0.316
0.562
0.353
0.489
0.336
0.345
0.302
0.555
0.357
0.480
0.324
0.336
0.409
0.363
0.402
0.382
0.565
0.347
0.422
0.373
0.412
0.400
0.574
0.358
0.363
0.368
0.403
0.338
0.576
0.374
0.371
0.468
0.438
0.528
0.428
0.365
0.323
0.451
0.393
0.482
0.426
0.320
0.355
0.577
0.374
0.534
0.383
0.367
0.349
0.589
0.388
0.523
0.369
0.380
0.342
0.589
0.398
0.522
0.363
0.378
0.379
0.374
0.388
0.371
0.540
0.340
0.378
0.388
0.396
0.385
0.551
0.347
0.332
0.396
0.395
0.326
0.553
0.368
0.371
0.510
0.447
0.562
0.467
0.367
0.310
0.460
0.383
0.498
0.438
0.309
0.343
0.560
0.370
0.533
0.406
0.347
0.341
0.567
0.383
0.520
0.384
0.359
0.329
0.563
0.383
0.510
0.378
0.350
0.374
0.344
0.382
0.360
0.484
0.324
0.376
0.354
0.387
0.378
0.495
0.332
0.322
0.369
0.390
0.311
0.505
0.359
0.344
0.447
0.419
0.531
0.414
0.345
0.296
0.426
0.372
0.482
0.405
0.298
0.323
0.515
0.349
0.505
0.370
0.334
0.324
0.526
0.367
0.501
0.356
0.355
0.311
0.519
0.364
0.489
0.349
0.342
0.362
0.344
0.372
0.362
0.516
0.323
0.369
0.359
0.383
0.382
0.537
0.337
0.318
0.372
0.383
0.316
0.537
0.361
0.352
0.468
0.432
0.545
0.438
0.357
0.297
0.444
0.379
0.490
0.425
0.306
0.323
0.537
0.357
0.504
0.372
0.334
0.322
0.548
0.369
0.496
0.360
0.348
0.309
0.542
0.367
0.486
0.348
0.338
0.351
0.327
0.359
0.352
0.454
0.311
0.348
0.340
0.365
0.362
0.470
0.321
0.301
0.356
0.368
0.302
0.471
0.342
0.323
0.428
0.395
0.484
0.384
0.327
0.282
0.410
0.360
0.448
0.379
0.289
0.313
0.493
0.340
0.464
0.361
0.316
0.312
0.498
0.357
0.457
0.342
0.335
0.297
0.494
0.356
0.445
0.330
0.325
0.418
0.403
0.419
0.431
0.589
0.397
0.424
0.418
0.429
0.439
0.592
0.400
0.373
0.425
0.424
0.381
0.593
0.415
0.421
0.522
0.477
0.587
0.505
0.438
0.354
0.491
0.414
0.526
0.488
0.368
0.390
0.581
0.397
0.542
0.444
0.384
0.384
0.588
0.410
0.531
0.426
0.396
0.365
0.574
0.401
0.515
0.410
0.382
0.376
0.354
0.342
0.385
0.520
0.309
0.385
0.364
0.357
0.398
0.531
0.325
0.331
0.366
0.351
0.328
0.522
0.329
0.354
0.473
0.390
0.509
0.463
0.344
0.306
0.432
0.338
0.466
0.441
0.296
0.332
0.519
0.332
0.484
0.381
0.326
0.329
0.524
0.337
0.473
0.372
0.329
0.317
0.515
0.334
0.464
0.363
0.322
0.394
0.378
0.393
0.399
0.564
0.358
0.396
0.385
0.396
0.407
0.570
0.366
0.343
0.400
0.400
0.344
0.575
0.386
0.379
0.473
0.426
0.537
0.452
0.386
0.331
0.463
0.381
0.496
0.455
0.342
0.367
0.566
0.363
0.520
0.414
0.365
0.357
0.572
0.372
0.503
0.394
0.371
0.340
0.557
0.363
0.491
0.380
0.354
0.366
0.332
0.358
0.350
0.510
0.319
0.380
0.351
0.373
0.371
0.529
0.336
0.328
0.360
0.379
0.318
0.535
0.363
0.346
0.453
0.403
0.506
0.425
0.343
0.308
0.426
0.366
0.466
0.420
0.307
0.336
0.525
0.339
0.500
0.371
0.328
0.330
0.536
0.351
0.482
0.351
0.336
0.307
0.523
0.349
0.470
0.332
0.327
0.355
0.321
0.341
0.343
0.508
0.301
0.377
0.344
0.365
0.371
0.531
0.325
0.320
0.346
0.362
0.306
0.528
0.339
0.332
0.446
0.388
0.480
0.411
0.323
0.298
0.432
0.360
0.446
0.416
0.293
0.322
0.532
0.332
0.474
0.355
0.314
0.317
0.541
0.340
0.456
0.341
0.322
0.297
0.530
0.342
0.446
0.323
0.314
0.400
0.343
0.378
0.395
0.545
0.333
0.404
0.352
0.387
0.400
0.551
0.341
0.347
0.358
0.389
0.338
0.548
0.360
0.349
0.460
0.406
0.517
0.435
0.345
0.315
0.455
0.383
0.484
0.449
0.315
0.342
0.548
0.349
0.505
0.366
0.340
0.337
0.559
0.364
0.495
0.350
0.353
0.312
0.542
0.357
0.477
0.332
0.337
0.352
0.311
0.337
0.345
0.512
0.296
0.373
0.326
0.353
0.368
0.525
0.313
0.311
0.331
0.356
0.300
0.526
0.334
0.338
0.453
0.395
0.507
0.429
0.333
0.292
0.423
0.352
0.459
0.417
0.289
0.310
0.519
0.322
0.475
0.338
0.307
0.304
0.529
0.332
0.460
0.321
0.315
0.284
0.518
0.332
0.448
0.305
0.306
0.418
0.369
0.394
0.399
0.558
0.351
0.427
0.379
0.407
0.407
0.562
0.363
0.371
0.378
0.400
0.351
0.563
0.377
0.375
0.473
0.429
0.527
0.445
0.364
0.339
0.458
0.394
0.492
0.447
0.330
0.370
0.566
0.374
0.534
0.393
0.365
0.361
0.575
0.386
0.517
0.375
0.371
0.340
0.564
0.386
0.507
0.359
0.362
0.365
0.352
0.355
0.361
0.509
0.318
0.372
0.374
0.377
0.375
0.526
0.337
0.323
0.378
0.374
0.316
0.522
0.354
0.352
0.490
0.417
0.542
0.465
0.348
0.305
0.444
0.366
0.488
0.438
0.300
0.335
0.530
0.352
0.514
0.391
0.329
0.329
0.534
0.360
0.495
0.367
0.332
0.311
0.528
0.362
0.483
0.356
0.324
0.356
0.324
0.350
0.345
0.451
0.303
0.370
0.346
0.371
0.370
0.476
0.324
0.311
0.355
0.370
0.299
0.473
0.344
0.327
0.431
0.392
0.507
0.402
0.322
0.293
0.412
0.359
0.471
0.403
0.290
0.316
0.487
0.331
0.488
0.359
0.316
0.313
0.493
0.344
0.476
0.341
0.325
0.295
0.483
0.341
0.464
0.331
0.316
0.340
0.321
0.338
0.345
0.481
0.300
0.354
0.343
0.360
0.366
0.506
0.321
0.305
0.354
0.361
0.305
0.501
0.343
0.328
0.447
0.397
0.517
0.427
0.328
0.288
0.426
0.360
0.475
0.419
0.294
0.309
0.502
0.332
0.480
0.357
0.309
0.305
0.509
0.340
0.464
0.339
0.315
0.288
0.503
0.341
0.455
0.327
0.308
0.337
0.312
0.334
0.337
0.434
0.294
0.338
0.328
0.349
0.348
0.452
0.312
0.293
0.346
0.355
0.294
0.455
0.333
0.306
0.410
0.371
0.464
0.375
0.306
0.283
0.402
0.354
0.443
0.382
0.287
0.304
0.470
0.324
0.451
0.350
0.302
0.301
0.476
0.339
0.438
0.330
0.312
0.281
0.466
0.335
0.422
0.311
0.301
0.375
0.355
0.372
0.378
0.521
0.346
0.387
0.383
0.394
0.396
0.539
0.367
0.336
0.385
0.387
0.341
0.536
0.379
0.381
0.485
0.433
0.537
0.463
0.390
0.327
0.458
0.386
0.488
0.455
0.337
0.351
0.523
0.356
0.499
0.399
0.344
0.347
0.533
0.371
0.486
0.382
0.354
0.328
0.522
0.367
0.473
0.368
0.345
0.362
0.335
0.344
0.356
0.516
0.300
0.376
0.355
0.362
0.381
0.539
0.322
0.319
0.359
0.360
0.310
0.530
0.331
0.349
0.463
0.394
0.520
0.428
0.338
0.302
0.440
0.350
0.476
0.429
0.292
0.327
0.535
0.329
0.490
0.367
0.320
0.324
0.542
0.336
0.478
0.353
0.326
0.305
0.534
0.337
0.464
0.337
0.317
0.365
0.343
0.351
0.373
0.519
0.325
0.378
0.365
0.371
0.391
0.538
0.349
0.321
0.376
0.372
0.325
0.534
0.363
0.355
0.452
0.391
0.507
0.435
0.355
0.317
0.442
0.357
0.477
0.444
0.323
0.347
0.526
0.336
0.489
0.386
0.334
0.336
0.531
0.343
0.470
0.365
0.336
0.315
0.514
0.333
0.456
0.348
0.321
0.432
0.397
0.437
0.418
0.591
0.395
0.443
0.408
0.443
0.434
0.602
0.406
0.404
0.423
0.457
0.398
0.625
0.445
0.414
0.527
0.482
0.589
0.506
0.432
0.366
0.502
0.436
0.540
0.498
0.386
0.412
0.610
0.424
0.581
0.449
0.418
0.404
0.623
0.441
0.568
0.430
0.436
0.381
0.603
0.427
0.549
0.408
0.415
0.427
0.391
0.424
0.414
0.590
0.378
0.444
0.404
0.438
0.438
0.606
0.394
0.401
0.416
0.446
0.388
0.617
0.422
0.405
0.526
0.472
0.569
0.498
0.416
0.360
0.512
0.434
0.524
0.496
0.374
0.406
0.623
0.420
0.566
0.445
0.413
0.395
0.631
0.433
0.547
0.423
0.422
0.374
0.614
0.425
0.532
0.404
0.406
0.467
0.412
0.458
0.461
0.624
0.406
0.480
0.420
0.467
0.476
0.634
0.419
0.434
0.434
0.478
0.425
0.645
0.451
0.425
0.550
0.495
0.610
0.533
0.444
0.382
0.538
0.460
0.569
0.536
0.403
0.435
0.652
0.452
0.605
0.464
0.449
0.425
0.664
0.470
0.594
0.446
0.463
0.397
0.636
0.449
0.568
0.422
0.434
0.421
0.375
0.414
0.410
0.586
0.368
0.440
0.384
0.426
0.432
0.595
0.381
0.392
0.395
0.436
0.379
0.612
0.416
0.399
0.525
0.468
0.584
0.506
0.415
0.349
0.496
0.419
0.530
0.489
0.364
0.386
0.601
0.406
0.560
0.417
0.400
0.379
0.614
0.421
0.548
0.402
0.415
0.357
0.595
0.409
0.530
0.383
0.395
0.456
0.410
0.448
0.433
0.607
0.398
0.476
0.422
0.465
0.452
0.619
0.416
0.427
0.423
0.462
0.403
0.629
0.440
0.420
0.531
0.488
0.585
0.503
0.429
0.377
0.515
0.446
0.540
0.498
0.385
0.424
0.631
0.438
0.598
0.453
0.439
0.411
0.641
0.454
0.581
0.433
0.450
0.393
0.626
0.448
0.569
0.418
0.433
0.432
0.417
0.436
0.424
0.584
0.393
0.441
0.433
0.451
0.444
0.600
0.409
0.400
0.449
0.457
0.396
0.610
0.440
0.422
0.565
0.496
0.623
0.541
0.433
0.368
0.522
0.440
0.564
0.513
0.380
0.414
0.616
0.440
0.601
0.472
0.422
0.406
0.623
0.455
0.586
0.448
0.436
0.387
0.610
0.443
0.566
0.434
0.415
0.416
0.380
0.419
0.404
0.525
0.367
0.429
0.393
0.433
0.427
0.540
0.381
0.382
0.412
0.441
0.372
0.555
0.417
0.385
0.498
0.460
0.578
0.474
0.397
0.344
0.481
0.421
0.536
0.471
0.358
0.383
0.565
0.408
0.563
0.430
0.400
0.378
0.572
0.426
0.554
0.410
0.418
0.356
0.554
0.409
0.533
0.395
0.394
0.404
0.383
0.412
0.406
0.551
0.369
0.424
0.400
0.432
0.434
0.579
0.392
0.378
0.418
0.437
0.380
0.586
0.423
0.390
0.518
0.471
0.598
0.504
0.411
0.343
0.496
0.424
0.546
0.489
0.365
0.383
0.583
0.414
0.561
0.430
0.397
0.380
0.595
0.430
0.552
0.418
0.412
0.358
0.576
0.415
0.533
0.398
0.392
0.389
0.362
0.396
0.388
0.492
0.352
0.394
0.376
0.408
0.406
0.513
0.370
0.356
0.398
0.418
0.358
0.522
0.400
0.364
0.476
0.437
0.534
0.440
0.379
0.330
0.461
0.408
0.502
0.441
0.348
0.369
0.541
0.396
0.519
0.415
0.377
0.366
0.549
0.416
0.510
0.393
0.395
0.340
0.529
0.397
0.486
0.372
0.372
0.440
0.421
0.442
0.449
0.597
0.419
0.458
0.444
0.464
0.474
0.617
0.440
0.414
0.457
0.464
0.425
0.623
0.460
0.448
0.555
0.505
0.619
0.546
0.475
0.388
0.528
0.451
0.563
0.533
0.413
0.438
0.612
0.441
0.586
0.490
0.436
0.428
0.620
0.460
0.572
0.468
0.449
0.400
0.595
0.436
0.546
0.444
0.421
0.443
0.415
0.432
0.443
0.611
0.388
0.454
0.425
0.442
0.463
0.626
0.402
0.412
0.441
0.450
0.409
0.636
0.428
0.428
0.550
0.480
0.615
0.528
0.436
0.377
0.529
0.431
0.567
0.525
0.383
0.418
0.631
0.422
0.585
0.461
0.419
0.418
0.644
0.440
0.579
0.451
0.434
0.388
0.622
0.422
0.553
0.425
0.409
0.414
0.392
0.380
0.427
0.553
0.351
0.432
0.403
0.399
0.446
0.568
0.373
0.383
0.411
0.398
0.383
0.561
0.380
0.399
0.521
0.434
0.558
0.520
0.396
0.353
0.482
0.383
0.516
0.499
0.351
0.386
0.560
0.385
0.531
0.433
0.380
0.382
0.566
0.392
0.520
0.424
0.384
0.362
0.548
0.378
0.503
0.407
0.367
