0.599
0.673
0.517
0.622
0.700
0.544
0.585
0.671
0.510
0.584
0.685
0.499
0.631
0.718
0.605
0.598
0.750
0.483
0.510
0.560
0.395
0.446
0.503
0.303
0.476
0.511
0.359
0.441
0.540
0.343
0.443
0.481
0.328
0.491
0.574
0.364
0.966
1.069
0.355
1.101
1.163
0.404
0.888
0.973
0.269
0.892
1.027
0.260
0.995
1.085
0.299
1.024
1.126
0.330
0.639
0.775
0.863
0.501
0.647
0.731
0.497
0.641
0.742
0.487
0.643
0.716
0.518
0.670
0.820
0.495
0.717
0.737
0.631
0.760
0.670
0.591
0.714
0.578
0.542
0.694
0.619
0.522
0.668
0.573
0.735
0.881
0.752
0.713
0.860
0.758
0.833
0.844
0.462
0.656
0.731
0.309
0.778
0.796
0.370
0.731
0.839
0.350
0.749
0.759
0.373
0.845
0.937
0.456
0.690
0.748
0.344
0.545
0.604
0.256
0.659
0.722
0.340
0.633
0.734
0.315
0.609
0.651
0.306
0.710
0.833
0.366
0.789
0.826
0.496
0.776
0.793
0.455
0.772
0.891
0.505
0.790
0.883
0.512
0.784
0.835
0.437
0.868
0.931
0.523
0.559
0.577
0.401
0.524
0.548
0.345
0.630
0.686
0.493
0.636
0.747
0.508
0.485
0.510
0.321
0.680
0.799
0.512
1.005
1.042
0.876
1.314
1.330
0.936
1.037
1.121
0.869
0.914
0.973
0.767
1.429
1.439
1.023
1.319
1.307
0.967
0.539
0.503
0.395
0.517
0.482
0.333
0.519
0.451
0.350
0.480
0.471
0.321
0.507
0.460
0.352
0.596
0.609
0.395
1.247
1.279
0.848
1.839
1.821
1.345
1.219
1.211
0.728
1.177
1.203
0.696
1.738
1.719
1.215
1.747
1.743
1.164
0.631
0.607
0.498
0.531
0.507
0.369
0.527
0.502
0.396
0.500
0.514
0.370
0.591
0.561
0.435
0.642
0.627
0.450
0.554
0.489
0.357
0.563
0.487
0.354
0.545
0.468
0.345
0.596
0.498
0.330
0.504
0.451
0.340
0.587
0.581
0.368
0.832
0.845
0.740
1.601
1.636
1.458
0.711
0.691
0.620
0.668
0.726
0.586
1.436
1.474
1.263
1.248
1.291
1.046
1.020
1.073
0.941
0.907
0.965
0.856
0.941
0.947
0.901
0.951
1.005
0.866
0.898
0.978
0.856
0.946
1.022
0.904
0.836
0.820
0.668
0.793
0.772
0.628
0.807
0.781
0.661
0.758
0.874
0.654
0.747
0.759
0.598
0.829
0.932
0.689
0.914
0.885
0.641
1.577
1.559
1.309
0.801
0.785
0.497
0.815
0.809
0.500
1.381
1.408
1.130
1.385
1.441
1.087
0.992
0.917
0.524
0.840
0.776
0.442
0.839
0.746
0.417
0.828
0.774
0.399
0.836
0.773
0.439
0.833
0.818
0.415
0.943
0.998
0.305
0.959
0.976
0.255
0.965
0.958
0.253
0.951
0.989
0.233
0.875
0.908
0.244
0.960
1.006
0.265
0.581
0.554
0.324
0.581
0.551
0.306
0.562
0.533
0.292
0.572
0.570
0.270
0.547
0.519
0.321
0.625
0.609
0.322
0.579
0.683
0.360
0.601
0.687
0.290
0.547
0.631
0.278
0.528
0.642
0.268
0.555
0.624
0.314
0.657
0.759
0.338
1.201
1.133
1.143
1.958
1.888
1.880
1.223
1.103
1.125
1.165
1.138
1.100
1.646
1.624
1.592
1.600
1.640
1.538
3.600
3.562
3.457
4.844
4.804
4.687
3.712
3.665
3.544
3.749
3.730
3.577
4.402
4.384
4.252
4.314
4.316
4.138
0.850
0.924
1.002
1.636
1.716
1.631
0.930
0.941
0.953
0.883
0.972
0.882
1.288
1.404
1.433
1.415
1.502
1.319
0.550
0.574
0.365
0.559
0.595
0.306
0.515
0.531
0.283
0.506
0.561
0.266
0.503
0.533
0.299
0.561
0.617
0.293
1.573
1.550
1.223
1.627
1.637
1.317
1.205
1.239
0.897
1.243
1.249
0.900
1.609
1.601
1.299
1.528
1.570
1.205
0.805
0.787
0.911
0.836
0.803
1.059
0.758
0.787
0.923
0.795
0.757
0.887
0.830
0.847
1.089
0.818
0.862
0.955
0.610
0.582
0.559
0.642
0.589
0.558
0.628
0.561
0.563
0.598
0.590
0.534
0.613
0.596
0.574
0.656
0.683
0.592
0.514
0.597
0.345
0.472
0.572
0.307
0.496
0.535
0.313
0.443
0.610
0.282
0.470
0.538
0.295
0.506
0.637
0.315
0.630
0.635
0.595
0.559
0.581
0.536
0.513
0.556
0.537
0.498
0.550
0.502
0.588
0.633
0.557
0.586
0.624
0.562
0.560
0.590
0.526
0.493
0.516
0.439
0.534
0.539
0.466
0.514
0.602
0.455
0.511
0.525
0.510
0.561
0.613
0.521
0.521
0.534
0.365
0.475
0.477
0.301
0.435
0.457
0.293
0.427
0.483
0.279
0.448
0.476
0.287
0.509
0.547
0.312
1.030
0.979
0.627
1.951
1.917
1.561
0.931
0.866
0.492
0.986
0.969
0.511
1.840
1.815
1.498
1.714
1.702
1.305
0.686
0.656
0.575
0.706
0.621
0.544
0.630
0.583
0.493
0.605
0.576
0.468
0.644
0.604
0.507
0.617
0.633
0.484
0.904
0.883
0.731
0.893
0.914
0.706
0.912
0.876
0.665
0.899
0.934
0.650
0.847
0.839
0.704
0.933
0.927
0.689
0.903
0.895
0.794
0.752
0.764
0.654
0.827
0.803
0.700
0.789
0.830
0.694
0.791
0.791
0.699
0.811
0.857
0.699
0.418
0.450
0.392
0.467
0.486
0.418
0.423
0.442
0.380
0.411
0.516
0.393
0.434
0.482
0.425
0.511
0.612
0.480
0.528
0.657
0.516
0.495
0.662
0.509
0.412
0.557
0.439
0.398
0.613
0.430
0.494
0.627
0.475
0.461
0.648
0.452
1.837
1.813
1.612
1.652
1.643
1.465
1.416
1.419
1.248
1.494
1.494
1.277
1.685
1.674
1.456
1.602
1.642
1.333
0.718
0.759
0.570
0.600
0.649
0.433
0.594
0.650
0.468
0.570
0.657
0.438
0.612
0.662
0.478
0.603
0.653
0.459
1.250
1.251
1.018
2.001
2.027
1.733
1.124
1.134
0.898
1.146
1.160
0.918
1.914
1.935
1.659
1.765
1.798
1.506
1.203
1.266
1.026
1.262
1.321
1.019
1.205
1.277
1.041
1.186
1.288
1.017
1.235
1.289
1.044
1.256
1.350
1.098
0.535
0.540
0.443
0.487
0.473
0.400
0.477
0.465
0.387
0.440
0.504
0.364
0.437
0.442
0.354
0.490
0.555
0.379
0.835
0.817
0.654
1.698
1.710
1.500
0.835
0.811
0.630
0.848
0.880
0.661
1.605
1.618
1.418
1.507
1.564
1.315
0.578
0.580
0.432
0.442
0.450
0.288
0.441
0.415
0.300
0.418
0.479
0.288
0.447
0.454
0.323
0.466
0.537
0.327
0.437
0.512
0.365
0.396
0.458
0.289
0.389
0.472
0.286
0.362
0.506
0.272
0.378
0.434
0.302
0.411
0.559
0.305
0.589
0.666
0.551
0.585
0.649
0.526
0.540
0.619
0.487
0.524
0.651
0.471
0.575
0.674
0.557
0.579
0.708
0.524
0.575
0.551
0.433
0.558
0.559
0.389
0.497
0.474
0.335
0.490
0.512
0.330
0.522
0.522
0.369
0.579
0.571
0.412
0.966
0.900
0.725
0.884
0.853
0.696
0.659
0.602
0.493
0.628
0.675
0.467
0.816
0.760
0.582
0.728
0.721
0.447
1.030
1.167
0.585
1.037
1.155
0.552
1.026
1.135
0.615
1.034
1.180
0.617
1.050
1.172
0.657
1.151
1.290
0.767
0.356
0.487
0.473
0.286
0.413
0.382
0.281
0.407
0.386
0.247
0.472
0.385
0.315
0.428
0.421
0.314
0.486
0.422
1.469
1.401
1.375
2.027
1.970
1.925
1.006
0.952
0.926
0.974
0.984
0.901
2.175
2.154
2.096
1.997
2.043
1.887
0.649
0.704
0.522
0.576
0.665
0.445
0.540
0.591
0.413
0.538
0.619
0.405
0.640
0.708
0.543
0.626
0.699
0.497
0.850
0.888
0.760
0.778
0.772
0.634
0.772
0.786
0.662
0.728
0.817
0.640
0.828
0.881
0.716
0.897
0.968
0.763
0.517
0.543
0.381
0.512
0.543
0.348
0.504
0.522
0.318
0.507
0.554
0.296
0.515
0.529
0.385
0.598
0.629
0.390
0.579
0.590
0.422
0.565
0.592
0.398
0.565
0.575
0.374
0.572
0.614
0.351
0.520
0.552
0.379
0.590
0.666
0.397
0.919
0.859
0.808
0.935
0.939
0.825
0.862
0.868
0.790
0.850
0.895
0.775
0.768
0.766
0.702
0.856
0.873
0.725
1.248
1.233
1.175
2.286
2.274
2.191
1.134
1.106
1.053
1.077
1.096
0.984
1.944
1.962
1.865
1.809
1.843
1.717
0.844
0.813
0.767
0.863
0.859
0.773
0.795
0.808
0.747
0.760
0.847
0.722
0.843
0.857
0.781
0.860
0.921
0.782
1.237
1.272
1.126
2.165
2.198
2.053
1.199
1.211
1.044
1.137
1.200
0.997
2.101
2.150
1.982
2.059
2.164
1.901
0.477
0.385
0.440
0.471
0.426
0.413
0.464
0.416
0.408
0.466
0.430
0.380
0.444
0.377
0.400
0.512
0.500
0.400
0.404
0.424
0.328
0.375
0.384
0.267
0.383
0.390
0.274
0.339
0.418
0.255
0.363
0.394
0.280
0.393
0.456
0.284
1.377
1.362
0.954
1.836
1.790
1.392
1.269
1.239
0.808
1.238
1.232
0.785
1.577
1.571
1.183
1.705
1.737
1.223
1.173
1.133
0.902
1.186
1.143
0.883
1.210
1.175
0.951
1.212
1.215
0.932
1.160
1.151
0.960
1.221
1.282
0.971
1.043
1.087
0.911
1.862
1.938
1.753
1.081
1.120
0.942
1.003
1.076
0.858
1.715
1.781
1.619
1.638
1.760
1.512
0.649
0.658
0.478
0.571
0.578
0.388
0.547
0.574
0.398
0.513
0.603
0.378
0.620
0.619
0.445
0.592
0.680
0.413
0.595
0.700
0.433
0.621
0.698
0.396
0.585
0.668
0.429
0.553
0.684
0.397
0.520
0.603
0.362
0.623
0.761
0.449
0.539
0.604
0.499
0.537
0.597
0.481
0.521
0.582
0.465
0.515
0.624
0.462
0.528
0.588
0.480
0.554
0.619
0.472
1.204
1.277
1.042
1.237
1.297
1.074
1.225
1.309
1.059
1.269
1.382
1.075
1.090
1.162
0.954
1.196
1.310
1.039
0.528
0.519
0.393
0.533
0.545
0.363
0.481
0.459
0.339
0.477
0.510
0.335
0.468
0.451
0.329
0.550
0.561
0.373
1.262
1.266
1.115
1.717
1.761
1.510
1.237
1.212
1.089
1.172
1.239
1.002
1.589
1.641
1.416
1.486
1.624
1.286
1.168
1.249
1.131
1.750
1.831
1.611
1.195
1.288
1.161
1.112
1.284
1.051
1.517
1.677
1.439
1.419
1.600
1.296
0.483
0.455
0.385
0.449
0.448
0.367
0.449
0.435
0.338
0.431
0.463
0.314
0.474
0.451
0.376
0.496
0.513
0.360
0.952
0.944
0.769
1.666
1.662
1.437
0.899
0.904
0.731
0.904
0.932
0.724
1.362
1.373
1.169
1.419
1.460
1.224
1.055
1.162
0.371
0.955
1.041
0.255
0.946
1.083
0.289
0.971
1.017
0.273
0.999
1.078
0.291
1.047
1.109
0.294
0.603
0.706
0.896
0.524
0.615
0.808
0.511
0.608
0.779
0.535
0.604
0.748
0.629
0.738
1.022
0.588
0.709
0.842
0.829
0.803
0.368
0.803
0.800
0.286
0.825
0.809
0.293
0.837
0.815
0.271
0.758
0.741
0.287
0.902
0.927
0.306
1.146
1.253
1.007
2.236
2.358
2.124
1.109
1.200
0.997
1.079
1.210
0.952
1.680
1.820
1.613
1.704
1.895
1.585
0.673
0.567
0.626
0.623
0.519
0.536
0.619
0.516
0.558
0.622
0.555
0.558
0.581
0.512
0.545
0.631
0.574
0.549
1.843
1.864
1.580
2.220
2.211
1.910
1.598
1.650
1.319
1.648
1.684
1.347
2.015
2.063
1.723
1.945
2.047
1.635
0.846
0.725
0.725
0.776
0.650
0.643
0.765
0.638
0.646
0.731
0.662
0.618
0.803
0.698
0.693
0.824
0.701
0.680
1.090
1.171
1.016
2.031
2.157
1.976
1.078
1.169
1.005
1.108
1.225
1.033
1.688
1.812
1.600
1.693
1.842
1.604
1.083
1.052
0.941
1.693
1.665
1.515
0.811
0.801
0.691
0.842
0.829
0.705
1.549
1.548
1.401
1.446
1.450
1.250
1.183
1.149
1.168
1.992
1.986
1.953
1.170
1.098
1.119
1.108
1.157
1.086
1.940
1.963
1.931
1.873
1.920
1.841
0.558
0.612
0.409
0.499
0.529
0.312
0.458
0.484
0.305
0.438
0.512
0.293
0.436
0.508
0.332
0.491
0.578
0.341
0.841
0.869
0.779
1.883
1.910
1.751
0.886
0.926
0.820
0.855
0.904
0.792
1.542
1.591
1.461
1.647
1.701
1.545
0.905
0.858
0.844
1.525
1.482
1.461
0.910
0.838
0.809
0.881
0.869
0.789
1.447
1.412
1.391
1.391
1.398
1.292
3.054
2.913
2.684
3.025
2.860
2.642
2.996
2.871
2.720
3.016
2.807
2.692
2.753
2.625
2.447
2.899
2.772
2.576
0.650
0.696
0.288
1.824
1.860
1.383
0.667
0.719
0.286
0.698
0.731
0.272
1.519
1.590
1.170
1.394
1.459
1.008
0.482
0.486
0.413
0.401
0.388
0.316
0.379
0.386
0.330
0.361
0.416
0.309
0.394
0.407
0.343
0.435
0.473
0.350
1.242
1.286
1.016
1.944
2.007
1.692
1.116
1.154
0.863
1.139
1.209
0.886
1.780
1.846
1.548
1.780
1.885
1.522
0.545
0.575
0.455
0.534
0.596
0.436
0.517
0.543
0.409
0.506
0.589
0.412
0.501
0.539
0.408
0.555
0.630
0.430
0.668
0.678
0.510
1.384
1.407
1.213
0.517
0.522
0.387
0.532
0.533
0.387
1.128
1.147
0.939
1.008
1.021
0.801
1.058
1.184
0.674
1.493
1.595
1.117
0.851
0.966
0.482
0.829
0.944
0.462
1.310
1.443
0.931
1.277
1.438
0.908
0.585
0.634
0.457
0.578
0.617
0.399
0.571
0.613
0.426
0.570
0.637
0.409
0.600
0.631
0.426
0.645
0.729
0.447
0.745
0.710
0.601
1.651
1.627
1.487
0.654
0.591
0.506
0.630
0.622
0.496
1.291
1.247
1.091
1.090
1.068
0.910
0.709
0.751
0.629
0.679
0.726
0.570
0.548
0.598
0.495
0.563
0.632
0.490
0.679
0.746
0.595
0.661
0.734
0.549
1.327
1.281
1.147
2.016
1.966
1.773
1.224
1.141
0.964
1.177
1.136
0.917
1.888
1.864
1.684
1.742
1.735
1.479
1.260
1.215
1.111
1.994
1.986
1.847
1.283
1.203
1.108
1.255
1.288
1.104
1.915
1.885
1.750
1.827
1.831
1.646
