0.489
0.707
0.590
0.505
0.711
0.619
0.503
0.725
0.613
0.512
0.766
0.632
0.501
0.739
0.628
0.886
1.061
0.954
0.981
1.148
1.062
1.047
1.194
1.129
0.966
1.128
1.038
1.078
1.222
1.192
1.141
1.343
1.226
1.244
1.473
1.337
1.143
1.341
1.219
1.155
1.363
1.249
1.054
1.270
1.144
0.454
0.663
0.544
0.479
0.676
0.585
0.465
0.670
0.555
0.481
0.725
0.596
0.474
0.702
0.600
0.872
1.020
0.931
0.987
1.123
1.062
1.063
1.189
1.139
0.931
1.069
0.991
1.094
1.219
1.195
1.216
1.395
1.293
1.249
1.461
1.331
1.140
1.314
1.202
1.137
1.328
1.215
1.064
1.267
1.136
0.464
0.701
0.572
0.475
0.711
0.602
0.471
0.709
0.583
0.488
0.757
0.618
0.472
0.725
0.611
0.847
1.051
0.934
0.942
1.137
1.048
1.034
1.218
1.139
0.952
1.148
1.046
1.056
1.225
1.183
1.218
1.453
1.334
1.233
1.484
1.340
1.133
1.359
1.232
1.193
1.443
1.309
1.059
1.300
1.161
0.471
0.693
0.578
0.487
0.700
0.615
0.474
0.693
0.584
0.494
0.748
0.623
0.487
0.730
0.626
0.828
1.000
0.904
0.927
1.094
1.018
1.013
1.166
1.101
0.923
1.089
1.001
1.053
1.203
1.177
1.197
1.403
1.290
1.207
1.438
1.308
1.102
1.304
1.186
1.159
1.369
1.261
1.047
1.262
1.141
0.460
0.685
0.559
0.480
0.697
0.599
0.468
0.690
0.567
0.491
0.751
0.612
0.474
0.724
0.610
0.865
1.034
0.930
0.977
1.138
1.057
1.132
1.279
1.211
1.001
1.166
1.073
1.116
1.258
1.230
1.190
1.393
1.273
1.262
1.496
1.350
1.194
1.397
1.267
1.147
1.357
1.232
1.064
1.283
1.145
0.504
0.718
0.607
0.517
0.736
0.633
0.521
0.734
0.632
0.524
0.765
0.648
0.536
0.773
0.671
0.836
1.023
0.920
0.920
1.113
1.023
0.990
1.161
1.090
0.923
1.111
1.017
1.047
1.241
1.173
1.199
1.415
1.312
1.156
1.388
1.264
1.131
1.346
1.239
1.167
1.386
1.277
1.062
1.282
1.169
0.469
0.702
0.564
0.475
0.696
0.592
0.474
0.703
0.565
0.482
0.751
0.599
0.474
0.729
0.605
0.836
1.015
0.892
0.910
1.086
0.982
1.007
1.169
1.077
0.915
1.091
0.975
1.136
1.287
1.246
1.149
1.369
1.225
1.191
1.436
1.278
1.157
1.369
1.219
1.129
1.353
1.210
1.076
1.302
1.151
0.463
0.688
0.567
0.475
0.689
0.600
0.470
0.690
0.570
0.488
0.746
0.615
0.469
0.718
0.605
0.799
0.959
0.858
0.949
1.106
1.027
1.023
1.166
1.098
0.965
1.121
1.027
1.070
1.215
1.189
1.282
1.485
1.365
1.253
1.479
1.341
1.147
1.343
1.216
1.177
1.386
1.268
1.042
1.260
1.122
0.487
0.716
0.585
0.503
0.723
0.616
0.494
0.725
0.595
0.505
0.767
0.627
0.495
0.744
0.618
0.890
1.075
0.963
0.924
1.106
1.009
1.047
1.217
1.128
0.974
1.148
1.044
1.130
1.295
1.245
1.179
1.400
1.267
1.251
1.491
1.350
1.229
1.438
1.305
1.255
1.483
1.357
1.148
1.371
1.238
1.105
1.053
1.096
1.091
1.022
1.095
1.008
0.934
0.989
1.187
1.162
1.207
1.148
1.132
1.176
0.635
0.557
0.590
0.696
0.623
0.666
0.648
0.544
0.608
0.608
0.527
0.571
0.668
0.525
0.636
1.127
1.061
1.099
1.238
1.189
1.213
1.206
1.142
1.162
1.244
1.161
1.214
1.057
0.999
1.026
1.116
1.037
1.083
1.099
0.999
1.076
0.996
0.888
0.951
1.170
1.107
1.163
1.167
1.129
1.175
0.639
0.531
0.572
0.692
0.596
0.639
0.645
0.514
0.584
0.603
0.503
0.548
0.678
0.524
0.627
1.138
1.042
1.085
1.201
1.113
1.157
1.200
1.100
1.137
1.245
1.133
1.190
1.069
0.977
1.022
0.888
0.835
0.884
0.901
0.828
0.910
0.858
0.783
0.845
0.935
0.892
0.954
0.944
0.919
0.978
0.521
0.431
0.488
0.576
0.492
0.553
0.532
0.428
0.497
0.517
0.429
0.485
0.557
0.432
0.540
0.978
0.900
0.954
0.996
0.944
0.980
0.953
0.874
0.920
1.055
0.974
1.034
0.877
0.811
0.852
1.126
1.040
1.110
1.151
1.040
1.148
1.011
0.896
0.986
1.201
1.121
1.214
1.203
1.134
1.228
0.659
0.523
0.603
0.697
0.566
0.655
0.668
0.518
0.619
0.616
0.498
0.576
0.674
0.506
0.637
1.190
1.067
1.150
1.301
1.197
1.270
1.310
1.183
1.259
1.293
1.162
1.251
1.108
1.005
1.070
1.143
1.041
1.124
1.100
0.975
1.091
1.051
0.924
1.030
1.183
1.084
1.184
1.200
1.139
1.229
0.676
0.538
0.630
0.723
0.604
0.704
0.688
0.545
0.653
0.663
0.542
0.638
0.706
0.558
0.691
1.183
1.054
1.162
1.272
1.165
1.254
1.266
1.149
1.237
1.255
1.127
1.230
1.084
0.971
1.059
1.101
1.032
1.095
1.135
1.035
1.136
0.988
0.897
0.971
1.136
1.082
1.155
1.183
1.155
1.215
0.622
0.509
0.574
0.671
0.572
0.638
0.633
0.494
0.586
0.594
0.495
0.557
0.657
0.499
0.626
1.149
1.044
1.111
1.180
1.102
1.159
1.234
1.134
1.188
1.230
1.117
1.195
1.044
0.953
1.011
1.003
0.959
1.005
1.016
0.942
1.031
0.945
0.881
0.934
1.034
1.005
1.060
1.088
1.074
1.130
0.571
0.493
0.532
0.603
0.525
0.575
0.598
0.491
0.558
0.570
0.494
0.537
0.619
0.488
0.601
1.044
0.970
1.015
1.152
1.098
1.132
1.096
1.031
1.056
1.147
1.061
1.120
0.969
0.909
0.941
0.986
0.949
0.987
1.020
0.954
1.028
0.905
0.851
0.892
1.042
1.024
1.064
1.078
1.069
1.116
0.562
0.494
0.521
0.577
0.505
0.552
0.581
0.490
0.544
0.543
0.471
0.510
0.597
0.474
0.574
1.063
1.004
1.032
1.137
1.093
1.116
1.161
1.103
1.120
1.113
1.035
1.081
0.953
0.901
0.921
1.117
1.042
1.094
1.115
1.017
1.102
0.991
0.895
0.961
1.177
1.116
1.177
1.156
1.119
1.179
0.622
0.517
0.564
0.688
0.593
0.649
0.647
0.514
0.594
0.606
0.511
0.564
0.665
0.517
0.624
1.187
1.092
1.149
1.238
1.160
1.206
1.283
1.193
1.232
1.257
1.156
1.219
1.066
0.987
1.029
1.102
1.198
1.074
1.364
1.448
1.343
0.909
0.987
0.867
1.293
1.420
1.281
1.279
1.416
1.285
1.183
1.235
1.131
1.016
1.067
0.969
1.003
1.051
0.951
0.924
0.982
0.871
1.377
1.398
1.327
0.829
0.899
0.751
0.755
0.844
0.697
0.786
0.862
0.723
0.716
0.782
0.652
0.720
0.798
0.662
1.050
1.146
1.007
1.276
1.358
1.232
0.848
0.913
0.781
1.143
1.256
1.102
1.116
1.240
1.091
0.986
1.031
0.908
0.897
0.939
0.821
0.929
0.971
0.855
0.962
1.006
0.883
1.354
1.355
1.272
0.589
0.650
0.495
0.572
0.649
0.486
0.575
0.637
0.488
0.566
0.619
0.481
0.590
0.657
0.503
1.037
1.136
0.978
1.283
1.376
1.236
0.787
0.871
0.723
1.141
1.271
1.092
1.093
1.235
1.069
1.097
1.168
1.021
0.968
1.037
0.897
0.965
1.027
0.892
0.892
0.967
0.819
1.354
1.379
1.273
0.589
0.678
0.498
0.575
0.679
0.493
0.579
0.669
0.498
0.554
0.638
0.472
0.577
0.662
0.491
1.060
1.197
1.035
1.241
1.366
1.224
0.812
0.929
0.769
1.125
1.294
1.115
1.135
1.311
1.143
1.079
1.163
1.026
0.955
1.035
0.907
0.972
1.046
0.918
0.921
1.007
0.867
1.241
1.282
1.181
0.572
0.686
0.499
0.564
0.693
0.505
0.570
0.685
0.505
0.552
0.658
0.485
0.564
0.674
0.497
1.017
1.095
0.975
1.159
1.228
1.120
0.740
0.794
0.683
1.142
1.244
1.113
1.096
1.206
1.081
0.968
0.999
0.901
0.880
0.904
0.815
0.899
0.928
0.832
0.855
0.882
0.785
1.220
1.210
1.146
0.562
0.613
0.471
0.552
0.617
0.475
0.556
0.605
0.476
0.535
0.574
0.462
0.563
0.617
0.484
0.878
0.967
0.846
1.031
1.107
1.003
0.657
0.729
0.604
1.061
1.171
1.030
0.963
1.081
0.955
0.824
0.878
0.759
0.769
0.819
0.712
0.764
0.813
0.706
0.727
0.781
0.663
1.128
1.137
1.067
0.481
0.547
0.404
0.474
0.555
0.408
0.473
0.543
0.407
0.462
0.525
0.392
0.485
0.559
0.416
1.060
1.191
1.032
1.305
1.420
1.274
0.803
0.912
0.760
1.270
1.433
1.251
1.260
1.426
1.254
1.126
1.216
1.075
0.996
1.074
0.940
1.019
1.094
0.966
0.904
0.989
0.846
1.315
1.355
1.246
0.708
0.814
0.636
0.653
0.774
0.600
0.698
0.807
0.642
0.627
0.730
0.569
0.672
0.780
0.610
