0.575
0.928
0.444
0.568
0.919
0.467
0.576
0.933
0.482
0.566
0.966
0.485
0.569
0.951
0.488
1.036
1.294
0.852
1.121
1.382
0.978
1.212
1.428
1.055
1.127
1.362
0.956
1.186
1.436
1.064
1.320
1.637
1.160
1.425
1.782
1.280
1.341
1.657
1.157
1.318
1.655
1.166
1.217
1.542
1.072
0.560
0.897
0.408
0.559
0.895
0.441
0.575
0.896
0.435
0.552
0.938
0.454
0.552
0.918
0.455
1.047
1.269
0.832
1.147
1.369
0.976
1.245
1.430
1.057
1.112
1.315
0.910
1.234
1.450
1.072
1.411
1.696
1.219
1.433
1.764
1.262
1.353
1.633
1.137
1.317
1.621
1.125
1.252
1.549
1.065
0.540
0.921
0.419
0.518
0.922
0.440
0.547
0.917
0.446
0.534
0.962
0.464
0.518
0.933
0.459
0.982
1.277
0.817
1.047
1.360
0.933
1.171
1.445
1.040
1.085
1.373
0.940
1.154
1.450
1.045
1.352
1.723
1.238
1.386
1.776
1.268
1.307
1.655
1.151
1.311
1.709
1.197
1.198
1.559
1.068
0.566
0.924
0.437
0.549
0.909
0.462
0.565
0.914
0.458
0.556
0.959
0.481
0.551
0.941
0.480
0.977
1.235
0.795
1.062
1.327
0.926
1.178
1.403
1.018
1.084
1.328
0.915
1.169
1.429
1.054
1.363
1.686
1.211
1.387
1.750
1.243
1.306
1.631
1.127
1.315
1.653
1.166
1.215
1.534
1.066
0.553
0.919
0.420
0.545
0.916
0.449
0.559
0.913
0.447
0.555
0.969
0.471
0.536
0.941
0.464
1.021
1.281
0.831
1.118
1.383
0.970
1.300
1.525
1.137
1.159
1.408
0.988
1.236
1.488
1.100
1.363
1.689
1.194
1.438
1.807
1.284
1.391
1.724
1.202
1.319
1.663
1.153
1.237
1.568
1.075
0.583
0.922
0.458
0.571
0.936
0.477
0.584
0.921
0.493
0.572
0.962
0.501
0.587
0.971
0.519
0.968
1.231
0.806
1.027
1.325
0.915
1.123
1.375
0.991
1.052
1.323
0.912
1.144
1.461
1.049
1.334
1.673
1.227
1.314
1.670
1.198
1.292
1.620
1.158
1.299
1.640
1.180
1.196
1.529
1.088
0.567
0.921
0.422
0.541
0.907
0.436
0.576
0.914
0.443
0.546
0.955
0.454
0.539
0.938
0.455
1.002
1.254
0.799
1.053
1.326
0.892
1.187
1.417
1.006
1.084
1.335
0.896
1.260
1.522
1.121
1.331
1.656
1.152
1.392
1.750
1.230
1.380
1.694
1.176
1.299
1.638
1.127
1.259
1.580
1.092
0.548
0.908
0.423
0.529
0.901
0.444
0.560
0.899
0.446
0.543
0.952
0.467
0.528
0.927
0.457
0.957
1.194
0.755
1.087
1.342
0.934
1.194
1.403
1.020
1.121
1.352
0.937
1.178
1.436
1.054
1.457
1.777
1.289
1.431
1.785
1.273
1.344
1.654
1.152
1.337
1.667
1.176
1.208
1.528
1.050
0.583
0.943
0.449
0.574
0.936
0.472
0.591
0.938
0.480
0.562
0.971
0.482
0.572
0.958
0.482
1.041
1.304
0.862
1.053
1.341
0.918
1.217
1.467
1.063
1.139
1.390
0.964
1.250
1.525
1.126
1.346
1.677
1.194
1.414
1.778
1.285
1.432
1.747
1.247
1.415
1.764
1.275
1.321
1.643
1.168
1.315
1.251
0.983
1.259
1.167
0.958
1.192
1.124
0.890
1.368
1.344
1.104
1.316
1.318
1.066
0.801
0.741
0.468
0.860
0.783
0.545
0.816
0.688
0.485
0.777
0.691
0.455
0.820
0.615
0.462
1.357
1.304
1.030
1.466
1.439
1.143
1.455
1.414
1.106
1.474
1.391
1.134
1.269
1.207
0.943
1.342
1.238
0.984
1.286
1.143
0.954
1.191
1.088
0.866
1.377
1.298
1.073
1.355
1.318
1.078
0.819
0.715
0.463
0.870
0.752
0.528
0.822
0.658
0.471
0.785
0.674
0.444
0.843
0.622
0.469
1.385
1.284
1.027
1.438
1.345
1.090
1.455
1.364
1.083
1.492
1.363
1.128
1.296
1.189
0.949
1.062
0.981
0.770
1.038
0.923
0.777
0.998
0.905
0.737
1.087
1.014
0.847
1.068
1.039
0.859
0.656
0.554
0.366
0.703
0.585
0.424
0.665
0.526
0.374
0.653
0.544
0.369
0.685
0.502
0.379
1.148
1.047
0.861
1.170
1.105
0.895
1.150
1.063
0.850
1.240
1.137
0.946
1.050
0.957
0.759
1.338
1.225
0.994
1.316
1.166
1.006
1.191
1.073
0.880
1.379
1.278
1.099
1.355
1.284
1.101
0.805
0.675
0.458
0.836
0.681
0.508
0.814
0.634
0.475
0.770
0.638
0.441
0.818
0.583
0.458
1.398
1.268
1.062
1.514
1.415
1.183
1.542
1.426
1.184
1.515
1.370
1.166
1.321
1.209
0.987
1.322
1.204
0.976
1.245
1.072
0.919
1.184
1.039
0.877
1.342
1.222
1.046
1.342
1.275
1.087
0.811
0.667
0.470
0.852
0.704
0.538
0.825
0.640
0.492
0.801
0.653
0.482
0.843
0.626
0.500
1.357
1.198
1.028
1.445
1.322
1.122
1.478
1.354
1.133
1.449
1.293
1.111
1.252
1.114
0.929
1.311
1.211
0.973
1.297
1.159
0.988
1.172
1.076
0.866
1.320
1.235
1.042
1.355
1.329
1.100
0.778
0.665
0.437
0.828
0.699
0.502
0.788
0.614
0.445
0.759
0.641
0.431
0.809
0.581
0.447
1.388
1.270
1.043
1.398
1.315
1.069
1.474
1.379
1.117
1.460
1.333
1.110
1.256
1.144
0.921
1.190
1.116
0.884
1.166
1.049
0.890
1.116
1.038
0.834
1.195
1.143
0.946
1.228
1.219
1.006
0.730
0.645
0.416
0.753
0.646
0.449
0.751
0.607
0.433
0.727
0.631
0.421
0.768
0.568
0.434
1.246
1.156
0.926
1.359
1.299
1.050
1.320
1.255
0.989
1.347
1.241
1.022
1.167
1.081
0.855
1.174
1.125
0.879
1.174
1.080
0.909
1.073
1.022
0.804
1.204
1.186
0.970
1.211
1.220
1.003
0.723
0.669
0.417
0.723
0.635
0.434
0.740
0.626
0.439
0.700
0.620
0.409
0.741
0.564
0.421
1.263
1.210
0.961
1.335
1.302
1.043
1.375
1.332
1.058
1.319
1.236
1.003
1.147
1.083
0.843
1.340
1.250
0.982
1.289
1.164
0.960
1.177
1.088
0.851
1.368
1.307
1.069
1.325
1.304
1.061
0.799
0.708
0.442
0.857
0.751
0.516
0.813
0.659
0.460
0.783
0.680
0.441
0.826
0.615
0.455
1.425
1.336
1.074
1.472
1.403
1.128
1.540
1.470
1.174
1.499
1.389
1.139
1.284
1.197
0.940
1.272
1.426
1.006
1.504
1.654
1.275
1.068
1.219
0.821
1.443
1.638
1.225
1.420
1.630
1.230
1.370
1.483
1.094
1.161
1.255
0.905
1.172
1.251
0.908
1.082
1.183
0.816
1.525
1.566
1.241
1.029
1.175
0.733
0.953
1.119
0.670
1.002
1.154
0.702
0.929
1.069
0.636
0.908
1.047
0.627
1.224
1.366
0.920
1.419
1.568
1.150
0.998
1.140
0.718
1.310
1.488
1.049
1.256
1.460
1.022
1.165
1.255
0.849
1.047
1.134
0.744
1.108
1.185
0.801
1.132
1.222
0.821
1.504
1.534
1.174
0.776
0.916
0.432
0.756
0.914
0.417
0.768
0.906
0.420
0.752
0.884
0.412
0.760
0.883
0.434
1.205
1.375
0.900
1.422
1.597
1.165
0.930
1.107
0.658
1.294
1.509
1.038
1.231
1.465
1.009
1.270
1.409
0.971
1.105
1.235
0.825
1.138
1.249
0.849
1.046
1.179
0.753
1.495
1.567
1.177
0.756
0.938
0.438
0.745
0.945
0.436
0.763
0.943
0.437
0.734
0.907
0.412
0.737
0.893
0.419
1.229
1.419
0.938
1.390
1.582
1.136
0.973
1.166
0.705
1.284
1.518
1.042
1.286
1.531
1.062
1.267
1.414
0.971
1.100
1.238
0.820
1.150
1.272
0.862
1.089
1.231
0.799
1.390
1.478
1.083
0.753
0.952
0.437
0.745
0.961
0.436
0.759
0.959
0.435
0.741
0.931
0.419
0.730
0.908
0.422
1.155
1.283
0.872
1.281
1.408
1.029
0.867
0.980
0.606
1.273
1.436
1.033
1.212
1.393
0.997
1.126
1.204
0.837
1.001
1.072
0.722
1.054
1.117
0.770
0.994
1.069
0.709
1.342
1.361
1.032
0.717
0.832
0.404
0.710
0.840
0.404
0.720
0.834
0.403
0.694
0.800
0.383
0.713
0.809
0.404
1.008
1.144
0.761
1.144
1.284
0.926
0.768
0.906
0.538
1.180
1.354
0.966
1.064
1.257
0.879
0.962
1.060
0.701
0.883
0.980
0.641
0.897
0.984
0.650
0.847
0.945
0.595
1.247
1.288
0.983
0.621
0.757
0.346
0.613
0.770
0.349
0.619
0.760
0.344
0.604
0.735
0.330
0.617
0.741
0.351
1.202
1.388
0.948
1.415
1.608
1.197
0.921
1.102
0.693
1.387
1.624
1.184
1.378
1.627
1.197
1.274
1.412
1.021
1.101
1.230
0.859
1.162
1.275
0.916
1.032
1.166
0.775
1.424
1.510
1.153
0.851
1.041
0.577
0.802
1.008
0.536
0.859
1.048
0.578
0.776
0.957
0.507
0.811
0.984
0.543
