0.514
0.855
0.478
0.519
0.864
0.502
0.521
0.862
0.516
0.524
0.912
0.526
0.517
0.892
0.523
0.956
1.204
0.864
1.036
1.304
0.986
1.129
1.353
1.063
1.041
1.282
0.963
1.114
1.368
1.093
1.221
1.531
1.163
1.325
1.668
1.281
1.236
1.532
1.155
1.223
1.548
1.176
1.119
1.438
1.081
0.492
0.822
0.436
0.501
0.838
0.472
0.503
0.812
0.459
0.499
0.883
0.490
0.492
0.861
0.489
0.967
1.180
0.843
1.060
1.291
0.984
1.161
1.350
1.065
1.026
1.230
0.913
1.152
1.376
1.092
1.311
1.592
1.225
1.335
1.657
1.266
1.248
1.514
1.136
1.222
1.517
1.134
1.155
1.447
1.070
0.483
0.859
0.458
0.480
0.874
0.481
0.489
0.849
0.482
0.496
0.914
0.506
0.478
0.887
0.498
0.904
1.201
0.836
0.976
1.297
0.955
1.093
1.380
1.061
1.002
1.303
0.955
1.087
1.387
1.077
1.271
1.645
1.259
1.296
1.679
1.271
1.204
1.552
1.158
1.235
1.627
1.222
1.108
1.473
1.082
0.499
0.842
0.470
0.502
0.852
0.498
0.499
0.834
0.488
0.510
0.899
0.519
0.503
0.882
0.518
0.896
1.144
0.809
0.978
1.251
0.935
1.093
1.325
1.027
0.997
1.244
0.923
1.089
1.356
1.079
1.265
1.584
1.220
1.283
1.631
1.244
1.193
1.500
1.124
1.223
1.553
1.182
1.113
1.428
1.072
0.487
0.841
0.451
0.493
0.856
0.481
0.493
0.832
0.473
0.506
0.906
0.506
0.488
0.884
0.499
0.946
1.195
0.845
1.035
1.307
0.979
1.222
1.453
1.149
1.076
1.328
0.996
1.158
1.412
1.124
1.267
1.584
1.201
1.342
1.696
1.288
1.285
1.600
1.201
1.220
1.552
1.159
1.137
1.459
1.079
0.525
0.863
0.495
0.530
0.887
0.517
0.534
0.863
0.531
0.531
0.912
0.544
0.544
0.922
0.558
0.891
1.161
0.823
0.958
1.263
0.932
1.045
1.307
1.007
0.977
1.257
0.928
1.079
1.401
1.073
1.252
1.589
1.236
1.222
1.574
1.196
1.196
1.526
1.164
1.220
1.560
1.198
1.114
1.444
1.095
0.507
0.857
0.456
0.493
0.859
0.476
0.511
0.846
0.472
0.502
0.909
0.497
0.490
0.890
0.494
0.925
1.176
0.811
0.970
1.254
0.902
1.105
1.344
1.014
1.001
1.260
0.904
1.186
1.458
1.149
1.235
1.561
1.161
1.287
1.644
1.227
1.274
1.578
1.171
1.209
1.545
1.139
1.166
1.485
1.098
0.489
0.842
0.460
0.487
0.849
0.483
0.497
0.826
0.477
0.503
0.903
0.511
0.482
0.876
0.497
0.880
1.110
0.768
1.007
1.270
0.946
1.111
1.326
1.029
1.040
1.278
0.950
1.107
1.373
1.084
1.361
1.674
1.297
1.332
1.670
1.275
1.242
1.537
1.154
1.248
1.569
1.190
1.116
1.429
1.056
0.515
0.872
0.479
0.517
0.883
0.504
0.521
0.868
0.505
0.515
0.920
0.518
0.511
0.901
0.511
0.960
1.229
0.876
0.968
1.269
0.927
1.132
1.393
1.068
1.048
1.312
0.969
1.171
1.457
1.151
1.246
1.589
1.200
1.316
1.685
1.285
1.322
1.638
1.242
1.317
1.674
1.287
1.219
1.549
1.175
1.239
1.150
0.997
1.195
1.078
0.980
1.123
1.016
0.898
1.299
1.245
1.120
1.245
1.216
1.079
0.743
0.640
0.482
0.794
0.682
0.555
0.757
0.600
0.501
0.715
0.599
0.471
0.780
0.561
0.505
1.271
1.180
1.030
1.376
1.313
1.138
1.363
1.285
1.100
1.385
1.263
1.130
1.201
1.100
0.957
1.270
1.135
0.997
1.222
1.061
0.973
1.125
0.982
0.873
1.309
1.197
1.088
1.281
1.217
1.091
0.758
0.614
0.476
0.805
0.655
0.538
0.760
0.575
0.485
0.723
0.582
0.457
0.799
0.561
0.507
1.300
1.165
1.027
1.354
1.227
1.089
1.364
1.232
1.076
1.403
1.243
1.123
1.223
1.078
0.957
1.000
0.908
0.790
0.989
0.864
0.804
0.949
0.834
0.754
1.034
0.947
0.869
1.016
0.967
0.881
0.611
0.483
0.384
0.656
0.522
0.444
0.622
0.463
0.394
0.606
0.478
0.387
0.654
0.458
0.420
1.088
0.966
0.872
1.102
1.016
0.901
1.072
0.960
0.845
1.170
1.044
0.947
0.993
0.883
0.772
1.265
1.124
1.011
1.257
1.086
1.034
1.124
0.971
0.890
1.310
1.184
1.117
1.286
1.192
1.119
0.754
0.583
0.477
0.784
0.601
0.530
0.766
0.558
0.499
0.713
0.553
0.461
0.780
0.524
0.502
1.323
1.159
1.070
1.434
1.300
1.187
1.456
1.301
1.185
1.431
1.256
1.164
1.253
1.099
0.999
1.255
1.117
0.998
1.190
1.008
0.949
1.135
0.973
0.905
1.281
1.141
1.068
1.277
1.187
1.107
0.763
0.592
0.495
0.802
0.637
0.567
0.780
0.577
0.523
0.748
0.583
0.510
0.806
0.582
0.548
1.291
1.115
1.047
1.372
1.228
1.137
1.389
1.237
1.131
1.372
1.198
1.117
1.190
1.038
0.950
1.238
1.115
0.995
1.242
1.082
1.018
1.106
0.977
0.880
1.253
1.149
1.064
1.282
1.230
1.116
0.723
0.575
0.458
0.765
0.614
0.519
0.736
0.538
0.470
0.697
0.556
0.451
0.767
0.523
0.491
1.303
1.154
1.043
1.317
1.203
1.075
1.387
1.257
1.118
1.375
1.217
1.111
1.188
1.043
0.935
1.129
1.035
0.906
1.109
0.978
0.916
1.057
0.950
0.848
1.139
1.064
0.969
1.170
1.136
1.028
0.677
0.560
0.431
0.698
0.568
0.466
0.700
0.534
0.451
0.672
0.554
0.439
0.729
0.517
0.474
1.175
1.057
0.936
1.287
1.200
1.057
1.240
1.144
0.990
1.276
1.143
1.028
1.103
0.988
0.867
1.106
1.036
0.892
1.114
1.003
0.926
1.010
0.924
0.811
1.143
1.096
0.984
1.152
1.131
1.018
0.666
0.577
0.429
0.667
0.554
0.448
0.683
0.547
0.450
0.642
0.540
0.421
0.699
0.510
0.456
1.190
1.106
0.965
1.257
1.195
1.041
1.295
1.221
1.055
1.238
1.126
0.998
1.083
0.986
0.853
1.264
1.149
0.993
1.224
1.075
0.982
1.110
0.980
0.860
1.297
1.205
1.084
1.252
1.202
1.074
0.740
0.610
0.456
0.793
0.656
0.530
0.756
0.573
0.477
0.719
0.588
0.457
0.782
0.558
0.493
1.339
1.214
1.077
1.382
1.280
1.122
1.447
1.340
1.166
1.410
1.265
1.133
1.213
1.089
0.949
1.232
1.360
1.035
1.464
1.602
1.297
1.026
1.143
0.840
1.405
1.581
1.251
1.379
1.576
1.253
1.311
1.397
1.101
1.109
1.195
0.917
1.120
1.190
0.918
1.032
1.119
0.828
1.488
1.523
1.274
0.964
1.080
0.729
0.886
1.015
0.665
0.926
1.045
0.696
0.857
0.966
0.629
0.847
0.955
0.630
1.190
1.312
0.957
1.389
1.524
1.183
0.962
1.070
0.742
1.273
1.433
1.073
1.222
1.411
1.050
1.116
1.187
0.865
1.004
1.082
0.763
1.053
1.123
0.814
1.085
1.164
0.841
1.474
1.501
1.211
0.720
0.829
0.446
0.700
0.826
0.431
0.706
0.811
0.435
0.697
0.798
0.427
0.717
0.807
0.453
1.162
1.307
0.930
1.389
1.549
1.193
0.888
1.032
0.679
1.256
1.448
1.061
1.191
1.409
1.032
1.210
1.323
0.979
1.060
1.175
0.840
1.081
1.181
0.858
0.995
1.113
0.770
1.463
1.526
1.212
0.703
0.851
0.447
0.689
0.853
0.442
0.696
0.843
0.444
0.673
0.815
0.421
0.684
0.812
0.436
1.194
1.358
0.977
1.354
1.534
1.171
0.928
1.090
0.728
1.240
1.462
1.073
1.242
1.475
1.096
1.215
1.334
0.989
1.053
1.179
0.841
1.095
1.207
0.876
1.040
1.167
0.819
1.352
1.432
1.116
0.693
0.860
0.448
0.686
0.863
0.447
0.694
0.861
0.448
0.680
0.839
0.431
0.683
0.828
0.442
1.131
1.251
0.915
1.254
1.373
1.060
0.840
0.933
0.634
1.249
1.405
1.066
1.190
1.363
1.034
1.083
1.148
0.854
0.970
1.033
0.749
1.016
1.068
0.790
0.957
1.021
0.731
1.323
1.334
1.073
0.676
0.772
0.418
0.663
0.771
0.417
0.671
0.764
0.418
0.650
0.735
0.398
0.678
0.758
0.426
0.983
1.114
0.798
1.121
1.251
0.956
0.744
0.857
0.563
1.161
1.324
0.998
1.047
1.231
0.916
0.924
1.008
0.716
0.858
0.947
0.665
0.863
0.941
0.669
0.817
0.905
0.618
1.226
1.261
1.015
0.584
0.694
0.361
0.575
0.702
0.363
0.576
0.689
0.360
0.567
0.672
0.345
0.587
0.687
0.370
1.171
1.339
0.983
1.387
1.574
1.229
0.890
1.045
0.719
1.356
1.584
1.217
1.346
1.590
1.228
1.228
1.349
1.035
1.068
1.191
0.884
1.118
1.226
0.931
0.991
1.115
0.796
1.395
1.480
1.190
0.807
0.971
0.590
0.751
0.930
0.549
0.802
0.966
0.590
0.729
0.884
0.519
0.767
0.920
0.563
