1.392
1.488
1.345
2.779
2.876
2.792
0.755
0.903
0.839
1.376
1.385
1.352
0.973
1.032
0.748
0.565
0.692
0.651
0.560
0.750
0.575
3.566
3.578
3.475
1.649
1.735
1.665
1.214
1.396
1.318
1.207
1.359
1.234
0.406
0.487
0.478
1.085
1.151
1.126
1.389
1.449
1.409
1.470
1.538
1.535
0.735
0.887
1.221
0.565
0.742
0.687
1.067
1.117
1.084
2.124
2.488
2.596
0.852
0.997
0.972
1.036
1.165
1.021
2.199
2.222
2.169
2.560
2.628
2.566
1.943
2.080
2.029
0.806
1.037
0.965
1.383
1.398
1.351
0.920
1.026
0.927
1.105
1.314
1.160
1.751
1.973
2.084
1.136
1.259
1.225
1.213
1.424
1.234
2.277
2.452
2.302
1.937
1.977
1.878
1.244
1.481
1.364
1.873
1.989
1.916
1.411
1.623
1.289
0.961
1.085
0.974
1.359
1.361
1.287
0.868
1.055
0.992
1.431
1.374
1.250
0.900
1.209
1.031
0.777
0.907
0.772
1.641
1.668
1.578
0.450
0.732
0.549
1.288
1.447
1.236
1.612
1.800
1.652
1.380
1.574
1.510
0.850
1.082
0.904
1.259
1.397
1.290
2.294
2.349
2.320
1.974
2.121
1.899
2.028
2.146
2.075
1.547
1.553
1.477
1.012
1.052
0.992
1.294
1.448
1.384
1.475
1.727
1.367
0.868
0.992
0.918
1.268
1.345
1.062
0.515
0.718
0.611
2.189
2.187
2.123
1.894
1.908
1.853
2.477
2.571
2.463
0.962
1.192
1.103
1.658
1.763
1.643
0.518
0.901
0.570
1.815
2.011
1.909
2.360
2.423
2.293
1.160
1.224
1.030
1.071
1.359
1.123
0.809
0.842
0.779
0.809
0.906
0.827
0.929
1.063
0.975
1.933
2.042
2.011
1.404
1.467
1.395
0.907
0.908
0.923
0.830
0.969
0.905
1.967
2.037
2.052
1.985
2.286
2.218
2.006
2.072
2.048
1.066
1.153
1.098
0.875
0.927
0.485
1.037
1.108
0.938
1.930
1.848
1.769
3.034
3.090
3.060
0.696
0.801
0.720
1.590
1.683
1.660
0.840
0.946
0.760
1.634
1.695
1.729
0.604
0.998
0.793
1.140
1.277
1.193
1.038
1.112
1.099
0.993
1.101
0.942
2.345
2.380
2.335
2.261
2.300
2.305
1.488
1.532
1.463
1.532
1.571
1.546
1.874
1.917
1.882
1.146
1.227
1.120
2.097
2.155
2.067
0.841
1.192
0.914
0.457
0.640
0.446
1.609
1.718
1.613
1.486
1.577
1.521
1.495
1.682
1.610
1.060
1.259
1.108
1.247
1.264
1.258
2.355
2.610
2.491
0.598
0.717
0.621
1.380
1.430
1.426
0.718
0.805
0.758
1.418
1.475
1.451
1.595
1.848
1.878
1.818
1.927
1.881
1.036
1.057
1.072
0.756
1.027
0.910
1.714
1.846
1.794
0.522
0.733
0.535
1.364
1.442
1.387
1.048
1.170
1.084
1.032
1.126
1.082
0.822
0.954
0.957
0.983
0.951
0.958
1.982
2.090
2.024
2.283
2.599
2.316
2.571
2.540
2.497
1.277
1.403
1.333
2.300
2.365
2.337
1.789
1.933
1.787
1.360
1.460
1.412
1.744
1.829
1.789
1.632
1.632
1.639
1.652
1.714
1.632
1.053
1.285
1.090
1.135
1.333
1.187
1.728
1.842
1.744
1.901
1.952
1.861
1.675
1.773
1.710
0.554
0.693
0.613
1.958
2.069
1.924
1.396
1.748
1.731
1.646
1.654
1.575
1.620
2.062
1.841
1.136
1.259
1.225
1.732
1.910
1.787
2.282
2.332
2.386
1.855
2.015
1.902
0.540
0.738
0.565
1.131
1.174
1.072
1.524
1.620
1.544
1.047
1.058
0.929
1.071
1.031
0.917
1.934
1.884
1.777
1.134
1.213
1.178
1.819
1.870
1.821
1.274
1.239
1.091
1.648
1.788
1.741
0.899
1.120
0.860
1.465
1.562
1.485
1.160
1.209
1.167
1.096
1.324
1.162
1.044
1.112
1.014
0.841
0.991
0.902
1.507
1.559
1.573
1.512
1.691
1.616
1.185
1.254
1.084
0.831
0.855
0.827
0.891
0.949
0.903
0.826
0.894
0.849
1.390
1.478
1.436
2.012
2.100
2.064
1.138
1.347
1.278
1.393
1.451
1.436
1.276
1.353
1.284
0.801
0.813
0.772
1.354
1.410
1.361
1.475
1.657
1.542
1.073
1.246
1.215
0.862
1.138
1.022
1.631
1.899
1.761
1.854
1.907
1.867
1.040
1.059
0.944
1.662
1.573
1.343
2.154
2.216
2.198
1.239
1.465
1.378
2.543
2.556
2.542
1.459
1.592
1.542
1.430
1.489
1.475
1.898
1.929
1.792
1.796
2.287
1.893
0.425
0.440
0.408
0.873
0.978
0.950
0.899
1.087
0.929
1.430
1.588
1.479
0.654
0.966
0.716
0.998
1.131
1.366
0.951
1.965
0.907
0.609
0.862
0.715
0.678
1.200
0.878
1.860
1.933
1.810
1.103
1.145
1.103
1.496
1.564
1.505
0.884
0.952
0.781
2.251
2.421
2.422
1.419
1.489
1.520
1.468
1.664
1.545
1.086
1.424
1.283
0.659
1.269
1.052
0.663
0.799
0.797
2.163
2.201
2.120
1.441
1.507
1.421
2.282
2.873
2.214
1.410
1.467
1.224
1.083
1.171
1.019
1.271
1.316
1.271
0.810
1.046
0.873
1.311
1.333
1.348
0.733
0.891
1.316
1.227
1.261
1.167
0.797
1.013
0.864
2.677
2.811
2.741
1.994
2.092
2.027
1.603
1.711
1.595
1.517
1.630
1.424
1.681
1.709
1.603
0.686
0.756
0.702
0.603
0.717
0.650
1.019
1.087
1.106
0.671
0.782
0.673
2.410
2.468
2.430
0.848
1.048
0.893
1.665
1.852
1.779
1.123
1.203
1.095
1.197
1.290
1.226
0.797
0.882
0.784
1.024
1.171
0.938
0.915
1.093
0.963
0.684
0.821
0.730
1.434
1.447
1.414
0.939
1.156
0.890
0.842
0.897
0.845
1.745
1.817
1.818
1.067
1.118
1.101
0.768
0.957
0.822
1.415
1.411
1.300
1.602
1.744
1.691
0.828
0.907
0.911
1.761
1.875
1.830
1.175
1.192
0.876
1.658
1.724
1.715
1.328
1.410
1.278
1.018
1.276
1.242
1.814
1.885
1.811
0.932
1.049
0.936
0.896
0.844
0.803
1.363
1.310
1.341
1.597
1.677
1.641
1.456
1.528
1.480
1.222
1.444
1.306
1.233
1.309
1.247
2.581
2.667
2.683
1.227
1.328
1.258
1.712
1.754
1.618
0.697
0.858
0.779
1.492
1.549
1.485
1.147
1.216
1.187
2.155
2.389
2.257
1.789
1.962
1.868
1.439
1.534
1.443
0.430
0.548
0.418
1.814
1.981
1.903
1.419
1.488
1.528
1.359
1.547
1.330
1.191
1.905
1.240
0.999
1.133
1.026
1.132
1.534
1.369
0.859
1.154
0.986
0.466
0.718
0.591
0.822
0.827
0.778
1.810
1.891
1.853
1.042
1.139
1.079
1.042
1.162
1.089
1.297
1.571
1.467
1.499
1.508
1.449
1.288
1.380
1.265
0.646
0.706
0.650
0.943
1.061
0.985
0.663
0.729
0.683
1.886
2.033
2.008
1.496
1.598
1.564
1.577
1.755
1.655
0.636
0.718
0.666
0.761
0.867
0.824
2.618
2.767
2.752
1.340
1.561
1.369
2.865
2.912
2.966
1.164
1.248
1.120
0.768
0.990
0.832
0.940
1.078
0.871
1.013
1.317
1.146
0.761
0.839
0.809
0.559
0.601
0.618
1.241
1.316
1.105
1.087
1.219
1.091
0.779
0.825
0.822
2.109
2.154
2.134
1.246
1.457
1.194
0.925
1.048
0.978
0.720
0.864
0.798
0.920
1.032
0.994
0.609
0.680
0.666
1.021
1.254
1.121
1.509
1.565
1.535
1.790
1.841
1.748
1.690
1.689
1.674
2.040
2.092
2.075
1.061
1.171
1.088
0.886
1.128
0.911
1.277
1.439
1.214
1.589
1.689
1.658
1.300
1.412
1.311
1.846
1.932
1.807
1.112
1.233
1.184
0.754
0.971
0.870
1.127
1.152
0.906
1.170
1.285
1.203
1.063
1.122
1.114
2.276
2.391
2.351
1.074
1.172
1.058
2.655
2.713
2.594
1.279
1.394
1.203
1.981
2.045
2.006
0.522
0.659
0.525
2.709
2.746
2.723
1.239
1.296
1.241
1.153
1.152
1.094
1.621
1.677
1.619
0.671
0.912
0.751
1.143
1.183
1.124
1.013
1.027
1.022
1.672
1.683
1.940
1.059
1.122
1.004
0.630
0.666
0.651
1.425
1.548
1.366
1.469
1.526
1.542
1.569
1.496
1.400
0.824
0.918
0.866
2.629
2.784
2.741
2.220
2.344
2.287
1.955
2.063
2.008
0.911
1.061
0.957
0.847
1.236
0.901
0.471
0.664
0.562
2.885
2.999
2.937
1.763
1.797
1.586
0.818
0.802
0.673
0.956
1.039
0.938
0.809
1.073
0.643
0.893
0.871
0.855
0.944
1.012
0.955
1.102
1.267
1.088
1.304
1.438
1.437
1.011
1.168
1.159
2.838
2.889
2.864
2.290
2.508
2.341
1.794
1.812
1.778
1.078
1.100
0.983
0.836
0.886
0.832
1.995
2.113
2.022
2.072
2.110
2.086
2.118
2.160
2.127
1.434
1.360
1.331
1.217
1.395
1.189
1.257
1.771
1.419
1.262
1.357
1.272
1.153
1.422
0.861
1.568
1.620
1.472
1.215
1.274
1.230
1.698
1.951
1.701
1.206
1.253
1.212
1.098
1.207
1.157
1.324
1.423
1.350
0.885
1.113
1.058
0.942
1.400
1.055
1.123
1.236
1.198
1.799
1.830
1.816
1.927
2.090
2.010
2.012
2.025
2.020
2.011
2.231
1.944
1.509
1.534
1.512
1.164
1.378
1.340
2.232
2.247
2.143
1.394
1.493
1.396
1.825
1.837
1.806
2.076
2.053
2.009
0.898
0.998
0.920
0.954
1.117
1.051
1.021
1.096
1.062
0.961
1.088
0.987
0.484
0.629
0.545
0.772
1.215
0.942
1.007
1.160
1.192
0.863
0.971
0.944
2.505
2.688
2.432
1.284
1.347
1.330
1.751
1.961
1.852
1.496
2.297
1.773
1.453
1.501
1.481
1.193
1.245
1.218
2.215
2.426
2.145
1.429
1.845
1.468
0.837
1.031
0.915
1.048
1.111
0.968
0.943
0.991
1.006
0.818
1.152
0.923
1.065
1.370
1.158
0.938
1.112
0.957
1.099
1.299
1.207
1.211
1.333
1.230
0.632
0.707
0.578
0.895
1.021
0.898
1.079
1.138
1.115
0.650
0.776
0.695
1.003
1.300
1.216
1.271
1.541
1.408
1.120
1.118
0.972
0.838
1.213
0.984
2.628
2.690
2.554
0.988
1.145
1.052
0.579
1.160
0.732
1.008
1.091
1.020
0.576
0.660
0.652
0.880
1.058
0.929
0.836
1.006
0.890
0.407
0.555
0.472
0.571
0.814
0.637
0.931
1.028
0.953
1.622
1.637
1.545
1.095
1.183
1.112
0.735
0.891
0.821
0.990
0.924
0.303
1.120
1.200
1.127
1.291
1.450
1.328
0.888
1.009
0.963
1.280
1.728
1.546
1.544
1.608
1.568
0.979
1.010
0.885
2.365
2.527
2.446
0.610
0.717
0.607
0.798
0.840
0.832
0.694
0.774
0.693
1.031
1.139
1.061
1.031
1.239
1.074
1.306
1.566
1.389
1.364
1.428
1.362
1.219
1.542
1.355
1.658
1.772
1.683
1.692
1.836
1.717
1.416
1.522
1.406
2.299
2.359
2.352
1.653
1.701
1.604
1.322
1.395
1.351
1.391
1.424
1.412
1.706
1.860
1.773
1.154
1.292
1.142
0.889
0.979
0.800
1.757
1.820
1.771
2.860
2.895
2.570
1.795
1.872
1.876
0.707
0.663
0.563
1.791
1.867
1.833
1.771
1.684
1.682
1.639
1.803
1.571
1.300
1.388
1.298
1.189
1.335
1.231
1.144
1.256
1.074
1.961
2.008
1.946
1.453
1.520
1.513
1.969
2.050
1.981
0.805
1.121
0.861
1.338
1.420
1.238
1.011
1.101
1.061
1.837
2.020
1.992
1.797
1.811
1.695
1.051
1.041
0.858
1.566
1.585
1.554
0.942
1.088
0.903
1.121
1.194
1.088
2.664
2.593
2.468
1.387
1.425
1.425
1.114
1.294
1.171
1.497
1.557
1.477
0.899
1.179
1.043
1.289
1.401
1.198
0.996
1.087
1.007
0.726
0.931
0.742
1.822
2.051
1.882
3.269
3.312
3.194
0.518
0.678
0.534
0.662
1.496
0.969
1.740
1.729
1.596
1.907
2.024
1.894
1.396
1.483
1.403
1.666
2.385
1.618
1.584
1.943
1.556
1.349
1.505
1.342
0.432
0.539
0.490
2.004
2.339
2.028
1.282
1.488
1.320
0.672
0.853
0.798
0.716
0.809
0.742
2.179
2.330
2.177
1.543
1.680
1.938
1.109
1.467
1.610
1.094
1.175
0.999
1.883
2.196
2.005
1.040
1.172
1.161
0.667
0.908
0.965
0.887
1.064
0.951
0.759
0.873
0.820
0.701
0.877
0.748
0.789
0.904
0.794
1.417
1.504
1.416
1.917
2.189
1.744
2.254
2.339
2.274
1.624
2.236
2.216
1.157
1.260
1.180
1.470
1.566
1.441
0.913
1.155
1.043
0.863
0.973
0.880
1.012
1.182
1.009
1.530
1.644
1.526
1.172
1.558
1.440
2.241
2.284
2.225
1.367
1.421
1.397
0.575
0.695
0.638
2.218
2.316
2.265
1.334
1.393
1.338
1.586
1.632
1.654
1.140
1.281
0.977
1.151
1.284
1.239
1.059
1.174
1.095
0.937
1.098
0.978
1.515
1.663
1.548
1.983
2.000
1.945
1.286
1.456
1.230
0.687
0.885
0.755
0.796
0.900
0.832
0.695
0.837
0.771
0.514
0.686
0.543
0.944
1.097
0.966
1.466
1.554
1.550
1.377
1.443
1.455
0.600
0.821
0.658
0.532
0.641
0.562
1.381
1.676
1.364
1.449
1.800
1.606
1.342
1.569
1.433
1.198
1.215
1.187
1.231
1.315
1.293
0.824
0.977
0.891
1.217
1.315
1.216
0.926
1.024
0.938
1.247
1.269
1.288
0.693
0.752
0.715
1.796
1.878
1.792
1.725
1.812
1.785
1.536
1.776
1.720
1.186
1.267
1.125
1.983
2.068
1.962
1.181
1.232
1.094
0.974
1.390
1.036
0.974
1.233
1.116
2.897
3.112
3.076
0.810
0.980
0.892
1.124
1.228
1.199
0.876
0.979
0.855
1.587
1.679
1.656
1.341
1.240
1.231
0.724
0.775
0.691
0.852
0.814
0.838
0.769
0.765
0.648
0.685
1.020
0.768
0.715
0.805
0.683
1.100
1.185
1.148
2.854
2.866
2.876
1.580
1.705
1.629
1.779
1.956
1.808
0.881
1.133
0.920
1.127
1.185
1.131
1.768
1.817
1.657
1.724
2.136
1.769
1.664
1.794
1.672
0.839
0.972
0.920
1.117
1.324
1.111
1.564
1.670
1.597
0.595
0.758
1.069
1.177
1.138
1.121
2.800
3.031
2.725
0.866
1.005
0.807
1.203
1.245
1.222
0.837
1.048
1.384
2.761
2.839
2.807
1.354
1.545
1.494
2.146
2.180
2.047
0.737
0.883
0.797
0.565
0.630
0.580
1.296
1.375
1.294
3.249
3.308
3.291
1.180
1.234
1.174
1.763
1.853
1.693
0.495
0.486
0.414
0.561
0.723
0.573
2.029
2.261
2.289
0.616
0.851
0.750
1.192
1.299
1.185
1.493
1.629
1.474
1.149
1.229
1.168
1.137
1.182
1.129
1.568
1.641
1.605
2.113
2.119
2.081
1.667
1.856
1.618
1.007
1.061
1.008
0.772
0.874
0.780
1.544
1.848
1.570
1.544
1.789
1.570
1.544
1.784
1.570
0.999
1.046
0.975
1.347
1.489
1.463
1.639
1.720
1.621
0.996
1.049
0.790
0.434
0.844
0.613
1.255
1.367
1.273
1.760
1.829
1.780
0.960
1.100
0.931
0.885
1.024
0.785
1.747
1.820
1.642
1.154
1.206
1.167
0.886
1.151
1.110
1.265
1.472
1.347
1.007
1.153
1.062
1.088
1.176
1.123
1.127
1.167
1.175
0.935
1.046
1.019
1.663
1.778
1.606
2.112
2.106
1.872
1.423
1.512
1.426
2.498
2.700
2.538
1.292
1.308
1.242
1.692
1.636
1.677
1.698
1.692
1.770
1.698
1.692
1.770
0.941
1.287
0.980
1.809
1.803
1.614
0.830
1.150
0.856
0.830
1.152
0.856
1.626
1.788
1.693
0.865
0.944
0.904
0.996
1.162
0.829
2.163
2.175
2.094
0.699
0.808
0.704
1.127
1.358
1.197
1.033
1.230
1.142
1.261
1.332
1.054
2.120
2.204
2.136
1.164
1.198
1.168
2.779
3.062
2.829
1.795
1.873
1.809
1.408
1.545
1.402
1.905
1.963
1.826
1.069
1.141
1.069
0.727
0.964
0.796
1.128
1.181
0.989
1.325
1.375
1.215
1.153
1.189
1.136
1.220
1.287
1.254
1.233
1.348
1.299
0.871
0.953
0.881
1.059
1.274
1.048
1.436
1.486
1.453
0.786
0.921
0.778
1.116
1.215
1.035
1.817
1.848
1.829
0.483
0.731
0.626
0.717
0.795
0.712
0.803
0.949
0.900
0.496
0.737
0.632
1.001
1.289
1.046
0.583
0.777
0.599
1.441
1.426
1.416
1.964
2.007
1.949
0.738
0.845
0.768
1.543
1.736
1.690
1.708
1.765
1.606
0.778
1.019
0.859
0.744
0.845
0.768
1.447
1.602
1.492
1.853
1.845
1.856
1.122
1.124
1.032
0.402
0.524
0.386
0.695
1.033
0.722
1.302
1.409
1.299
1.702
1.708
1.687
1.192
1.364
1.258
0.996
1.121
1.080
1.321
1.480
1.319
3.001
2.995
3.002
1.305
1.349
1.293
1.115
1.373
1.249
1.143
1.120
1.029
2.329
2.430
2.369
1.665
1.780
1.739
1.640
1.657
1.521
2.070
2.128
2.088
1.724
2.045
1.843
1.524
1.683
1.652
1.374
1.433
1.363
1.520
1.470
1.478
1.442
1.532
1.521
1.015
1.190
1.088
0.920
1.005
0.920
1.020
1.226
1.106
0.730
0.757
0.625
1.423
1.418
1.282
1.954
2.284
2.084
3.084
3.124
3.133
1.263
1.372
1.185
1.188
1.167
1.032
1.137
1.216
1.157
0.735
0.906
0.751
0.865
1.174
1.079
0.436
0.737
0.629
0.986
1.001
1.024
1.003
1.052
1.028
1.331
1.419
1.297
2.662
2.666
2.714
2.285
2.400
2.363
1.747
1.758
1.719
1.595
1.806
1.735
1.390
1.459
1.406
1.342
1.399
1.298
0.663
0.720
0.654
2.786
2.848
2.783
1.344
1.456
1.323
1.489
1.643
1.203
1.115
1.169
1.165
1.644
1.725
1.575
1.793
1.917
1.782
1.418
1.496
1.421
1.549
1.586
1.578
1.740
1.799
1.756
0.638
0.838
0.753
1.352
1.444
1.415
1.286
1.389
1.071
0.965
1.064
1.006
1.464
1.599
1.404
1.518
1.512
1.419
1.434
1.522
1.427
0.912
0.994
0.972
1.633
1.755
1.699
0.789
0.897
0.836
1.409
1.450
1.455
1.409
1.450
1.455
1.480
1.532
1.464
1.813
2.146
1.916
2.130
2.122
2.228
0.874
0.983
0.825
1.312
1.451
1.321
1.669
1.841
1.740
0.668
1.028
0.724
1.393
1.547
1.363
2.645
2.692
2.503
1.527
1.809
1.618
1.620
1.766
1.656
0.792
0.902
0.791
1.034
1.570
1.202
0.867
1.010
0.913
1.485
1.532
1.397
1.449
1.486
1.157
1.225
1.356
1.150
1.364
1.379
1.270
1.364
1.513
1.389
1.636
1.616
1.600
0.718
0.982
0.852
1.222
1.585
1.390
1.368
1.424
1.352
1.933
2.152
2.133
1.951
2.003
1.937
1.167
1.259
1.133
1.668
2.240
2.019
0.866
0.943
0.850
1.488
1.458
1.390
0.716
0.812
0.662
1.135
1.161
1.058
1.258
1.309
1.294
2.085
2.528
2.499
2.109
2.183
2.087
2.681
2.734
2.792
1.179
1.247
1.182
0.803
0.820
0.820
1.341
1.313
1.125
0.789
0.824
0.802
0.633
1.088
0.670
1.689
1.768
1.706
1.390
1.373
1.377
1.621
1.753
1.647
1.528
1.655
1.555
1.640
1.613
1.519
0.705
0.872
0.822
0.981
1.104
1.007
2.474
2.381
2.322
0.670
0.859
0.777
1.045
1.157
1.057
1.513
1.547
1.449
1.733
1.825
1.785
0.870
1.036
0.969
1.775
1.958
1.937
1.253
1.284
1.192
1.123
1.171
0.937
1.488
1.588
1.498
2.057
2.178
2.106
1.559
1.615
1.502
1.437
1.665
1.539
1.666
1.801
1.626
2.504
2.611
2.525
1.032
1.100
1.062
2.793
2.834
2.818
2.130
2.452
2.304
1.101
1.194
1.167
0.580
0.860
0.649
1.021
1.136
1.081
2.408
2.480
2.412
0.854
0.965
0.798
1.254
1.298
1.237
0.669
0.712
0.722
1.962
2.035
2.113
0.891
0.795
0.791
0.583
0.741
0.629
0.926
1.124
1.133
1.734
1.742
1.660
0.644
0.725
0.608
1.390
1.532
1.462
1.497
1.592
1.609
1.353
1.487
1.406
1.690
1.767
1.591
0.843
1.285
0.974
1.064
1.236
1.114
2.500
2.612
2.504
1.748
1.824
1.784
1.439
1.572
1.555
2.105
2.250
2.163
0.751
1.438
0.869
0.691
0.800
0.731
0.527
0.732
0.624
1.400
1.601
1.545
0.746
0.767
0.721
0.651
0.784
0.702
1.322
1.402
1.376
1.611
1.558
1.517
1.583
1.685
1.595
0.284
0.288
0.220
2.111
2.208
2.144
1.013
1.246
1.190
0.945
0.954
0.871
2.061
2.094
2.007
2.415
2.534
2.444
1.707
1.810
1.704
0.767
0.915
0.815
1.200
1.236
1.022
1.610
1.699
1.642
1.013
1.092
1.157
1.956
2.027
2.034
1.081
1.098
1.006
2.599
2.851
2.870
1.276
1.513
1.399
1.644
1.690
1.724
1.574
2.064
1.949
0.707
0.856
0.767
1.883
1.947
1.925
1.002
1.025
0.923
1.556
1.520
1.420
0.401
0.521
0.438
1.152
1.172
1.120
1.448
1.522
1.495
1.044
1.486
0.897
0.943
1.085
1.007
0.773
0.854
0.755
1.799
1.840
1.800
1.264
1.328
1.255
1.565
1.701
1.493
1.948
2.034
2.018
1.132
1.112
1.081
1.752
1.866
1.813
1.498
1.635
1.501
1.128
1.187
1.134
1.501
1.627
1.374
1.484
1.561
1.546
0.613
0.733
0.655
0.761
1.162
1.024
1.218
1.315
1.266
0.725
0.897
0.780
0.923
1.053
0.996
0.509
0.475
0.355
0.698
1.080
0.819
2.058
2.110
2.166
0.895
1.031
0.920
1.342
1.411
1.349
0.780
0.790
0.732
1.090
1.415
1.256
1.174
1.261
1.121
3.249
3.507
3.333
2.201
2.172
2.173
0.692
0.781
0.728
1.463
1.651
1.404
1.199
1.320
1.260
4.184
4.216
4.157
1.044
1.217
1.120
2.170
2.381
2.307
0.880
1.169
0.937
0.930
0.981
0.870
1.473
1.651
1.543
0.907
1.046
0.976
1.472
1.512
1.390
2.300
2.438
2.356
2.650
2.622
2.630
0.699
0.868
0.808
0.714
0.863
0.815
1.342
1.406
1.355
1.148
1.228
1.068
1.834
2.236
1.766
2.073
2.382
2.247
1.318
1.438
1.391
1.784
1.794
1.810
1.345
1.470
1.371
1.870
1.910
1.846
1.556
1.705
1.646
2.635
2.648
2.667
1.316
1.449
1.315
3.030
3.350
3.132
1.804
1.899
1.807
0.985
1.038
0.903
0.783
0.856
0.575
1.452
1.598
1.547
0.603
0.830
0.683
1.640
1.585
1.502
1.794
1.816
1.721
1.664
1.742
1.687
0.727
0.884
0.769
2.136
2.190
2.104
1.023
1.159
1.065
2.409
2.504
2.430
1.438
1.465
1.298
0.529
0.677
0.622
1.863
1.916
1.846
0.900
1.016
0.835
0.801
0.932
0.763
1.482
1.484
1.476
1.055
1.127
1.075
0.909
1.042
0.905
0.896
0.973
0.805
1.668
2.022
1.794
1.069
1.080
1.014
0.617
0.728
0.677
1.617
1.688
1.679
2.247
2.343
1.635
1.515
1.583
1.475
1.318
1.643
1.688
1.135
1.280
1.211
1.464
1.667
1.547
1.864
1.864
1.840
0.849
0.955
0.879
0.906
1.005
0.854
1.477
1.583
1.489
1.376
1.519
1.410
1.357
1.437
1.382
0.627
0.747
0.638
1.165
1.316
1.161
0.497
0.636
0.575
1.574
1.699
1.661
1.739
1.788
1.689
0.770
0.995
0.869
1.346
1.391
1.371
1.739
1.788
1.689
1.474
1.536
1.507
0.950
0.987
0.963
1.218
1.341
1.261
0.834
0.933
0.872
1.055
1.165
1.121
1.041
1.161
1.096
2.441
2.532
2.491
1.402
1.468
1.401
1.538
1.662
1.553
0.633
0.812
0.646
0.649
0.937
0.965
1.425
1.448
1.460
1.373
1.423
1.261
1.208
1.316
1.210
0.772
0.842
0.653
0.611
0.790
0.577
0.789
1.065
0.909
1.813
2.228
2.221
0.818
1.071
0.886
0.983
1.043
0.905
1.473
1.607
1.463
0.806
0.846
0.696
1.188
1.279
1.019
0.847
0.903
0.819
1.166
1.188
1.141
0.819
1.009
1.201
0.705
0.825
0.750
1.146
1.302
1.256
1.035
1.184
1.117
1.101
1.110
1.014
1.273
1.322
1.286
1.146
1.177
0.923
2.280
2.618
2.312
1.213
1.368
1.363
1.292
1.364
1.237
1.509
1.569
1.521
1.578
1.671
1.554
0.623
0.727
0.495
1.285
1.469
1.302
1.043
1.242
1.262
1.040
1.106
1.066
1.877
1.944
1.931
1.047
1.106
0.968
1.160
1.201
1.183
1.179
1.237
1.115
1.246
1.269
1.245
1.201
1.414
1.219
1.526
1.509
1.408
1.336
1.457
1.287
2.167
2.141
2.087
1.109
1.027
0.969
0.708
0.834
0.728
1.203
1.295
1.153
1.230
1.359
1.261
0.844
0.967
0.832
1.520
1.864
1.631
0.809
0.922
0.787
2.135
2.278
2.111
1.478
1.627
1.647
2.356
2.414
2.365
1.759
2.085
2.020
1.485
1.601
1.710
1.112
1.258
1.221
0.853
0.930
0.789
0.842
0.891
0.887
1.419
1.422
1.423
0.916
0.989
0.972
1.160
1.351
1.233
0.815
0.870
0.671
1.947
1.971
1.736
2.155
2.335
2.276
2.556
2.599
2.410
1.456
1.688
1.571
1.013
1.566
1.237
2.147
2.182
2.249
1.633
1.745
1.660
0.782
0.964
0.811
1.001
1.154
1.066
2.335
2.426
2.356
0.946
1.050
0.987
0.820
0.978
0.913
0.747
1.061
0.794
0.919
0.994
0.912
0.818
0.971
0.901
2.599
2.727
2.742
0.622
0.790
0.547
1.523
1.707
1.556
0.998
1.095
1.050
2.296
2.346
2.111
1.022
1.081
0.990
1.091
1.334
1.261
0.610
0.813
0.678
0.691
0.821
0.753
0.744
0.840
0.754
0.962
1.107
1.051
1.335
1.410
1.366
1.978
2.106
1.924
1.976
2.775
2.169
1.464
1.524
1.462
0.680
0.712
0.718
0.700
0.820
0.757
0.918
1.259
1.046
2.024
2.089
2.166
0.603
0.758
0.716
0.971
1.097
1.029
1.556
1.628
1.523
1.015
1.027
0.878
1.359
1.388
1.335
0.814
0.980
0.807
1.764
1.922
1.839
0.681
0.737
0.713
0.924
1.021
0.915
0.888
0.977
0.841
1.157
1.241
1.283
1.381
1.523
1.546
1.381
1.663
1.656
0.970
1.056
0.973
1.411
1.640
1.507
0.920
1.054
0.945
0.689
1.066
0.891
1.621
1.779
1.701
1.378
1.481
1.416
1.207
1.250
1.214
0.725
0.866
0.704
0.680
0.790
0.704
1.820
1.779
1.718
2.185
2.044
2.083
1.832
1.982
1.923
1.505
1.679
1.439
1.326
1.385
1.355
1.097
1.096
1.161
1.232
1.324
1.213
0.632
0.809
0.684
1.253
1.283
1.291
1.524
1.581
1.489
0.594
0.719
0.630
0.600
0.887
0.770
1.661
1.718
1.676
3.460
3.609
3.465
2.450
2.626
2.532
1.750
1.811
1.686
0.819
0.917
0.847
1.060
1.210
1.036
1.698
1.730
1.692
2.452
2.481
2.375
0.896
0.963
0.896
1.671
1.721
1.709
2.448
2.375
2.370
1.807
1.927
1.829
0.712
0.696
0.608
2.647
2.682
2.432
1.284
1.406
1.327
0.827
0.908
0.790
0.657
0.734
0.413
2.127
2.203
2.036
0.761
0.957
0.744
1.331
1.410
1.387
0.742
0.994
0.864
1.920
1.941
1.974
2.164
2.343
2.472
1.871
1.957
1.925
1.105
1.253
1.120
0.750
0.959
0.842
0.779
0.946
0.880
1.012
1.081
1.073
1.144
1.304
1.251
2.263
2.278
2.212
1.707
1.689
1.730
1.109
1.121
1.047
1.535
1.780
1.613
1.850
1.903
1.837
2.228
2.286
2.325
1.732
1.805
1.690
2.410
2.827
2.440
2.468
2.892
2.666
2.044
2.100
2.028
1.950
2.169
1.943
1.205
1.394
1.487
1.277
1.365
1.352
1.369
1.658
1.507
1.959
2.082
2.034
2.177
2.213
2.188
1.473
1.620
1.427
1.369
1.570
1.455
1.369
1.483
1.482
1.789
1.819
1.682
2.175
2.403
2.123
2.902
2.823
2.695
1.281
1.274
1.272
2.368
2.423
2.313
1.926
1.940
1.912
1.309
1.578
1.402
2.393
2.468
2.400
1.098
1.231
1.194
0.476
0.565
0.482
2.189
2.179
2.229
1.283
1.432
1.660
1.771
1.850
1.789
1.487
1.544
1.537
0.563
0.658
0.629
1.237
1.292
1.185
1.917
2.007
1.953
1.110
1.231
1.040
1.617
1.735
1.674
3.101
3.063
2.845
2.208
2.575
2.368
2.170
2.250
2.220
1.131
1.461
1.463
1.818
1.909
1.793
0.756
0.780
0.675
1.490
1.506
1.469
1.415
1.565
1.343
1.874
1.896
1.792
1.861
1.975
1.959
1.202
1.404
1.340
1.295
1.426
1.203
1.571
1.712
1.630
1.473
1.448
1.295
1.123
1.142
1.148
1.042
1.268
1.073
2.070
2.044
1.802
0.580
0.799
0.695
1.124
1.162
1.042
0.799
0.886
0.853
1.115
1.312
1.092
2.315
2.336
2.263
1.963
2.055
1.926
1.560
1.566
1.524
0.755
0.875
0.765
1.766
1.773
1.630
1.923
1.961
1.774
1.041
0.985
0.874
0.788
1.004
0.866
1.472
1.629
1.637
1.367
1.560
1.526
1.488
1.537
1.421
1.134
1.222
1.094
1.589
1.627
1.555
1.768
1.889
1.788
2.353
2.435
2.369
0.875
0.976
0.884
2.311
2.408
2.304
1.994
2.157
2.046
1.398
1.482
1.491
1.075
1.030
1.038
1.565
1.604
1.449
1.039
1.163
1.084
1.144
1.214
1.178
1.759
1.780
1.810
1.388
1.515
1.425
2.844
2.847
2.576
0.951
1.018
0.973
1.411
1.476
1.462
1.459
1.544
1.221
1.020
1.173
1.083
1.307
1.317
1.284
1.650
1.686
1.638
0.463
0.676
0.636
1.904
1.901
1.872
1.476
1.528
1.457
2.275
2.310
2.255
1.821
1.836
1.805
0.880
0.985
0.906
0.973
1.100
0.964
0.802
0.965
0.672
0.937
0.972
0.987
1.568
1.650
1.571
1.451
1.514
1.329
1.179
1.247
1.130
1.329
1.405
1.290
0.857
0.998
0.963
0.576
0.673
0.525
1.447
1.636
1.490
0.907
1.013
0.972
0.780
0.852
0.846
0.792
1.008
0.797
0.930
0.977
0.993
0.485
0.586
0.531
1.393
1.405
1.397
1.476
1.568
1.449
0.657
0.747
0.734
1.274
1.334
1.347
1.571
1.668
1.610
1.179
1.388
1.283
1.072
1.179
1.158
0.765
0.811
0.764
0.731
0.950
0.830
0.896
1.035
0.952
1.521
1.554
1.549
0.861
0.960
0.931
2.125
2.177
2.138
1.022
1.472
0.929
1.396
1.423
1.329
0.863
1.024
0.882
0.855
0.996
0.856
2.085
2.067
2.097
1.334
1.370
1.338
1.688
1.797
1.728
1.440
1.477
1.146
1.077
1.287
1.194
1.578
1.694
1.586
0.752
0.878
0.756
1.018
1.395
1.108
2.620
2.647
2.447
1.153
1.346
1.242
1.263
1.293
1.114
0.792
1.001
0.913
2.753
2.836
2.546
0.940
1.463
1.450
1.175
1.219
1.075
1.225
1.351
1.294
2.119
2.353
2.159
1.892
1.910
1.882
0.639
0.771
0.503
1.986
2.094
1.902
1.112
1.219
1.139
1.296
1.429
1.297
0.923
1.117
1.004
0.836
1.028
0.912
0.719
0.716
0.655
1.096
1.077
1.008
0.884
0.951
0.929
0.789
0.861
0.759
1.130
1.487
1.102
1.490
1.500
1.389
0.967
1.005
0.889
1.101
1.285
0.978
0.700
0.797
0.754
0.990
0.990
1.004
0.913
1.023
0.928
1.353
1.456
1.350
0.862
1.004
0.957
0.962
1.108
0.953
2.011
2.113
2.062
0.613
0.805
0.657
1.054
1.179
1.082
1.427
1.525
1.499
1.026
1.062
1.037
1.165
1.217
1.149
1.168
1.235
1.189
0.859
1.051
0.911
2.390
2.397
2.268
1.134
1.279
1.217
2.254
2.827
2.211
1.414
1.476
1.420
1.885
1.938
1.858
2.155
2.139
2.059
1.423
1.440
1.306
1.171
1.261
1.176
1.666
1.722
1.606
0.405
0.495
0.301
0.594
0.686
0.568
1.374
1.514
1.507
1.475
1.767
1.505
1.274
1.367
1.239
1.147
1.292
1.211
1.164
1.230
1.069
2.316
2.415
2.416
1.100
1.300
1.187
0.800
0.813
0.801
1.033
1.491
1.132
1.483
1.545
1.375
0.815
0.904
0.871
1.498
1.545
1.498
1.988
2.506
2.165
0.944
1.102
1.018
1.255
1.331
1.589
1.593
1.663
1.646
1.134
1.249
1.154
1.691
1.724
1.621
0.801
0.980
0.868
1.280
1.399
1.371
1.790
1.826
1.795
1.566
1.630
1.610
1.336
1.841
1.962
1.816
1.888
1.805
1.387
1.542
1.429
0.830
1.397
0.856
1.161
1.361
1.204
1.161
1.235
1.234
1.181
1.300
1.218
1.244
1.403
1.335
1.585
1.804
1.780
1.359
1.493
1.398
0.301
0.527
0.422
0.750
0.882
0.783
1.175
1.312
1.225
1.778
1.998
1.544
1.911
2.211
2.048
1.104
1.699
1.684
1.290
1.377
1.119
0.776
1.257
0.949
0.849
0.917
0.876
1.010
1.201
1.082
1.812
1.865
1.744
1.120
1.216
1.062
1.085
1.089
1.047
1.015
1.062
1.022
0.856
0.998
0.801
1.403
1.425
1.423
2.232
2.247
2.245
1.600
1.666
1.654
1.013
1.190
1.064
1.094
1.261
1.151
0.617
0.816
0.704
0.747
0.833
0.789
1.716
1.762
1.738
1.046
1.133
1.059
0.829
1.030
0.910
0.840
0.836
0.377
0.716
0.846
0.775
0.853
0.980
0.805
0.642
1.024
1.033
0.795
0.844
0.723
1.215
1.277
1.206
2.876
3.076
3.153
2.272
2.395
2.288
1.283
1.408
1.269
1.655
1.793
1.650
2.226
2.356
2.250
0.914
1.008
0.976
0.914
1.129
1.084
1.633
1.698
1.682
0.952
1.129
1.085
2.950
2.932
2.931
1.628
1.699
1.616
1.058
1.231
1.101
1.129
1.147
1.056
1.305
1.383
1.311
1.348
1.403
1.341
2.112
2.258
2.151
1.080
1.187
1.049
4.320
4.380
4.409
1.005
1.079
0.979
1.085
1.211
1.082
1.770
1.841
1.806
0.980
1.019
0.980
1.382
1.473
1.420
1.744
1.782
1.737
1.686
1.767
1.718
0.552
0.711
0.537
2.762
2.994
2.760
1.265
1.410
1.348
2.131
2.151
2.141
1.395
1.496
1.799
1.806
1.920
1.876
0.742
0.882
0.810
1.167
1.256
1.138
1.308
1.413
1.210
1.572
1.583
1.507
3.150
3.201
3.261
0.698
0.764
0.682
1.079
1.330
1.201
1.282
1.391
1.273
1.268
1.427
1.352
1.273
1.263
1.276
1.149
1.246
1.042
2.436
2.519
2.445
1.348
1.334
1.466
1.232
1.604
1.414
1.195
1.368
1.286
0.586
0.733
0.597
1.341
1.380
1.351
2.247
2.238
2.170
1.182
1.352
1.200
1.102
1.217
1.099
1.623
1.719
1.640
1.300
1.391
1.337
1.582
1.662
1.422
1.815
1.759
1.796
1.543
1.567
1.579
1.543
1.575
1.569
0.961
1.046
0.889
1.650
1.736
1.618
0.586
0.754
0.597
1.574
1.745
1.606
0.985
1.048
0.908
1.421
1.442
1.327
0.989
1.093
0.997
0.850
0.968
0.882
0.850
0.968
0.882
0.849
1.042
0.971
1.955
2.042
1.944
1.851
1.893
1.857
1.423
1.588
1.502
1.591
1.787
1.674
0.758
0.898
1.036
1.213
1.381
1.132
1.042
1.015
1.076
0.815
0.949
0.825
1.237
1.315
1.266
2.191
2.286
2.249
2.139
2.501
2.278
1.233
1.267
1.342
0.898
0.946
0.773
0.916
1.116
0.888
2.300
2.270
2.234
2.567
2.640
2.549
1.001
1.174
1.042
1.058
1.098
0.898
1.247
1.386
1.294
1.030
1.099
0.915
1.359
1.542
1.356
0.790
0.876
0.815
1.396
1.322
1.121
1.248
1.324
1.239
0.672
0.982
0.828
0.770
0.911
0.784
0.852
0.961
0.877
0.677
0.764
0.769
1.540
1.753
1.602
1.417
1.468
1.360
1.228
1.235
1.049
1.029
1.155
0.864
1.127
1.134
0.995
1.570
1.643
1.618
1.497
1.509
1.342
2.919
3.386
2.862
1.806
1.902
1.858
1.605
1.596
1.609
1.122
1.196
1.196
2.267
2.526
2.359
1.231
1.339
1.285
0.900
0.953
0.860
1.657
1.786
1.668
0.877
0.980
0.875
1.834
1.841
1.864
0.835
1.031
0.919
1.120
1.225
1.152
1.080
1.145
1.081
1.771
1.789
1.752
2.224
2.331
2.255
1.566
1.622
1.527
1.559
1.817
1.758
1.242
1.429
1.436
2.846
2.871
2.816
0.890
1.086
0.934
0.502
0.717
0.601
2.397
2.546
2.704
0.685
0.840
0.618
1.101
1.251
1.117
0.735
0.796
0.656
1.510
1.558
1.354
2.251
2.366
1.907
1.194
1.362
1.224
0.729
0.942
0.847
1.290
1.377
1.286
0.938
1.045
0.995
1.232
1.454
1.317
1.697
1.693
1.654
1.196
1.294
1.201
0.677
0.867
0.747
0.932
0.989
0.894
0.464
0.654
0.510
0.762
0.752
0.627
0.701
0.820
0.750
1.617
1.736
1.675
3.466
3.571
3.423
1.291
1.405
1.262
1.548
1.551
1.372
0.843
0.991
0.849
1.345
1.420
1.348
0.955
1.303
0.968
0.956
0.922
1.240
2.184
2.229
2.174
3.163
3.074
3.076
1.104
1.174
1.142
1.248
1.371
1.292
1.157
1.248
1.122
2.604
2.634
2.575
1.895
2.230
2.020
0.981
1.072
1.031
0.898
0.965
0.896
0.692
0.884
0.747
1.149
1.119
1.115
1.807
1.920
1.839
1.585
1.641
1.638
1.475
1.720
1.627
1.190
1.249
1.182
1.190
1.249
1.182
2.503
2.632
2.519
0.598
0.722
0.628
2.185
2.256
2.220
0.779
0.954
0.737
1.235
1.280
1.244
1.505
1.560
1.555
1.365
1.402
1.321
1.236
1.329
1.238
0.898
1.037
0.907
2.405
2.542
2.468
1.707
1.812
1.717
1.284
1.299
1.290
1.014
1.161
1.053
2.231
2.295
2.245
2.902
2.964
2.899
0.779
0.954
0.737
0.589
0.780
0.628
1.564
1.649
1.595
2.134
2.156
2.059
1.785
1.719
1.736
1.276
1.189
1.272
2.091
2.081
1.946
0.927
1.080
0.995
1.677
1.603
1.645
1.576
1.849
1.585
1.336
1.438
1.411
0.627
0.741
0.674
1.550
1.575
1.594
1.491
1.693
1.518
2.875
2.967
2.919
0.905
1.033
0.881
1.554
1.599
1.574
0.907
1.072
0.985
1.201
1.318
1.268
2.107
2.216
2.199
1.707
1.808
1.790
0.699
0.968
0.851
1.086
1.193
1.095
1.350
1.431
1.376
0.727
0.719
0.594
1.669
1.714
1.679
1.354
1.450
1.315
1.906
1.964
1.961
1.871
1.940
1.905
0.868
1.040
0.982
0.941
1.059
0.933
1.227
1.277
1.229
2.243
2.327
2.134
1.020
1.182
1.072
1.690
1.704
1.577
0.956
1.121
0.995
1.860
1.968
1.873
1.765
1.856
1.796
1.428
1.527
1.639
1.230
1.306
1.314
0.998
1.075
0.916
1.046
1.128
1.088
1.468
1.546
1.454
1.440
1.513
1.388
1.401
1.459
1.529
1.359
1.339
1.259
0.775
0.921
0.801
0.875
0.911
0.482
0.773
0.877
0.958
1.194
1.259
1.177
1.690
1.815
1.736
0.489
0.701
0.503
1.647
1.821
1.759
2.010
2.109
2.145
2.134
2.181
2.230
2.234
2.374
2.271
0.824
0.941
0.853
1.570
1.681
1.597
0.891
1.043
1.042
1.371
1.353
1.264
0.732
0.962
0.824
1.141
1.193
1.186
1.139
1.652
1.385
1.363
1.363
1.260
1.716
1.783
1.698
1.828
1.954
1.715
0.795
0.921
0.899
1.483
1.750
1.502
1.404
1.317
1.313
1.272
1.363
1.312
1.505
1.690
1.556
1.309
1.383
1.364
1.455
1.513
1.469
1.261
1.439
1.317
0.898
0.979
0.985
0.548
0.739
0.586
1.162
1.288
1.207
1.303
1.335
1.321
0.905
0.917
0.912
0.875
1.161
0.901
1.371
1.416
1.396
1.186
1.332
1.219
2.382
2.453
2.474
0.911
1.121
1.047
2.548
2.677
2.644
1.302
1.364
1.319
1.500
1.965
1.498
2.520
3.621
2.858
0.613
0.761
0.700
1.015
1.260
1.158
1.945
1.938
1.900
2.201
2.239
2.244
2.437
2.481
2.403
1.037
1.210
0.999
1.197
1.263
1.212
1.286
1.380
1.282
0.885
1.076
0.938
0.814
0.983
0.910
1.329
1.436
1.339
2.074
1.898
1.872
1.155
1.356
1.319
0.651
0.756
0.669
0.929
1.005
0.964
0.876
1.377
1.019
1.302
1.352
1.284
2.368
2.445
2.376
2.256
2.716
2.713
0.748
0.873
0.746
1.359
1.644
1.396
1.776
2.020
1.885
1.158
1.161
1.090
2.322
2.361
2.343
1.928
2.105
1.728
0.765
0.943
0.800
1.360
1.383
1.157
1.178
1.425
1.327
1.329
1.348
1.276
1.279
1.426
1.247
3.031
2.978
2.997
1.828
1.840
1.586
1.668
1.795
1.752
1.662
2.083
1.864
0.976
1.062
0.978
1.222
1.336
1.279
0.857
0.954
0.782
0.779
1.054
0.775
1.340
1.369
1.235
0.559
0.782
0.630
0.733
0.887
0.836
2.257
2.236
2.294
1.242
1.324
1.198
1.229
1.349
1.274
0.755
0.926
0.809
1.045
1.099
1.068
1.934
1.930
1.940
1.702
1.731
1.489
1.213
1.334
1.269
1.290
1.402
1.300
0.537
0.549
0.539
1.109
1.249
1.134
0.568
0.701
0.586
1.183
1.252
1.265
0.997
1.136
1.003
0.600
0.889
0.727
2.380
2.368
2.107
1.098
1.138
1.064
2.141
2.221
2.116
1.272
1.347
1.350
1.469
1.532
1.484
1.539
1.630
1.525
1.685
1.662
1.685
1.641
1.674
1.654
1.092
1.149
0.976
1.287
1.494
1.293
1.287
1.494
1.293
1.757
1.816
1.812
0.755
0.833
0.766
1.133
1.174
1.197
0.757
0.818
0.672
0.903
1.055
0.938
1.289
1.516
1.191
0.394
0.362
0.333
1.751
1.701
1.677
1.178
1.388
1.133
1.201
1.292
1.174
1.441
1.493
1.471
1.441
1.616
1.588
0.982
1.111
0.994
0.659
0.768
0.737
0.656
0.707
0.655
0.833
0.991
0.952
1.825
1.813
1.744
1.523
1.613
1.395
0.923
1.101
0.986
0.661
0.816
0.719
1.269
1.391
1.264
1.667
1.734
1.636
1.884
1.901
1.845
1.678
1.924
1.723
1.702
1.760
1.722
1.160
1.322
1.158
0.780
0.925
0.888
0.976
1.166
1.023
1.224
1.501
1.376
0.984
1.097
1.010
1.825
2.001
1.928
1.969
2.030
2.038
1.206
1.353
1.093
0.483
0.679
0.585
0.431
0.425
0.386
0.723
0.878
0.704
0.723
0.878
0.704
2.203
2.367
2.318
1.632
1.834
1.780
1.949
2.268
1.879
1.669
1.843
1.766
0.846
1.108
0.930
0.904
0.936
0.832
2.003
1.875
1.685
0.853
0.978
0.876
1.068
1.290
1.140
1.334
1.337
1.397
1.024
1.156
1.067
1.855
2.236
2.172
0.706
0.918
0.816
1.303
1.309
1.310
1.109
1.190
1.123
1.240
1.305
1.180
1.010
1.067
1.048
1.092
1.192
1.180
1.443
1.694
1.528
1.085
1.172
1.117
0.546
0.770
0.696
1.726
1.616
1.669
0.896
1.022
0.975
1.155
1.232
1.159
1.405
1.499
1.339
1.366
1.452
1.352
1.630
1.724
1.691
0.747
0.793
0.728
1.027
1.168
1.012
1.263
1.390
1.343
0.838
1.016
0.831
0.707
0.823
0.753
1.069
1.133
1.075
0.531
0.746
0.557
1.692
1.829
1.774
0.886
0.937
0.884
1.039
1.114
1.042
0.837
0.968
0.858
0.695
0.832
0.682
1.228
1.410
1.261
1.188
1.299
1.120
0.972
1.083
0.844
0.909
0.985
0.900
1.416
1.464
1.336
0.415
0.475
0.444
0.787
0.896
0.789
1.843
1.927
1.879
1.986
2.093
2.006
1.540
1.798
1.602
1.867
1.890
1.914
1.324
1.346
1.371
1.014
1.150
1.069
2.178
2.282
2.151
0.508
0.750
0.605
2.239
2.302
2.235
0.897
1.004
0.971
1.020
1.079
1.010
1.426
1.544
1.416
1.082
1.648
1.220
1.754
1.790
1.743
1.840
1.942
1.870
0.845
0.883
0.762
1.118
1.266
1.178
1.096
1.168
1.127
1.289
1.328
1.230
2.890
2.927
2.740
0.514
0.612
0.573
1.993
1.920
1.856
2.117
2.223
2.273
1.860
1.893
1.812
2.422
2.409
2.404
0.870
0.861
0.783
0.484
0.679
0.654
0.487
0.797
0.686
1.315
1.433
1.521
1.243
1.314
1.282
0.657
0.922
0.801
0.657
0.922
0.801
1.123
1.319
1.218
1.095
1.157
0.936
0.721
0.736
0.674
1.623
1.559
1.451
1.371
1.432
1.385
1.973
2.128
2.050
1.973
2.175
2.050
0.993
1.041
0.954
2.408
2.434
2.424
1.791
1.845
1.846
0.943
1.135
0.932
1.721
1.737
1.703
0.852
0.939
0.825
1.882
2.240
2.129
1.459
1.394
1.460
0.783
1.111
0.931
1.146
1.397
1.170
0.990
1.047
1.035
1.414
1.637
1.532
1.116
1.208
1.042
1.590
1.704
1.487
2.450
2.596
2.484
1.135
1.106
1.041
1.852
1.877
1.852
2.032
2.054
1.993
2.696
2.879
2.783
1.137
1.340
1.277
1.474
1.662
1.315
2.359
2.366
2.368
0.998
1.073
1.000
1.420
1.513
1.441
0.918
1.051
0.972
1.212
1.256
1.194
1.415
1.414
1.332
0.733
0.823
0.630
0.773
0.958
0.819
2.217
2.407
2.436
0.793
0.927
0.804
1.695
1.460
1.565
1.369
1.471
1.268
1.716
1.970
1.792
2.203
2.378
2.260
1.363
1.586
1.521
0.980
1.090
1.025
0.536
0.712
0.595
1.809
1.896
1.860
2.409
2.449
2.474
1.324
1.395
1.262
1.084
1.297
1.176
2.292
2.282
2.132
2.087
2.146
2.117
1.813
1.941
1.857
0.709
0.863
0.748
1.656
1.646
1.674
0.490
0.667
1.022
1.655
1.712
1.800
1.206
1.349
1.125
1.287
1.336
1.296
2.040
2.174
2.021
0.612
0.663
0.428
1.347
1.406
1.300
0.881
0.946
0.901
0.688
0.804
0.702
1.622
1.764
1.655
1.857
1.922
1.860
0.961
1.066
1.055
1.004
1.010
0.812
1.441
1.462
1.469
1.372
1.511
1.394
1.527
1.602
1.526
1.140
1.263
1.081
1.211
1.488
1.273
0.955
0.989
0.890
1.289
1.413
1.290
1.361
1.437
1.358
0.963
1.081
0.974
1.577
2.153
1.994
0.885
1.226
1.064
0.723
0.941
0.772
1.562
1.602
1.538
1.585
1.581
1.550
1.628
1.714
1.553
0.902
0.949
0.861
1.204
1.282
1.351
1.638
1.749
1.658
0.941
1.021
0.902
1.626
1.681
1.654
1.666
1.571
1.611
1.977
1.977
1.990
0.840
0.880
0.815
1.234
1.297
1.248
1.251
1.460
1.508
1.950
1.977
1.918
0.629
0.832
0.706
1.279
1.316
1.254
1.661
1.774
1.848
1.397
1.705
1.612
1.491
1.610
1.567
1.491
1.678
1.622
1.084
1.485
1.336
1.646
2.139
2.042
1.318
1.372
1.364
1.148
1.171
1.125
2.250
2.753
2.653
1.910
1.926
1.650
1.134
1.145
1.119
1.891
1.994
1.792
0.442
0.586
0.480
0.587
0.798
0.731
1.506
1.642
1.624
1.825
2.221
2.195
1.015
1.056
0.958
0.430
0.625
0.527
1.921
1.930
1.939
1.117
1.277
1.187
0.773
0.913
0.723
1.465
1.509
1.499
1.266
1.369
1.349
0.691
0.922
0.774
0.519
1.030
0.679
0.826
0.881
0.809
1.040
1.245
1.102
1.387
1.505
1.397
1.407
1.428
1.460
1.034
1.156
1.091
0.971
1.035
0.911
1.493
1.603
1.551
1.005
1.071
0.942
1.030
1.101
1.039
0.784
0.894
0.827
1.629
1.731
1.625
1.492
1.543
1.453
0.784
0.757
0.644
1.651
1.665
1.493
1.050
1.189
1.100
1.109
1.328
1.265
1.309
1.414
1.227
1.201
1.210
1.163
1.036
1.188
1.118
1.586
1.620
1.599
1.486
1.678
1.474
0.687
0.775
0.727
1.324
1.330
1.301
1.076
1.252
1.105
1.692
1.952
1.679
1.920
2.010
1.924
1.453
1.611
1.547
0.771
1.179
0.793
0.433
0.585
0.521
0.730
0.811
0.746
0.874
0.915
0.921
1.352
1.827
1.356
1.596
1.605
1.536
1.384
1.468
1.316
0.642
0.890
0.792
0.760
0.718
0.587
0.801
0.979
0.814
0.717
1.240
0.824
1.085
1.123
1.096
0.779
0.854
0.854
0.610
0.692
0.607
1.174
1.265
1.158
0.782
1.066
0.824
1.113
1.201
1.057
0.733
0.951
0.782
0.787
0.927
0.955
0.810
1.000
0.903
0.849
0.876
0.699
1.234
1.264
1.089
1.293
1.371
1.323
1.316
1.336
1.129
1.322
1.423
1.361
1.018
1.151
0.885
0.437
0.533
0.464
1.402
1.758
1.469
1.676
1.741
1.666
1.539
1.397
1.392
1.065
1.280
0.982
0.823
0.899
0.806
0.941
1.001
0.904
2.881
3.092
2.973
0.819
0.924
0.854
0.918
1.069
0.869
0.840
0.822
0.775
1.065
1.170
0.994
0.480
0.809
0.536
0.834
0.981
0.737
2.061
2.174
2.077
1.587
1.623
1.562
2.271
2.438
2.309
1.383
1.434
1.287
0.732
0.816
0.756
1.034
1.072
1.039
1.566
1.651
1.560
1.620
1.976
1.539
0.691
0.727
0.699
0.938
1.112
1.107
3.236
3.371
3.258
1.109
1.269
1.071
2.052
2.076
2.349
1.782
1.866
1.637
0.990
1.106
1.059
0.910
1.032
0.851
0.849
0.981
0.909
0.795
0.911
0.851
1.405
1.609
1.589
0.868
0.942
0.915
0.939
1.027
0.981
0.650
0.886
0.758
1.150
1.358
1.115
2.248
2.373
2.273
0.626
0.696
0.665
0.683
0.793
0.710
1.699
1.898
1.795
1.051
1.024
0.968
1.464
1.627
1.466
1.091
1.481
1.263
1.091
1.222
1.038
0.966
1.027
0.908
0.532
0.745
0.646
1.003
1.103
0.889
0.844
0.927
0.891
1.150
1.156
1.133
1.943
1.997
1.863
1.073
1.269
1.214
1.380
1.604
1.447
0.774
1.323
1.052
1.296
1.357
1.308
2.045
2.085
2.020
0.644
0.721
0.610
1.129
1.249
1.246
1.731
1.857
1.866
1.264
1.345
1.257
1.056
1.152
1.120
1.365
1.409
1.294
2.143
2.161
2.112
2.426
2.466
2.382
1.161
1.225
1.182
1.070
1.205
1.119
1.092
1.180
1.174
1.351
1.559
1.436
0.944
1.003
0.935
1.689
1.779
1.743
0.801
0.894
0.841
1.456
1.499
1.402
1.203
1.231
1.243
1.646
1.716
1.681
0.763
0.979
0.863
0.642
0.890
0.792
1.782
1.934
1.853
1.494
1.503
1.359
1.608
1.626
1.538
1.784
1.840
1.794
0.960
1.097
0.914
0.708
0.938
0.797
0.644
0.760
0.671
0.998
1.097
0.937
1.004
1.164
1.083
1.132
1.246
1.234
0.814
0.945
0.657
0.768
0.895
0.858
1.143
1.262
1.157
0.711
0.781
0.690
1.743
1.789
1.762
0.892
1.086
0.969
0.742
0.832
0.748
1.720
1.565
1.592
0.632
0.765
0.717
1.436
1.551
1.482
2.270
2.389
2.260
0.770
0.882
0.869
1.503
1.588
1.422
1.526
1.453
1.454
1.773
1.825
1.782
1.210
1.268
1.202
1.010
1.156
1.094
0.789
0.942
0.828
1.349
1.330
1.141
0.541
0.540
0.412
3.340
3.435
3.381
1.875
1.822
1.812
0.904
0.982
0.896
0.464
0.533
0.485
0.849
0.953
0.777
0.783
1.001
0.747
0.783
0.985
0.747
1.252
1.295
1.226
0.917
0.949
0.877
0.966
1.157
1.025
0.863
0.937
0.805
2.070
2.170
2.061
1.918
1.946
1.786
1.392
1.502
1.296
0.859
0.937
0.865
1.959
2.053
1.953
1.576
1.650
1.633
2.209
2.265
1.914
1.863
1.831
1.912
1.373
1.284
1.238
0.560
0.728
0.634
2.765
2.756
2.716
0.738
1.197
0.869
1.506
1.476
1.428
0.808
0.827
0.795
0.976
1.070
1.028
0.887
1.185
0.983
1.745
1.820
1.819
2.648
2.641
2.728
1.268
1.310
1.061
1.902
1.969
1.897
1.450
1.607
1.493
1.175
1.298
1.289
1.207
1.338
1.296
1.144
1.212
1.133
0.774
0.793
0.703
2.055
2.320
2.104
0.896
1.054
1.000
0.973
1.100
0.990
1.253
1.367
1.324
0.877
0.919
0.905
1.242
1.212
1.043
0.946
1.152
1.011
1.085
1.172
1.107
1.000
1.146
0.990
1.230
1.291
1.248
1.585
1.646
1.478
1.339
1.331
1.212
1.002
1.055
0.859
1.546
1.615
1.501
1.313
1.351
1.250
1.170
1.275
1.184
1.913
1.941
1.926
0.629
0.790
0.773
0.882
0.898
0.883
1.417
1.325
1.401
1.372
1.491
1.375
0.806
0.883
0.852
0.949
1.049
0.843
1.583
1.656
1.564
1.270
1.320
1.268
1.272
1.252
1.164
0.865
0.961
0.889
2.382
2.469
2.385
0.487
0.562
0.446
1.029
1.198
0.960
0.785
0.838
0.757
0.830
0.839
1.057
0.987
0.998
0.883
1.141
1.311
1.227
1.874
1.899
1.955
0.433
0.555
0.528
1.352
1.382
1.306
0.300
0.351
0.319
0.877
1.003
0.822
0.715
0.920
0.747
3.402
3.336
3.313
1.480
1.500
1.502
1.065
1.206
1.132
2.058
2.184
2.111
0.963
1.104
1.060
1.569
2.243
1.404
0.974
0.951
0.835
0.860
0.949
0.832
0.758
0.808
0.743
1.513
1.702
1.480
1.247
1.339
1.249
0.872
0.960
0.859
1.714
1.841
1.692
1.007
1.035
0.991
1.161
1.224
1.116
1.140
1.331
1.170
1.054
1.314
1.142
1.294
1.366
1.177
0.525
0.792
0.616
1.319
1.365
1.179
0.554
0.743
0.603
1.042
1.127
1.074
1.314
1.322
1.253
0.999
1.052
0.930
1.972
2.129
2.011
1.435
1.561
1.452
1.540
1.540
1.415
1.718
1.751
1.736
1.248
1.328
1.284
0.989
1.115
1.029
1.915
1.985
1.940
1.174
1.254
1.211
1.300
1.366
1.288
0.574
0.615
0.484
1.931
1.929
1.917
2.186
2.228
2.122
1.125
1.394
1.291
1.956
2.044
1.997
1.302
1.460
1.338
0.754
0.764
0.674
0.761
0.797
0.774
0.833
0.969
0.852
2.428
2.458
2.388
1.277
1.328
1.281
1.919
2.058
1.728
0.704
0.927
0.826
1.514
1.523
1.210
1.721
1.794
1.744
0.865
1.177
1.248
1.110
1.186
1.090
1.565
1.944
1.864
1.930
1.978
1.878
1.905
2.109
1.803
1.314
1.409
1.366
1.658
2.240
1.961
0.502
0.526
0.548
2.173
2.196
2.104
1.061
1.059
1.018
0.727
0.849
0.735
0.844
1.149
1.367
2.309
2.371
2.309
1.005
1.057
1.021
1.409
1.506
1.487
0.963
1.000
0.922
1.867
2.096
1.996
1.269
1.315
1.304
1.644
1.704
1.616
1.782
1.876
1.629
1.261
1.474
1.399
0.733
0.914
0.830
0.858
1.281
0.913
0.735
0.857
0.720
3.568
3.577
3.567
1.084
1.140
0.987
1.730
1.799
1.701
1.851
1.899
1.806
1.975
2.026
1.965
1.561
1.945
1.880
2.109
2.247
2.088
0.741
0.950
0.849
1.203
1.292
1.141
0.478
0.663
0.560
1.411
1.787
1.509
1.198
1.296
1.236
1.043
1.153
1.076
0.843
1.021
0.852
1.074
1.148
1.016
1.022
1.100
1.040
0.912
1.014
0.948
0.492
0.605
0.568
1.151
1.248
1.095
1.226
1.282
1.153
1.356
1.442
1.314
1.028
1.069
1.017
1.384
1.447
1.368
1.024
1.181
1.102
0.858
0.899
0.761
1.286
1.369
1.301
0.878
0.920
0.784
1.101
1.204
1.118
1.530
1.603
1.518
1.591
1.651
1.583
1.534
1.648
1.505
1.514
1.571
1.582
1.356
1.435
1.437
0.764
0.841
0.758
0.653
0.871
0.535
1.542
1.542
1.415
0.901
0.948
0.896
1.843
2.101
1.943
1.125
1.364
1.329
1.424
1.561
1.322
1.499
1.619
1.455
0.747
0.827
0.576
1.557
1.575
1.556
1.222
1.277
1.178
1.679
1.680
1.349
1.225
1.694
1.379
1.418
1.497
1.576
2.637
2.895
2.743
2.637
2.895
2.743
1.076
1.207
1.051
1.153
1.219
1.200
1.002
1.127
1.036
2.034
2.113
2.063
1.786
1.913
1.845
0.901
0.992
0.895
2.725
2.792
2.756
1.668
1.801
1.756
1.427
1.496
1.194
2.286
2.308
2.311
2.546
2.743
2.688
0.909
1.006
0.777
1.216
1.314
1.244
1.815
1.879
1.805
1.007
1.124
1.060
1.398
1.453
1.412
1.179
1.328
1.285
1.757
1.798
1.698
1.025
1.083
0.984
0.722
0.788
0.677
0.535
0.784
0.642
0.709
1.290
0.811
1.477
1.680
1.613
2.064
2.300
2.209
1.995
2.094
2.055
0.889
0.992
0.844
1.112
1.223
1.084
0.993
1.062
0.797
1.101
1.202
1.147
0.677
1.047
0.749
0.798
0.910
0.855
0.745
0.769
0.752
1.018
1.152
0.874
0.898
1.023
1.096
0.771
0.930
0.815
0.843
0.776
0.514
1.616
1.746
1.662
0.753
0.877
0.797
0.889
1.047
0.942
1.237
1.296
1.174
1.350
1.475
1.369
1.001
1.527
0.853
0.721
0.938
0.837
1.962
1.911
1.858
1.392
1.531
1.485
2.447
2.528
2.430
1.423
1.361
1.089
0.637
0.676
0.651
1.801
1.823
1.653
1.024
1.156
1.067
2.251
2.212
2.255
0.650
0.731
0.569
1.273
1.369
1.324
0.497
0.649
0.503
2.085
2.025
1.897
1.284
1.408
1.331
0.856
1.080
0.853
0.856
1.105
0.853
0.963
1.240
0.955
0.580
0.754
0.656
1.012
1.017
0.940
1.148
1.278
1.097
1.148
1.289
1.119
1.144
1.200
1.143
0.952
1.249
1.090
2.784
2.914
2.889
0.736
0.902
0.770
1.089
1.150
0.988
0.887
0.982
0.939
1.887
1.962
1.943
1.340
1.468
1.333
0.540
0.695
0.540
1.003
1.033
0.988
0.720
0.820
0.793
1.595
1.717
1.458
1.257
1.298
1.197
1.526
1.609
1.613
1.038
1.146
1.057
1.815
1.931
1.891
0.760
0.799
0.601
1.123
1.148
1.104
1.418
1.419
1.412
1.404
1.481
1.462
0.676
0.692
0.580
1.449
1.458
1.424
1.537
1.588
1.522
1.016
1.242
1.176
0.725
1.047
0.804
1.473
1.521
1.501
0.821
0.865
0.794
1.410
1.460
1.422
1.287
1.422
1.272
0.696
0.852
0.770
2.509
2.538
2.488
1.322
1.309
1.194
0.718
0.765
0.668
1.868
1.956
1.938
1.962
2.000
1.830
1.731
1.890
1.822
1.282
1.279
1.150
2.065
2.298
2.196
0.993
1.058
0.961
1.066
1.156
1.029
3.434
3.441
3.500
1.006
1.137
1.086
0.606
0.733
0.576
1.061
1.101
1.038
1.383
1.459
1.387
1.417
1.518
1.417
1.065
1.102
0.973
1.789
2.024
2.030
0.542
0.603
0.489
0.812
1.002
0.848
1.466
1.642
1.650
1.001
1.118
1.059
0.705
0.986
0.665
0.864
1.023
0.924
1.540
1.615
1.611
1.395
1.469
1.510
1.016
1.066
0.986
1.013
1.119
1.054
1.681
1.685
1.572
0.646
0.770
0.705
1.379
1.525
1.442
1.201
1.249
1.048
0.858
1.000
0.887
0.702
0.773
0.751
0.903
1.101
0.931
1.470
1.485
1.369
1.895
1.873
1.718
1.545
1.600
1.553
0.991
1.210
1.109
1.341
1.357
1.249
1.171
1.394
1.293
0.885
0.931
0.878
1.727
1.793
1.718
0.811
0.881
0.834
2.038
2.166
2.001
2.261
2.346
2.294
0.915
1.034
0.861
0.691
0.788
0.579
1.855
1.930
1.910
0.658
0.906
0.623
1.512
1.661
1.631
1.408
1.450
1.438
0.628
0.765
0.689
1.064
1.252
1.088
0.662
0.901
0.840
0.743
0.766
0.612
1.747
1.763
1.724
2.112
2.168
1.979
1.822
1.799
1.838
0.606
0.746
0.604
0.681
0.800
0.670
1.118
1.503
1.263
2.214
2.299
2.231
0.955
1.134
1.029
2.270
2.377
1.645
1.398
1.557
1.471
0.648
0.819
0.733
0.930
1.185
0.989
1.509
1.701
1.532
1.468
1.567
1.415
0.969
1.051
0.630
2.016
2.069
2.019
1.896
2.042
2.000
1.192
1.355
1.331
1.529
1.655
1.615
0.999
1.060
0.994
0.547
0.751
0.691
0.963
1.305
1.023
1.664
1.776
1.677
1.373
1.493
1.324
1.495
1.949
1.635
1.017
1.167
1.141
1.109
1.184
1.089
0.844
0.917
0.869
1.282
1.547
1.127
1.001
1.195
1.120
0.700
0.782
0.753
1.029
1.092
0.999
0.929
1.565
1.465
0.791
0.920
0.874
0.663
0.714
0.410
1.187
1.252
1.142
1.332
1.372
1.461
1.778
1.721
1.754
1.510
1.538
1.507
0.919
0.896
0.759
1.514
1.469
1.507
0.767
0.872
0.834
1.957
1.981
1.921
1.355
1.583
1.510
0.493
0.662
0.567
0.994
1.129
1.035
0.974
1.046
1.022
2.164
2.173
2.040
0.609
0.940
0.649
1.049
1.303
1.177
3.077
3.136
3.124
0.974
1.347
1.042
1.718
1.775
1.653
0.940
0.813
0.867
0.753
0.869
0.748
1.024
1.196
1.007
0.976
1.341
1.004
1.416
1.642
1.408
1.990
2.008
2.019
1.596
1.794
1.332
3.077
3.106
3.050
0.969
1.143
1.139
1.836
1.833
1.754
1.214
1.399
1.306
1.102
1.120
1.084
1.452
1.569
1.450
1.057
1.259
0.899
1.114
1.217
1.223
1.393
1.392
1.259
1.092
1.144
1.135
1.023
1.194
1.185
1.282
1.392
1.323
1.330
1.515
1.453
1.208
1.237
1.184
1.608
1.736
1.657
1.104
1.216
1.103
1.559
1.567
1.664
1.606
1.610
1.475
0.633
0.769
0.672
2.279
2.302
1.968
0.609
0.723
0.667
1.530
1.598
1.520
0.934
1.140
0.988
1.091
1.201
1.509
0.631
0.884
0.708
0.690
0.837
0.834
1.015
1.397
1.158
0.444
0.528
0.455
1.079
1.139
1.108
0.391
0.544
0.477
1.019
1.488
1.301
0.656
0.862
0.644
1.008
1.067
0.984
1.020
1.074
1.016
1.311
1.508
1.140
0.829
1.000
0.849
1.720
1.759
1.707
0.765
1.017
0.894
1.052
1.235
1.213
1.165
1.481
1.324
2.186
2.206
2.091
0.785
0.958
0.872
1.107
1.245
1.112
1.888
2.044
1.810
0.879
1.256
0.995
1.204
1.234
1.228
0.640
0.896
0.720
1.271
1.259
1.041
0.883
0.911
0.892
1.566
1.571
1.441
1.045
1.100
1.036
1.265
1.292
1.240
1.139
1.204
1.163
0.975
0.925
0.802
0.787
0.903
0.760
1.029
1.143
1.080
0.985
0.988
0.978
1.004
1.097
0.976
0.725
0.757
0.742
0.753
0.856
0.718
0.962
1.011
0.905
0.451
0.541
0.496
1.358
1.352
1.274
0.882
1.014
0.692
0.900
1.023
0.920
1.640
1.667
1.499
1.200
1.284
1.223
0.773
0.935
0.795
0.883
0.871
0.796
0.890
1.054
0.961
1.615
1.735
1.668
1.279
1.412
1.296
1.688
1.885
1.642
0.613
0.886
0.830
1.398
1.503
1.341
0.621
0.829
0.629
1.190
1.309
1.531
0.803
0.854
0.682
0.498
0.626
0.535
1.258
1.422
1.216
1.256
1.384
1.271
1.564
1.759
1.970
1.683
1.876
2.099
1.564
1.759
1.970
1.683
1.876
2.099
1.683
1.876
2.099
1.564
1.759
1.970
1.468
1.654
1.838
0.905
0.865
0.842
0.852
0.947
0.851
0.606
0.816
0.636
1.112
1.122
1.097
1.589
1.631
1.554
3.337
3.331
3.022
1.110
1.254
1.042
1.283
1.402
1.324
1.632
1.673
1.772
1.919
1.867
1.880
1.158
1.206
1.057
0.897
0.977
0.886
2.012
2.125
2.050
1.330
1.478
1.320
0.710
0.807
0.736
2.628
2.569
2.477
1.845
1.835
1.800
0.547
0.770
0.504
0.763
0.981
0.867
1.078
1.231
1.137
0.998
1.014
0.834
0.883
0.888
0.671
0.639
0.723
0.652
1.115
1.333
1.203
1.408
1.673
1.527
1.082
1.214
1.129
0.771
1.024
0.794
1.619
1.637
1.605
1.781
1.865
1.701
1.465
1.464
1.169
1.849
1.951
1.795
1.045
1.104
1.029
0.721
0.783
0.757
0.890
0.940
0.883
1.001
1.002
1.002
1.401
1.466
1.307
1.516
1.645
1.557
0.862
1.779
1.096
2.054
2.195
2.393
0.545
0.651
0.575
0.917
0.978
0.931
0.535
0.670
0.590
0.779
0.908
0.598
0.836
0.919
0.821
0.703
0.768
0.644
0.670
0.805
0.632
1.391
1.481
1.411
1.054
1.172
1.064
1.455
1.446
1.427
1.113
1.218
1.106
1.145
1.196
1.061
2.443
2.442
2.362
1.350
1.404
1.293
1.550
1.677
1.528
1.340
1.394
1.292
0.734
0.877
0.713
1.289
1.324
1.299
2.159
2.198
2.026
0.766
0.838
0.819
0.986
1.007
0.955
0.819
0.900
0.832
0.763
0.826
0.739
1.073
1.054
1.005
1.446
1.653
1.673
1.345
1.432
1.309
0.902
1.025
0.897
0.779
0.797
0.781
2.320
2.412
2.389
3.129
3.213
3.153
0.563
0.701
0.522
1.776
1.838
1.684
1.776
1.923
1.831
0.759
0.775
0.660
1.052
1.129
1.050
1.109
1.161
1.193
2.044
2.068
1.922
1.055
1.183
1.091
0.865
1.211
0.941
1.269
1.362
1.281
1.102
1.235
1.052
0.831
1.000
0.897
0.767
0.830
0.742
1.692
1.763
1.734
0.812
0.861
0.839
1.083
1.103
1.342
0.671
0.979
0.728
1.158
1.233
1.241
1.516
1.666
1.547
1.078
1.150
1.138
1.506
1.589
1.557
3.560
3.627
3.444
1.359
1.382
1.382
0.574
0.708
0.650
1.270
1.327
1.264
1.642
1.714
1.686
2.672
2.519
2.520
1.275
1.343
1.296
0.827
0.901
0.857
1.383
1.398
1.400
1.198
1.374
1.185
1.212
1.603
1.299
2.446
2.553
2.423
2.156
2.159
2.092
2.101
2.145
2.128
0.746
0.723
0.711
1.342
1.429
1.320
0.850
1.006
1.023
1.597
1.664
1.477
1.155
1.190
1.091
0.603
0.669
0.494
1.147
1.174
1.081
0.752
0.826
0.757
1.083
1.212
1.108
0.959
1.015
1.094
1.067
1.125
1.092
4.189
4.184
4.092
1.110
1.304
1.123
1.694
1.887
1.709
1.201
1.227
1.197
2.162
2.052
2.006
1.567
1.634
1.580
1.062
1.085
0.944
1.707
1.816
1.736
1.874
1.976
1.871
1.463
1.613
1.417
1.672
1.777
1.761
1.437
1.575
1.464
1.329
1.340
1.289
1.329
1.350
1.308
0.889
1.064
0.944
1.535
1.628
1.527
1.433
1.614
1.532
0.716
0.836
0.752
1.790
1.879
1.714
1.617
1.673
1.602
0.624
0.742
0.647
0.851
1.035
0.998
0.822
1.013
0.911
0.700
0.924
0.758
1.434
1.572
1.446
1.195
1.274
1.206
1.259
1.309
0.681
1.127
1.319
1.229
1.415
1.497
1.315
0.605
0.724
0.688
0.311
0.571
0.410
0.829
0.821
0.823
0.672
0.805
0.646
0.989
1.074
1.018
1.659
1.725
1.642
1.854
1.926
1.858
0.711
0.903
0.669
1.560
1.962
1.698
0.996
1.263
1.001
1.205
1.291
1.187
1.304
1.482
1.385
1.360
1.353
1.066
1.259
1.374
1.228
0.590
1.168
0.742
0.913
0.938
0.851
1.759
1.876
1.815
0.887
0.934
0.904
0.764
0.873
0.673
1.760
1.838
1.814
1.703
1.942
1.861
1.632
1.834
1.984
1.488
1.780
1.594
3.094
3.115
3.057
0.881
1.096
0.982
1.250
1.659
1.325
0.808
0.907
0.793
1.443
1.658
1.667
0.894
0.936
0.874
1.282
1.268
1.139
0.621
0.724
0.643
1.067
1.343
1.125
0.855
0.894
0.827
0.602
0.707
0.581
0.739
0.776
0.772
0.487
0.625
0.629
0.434
0.529
0.471
0.835
1.127
0.767
1.796
1.829
1.725
1.514
1.585
1.543
1.017
1.291
0.980
1.123
1.200
1.139
1.518
1.538
1.511
0.780
0.866
0.627
0.986
1.163
0.956
1.999
2.213
2.083
1.248
1.279
1.134
1.385
1.612
1.471
1.927
2.091
1.963
0.784
0.959
0.855
1.147
1.278
1.218
1.029
1.197
1.060
0.727
0.832
0.680
1.076
1.209
1.122
1.362
1.445
1.370
1.323
1.387
1.242
1.082
1.314
1.097
0.659
0.755
0.631
1.816
2.272
1.823
1.665
1.686
1.618
0.634
0.645
0.461
1.998
2.010
2.039
1.832
1.853
1.816
1.441
1.499
1.447
1.508
1.602
1.423
1.520
1.473
1.385
0.849
0.867
0.832
2.288
2.422
2.226
1.173
1.147
0.988
1.236
1.305
1.127
0.488
0.644
0.516
1.182
1.306
1.230
0.797
1.280
0.796
0.609
0.768
0.693
0.731
1.039
0.745
0.731
1.057
0.844
1.764
1.753
1.782
0.717
0.914
0.795
0.835
0.922
0.862
0.703
1.004
0.679
0.848
1.034
0.921
1.774
1.817
1.752
1.199
1.309
1.230
1.527
1.847
1.649
1.539
1.646
1.562
2.111
2.195
2.075
1.118
1.217
1.125
1.686
1.743
1.694
1.356
1.403
1.363
1.480
1.532
1.404
1.300
1.331
1.198
0.564
0.655
0.581
0.771
1.009
0.808
0.742
0.983
0.902
0.955
1.030
0.921
0.868
0.969
0.805
1.171
1.393
1.271
0.979
1.484
1.111
0.838
1.149
1.339
1.438
1.559
1.420
1.347
1.423
1.432
1.168
1.211
1.117
1.991
2.070
2.034
1.852
1.981
1.980
1.413
1.452
1.452
1.304
1.334
1.264
0.969
1.043
0.963
1.227
1.575
1.160
0.633
0.811
0.695
1.504
1.620
1.580
1.605
2.004
1.688
1.198
1.276
1.218
0.557
0.832
0.704
1.736
1.795
1.746
1.173
1.215
1.173
1.003
1.089
0.982
0.570
0.638
0.430
1.174
1.157
1.326
1.610
1.687
1.665
0.705
1.089
0.574
0.922
1.689
0.598
0.675
0.746
0.631
0.898
1.257
0.767
1.241
1.406
1.151
2.420
2.472
2.403
0.725
0.826
0.722
2.493
2.574
2.510
1.537
1.539
1.468
1.142
1.242
1.146
1.908
2.072
1.959
0.845
0.967
0.920
0.660
0.725
0.660
0.794
0.911
0.860
1.119
1.155
0.878
1.303
1.633
1.393
1.324
1.628
1.428
1.582
1.642
1.614
0.673
1.009
1.147
1.554
1.650
1.549
0.835
0.912
0.860
2.650
2.692
2.657
1.304
1.350
1.267
1.811
1.904
1.803
1.109
1.153
1.119
0.482
0.686
0.626
0.482
0.686
0.626
0.482
0.686
0.626
0.842
0.965
0.810
0.684
0.778
0.664
0.899
1.037
0.878
1.458
1.482
1.419
0.717
0.841
0.759
0.682
0.845
0.752
0.850
0.966
0.829
0.937
1.089
0.964
0.937
1.251
1.155
1.418
1.375
1.195
0.825
1.328
0.888
1.280
1.824
1.374
1.029
1.084
1.217
0.875
0.994
0.924
0.874
0.989
0.902
0.667
0.785
0.651
1.477
1.519
1.471
1.082
1.337
1.254
1.164
1.353
1.234
3.192
3.307
3.001
0.901
1.015
0.961
1.060
1.208
1.079
1.366
1.354
1.133
0.903
1.009
0.686
1.545
1.738
1.600
0.634
0.800
0.710
0.949
1.013
0.971
0.947
1.138
0.944
1.246
1.287
1.286
1.405
1.873
1.432
1.670
1.713
1.645
0.887
0.956
0.895
1.326
2.082
1.216
1.163
1.152
1.135
0.630
0.665
0.485
1.509
1.702
1.488
1.317
1.347
1.253
0.858
0.921
0.865
0.655
0.873
0.668
3.461
3.401
3.492
1.431
1.493
1.320
1.246
1.243
1.246
0.374
0.520
0.378
1.356
1.437
1.263
1.314
1.528
1.340
1.261
1.369
1.192
1.680
2.068
1.792
0.707
0.890
0.702
0.664
0.688
0.620
1.158
1.220
1.156
0.779
0.874
0.676
1.555
1.701
1.637
0.861
0.934
0.848
1.146
1.158
1.013
1.019
1.155
1.134
1.234
1.434
1.321
0.881
1.180
0.873
0.649
0.708
0.648
1.417
1.659
1.399
0.978
1.025
0.967
1.255
1.307
1.470
1.090
1.143
1.096
0.492
0.731
0.486
2.053
2.075
2.026
0.836
0.982
0.911
0.769
0.895
0.788
1.509
1.635
1.531
2.195
2.312
2.155
1.539
1.516
1.381
1.325
1.363
1.385
0.720
0.743
0.724
1.679
1.769
1.785
0.735
0.821
0.748
2.132
2.184
2.205
1.559
1.793
1.638
3.280
3.213
3.177
2.682
2.779
2.818
0.588
0.792
0.530
1.131
1.110
1.004
1.217
1.083
0.821
1.313
1.371
1.276
0.895
1.045
0.918
1.594
1.704
1.579
1.273
1.385
1.283
0.801
0.857
0.678
1.406
1.425
1.178
1.886
1.898
1.842
0.992
1.176
1.030
2.374
2.437
2.412
1.371
1.461
1.406
1.318
1.413
1.285
0.667
0.762
0.700
0.666
0.739
0.589
1.018
1.005
1.051
0.760
0.959
0.839
0.983
1.161
1.043
1.672
1.860
1.759
0.679
0.787
0.594
1.093
1.133
1.060
0.867
1.032
0.983
0.717
0.813
0.745
0.746
1.111
0.610
0.791
0.900
0.719
0.506
0.638
0.545
0.921
1.016
0.958
1.483
1.543
1.490
1.731
1.696
1.697
2.338
2.395
2.067
2.329
2.611
2.480
1.768
2.003
1.727
1.768
1.904
1.742
1.106
1.347
1.196
1.149
1.293
1.112
0.559
0.622
0.506
1.635
1.614
1.516
1.234
1.387
1.271
0.712
0.890
0.803
0.678
0.723
0.658
1.043
1.099
1.004
1.185
1.301
1.219
0.754
0.823
0.643
1.127
1.105
1.067
0.927
1.041
0.966
0.958
1.292
1.169
0.948
1.027
0.974
0.964
1.074
0.985
1.232
1.431
1.457
0.740
0.837
0.726
1.266
1.247
1.063
1.180
1.293
1.143
0.935
1.009
0.961
0.715
0.768
0.676
1.783
1.966
1.802
1.290
1.362
1.299
0.741
0.799
0.718
0.890
1.066
1.104
1.600
1.906
1.680
1.126
1.218
1.145
1.171
1.220
1.141
0.669
1.008
0.796
1.739
1.865
1.808
0.709
0.748
0.670
0.709
0.754
0.761
1.330
1.478
1.422
0.732
0.951
0.777
2.403
2.718
2.482
0.823
0.997
0.757
0.807
0.935
0.836
1.123
1.146
1.081
0.980
0.966
0.969
1.386
1.439
1.405
1.226
1.347
1.144
1.253
1.507
1.212
0.838
0.954
0.909
1.633
1.707
1.500
1.036
1.160
0.985
1.480
1.648
1.392
1.192
1.169
0.992
1.492
1.547
1.510
1.552
1.554
1.520
2.311
2.389
2.092
0.833
0.946
0.869
1.652
1.780
1.759
0.934
1.068
0.993
0.714
0.821
0.640
0.757
0.900
0.750
1.136
1.132
1.068
1.413
1.523
1.477
0.716
0.878
0.710
0.900
1.026
0.804
1.296
1.412
1.438
1.367
1.525
1.283
1.706
1.896
1.792
0.823
1.292
1.008
0.659
0.822
0.729
0.586
0.653
0.332
0.776
0.882
0.791
1.696
1.779
1.598
1.252
1.282
1.141
0.742
0.921
0.814
1.071
1.180
1.085
0.604
0.740
0.661
1.332
1.379
1.330
1.183
1.268
0.905
0.659
0.822
0.729
1.471
1.510
1.446
1.186
1.309
1.176
0.646
0.806
0.713
0.733
0.873
0.749
0.824
0.909
0.854
0.646
0.806
0.713
1.166
1.245
1.156
0.415
0.572
0.491
0.889
0.946
1.216
2.116
2.182
2.193
1.127
1.268
1.200
1.254
1.269
1.176
0.646
0.806
0.713
1.613
1.645
1.394
0.962
1.000
0.874
0.646
0.806
0.713
0.665
0.747
0.663
0.840
0.991
0.866
1.104
1.150
1.135
0.804
0.841
0.850
0.629
0.920
0.742
1.576
1.617
1.349
0.726
0.882
0.626
0.726
0.890
0.686
0.726
0.894
0.686
1.304
1.487
1.422
0.822
1.053
0.886
0.499
0.707
0.568
0.749
0.883
0.802
0.659
0.822
0.729
0.750
0.881
0.815
1.404
1.450
1.354
0.786
0.899
0.750
0.671
0.796
0.713
0.526
1.105
0.701
1.269
1.390
1.210
1.638
1.513
1.522
0.875
0.918
0.891
1.091
1.184
1.127
1.207
1.324
1.205
0.730
0.876
0.784
2.189
2.628
2.425
0.794
0.909
0.822
0.948
1.097
1.036
0.646
0.806
0.713
0.834
1.050
0.828
0.666
0.824
0.562
0.966
0.960
0.896
0.954
1.018
0.778
1.595
1.637
1.594
1.617
1.627
1.578
1.269
1.294
1.267
0.725
0.878
0.754
1.534
1.651
1.568
0.804
0.902
0.757
1.074
1.274
1.164
1.239
1.357
1.169
0.784
1.257
0.845
1.402
1.504
1.403
0.986
1.110
0.937
0.932
1.050
0.873
0.735
0.838
0.802
0.759
0.852
0.748
0.752
0.739
0.702
1.727
1.797
1.658
0.748
0.827
0.763
1.682
1.744
1.668
2.097
2.375
2.215
3.433
3.440
3.321
0.728
0.831
0.743
0.735
0.867
0.810
1.010
1.102
0.893
1.639
1.814
1.674
2.954
3.055
3.014
0.717
0.831
0.567
0.394
0.557
0.479
0.669
0.919
0.727
0.760
0.794
0.717
0.911
0.977
0.920
0.833
1.031
0.894
1.224
1.520
1.272
1.835
1.998
1.929
1.457
1.558
1.435
0.705
0.863
0.767
0.671
0.892
0.684
1.904
2.001
1.931
0.863
0.994
0.904
1.318
1.383
1.289
1.118
1.223
1.168
1.827
1.879
1.762
1.514
1.381
1.732
1.969
2.032
1.986
0.860
0.819
0.610
0.612
0.907
0.723
0.980
1.201
1.058
1.356
1.377
1.350
1.125
1.226
1.146
2.165
2.125
2.008
1.677
1.765
1.722
1.783
1.789
1.789
1.250
1.369
1.270
0.980
1.025
0.973
0.914
1.122
1.002
0.619
0.713
0.687
1.205
1.305
1.254
1.029
1.137
1.166
0.944
1.117
1.009
0.876
1.195
1.006
1.466
1.513
1.515
1.376
1.548
1.508
1.456
1.478
1.407
1.354
1.360
1.340
1.786
1.879
1.827
1.127
1.361
1.318
1.520
1.586
1.566
0.645
0.802
0.649
1.233
1.304
1.228
0.615
0.912
0.826
0.890
0.905
0.935
1.150
1.251
1.231
0.459
0.578
0.552
0.823
0.956
0.913
0.797
0.896
0.792
2.016
2.004
2.027
1.357
1.559
1.465
0.801
0.905
0.793
1.663
1.719
1.639
0.995
1.110
1.068
1.969
2.107
2.035
1.858
1.972
1.889
1.622
1.807
1.644
1.938
2.048
1.949
0.769
1.456
0.977
2.467
2.605
2.552
2.334
2.423
2.332
1.440
1.547
1.412
1.111
1.235
1.159
1.297
1.388
1.347
0.742
0.851
0.798
1.139
1.169
1.142
1.618
1.718
1.721
2.255
2.362
2.279
1.821
1.871
1.844
0.947
1.084
0.988
1.693
1.794
1.783
0.635
0.823
0.718
1.236
1.256
1.228
1.393
1.408
1.387
0.957
1.174
1.075
1.018
1.181
1.070
0.844
1.025
0.952
1.418
1.361
1.180
2.108
2.118
2.115
2.013
2.003
2.040
2.229
2.266
2.280
0.704
0.847
0.770
0.758
0.860
0.790
1.251
1.267
1.216
0.739
0.827
0.750
1.736
1.832
1.828
0.933
1.273
1.302
0.485
0.680
0.612
0.700
0.751
0.621
2.023
2.107
1.978
0.788
0.965
0.819
1.470
1.496
1.427
0.810
0.977
0.765
1.288
1.349
1.327
0.686
0.885
0.785
1.053
1.142
1.044
1.427
1.439
1.199
2.511
2.605
2.573
1.452
1.440
1.225
1.075
1.125
1.033
0.751
0.869
0.811
2.433
2.411
2.203
1.545
1.549
1.864
2.396
2.512
2.377
0.827
0.954
0.808
1.752
1.776
1.573
1.765
1.867
1.722
1.309
1.408
1.344
0.871
0.990
0.928
1.476
1.719
1.763
1.149
1.296
1.275
1.266
1.299
1.073
1.319
1.353
1.500
0.901
0.919
0.945
0.707
0.763
0.743
0.788
0.913
0.838
0.788
0.913
0.838
0.788
0.913
0.838
1.708
1.770
1.672
0.555
0.723
0.522
1.198
1.361
1.301
0.607
0.652
0.627
1.206
1.404
1.244
0.925
1.196
1.182
0.706
0.795
0.704
1.681
1.771
1.498
1.159
1.350
1.187
0.726
0.834
0.748
0.867
1.166
1.022
1.582
2.095
1.813
0.987
1.078
1.032
1.562
1.502
1.614
1.543
1.647
1.290
1.898
2.150
1.875
1.074
1.174
1.125
1.641
1.645
1.540
1.715
1.821
1.846
2.643
3.696
2.641
1.489
1.586
1.532
0.832
0.925
0.809
1.097
1.138
0.956
1.017
1.263
1.202
0.911
1.008
0.993
1.238
1.236
1.114
1.137
1.226
1.018
1.859
2.088
2.131
2.450
2.593
2.490
1.275
1.384
1.151
0.609
0.792
0.698
0.956
1.068
0.978
0.530
0.818
0.646
1.463
1.774
1.607
1.313
1.247
1.230
1.793
1.792
1.731
1.654
1.889
1.758
0.552
0.696
0.627
1.949
1.963
1.799
0.845
0.871
0.768
0.744
0.894
0.654
1.299
1.398
1.303
1.553
1.556
1.338
0.653
0.731
0.623
0.572
0.652
0.540
0.615
0.650
0.553
0.529
0.678
0.580
0.665
0.794
0.705
0.766
0.872
0.819
2.105
2.488
2.194
0.921
0.870
0.857
0.722
0.860
0.760
1.045
1.090
0.971
0.746
0.794
0.616
1.566
1.668
1.610
0.890
0.976
0.919
0.826
0.834
0.829
0.810
0.956
0.834
1.115
1.207
1.095
1.169
1.377
1.153
1.031
1.168
1.139
0.458
0.581
0.497
0.891
0.883
0.846
2.217
2.190
2.227
1.156
1.265
1.177
0.830
0.971
0.857
0.459
0.744
0.585
0.459
0.744
0.585
0.459
0.744
0.585
0.977
1.046
0.986
1.222
1.297
1.105
0.811
0.857
0.635
0.896
1.023
1.008
0.628
0.688
0.609
1.474
1.611
1.500
1.509
1.587
1.533
0.862
0.998
0.802
0.852
0.975
0.929
1.462
1.647
1.546
1.632
1.989
1.844
0.916
0.982
0.911
0.639
0.772
0.517
0.716
0.734
0.670
1.501
1.558
1.535
1.240
1.291
1.278
1.240
1.457
1.278
1.221
1.355
1.278
1.249
1.411
1.205
0.598
0.795
0.765
1.578
1.661
1.550
0.626
0.728
0.654
1.218
1.267
1.183
0.957
0.995
0.957
1.178
1.319
1.247
1.116
1.152
0.941
0.245
0.457
0.394
0.712
0.960
0.849
0.889
1.080
1.115
0.868
0.907
0.792
0.618
0.638
0.475
1.539
1.499
1.491
1.946
2.112
2.010
0.769
0.814
0.773
0.916
0.958
0.856
1.258
1.343
1.252
0.885
0.860
0.894
1.166
1.233
1.096
1.677
1.784
1.738
1.296
1.456
1.268
1.986
2.053
1.923
1.046
1.172
1.107
0.564
0.761
0.607
0.535
0.691
0.603
1.431
1.503
1.459
1.157
1.213
1.199
0.713
0.854
0.779
0.713
0.854
0.779
1.738
1.776
1.775
0.666
0.855
0.640
1.481
1.547
1.466
1.322
1.441
1.262
0.693
0.777
0.672
1.195
1.264
1.176
0.954
1.063
0.903
0.761
1.010
0.812
1.920
2.005
1.872
1.602
1.661
1.619
1.391
1.495
1.397
2.355
2.378
2.318
0.896
1.063
0.942
0.884
0.947
0.875
1.002
1.171
1.046
1.345
1.556
1.428
0.938
0.955
0.872
0.862
0.871
0.903
1.485
1.597
1.442
0.932
1.153
0.990
1.157
1.277
1.181
0.794
0.937
0.834
1.428
1.408
1.140
1.120
1.191
1.184
0.548
0.642
0.531
0.872
0.925
0.835
0.608
0.721
0.644
1.567
1.631
1.597
1.005
1.116
1.024
0.866
1.028
0.882
1.317
1.494
1.389
1.147
1.618
1.200
1.286
1.471
1.405
0.853
1.010
0.890
0.781
0.897
0.823
1.089
1.066
0.909
0.916
1.098
0.956
1.031
1.118
1.047
0.875
0.936
0.875
1.309
1.465
1.354
0.668
1.170
0.939
1.735
1.870
1.822
0.769
0.843
0.730
1.540
1.629
1.375
0.686
0.698
0.655
1.086
1.110
0.974
2.432
2.488
2.461
2.447
2.655
2.518
0.701
0.837
0.762
1.154
1.266
1.142
0.807
0.886
0.747
0.904
1.112
0.966
1.694
2.052
1.732
1.679
1.730
1.667
1.975
2.045
2.007
0.851
0.977
0.853
1.518
1.527
1.307
0.786
0.905
0.827
1.963
2.133
1.973
1.314
1.422
1.125
1.148
1.237
1.157
0.470
0.636
0.537
0.684
0.685
0.567
1.228
1.346
1.279
0.713
0.927
0.739
2.043
2.207
2.158
1.197
1.285
1.198
1.047
1.185
1.152
0.741
0.914
0.825
0.786
0.905
0.827
1.300
1.353
1.266
0.403
0.764
0.538
0.816
0.918
0.666
0.793
0.850
0.768
1.117
1.222
1.152
0.763
0.896
0.780
0.909
1.089
0.952
0.610
0.625
0.626
0.781
0.897
0.823
0.672
0.756
0.653
0.963
0.978
0.920
0.730
0.755
0.650
1.054
1.091
1.051
0.535
0.680
0.548
1.035
1.149
1.056
0.688
0.854
0.779
2.959
3.286
3.054
2.959
3.286
3.054
2.959
3.286
3.054
0.836
0.938
0.826
0.786
0.905
0.827
1.632
1.700
1.611
1.151
1.221
1.178
0.715
0.705
0.583
0.876
0.989
0.881
1.327
1.432
1.281
1.061
1.169
1.034
0.807
0.872
0.860
1.381
1.447
1.370
0.562
0.712
0.578
2.051
2.104
1.910
0.927
0.796
0.837
0.786
0.905
0.827
0.532
0.684
0.606
0.909
1.002
0.936
0.543
0.633
0.485
2.002
2.073
1.979
0.699
1.001
0.827
0.901
1.142
1.016
1.658
1.876
1.617
0.542
0.665
0.578
0.576
0.956
0.693
1.597
1.743
1.667
1.185
1.223
1.086
1.615
1.716
1.603
1.208
1.297
1.224
1.562
1.629
1.569
1.030
1.150
1.087
1.252
1.627
1.319
1.782
1.871
1.811
1.211
1.371
1.262
1.776
1.851
1.842
0.984
1.086
1.032
1.277
1.308
1.318
1.340
1.322
1.309
0.432
0.641
0.489
1.088
1.297
1.138
1.565
1.505
1.543
1.783
1.839
1.805
2.145
2.311
2.206
1.171
1.216
1.075
2.688
2.545
2.411
1.000
1.023
0.747
1.859
1.911
1.816
1.248
1.394
1.290
0.949
1.016
0.991
1.305
1.523
1.321
1.271
1.441
1.349
2.259
2.320
2.265
1.801
1.854
1.793
1.144
1.286
1.258
1.825
1.824
1.777
0.815
1.069
0.816
1.283
1.369
1.220
1.185
1.383
1.295
1.676
1.653
1.642
2.630
2.711
2.670
2.290
2.271
2.270
0.735
0.825
0.703
1.209
1.384
1.311
1.585
1.643
1.633
0.990
1.115
0.912
1.374
1.868
1.508
1.258
1.445
1.306
1.406
1.430
1.336
0.808
0.869
0.838
1.088
1.050
1.146
1.241
1.389
1.300
1.487
1.491
1.431
0.749
0.910
0.772
0.749
0.910
0.772
1.044
1.106
1.053
1.177
1.208
1.129
0.774
0.874
0.684
2.126
2.261
2.092
1.567
1.474
1.458
0.790
0.885
0.689
0.465
0.688
0.547
0.553
0.587
0.558
0.925
1.018
0.953
2.576
2.680
2.115
1.505
1.439
1.072
0.561
0.686
0.531
1.663
1.724
1.755
0.984
1.074
1.015
0.730
0.846
0.730
0.577
0.749
0.529
1.376
1.467
1.331
1.097
1.127
1.052
1.839
2.056
1.896
1.244
1.113
0.958
1.964
1.972
1.955
1.525
1.605
1.545
1.109
1.136
0.943
1.665
2.069
1.796
0.691
0.746
0.633
2.457
2.607
2.432
1.887
1.920
1.915
0.741
0.841
0.770
1.059
1.138
1.037
1.174
1.266
1.173
1.307
1.525
1.165
1.413
1.470
1.325
2.289
2.335
2.319
0.718
0.890
0.807
1.090
1.271
1.175
1.021
1.227
1.012
0.732
0.736
0.872
1.416
1.538
1.469
0.638
0.725
0.632
1.161
1.264
1.131
0.971
1.065
0.911
2.161
2.305
2.207
1.618
1.890
1.668
0.800
0.922
0.824
0.551
0.664
0.535
1.026
1.075
1.041
2.290
2.230
1.939
0.847
0.899
0.766
1.116
1.174
1.118
0.639
0.702
1.010
0.705
0.883
0.794
1.456
1.594
1.456
0.791
0.884
0.818
2.606
2.687
2.654
2.962
2.985
2.907
1.158
1.480
1.277
1.041
1.159
1.095
1.593
1.607
1.576
1.284
1.458
1.311
1.752
1.904
1.830
1.171
1.203
1.140
0.909
1.116
1.024
1.026
1.141
1.056
0.548
0.709
0.575
0.404
0.481
0.402
1.073
1.146
1.133
0.961
1.127
1.015
0.613
0.715
0.637
1.686
1.838
1.773
1.304
1.696
1.517
1.052
1.166
1.094
0.595
0.972
0.815
1.587
1.855
1.724
1.634
1.655
1.403
0.880
0.897
0.847
1.200
1.377
1.157
1.074
1.160
1.144
1.171
1.264
1.198
0.758
0.817
0.585
2.077
2.118
2.058
0.586
0.826
0.559
0.586
0.709
0.559
1.483
1.552
1.331
0.499
0.643
0.566
1.146
1.177
1.100
0.987
1.186
1.075
0.583
0.665
0.594
0.699
0.808
0.717
0.720
0.837
0.756
0.705
0.687
0.668
1.422
1.467
1.352
1.044
1.085
0.908
0.797
0.934
0.815
0.680
0.798
0.709
1.627
1.706
1.556
2.660
2.662
2.603
1.264
1.330
1.262
0.835
0.869
0.867
0.917
0.980
0.960
0.745
0.945
0.767
1.395
1.414
1.368
1.315
1.305
1.301
1.424
1.407
1.312
0.625
0.828
0.656
0.575
0.745
0.640
0.564
0.665
0.575
1.361
1.446
1.351
1.503
1.606
1.509
0.640
0.677
0.617
0.973
0.995
0.988
0.786
0.905
0.827
0.786
0.905
0.827
1.276
1.350
1.283
1.158
1.510
1.373
1.040
1.169
1.096
0.709
0.763
0.699
1.161
1.632
1.154
0.743
0.997
0.869
0.464
0.556
0.538
1.121
1.221
1.181
2.377
2.352
2.390
0.755
0.915
0.829
2.357
2.366
2.238
1.104
1.416
1.105
0.928
0.983
0.748
1.731
1.852
1.760
1.600
1.711
1.610
0.975
1.056
0.979
0.742
0.912
0.741
1.446
1.479
1.380
0.735
0.832
0.834
0.820
0.916
0.808
2.109
2.187
2.136
1.552
1.572
1.528
1.419
1.484
1.427
1.057
1.029
0.984
1.275
1.421
1.289
0.638
0.761
0.720
1.078
1.151
1.064
1.118
1.239
1.127
1.481
1.582
1.561
1.376
1.488
1.220
0.914
1.105
0.895
1.164
1.272
1.198
2.292
2.347
2.234
0.626
0.631
0.582
0.626
0.727
0.664
0.907
0.968
0.963
0.602
0.719
0.591
0.720
0.858
0.752
1.562
1.687
1.588
0.651
0.704
0.630
1.155
1.390
1.258
0.616
0.763
0.661
1.692
1.841
1.670
0.914
1.036
0.939
0.716
0.863
0.790
0.580
0.854
0.674
2.442
2.560
2.471
1.603
1.674
1.616
1.414
1.432
1.347
1.212
1.299
1.186
0.861
0.960
0.752
0.670
0.864
0.746
0.788
0.904
0.823
1.714
1.761
1.742
1.130
1.185
1.084
0.885
1.035
0.951
1.104
1.176
1.200
1.091
1.378
1.131
0.896
0.949
0.845
0.989
1.025
0.925
1.183
1.281
1.187
0.560
0.590
0.623
1.514
1.589
1.520
1.266
1.272
1.285
0.966
1.030
0.988
1.167
1.321
1.239
1.494
1.626
1.572
1.195
1.283
1.224
1.275
1.362
1.302
0.554
0.682
0.460
0.748
0.597
0.653
0.772
0.794
0.778
0.823
0.905
0.871
0.775
0.852
0.774
0.775
0.859
0.781
1.322
1.339
1.294
0.916
1.049
0.934
1.109
1.349
1.174
0.966
1.089
1.031
0.834
0.943
0.851
0.449
0.640
0.502
0.736
0.788
0.775
0.660
0.783
0.700
0.601
0.732
0.596
0.737
0.827
0.786
1.215
1.686
1.577
1.134
1.334
1.230
2.686
2.765
2.623
0.864
0.987
0.914
0.629
0.828
0.746
0.843
1.024
0.918
1.021
1.084
1.066
2.069
2.108
1.956
0.748
0.809
0.769
1.241
1.387
1.248
2.575
2.590
2.537
1.109
1.227
1.219
0.931
1.049
0.988
0.689
0.676
0.584
0.856
1.035
0.903
1.557
1.775
1.668
1.917
2.137
1.995
1.967
2.125
1.976
0.917
0.990
0.918
1.000
1.115
1.057
0.818
0.952
0.732
1.010
1.656
1.075
0.703
0.812
0.726
0.676
0.878
0.707
0.552
0.607
0.455
1.093
1.366
1.208
0.961
1.122
1.001
0.521
0.713
0.554
1.214
1.332
1.199
1.325
1.364
1.299
0.596
0.998
0.532
0.807
0.877
0.856
0.824
0.845
0.794
0.931
1.042
0.900
0.887
0.937
0.925
0.521
0.629
0.524
0.579
0.666
0.570
1.115
1.609
1.185
1.071
1.102
1.068
0.568
0.707
0.590
1.800
1.870
1.646
1.373
1.699
1.446
2.507
2.479
2.393
0.793
0.834
0.615
0.613
0.728
0.706
0.769
0.863
0.837
0.968
1.452
1.186
1.004
1.062
0.917
1.475
1.577
1.473
0.765
0.939
0.816
1.010
1.227
1.260
0.770
0.875
0.809
1.207
1.329
1.185
0.696
0.751
0.709
1.368
1.505
1.365
0.759
0.906
0.883
1.035
1.115
0.985
1.002
0.988
0.903
0.581
0.856
0.782
1.140
1.202
1.132
0.976
1.266
0.895
1.940
1.982
1.940
0.917
1.022
0.982
1.654
1.707
1.520
1.365
1.378
1.179
1.416
1.462
1.340
0.747
0.870
0.767
1.720
1.740
1.677
0.906
1.116
1.210
0.639
0.612
0.599
1.650
1.733
1.620
1.792
1.860
1.772
0.892
1.278
1.272
1.871
1.872
1.835
0.645
0.733
0.628
0.589
0.653
0.558
0.384
0.510
0.425
0.580
0.663
0.600
1.147
1.298
1.089
0.903
1.000
0.970
1.411
1.706
1.164
0.930
0.990
0.967
0.849
0.898
0.836
1.105
1.148
1.100
1.296
1.390
1.234
1.202
1.332
1.369
0.817
0.891
0.883
0.499
0.621
0.538
0.646
0.787
0.678
0.816
0.969
0.733
0.916
0.996
0.918
0.499
0.621
0.538
0.437
0.586
0.494
0.499
0.621
0.538
1.691
1.707
1.657
1.184
1.246
1.159
1.491
1.548
1.467
1.159
1.302
1.243
0.656
0.748
0.680
1.133
1.235
1.154
1.080
1.143
1.015
0.516
0.604
0.486
1.497
1.564
1.479
2.494
2.717
2.625
0.867
1.089
0.950
0.513
0.789
0.610
1.521
1.543
1.500
1.143
1.293
1.181
0.908
1.181
0.941
0.763
0.869
0.818
0.731
0.811
0.779
0.921
1.163
0.999
1.305
1.277
1.272
1.160
1.337
1.096
0.943
1.068
0.969
0.383
0.520
0.468
1.389
1.562
1.479
0.791
0.841
0.796
0.515
0.678
0.583
1.003
1.058
0.987
0.557
0.753
0.605
0.987
1.034
0.910
0.814
1.044
0.870
1.533
1.578
1.442
1.800
1.838
1.810
2.119
2.316
2.143
0.799
0.934
0.707
0.892
1.098
1.047
0.529
0.663
0.600
0.944
0.945
0.845
1.441
1.614
1.467
1.658
1.653
1.642
1.330
1.387
1.359
1.330
1.387
1.359
1.167
1.259
1.247
1.652
1.655
1.423
1.772
1.860
1.787
1.462
1.480
1.370
1.182
1.311
1.217
1.229
1.539
1.378
1.050
1.097
1.081
0.772
0.970
0.745
2.354
2.678
2.459
1.214
1.296
1.228
0.398
0.484
0.447
2.702
2.726
2.614
1.110
1.339
1.191
1.086
1.542
1.254
0.709
1.141
0.986
2.055
2.120
2.033
1.607
1.640
1.576
0.736
0.953
0.843
1.136
1.176
0.869
1.768
1.801
1.665
1.368
1.602
1.466
1.576
1.687
1.660
1.182
1.237
1.045
0.932
1.039
0.982
0.934
1.040
0.969
1.857
1.928
1.911
1.043
1.163
1.094
0.824
1.022
0.905
0.731
0.889
0.748
1.292
1.393
1.301
1.061
1.114
0.895
1.646
1.712
1.644
1.265
1.327
1.167
1.359
1.476
1.397
1.822
1.912
1.840
0.846
0.876
0.816
1.014
1.091
1.007
1.287
1.337
1.000
1.282
1.434
1.333
0.511
0.590
0.449
1.487
1.599
1.409
1.486
1.410
1.411
1.644
1.651
1.446
1.515
1.580
1.494
1.864
1.906
1.894
1.498
1.643
1.533
0.971
1.137
1.116
1.383
1.479
1.385
1.626
1.738
1.660
0.577
0.762
0.585
0.669
0.786
0.657
1.925
2.200
2.192
1.466
1.551
1.431
0.799
0.840
0.749
0.924
1.059
0.980
3.471
3.609
3.166
3.008
3.319
3.133
1.393
1.459
1.315
1.524
1.581
1.594
0.611
0.861
0.786
0.801
0.963
0.845
0.583
0.763
0.617
0.949
1.130
1.026
1.039
1.196
1.148
0.879
1.239
0.820
0.879
1.148
0.866
0.738
1.088
0.906
1.607
1.581
1.526
1.387
1.600
1.468
0.643
0.636
0.197
0.718
0.910
0.729
1.121
1.165
1.044
1.460
1.546
1.515
2.024
2.169
2.086
1.897
1.991
1.930
1.588
1.645
1.603
1.075
1.178
1.078
1.302
1.460
1.338
0.700
0.874
0.780
1.496
1.446
1.091
1.851
1.890
1.876
1.268
1.325
1.162
1.231
1.361
1.281
0.802
1.055
0.843
0.570
0.604
0.629
1.013
1.149
1.098
0.927
0.777
0.683
1.083
1.072
0.973
1.321
1.271
1.263
1.293
1.466
1.255
0.651
0.706
0.643
1.341
1.392
1.087
0.670
0.720
0.689
1.346
1.447
1.320
0.735
0.928
0.740
0.710
0.731
0.669
1.346
1.393
1.320
1.636
1.729
1.619
0.990
1.102
0.963
0.925
1.128
1.007
0.880
1.493
1.008
2.052
2.152
2.126
1.534
1.662
1.557
0.899
0.927
0.624
1.789
1.871
1.839
1.128
1.225
1.202
1.104
1.189
1.250
1.819
1.850
1.833
1.616
1.857
1.673
0.877
0.980
0.827
0.877
0.980
0.827
0.814
0.957
0.914
0.774
1.124
1.005
0.848
1.286
0.950
1.634
1.791
1.718
0.494
0.606
0.836
0.559
0.783
0.688
1.653
1.697
1.549
0.699
0.905
0.787
0.906
1.050
1.006
0.938
0.897
0.859
0.516
0.620
0.546
0.560
0.663
0.623
0.866
1.040
0.926
0.511
0.810
0.593
0.856
0.938
0.866
1.141
1.266
1.115
0.938
1.084
0.853
0.904
0.965
0.929
1.543
1.625
1.565
1.310
1.451
1.365
0.870
0.915
0.861
0.624
0.679
0.625
1.141
1.154
1.073
1.002
1.318
1.014
0.884
0.959
1.022
1.123
1.273
1.090
1.123
1.301
1.271
1.554
1.664
1.647
1.176
1.291
1.182
1.185
1.244
1.241
1.284
1.625
1.471
2.366
2.422
2.376
0.973
1.131
1.047
0.894
1.106
0.901
1.302
1.407
1.262
0.607
0.811
0.680
1.008
1.132
1.077
0.494
0.617
0.531
0.878
0.936
0.801
1.388
1.415
1.353
0.726
0.839
0.696
0.728
0.879
0.696
0.614
0.698
0.573
1.716
1.833
1.713
0.796
0.898
0.778
1.085
1.211
1.049
1.471
1.521
1.606
0.694
0.769
0.711
2.391
2.501
2.389
1.033
1.160
0.972
1.370
1.485
1.417
0.844
1.002
0.889
0.966
1.039
0.976
1.443
1.467
1.397
1.473
1.919
1.743
1.214
1.284
1.214
0.871
1.110
0.932
1.082
1.129
1.046
0.903
1.096
0.928
2.090
2.160
2.129
1.557
1.717
1.544
0.817
1.087
0.885
1.064
1.161
1.116
0.754
0.734
0.715
0.703
0.771
0.710
0.700
0.752
0.653
0.797
0.989
0.962
1.555
1.544
1.489
0.541
0.682
0.469
1.456
1.502
1.410
1.099
1.296
1.473
0.903
1.006
0.917
1.127
1.212
1.109
1.284
1.481
1.333
0.821
0.905
0.828
1.441
1.488
1.438
1.402
1.418
1.359
1.386
1.540
1.512
1.148
1.227
1.191
1.039
1.158
1.090
0.494
0.617
0.531
1.024
1.043
1.008
1.554
1.767
1.550
1.173
1.208
1.203
1.505
1.478
1.464
1.039
1.137
0.995
1.311
1.481
1.352
1.404
1.453
1.412
0.859
0.974
0.903
0.863
1.099
1.012
0.840
0.899
0.794
0.960
0.905
0.896
0.827
0.915
0.829
0.914
1.139
0.895
0.787
1.007
0.849
1.652
1.917
2.036
0.765
0.836
0.765
0.689
0.731
0.584
1.135
2.391
1.691
0.972
1.080
0.892
2.821
2.839
2.769
0.553
0.670
0.580
0.681
0.701
0.554
0.643
0.749
0.634
0.709
0.807
0.709
0.492
0.674
0.554
1.559
1.598
1.656
0.281
0.450
0.377
1.143
1.287
1.202
0.683
0.866
0.750
0.932
1.075
0.947
0.509
0.629
0.549
1.633
1.641
1.565
1.093
1.173
1.183
1.154
1.521
1.279
1.112
1.103
1.026
1.036
1.222
1.093
1.225
1.321
1.231
1.636
1.724
1.668
0.574
0.680
0.573
1.858
1.950
1.694
1.786
1.873
1.982
0.892
1.005
0.808
0.593
0.925
0.734
0.327
0.437
0.370
0.629
0.797
0.691
1.821
1.824
1.747
0.699
0.893
0.837
0.534
0.828
0.598
1.636
1.670
1.607
0.700
0.780
0.784
0.724
0.842
0.735
1.310
1.303
1.232
1.149
1.240
1.173
1.152
1.373
1.195
0.802
0.866
0.706
0.883
1.031
0.855
1.059
1.202
1.113
0.728
0.772
0.733
1.129
1.242
1.107
1.245
1.362
1.091
1.609
1.996
1.944
1.681
1.707
1.616
1.747
1.722
1.802
0.672
0.706
0.633
1.124
1.147
1.105
1.661
1.728
1.531
1.508
1.676
1.442
1.294
1.440
1.377
1.092
1.293
1.045
1.138
1.089
1.020
1.352
1.387
1.325
1.837
1.925
1.908
1.284
1.602
1.430
2.369
2.528
2.424
1.843
1.821
1.616
0.614
0.743
0.647
0.715
0.813
0.641
1.014
1.006
0.997
1.227
1.426
1.213
0.786
0.884
0.822
1.312
1.329
1.292
1.208
1.310
1.194
0.751
0.917
0.821
0.843
0.921
0.830
0.986
1.056
1.269
0.925
0.985
0.878
1.510
1.652
1.499
2.094
2.341
2.159
0.816
0.853
0.808
0.915
1.013
0.931
1.165
1.242
1.267
0.845
1.204
1.033
0.768
1.033
0.629
1.074
1.187
1.063
0.687
0.816
0.699
0.712
0.873
0.759
0.931
1.206
1.112
1.221
1.466
1.304
1.017
1.152
1.065
1.803
2.025
1.958
1.068
1.203
1.136
1.668
1.790
1.695
0.887
1.015
0.952
1.296
1.434
1.333
0.769
0.947
0.791
1.524
1.624
1.481
1.121
1.139
1.003
0.722
0.868
0.819
1.926
1.993
1.892
0.545
0.767
0.555
1.223
1.290
1.024
1.320
1.324
1.235
0.739
0.787
0.702
0.879
0.893
0.559
0.802
1.171
0.930
0.858
1.009
0.923
1.140
1.280
1.180
1.964
2.031
1.967
0.951
1.336
1.081
1.538
1.590
1.560
0.835
0.851
0.784
1.677
1.764
1.757
0.714
0.899
0.856
1.202
1.463
1.361
1.305
1.425
1.312
1.008
1.190
1.144
1.168
1.407
1.166
1.168
1.406
1.312
1.740
1.788
1.717
1.161
1.157
1.147
1.901
1.914
1.910
1.125
1.206
1.120
1.505
1.520
1.475
1.858
1.926
1.854
1.930
1.940
1.905
2.211
2.280
2.215
1.534
1.847
1.546
0.802
0.961
0.729
1.636
1.459
1.852
0.950
1.033
0.861
0.813
0.915
0.662
2.146
2.167
2.109
0.874
0.888
0.741
1.334
1.405
1.353
0.739
0.837
0.687
0.883
1.179
0.950
1.072
1.044
0.829
1.001
1.296
1.250
0.848
0.854
0.851
1.181
1.523
1.359
1.374
1.645
1.329
1.267
1.218
1.111
1.142
1.142
1.333
1.190
1.210
0.952
0.690
1.137
0.652
1.297
1.356
1.309
0.923
0.944
0.780
0.746
0.875
0.729
0.940
1.155
0.995
1.608
1.697
1.541
0.841
1.152
1.020
1.119
1.543
1.292
1.573
1.773
1.469
1.146
1.278
1.223
0.801
0.850
0.729
0.871
0.914
0.799
0.947
1.405
1.009
1.018
1.106
1.084
1.154
1.552
1.257
0.498
0.725
0.561
1.590
1.317
1.320
2.077
2.117
2.017
1.269
1.310
1.255
0.515
0.699
0.538
1.358
1.582
1.461
1.042
1.228
1.160
1.076
1.296
1.212
1.347
1.575
1.422
1.711
1.913
1.868
2.644
2.570
2.638
1.714
1.810
1.722
1.413
1.494
1.438
0.799
0.918
0.860
1.707
1.774
1.689
1.308
1.359
1.275
1.134
1.915
1.059
1.563
1.711
1.641
1.375
1.961
2.207
0.691
0.825
0.742
1.706
1.744
1.578
1.668
1.768
1.764
0.794
0.853
0.806
1.845
1.909
1.829
1.195
1.288
1.284
1.695
1.768
1.676
1.222
1.260
1.138
0.973
1.076
0.912
1.715
1.819
1.667
0.800
0.886
0.877
1.542
1.653
1.541
1.393
1.314
1.301
1.397
1.461
1.265
0.759
0.812
0.762
1.610
1.734
1.586
1.697
1.804
1.695
0.666
0.911
0.729
0.668
0.789
0.728
0.544
0.627
0.596
1.574
1.447
1.320
0.680
0.887
0.743
0.533
0.624
0.477
0.475
0.562
0.447
0.590
0.700
0.544
1.642
1.758
1.626
1.046
1.103
0.954
0.684
0.801
0.697
1.314
1.502
1.378
1.540
1.823
1.582
0.803
1.066
0.793
0.927
1.065
1.202
1.764
1.967
1.879
1.830
1.888
1.767
1.302
1.470
1.153
1.826
2.028
1.987
1.420
1.494
1.450
0.648
0.754
0.814
0.708
0.879
0.739
0.764
0.976
0.732
1.026
1.131
1.104
0.886
0.904
0.907
0.895
1.079
0.998
0.663
0.763
0.692
0.502
0.649
0.571
1.391
1.499
1.414
1.594
1.811
1.606
2.082
2.111
1.825
1.979
2.046
1.959
0.786
0.944
0.824
1.672
1.661
1.639
0.872
1.338
0.962
0.868
0.925
0.853
1.028
1.048
1.030
1.315
1.879
1.194
1.111
1.441
1.230
1.430
1.437
1.357
0.656
0.698
0.674
0.851
0.930
0.888
0.723
0.820
0.784
0.735
1.111
0.806
0.803
0.816
0.747
0.551
0.699
0.547
0.548
0.518
0.526
0.553
0.818
0.636
0.846
0.932
0.860
0.842
1.003
0.862
1.379
1.515
1.303
1.224
1.365
1.425
0.960
1.104
1.080
1.205
1.275
1.245
0.814
0.793
0.799
1.042
1.091
1.028
1.407
1.554
1.452
0.767
0.795
0.788
0.726
0.907
0.743
1.283
1.364
1.319
0.714
0.867
0.770
1.140
1.177
1.152
0.803
0.919
0.908
0.925
1.002
0.946
2.007
1.928
1.878
1.232
1.507
1.315
1.248
1.316
1.294
1.025
1.111
1.402
1.022
1.221
0.893
1.832
1.910
1.882
0.306
0.657
0.570
0.628
0.775
0.641
1.187
1.273
1.221
1.157
1.263
1.201
0.996
1.118
1.064
1.270
1.330
1.187
0.974
1.561
1.094
0.774
0.957
0.836
0.850
0.952
0.831
1.397
1.413
1.287
0.904
1.035
0.790
1.506
1.703
1.429
0.459
0.534
0.423
0.697
1.021
0.809
1.738
1.739
1.660
0.637
0.781
0.658
0.798
0.959
0.883
0.752
0.866
0.755
1.101
1.258
1.129
0.858
0.985
0.915
0.563
0.742
0.693
0.754
0.779
0.747
0.941
0.993
0.972
1.069
1.142
1.084
1.266
1.475
1.293
1.021
1.151
1.050
0.688
0.752
0.696
1.572
1.628
1.515
1.236
1.422
1.366
1.350
1.384
1.190
1.353
1.461
1.453
0.564
0.674
0.567
0.833
1.010
0.840
0.937
1.076
0.966
0.999
1.036
0.848
1.281
1.445
1.339
1.005
1.035
1.023
0.405
0.597
0.353
0.817
0.977
0.873
0.942
1.085
1.041
0.665
0.891
0.746
1.325
1.419
1.345
1.103
1.408
1.225
0.861
0.935
0.818
1.491
1.531
1.369
0.857
0.918
0.837
1.346
1.382
1.290
0.822
0.889
0.713
1.835
1.872
1.685
0.743
0.900
0.779
0.673
0.750
0.650
2.153
2.184
2.142
0.864
0.999
0.943
0.902
1.042
0.957
0.790
0.967
0.803
0.934
0.983
0.759
1.090
1.230
1.097
2.083
2.168
2.074
1.221
1.385
1.207
0.980
1.123
0.960
1.227
1.266
1.179
0.933
1.099
0.955
0.808
0.862
0.817
0.552
0.640
0.585
0.841
0.868
0.695
1.172
1.185
0.928
1.309
1.374
0.981
0.850
1.027
0.924
0.391
0.481
0.411
0.646
0.700
0.652
1.524
1.595
1.508
1.326
1.297
1.317
1.418
1.477
1.429
1.220
1.256
1.257
0.823
1.005
0.853
0.826
0.870
0.703
0.923
1.448
0.951
1.180
1.166
1.024
1.610
1.685
1.629
1.831
1.945
1.734
0.518
0.579
0.547
0.989
1.013
1.008
0.575
0.679
0.573
1.438
1.590
1.454
2.282
2.254
2.012
0.689
0.778
0.670
1.521
1.580
1.578
0.687
0.793
0.669
1.091
1.164
1.135
1.383
1.450
1.380
1.752
1.855
1.801
1.686
1.742
1.698
1.011
1.076
1.078
1.165
1.207
1.146
2.526
2.573
2.535
0.808
0.900
0.756
1.179
1.202
1.184
1.207
1.382
1.208
1.504
1.612
1.530
1.489
1.636
1.558
1.137
1.155
1.029
1.086
1.179
1.078
1.380
1.509
1.339
1.400
1.332
1.084
1.133
1.217
0.968
1.029
1.166
1.093
1.270
1.282
1.128
1.472
1.482
1.437
1.736
1.759
1.566
0.992
1.081
0.991
0.865
1.049
1.220
1.445
1.483
1.209
1.143
1.612
1.351
1.307
1.375
1.230
1.173
1.407
1.218
2.048
2.043
2.094
0.395
0.811
0.586
1.375
1.433
1.358
1.687
1.733
1.740
0.633
0.826
1.010
1.752
1.883
1.860
1.752
1.853
1.822
0.814
0.836
0.776
0.954
0.988
0.955
1.381
1.416
1.401
1.295
1.300
1.220
0.810
0.917
0.809
1.340
1.467
1.300
0.813
0.888
1.154
1.318
1.353
1.123
1.242
1.319
1.215
0.641
0.768
0.649
1.271
1.446
1.375
1.892
1.977
1.935
2.547
2.538
2.502
0.960
1.077
0.960
0.736
0.861
0.801
0.943
1.046
0.921
1.105
1.250
1.064
1.357
1.432
1.403
1.175
1.220
1.163
1.846
1.891
1.883
1.794
1.811
1.693
1.186
1.191
1.243
0.755
0.843
0.802
0.660
0.725
0.713
0.841
0.901
0.849
1.817
1.948
1.798
1.000
1.047
0.824
1.373
1.405
1.377
2.117
2.110
1.976
1.638
1.675
1.571
1.849
1.968
1.901
1.655
1.948
1.754
1.312
1.452
1.354
0.682
0.735
0.721
0.897
1.237
0.962
1.952
1.989
1.904
1.029
1.099
1.009
1.106
1.284
1.002
0.806
1.086
0.939
0.933
0.986
0.841
0.819
1.175
1.059
1.332
1.713
1.382
0.623
1.153
0.606
0.881
1.051
0.921
1.119
1.263
1.145
0.870
0.988
0.940
0.781
0.887
0.811
1.111
1.190
0.924
0.791
0.814
0.678
1.397
1.452
1.345
1.601
1.635
1.590
1.444
1.510
1.534
1.500
1.750
1.595
1.023
1.144
1.092
0.805
0.884
0.782
0.475
0.663
0.435
0.644
0.696
0.625
1.844
1.921
1.876
1.102
1.694
1.280
0.774
0.838
0.693
0.849
0.940
0.772
0.992
1.172
1.008
0.652
0.728
0.660
0.804
1.025
0.850
0.657
0.709
0.569
1.112
1.317
1.191
0.693
0.690
0.676
1.511
1.419
1.458
1.668
1.836
1.673
1.406
1.458
1.283
1.343
1.478
1.530
0.894
1.010
0.937
0.878
0.864
0.793
0.943
1.061
0.927
0.531
0.640
0.503
0.916
0.975
0.925
1.059
1.154
1.137
1.095
1.339
1.090
1.457
1.503
1.473
0.823
0.929
0.851
1.539
1.884
1.616
1.447
1.670
1.542
0.669
0.642
0.578
0.705
0.768
0.689
0.621
0.813
0.620
1.528
2.602
1.699
1.637
1.650
1.653
0.438
0.522
0.450
1.316
1.351
1.261
0.957
1.047
0.910
0.853
0.957
0.902
2.372
2.380
2.426
1.426
1.362
1.338
1.752
1.787
1.616
