1.662
1.774
2.251
2.475
2.458
2.262
2.385
2.413
3.335
3.476
3.467
3.056
3.099
3.086
2.241
2.417
2.352
1.680
1.740
1.687
2.499
2.699
2.712
2.971
3.124
3.134
1.977
2.194
2.146
2.923
3.057
3.007
1.497
1.767
1.716
0.882
1.444
0.906
1.627
1.736
1.678
1.517
1.735
1.665
1.376
1.644
1.516
1.037
1.259
1.205
0.988
1.555
1.562
0.941
1.519
1.309
1.642
1.709
1.731
1.179
1.379
1.316
0.830
0.953
0.955
2.169
2.604
2.536
1.447
1.455
1.570
1.807
2.447
2.228
1.792
1.887
1.873
0.904
1.009
0.999
1.359
1.714
1.652
0.955
1.339
1.253
1.236
1.656
1.638
1.330
1.536
1.502
1.381
1.608
1.999
1.830
1.977
1.933
2.035
2.121
2.096
1.386
1.411
1.476
0.987
1.335
1.277
1.894
1.973
1.947
1.935
2.188
2.076
1.535
1.784
1.728
0.996
1.171
1.148
1.610
1.820
1.836
1.567
1.715
1.742
1.420
1.721
1.680
1.401
1.666
1.728
1.128
1.397
1.187
1.601
1.681
1.662
1.978
2.206
2.176
1.044
1.215
1.196
0.980
1.307
1.190
1.372
1.502
1.508
1.197
1.307
1.325
1.403
1.570
1.474
1.197
1.269
1.232
1.103
1.254
1.349
1.662
1.844
1.974
1.200
1.317
1.256
0.686
0.876
0.877
1.036
1.202
1.188
1.429
1.335
1.513
1.138
1.221
1.255
1.227
1.274
1.298
1.985
2.009
1.919
2.410
2.445
2.520
2.080
2.211
2.202
2.453
2.528
2.523
1.578
1.686
1.774
1.604
1.713
1.750
2.327
2.352
2.403
1.180
1.578
1.459
1.417
1.624
1.584
1.548
1.685
1.775
1.107
1.014
1.126
1.432
1.512
1.514
2.802
2.944
2.972
1.495
1.803
1.866
0.941
1.147
1.134
1.713
1.846
1.828
1.261
1.347
1.468
2.178
2.423
2.380
2.564
2.693
2.666
1.770
2.057
2.030
2.334
2.561
2.490
1.611
1.754
1.691
3.066
3.221
3.198
1.775
1.941
1.887
1.270
1.451
1.434
1.903
2.150
2.129
1.061
1.282
1.163
2.958
3.023
3.046
1.264
1.308
1.296
1.811
2.034
1.968
2.853
3.343
3.251
2.853
3.389
3.014
0.821
1.118
1.130
1.448
1.660
1.642
1.440
1.576
1.555
1.642
1.900
1.820
1.261
1.611
1.601
0.926
0.974
0.982
1.039
1.218
1.247
1.427
1.770
1.705
1.857
2.059
1.879
1.178
1.249
1.388
1.165
1.308
1.319
1.308
1.675
1.605
1.497
1.610
1.767
1.245
1.586
1.531
1.259
1.347
1.345
1.471
1.559
1.581
1.231
1.501
1.496
2.061
2.105
2.117
0.652
1.049
0.974
1.091
1.170
1.249
1.220
1.436
1.451
1.098
1.323
1.235
0.862
0.990
0.913
1.465
1.680
1.570
1.257
1.586
1.333
1.257
1.348
1.435
1.502
1.675
1.671
0.850
1.164
1.178
1.081
1.276
1.227
1.181
1.329
1.324
0.986
0.988
1.183
1.202
1.478
1.785
1.058
1.212
1.228
1.913
1.985
1.973
1.143
1.465
1.443
1.825
2.099
2.102
1.567
1.600
1.593
1.298
1.680
1.576
1.108
1.506
1.513
1.497
1.866
1.899
1.716
1.944
1.923
1.168
1.411
1.363
2.085
2.392
2.364
1.143
1.210
1.130
1.049
1.387
1.413
1.402
1.596
1.648
1.518
1.662
1.991
1.529
1.612
1.634
1.324
1.731
1.681
0.932
1.261
1.233
0.996
1.089
1.065
0.976
1.089
1.100
1.092
1.220
1.491
1.241
1.359
1.381
1.513
1.781
1.755
1.191
1.364
1.360
1.439
1.768
1.662
1.644
1.970
1.800
0.915
1.233
1.180
1.133
1.342
1.461
1.374
1.464
1.439
1.860
2.073
2.058
1.078
1.239
1.242
1.482
1.685
1.697
0.941
1.268
1.278
1.488
1.592
1.651
1.441
1.507
1.533
1.078
1.250
1.250
1.276
1.428
1.389
0.996
1.201
1.166
2.328
2.452
2.377
2.328
2.452
2.383
2.588
2.665
2.654
1.700
1.815
1.817
2.721
2.830
2.799
2.918
2.947
2.985
2.036
2.188
2.099
2.938
3.013
3.060
2.879
2.911
2.935
1.819
1.909
1.973
1.618
1.870
1.855
1.677
1.862
1.891
3.223
3.517
3.293
3.532
1.981
2.234
2.251
1.743
1.835
1.800
1.743
1.835
1.837
2.077
2.116
2.153
1.129
1.212
1.225
1.607
1.656
1.674
1.021
1.185
1.153
1.014
1.161
1.096
1.014
1.244
1.199
2.380
2.509
2.463
2.133
2.335
2.337
1.171
1.298
1.274
1.653
1.887
1.860
2.097
2.350
2.443
1.429
1.883
1.799
1.707
1.827
1.818
1.553
1.658
1.702
1.666
1.757
2.263
1.280
1.417
1.408
1.467
1.693
1.692
2.166
2.301
2.212
1.737
2.075
2.046
1.466
2.013
1.854
2.342
2.387
2.425
1.432
1.591
1.595
1.109
1.318
1.303
1.864
1.946
1.927
1.836
2.156
1.877
0.911
1.175
1.218
1.565
1.829
1.845
2.195
2.782
2.722
2.131
2.351
2.442
0.947
1.217
1.219
1.979
2.253
2.220
0.993
1.431
1.377
2.632
2.805
2.826
2.630
2.833
2.839
3.300
3.258
3.337
1.982
2.093
2.122
1.450
1.534
1.535
3.792
3.863
3.783
2.402
2.629
2.660
1.616
1.670
1.628
1.360
1.469
1.416
1.342
1.422
1.445
1.901
2.224
2.207
1.117
1.442
1.411
1.054
1.267
1.308
1.240
1.425
1.416
1.719
2.172
1.906
1.957
2.099
2.110
1.409
1.613
1.572
1.668
1.929
1.949
0.975
1.261
1.373
1.419
1.533
1.511
1.038
1.110
1.244
0.885
1.209
1.214
1.674
1.712
1.692
1.351
1.560
1.579
1.179
1.223
1.248
1.820
2.006
1.975
2.065
2.453
2.400
1.005
1.282
1.236
0.906
1.041
1.022
0.813
1.087
1.027
1.070
1.107
1.103
1.975
2.209
2.247
0.859
1.138
1.168
1.494
1.842
1.761
2.064
2.228
2.562
1.740
2.042
1.967
1.540
1.652
1.627
2.552
2.654
2.595
2.239
2.342
2.296
2.268
2.384
2.300
2.038
2.330
2.230
2.273
2.478
2.407
1.027
1.454
1.379
2.172
2.340
2.326
2.600
2.627
2.783
2.145
2.459
2.729
1.839
2.245
2.248
1.584
1.806
1.671
2.648
2.973
2.876
1.887
2.022
2.004
0.797
0.935
0.894
1.144
1.447
1.367
1.114
1.314
1.108
1.201
1.404
1.319
1.602
1.869
1.860
2.061
2.221
2.124
1.249
1.527
1.422
2.395
2.360
2.274
2.265
2.364
2.330
1.650
1.793
1.890
1.650
1.793
1.751
3.165
3.380
3.329
3.218
3.267
3.290
3.724
3.807
3.847
1.695
1.878
1.853
1.454
1.612
1.830
1.053
1.387
1.294
2.247
2.364
2.291
2.199
2.434
2.377
2.603
2.643
2.718
1.592
1.866
1.822
1.888
2.249
2.227
1.536
1.789
1.815
1.007
1.315
1.326
2.326
2.570
2.482
1.427
1.578
1.655
2.476
2.425
2.434
2.472
2.575
2.843
1.895
2.066
2.029
1.253
1.646
1.665
2.212
2.496
2.506
2.016
2.140
2.144
1.291
1.522
1.462
1.608
1.607
1.611
1.655
1.724
1.721
1.673
1.819
1.707
1.017
1.301
1.263
1.909
2.182
2.033
1.168
1.504
1.466
2.242
2.288
2.332
1.952
2.043
2.035
1.724
1.923
1.905
1.938
1.966
1.969
1.343
1.954
1.473
1.421
1.442
1.499
1.410
1.722
1.686
1.733
1.896
2.157
0.860
1.067
1.045
1.921
1.951
2.005
2.422
2.467
2.447
1.368
1.658
1.399
1.368
1.658
1.486
1.020
1.478
1.524
2.554
2.616
2.636
1.437
1.526
1.549
1.556
1.714
1.706
2.179
2.647
2.375
1.446
1.504
1.388
2.006
2.109
2.130
1.214
1.350
1.365
0.963
1.015
1.001
0.878
1.448
1.364
2.113
2.380
2.342
1.417
1.738
1.721
0.803
1.249
1.205
1.460
1.754
1.676
1.157
1.443
1.432
1.945
2.125
2.095
1.441
1.547
1.953
1.966
2.117
2.123
1.157
1.259
1.285
1.622
1.995
1.665
1.610
1.898
1.932
1.526
1.774
1.725
2.138
2.422
2.442
3.093
3.428
3.422
2.028
2.308
2.268
1.737
1.921
1.941
2.182
2.275
2.225
2.164
2.281
2.225
2.055
2.416
2.265
1.914
2.108
2.080
1.829
2.048
2.112
3.076
3.088
3.090
3.671
3.735
3.802
3.126
3.202
3.148
2.441
2.711
2.677
3.589
3.787
3.742
3.360
3.690
3.621
2.429
2.653
2.651
3.001
3.327
3.337
2.848
3.105
3.144
1.928
2.278
2.233
1.960
2.006
1.978
0.847
1.078
1.056
1.473
1.726
1.608
1.721
1.898
1.847
2.105
2.169
2.143
1.488
1.608
1.616
1.888
1.966
1.903
1.999
2.191
2.170
1.201
1.433
1.426
1.668
1.819
1.765
1.590
1.742
1.711
3.101
3.288
3.320
1.873
1.937
1.871
1.931
2.013
2.039
1.209
1.474
1.401
1.596
1.675
1.536
2.467
2.787
2.781
2.246
2.448
2.593
1.955
2.308
2.274
2.390
2.588
2.521
1.428
1.632
1.383
1.504
1.764
1.732
1.659
1.680
1.738
2.610
2.694
2.824
1.299
1.245
1.477
0.775
1.065
1.055
1.506
1.634
1.688
1.407
1.923
1.528
1.716
1.897
1.872
1.497
1.696
1.673
2.006
2.367
2.350
1.131
1.457
1.465
1.487
1.689
1.657
1.010
1.105
1.097
0.902
1.186
1.271
0.858
1.247
1.289
1.797
1.975
1.992
1.285
1.415
1.424
1.854
2.155
2.187
1.595
1.744
1.785
1.645
1.773
1.750
0.708
1.025
0.917
1.589
1.715
1.775
1.170
1.353
1.337
2.006
2.314
2.331
1.582
1.727
1.754
1.487
1.865
1.811
1.087
1.316
1.276
0.981
1.135
1.126
1.124
1.347
1.407
1.941
2.250
2.293
1.459
1.544
1.519
1.606
1.718
1.661
1.304
1.411
1.394
1.603
1.819
1.834
1.638
1.925
1.845
2.575
2.585
2.616
1.186
1.568
1.567
1.745
1.926
1.967
1.100
1.147
1.142
1.983
2.120
2.156
1.936
2.188
2.186
2.333
2.651
2.675
1.229
1.481
1.359
0.922
1.267
1.159
2.126
2.526
2.470
2.158
2.222
2.184
2.043
2.372
2.359
1.431
1.554
1.499
1.782
1.911
1.835
1.874
2.026
1.988
1.995
2.178
2.145
2.637
2.930
2.868
2.043
2.497
2.219
2.043
2.672
2.379
1.754
1.869
1.887
2.537
2.735
2.711
1.460
1.728
1.692
2.897
2.932
2.867
1.926
2.054
1.995
2.391
2.529
2.511
1.886
2.147
1.992
2.003
2.405
2.230
1.017
1.389
1.410
1.724
2.125
2.123
2.000
2.089
1.971
1.312
1.579
1.571
1.766
2.064
2.002
1.802
1.872
1.861
1.883
2.331
2.009
2.279
2.381
2.359
1.764
2.145
2.072
2.467
2.592
2.572
2.149
2.299
2.276
1.376
1.406
1.509
2.177
2.315
2.289
2.660
2.774
2.802
2.367
2.453
2.495
1.602
1.736
1.693
2.095
2.226
2.228
2.196
2.431
2.419
1.395
1.533
1.501
1.916
2.000
2.035
1.587
1.782
1.757
2.255
2.343
2.272
1.796
2.075
2.017
1.502
1.723
1.754
1.511
1.593
1.583
0.999
1.110
1.074
1.194
1.396
1.597
1.172
1.393
1.604
1.176
1.342
1.319
1.423
1.486
1.459
0.965
1.161
1.189
1.071
1.350
1.234
1.238
1.440
1.442
1.157
1.377
1.355
1.099
1.273
1.262
1.019
1.143
1.534
1.269
1.354
1.346
0.855
1.004
0.995
1.147
1.387
1.264
1.750
1.933
1.902
1.280
1.564
1.548
1.050
1.255
1.205
1.248
1.386
1.477
1.412
1.554
1.598
1.642
1.755
1.761
0.752
0.814
0.820
2.260
2.467
2.427
0.782
0.967
0.961
1.044
1.494
1.413
1.367
1.657
1.594
1.063
1.275
1.323
1.260
1.544
1.503
1.970
2.070
2.098
1.199
1.325
1.307
1.701
1.809
1.804
1.334
1.480
1.461
1.497
1.662
1.653
1.842
2.099
1.927
1.115
1.269
1.288
1.702
1.923
2.026
1.889
2.077
2.078
1.009
1.096
1.082
0.993
1.134
1.199
1.386
1.507
1.680
1.370
1.557
1.556
1.654
1.753
1.756
1.222
1.331
1.309
2.596
2.593
2.659
2.596
2.593
2.583
1.694
1.890
1.924
1.357
1.448
1.712
1.343
1.423
1.398
1.666
1.764
1.856
2.048
2.149
2.164
2.175
2.286
2.275
1.589
1.813
1.778
1.271
1.694
1.715
2.247
2.373
2.376
2.216
2.358
2.319
2.379
2.545
2.509
3.923
3.991
4.004
1.638
1.773
1.713
1.376
1.569
1.558
2.886
3.029
2.977
1.912
2.144
2.127
0.757
1.213
1.223
0.982
1.386
1.350
1.134
1.199
1.211
1.772
1.839
1.819
1.772
1.839
1.866
1.622
1.729
1.703
1.119
1.248
1.215
1.140
1.396
1.358
0.773
0.997
0.899
1.556
2.189
1.991
0.879
1.329
1.169
1.041
1.506
1.357
1.535
1.894
1.824
1.021
1.477
1.298
0.857
1.269
1.122
1.387
1.485
1.495
1.745
1.768
1.815
1.730
1.795
1.920
1.503
1.898
1.849
1.161
1.325
1.284
1.156
1.252
1.259
1.369
1.679
1.688
1.403
1.890
1.891
1.513
1.833
1.850
1.058
1.095
1.078
1.213
1.677
1.330
1.530
1.596
1.663
1.209
1.478
1.403
1.194
1.369
1.386
1.436
1.535
1.483
1.170
1.270
1.334
1.287
1.543
1.520
1.271
1.405
1.410
1.735
1.876
1.962
1.091
1.322
1.407
1.418
1.566
1.531
1.288
1.545
1.628
1.386
1.625
1.604
1.495
1.803
1.720
1.328
1.630
1.608
1.605
1.328
1.630
1.390
2.472
2.606
2.601
1.421
1.635
1.964
1.819
2.137
2.340
1.895
2.042
2.000
1.234
1.445
1.341
1.234
1.445
1.352
1.510
1.559
1.552
1.230
1.626
1.466
1.371
1.407
1.558
1.045
1.170
1.175
1.105
1.491
1.283
1.784
1.920
1.882
2.029
2.404
2.199
1.548
1.797
1.771
1.795
2.062
1.986
3.752
3.941
3.904
1.360
1.613
1.537
2.388
2.676
2.632
1.594
2.011
2.041
2.124
1.743
1.769
2.058
1.524
1.719
1.666
1.366
1.502
1.532
1.637
1.689
1.658
2.715
2.871
2.725
1.279
1.486
1.505
1.834
1.919
1.806
1.297
1.841
1.532
0.738
1.045
0.978
2.271
2.456
2.845
2.284
2.543
2.398
2.462
2.724
2.481
2.815
2.811
2.796
1.159
1.598
1.523
1.306
1.698
1.565
1.718
1.966
1.931
1.082
1.396
1.281
0.898
1.124
1.117
1.727
1.875
1.882
1.482
1.649
1.608
1.640
1.963
1.920
1.570
1.839
1.805
1.370
1.668
1.695
1.383
1.500
1.515
2.245
2.404
2.388
1.295
1.329
1.256
0.945
0.970
0.996
1.789
1.824
1.936
1.544
1.882
1.866
1.806
2.331
1.966
1.806
2.087
1.972
2.629
2.891
2.953
1.759
1.886
1.903
1.241
1.691
1.651
2.168
2.496
2.467
1.075
1.075
1.223
1.526
1.863
1.795
1.230
1.468
1.430
1.194
1.601
1.572
1.114
1.225
1.162
1.537
1.686
1.706
1.536
1.663
1.597
1.271
1.494
1.435
1.191
1.479
1.436
1.401
1.670
1.621
0.837
0.986
0.973
1.049
1.301
1.275
1.450
1.883
1.827
1.149
1.195
1.372
1.095
1.322
1.284
1.399
1.667
1.665
1.310
1.536
1.493
1.442
1.537
1.521
0.898
1.102
1.009
0.936
1.150
1.094
1.116
1.366
1.306
1.717
1.801
1.801
1.316
1.361
1.375
1.720
1.833
1.781
1.469
1.622
1.583
1.254
1.285
1.262
1.732
1.811
1.738
1.434
1.638
1.553
1.433
1.632
1.650
1.725
1.902
1.881
1.721
1.831
1.827
1.093
1.326
1.373
1.224
1.502
1.581
1.277
1.714
1.544
1.074
1.392
1.331
1.584
1.645
1.904
2.690
2.816
2.779
2.807
2.904
2.843
3.551
3.805
3.653
1.103
1.449
1.380
3.892
3.973
3.969
1.859
2.042
1.937
2.042
2.184
2.134
1.489
1.783
1.728
1.044
1.401
1.393
1.982
2.125
2.075
2.975
3.004
3.017
2.939
3.073
3.229
2.531
2.583
2.854
2.497
2.644
2.601
3.186
3.213
3.415
2.738
2.909
2.906
2.736
3.024
2.833
2.736
3.428
2.899
1.793
2.112
2.089
1.565
1.742
1.762
1.895
2.452
2.171
3.001
3.357
3.326
2.573
3.475
3.100
1.476
1.750
1.767
2.283
2.376
2.379
1.347
1.563
1.487
2.327
2.447
2.413
2.972
3.173
3.054
2.564
2.685
2.744
1.651
1.810
1.857
1.457
1.583
1.515
2.000
2.045
2.093
1.046
1.321
1.332
2.906
3.309
3.182
1.389
1.735
1.681
1.642
2.002
1.993
2.207
2.367
2.443
1.764
1.796
1.893
2.600
2.963
2.925
2.054
2.193
2.161
1.700
2.081
2.141
2.395
2.552
2.376
2.329
2.580
2.479
1.875
2.124
2.160
1.954
2.303
2.443
2.121
2.469
2.433
2.066
2.229
2.240
1.326
1.380
1.418
1.587
1.876
1.825
1.537
1.840
1.779
0.904
1.144
0.981
1.854
2.068
1.868
1.151
1.295
1.312
1.607
1.995
1.830
2.728
2.883
2.858
1.554
1.832
1.843
1.368
1.469
1.481
1.467
1.543
1.621
1.206
1.422
1.377
1.298
1.432
1.416
1.515
1.675
1.603
1.561
1.591
1.557
1.048
1.101
1.184
1.916
2.109
2.133
1.003
1.148
1.111
1.143
1.293
1.169
0.745
0.851
0.850
1.456
1.484
1.349
1.102
1.109
1.326
1.303
1.695
1.629
0.776
1.218
1.145
1.256
1.356
1.353
1.272
1.503
1.487
0.934
1.192
1.161
1.470
1.782
1.810
1.817
2.178
1.910
1.512
1.998
1.850
1.110
1.417
1.336
1.037
1.077
1.071
1.333
1.441
1.466
1.166
1.338
1.380
1.925
2.155
2.116
1.849
1.892
1.941
0.807
0.835
1.002
1.549
1.634
1.618
1.066
1.295
1.258
1.093
1.288
1.340
1.093
1.288
1.303
1.306
1.811
1.808
1.615
1.867
1.965
1.525
1.614
1.637
1.765
2.027
2.014
1.700
1.883
1.858
0.732
0.853
0.865
1.883
2.052
1.978
1.358
1.644
1.666
1.195
1.262
1.258
1.195
1.262
1.347
1.453
1.615
1.613
1.686
1.905
1.980
1.513
1.587
1.574
1.723
1.987
2.029
1.751
2.131
1.993
2.080
2.220
2.207
1.342
1.451
1.360
2.378
2.456
2.451
0.931
1.184
1.195
1.222
1.408
1.339
1.401
1.601
1.553
1.057
1.283
1.197
1.289
1.447
1.429
2.834
3.019
2.988
2.309
2.389
2.324
2.316
2.518
2.508
1.778
2.018
1.937
1.624
1.802
1.741
0.858
1.084
1.020
2.585
2.725
2.712
2.136
2.341
2.303
1.492
1.669
1.654
1.218
1.493
1.470
1.569
1.897
1.812
1.260
1.295
1.318
1.036
1.444
1.430
1.213
1.386
1.418
0.984
1.093
1.088
2.009
2.060
2.082
1.337
1.387
1.390
1.900
2.002
1.961
1.268
1.370
1.299
2.057
2.322
2.235
1.369
1.548
1.557
1.064
1.156
1.151
2.044
2.097
1.945
1.174
1.451
1.411
1.619
1.990
1.979
1.159
1.256
1.480
1.104
1.195
1.176
1.441
1.797
1.813
0.956
1.302
1.146
1.575
1.631
1.689
1.583
1.784
1.981
1.091
1.344
1.331
2.433
2.727
2.731
1.575
1.728
1.668
1.798
1.953
1.946
2.015
2.077
2.114
2.349
2.481
2.536
2.880
3.049
3.054
1.961
2.213
2.125
1.959
2.333
2.349
2.302
2.541
2.525
2.570
2.839
2.766
1.937
1.946
1.909
1.178
1.290
1.225
1.677
1.795
1.734
1.555
1.545
1.608
1.721
1.743
1.743
1.247
1.405
1.349
0.966
1.179
1.218
1.297
1.605
1.435
1.980
2.086
2.147
1.556
1.645
1.684
1.536
1.706
1.697
1.812
1.858
1.835
1.610
1.779
1.796
1.390
1.664
1.663
1.715
2.071
2.008
1.404
1.721
1.651
1.718
1.836
1.878
0.773
0.915
0.919
0.956
1.115
1.053
1.354
1.438
1.427
1.926
2.080
2.013
1.082
1.374
1.314
1.139
1.610
1.589
1.348
1.750
1.638
2.596
2.570
2.642
2.644
2.616
2.690
1.042
1.338
1.386
2.525
2.543
2.512
1.551
1.934
1.941
1.440
1.443
1.697
1.514
2.155
2.138
1.902
2.012
2.002
1.450
1.554
1.548
1.015
1.363
1.624
3.410
3.672
3.661
1.424
1.650
1.629
2.245
2.411
2.385
1.736
1.917
1.945
1.548
1.924
1.859
1.677
1.862
1.853
2.055
2.161
2.031
1.089
1.219
1.224
1.401
1.540
1.502
1.327
1.539
1.584
1.288
1.458
1.385
2.145
2.277
2.252
1.456
1.515
1.834
2.319
2.422
2.388
1.535
1.740
1.741
1.672
1.815
1.763
2.193
2.190
2.270
2.127
2.281
2.233
1.507
1.747
1.726
0.900
1.092
1.017
1.217
1.373
1.237
1.841
2.070
2.082
0.844
0.963
0.921
1.420
1.501
1.497
1.290
1.691
1.627
1.525
1.443
1.566
1.604
1.880
1.893
1.849
2.056
2.045
1.366
1.586
1.618
1.706
2.089
1.913
1.478
1.667
1.603
1.620
1.928
1.916
1.634
1.739
1.771
2.036
2.121
2.120
1.346
1.394
1.398
1.122
1.337
1.271
2.261
2.527
2.563
2.103
2.147
2.130
2.222
2.305
2.307
1.872
2.211
1.998
1.783
1.895
1.892
1.802
1.826
1.938
1.836
1.963
1.995
1.937
2.260
2.217
2.952
3.118
3.093
2.811
2.931
2.926
2.070
2.328
2.212
1.289
1.662
1.638
1.292
1.540
1.589
1.902
1.944
1.974
1.741
1.802
1.882
1.642
1.800
1.791
1.265
1.436
1.389
1.958
2.123
2.096
2.516
2.852
2.716
2.631
2.748
2.728
1.566
1.676
1.686
1.202
1.308
1.290
2.188
2.253
2.298
1.129
1.355
1.345
2.325
2.290
2.297
1.130
1.411
1.437
1.325
1.632
1.580
1.643
1.899
1.858
1.093
1.193
1.195
1.093
1.215
1.147
1.508
1.580
1.588
1.762
1.835
1.883
1.727
1.901
2.018
0.952
1.079
1.078
1.957
2.206
2.223
1.607
1.843
1.697
0.846
0.912
0.964
1.266
1.622
1.679
1.222
1.317
1.349
2.806
2.826
2.944
1.016
1.179
1.368
1.736
1.876
1.872
1.120
1.416
1.561
1.021
1.068
1.230
1.021
1.068
1.195
0.961
1.110
1.147
0.879
1.065
1.041
1.885
2.157
2.161
2.655
3.050
2.900
2.168
2.480
2.497
1.435
1.602
1.665
1.271
1.579
1.624
1.479
1.685
1.578
1.436
1.589
1.634
1.345
1.346
1.416
1.345
1.346
1.500
1.669
1.779
1.816
1.670
1.807
1.801
2.689
2.673
2.622
1.544
1.920
1.774
0.901
1.248
1.223
1.302
1.669
1.663
2.884
3.360
3.132
1.648
1.854
1.737
1.961
2.320
2.368
2.305
2.520
2.541
2.762
2.930
2.870
1.482
1.626
1.966
1.261
1.470
1.453
1.193
1.335
1.203
1.809
1.910
1.974
1.733
2.072
1.838
1.400
1.482
1.858
0.952
1.039
1.084
1.068
1.312
1.288
1.152
1.259
1.549
1.500
1.613
1.625
1.848
2.341
2.026
1.439
1.777
1.703
1.466
1.716
1.675
2.897
2.978
2.930
0.989
1.119
1.062
1.704
1.778
1.799
1.704
2.020
1.700
1.499
1.813
1.613
1.499
1.567
1.525
1.932
1.964
1.973
2.457
2.469
2.512
2.128
2.307
2.263
1.724
1.865
1.832
2.426
2.554
2.519
3.104
3.267
3.275
1.553
1.706
1.845
2.139
2.407
2.328
2.235
2.511
2.525
1.454
1.609
1.566
1.269
1.413
1.322
1.745
1.812
1.806
1.602
1.918
1.898
1.166
1.982
1.516
1.166
1.758
1.470
2.879
2.907
2.916
1.855
2.007
2.112
1.443
1.676
1.651
1.069
1.408
1.408
1.546
1.806
1.687
1.811
2.115
2.067
1.053
1.413
1.456
1.139
1.786
1.405
1.426
1.660
1.634
1.613
2.119
1.952
1.250
1.378
1.360
1.245
1.506
1.408
2.132
2.205
2.132
1.351
1.419
1.643
1.754
2.007
1.970
1.541
1.890
1.909
1.545
1.884
1.771
1.950
2.123
2.143
2.786
2.925
2.884
1.870
2.157
2.057
1.191
1.509
1.617
2.015
2.205
2.277
1.657
1.779
1.871
1.218
1.435
1.416
1.064
1.436
1.447
1.278
1.671
1.551
2.135
2.432
2.687
1.537
1.599
1.667
2.636
2.705
2.644
1.673
2.008
1.908
3.014
3.082
2.960
1.632
1.766
1.800
2.559
2.732
2.676
1.730
1.968
1.971
2.344
2.542
2.560
1.573
1.701
1.761
0.960
1.132
1.083
2.528
2.713
2.643
1.320
1.945
1.400
2.495
2.658
2.621
1.050
1.253
1.258
1.202
1.409
1.361
0.990
1.402
1.141
1.376
1.436
1.556
3.029
3.059
3.099
0.724
1.105
1.015
1.516
1.615
1.573
1.796
1.891
1.851
1.839
2.003
2.008
1.906
1.967
2.000
1.768
1.914
1.934
2.230
2.601
2.545
2.075
2.213
2.205
1.241
1.503
1.474
2.353
2.425
2.384
1.049
1.256
1.232
1.162
1.536
1.613
1.937
2.157
2.123
0.886
1.228
1.209
1.277
1.271
1.369
1.464
1.509
1.477
1.593
1.615
1.506
1.438
1.521
1.561
1.278
1.454
1.430
0.969
1.207
1.201
1.048
1.373
1.402
1.423
1.696
1.699
0.910
1.278
1.237
0.941
1.068
1.069
1.403
1.591
1.517
1.455
1.689
1.655
1.191
1.501
1.442
1.066
1.317
1.232
1.438
1.602
1.585
1.689
1.834
1.820
1.528
1.676
1.689
0.965
1.106
1.098
1.242
1.600
1.549
1.240
1.398
1.386
1.181
1.321
1.350
2.121
2.281
2.307
1.664
1.737
1.705
1.019
1.158
1.164
1.035
1.110
1.123
1.552
1.639
1.618
1.808
1.892
1.882
1.386
1.610
1.632
0.917
0.986
0.980
1.342
1.707
1.686
1.737
2.054
1.895
1.999
2.188
2.138
1.999
2.188
2.160
0.795
1.059
1.048
1.493
1.873
1.597
1.079
1.246
1.270
1.355
1.495
1.466
1.851
2.179
2.114
1.467
1.622
1.598
1.190
1.347
1.317
1.225
1.436
1.558
1.119
1.418
1.386
2.878
3.381
3.291
1.260
1.488
1.484
2.057
2.062
2.208
2.223
2.454
2.445
2.814
2.852
2.693
1.470
1.688
1.615
1.534
1.583
1.572
1.890
2.073
2.113
1.916
2.084
2.054
2.280
2.400
2.431
1.041
1.322
1.211
2.501
2.665
2.616
1.842
1.987
1.953
2.267
2.657
2.498
1.098
1.112
1.063
2.276
2.618
2.513
1.759
1.973
2.199
1.161
1.315
1.304
1.465
1.601
1.564
2.838
3.102
3.002
1.417
1.568
1.574
1.774
1.862
1.848
1.643
1.705
1.698
1.398
1.660
1.499
0.886
1.126
1.261
1.126
1.406
1.424
1.291
1.510
1.452
1.291
1.727
1.366
0.962
1.084
1.267
1.077
1.449
1.543
1.689
1.345
1.506
1.525
1.256
1.429
1.416
1.574
1.823
1.793
1.751
2.106
2.232
0.978
1.385
1.197
2.364
2.492
2.480
2.030
2.246
2.248
2.318
2.474
2.432
2.735
2.916
2.903
1.607
1.721
1.709
2.055
2.126
2.109
1.878
1.912
1.880
1.485
1.631
1.585
1.475
1.602
1.690
2.035
2.170
2.154
1.711
2.043
1.981
1.629
1.762
1.759
1.630
1.827
1.731
1.913
2.107
1.928
0.980
1.456
1.404
1.635
1.696
1.854
1.635
1.696
1.836
1.922
2.016
2.014
2.230
2.260
2.350
2.943
2.996
3.011
1.434
1.696
1.654
1.643
2.042
1.993
1.914
2.256
2.200
1.623
1.769
1.673
2.035
2.196
2.099
3.111
3.237
3.279
2.256
2.372
2.385
2.704
1.919
2.216
1.996
1.587
1.843
1.814
1.591
1.701
1.599
1.343
1.564
1.370
1.343
1.657
1.525
1.417
1.557
1.556
1.113
1.261
1.210
0.888
0.938
0.932
1.422
1.494
1.529
1.319
1.504
1.416
1.040
1.253
1.473
0.780
0.889
0.899
1.955
2.079
2.020
1.577
1.701
1.737
0.814
1.075
1.020
1.404
1.551
1.542
1.181
1.752
1.320
1.007
1.196
1.123
1.039
1.215
1.215
1.590
1.749
2.021
1.031
1.183
1.154
0.768
0.920
0.879
1.300
1.373
1.343
1.594
1.772
1.772
1.413
1.508
1.495
0.939
1.078
1.028
1.679
1.778
1.731
1.469
1.671
1.756
1.236
1.599
1.578
1.624
1.873
1.854
1.235
1.412
1.406
1.614
1.802
1.807
2.065
2.305
2.083
1.152
1.484
1.469
1.085
1.285
1.278
0.958
1.130
1.342
0.944
1.112
1.070
0.982
1.391
1.390
1.164
1.888
1.466
1.164
2.017
1.612
1.437
1.412
1.404
0.952
1.152
1.087
1.468
1.816
1.635
0.731
0.906
0.919
1.465
1.774
1.660
1.658
1.713
1.802
2.391
2.449
2.457
1.388
1.769
2.126
1.138
1.504
1.333
1.428
1.629
1.512
1.428
1.629
1.564
1.527
1.631
1.612
1.801
1.949
1.905
1.111
1.390
1.382
1.460
1.592
1.582
1.779
2.087
1.998
0.997
1.158
1.056
1.194
1.447
1.317
1.500
1.771
1.699
1.792
1.897
1.899
2.409
2.830
2.784
1.659
1.894
1.881
1.313
1.565
1.541
2.127
2.192
2.226
1.622
1.766
1.983
2.693
2.696
2.721
1.675
1.864
1.972
1.365
1.550
1.616
1.404
1.668
1.631
1.097
1.431
1.436
1.514
1.828
1.651
1.878
1.993
2.009
1.170
1.427
1.555
2.066
2.129
2.165
1.950
2.227
2.219
2.093
2.291
2.289
2.662
2.774
2.759
2.061
2.395
2.352
1.746
1.941
1.916
1.851
1.968
1.988
1.922
1.928
1.869
2.908
3.390
2.986
1.912
2.317
2.143
2.040
2.332
2.336
2.997
2.774
2.991
2.219
2.270
2.250
0.956
1.025
1.059
1.240
1.273
1.549
2.328
2.432
2.435
2.312
2.665
2.548
1.813
2.010
2.062
2.588
2.666
2.686
2.105
2.139
2.147
1.173
1.574
1.557
1.440
1.470
1.467
1.142
1.226
1.255
1.081
1.381
1.326
0.815
1.000
0.996
0.806
0.888
0.886
0.938
1.061
0.995
1.099
1.302
1.298
1.086
1.435
1.266
1.197
1.336
1.303
1.108
1.265
1.281
1.453
1.616
1.699
1.173
1.362
1.431
1.267
1.392
1.363
1.086
1.346
1.317
1.022
1.530
1.530
0.849
0.991
1.007
1.156
1.106
1.235
1.387
1.473
1.718
1.173
1.239
1.265
0.828
0.919
0.876
0.868
1.080
1.072
1.162
1.398
1.398
0.847
0.964
0.792
0.940
1.281
1.214
0.999
1.305
1.275
1.190
1.452
1.322
1.068
1.126
1.161
1.289
1.313
1.428
0.762
0.832
0.701
1.394
1.536
1.482
1.364
1.441
1.422
1.133
1.278
1.244
1.329
1.448
1.468
1.338
1.430
1.336
0.963
1.070
1.099
1.970
2.211
2.096
1.429
1.484
1.469
1.527
1.625
1.601
0.652
0.735
0.732
1.625
1.877
1.855
2.013
2.151
2.164
2.241
2.418
2.380
1.987
1.979
2.053
1.617
1.878
1.940
2.211
2.252
2.221
1.063
1.181
1.185
1.985
2.380
2.197
0.870
1.076
1.028
1.325
1.431
1.295
1.972
2.590
2.203
1.670
2.290
1.962
1.128
1.475
1.367
1.960
2.062
2.052
1.673
1.746
1.785
1.992
2.143
2.220
2.220
2.515
2.553
1.244
1.268
1.297
0.863
1.224
1.276
0.944
1.332
1.442
1.317
1.554
1.609
1.541
1.706
1.647
1.549
2.061
1.969
1.555
1.662
1.646
1.843
1.909
1.905
1.162
1.395
1.347
1.053
1.511
1.317
1.935
2.071
2.219
1.241
1.492
1.447
2.131
2.369
2.468
0.823
1.172
1.283
2.458
2.560
2.585
1.998
2.161
2.162
1.558
1.971
1.838
0.949
1.082
1.060
1.034
1.288
1.179
1.850
1.930
1.987
0.926
1.251
1.200
0.934
1.081
0.999
1.317
1.382
1.378
0.893
1.122
1.096
1.754
2.158
2.071
1.783
1.802
1.793
1.422
1.576
1.489
1.246
1.323
1.246
0.813
0.964
0.883
2.003
2.212
2.222
1.445
1.524
1.698
1.291
1.430
1.358
1.291
1.503
1.481
1.439
1.621
1.621
1.109
1.281
1.282
1.655
1.609
1.688
1.574
1.741
1.732
1.170
1.395
1.445
1.515
1.581
1.610
1.221
1.377
1.517
1.549
1.628
1.679
1.358
1.395
1.401
1.134
1.188
1.174
1.735
1.735
1.868
1.735
1.735
1.816
1.473
1.682
1.594
1.291
1.489
1.809
1.136
1.412
1.384
2.345
2.493
2.413
2.045
2.137
2.135
1.586
1.658
1.633
1.172
1.333
1.323
1.630
1.741
1.751
1.846
1.958
1.901
1.611
1.655
1.682
1.034
1.186
1.175
1.867
1.918
1.939
2.636
2.749
2.676
1.403
1.637
1.580
1.003
1.274
1.285
1.098
1.282
1.291
1.798
2.097
2.056
1.653
1.833
1.853
1.702
1.792
1.757
1.279
1.496
1.467
1.732
2.074
2.018
1.111
1.274
1.270
1.349
1.473
1.453
1.525
1.656
1.669
1.525
1.656
1.623
2.801
3.000
2.965
1.088
1.248
1.205
1.207
1.451
1.484
1.431
1.676
1.710
1.011
1.133
1.133
1.451
1.541
1.582
1.526
1.679
1.742
1.222
1.510
1.548
2.840
2.994
2.966
2.905
3.073
3.095
2.372
2.477
2.442
3.282
3.428
3.395
1.694
1.950
1.879
2.419
2.488
2.406
2.750
2.856
2.944
2.814
2.962
2.985
1.163
1.394
1.317
2.176
2.237
2.152
2.489
2.603
2.748
3.277
3.378
3.391
2.528
2.574
2.606
2.663
2.820
2.819
1.473
1.594
1.585
1.761
1.858
1.830
3.083
3.118
3.148
2.442
2.569
2.558
3.428
3.432
3.996
2.702
2.796
2.808
2.253
2.389
2.350
1.994
2.437
2.345
2.211
2.304
2.300
1.837
1.963
1.983
1.715
1.806
1.764
1.624
1.697
1.663
1.127
1.479
1.770
1.868
1.894
1.865
2.385
2.714
2.706
2.868
3.153
3.133
1.717
1.988
1.864
1.370
1.284
1.480
1.654
1.796
1.834
0.866
1.154
1.151
1.638
1.855
1.878
1.257
1.348
1.350
2.173
2.240
2.205
1.783
1.919
2.014
1.820
2.074
2.054
1.919
2.188
2.155
1.310
1.789
1.555
1.428
1.544
1.532
2.735
2.857
2.838
2.864
3.415
3.343
1.948
1.933
1.986
1.453
1.819
1.732
1.223
1.462
1.423
1.466
1.569
1.527
1.821
2.241
2.018
2.051
2.162
2.327
1.264
1.433
1.558
2.385
2.432
2.413
2.410
2.523
2.529
1.504
1.609
1.592
1.960
2.112
2.062
1.680
1.855
1.779
1.680
1.855
1.858
1.631
1.815
1.861
2.126
2.281
2.336
2.319
1.572
1.654
1.914
3.013
3.067
3.075
2.045
2.527
2.291
1.442