1.398
1.495
1.349
2.794
2.891
2.806
0.754
0.906
0.839
1.385
1.394
1.360
0.977
1.037
0.747
0.564
0.693
0.648
0.561
0.753
0.574
1.650
1.738
1.665
1.212
1.395
1.316
1.208
1.361
1.234
0.406
0.490
0.478
1.088
1.153
1.127
1.395
1.455
1.414
1.465
1.534
1.530
0.737
0.889
1.224
0.567
0.746
0.689
1.067
1.117
1.082
0.851
0.998
0.971
1.035
1.163
1.017
2.195
2.218
2.165
2.553
2.622
2.560
1.942
2.081
2.027
0.808
1.039
0.965
0.919
1.024
0.924
1.131
1.257
1.220
1.217
1.430
1.236
1.245
1.482
1.362
1.875
1.992
1.917
1.413
1.627
1.287
0.961
1.086
0.973
0.869
1.059
0.993
0.777
0.908
0.770
1.638
1.664
1.573
0.449
0.736
0.547
1.288
1.446
1.231
1.370
1.567
1.497
1.263
1.402
1.293
2.295
2.352
2.322
1.978
2.124
1.899
2.026
2.147
2.074
1.013
1.053
0.991
1.296
1.452
1.386
0.870
0.995
0.919
1.273
1.349
1.061
0.515
0.719
0.610
2.188
2.183
2.122
1.898
1.911
1.856
0.962
1.194
1.101
1.668
1.774
1.649
0.516
0.900
0.565
1.812
2.010
1.905
2.369
2.433
2.300
1.164
1.227
1.031
1.073
1.362
1.124
0.815
0.847
0.782
0.815
0.913
0.832
0.936
1.071
0.980
1.931
2.042
2.009
1.400
1.463
1.388
0.912
0.910
0.925
0.831
0.970
0.905
1.973
2.044
2.055
2.006
2.073
2.048
1.060
1.148
1.091
1.040
1.111
0.938
3.036
3.094
3.064
0.697
0.803
0.721
1.590
1.684
1.659
0.839
0.947
0.756
1.632
1.694
1.731
1.137
1.277
1.190
1.038
1.114
1.099
0.996
1.104
0.943
2.341
2.377
2.331
2.260
2.300
2.303
1.492
1.537
1.465
1.531
1.570
1.543
1.874
1.917
1.881
1.151
1.231
1.123
2.096
2.155
2.064
0.843
1.193
0.914
0.459
0.645
0.445
1.612
1.722
1.615
1.488
1.579
1.523
1.494
1.682
1.608
1.064
1.266
1.109
1.246
1.263
1.256
0.597
0.718
0.619
1.381
1.431
1.426
0.718
0.806
0.757
1.417
1.475
1.450
1.032
1.056
1.067
0.757
1.029
0.910
1.715
1.849
1.794
0.518
0.733
0.530
1.365
1.443
1.386
1.034
1.128
1.082
0.820
0.952
0.954
0.984
0.952
0.957
1.975
2.084
2.016
2.283
2.599
2.314
2.575
2.545
2.500
1.281
1.408
1.337
2.292
2.358
2.330
1.791
1.938
1.787
1.747
1.835
1.792
1.632
1.631
1.636
1.662
1.723
1.639
1.058
1.291
1.092
1.136
1.335
1.188
1.734
1.848
1.747
1.902
1.953
1.861
1.680
1.779
1.714
0.555
0.695
0.613
1.968
2.079
1.932
1.401
1.756
1.735
1.651
1.657
1.577
1.131
1.257
1.220
1.728
1.908
1.779
2.281
2.330
2.386
1.859
2.020
1.905
0.539
0.739
0.561
1.127
1.168
1.064
1.526
1.624
1.546
1.071
1.031
0.913
1.132
1.211
1.175
1.823
1.875
1.825
1.647
1.788
1.739
0.902
1.124
0.861
1.466
1.563
1.484
1.162
1.210
1.167
1.099
1.329
1.164
1.044
1.113
1.012
0.834
0.988
0.895
1.501
1.553
1.567
1.515
1.696
1.618
1.187
1.257
1.084
0.832
0.856
0.827
0.889
0.947
0.900
1.391
1.479
1.436
2.016
2.105
2.067
1.138
1.346
1.276
1.389
1.446
1.430
1.279
1.356
1.286
0.801
0.812
0.771
1.361
1.417
1.367
1.479
1.662
1.546
1.073
1.249
1.215
1.630
1.900
1.759
1.854
1.908
1.866
2.156
2.218
2.198
1.246
1.475
1.385
2.546
2.558
2.543
1.458
1.592
1.541
1.430
1.488
1.474
1.900
1.931
1.792
0.422
0.438
0.404
0.873
0.978
0.949
1.426
1.585
1.472
0.655
0.970
0.716
0.611
0.866
0.717
1.108
1.150
1.107
1.500
1.566
1.507
0.888
0.955
0.781
2.251
2.422
2.420
1.421
1.492
1.521
0.655
0.794
0.789
2.167
2.207
2.122
1.433
1.500
1.413
1.414
1.473
1.223
1.088
1.177
1.022
1.273
1.319
1.273
0.811
1.048
0.874
1.307
1.330
1.342
0.732
0.891
1.316
1.230
1.265
1.168
0.794
1.014
0.861
2.679
2.815
2.741
1.995
2.092
2.026
1.609
1.717
1.598
1.522
1.634
1.424
1.683
1.711
1.603
0.688
0.758
0.701
0.606
0.721
0.652
1.017
1.086
1.103
0.672
0.783
0.673
2.404
2.463
2.424
0.850
1.052
0.894
1.666
1.855
1.779
1.120
1.200
1.091
1.195
1.288
1.223
0.796
0.881
0.782
1.043
1.190
0.953
0.917
1.097
0.964
0.687
0.825
0.732
1.432
1.445
1.411
0.943
1.160
0.889
0.844
0.899
0.846
1.747
1.821
1.821
1.071
1.123
1.105
0.770
0.961
0.824
1.416
1.410
1.298
1.604
1.748
1.693
0.826
0.906
0.909
1.763
1.877
1.831
1.655
1.723
1.713
1.335
1.417
1.283
1.017
1.279
1.238
1.816
1.888
1.812
0.932
1.050
0.935
0.901
0.849
0.806
1.369
1.316
1.345
1.600
1.680
1.643
1.454
1.526
1.477
1.227
1.450
1.310
1.235
1.311
1.248
2.581
2.667
2.683
1.223
1.324
1.253
1.715
1.758
1.619
0.698
0.862
0.779
1.493
1.551
1.484
1.147
1.216
1.185
1.793
1.968
1.871
1.448
1.543
1.451
0.428
0.547
0.415
1.811
1.980
1.900
1.417
1.486
1.524
1.361
1.551
1.331
1.004
1.138
1.029
0.822
0.828
0.777
1.805
1.886
1.847
1.501
1.510
1.450
1.291
1.383
1.266
0.648
0.709
0.651
0.944
1.065
0.986
0.663
0.728
0.682
1.888
2.035
2.012
1.497
1.599
1.563
1.580
1.760
1.657
0.637
0.720
0.666
0.761
0.869
0.822
2.619
2.766
2.754
1.344
1.567
1.372
2.871
2.919
2.973
0.770
0.996
0.834
0.763
0.843
0.811
0.558
0.601
0.616
1.244
1.319
1.103
1.091
1.224
1.094
0.777
0.824
0.821
2.115
2.159
2.138
0.924
1.048
0.976
0.922
1.035
0.995
0.608
0.679
0.663
1.017
1.253
1.116
1.513
1.570
1.539
1.798
1.849
1.754
1.689
1.688
1.671
2.046
2.099
2.080
1.055
1.166
1.082
0.887
1.131
0.910
1.283
1.451
1.219
1.589
1.691
1.657
1.302
1.414
1.311
1.850
1.936
1.808
1.112
1.235
1.183
0.753
0.973
0.868
1.133
1.158
0.908
1.171
1.287
1.203
1.064
1.126
1.115
2.275
2.391
2.349
1.081
1.180
1.062
1.282
1.402
1.204
0.525
0.665
0.527
2.711
2.749
2.725
1.241
1.298
1.242
1.148
1.147
1.087
1.615
1.672
1.611
0.671
0.915
0.750
1.143
1.184
1.123
1.016
1.031
1.024
1.061
1.127
1.006
0.627
0.663
0.647
1.425
1.549
1.361
1.472
1.528
1.544
1.565
1.493
1.395
0.821
0.917
0.863
1.954
2.062
2.006
0.910
1.060
0.955
0.474
0.669
0.565
0.959
1.043
0.940
0.817
1.083
0.646
0.896
0.873
0.856
0.944
1.014
0.955
1.105
1.271
1.089
1.310
1.444
1.443
1.015
1.172
1.162
2.295
2.516
2.343
1.100
1.120
1.002
0.835
0.887
0.830
1.992
2.110
2.017
2.076
2.113
2.089
2.117
2.162
2.126
1.439
1.366
1.333
1.220
1.398
1.189
1.261
1.359
1.270
1.164
1.428
0.861
1.575
1.631
1.478
1.215
1.274
1.228
1.700
1.959
1.702
1.206
1.253
1.211
1.096
1.206
1.155
1.326
1.425
1.352
0.884
1.114
1.057
1.121
1.236
1.196
1.803
1.835
1.820
1.927
2.092
2.010
2.016
2.028
2.022
1.509
1.533
1.512
1.162
1.381
1.337
2.239
2.252
2.145
1.398
1.496
1.398
1.829
1.841
1.810
2.080
2.056
2.010
0.900
1.002
0.921
0.952
1.116
1.047
1.024
1.099
1.064
0.966
1.095
0.991
0.484
0.632
0.544
1.006
1.158
1.190
0.864
0.973
0.945
1.286
1.348
1.330
1.752
1.964
1.851
1.451
1.499
1.478
1.195
1.248
1.219
0.837
1.032
0.913
0.944
0.992
1.007
0.817
1.153
0.922
1.063
1.369
1.154
0.940
1.117
0.957
1.095
1.295
1.201
1.214
1.337
1.232
0.633
0.707
0.576
0.900
1.028
0.901
1.087
1.145
1.122
0.649
0.776
0.693
1.123
1.121
0.972
0.990
1.148
1.052
0.579
1.161
0.729
1.011
1.093
1.021
0.577
0.661
0.653
0.886
1.065
0.933
0.838
1.011
0.893
0.407
0.557
0.471
0.571
0.816
0.636
0.931
1.031
0.952
1.627
1.645
1.548
1.097
1.185
1.112
0.739
0.897
0.825
1.120
1.200
1.125
1.293
1.454
1.328
0.891
1.012
0.966
1.542
1.607
1.566
0.980
1.014
0.886
2.363
2.525
2.443
0.611
0.716
0.605
0.795
0.838
0.829
1.035
1.145
1.062
1.035
1.245
1.073
1.364
1.430
1.362
1.653
1.702
1.603
1.320
1.392
1.346
1.389
1.424
1.410
1.707
1.862
1.773
1.153
1.292
1.140
0.891
0.988
0.799
1.758
1.823
1.772
2.872
2.908
2.577
1.795
1.873
1.875
1.797
1.874
1.837
1.301
1.389
1.297
1.192
1.339
1.233
1.147
1.259
1.073
1.946
1.993
1.930
1.453
1.521
1.512
1.980
2.062
1.990
0.804
1.120
0.857
1.346
1.425
1.240
1.010
1.100
1.059
1.803
1.818
1.698
1.565
1.583
1.551
0.945
1.091
0.903
1.126
1.199
1.092
1.388
1.426
1.425
1.112
1.294
1.169
1.507
1.568
1.486
1.294
1.406
1.198
0.995
1.087
1.005
0.728
0.934
0.741
0.521
0.681
0.533
1.402
1.491
1.408
1.589
1.950
1.557
1.355
1.513
1.346
0.433
0.542
0.491
1.284
1.492
1.321
0.671
0.853
0.796
0.716
0.809
0.740
2.167
2.319
2.164
1.548
1.686
1.945
1.096
1.179
0.999
1.041
1.174
1.161
0.669
0.915
0.968
0.890
1.068
0.953
0.761
0.877
0.822
0.704
0.882
0.750
0.787
0.904
0.790
1.419
1.508
1.417
2.260
2.346
2.278
1.157
1.262
1.179
1.470
1.566
1.440
0.919
1.160
1.045
0.862
0.975
0.879
1.011
1.183
1.005
1.530
1.646
1.525
2.239
2.281
2.220
1.368
1.422
1.397
0.578
0.699
0.640
2.223
2.322
2.269
1.332
1.392
1.336
1.582
1.629
1.650
1.147
1.288
0.979
1.147
1.280
1.234
1.059
1.175
1.094
0.940
1.103
0.980
1.511
1.661
1.542
1.988
2.006
1.949
1.291
1.460
1.232
0.688
0.888
0.753
0.799
0.904
0.832
0.698
0.841
0.772
0.514
0.687
0.541
0.945
1.099
0.965
1.464
1.552
1.547
1.374
1.440
1.452
0.602
0.825
0.659
0.531
0.641
0.560
1.198
1.215
1.186
0.827
0.981
0.893
1.219
1.316
1.215
0.928
1.026
0.937
1.250
1.272
1.289
0.693
0.752
0.714
1.801
1.883
1.796
1.724
1.811
1.784
1.540
1.782
1.723
1.188
1.268
1.125
1.988
2.075
1.966
1.184
1.236
1.096
0.969
1.394
1.031
0.969
1.231
1.110
0.812
0.982
0.892
1.124
1.228
1.196
0.878
0.979
0.854
1.591
1.682
1.658
0.724
0.776
0.690
0.852
0.814
0.838
0.685
1.022
0.767
0.721
0.811
0.686
1.101
1.185
1.148
2.856
2.868
2.878
1.581
1.707
1.629
1.787
1.965
1.815
0.885
1.137
0.921
1.125
1.184
1.128
1.778
1.826
1.663
1.732
2.143
1.773
1.674
1.804
1.682
0.841
0.974
0.921
1.120
1.328
1.113
1.567
1.673
1.599
0.595
0.758
1.066
1.178
1.139
1.121
2.810
3.041
2.732
0.865
1.006
0.804
1.208
1.251
1.226
0.836
1.048
1.383
2.767
2.845
2.811
1.354
1.548
1.492
2.157
2.192
2.057
0.736
0.885
0.795
0.564
0.630
0.578
1.296
1.375
1.292
3.254
3.314
3.295
1.181
1.235
1.174
1.762
1.853
1.690
0.564
0.728
0.574
2.036
2.269
2.297
0.618
0.855
0.751
1.494
1.630
1.473
1.153
1.233
1.171
1.142
1.188
1.134
1.573
1.646
1.608
2.117
2.122
2.083
1.669
1.861
1.619
1.008
1.062
1.007
0.769
0.872
0.778
1.546
1.853
1.569
1.546
1.792
1.569
1.546
1.788
1.569
1.003
1.050
0.977
1.343
1.486
1.458
1.643
1.724
1.624
1.255
1.368
1.273
1.761
1.831
1.781
0.958
1.101
0.927
1.752
1.826
1.646
1.154
1.208
1.166
1.271
1.479
1.351
1.003
1.150
1.058
1.089
1.178
1.124
1.132
1.169
1.177
0.933
1.047
1.017
1.664
1.780
1.605
1.432
1.521
1.431
1.691
1.634
1.676
1.697
1.692
1.768
1.697
1.692
1.768
0.940
1.285
0.976
1.810
1.805
1.613
0.832
1.156
0.856
0.832
1.156
0.856
1.624
1.788
1.690
0.865
0.946
0.903
1.000
1.169
0.828
2.165
2.177
2.095
0.700
0.812
0.704
1.126
1.359
1.197
1.036
1.233
1.144
2.123
2.208
2.138
1.166
1.199
1.168
1.797
1.877
1.811
1.408
1.548
1.400
1.071
1.144
1.070
0.728
0.967
0.795
1.130
1.184
0.989
1.330
1.380
1.217
1.158
1.194
1.138
1.223
1.290
1.255
1.235
1.351
1.301
0.873
0.955
0.882
1.062
1.275
1.045
1.438
1.489
1.455
0.790
0.928
0.780
1.120
1.221
1.036
1.810
1.842
1.820
0.482
0.730
0.623
0.716
0.794
0.710
0.802
0.948
0.898
0.495
0.737
0.630
1.007
1.298
1.050
0.585
0.781
0.599
1.445
1.429
1.418
1.965
2.009
1.951
0.738
0.845
0.768
1.541
1.736
1.688
1.706
1.764
1.602
0.778
1.021
0.857
0.743
0.845
0.767
1.446
1.601
1.489
1.854
1.845
1.856
1.123
1.125
1.031
0.403
0.527
0.386
0.695
1.034
0.720
1.303
1.411
1.299
1.706
1.713
1.691
0.995
1.120
1.078
1.326
1.485
1.321
1.306
1.351
1.294
1.144
1.117
1.024
1.666
1.783
1.740
1.643
1.660
1.522
2.081
2.138
2.096
1.524
1.686
1.655
1.376
1.435
1.364
1.513
1.464
1.470
1.439
1.531
1.519
1.015
1.191
1.087
0.922
1.007
0.920
1.023
1.231
1.106
3.093
3.133
3.141
1.266
1.375
1.186
1.140
1.219
1.159
0.734
0.906
0.749
0.987
1.003
1.024
1.002
1.051
1.026
1.335
1.424
1.300
2.660
2.665
2.712
2.291
2.408
2.370
1.744
1.757
1.715
1.396
1.464
1.409
1.345
1.403
1.299
0.664
0.722
0.653
2.795
2.858
2.793
1.343
1.456
1.319
1.494
1.650
1.204
1.115
1.168
1.164
1.648
1.729
1.577
1.796
1.922
1.784
1.422
1.500
1.423
1.550
1.588
1.579
1.744
1.804
1.760
0.638
0.842
0.753
0.968
1.068
1.009
1.466
1.600
1.402
1.519
1.513
1.418
1.435
1.525
1.427
0.914
0.996
0.974
1.633
1.757
1.700
0.785
0.895
0.832
1.407
1.449
1.452
1.407
1.449
1.452
1.488
1.540
1.472
2.133
2.126
2.231
0.876
0.985
0.825
1.311
1.452
1.320
1.395
1.550
1.362
1.623
1.771
1.659
0.795
0.905
0.792
0.871
1.014
0.914
1.484
1.532
1.394
1.230
1.360
1.150
1.637
1.619
1.601
0.719
0.985
0.852
1.369
1.425
1.351
1.938
2.159
2.136
1.958
2.010
1.942
0.868
0.944
0.850
1.486
1.455
1.386
0.718
0.815
0.661
1.136
1.162
1.057
1.263
1.315
1.298
2.083
2.531
2.499
2.112
2.185
2.089
2.678
2.732
2.791
1.178
1.246
1.180
0.802
0.820
0.818
0.789
0.825
0.801
0.637
1.092
0.670
1.690
1.768
1.706
1.389
1.372
1.375
1.625
1.757
1.649
1.530
1.658
1.555
1.641
1.614
1.519
0.705
0.874
0.821
0.981
1.104
1.006
0.666
0.859
0.774
1.045
1.159
1.058
1.517
1.552
1.450
1.735
1.828
1.786
0.871
1.038
0.969
1.126
1.174
0.936
1.491
1.594
1.500
2.059
2.181
2.108
1.433
1.663
1.535
1.670
1.806
1.629
1.034
1.102
1.063
2.801
2.843
2.827
1.099
1.194
1.166
0.582
0.862
0.645
1.021
1.139
1.081
2.414
2.486
2.416
0.856
0.965
0.796
1.255
1.298
1.236
0.667
0.709
0.718
1.968
2.042
2.120
0.929
1.128
1.136
0.644
0.726
0.606
1.394
1.537
1.466
1.498
1.594
1.610
1.354
1.490
1.407
1.691
1.768
1.589
0.843
1.286
0.971
1.069
1.243
1.118
2.515
2.628
2.519
1.747
1.823
1.783
1.438
1.570
1.554
2.104
2.250
2.161
0.752
1.441
0.867
0.692
0.802
0.731
0.526
0.733
0.622
1.400
1.605
1.544
0.749
0.770
0.722
0.651
0.784
0.700
1.324
1.405
1.377
1.580
1.683
1.591
2.110
2.207
2.142
1.016
1.250
1.191
0.945
0.954
0.869
2.062
2.096
2.007
2.422
2.543
2.450
1.712
1.817
1.708
0.764
0.914
0.811
1.206
1.241
1.024
1.612
1.702
1.644
1.012
1.092
1.156
1.953
2.025
2.031
1.084
1.102
1.009
2.598
2.856
2.873
1.278
1.516
1.398
1.649
1.694
1.728
1.574
2.064
1.947
0.706
0.857
0.767
1.888
1.952
1.929
1.004
1.028
0.925
1.560
1.523
1.420
0.400
0.519
0.435
1.154
1.175
1.121
1.453
1.526
1.497
0.943
1.087
1.007
0.775
0.857
0.755
1.800
1.842
1.801
1.267
1.331
1.257
1.572
1.709
1.496
1.950
2.036
2.019
1.134
1.114
1.082
1.757
1.871
1.817
1.502
1.638
1.502
1.127
1.185
1.131
1.508
1.637
1.379
1.483
1.560
1.545
0.614
0.735
0.654
0.765
1.171
1.025
1.219
1.317
1.266
0.724
0.899
0.778
0.925
1.056
0.997
2.058
2.111
2.166
0.900
1.035
0.922
1.346
1.416
1.352
0.780
0.789
0.729
1.177
1.264
1.122
0.691
0.780
0.726
1.199
1.320
1.258
4.188
4.221
4.159
1.044
1.219
1.119
2.169
2.382
2.304
0.882
1.171
0.937
0.933
0.983
0.871
0.905
1.046
0.974
1.474
1.511
1.387
2.312
2.448
2.367
0.697
0.867
0.805
0.713
0.864
0.813
1.343
1.408
1.355
1.151
1.230
1.069
2.068
2.378
2.243
1.318
1.441
1.392
1.786
1.797
1.812
1.340
1.467
1.366
1.869
1.911
1.844
1.557
1.707
1.646
2.638
2.652
2.670
1.315
1.450
1.312
1.805
1.901
1.807
0.987
1.042
0.903
0.787
0.863
0.575
1.451
1.598
1.546
0.606
0.834
0.685
1.642
1.586
1.501
1.795
1.816
1.720
0.728
0.887
0.769
2.139
2.193
2.105
1.023
1.161
1.064
2.409
2.505
2.429
0.527
0.676
0.620
1.867
1.921
1.849
0.899
1.016
0.832
0.802
0.937
0.761
1.489
1.490
1.480
1.056
1.130
1.074
0.913
1.046
0.905
0.896
0.974
0.803
1.075
1.085
1.017
0.618
0.730
0.677
1.621
1.692
1.682
1.518
1.586
1.475
1.327
1.653
1.694
1.136
1.282
1.211
1.467
1.672
1.550
1.868
1.869
1.843
0.852
0.957
0.879
0.906
1.007
0.852
1.494
1.600
1.502
1.376
1.521
1.409
1.351
1.431
1.375
0.627
0.749
0.637
0.498
0.640
0.576
1.571
1.698
1.659
1.743
1.794
1.691
0.771
0.998
0.869
1.743
1.794
1.691
1.471
1.534
1.503
0.950
0.989
0.962
1.220
1.343
1.262
0.837
0.937
0.874
1.060
1.170
1.125
1.041
1.163
1.096
2.445
2.538
2.495
1.397
1.464
1.395
1.536
1.663
1.551
0.633
0.814
0.645
0.647
0.939
0.968
1.427
1.449
1.462
0.774
0.845
0.652
0.615
0.793
0.577
0.789
1.066
0.907
0.820
1.073
0.886
0.981
1.042
0.901
1.461
1.597
1.451
0.806
0.845
0.693
1.190
1.279
1.015
0.849
0.904
0.819
1.168
1.189
1.141
0.823
1.014
1.208
0.705
0.827
0.750
1.149
1.306
1.260
1.036
1.189
1.117
1.104
1.115
1.016
1.272
1.321
1.284
1.209
1.365
1.359
1.294
1.366
1.237
1.514
1.576
1.526
1.579
1.673
1.554
0.625
0.728
0.492
1.287
1.472
1.302
1.045
1.245
1.264
1.042
1.109
1.067
1.880
1.947
1.934
1.052
1.109
0.969
1.155
1.197
1.177
1.179
1.236
1.113
1.249
1.274
1.247
1.205
1.420
1.220
1.535
1.519
1.415
1.341
1.463
1.288
1.114
1.031
0.971
0.709
0.836
0.727
1.204
1.296
1.152
1.232
1.362
1.263
0.813
0.928
0.791
2.146
2.290
2.120
1.475
1.625
1.644
2.360
2.419
2.369
1.755
2.083
2.017
0.858
0.936
0.791
0.842
0.892
0.886
1.425
1.428
1.427
0.917
0.991
0.974
0.817
0.873
0.672
2.155
2.337
2.277
2.555
2.601
2.405
2.149
2.184
2.251
1.638
1.750
1.664
0.785
0.968
0.811
1.001
1.153
1.063
2.333
2.425
2.353
0.946
1.051
0.985
0.824
0.980
0.915
0.748
1.066
0.792
0.919
0.994
0.911
0.821
0.976
0.904
2.598
2.728
2.741
0.623
0.794
0.546
1.529
1.715
1.560
1.001
1.100
1.052
1.025
1.083
0.991
1.092
1.338
1.261
0.611
0.816
0.678
0.694
0.823
0.753
0.745
0.843
0.753
0.963
1.112
1.052
1.339
1.414
1.368
1.464
1.524
1.460
0.676
0.709
0.714
0.702
0.823
0.760
2.031
2.096
2.173
0.605
0.760
0.717
0.973
1.097
1.027
1.557
1.629
1.523
1.020
1.032
0.880
1.365
1.395
1.340
0.817
0.984
0.807
0.682
0.740
0.714
0.929
1.026
0.919
1.159
1.244
1.287
1.382
1.525
1.546
1.382
1.669
1.658
0.973
1.060
0.975
0.920
1.054
0.942
1.378
1.482
1.416
1.210
1.255
1.216
0.726
0.867
0.701
0.684
0.795
0.707
1.828
1.786
1.725
1.827
1.980
1.919
1.522
1.696
1.452
1.329
1.388
1.357
1.099
1.097
1.161
1.237
1.332
1.217
0.631
0.809
0.682
1.256
1.287
1.295
1.526
1.583
1.489
0.597
0.718
0.629
1.656
1.715
1.672
1.754
1.816
1.689
0.823
0.923
0.851
1.701
1.734
1.694
2.453
2.482
2.375
0.899
0.966
0.897
1.681
1.730
1.717
1.810
1.931
1.829
0.713
0.697
0.607
1.286
1.409
1.327
0.826
0.906
0.788
2.145
2.222
2.051
0.763
0.962
0.745
1.333
1.412
1.389
0.742
0.995
0.863
1.917
1.939
1.971
2.158
2.341
2.467
1.868
1.954
1.920
1.105
1.254
1.117
0.749
0.960
0.841
0.776
0.946
0.877
1.010
1.080
1.072
1.141
1.304
1.249
2.263
2.278
2.210
1.711
1.693
1.732
1.109
1.121
1.046
1.854
1.909
1.839
2.230
2.288
2.327
1.735
1.811
1.691
2.051
2.108
2.033
1.952
2.172
1.943
1.203
1.396
1.490
1.282
1.371
1.355
1.957
2.082
2.032
1.467
1.618
1.419
1.369
1.572
1.454
1.369
1.484
1.482
1.794
1.825
1.685
1.284
1.278
1.275
2.374
2.430
2.318
1.922
1.936
1.908
1.311
1.581
1.400
2.399
2.475
2.406
1.103
1.237
1.198
0.475
0.564
0.480
1.283
1.433
1.664
1.771
1.854
1.788
1.488
1.547
1.538
0.562
0.657
0.627
1.236
1.292
1.182
1.919
2.010
1.955
1.113
1.235
1.040
1.615
1.733
1.670
2.175
2.256
2.224
1.127
1.460
1.458
1.813
1.905
1.787
0.759
0.783
0.676
1.492
1.510
1.471
1.416
1.569
1.343
1.879
1.903
1.795
1.199
1.401
1.335
1.298
1.427
1.201
1.573
1.716
1.630
1.483
1.457
1.300
1.119
1.139
1.143
1.042
1.272
1.071
2.077
2.052
1.807
0.577
0.798
0.692
1.131
1.170
1.048
0.797
0.885
0.850
1.117
1.316
1.092
2.308
2.330
2.255
1.970
2.065
1.932
1.565
1.571
1.528
0.760
0.880
0.767
1.774
1.779
1.635
0.793
1.011
0.870
1.469
1.629
1.637
1.369
1.565
1.527
1.492
1.541
1.422
1.138
1.228
1.097
1.591
1.629
1.556
1.759
1.882
1.779
2.360
2.442
2.375
0.876
0.978
0.885
2.317
2.416
2.307
1.396
1.481
1.490
1.073
1.027
1.034
1.566
1.605
1.448
1.038
1.165
1.083
1.144
1.216
1.176
1.757
1.778
1.808
1.393
1.519
1.431
0.950
1.016
0.971
1.412
1.478
1.462
1.467
1.554
1.224
1.024
1.180
1.086
1.656
1.692
1.642
0.463
0.679
0.635
1.479
1.531
1.459
1.819
1.834
1.802
0.882
0.990
0.907
0.974
1.103
0.963
0.806
0.971
0.672
0.940
0.977
0.991
1.572
1.655
1.574
1.451
1.514
1.325
1.181
1.250
1.129
1.332
1.409
1.291
0.859
1.000
0.964
0.576
0.673
0.523
1.441
1.630
1.483
0.908
1.014
0.971
0.778
0.851
0.843
0.935
0.982
0.998
0.486
0.589
0.531
1.393
1.405
1.396
1.474
1.567
1.447
0.656
0.745
0.732
1.271
1.330
1.343
1.573
1.672
1.612
1.182
1.395
1.285
1.071
1.178
1.156
0.766
0.812
0.763
0.900
1.038
0.954
1.522
1.555
1.548
0.862
0.962
0.932
2.131
2.182
2.141
1.028
1.476
0.929
0.863
1.025
0.880
0.858
1.002
0.858
2.083
2.066
2.095
1.331
1.367
1.334
1.580
1.696
1.586
0.755
0.880
0.756
2.623
2.652
2.448
1.154
1.348
1.242
1.269
1.301
1.118
0.792
1.002
0.912
0.941
1.470
1.453
1.182
1.227
1.080
1.224
1.353
1.292
1.891
1.909
1.880
0.647
0.778
0.504
1.986
2.094
1.898
1.111
1.220
1.138
1.299
1.433
1.299
0.925
1.123
1.005
0.835
1.028
0.909
0.720
0.718
0.655
1.102
1.083
1.012
0.881
0.951
0.926
0.792
0.864
0.760
1.144
1.498
1.110
0.973
1.010
0.892
0.700
0.799
0.754
0.988
0.987
1.001
0.915
1.026
0.929
1.351
1.456
1.348
0.864
1.007
0.959
0.965
1.113
0.954
2.008
2.112
2.060
0.614
0.806
0.656
1.051
1.178
1.077
1.425
1.525
1.498
1.021
1.058
1.032
1.176
1.226
1.155
1.169
1.236
1.188
0.857
1.051
0.908
1.137
1.282
1.219
2.260
2.840
2.214
1.419
1.483
1.423
1.890
1.944
1.863
1.430
1.450
1.312
1.173
1.264
1.176
1.668
1.723
1.606
0.595
0.689
0.567
1.368
1.510
1.507
1.274
1.368
1.238
1.148
1.295
1.211
1.166
1.233
1.071
2.320
2.417
2.419
1.104
1.306
1.190
0.795
0.810
0.795
1.488
1.550
1.379
0.815
0.905
0.871
1.498
1.544
1.496
0.944
1.104
1.017
1.258
1.334
1.594
1.591
1.663
1.644
1.137
1.252
1.157
1.697
1.731
1.626
0.797
0.977
0.864
1.283
1.402
1.374
1.789
1.825
1.793
1.572
1.636
1.615
1.338
1.855
1.967
1.817
1.889
1.805
1.391
1.549
1.433
0.835
1.402
0.856
1.163
1.364
1.206
1.162
1.236
1.236
1.192
1.312
1.226
1.245
1.406
1.335
1.585
1.804
1.778
0.299
0.527
0.419
0.752
0.885
0.784
1.176
1.313
1.225
1.098
1.695
1.679
1.297
1.382
1.121
0.846
0.915
0.872
1.010
1.201
1.079
1.123
1.219
1.062
1.085
1.089
1.045
1.014
1.060
1.019
0.859
1.001
0.801
1.417
1.439
1.435
2.233
2.248
2.246
1.599
1.667
1.651
1.024
1.199
1.071
1.098
1.264
1.153
0.620
0.821
0.704
0.750
0.839
0.791
1.720
1.767
1.742
1.044
1.133
1.057
0.833
1.037
0.913
0.717
0.848
0.775
0.857
0.987
0.808
0.643
1.029
1.033
0.794
0.843
0.720
1.217
1.280
1.206
1.652
1.791
1.645
0.914
1.010
0.975
0.914
1.133
1.085
1.642
1.706
1.689
0.954
1.135
1.081
1.631
1.701
1.617
1.057
1.231
1.098
1.132
1.151
1.057
1.301
1.381
1.307
1.349
1.405
1.341
1.085
1.195
1.053
1.005
1.080
0.977
1.085
1.212
1.081
1.773
1.846
1.809
0.981
1.021
0.978
1.382
1.475
1.419
1.744
1.785
1.736
1.688
1.769
1.719
0.554
0.714
0.537
1.264
1.411
1.346
2.140
2.159
2.149
1.398
1.499
1.798
1.806
1.922
1.876
0.745
0.886
0.812
1.170
1.260
1.139
1.572
1.583
1.505
3.155
3.208
3.265
0.700
0.767
0.683
1.287
1.397
1.277
1.268
1.429
1.351
1.268
1.257
1.270
1.156
1.254
1.044
2.441
2.526
2.450
1.350
1.338
1.470
1.195
1.368
1.285
0.587
0.734
0.596
1.344
1.383
1.353
2.258
2.250
2.180
1.182
1.355
1.198
1.106
1.221
1.102
1.621
1.718
1.637
1.303
1.394
1.339
1.816
1.761
1.796
0.960
1.047
0.887
1.650
1.737
1.619
0.589
0.758
0.598
1.576
1.749
1.606
0.989
1.054
0.910
0.996
1.099
1.002
0.852
0.971
0.883
0.852
0.971
0.883
0.850
1.045
0.973
1.960
2.049
1.947
1.847
1.890
1.852
1.428
1.593
1.505
0.758
0.901
1.033
1.214
1.383
1.130
1.042
1.015
1.074
0.819
0.953
0.826
1.237
1.316
1.266
2.183
2.278
2.240
1.230
1.264
1.337
0.901
0.950
0.774
0.918
1.120
0.887
2.562
2.637
2.545
1.002
1.176
1.041
1.063
1.102
0.898
1.250
1.390
1.298
1.364
1.549
1.360
0.795
0.882
0.819
1.249
1.325
1.238
0.675
0.987
0.829
0.770
0.913
0.782
0.852
0.962
0.875
0.675
0.763
0.766
1.539
1.753
1.598
1.420
1.472
1.362
1.035
1.163
0.866
1.131
1.138
0.997
1.565
1.639
1.612
1.808
1.905
1.859
1.612
1.604
1.614
1.119
1.195
1.194
1.233
1.342
1.285
0.901
0.954
0.860
1.658
1.787
1.667
0.876
0.980
0.874
1.840
1.848
1.870
0.835
1.032
0.918
1.119
1.225
1.149
1.083
1.148
1.083
1.776
1.795
1.756
2.220
2.331
2.251
1.566
1.621
1.525
1.558
1.821
1.757
1.239
1.428
1.429
2.847
2.873
2.816
0.894
1.091
0.936
0.504
0.721
0.601
2.400
2.548
2.709
0.691
0.847
0.621
1.102
1.253
1.117
0.737
0.799
0.655
1.515
1.563
1.356
1.196
1.365
1.225
0.731
0.948
0.849
1.296
1.382
1.289
0.935
1.042
0.990
1.695
1.692
1.652
1.196
1.295
1.199
0.677
0.867
0.745
0.937
0.996
0.894
0.468
0.660
0.513
0.702
0.822
0.751
1.622
1.745
1.678
1.297
1.412
1.266
0.845
0.993
0.849
1.353
1.428
1.354
0.959
1.307
0.969
2.183
2.229
2.172
1.108
1.179
1.145
1.250
1.374
1.293
1.159
1.251
1.122
2.601
2.630
2.570
0.979
1.070
1.027
0.898
0.967
0.895
0.694
0.887
0.748
1.153
1.122
1.116
1.806
1.921
1.838
1.586
1.644
1.638
1.472
1.720
1.623
1.189
1.250
1.180
1.189
1.250
1.180
2.508
2.638
2.523
0.600
0.727
0.629
2.190
2.260
2.224
0.781
0.958
0.736
1.237
1.282
1.244
1.502
1.559
1.554
1.362
1.400
1.316
1.239
1.332
1.241
0.901
1.042
0.906
2.411
2.548
2.470
1.708
1.816
1.717
1.284
1.301
1.290
1.010
1.159
1.049
2.231
2.295
2.243
2.906
2.968
2.901
0.781
0.958
0.736
0.587
0.780
0.625
1.567
1.653
1.596
2.143
2.164
2.067
1.784
1.718
1.733
0.927
1.083
0.994
1.580
1.855
1.588
1.340
1.443
1.415
0.627
0.740
0.671
1.550
1.575
1.593
1.492
1.696
1.517
2.881
2.973
2.924
0.908
1.037
0.882
1.556
1.601
1.576
0.909
1.076
0.986
1.204
1.322
1.270
1.705
1.805
1.787
0.701
0.972
0.851
1.345
1.426
1.370
1.672
1.717
1.682
1.352
1.448
1.311
1.904
1.962
1.958
1.872
1.941
1.906
0.860
1.031
0.973
0.943
1.063
0.933
1.223
1.272
1.225
2.247
2.330
2.136
1.021
1.185
1.072
1.696
1.712
1.579
0.958
1.127
0.996
1.865
1.974
1.876
1.768
1.859
1.797
1.426
1.525
1.629
1.234
1.312
1.317
1.002
1.079
0.917
1.049
1.131
1.089
1.467
1.545
1.451
1.435
1.508
1.381
1.404
1.464
1.530
1.365
1.347
1.263
0.778
0.927
0.804
0.778
0.883
0.963
1.195
1.259
1.175
1.690
1.814
1.734
0.489
0.705
0.502
1.644
1.819
1.755
2.016
2.116
2.154
2.132
2.180
2.229
2.241
2.382
2.277
0.822
0.939
0.849
1.568
1.680
1.595
0.891
1.046
1.041
1.374
1.357
1.266
0.734
0.965
0.824
1.138
1.190
1.181
1.827
1.953
1.711
0.795
0.924
0.899
1.482
1.750
1.500
1.403
1.317
1.310
1.276
1.369
1.315
1.502
1.689
1.553
1.309
1.385
1.363
1.452
1.511
1.465
1.261
1.442
1.316
0.901
0.983
0.988
0.549
0.741
0.586
1.164
1.290
1.207
1.300
1.332
1.318
0.907
0.918
0.912
0.878
1.164
0.901
1.372
1.419
1.397
1.187
1.335
1.220
2.392
2.460
2.482
0.914
1.127
1.049
2.560
2.687
2.655
1.305
1.368
1.321
1.508
1.972
1.501
0.612
0.762
0.699
1.017
1.264
1.159
1.945
1.938
1.898
2.202
2.240
2.242
2.440
2.484
2.405
1.043
1.216
1.002
1.196
1.264
1.211
1.287
1.381
1.282
0.888
1.080
0.939
0.815
0.987
0.909
1.325
1.433
1.334
2.078
1.901
1.874
1.153
1.357
1.319
0.654
0.758
0.669
0.929
1.007
0.963
1.303
1.354
1.284
0.749
0.876
0.745
1.362
1.648
1.398
1.779
2.025
1.888
1.160
1.163
1.090
2.330
2.368
2.350
1.929
2.109
1.727
0.766
0.945
0.799
1.367
1.391
1.159
1.178
1.428
1.325
1.335
1.353
1.279
1.302
1.448
1.268
3.024
2.971
2.989
1.668
1.796
1.751
0.985
1.070
0.984
1.220
1.336
1.277
0.861
0.960
0.785
0.781
1.061
0.776
1.342
1.373
1.234
0.560
0.784
0.630
0.734
0.891
0.836
1.242
1.325
1.196
1.228
1.347
1.271
0.753
0.925
0.805
1.043
1.098
1.065
1.950
1.946
1.954
1.708
1.737
1.492
1.212
1.332
1.266
1.303
1.414
1.311
0.539
0.551
0.540
1.111
1.252
1.135
0.571
0.704
0.585
1.183
1.253
1.265
1.001
1.141
1.006
0.601
0.891
0.726
1.100
1.139
1.065
2.140
2.222
2.114
1.271
1.346
1.348
1.470
1.533
1.484
1.537
1.628
1.522
1.685
1.662
1.682
1.638
1.673
1.650
1.102
1.159
0.984
1.750
1.810
1.804
0.757
0.836
0.766
1.133
1.175
1.197
0.758
0.820
0.671
1.286
1.517
1.186
1.760
1.710
1.685
1.204
1.296
1.175
1.434
1.486
1.463
1.438
1.613
1.584
0.984
1.115
0.993
0.661
0.773
0.740
0.656
0.709
0.653
0.832
0.991
0.951
1.828
1.815
1.742
1.526
1.616
1.394
0.926
1.105
0.988
0.659
0.815
0.716
1.269
1.391
1.263
1.669
1.737
1.636
1.882
1.900
1.841
1.709
1.767
1.728
1.159
1.324
1.156
0.782
0.927
0.889
0.979
1.171
1.025
0.988
1.102
1.013
1.966
2.028
2.034
1.206
1.353
1.090
0.483
0.681
0.584
0.723
0.880
0.702
0.723
0.880
0.702
2.202
2.367
2.316
1.632
1.832
1.779
1.669
1.846
1.766
0.848
1.111
0.931
0.903
0.936
0.831
0.852
0.978
0.874
1.333
1.336
1.398
1.028
1.160
1.070
0.713
0.930
0.823
1.301
1.307
1.308
1.242
1.307
1.180
1.012
1.071
1.050
1.089
1.194
1.181
1.444
1.697
1.527
1.087
1.175
1.119
0.544
0.769
0.693
0.894
1.020
0.973
1.161
1.237
1.162
1.406
1.500
1.337
1.369
1.455
1.351
1.632
1.728
1.692
0.745
0.793
0.725
1.030
1.172
1.013
1.266
1.394
1.345
0.841
1.022
0.832
0.708
0.826
0.753
1.069
1.133
1.074
0.531
0.749
0.557
1.696
1.833
1.776
0.889
0.940
0.886
1.040
1.115
1.041
0.840
0.972
0.859
0.697
0.837
0.683
1.225
1.408
1.256
1.191
1.306
1.121
0.976
1.086
0.844
0.911
0.986
0.900
1.419
1.467
1.336
0.415
0.476
0.443
0.790
0.900
0.791
1.847
1.930
1.881
1.990
2.097
2.009
1.867
1.892
1.915
1.318
1.339
1.363
1.018
1.156
1.073
2.183
2.288
2.156
0.509
0.753
0.605
2.245
2.309
2.240
0.896
1.002
0.968
1.022
1.081
1.010
1.428
1.546
1.415
1.082
1.653
1.216
1.759
1.796
1.747
1.840
1.944
1.870
0.846
0.885
0.761
1.119
1.269
1.179
1.098
1.171
1.129
1.279
1.318
1.217
0.516
0.616
0.574
2.111
2.216
2.265
1.858
1.892
1.808
2.423
2.409
2.402
0.485
0.681
0.655
1.310
1.430
1.516
1.247
1.320
1.286
1.098
1.161
0.936
1.370
1.432
1.383
1.975
2.132
2.051
1.975
2.179
2.051
0.997
1.044
0.956
2.412
2.439
2.428
1.788
1.844
1.842
0.946
1.139
0.933
1.726
1.743
1.707
0.854
0.942
0.824
1.475
1.408
1.473
0.994
1.052
1.038
1.424
1.650
1.542
1.112
1.205
1.037
1.595
1.708
1.486
1.139
1.112
1.043
1.856
1.882
1.856
2.030
2.053
1.990
2.700
2.881
2.784
1.134
1.339
1.275
1.480
1.668
1.318
2.361
2.368
2.368
1.002
1.078
1.003
1.420
1.513
1.439
0.921
1.057
0.975
1.210
1.253
1.190
1.416
1.416
1.332
0.774
0.962
0.820
2.216
2.412
2.434
0.794
0.930
0.804
1.367
1.469
1.263
1.710
1.968
1.785
0.984
1.095
1.027
0.536
0.713
0.594
1.815
1.902
1.865
2.405
2.446
2.471
1.324
1.396
1.259
1.083
1.297
1.174
2.088
2.147
2.117
1.816
1.945
1.860
0.713
0.869
0.751
1.664
1.653
1.680
0.489
0.667
1.024
1.656
1.712
1.802
1.209
1.353
1.125
1.286
1.334
1.292
2.046
2.181
2.025
1.349
1.409
1.301
0.884
0.950
0.904
0.690
0.807
0.702
1.617
1.762
1.649
1.859
1.925
1.861
0.964
1.070
1.058
1.444
1.465
1.471
1.372
1.513
1.394
1.528
1.607
1.527
1.147
1.271
1.086
1.210
1.488
1.270
0.954
0.988
0.888
1.292
1.418
1.291
1.360
1.436
1.357
0.967
1.085
0.975
0.725
0.944
0.771
1.557
1.597
1.531
1.580
1.575
1.543
1.624
1.712
1.545
0.903
0.951
0.861
1.206
1.285
1.354
0.952
1.031
0.911
1.628
1.681
1.654
1.670
1.575
1.614
1.985
1.985
1.997
0.847
0.889
0.821
1.233
1.297
1.247
1.252
1.461
1.506
1.952
1.980
1.919
0.631
0.835
0.706
1.278
1.314
1.251
1.666
1.777
1.850
1.490
1.610
1.566
1.490
1.679
1.622
1.646
2.143
2.041
1.318
1.373
1.363
1.148
1.171
1.124
1.135
1.146
1.118
1.889
1.992
1.788
0.443
0.590
0.480
1.510
1.649
1.627
1.015
1.057
0.958
0.430
0.627
0.526
1.921
1.930
1.937
1.117
1.280
1.186
0.776
0.917
0.723
1.467
1.510
1.501
1.266
1.369
1.349
0.692
0.925
0.772
0.826
0.881
0.808
1.044
1.249
1.103
1.388
1.507
1.395
1.410
1.432
1.463
1.035
1.159
1.093
0.980
1.040
0.913
1.496
1.606
1.554
1.008
1.073
0.942
1.032
1.103
1.039
0.784
0.894
0.827
1.633
1.736
1.627
1.497
1.547
1.455
0.787
0.761
0.644
1.665
1.679
1.503
1.049
1.191
1.098
1.109
1.334
1.266
1.312
1.416
1.225
1.205
1.215
1.166
1.034
1.188
1.116
1.586
1.622
1.598
0.689
0.779
0.728
1.079
1.258
1.106
1.695
1.960
1.680
1.923
2.014
1.925
1.454
1.614
1.548
0.772
1.181
0.791
0.432
0.584
0.519
0.730
0.811
0.745
0.872
0.914
0.919
1.601
1.610
1.539
0.642
0.895
0.792
0.810
0.987
0.819
1.082
1.121
1.091
0.779
0.855
0.853
0.611
0.695
0.607
1.177
1.269
1.158
1.116
1.206
1.059
0.733
0.953
0.780
0.788
0.931
0.956
0.812
1.003
0.905
1.238
1.267
1.088
1.289
1.368
1.319
1.324
1.343
1.132
1.327
1.429
1.365
1.020
1.155
0.884
0.436
0.534
0.463
1.404
1.761
1.470
1.676
1.741
1.665
1.539
1.395
1.389
1.075
1.290
0.987
0.824
0.900
0.804
0.944
1.004
0.905
0.816
0.922
0.850
0.919
1.072
0.868
0.841
0.824
0.774
1.068
1.175
0.993
0.483
0.813
0.537
0.839
0.986
0.739
2.071
2.183
2.084
1.589
1.626
1.563
2.283
2.451
2.320
1.386
1.438
1.288
0.734
0.820
0.757
1.030
1.070
1.035
1.572
1.658
1.566
0.693
0.729
0.700
0.937
1.115
1.106
3.238
3.373
3.259
1.112
1.275
1.072
1.792
1.875
1.643
0.990
1.108
1.059
0.913
1.035
0.850
0.848
0.981
0.907
0.797
0.914
0.852
1.409
1.617
1.593
0.869
0.944
0.916
0.935
1.024
0.977
0.648
0.886
0.755
2.255
2.382
2.278
0.625
0.697
0.663
0.685
0.797
0.711
1.699
1.902
1.795
1.466
1.631
1.467
1.097
1.489
1.268
1.097
1.231
1.043
0.971
1.031
0.909
0.533
0.747
0.646
1.004
1.105
0.888
0.841
0.925
0.888
1.150
1.156
1.132
1.944
1.998
1.862
1.378
1.605
1.444
1.290
1.350
1.301
2.049
2.090
2.022
0.645
0.723
0.610
1.132
1.255
1.249
1.736
1.863
1.871
1.267
1.350
1.260
1.053
1.148
1.115
1.365
1.409
1.292
2.145
2.163
2.115
1.165
1.228
1.184
1.070
1.204
1.116
1.092
1.182
1.175
1.352
1.561
1.436
0.945
1.004
0.934
1.692
1.781
1.745
0.799
0.893
0.838
1.460
1.501
1.403
1.198
1.226
1.237
1.647
1.718
1.682
0.766
0.983
0.864
0.642
0.895
0.792
1.779
1.933
1.851
1.786
1.842
1.796
0.964
1.104
0.916
0.710
0.942
0.798
0.645
0.764
0.672
1.008
1.106
0.942
1.002
1.164
1.080
1.131
1.247
1.234
0.820
0.954
0.659
0.767
0.895
0.858
1.147
1.266
1.159
0.714
0.786
0.693
0.893
1.089
0.966
0.743
0.834
0.748
0.635
0.768
0.719
1.439
1.556
1.484
2.279
2.396
2.268
0.769
0.883
0.870
1.506
1.591
1.420
1.530
1.455
1.455
1.767
1.820
1.775
1.210
1.268
1.201
1.007
1.154
1.091
0.790
0.945
0.826
0.545
0.542
0.411
3.350
3.445
3.390
1.883
1.832
1.820
0.902
0.982
0.893
0.465
0.534
0.485
0.854
0.957
0.778
0.789
1.011
0.750
0.789
0.994
0.750
1.257
1.301
1.230
0.916
0.948
0.874
0.965
1.157
1.024
0.866
0.939
0.804
2.074
2.173
2.062
1.403
1.513
1.304
0.857
0.936
0.861
1.954
2.048
1.946
1.573
1.647
1.629
1.863
1.832
1.913
0.563
0.731
0.635
2.764
2.755
2.715
1.510
1.479
1.429
0.812
0.831
0.798
1.749
1.825
1.823
2.654
2.646
2.733
1.273
1.313
1.062
1.909
1.976
1.902
1.461
1.616
1.499
1.179
1.303
1.292
1.206
1.340
1.290
0.775
0.795
0.702
0.900
1.059
1.003
0.974
1.101
0.990
1.258
1.373
1.329
0.878
0.919
0.904
0.942
1.150
1.005
1.087
1.174
1.107
1.001
1.148
0.989
1.239
1.301
1.256
1.007
1.061
0.861
1.550
1.618
1.501
1.316
1.352
1.249
1.169
1.275
1.182
1.927
1.954
1.938
0.630
0.791
0.772
0.884
0.900
0.883
1.423
1.332
1.407
1.372
1.493
1.374
0.805
0.883
0.851
0.952
1.053
0.842
1.584
1.656
1.564
1.272
1.321
1.268
1.281
1.262
1.171
0.865
0.962
0.888
0.488
0.564
0.446
1.035
1.204
0.962
0.788
0.839
0.756
0.831
0.842
1.062
0.986
0.997
0.881
1.884
1.909
1.964
0.432
0.554
0.526
1.351
1.382
1.304
0.299
0.350
0.317
0.877
1.004
0.818
0.717
0.926
0.747
1.481
1.502
1.503
1.063
1.204
1.129
2.056
2.182
2.109
0.967
1.108
1.063
0.860
0.949
0.830
0.759
0.810
0.743
1.514
1.706
1.479
1.253
1.344
1.253
0.875
0.963
0.859
1.722
1.851
1.699
1.006
1.033
0.988
1.141
1.334
1.170
1.052
1.314
1.139
1.302
1.373
1.179
0.526
0.794
0.616
1.327
1.371
1.182
0.557
0.747
0.605
1.044
1.129
1.073
1.316
1.325
1.255
1.002
1.056
0.931
1.972
2.130
2.010
1.435
1.562
1.452
1.544
1.544
1.417
1.720
1.754
1.737
1.247
1.327
1.281
0.990
1.118
1.029
1.927
1.998
1.951
1.176
1.256
1.212
1.305
1.373
1.291
0.575
0.615
0.483
2.192
2.234
2.126
1.131
1.401
1.295
1.958
2.047
2.000
1.300
1.459
1.335
0.753
0.763
0.671
0.762
0.799
0.774
0.838
0.974
0.854
2.434
2.465
2.393
1.281
1.331
1.282
1.923
2.061
1.729
0.704
0.931
0.826
1.727
1.799
1.748
0.866
1.180
1.253
1.110
1.187
1.089
1.570
1.952
1.871
1.930
1.979
1.876
1.906
2.112
1.803
1.310
1.408
1.362
0.499
0.524
0.543
1.064
1.060
1.019
0.729
0.854
0.735
0.847
1.152
1.366
2.315
2.376
2.314
1.006
1.058
1.021
1.404
1.502
1.481
0.966
1.001
0.922
1.864
2.098
1.993
1.274
1.320
1.307
1.643
1.702
1.613
1.269
1.482
1.405
0.735
0.918
0.831
0.860
1.284
0.912
0.737
0.861
0.720
3.574
3.583
3.572
1.091
1.146
0.990
1.733
1.805
1.702
1.852
1.901
1.805
1.979
2.032
1.969
0.742
0.955
0.850
1.211
1.300
1.146
0.476
0.663
0.558
1.414
1.793
1.511
1.200
1.298
1.235
1.043
1.154
1.076
0.846
1.026
0.854
1.076
1.148
1.015
1.023
1.103
1.040
0.915
1.017
0.950
0.492
0.604
0.565
1.155
1.252
1.097
1.230
1.286
1.154
1.358
1.445
1.315
1.030
1.071
1.018
1.383
1.449
1.367
1.024
1.183
1.101
0.866
0.907
0.767
1.287
1.371
1.302
0.887
0.928
0.790
1.100
1.204
1.117
1.529
1.603
1.516
1.592
1.651
1.583
1.538
1.654
1.508
1.516
1.574
1.583
1.355
1.433
1.435
0.769
0.847
0.761
0.657
0.876
0.535
0.900
0.947
0.894
1.127
1.368
1.332
1.429
1.565
1.322
1.502
1.622
1.455
0.754
0.834
0.577
1.560
1.580
1.559
1.224
1.279
1.178
1.418
1.498
1.573
1.076
1.207
1.049
1.152
1.218
1.199
2.030
2.110
2.057
1.790
1.918
1.847
0.900
0.992
0.893
2.720
2.787
2.751
1.669
1.803
1.755
2.287
2.307
2.309
0.911
1.011
0.778
1.220
1.318
1.247
1.813
1.876
1.801
1.008
1.126
1.060
1.397
1.452
1.410
1.181
1.330
1.287
1.760
1.804
1.700
1.027
1.085
0.984
0.726
0.792
0.678
0.539
0.790
0.645
0.709
1.295
0.808
1.476
1.682
1.611
1.992
2.092
2.049
0.889
0.995
0.844
1.115
1.229
1.086
0.997
1.065
0.796
1.102
1.203
1.147
0.678
1.050
0.749
0.798
0.911
0.855
0.747
0.772
0.753
0.900
1.025
1.099
0.775
0.936
0.818
1.616
1.748
1.662
0.751
0.876
0.793
1.241
1.302
1.174
1.354
1.479
1.372
0.722
0.941
0.838
1.964
1.911
1.855
1.398
1.535
1.488
2.455
2.537
2.436
0.639
0.677
0.650
1.814
1.837
1.663
1.022
1.156
1.066
2.267
2.226
2.266
0.653
0.733
0.570
1.269
1.368
1.320
0.498
0.650
0.501
2.094
2.036
1.905
1.288
1.412
1.333
0.859
1.085
0.854
0.859
1.110
0.854
0.963
1.242
0.951
0.580
0.757
0.656
1.017
1.022
0.943
1.150
1.287
1.096
1.150
1.297
1.118
1.145
1.201
1.142
2.786
2.915
2.892
0.737
0.905
0.769
1.096
1.157
0.993
0.885
0.982
0.936
1.893
1.969
1.948
1.341
1.472
1.333
0.541
0.696
0.540
0.720
0.822
0.794
1.258
1.300
1.196
1.529
1.614
1.616
1.038
1.148
1.057
1.817
1.934
1.892
0.764
0.802
0.601
1.125
1.151
1.104
1.417
1.418
1.410
1.404
1.482
1.462
0.677
0.691
0.577
1.451
1.461
1.426
1.543
1.594
1.526
1.018
1.245
1.177
0.722
1.045
0.800
1.473
1.522
1.501
0.822
0.867
0.794
1.414
1.465
1.425
1.291
1.426
1.274
0.698
0.855
0.772
2.507
2.536
2.485
1.329
1.315
1.197
0.720
0.766
0.668
1.870
1.958
1.939
1.970
2.005
1.832
0.994
1.060
0.962
1.065
1.156
1.027
3.435
3.443
3.501
1.006
1.137
1.085
0.608
0.738
0.576
1.061
1.101
1.037
1.382
1.459
1.386
1.413
1.516
1.413
1.794
2.035
2.035
0.545
0.606
0.489
0.813
1.005
0.847
1.469
1.650
1.652
1.002
1.120
1.059
0.863
1.024
0.921
1.540
1.617
1.611
1.399
1.473
1.513
1.018
1.069
0.986
1.012
1.118
1.051
1.682
1.686
1.570
0.649
0.775
0.706
1.382
1.529
1.445
1.207
1.256
1.051
0.856
0.999
0.884
0.706
0.778
0.754
0.906
1.106
0.933
1.543
1.598
1.550
0.996
1.216
1.112
1.175
1.400
1.295
0.884
0.930
0.876
1.734
1.801
1.725
0.814
0.885
0.835
2.040
2.170
2.003
0.697
0.793
0.581
1.853
1.931
1.908
0.662
0.910
0.624
1.514
1.665
1.632
1.406
1.450
1.436
0.626
0.764
0.686
1.063
1.255
1.086
0.665
0.906
0.842
0.748
0.770
0.613
1.751
1.767
1.727
2.126
2.183
1.990
1.833
1.810
1.849
0.608
0.750
0.604
0.687
0.805
0.673
2.215
2.301
2.231
0.957
1.136
1.030
1.404
1.563
1.475
0.651
0.823
0.734
1.469
1.568
1.414
2.024
2.077
2.025
1.901
2.049
2.005
1.187
1.353
1.328
1.532
1.659
1.617
1.001
1.062
0.995
0.550
0.755
0.693
0.966
1.311
1.026
1.669
1.781
1.679
1.379
1.499
1.327
1.014
1.164
1.138
1.113
1.187
1.091
0.844
0.918
0.868
1.008
1.203
1.126
0.699
0.782
0.751
1.028
1.091
0.996
0.792
0.923
0.874
1.187
1.253
1.140
1.336
1.381
1.464
1.782
1.725
1.756
1.512
1.541
1.508
1.516
1.471
1.509
0.768
0.873
0.834
1.960
1.984
1.921
1.349
1.581
1.503
0.495
0.665
0.568
0.995
1.131
1.035
0.974
1.047
1.021
0.612
0.948
0.652
1.050
1.306
1.179
3.088
3.146
3.134
0.974
1.349
1.040
1.720
1.777
1.653
0.945
0.819
0.870
0.752
0.870
0.746
1.028
1.202
1.009
0.976
1.341
1.002
1.996
2.013
2.025
0.973
1.148
1.143
1.216
1.402
1.307
1.103
1.122
1.084
1.060
1.266
0.898
1.116
1.220
1.225
1.097
1.151
1.140
1.023
1.197
1.185
1.277
1.388
1.317
1.331
1.517
1.454
1.212
1.241
1.185
1.604
1.733
1.652
1.106
1.219
1.104
1.562
1.570
1.668
1.613
1.620
1.481
0.634
0.773
0.671
0.609
0.723
0.665
1.533
1.602
1.522
0.934
1.141
0.986
1.092
1.204
1.512
0.635
0.892
0.710
0.691
0.843
0.837
0.445
0.531
0.456
1.079
1.139
1.107
0.390
0.546
0.475
0.657
0.864
0.642
1.009
1.069
0.984
1.020
1.075
1.015
1.312
1.510
1.136
0.833
1.005
0.851
1.724
1.764
1.710
1.054
1.240
1.215
2.189
2.208
2.091
0.789
0.965
0.875
1.108
1.246
1.111
1.901
2.058
1.820
0.878
1.257
0.993
1.213
1.241
1.234
0.881
0.908
0.889
1.561
1.570
1.436
1.048
1.104
1.038
1.264
1.291
1.237
1.142
1.207
1.165
0.792
0.910
0.762
1.030
1.146
1.081
0.988
0.991
0.980
1.010
1.104
0.981
0.726
0.759
0.742
0.757
0.863
0.720
0.961
1.010
0.903
0.450
0.542
0.493
1.364
1.357
1.277
0.899
1.024
0.917
1.202
1.287
1.224
0.774
0.937
0.793
0.885
0.874
0.796
0.890
1.055
0.960
1.616
1.737
1.670
1.280
1.414
1.295
1.688
1.886
1.640
1.401
1.507
1.341
0.624
0.832
0.629
1.190
1.309
1.530
0.807
0.859
0.684
0.501
0.630
0.536
1.261
1.428
1.216
1.256
1.386
1.270
1.562
1.759
1.973
1.680
1.875
2.102
1.562
1.759
1.973
1.680
1.875
2.102
1.680
1.875
2.102
1.562
1.759
1.973
1.467
1.655
1.843
0.854
0.950
0.852
0.608
0.820
0.637
1.110
1.120
1.094
1.593
1.635
1.557
1.117
1.263
1.046
1.284
1.403
1.324
1.629
1.669
1.772
1.925
1.875
1.887
1.161
1.211
1.058
0.896
0.978
0.885
2.012
2.125
2.047
1.332
1.480
1.320
0.712
0.809
0.737
0.549
0.774
0.504
0.764
0.984
0.866
1.076
1.230
1.135
1.001
1.017
0.834
0.638
0.723
0.650
1.119
1.340
1.206
1.077
1.208
1.121
1.620
1.638
1.605
1.782
1.866
1.701
1.472
1.472
1.172
1.852
1.954
1.795
1.047
1.108
1.030
0.720
0.784
0.757
0.893
0.943
0.884
1.002
1.003
1.002
1.407
1.471
1.309
1.516
1.645
1.556
2.053
2.195
2.391
0.544
0.651
0.573
0.918
0.980
0.932
0.532
0.668
0.586
0.787
0.915
0.600
0.838
0.921
0.822
0.708
0.772
0.646
0.672
0.808
0.632
1.396
1.485
1.414
1.057
1.178
1.066
1.457
1.448
1.428
1.116
1.222
1.107
1.148
1.199
1.062
2.451
2.450
2.368
1.352
1.406
1.293
1.563
1.690
1.538
1.343
1.396
1.292
0.736
0.879
0.711
1.289
1.323
1.297
2.161
2.202
2.026
0.766
0.838
0.818
0.987
1.009
0.955
0.821
0.903
0.833
0.766
0.829
0.740
1.075
1.056
1.003
1.349
1.439
1.312
0.905
1.030
0.899
0.777
0.796
0.779
2.321
2.412
2.390
3.136
3.219
3.159
0.567
0.706
0.522
1.785
1.846
1.690
1.785
1.933
1.840
1.068
1.143
1.062
1.113
1.165
1.197
2.058
2.083
1.933
1.054
1.182
1.087
0.863
1.210
0.938
1.274
1.368
1.284
1.105
1.240
1.053
0.834
1.003
0.898
0.769
0.834
0.742
1.697
1.769
1.739
0.815
0.865
0.841
1.083
1.103
1.344
0.670
0.979
0.724
1.161
1.236
1.244
1.520
1.671
1.549
1.074
1.147
1.133
1.501
1.584
1.550
1.363
1.385
1.385
0.577
0.713
0.652
1.266
1.324
1.258
1.643
1.715
1.687
1.272
1.342
1.293
0.829
0.904
0.857
1.385
1.402
1.402
1.202
1.379
1.186
2.162
2.165
2.095
2.106
2.151
2.132
0.753
0.731
0.717
1.343
1.431
1.319
0.846
1.003
1.018
1.605
1.669
1.480
1.171
1.204
1.104
0.608
0.676
0.496
0.753
0.827
0.757
1.081
1.212
1.106
0.960
1.016
1.093
1.067
1.125
1.091
1.109
1.306
1.121
1.700
1.893
1.713
1.199
1.225
1.193
1.570
1.637
1.582
1.065
1.088
0.944
1.719
1.828
1.747
1.470
1.622
1.423
1.672
1.777
1.760
1.439
1.579
1.465
1.333
1.345
1.291
1.333
1.356
1.312
0.888
1.065
0.942
1.538
1.631
1.528
1.434
1.617
1.533
0.717
0.838
0.751
1.801
1.890
1.721
1.616
1.674
1.600
0.625
0.745
0.647
0.850
1.035
0.995
0.822
1.014
0.910
0.703
0.928
0.758
1.439
1.578
1.450
1.200
1.281
1.210
1.126
1.319
1.228
1.418
1.500
1.314
0.605
0.724
0.687
0.309
0.571
0.406
0.832
0.824
0.826
0.676
0.809
0.648
0.987
1.075
1.015
1.670
1.736
1.652
1.851
1.924
1.855
0.713
0.907
0.669
1.210
1.296
1.190
1.306
1.486
1.385
1.259
1.374
1.226
0.593
1.174
0.742
0.919
0.945
0.856
1.760
1.878
1.815
0.886
0.932
0.901
0.768
0.876
0.674
1.763
1.842
1.816
3.099
3.120
3.061
0.884
1.100
0.983
1.258
1.667
1.330
0.808
0.909
0.791
0.896
0.938
0.875
1.299
1.287
1.153
0.619
0.723
0.640
0.860
0.900
0.830
0.598
0.705
0.576
0.742
0.776
0.773
0.486
0.626
0.628
0.435
0.532
0.471
1.795
1.829
1.722
1.525
1.599
1.554
1.122
1.201
1.137
1.524
1.543
1.515
0.981
1.161
0.948
1.255
1.285
1.138
1.926
2.090
1.960
0.786
0.960
0.854
1.149
1.280
1.218
1.028
1.199
1.059
0.730
0.835
0.680
1.076
1.211
1.121
1.365
1.448
1.372
1.325
1.390
1.242
1.084
1.318
1.097
0.661
0.759
0.632
1.823
2.280
1.827
1.662
1.682
1.613
0.640
0.649
0.461
2.000
2.011
2.040
1.834
1.855
1.817
1.442
1.501
1.448
1.511
1.604
1.422
2.293
2.427
2.228
1.184
1.159
0.996
1.237
1.306
1.126
0.489
0.646
0.516
1.181
1.306
1.228
0.802
1.284
0.795
0.611
0.770
0.693
0.735
1.047
0.745
0.735
1.064
0.847
1.764
1.753
1.784
0.718
0.917
0.794
0.837
0.925
0.864
0.707
1.010
0.678
1.784
1.828
1.762
1.204
1.315
1.234
1.535
1.859
1.656
1.544
1.652
1.566
1.124
1.223
1.129
1.694
1.751
1.700
1.358
1.405
1.364
1.479
1.532
1.400
0.567
0.659
0.583
0.746
0.988
0.905
0.960
1.036
0.925
0.875
0.975
0.809
1.175
1.398
1.274
0.838
1.153
1.339
1.442
1.562
1.422
1.349
1.425
1.433
1.171
1.214
1.118
1.990
2.070
2.034
1.853
1.982
1.981
1.415
1.456
1.455
1.306
1.335
1.262
0.968
1.043
0.961
1.232
1.580
1.162
0.633
0.813
0.694
1.504
1.621
1.580
1.601
2.001
1.682
1.200
1.279
1.220
0.558
0.837
0.704
1.737
1.796
1.745
1.173
1.214
1.171
1.006
1.095
0.985
0.572
0.640
0.428
1.180
1.163
1.334
1.612
1.690
1.664
0.711
1.093
0.574
0.676
0.747
0.630
0.903
1.261
0.767
1.246
1.415
1.153
2.423
2.475
2.404
0.726
0.830
0.722
2.496
2.578
2.512
1.538
1.540
1.466
1.139
1.240
1.142
1.906
2.073
1.959
0.844
0.968
0.920
0.660
0.725
0.659
0.793
0.910
0.857
1.127
1.163
0.882
1.325
1.632
1.427
1.584
1.644
1.615
0.673
1.016
1.149
1.558
1.654
1.551
0.837
0.912
0.860
2.645
2.686
2.650
1.308
1.355
1.270
1.811
1.906
1.802
1.110
1.153
1.119
0.482
0.688
0.626
0.482
0.688
0.626
0.482
0.688
0.626
0.844
0.967
0.809
0.686
0.780
0.664
0.901
1.040
0.878
1.460
1.485
1.420
0.718
0.843
0.759
0.682
0.847
0.751
0.851
0.967
0.828
0.938
1.092
0.963
0.938
1.255
1.154
0.829
1.332
0.888
1.030
1.084
1.220
0.877
0.997
0.926
0.877
0.993
0.904
0.666
0.785
0.649
1.475
1.517
1.468
1.082
1.340
1.253
1.167
1.356
1.235
0.900
1.015
0.959
1.060
1.210
1.078
0.633
0.801
0.709
0.949
1.012
0.969
0.946
1.139
0.941
1.249
1.289
1.287
1.407
1.874
1.431
1.669
1.712
1.643
0.888
0.957
0.895
1.165
1.155
1.135
0.635
0.668
0.484
1.513
1.707
1.489
1.321
1.352
1.255
0.858
0.922
0.864
0.660
0.882
0.671
1.436
1.497
1.324
1.242
1.241
1.242
0.373
0.519
0.374
1.353
1.435
1.259
1.262
1.370
1.190
0.708
0.893
0.702
0.665
0.689
0.621
1.161
1.224
1.158
0.782
0.879
0.675
1.554
1.702
1.636
0.860
0.933
0.845
1.020
1.157
1.134
1.418
1.662
1.397
0.979
1.027
0.968
1.253
1.304
1.469
1.093
1.146
1.098
0.495
0.735
0.486
2.054
2.077
2.026
0.834
0.983
0.909
0.768
0.894
0.783
1.515
1.642
1.536
2.197
2.313
2.153
1.331
1.365
1.386
0.722
0.745
0.726
1.683
1.774
1.790
0.736
0.822
0.748
2.137
2.189
2.209
3.287
3.222
3.184
2.685
2.783
2.820
0.589
0.794
0.528
1.136
1.116
1.006
1.317
1.376
1.278
0.894
1.046
0.916
1.594
1.704
1.576
1.271
1.385
1.280
0.803
0.861
0.677
1.407
1.428
1.177
1.892
1.902
1.845
0.993
1.178
1.030
2.378
2.441
2.416
1.368
1.458
1.403
1.322
1.418
1.287
0.669
0.765
0.701
0.668
0.741
0.589
1.026
1.010
1.057
0.762
0.963
0.839
0.981
1.161
1.041
1.679
1.868
1.765
0.682
0.791
0.594
1.097
1.137
1.061
0.868
1.034
0.985
0.717
0.814
0.744
0.751
1.115
0.610
0.791
0.903
0.717
0.507
0.640
0.545
0.918
1.013
0.954
1.733
1.696
1.696
2.341
2.398
2.066
2.332
2.616
2.479
1.769
2.007
1.726
1.769
1.906
1.742
1.149
1.293
1.110
0.559
0.622
0.504
1.233
1.386
1.268
0.711
0.892
0.802
0.679
0.725
0.658
1.049
1.107
1.007
1.185
1.302
1.218
0.755
0.825
0.643
1.130
1.108
1.069
0.931
1.046
0.969
0.948
1.029
0.975
0.961
1.072
0.981
1.233
1.433
1.460
0.739
0.838
0.724
1.261
1.241
1.053
1.174
1.288
1.135
0.938
1.014
0.964
0.714
0.770
0.675
1.780
1.962
1.797
1.291
1.363
1.300
0.743
0.799
0.718
0.888
1.066
1.102
1.129
1.220
1.145
1.174
1.223
1.143
1.741
1.868
1.811
0.713
0.752
0.670
0.713
0.758
0.764
0.732
0.954
0.776
0.826
1.001
0.757
1.120
1.143
1.076
0.981
0.968
0.969
1.389
1.442
1.407
1.233
1.354
1.148
0.839
0.956
0.910
1.040
1.166
0.987
1.485
1.657
1.395
1.491
1.547
1.507
0.835
0.948
0.870
1.656
1.786
1.765
0.937
1.072
0.995
0.714
0.822
0.638
0.760
0.904
0.751
1.139
1.135
1.068
0.719
0.884
0.711
0.906
1.030
0.804
1.302
1.423
1.447
1.369
1.527
1.283
0.659
0.823
0.728
0.589
0.657
0.329
0.777
0.885
0.792
1.702
1.786
1.602
1.259
1.285
1.141
0.744
0.925
0.814
1.069
1.180
1.081
0.602
0.739
0.658
1.328
1.378
1.325
1.186
1.272
0.905
0.659
0.823
0.728
1.470
1.509
1.444
1.189
1.312
1.176
0.647
0.808
0.713
0.733
0.874
0.747
0.824
0.910
0.854
0.647
0.808
0.713
1.166
1.246
1.154
0.413
0.570
0.486
0.897
0.952
1.225
2.112
2.180
2.189
1.128
1.271
1.200
1.253
1.269
1.175
0.647
0.808
0.713
0.966
1.004
0.874
0.647
0.808
0.713
0.664
0.748
0.663
0.841
0.992
0.864
1.105
1.151
1.136
0.804
0.842
0.850
0.631
0.924
0.744
0.730
0.888
0.627
0.730
0.897
0.689
0.730
0.901
0.689
1.304
1.488
1.418
0.823
1.057
0.886
0.496
0.706
0.564
0.750
0.884
0.802
0.659
0.823
0.728
0.749
0.882
0.814
1.408
1.454
1.356
0.788
0.903
0.750
0.671
0.797
0.712
0.529
1.110
0.701
1.272
1.395
1.212
1.659
1.531
1.539
0.873
0.917
0.888
1.089
1.182
1.123
1.212
1.330
1.208
0.729
0.876
0.782
0.794
0.911
0.821
0.949
1.099
1.036
0.647
0.808
0.713
0.839
1.054
0.829
0.669
0.831
0.562
0.959
1.023
0.779
1.595
1.637
1.593
1.618
1.630
1.578
1.267
1.291
1.264
0.727
0.881
0.754
1.536
1.653
1.569
0.807
0.906
0.758
1.074
1.275
1.162
1.244
1.364
1.171
0.789
1.262
0.845
1.400
1.504
1.400
0.989
1.117
0.939
0.933
1.053
0.872
0.734
0.838
0.801
0.754
0.741
0.702
1.733
1.804
1.662
0.750
0.828
0.763
1.687
1.748
1.670
3.439
3.444
3.323
0.729
0.833
0.743
0.736
0.870
0.811
1.011
1.102
0.890
1.649
1.823
1.681
2.957
3.059
3.016
0.721
0.838
0.568
0.394
0.557
0.479
0.670
0.922
0.726
0.761
0.796
0.716
0.911
0.978
0.920
0.837
1.037
0.896
1.229
1.528
1.276
1.838
2.002
1.930
1.459
1.562
1.437
0.707
0.866
0.767
0.673
0.893
0.683
1.900
1.998
1.926
0.861
0.993
0.902
1.320
1.386
1.290
1.118
1.223
1.167
1.833
1.885
1.766
1.531
1.396
1.749
1.968
2.032
1.985
0.987
1.212
1.066
1.357
1.379
1.349
1.123
1.226
1.144
1.677
1.765
1.721
1.781
1.787
1.785
1.253
1.372
1.272
0.982
1.026
0.974
0.914
1.125
1.002
0.622
0.717
0.690
1.204
1.305
1.252
1.033
1.142
1.171
0.945
1.119
1.009
1.467
1.513
1.515
1.374
1.547
1.506
1.460
1.483
1.408
1.357
1.362
1.340
1.790
1.884
1.830
1.521
1.588
1.566
0.648
0.806
0.650
1.234
1.306
1.228
0.890
0.906
0.935
1.152
1.255
1.233
0.462
0.584
0.556
0.821
0.955
0.911
0.802
0.901
0.794
2.022
2.008
2.031
1.358
1.561
1.465
0.803
0.907
0.792
1.668
1.724
1.643
0.996
1.113
1.071
1.978
2.117
2.045
1.858
1.973
1.886
1.622
1.808
1.642
1.942
2.052
1.952
0.769
1.459
0.975
2.465
2.604
2.549
2.332
2.423
2.330
1.442
1.552
1.413
1.114
1.239
1.160
1.298
1.391
1.348
0.741
0.851
0.796
1.137
1.167
1.139
2.259
2.366
2.281
1.823
1.872
1.844
0.947
1.085
0.987
1.695
1.797
1.785
0.636
0.826
0.718
1.238
1.258
1.229
1.396
1.411
1.389
0.956
1.177
1.074
1.017
1.182
1.069
0.845
1.027
0.952
2.110
2.119
2.116
2.235
2.271
2.286
0.704
0.848
0.769
0.759
0.862
0.789
1.251
1.267
1.215
0.741
0.829
0.750
1.736
1.833
1.829
0.930
1.275
1.301
0.487
0.684
0.613
0.705
0.755
0.623
2.028
2.112
1.981
0.792
0.970
0.820
1.473
1.498
1.428
0.812
0.982
0.765
1.285
1.346
1.324
0.687
0.887
0.784
1.060
1.148
1.048
1.433
1.444
1.198
2.517
2.611
2.578
1.079
1.129
1.034
0.750
0.870
0.809
2.441
2.418
2.207
1.545
1.548
1.863
0.828
0.954
0.806
1.750
1.772
1.569
1.765
1.868
1.720
1.313
1.412
1.347
0.870
0.991
0.925
1.476
1.719
1.764
1.150
1.299
1.277
1.272
1.306
1.075
1.317
1.352
1.503
0.902
0.921
0.946
0.706
0.763
0.741
0.794
0.921
0.843
0.794
0.921
0.843
0.794
0.921
0.843
1.707
1.770
1.670
0.559
0.728
0.523
1.197
1.362
1.302
0.607
0.652
0.625
1.212
1.410
1.250
0.926
1.199
1.184
0.707
0.797
0.703
1.687
1.776
1.499
1.159
1.353
1.186
0.729
0.839
0.750
0.989
1.082
1.036
1.565
1.671
1.307
1.074
1.173
1.123
1.709
1.817
1.840
1.491
1.589
1.533
0.833
0.927
0.807
0.910
1.009
0.991
1.243
1.241
1.116
1.141
1.232
1.019
1.277
1.388
1.151
0.609
0.795
0.697
0.955
1.069
0.977
0.533
0.821
0.646
1.320
1.253
1.234
1.791
1.789
1.725
1.658
1.892
1.761
0.552
0.696
0.625
1.945
1.959
1.792
0.846
0.872
0.767
0.745
0.897
0.652
1.301
1.401
1.302
1.552
1.555
1.333
0.652
0.732
0.622
0.573
0.653
0.539
0.616
0.651
0.551
0.531
0.680
0.581
0.666
0.796
0.704
0.765
0.873
0.817
0.926
0.875
0.860
0.722
0.861
0.759
1.047
1.092
0.971
0.750
0.799
0.616
1.567
1.668
1.609
0.893
0.979
0.921
0.825
0.833
0.826
0.814
0.959
0.835
1.118
1.211
1.097
1.171
1.383
1.155
1.032
1.169
1.139
0.457
0.582
0.496
0.893
0.884
0.846
2.222
2.194
2.231
1.158
1.268
1.177
0.831
0.974
0.857
0.977
1.046
0.984
1.228
1.306
1.111
0.814
0.859
0.633
0.897
1.023
1.007
0.628
0.690
0.609
1.476
1.614
1.501
1.513
1.592
1.537
0.865
1.001
0.801
0.849
0.974
0.926
1.466
1.652
1.549
0.917
0.983
0.910
0.643
0.776
0.516
0.718
0.735
0.669
1.502
1.560
1.536
1.246
1.297
1.282
1.246
1.464
1.282
1.224
1.360
1.281
1.253
1.419
1.209
0.598
0.797
0.765
1.579
1.663
1.550
0.628
0.730
0.654
1.219
1.269
1.184
0.958
0.996
0.957
1.175
1.318
1.243
0.244
0.460
0.393
0.891
1.085
1.117
0.869
0.910
0.791
0.769
0.815
0.773
0.914
0.958
0.853
1.261
1.348
1.254
0.888
0.864
0.896
1.175
1.243
1.101
1.681
1.788
1.740
1.297
1.458
1.267
1.993
2.060
1.927
1.046
1.172
1.106
0.566
0.764
0.607
0.533
0.692
0.600
1.433
1.506
1.460
1.169
1.225
1.209
0.710
0.854
0.776
0.710
0.854
0.776
1.739
1.777
1.777
0.670
0.859
0.641
1.483
1.548
1.466
1.327
1.446
1.263
0.695
0.776
0.672
1.197
1.266
1.176
0.957
1.065
0.904
1.935
2.019
1.883
1.602
1.662
1.619
1.395
1.500
1.400
2.359
2.383
2.323
0.898
1.067
0.943
0.891
0.954
0.881
1.002
1.172
1.045
1.342
1.555
1.423
0.942
0.958
0.872
0.865
0.875
0.905
1.488
1.601
1.442
0.939
1.161
0.994
1.159
1.280
1.182
0.791
0.936
0.830
1.120
1.192
1.184
0.548
0.641
0.528
0.869
0.923
0.830
0.609
0.723
0.644
1.569
1.634
1.599
1.007
1.118
1.024
0.869
1.034
0.884
1.319
1.497
1.390
1.148
1.620
1.198
1.287
1.473
1.408
0.851
1.009
0.887
0.782
0.899
0.824
1.096
1.072
0.912
0.923
1.107
0.961
1.029
1.116
1.043
0.878
0.938
0.877
1.314
1.471
1.358
1.730
1.865
1.816
0.771
0.844
0.729
1.542
1.634
1.374
0.690
0.702
0.657
1.091
1.116
0.977
2.435
2.492
2.463
0.703
0.838
0.762
1.153
1.264
1.138
0.812
0.891
0.749
0.907
1.115
0.967
1.699
2.058
1.735
1.685
1.735
1.671
1.970
2.041
2.002
0.854
0.980
0.853
0.786
0.906
0.827
1.969
2.139
1.977
1.322
1.427
1.127
1.152
1.243
1.163
0.468
0.635
0.534
1.231
1.350
1.281
0.717
0.932
0.741
2.041
2.206
2.156
1.198
1.284
1.197
1.047
1.184
1.149
0.743
0.917
0.825
0.786
0.906
0.827
1.301
1.353
1.265
0.402
0.767
0.535
0.820
0.924
0.665
0.795
0.853
0.768
1.118
1.222
1.150
0.762
0.896
0.778
0.910
1.092
0.953
0.609
0.624
0.625
0.782
0.899
0.824
0.673
0.758
0.652
0.969
0.982
0.924
0.730
0.756
0.649
1.055
1.092
1.051
0.537
0.682
0.548
1.033
1.148
1.052
0.692
0.860
0.782
0.838
0.942
0.827
0.786
0.906
0.827
1.631
1.699
1.609
1.147
1.218
1.174
0.717
0.707
0.583
0.878
0.992
0.881
1.332
1.438
1.283
1.061
1.171
1.032
0.809
0.874
0.861
1.382
1.449
1.370
0.562
0.714
0.576
2.062
2.112
1.914
0.786
0.906
0.827
0.533
0.686
0.605
0.909
1.004
0.935
0.546
0.635
0.484
2.008
2.078
1.980
0.904
1.146
1.017
1.663
1.886
1.618
0.542
0.666
0.576
1.602
1.750
1.672
1.188
1.225
1.087
1.619
1.720
1.604
1.208
1.298
1.224
1.565
1.632
1.571
1.030
1.151
1.086
1.253
1.630
1.319
1.782
1.873
1.811
1.211
1.372
1.260
1.779
1.856
1.845
0.985
1.088
1.033
1.281
1.310
1.320
1.338
1.320
1.305
0.431
0.641
0.485
1.093
1.304
1.141
1.778
1.834
1.800
1.176
1.221
1.078
1.007
1.028
0.748
1.254
1.399
1.291
0.950
1.018
0.991
1.304
1.525
1.319
1.269
1.440
1.346
2.259
2.319
2.263
1.805
1.856
1.795
1.143
1.287
1.256
0.815
1.075
0.816
1.284
1.371
1.220
1.182
1.381
1.291
0.740
0.831
0.706
1.209
1.386
1.310
1.582
1.641
1.628
0.990
1.119
0.910
1.259
1.448
1.305
1.404
1.427
1.332
0.809
0.870
0.838
1.089
1.051
1.146
1.489
1.494
1.432
0.750
0.915
0.772
0.750
0.915
0.772
1.044
1.110
1.053
1.179
1.209
1.129
0.776
0.877
0.683
0.794
0.892
0.691
0.466
0.691
0.547
0.554
0.587
0.557
0.925
1.019
0.953
0.564
0.690
0.532
1.662
1.723
1.755
0.984
1.075
1.015
0.730
0.848
0.729
0.579
0.754
0.529
1.376
1.470
1.328
1.098
1.128
1.052
1.839
2.058
1.894
1.974
1.981
1.964
1.527
1.610
1.547
0.693
0.749
0.634
1.892
1.925
1.918
0.741
0.840
0.768
1.059
1.139
1.035
1.184
1.277
1.183
1.421
1.478
1.329
2.287
2.332
2.317
0.716
0.891
0.803
1.095
1.277
1.175
1.025
1.233
1.013
0.729
0.734
0.870
1.416
1.539
1.467
0.642
0.728
0.633
1.162
1.265
1.130
0.974
1.069
0.912
2.171
2.315
2.215
1.612
1.885
1.662
0.801
0.923
0.823
0.550
0.663
0.532
1.027
1.075
1.040
0.847
0.898
0.763
1.118
1.176
1.119
0.636
0.701
1.010
0.705
0.883
0.793
1.456
1.594
1.454
0.792
0.886
0.817
2.609
2.691
2.658
2.971
2.995
2.915
1.163
1.487
1.280
1.044
1.163
1.097
1.598
1.610
1.579
1.286
1.467
1.312
1.759
1.911
1.836
1.171
1.204
1.139
0.913
1.122
1.028
1.027
1.143
1.056
0.549
0.711
0.575
0.403
0.482
0.401
1.069
1.144
1.128
0.961
1.127
1.012
0.611
0.713
0.633
1.684
1.837
1.769
1.054
1.170
1.095
0.881
0.899
0.848
1.203
1.381
1.158
1.071
1.160
1.142
1.171
1.265
1.197
0.761
0.822
0.585
2.079
2.120
2.058
0.590
0.831
0.557
0.590
0.711
0.557
1.493
1.563
1.337
0.500
0.645
0.565
1.150
1.183
1.103
0.989
1.191
1.076
0.582
0.665
0.592
0.700
0.810
0.717
0.720
0.839
0.755
0.705
0.687
0.667
1.425
1.470
1.353
1.045
1.089
0.907
0.797
0.937
0.815
0.682
0.799
0.710
1.634
1.714
1.559
2.656
2.658
2.598
1.261
1.327
1.258
0.838
0.873
0.871
0.926
0.990
0.969
1.398
1.417
1.369
1.331
1.325
1.317
0.625
0.829
0.654
0.576
0.747
0.639
0.564
0.668
0.575
1.509
1.612
1.514
0.641
0.680
0.617
0.972
0.995
0.987
0.786
0.906
0.827
0.786
0.906
0.827
1.040
1.169
1.094
0.714
0.769
0.702
0.744
1.000
0.870
0.464
0.559
0.538
1.121
1.223
1.181
2.380
2.357
2.393
0.756
0.916
0.827
0.934
0.990
0.750
1.729
1.851
1.758
1.611
1.724
1.619
0.977
1.059
0.979
1.456
1.491
1.388
0.734
0.833
0.833
0.822
0.918
0.807
2.112
2.191
2.139
1.555
1.576
1.529
1.421
1.486
1.429
1.275
1.422
1.288
0.641
0.766
0.723
1.080
1.153
1.063
1.490
1.592
1.570
1.385
1.500
1.225
0.916
1.110
0.895
1.165
1.275
1.199
2.304
2.361
2.244
0.908
0.970
0.963
0.601
0.719
0.589
0.720
0.858
0.751
1.559
1.685
1.582
0.656
0.707
0.632
0.615
0.764
0.659
1.691
1.840
1.669
0.912
1.035
0.936
0.718
0.863
0.789
0.578
0.854
0.670
2.447
2.567
2.475
1.601
1.673
1.614
1.415
1.433
1.347
1.220
1.306
1.191
0.866
0.965
0.754
0.671
0.866
0.745
0.789
0.907
0.824
1.132
1.188
1.084
0.885
1.036
0.950
1.109
1.185
1.206
1.089
1.378
1.128
0.896
0.949
0.843
0.991
1.028
0.925
1.185
1.282
1.187
0.558
0.589
0.620
1.517
1.594
1.523
1.266
1.272
1.286
0.965
1.029
0.987
1.170
1.326
1.241
1.495
1.629
1.574
1.196
1.285
1.223
1.278
1.366
1.304
0.557
0.687
0.460
0.751
0.599
0.653
0.771
0.794
0.777
0.824
0.906
0.871
0.775
0.852
0.772
0.775
0.859
0.779
1.323
1.340
1.295
0.918
1.051
0.934
1.109
1.350
1.173
0.965
1.089
1.030
0.832
0.942
0.848
0.449
0.641
0.500
0.739
0.790
0.777
0.662
0.786
0.701
0.603
0.734
0.596
0.740
0.830
0.787
1.133
1.333
1.227
0.629
0.829
0.745
0.846
1.029
0.921
1.021
1.084
1.065
0.747
0.810
0.768
1.244
1.390
1.249
2.574
2.589
2.535
1.109
1.228
1.218
0.934
1.053
0.990
0.691
0.680
0.583
0.854
1.035
0.901
1.556
1.777
1.669
0.917
0.992
0.917
1.001
1.118
1.059
0.819
0.953
0.729
0.703
0.812
0.724
0.676
0.880
0.705
0.550
0.603
0.451
0.962
1.124
0.998
0.522
0.715
0.551
1.326
1.365
1.298
0.600
1.003
0.530
0.806
0.877
0.855
0.827
0.847
0.795
0.931
1.045
0.899
0.888
0.938
0.926
0.520
0.628
0.521
0.579
0.668
0.568
1.119
1.616
1.186
1.078
1.109
1.073
0.568
0.708
0.589
1.803
1.875
1.646
1.379
1.705
1.450
2.512
2.485
2.395
0.800
0.840
0.618
0.613
0.728
0.706
0.772
0.866
0.838
1.010
1.067
0.919
1.472
1.575
1.469
0.766
0.942
0.816
1.009
1.230
1.262
0.768
0.873
0.806
1.208
1.332
1.185
0.696
0.753
0.708
1.371
1.509
1.365
0.759
0.908
0.882
1.040
1.117
0.987
0.583
0.860
0.783
1.141
1.205
1.133
1.940
1.981
1.939
0.917
1.023
0.981
1.658
1.712
1.520
1.375
1.390
1.186
0.749
0.872
0.767
1.719
1.739
1.675
0.905
1.113
1.210
0.639
0.611
0.598
1.650
1.734
1.619
1.793
1.863
1.773
0.888
1.276
1.266
1.871
1.872
1.834
0.647
0.738
0.629
0.591
0.655
0.558
0.383
0.510
0.423
0.579
0.664
0.599
1.150
1.303
1.089
0.905
1.002
0.971
0.931
0.992
0.968
0.851
0.900
0.837
1.108
1.153
1.103
1.298
1.392
1.234
1.204
1.333
1.370
0.818
0.892
0.882
0.498
0.621
0.537
0.652
0.793
0.681
0.822
0.972
0.733
0.915
0.997
0.917
0.498
0.621
0.537
0.436
0.586
0.492
0.498
0.621
0.537
1.696
1.712
1.659
1.187
1.250
1.161
1.495
1.552
1.469
1.164
1.309
1.249
0.654
0.747
0.678
1.134
1.237
1.153
1.080
1.144
1.014
0.521
0.608
0.487
1.499
1.567
1.478
0.868
1.091
0.949
1.523
1.545
1.501
1.146
1.297
1.183
0.910
1.183
0.941
0.765
0.871
0.818
0.733
0.813
0.782
0.922
1.166
0.998
0.949
1.075
0.973
0.382
0.521
0.467
0.789
0.839
0.792
0.515
0.680
0.583
1.008
1.063
0.987
0.556
0.754
0.604
0.995
1.044
0.915
1.535
1.581
1.443
1.798
1.835
1.807
0.805
0.939
0.709
0.892
1.100
1.048
0.529
0.664
0.600
1.437
1.612
1.462
1.660
1.655
1.642
1.325
1.384
1.352
1.325
1.384
1.352
1.163
1.257
1.242
1.468
1.487
1.374
1.182
1.313
1.216
1.046
1.093
1.076
0.772
0.971
0.743
2.354
2.679
2.459
1.210
1.292
1.222
0.397
0.483
0.443
2.708
2.734
2.620
1.108
1.337
1.185
0.709
1.143
0.986
2.057
2.123
2.035
1.603
1.638
1.572
0.739
0.957
0.844
1.777
1.810
1.672
1.367
1.602
1.463
1.579
1.690
1.659
1.182
1.238
1.042
0.931
1.038
0.965
1.856
1.928
1.908
1.046
1.167
1.097
0.824
1.022
0.903
0.734
0.894
0.750
1.294
1.396
1.301
1.062
1.117
0.894
1.649
1.715
1.645
1.370
1.487
1.406
1.819
1.910
1.836
0.844
0.875
0.812
1.014
1.093
1.006
1.286
1.439
1.337
0.513
0.591
0.449
1.491
1.605
1.411
1.486
1.412
1.410
1.653
1.661
1.452
1.515
1.580
1.492
1.862
1.905
1.893
1.505
1.650
1.538
0.971
1.139
1.114
1.385
1.479
1.384
1.629
1.743
1.664
0.579
0.766
0.586
0.667
0.786
0.653
1.473
1.559
1.435
0.802
0.843
0.750
0.925
1.061
0.979
1.391
1.457
1.311
1.525
1.583
1.595
0.611
0.864
0.786
0.801
0.967
0.845
0.583
0.764
0.615
0.943
1.124
1.017
1.039
1.199
1.148
0.887
1.251
0.824
0.887
1.158
0.870
1.392
1.610
1.472
0.722
0.914
0.730
1.125
1.170
1.047
1.463
1.550
1.517
2.017
2.165
2.079
1.904
1.998
1.935
1.597
1.653
1.610
1.078
1.182
1.079
1.302
1.462
1.337
0.703
0.881
0.783
1.851
1.889
1.874
1.275
1.330
1.164
1.232
1.362
1.281
0.801
1.058
0.841
0.570
0.604
0.628
1.016
1.153
1.100
1.092
1.084
0.981
1.298
1.473
1.256
0.652
0.709
0.642
1.356
1.414
1.100
0.669
0.719
0.686
1.347
1.449
1.319
0.737
0.932
0.741
0.712
0.735
0.671
1.346
1.393
1.319
1.635
1.728
1.618
0.993
1.107
0.963
0.926
1.132
1.008
0.881
1.497
1.007
2.047
2.147
2.122
1.535
1.665
1.557
0.905
0.933
0.625
1.103
1.188
1.248
1.821
1.852
1.834
0.815
0.959
0.914
1.645
1.803
1.729
0.495
0.609
0.838
0.556
0.783
0.684
1.659
1.705
1.551
0.700
0.908
0.787
0.908
1.052
1.007
0.938
0.899
0.858
0.516
0.622
0.544
0.561
0.667
0.624
0.863
1.038
0.923
0.511
0.813
0.591
0.856
0.940
0.866
1.145
1.270
1.115
0.905
0.966
0.929
1.547
1.630
1.567
1.314
1.457
1.369
0.870
0.916
0.860
0.626
0.681
0.625
1.138
1.151
1.068
1.004
1.319
1.011
0.885
0.962
1.023
1.124
1.276
1.089
1.124
1.304
1.272
1.554
1.665
1.646
1.178
1.295
1.183
2.370
2.426
2.380
0.974
1.136
1.047
0.896
1.109
0.900
0.607
0.813
0.680
1.007
1.132
1.075
0.493
0.617
0.530
0.879
0.937
0.800
1.392
1.417
1.353
0.727
0.844
0.695
0.729
0.882
0.694
0.615
0.701
0.573
1.720
1.838
1.716
0.800
0.902
0.780
1.091
1.217
1.053
1.473
1.523
1.611
0.695
0.772
0.712
2.399
2.510
2.396
1.033
1.160
0.969
1.369
1.487
1.416
0.846
1.003
0.889
0.965
1.038
0.974
1.215
1.285
1.214
0.869
1.111
0.931
1.086
1.133
1.047
0.905
1.100
0.928
2.091
2.160
2.128
1.560
1.722
1.546
0.817
1.086
0.883
1.066
1.163
1.117
0.757
0.737
0.716
0.702
0.771
0.708
0.703
0.755
0.655
0.797
0.990
0.962
1.557
1.547
1.490
0.540
0.683
0.465
1.459
1.506
1.413
1.094
1.293
1.465
0.904
1.008
0.917
1.131
1.215
1.111
1.287
1.484
1.334
0.820
0.906
0.826
1.443
1.490
1.439
1.397
1.414
1.352
1.393
1.546
1.517
1.151
1.230
1.193
1.041
1.161
1.091
0.493
0.617
0.530
1.027
1.045
1.010
1.181
1.215
1.210
1.038
1.138
0.992
1.313
1.485
1.353
1.406
1.456
1.414
0.859
0.973
0.900
0.866
1.104
1.014
0.841
0.901
0.793
0.964
0.912
0.899
0.830
0.917
0.830
0.789
1.012
0.849
1.648
1.916
2.032
0.764
0.836
0.763
0.693
0.734
0.584
0.976
1.084
0.893
0.553
0.673
0.580
0.643
0.750
0.632
0.708
0.807
0.707
0.493
0.676
0.553
1.558
1.597
1.656
0.282
0.452
0.377
1.148
1.292
1.205
0.933
1.075
0.946
0.508
0.629
0.548
1.634
1.642
1.564
1.093
1.175
1.183
1.118
1.108
1.030
1.034
1.223
1.090
1.227
1.324
1.232
1.632
1.720
1.663
0.577
0.683
0.575
0.899
1.010
0.810
0.595
0.930
0.734
0.327
0.438
0.370
0.631
0.800
0.690
1.825
1.828
1.748
0.698
0.896
0.837
0.535
0.832
0.598
1.641
1.675
1.610
0.699
0.779
0.783
0.726
0.845
0.734
1.307
1.299
1.227
1.147
1.238
1.170
1.152
1.376
1.195
0.806
0.871
0.709
0.887
1.036
0.857
1.062
1.203
1.113
0.730
0.773
0.732
1.133
1.246
1.109
1.251
1.368
1.093
1.609
1.999
1.945
1.683
1.708
1.615
1.750
1.727
1.805
0.674
0.708
0.633
1.128
1.151
1.107
1.666
1.736
1.534
1.512
1.683
1.442
1.302
1.449
1.384
1.148
1.099
1.027
1.350
1.384
1.321
1.842
1.931
1.911
2.372
2.532
2.426
0.614
0.744
0.646
0.716
0.815
0.639
1.019
1.011
1.000
1.228
1.430
1.211
1.307
1.325
1.287
1.207
1.310
1.193
0.754
0.922
0.824
0.848
0.927
0.833
0.987
1.057
1.267
0.926
0.985
0.876
1.508
1.652
1.496
0.819
0.855
0.810
0.914
1.012
0.928
1.169
1.245
1.270
1.075
1.188
1.061
0.690
0.820
0.700
0.711
0.874
0.757
1.016
1.151
1.061
1.069
1.205
1.135
1.670
1.794
1.695
0.887
1.016
0.951
1.297
1.436
1.333
0.771
0.948
0.789
1.528
1.628
1.484
1.121
1.140
1.000
0.724
0.871
0.820
1.933
2.000
1.897
0.546
0.769
0.554
1.229
1.300
1.027
1.328
1.332
1.241
0.741
0.789
0.703
0.887
0.899
0.559
0.857
1.009
0.922
1.139
1.282
1.178
0.951
1.338
1.080
1.543
1.595
1.564
0.833
0.849
0.781
1.678
1.766
1.758
0.715
0.903
0.858
1.204
1.466
1.362
1.309
1.431
1.315
1.009
1.193
1.145
1.173
1.414
1.168
1.173
1.412
1.318
1.750
1.798
1.725
1.165
1.161
1.150
1.898
1.910
1.907
1.125
1.205
1.118
1.508
1.522
1.476
1.935
1.946
1.909
2.206
2.276
2.209
0.807
0.965
0.732
0.967
1.048
0.873
0.816
0.919
0.661
2.149
2.170
2.112
0.876
0.889
0.740
1.334
1.406
1.352
0.744
0.844
0.689
0.883
1.182
0.949
1.080
1.051
0.831
0.997
1.296
1.247
0.846
0.853
0.848
1.382
1.656
1.333
1.276
1.227
1.117
1.146
1.145
1.334
1.212
1.232
0.970
1.297
1.357
1.308
0.928
0.949
0.782
0.751
0.880
0.730
1.611
1.699
1.541
0.842
1.158
1.023
1.118
1.544
1.291
1.145
1.279
1.222
0.805
0.854
0.729
0.950
1.408
1.009
1.024
1.111
1.088
1.157
1.557
1.259
0.499
0.730
0.561
2.075
2.116
2.013
1.271
1.314
1.258
0.516
0.703
0.538
1.362
1.588
1.464
1.040
1.228
1.158
1.073
1.296
1.208
1.708
1.911
1.867
2.653
2.579
2.646
1.714
1.812
1.721
1.411
1.493
1.436
0.797
0.918
0.858
1.698
1.765
1.678
1.311
1.363
1.277
1.561
1.711
1.638
1.373
1.968
2.213
0.692
0.828
0.742
1.708
1.747
1.578
1.671
1.771
1.768
0.793
0.852
0.805
1.846
1.910
1.828
1.197
1.291
1.285
1.699
1.774
1.678
1.224
1.262
1.138
0.976
1.079
0.912
1.722
1.825
1.670
0.799
0.886
0.875
1.542
1.654
1.541
1.398
1.319
1.304
1.402
1.467
1.267
0.761
0.814
0.763
1.690
1.799
1.686
0.667
0.913
0.729
0.668
0.792
0.727
0.545
0.629
0.597
1.583
1.456
1.326
0.678
0.887
0.741
0.532
0.625
0.475
0.473
0.562
0.443
0.591
0.703
0.543
1.642
1.761
1.625
1.048
1.106
0.953
0.683
0.800
0.695
1.540
1.827
1.581
0.805
1.070
0.794
0.929
1.068
1.200
1.756
1.961
1.872
1.828
1.887
1.762
1.309
1.480
1.157
1.830
2.034
1.991
1.422
1.496
1.451
0.650
0.755
0.815
0.706
0.879
0.737
1.026
1.134
1.104
0.887
0.904
0.906
0.897
1.081
0.998
0.664
0.763
0.691
0.505
0.651
0.571
1.399
1.507
1.419
1.601
1.818
1.612
2.095
2.125
1.835
1.981
2.048
1.959
0.788
0.947
0.824
1.677
1.664
1.643
0.875
1.342
0.963
0.867
0.924
0.851
1.028
1.048
1.028
1.438
1.446
1.362
0.855
0.933
0.889
0.724
0.822
0.784
0.806
0.819
0.748
0.555
0.704
0.550
0.548
0.517
0.524
0.853
0.939
0.866
1.384
1.520
1.306
1.223
1.365
1.422
0.955
1.100
1.074
1.208
1.279
1.247
0.816
0.794
0.800
1.045
1.093
1.030
1.415
1.562
1.457
0.766
0.795
0.785
0.725
0.908
0.740
1.279
1.359
1.314
0.715
0.869
0.770
1.138
1.176
1.150
0.800
0.918
0.906
0.924
1.002
0.943
2.018
1.936
1.885
1.233
1.511
1.316
1.253
1.319
1.296
1.026
1.111
1.403
1.025
1.226
0.893
1.830
1.910
1.881
0.307
0.659
0.569
0.629
0.777
0.641
1.191
1.277
1.224
1.160
1.267
1.204
0.995
1.119
1.063
1.275
1.337
1.189
0.778
0.964
0.839
0.853
0.954
0.831
1.395
1.412
1.284
0.907
1.039
0.790
1.508
1.707
1.430
1.736
1.736
1.655
0.640
0.783
0.658
0.798
0.961
0.882
0.751
0.867
0.751
0.861
0.988
0.915
0.565
0.747
0.696
0.754
0.780
0.747
0.942
0.995
0.972
1.076
1.150
1.090
0.687
0.751
0.695
1.573
1.630
1.514
1.239
1.427
1.368
0.563
0.673
0.564
0.833
1.012
0.840
0.935
1.075
0.963
1.001
1.040
0.848
1.284
1.448
1.341
1.005
1.035
1.023
0.406
0.599
0.351
0.821
0.982
0.876
0.944
1.086
1.041
0.662
0.890
0.743
1.324
1.419
1.343
1.104
1.413
1.229
0.860
0.935
0.816
1.496
1.540
1.372
0.859
0.920
0.837
1.346
1.383
1.287
0.824
0.891
0.712
0.745
0.903
0.780
0.676
0.754
0.652
0.867
1.004
0.945
0.898
1.039
0.952
0.793
0.969
0.803
0.940
0.990
0.761
1.095
1.238
1.101
2.085
2.170
2.074
1.227
1.391
1.211
0.982
1.125
0.960
1.225
1.264
1.176
0.937
1.103
0.958
0.808
0.862
0.816
0.553
0.641
0.585
0.842
0.868
0.693
0.852
1.030
0.925
0.389
0.482
0.409
0.650
0.704
0.655
1.522
1.594
1.505
1.333
1.304
1.323
1.413
1.474
1.424
1.223
1.259
1.259
0.823
1.007
0.852
0.827
0.871
0.702
0.924
1.450
0.949
1.612
1.687
1.629
1.832
1.950
1.732
0.518
0.579
0.546
0.991
1.016
1.010
0.578
0.684
0.574
1.442
1.597
1.459
2.293
2.267
2.019
0.691
0.779
0.669
1.520
1.579
1.577
0.685
0.792
0.666
1.093
1.167
1.136
1.390
1.456
1.385
1.753
1.857
1.800
1.692
1.748
1.703
1.012
1.078
1.078
1.164
1.206
1.144
2.527
2.574
2.535
0.807
0.898
0.750
1.184
1.205
1.186
1.215
1.392
1.213
1.500
1.609
1.526
1.482
1.634
1.550
1.138
1.156
1.027
1.083
1.176
1.072
1.137
1.222
0.967
1.274
1.287
1.130
1.469
1.479
1.432
1.736
1.758
1.562
0.999
1.087
0.995
0.868
1.053
1.223
1.309
1.377
1.230
1.177
1.413
1.225
1.375
1.433
1.357
1.683
1.729
1.735
0.637
0.831
1.013
1.756
1.888
1.862
1.755
1.856
1.825
0.816
0.838
0.775
0.957
0.992
0.958
1.378
1.414
1.397
1.299
1.304
1.222
0.812
0.918
0.808
1.341
1.467
1.300
0.815
0.889
1.154
1.325
1.361
1.128
1.242
1.320
1.213
0.642
0.771
0.648
1.896
1.983
1.939
2.547
2.539
2.502
0.958
1.076
0.956
0.737
0.863
0.802
0.941
1.046
0.917
1.107
1.254
1.064
1.359
1.434
1.403
1.175
1.221
1.161
1.851
1.897
1.888
1.185
1.191
1.243
0.756
0.845
0.802
0.661
0.727
0.714
0.837
0.898
0.845
1.002
1.050
0.824
1.370
1.401
1.373
2.123
2.116
1.979
1.640
1.676
1.571
1.851
1.970
1.902
0.684
0.738
0.723
0.899
1.241
0.963
1.952
1.990
1.903
1.036
1.110
1.016
1.115
1.294
1.006
0.806
1.088
0.938
0.932
0.986
0.838
0.818
1.176
1.059
0.627
1.159
0.606
0.881
1.054
0.919
1.121
1.266
1.145
0.868
0.986
0.936
0.781
0.888
0.810
1.117
1.195
0.925
0.795
0.819
0.679
1.405
1.461
1.352
1.603
1.638
1.592
1.453
1.521
1.543
1.496
1.750
1.591
1.023
1.146
1.092
0.806
0.886
0.782
0.475
0.667
0.434
0.645
0.697
0.624
1.837
1.916
1.868
0.775
0.841
0.692
0.857
0.950
0.777
0.994
1.176
1.007
0.804
1.027
0.848
0.659
0.712
0.568
1.111
1.320
1.189
0.692
0.688
0.674
1.513
1.421
1.459
1.667
1.839
1.671
1.344
1.481
1.530
0.893
1.010
0.935
0.889
0.877
0.802
0.946
1.068
0.928
0.532
0.643
0.502
0.916
0.973
0.923
1.056
1.153
1.134
1.093
1.340
1.088
1.458
1.505
1.473
0.824
0.932
0.851
0.711
0.776
0.694
0.625
0.819
0.621
1.639
1.653
1.655
0.437
0.523
0.448
1.315
1.349
1.257
0.958
1.048
0.909
0.852
0.958
0.900
2.369
2.376
2.422
1.425
1.360
1.337
1.767
1.804
1.628
