1.471
1.601
1.478
3.045
3.161
3.081
1.130
1.260
1.192
1.693
1.744
1.682
1.283
1.315
1.014
1.270
1.300
1.356
1.158
1.463
1.237
3.574
3.586
3.480
2.078
2.198
2.101
1.687
1.832
1.756
1.809
1.888
1.815
0.727
0.873
0.848
1.289
1.382
1.348
1.839
1.878
1.917
1.843
1.897
1.903
0.963
1.224
1.637
0.786
0.963
0.915
1.608
1.611
1.611
2.135
2.503
2.603
1.154
1.333
1.329
1.193
1.348
1.205
2.600
2.644
2.600
2.940
2.975
2.929
2.220
2.391
2.337
0.989
1.251
1.167
1.378
1.395
1.344
1.216
1.318
1.210
1.106
1.317
1.158
1.746
1.970
2.081
1.325
1.501
1.452
1.628
1.896
1.640
2.272
2.448
2.296
1.946
1.986
1.888
1.659
1.939
1.809
2.291
2.356
2.341
1.754
1.976
1.623
1.516
1.667
1.546
1.362
1.363
1.286
1.340
1.514
1.481
1.434
1.379
1.249
0.903
1.215
1.033
0.907
1.021
0.907
2.035
2.044
1.935
0.771
1.089
0.874
1.834
2.056
1.874
1.613
1.804
1.653
1.609
1.845
1.799
0.852
1.087
0.905
1.758
1.877
1.783
2.491
2.545
2.513
2.446
2.647
2.422
2.298
2.402
2.342
1.552
1.557
1.479
1.047
1.087
1.015
1.468
1.710
1.615
1.475
1.729
1.364
1.108
1.279
1.205
1.610
1.778
1.427
0.844
1.071
0.941
2.839
2.849
2.913
2.337
2.340
2.293
2.492
2.587
2.476
1.340
1.656
1.507
2.459
2.378
2.316
0.698
1.129
0.778
2.486
2.707
2.597
2.821
2.855
2.758
1.383
1.489
1.268
1.108
1.435
1.194
0.892
0.933
0.863
0.892
1.017
0.928
1.457
1.565
1.484
2.339
2.485
2.447
1.664
1.769
1.684
1.104
1.202
1.204
1.033
1.219
1.137
2.151
2.223
2.256
1.990
2.296
2.223
2.272
2.372
2.329
1.080
1.162
1.110
0.882
0.937
0.483
1.328
1.379
1.204
1.935
1.851
1.769
3.476
3.517
3.502
0.893
1.039
0.960
1.894
2.005
1.967
1.122
1.230
1.026
1.813
1.847
1.910
0.604
1.000
0.791
1.258
1.433
1.330
1.137
1.241
1.221
1.416
1.530
1.351
2.747
2.780
2.733
2.831
2.834
2.858
1.550
1.659
1.622
1.953
2.009
1.959
2.158
2.199
2.162
1.205
1.331
1.196
2.439
2.460
2.403
1.177
1.592
1.275
0.709
0.937
0.703
1.843
1.971
1.859
1.642
1.737
1.672
1.826
2.060
1.986
1.278
1.502
1.356
1.420
1.414
1.429
2.358
2.614
2.493
1.075
1.186
1.068
1.447
1.465
1.488
0.960
1.023
0.995
1.657
1.789
1.776
1.594
1.849
1.876
1.822
1.933
1.885
1.214
1.179
1.240
1.234
1.585
1.380
2.081
2.261
2.190
0.725
0.936
0.733
1.570
1.629
1.589
1.048
1.171
1.083
1.382
1.545
1.481
0.932
1.145
1.125
1.190
1.131
1.162
2.336
2.425
2.364
2.696
3.084
2.733
3.037
2.950
2.938
1.525
1.694
1.598
2.530
2.569
2.575
2.002
2.121
1.995
1.360
1.462
1.413
2.009
2.099
2.071
1.879
1.916
1.921
1.639
1.793
1.656
1.360
1.627
1.392
1.705
1.922
1.766
1.920
2.114
1.989
2.090
2.179
2.091
2.206
2.315
2.223
0.956
1.195
1.082
2.021
2.164
1.987
1.614
2.008
1.986
1.814
1.869
1.767
1.627
2.074
1.847
1.325
1.501
1.452
2.661
2.778
2.699
2.766
2.846
2.893
1.798
1.939
1.855
0.686
0.924
0.734
1.292
1.358
1.248
1.602
1.746
1.654
1.047
1.059
0.927
1.226
1.184
1.066
1.948
1.895
1.785
1.492
1.507
1.467
2.063
2.100
2.050
1.278
1.244
1.091
1.956
2.139
2.082
1.105
1.422
1.143
1.772
1.874
1.791
1.400
1.549
1.469
1.317
1.553
1.414
1.561
1.699
1.600
1.012
1.178
1.077
1.889
2.028
2.048
2.232
2.498
2.379
1.702
1.777
1.585
0.881
0.923
0.890
1.206
1.278
1.226
0.826
0.895
0.849
1.508
1.587
1.544
2.316
2.448
2.398
1.377
1.693
1.599
1.577
1.715
1.657
1.457
1.539
1.470
0.939
0.960
0.917
1.753
1.801
1.754
1.748
1.981
1.848
1.352
1.512
1.511
0.867
1.145
1.026
2.141
2.466
2.293
2.287
2.294
2.295
1.045
1.064
0.947
1.664
1.573
1.339
2.349
2.470
2.422
1.527
1.784
1.662
2.823
2.827
2.815
1.891
2.007
2.006
1.603
1.699
1.674
2.330
2.325
2.217
1.796
2.294
1.892
0.568
0.609
0.562
1.035
1.121
1.103
0.901
1.092
0.929
1.884
2.058
1.922
0.917
1.277
0.962
1.000
1.133
1.367
0.961
1.984
0.913
0.808
1.100
0.970
0.677
1.202
0.874
1.864
1.936
1.811
1.537
1.594
1.537
1.897
1.857
1.846
1.066
1.162
0.963
2.842
2.900
2.973
1.894
1.961
2.007
1.474
1.673
1.548
1.091
1.432
1.286
0.664
1.280
1.057
0.758
0.913
0.907
2.376
2.377
2.308
1.794
1.845
1.774
2.297
2.899
2.230
1.766
1.836
1.565
1.180
1.260
1.119
1.565
1.621
1.567
1.062
1.370
1.141
1.544
1.565
1.579
1.281
1.460
1.925
1.780
1.775
1.713
0.955
1.237
1.088
2.846
2.983
2.910
2.322
2.440
2.376
1.816
1.946
1.810
2.093
2.230
1.991
1.888
1.955
1.834
1.115
1.240
1.178
0.774
0.920
0.815
1.301
1.359
1.399
1.158
1.278
1.179
2.657
2.686
2.684
1.406
1.666
1.469
1.885
2.057
2.001
1.294
1.380
1.273
1.492
1.514
1.491
1.007
1.115
1.014
1.189
1.398
1.120
1.293
1.404
1.335
0.934
1.081
0.982
1.782
1.808
1.775
1.368
1.666
1.362
1.066
1.158
1.100
1.975
2.058
2.053
1.016
1.130
1.093
0.999
1.270
1.099
1.589
1.619
1.475
2.240
2.401
2.332
0.883
0.974
0.978
2.109
2.212
2.177
1.177
1.195
0.871
1.877
1.948
1.953
1.662
1.803
1.644
1.400
1.634
1.595
2.121
2.157
2.109
1.338
1.414
1.339
1.099
1.017
0.989
1.560
1.487
1.550
2.035
2.074
2.041
1.634
1.719
1.725
1.685
1.946
1.749
1.469
1.520
1.469
3.011
3.049
3.131
1.246
1.373
1.289
2.151
2.175
2.035
0.852
1.057
0.964
1.875
1.917
1.850
1.455
1.505
1.480
2.159
2.397
2.261
2.189
2.361
2.273
1.813
1.953
1.837
0.544
0.657
0.545
2.246
2.388
2.331
1.848
1.868
1.933
1.819
2.130
1.873
1.192
1.919
1.241
1.135
1.308
1.184
1.132
1.539
1.370
0.857
1.157
0.985
0.463
0.719
0.588
0.946
0.959
0.924
2.011
2.077
2.047
1.043
1.143
1.081
1.043
1.167
1.091
1.298
1.573
1.467
1.956
1.956
1.914
1.536
1.659
1.514
0.774
0.794
0.782
1.200
1.361
1.307
0.784
0.902
0.827
2.516
2.414
2.554
1.727
1.862
1.826
2.265
2.366
2.277
0.864
0.918
0.881
0.993
1.062
1.052
2.953
3.136
3.130
1.923
2.098
1.947
3.200
3.228
3.326
1.169
1.253
1.124
1.410
1.549
1.472
0.944
1.084
0.873
1.017
1.325
1.150
0.913
0.960
0.956
0.621
0.730
0.715
2.018
2.069
1.892
1.436
1.627
1.456
1.049
1.123
1.128
2.449
2.431
2.448
1.249
1.463
1.193
1.245
1.354
1.280
0.724
0.871
0.801
1.164
1.258
1.251
0.859
0.986
0.975
1.158
1.452
1.298
1.589
1.642
1.614
2.466
2.564
2.458
1.879
1.870
1.857
2.494
2.471
2.497
1.534
1.656
1.567
1.243
1.552
1.277
1.688
1.784
1.591
2.058
2.145
2.131
1.547
1.636
1.554
2.304
2.370
2.249
1.502
1.607
1.595
1.087
1.417
1.248
2.250
2.212
1.991
1.370
1.559
1.441
1.311
1.370
1.367
2.689
2.792
2.773
1.529
1.563
1.483
2.652
2.709
2.587
1.508
1.604
1.403
1.979
2.044
2.004
1.105
1.191
1.109
2.951
2.965
2.958
1.303
1.369
1.314
1.389
1.364
1.301
1.900
1.928
1.885
1.411
1.617
1.451
1.312
1.329
1.283
1.055
1.082
1.081
1.669
1.680
1.938
1.445
1.423
1.338
0.714
0.745
0.732
1.686
1.755
1.589
1.960
2.057
2.072
1.858
1.847
1.719
0.895
0.971
0.938
2.634
2.789
2.745
2.226
2.351
2.292
2.137
2.228
2.197
1.187
1.422
1.280
0.847
1.239
0.899
1.012
1.263
1.138
2.891
3.005
2.941
1.768
1.803
1.586
0.818
0.803
0.668
1.189
1.236
1.159
1.446
1.663
1.250
1.241
1.224
1.187
1.347
1.374
1.352
1.384
1.555
1.359
1.802
1.949
1.916
1.513
1.687
1.645
2.843
2.896
2.867
3.100
3.271
3.169
1.794
1.813
1.778
1.169
1.201
1.076
1.042
1.105
1.039
2.433
2.574
2.479
2.018
2.111
2.063
2.390
2.441
2.406
1.896
1.751
1.772
1.738
1.983
1.716
1.262
1.780
1.421
1.324
1.410
1.365
1.431
1.812
1.177
1.648
1.740
1.574
1.352
1.409
1.370
2.037
2.255
2.036
1.435
1.471
1.421
1.504
1.571
1.532
1.703
1.811
1.749
1.203
1.506
1.436
0.948
1.411
1.059
1.601
1.735
1.716
1.973
1.962
1.974
2.229
2.432
2.331
2.348
2.310
2.333
2.014
2.235
1.942
1.693
1.730
1.713
1.351
1.588
1.574
2.822
2.884
2.745
1.668
1.803
1.684
1.979
2.012
1.974
2.485
2.454
2.454
1.067
1.137
1.089
1.313
1.516
1.416
1.429
1.541
1.497
1.103
1.215
1.129
0.988
1.156
1.094
0.770
1.218
0.939
1.265
1.547
1.548
1.123
1.277
1.247
2.512
2.695
2.437
1.508
1.615
1.595
2.124
2.299
2.227
1.494
2.302
1.769
1.644
1.661
1.657
1.302
1.347
1.333
2.226
2.437
2.148
1.436
1.857
1.474
1.272
1.518
1.372
1.050
1.116
0.968
1.141
1.232
1.235
1.236
1.477
1.328
1.364
1.695
1.469
1.079
1.284
1.151
1.379
1.614
1.509
1.432
1.594
1.491
0.829
0.940
0.785
1.025
1.159
1.045
1.428
1.444
1.458
1.228
1.313
1.266
1.001
1.302
1.216
1.272
1.545
1.408
1.494
1.542
1.375
0.841
1.217
0.985
2.630
2.693
2.554
1.372
1.533
1.450
1.196
1.881
1.376
1.168
1.260
1.178
0.618
0.743
0.724
1.105
1.332
1.167
1.189
1.423
1.276
0.798
0.951
0.868
1.015
1.239
1.074
1.734
1.767
1.770
1.749
1.757
1.681
1.385
1.432
1.393
1.079
1.194
1.179
0.996
0.929
0.300
1.643
1.679
1.636
1.638
1.748
1.666
0.994
1.122
1.061
1.282
1.737
1.548
1.853
1.915
1.887
1.883
1.924
1.787
2.986
3.150
3.037
0.785
0.903
0.786
0.881
0.937
0.917
0.688
0.769
0.686
1.238
1.390
1.320
1.238
1.465
1.320
1.311
1.573
1.394
1.603
1.669
1.624
1.217
1.545
1.354
1.662
1.777
1.684
1.693
1.835
1.713
1.423
1.528
1.410
2.292
2.353
2.346
1.947
1.950
1.850
1.446
1.506
1.446
1.624
1.641
1.660
2.010
2.145
2.072
1.331
1.505
1.353
1.137
1.186
1.027
1.931
1.988
1.926
3.141
3.153
2.802
2.221
2.333
2.340
0.705
0.664
0.556
2.251
2.296
2.279
1.769
1.680
1.678
1.642
1.806
1.570
1.502
1.547
1.473
1.461
1.655
1.525
1.447
1.601
1.385
2.574
2.559
2.554
1.818
1.848
1.876
2.343
2.433
2.348
1.067
1.428
1.137
1.602
1.744
1.535
1.146
1.271
1.233
1.847
2.028
1.998
2.073
2.076
1.949
1.051
1.042
0.855
1.753
1.799
1.759
1.172
1.373
1.184
1.614
1.774
1.626
2.673
2.599
2.468
1.601
1.612
1.636
1.261
1.537
1.352
1.823
1.860
1.802
0.894
1.176
1.037
1.767
1.843
1.628
1.115
1.222
1.136
1.029
1.311
1.061
1.829
2.060
1.888
3.271
3.315
3.195
0.889
1.235
0.986
0.664
1.504
0.970
1.733
1.724
1.586
1.900
2.019
1.886
1.480
1.540
1.477
1.670
2.395
1.620
2.118
2.576
2.109
1.805
2.022
1.835
0.530
0.618
0.575
2.016
2.354
2.038
1.792
1.969
1.824
0.849
1.101
1.017
0.762
0.890
0.804
2.817
2.886
2.770
1.670
1.821
2.096
1.118
1.481
1.623
1.452
1.521
1.342
1.885
2.201
2.004
1.172
1.313
1.299
0.928
1.167
1.231
1.246
1.479
1.361
1.250
1.342
1.318
0.994
1.236
1.093
1.101
1.192
1.103
1.842
1.919
1.843
1.920
2.198
1.743
2.950
2.981
2.959
1.624
2.241
2.219
1.456
1.545
1.483
1.999
2.116
1.957
1.126
1.528
1.345
1.196
1.301
1.237
1.366
1.554
1.356
1.809
1.896
1.773
1.177
1.569
1.445
2.554
2.608
2.542
1.588
1.646
1.631
0.935
0.980
0.981
2.416
2.544
2.488
1.676
1.761
1.694
2.036
2.067
2.148
1.803
2.016
1.643
1.421
1.651
1.568
1.366
1.504
1.412
1.330
1.488
1.370
1.879
2.130
2.014
2.249
2.251
2.207
2.022
2.156
1.950
0.976
1.135
1.017
1.415
1.530
1.478
0.836
0.979
0.943
0.654
0.880
0.738
1.101
1.313
1.169
2.150
2.247
2.265
1.669
1.720
1.752
0.889
1.120
0.962
1.041
1.174
1.075
1.392
1.688
1.370
1.457
1.808
1.613
1.338
1.569
1.428
1.299
1.326
1.301
1.234
1.319
1.294
1.566
1.765
1.686
1.437
1.550
1.447
1.336
1.480
1.373
1.606
1.618
1.623
0.816
0.882
0.839
2.023
2.087
2.010
1.958
2.014
2.003
1.846
2.128
2.074
1.692
1.816
1.687
2.428
2.509
2.423
1.423
1.480
1.365
1.145
1.626
1.222
1.145
1.430
1.346
2.904
3.122
3.082
0.937
1.131
1.024
1.234
1.402
1.362
1.016
1.166
1.014
1.820
1.946
1.916
1.342
1.240
1.229
1.148
1.173
1.134
1.003
0.987
1.004
0.767
0.766
0.643
0.817
1.235
0.932
0.928
1.039
0.941
1.251
1.382
1.339
3.310
3.351
3.362
1.775
1.878
1.810
2.540
2.727
2.578
1.210
1.522
1.298
1.231
1.292
1.229
2.115
2.178
1.996
2.172
2.671
2.233
2.074
2.215
2.077
1.179
1.394
1.338
1.411
1.678
1.433
1.791
1.941
1.851
0.699
0.946
1.195
1.501
1.490
1.464
3.061
3.358
2.988
1.346
1.500
1.268
1.831
1.760
1.767
1.238
1.464
1.805
3.002
3.094
3.049
1.648
1.861
1.819
2.706
2.725
2.574
0.913
1.085
0.987
0.863
0.943
0.874
1.571
1.660
1.570
3.630
3.683
3.657
1.408
1.468
1.414
2.046
2.129
1.968
0.494
0.486
0.411
0.785
0.985
0.830
2.471
2.749
2.762
1.629
1.951
1.862
1.191
1.299
1.182
1.809
1.993
1.830
1.263
1.351
1.279
1.392
1.425
1.390
1.764
1.874
1.820
2.406
2.433
2.394
2.053
2.231
2.004
1.087
1.151
1.111
1.021
1.177
1.062
2.108
2.447
2.121
2.108
2.369
2.121
2.108
2.375
2.121
1.138
1.185
1.108
1.462
1.662
1.605
1.831
1.872
1.795
1.001
1.055
0.791
0.434
0.848
0.612
1.487
1.638
1.526
2.122
2.153
2.165
1.604
1.658
1.591
0.888
1.029
0.785
2.170
2.245
2.080
1.328
1.366
1.339
0.891
1.156
1.113
1.588
1.890
1.750
1.273
1.458
1.338
1.253
1.370
1.309
1.362
1.507
1.516
1.188
1.333
1.283
2.028
2.176
1.979
2.111
2.110
1.868
1.680
1.762
1.680
2.491
2.696
2.528
1.302
1.316
1.247
1.992
1.908
1.961
1.959
1.984
2.055
1.959
1.984
2.055
1.192
1.580
1.220
2.328
2.279
2.099
1.028
1.371
1.072
1.028
1.391
1.072
1.968
2.148
2.078
1.010
1.120
1.086
1.683
1.825
1.527
2.515
2.509
2.456
0.970
1.069
0.982
1.362
1.610
1.423
1.311
1.515
1.447
1.265
1.338
1.054
2.465
2.541
2.486
1.462
1.508
1.488
2.776
3.061
2.825
2.007
2.038
2.019
1.570
1.727
1.592
1.904
1.962
1.824
1.311
1.397
1.314
0.925
1.168
1.011
1.362
1.396
1.211
1.388
1.465
1.290
1.469
1.553
1.478
1.347
1.383
1.361
1.510
1.621
1.609
1.069
1.199
1.103
1.354
1.534
1.290
1.771
1.850
1.807
0.842
0.976
0.918
1.362
1.474
1.300
2.042
2.061
2.054
0.943
1.263
1.088
0.854
0.950
0.850
0.920
1.114
1.037
0.927
1.198
1.083
1.426
1.797
1.563
1.178
1.323
1.198
1.799
1.764
1.777
2.098
2.148
2.077
0.882
1.006
0.928
1.903
2.032
2.044
2.062
2.117
1.972
1.123
1.379
1.200
0.954
1.040
0.974
1.897
2.024
1.947
2.105
2.098
2.136
1.991
1.969
1.855
0.820
0.878
0.726
0.934
1.348
0.980
1.473
1.581
1.480
2.045
1.993
2.020
1.189
1.362
1.255
1.083
1.230
1.182
1.538
1.795
1.614
3.008
2.997
3.005
1.399
1.456
1.422
1.118
1.378
1.250
1.516
1.650
1.529
2.329
2.431
2.367
1.862
2.012
1.966
2.194
2.188
2.046
2.311
2.462
2.397
1.724
2.046
1.841
2.049
2.177
2.231
1.714
1.782
1.704
1.734
1.634
1.680
2.157
2.254
2.259
1.418
1.652
1.539
1.061
1.172
1.069
1.132
1.371
1.276
0.733
0.758
0.625
1.422
1.415
1.277
1.954
2.290
2.084
3.405
3.464
3.494
1.408
1.601
1.380
1.194
1.171
1.032
1.537
1.643
1.566
0.979
1.199
1.003
0.867
1.177
1.078
0.438
0.741
0.629
1.199
1.208
1.238
1.210
1.268
1.248
1.571
1.624
1.536
2.806
2.812
2.869
2.713
2.846
2.820
2.403
2.451
2.396
1.593
1.806
1.732
1.676
1.786
1.714
1.527
1.541
1.464
1.024
1.103
1.029
3.211
3.252
3.201
1.548
1.647
1.518
1.898
2.037
1.641
1.472
1.512
1.513
2.000
2.101
1.928
2.162
2.315
2.159
1.533
1.615
1.522
1.619
1.628
1.641
2.036
2.119
2.074
0.891
1.105
1.000
1.356
1.450
1.417
1.296
1.402
1.074
1.310
1.401
1.354
1.876
2.064
1.832
1.726
1.695
1.604
1.659
1.753
1.677
1.375
1.474
1.460
2.217
2.342
2.289
1.276
1.395
1.332
1.526
1.539
1.559
1.526
1.539
1.559
1.623
1.676
1.639
1.820
2.156
1.921
2.573
2.609
2.713
1.348
1.478
1.323
1.597
1.818
1.655
1.673
1.846
1.743
0.676
1.040
0.731
1.720
1.854
1.685
2.657
2.704
2.510
1.533
1.817
1.623
2.001
2.155
2.028
0.991
1.123
1.000
1.037
1.579
1.203
0.993
1.166
1.049
2.118
2.119
2.040
1.459
1.496
1.161
1.497
1.703
1.456
1.366
1.382
1.268
1.366
1.519
1.390
1.841
1.792
1.786
1.266
1.601
1.413
1.229
1.595
1.396
1.945
2.103
1.965
1.996
2.323
2.262
2.597
2.668
2.599
1.169
1.263
1.134
1.669
2.246
2.021
1.254
1.350
1.242
1.680
1.720
1.611
0.918
0.982
0.890
1.387
1.398
1.305
1.444
1.507
1.486
2.253
2.657
2.670
2.357
2.454
2.344
2.906
2.948
3.026
1.351
1.385
1.346
0.989
0.980
0.992
1.347
1.322
1.125
1.252
1.251
1.255
0.891
1.439
0.946
1.826
1.929
1.852
1.765
1.747
1.759
1.908
2.084
1.961
1.777
1.950
1.832
1.782
1.724
1.643
0.891
1.006
1.001
1.372
1.470
1.391
2.466
2.371
2.310
0.764
0.983
0.874
1.323
1.526
1.425
1.653
1.695
1.637
2.104
2.250
2.239
1.144
1.379
1.299
1.775
1.958
1.934
1.253
1.284
1.190
1.374
1.447
1.177
1.904
2.054
1.978
2.331
2.493
2.413
1.561
1.615
1.500
1.727
1.992
1.837
1.973
2.106
1.929
2.507
2.616
2.528
1.488
1.541
1.532
3.492
3.497
3.526
2.132
2.460
2.304
1.417
1.520
1.504
0.754
1.194
0.907
1.443
1.543
1.524
2.612
2.711
2.632
1.102
1.272
1.053
1.649
1.689
1.657
0.798
0.896
0.895
2.457
2.541
2.589
0.887
0.788
0.782
0.581
0.739
0.625
1.003
1.295
1.318
1.736
1.743
1.659
0.946
1.080
0.980
1.899
2.047
1.972
1.628
1.708
1.748
1.589
1.710
1.651
1.986
2.093
1.920
1.229
1.736
1.362
1.397
1.546
1.434
2.977
3.133
2.999
1.889
1.976
1.933
1.913
2.071
2.064
2.505
2.653
2.569
1.145
2.033
1.322
0.902
1.044
0.955
0.884
1.172
1.073
1.682
1.928
1.826
0.875
0.917
0.841
0.838
1.063
0.966
1.521
1.600
1.578
1.612
1.561
1.517
2.005
2.105
2.015
0.284
0.289
0.218
2.595
2.698
2.629
1.281
1.604
1.513
1.198
1.219
1.138
2.476
2.472
2.424
2.787
2.883
2.819
2.008
2.096
2.020
0.955
1.039
1.004
1.420
1.527
1.281
1.951
2.056
1.990
1.366
1.443
1.540
2.230
2.312
2.318
1.309
1.323
1.237
3.053
3.332
3.362
1.632
1.960
1.766
1.710
1.776
1.806
1.848
2.351
2.262
1.247
1.453
1.306
1.974
2.069
2.042
1.234
1.259
1.160
1.833
1.788
1.686
0.550
0.718
0.610
1.281
1.313
1.245
1.648
1.727
1.694
1.053
1.494
0.899
1.698
1.817
1.769
1.272
1.324
1.231
2.005
2.033
2.021
1.456
1.541
1.453
1.950
2.066
1.869
2.359
2.454
2.432
1.428
1.447
1.391
1.907
2.041
1.980
2.213
2.453
2.335
1.457
1.525
1.474
1.794
1.867
1.658
1.898
1.943
1.955
1.053
1.207
1.137
1.055
1.465
1.372
2.030
2.165
2.159
1.057
1.243
1.122
1.067
1.162
1.147
0.513
0.475
0.353
0.693
1.076
0.810
2.323
2.350
2.445
1.118
1.261
1.100
1.544
1.653
1.555
1.137
1.265
1.184
1.079
1.408
1.244
1.539
1.683
1.501
3.235
3.494
3.316
2.205
2.175
2.175
0.845
0.980
0.914
1.463
1.652
1.401
1.573
1.738
1.650
4.792
4.757
4.729
1.400
1.524
1.460
2.422
2.602
2.558
1.040
1.371
1.133
1.075
1.185
1.065
1.471
1.651
1.540
1.099
1.268
1.194
1.757
1.814
1.674
2.475
2.656
2.580
2.650
2.621
2.630
1.398
1.561
1.518
0.893
1.030
1.020
1.528
1.620
1.558
1.287
1.427
1.262
1.829
2.231
1.760
2.276
2.642
2.482
1.580
1.683
1.656
2.015
2.007
2.033
1.734
1.854
1.757
2.506
2.517
2.473
1.899
2.016
1.980
2.905
2.902
2.938
1.580
1.678
1.575
3.034
3.358
3.135
2.624
2.683
2.636
1.337
1.321
1.208
1.003
1.041
0.725
1.782
1.941
1.889
0.787
1.078
0.887
2.191
2.088
2.015
2.234
2.296
2.195
1.667
1.744
1.686
1.381
1.538
1.453
2.561
2.597
2.517
1.509
1.642
1.546
2.726
2.850
2.758
1.443
1.470
1.298
0.615
0.796
0.723
2.160
2.173
2.134
1.494
1.679
1.476
1.328
1.420
1.291
1.753
1.719
1.747
1.428
1.481
1.447
0.978
1.142
1.010
1.115
1.202
1.038
1.671
2.027
1.797
1.154
1.271
1.189
0.730
0.911
0.843
1.860
1.885
1.853
2.262
2.361
1.640
1.739
1.772
1.701
1.594
1.896
2.021
1.328
1.497
1.416
1.887
2.141
1.995
2.161
2.179
2.161
1.027
1.126
1.030
1.108
1.241
1.069
1.579
1.721
1.605
1.656
1.797
1.688
1.526
1.610
1.553
0.787
0.920
0.815
1.164
1.317
1.159
0.669
0.780
0.754
1.782
1.975
1.944
2.037
2.060
1.952
1.119
1.484
1.284
1.341
1.388
1.367
2.037
2.060
1.952
1.706
1.751
1.736
1.109
1.221
1.164
1.490
1.625
1.532
0.963
1.075
0.999
1.392
1.480
1.441
1.524
1.675
1.646
2.680
2.762
2.716
1.465
1.517
1.461
1.860
1.945
1.861
0.912
1.096
0.927
0.829
1.102
1.177
1.601
1.600
1.633
1.380
1.434
1.265
1.209
1.319
1.210
1.536
1.586
1.374
0.881
1.063
0.819
1.339
1.697
1.507
1.821
2.238
2.226
1.149
1.425
1.218
1.642
1.632
1.562
1.830
1.939
1.884
1.000
1.033
0.872
1.303
1.542
1.243
0.919
1.011
0.921
1.352
1.374
1.321
1.030
1.268
1.493
1.031
1.090
1.052
1.510
1.746
1.688
1.427
1.662
1.578
1.741
1.760
1.660
1.448
1.481
1.457
1.152
1.183
0.924
2.282
2.620
2.311
1.466
1.683
1.613
1.490
1.567
1.419
1.678
1.763
1.686
1.874
1.980
1.853
0.835
1.019
0.731
1.771
1.896
1.715
1.250
1.543
1.544
1.255
1.298
1.265
2.127
2.162
2.168
1.225
1.327
1.168
1.327
1.345
1.345
1.331
1.387
1.263
1.518
1.532
1.531
1.418
1.637
1.432
1.897
1.841
1.768
1.769
1.853
1.710
2.167
2.142
2.085
1.362
1.257
1.214
1.238
1.356
1.210
1.555
1.665
1.489
1.507
1.654
1.562
0.846
0.971
0.830
1.520
1.866
1.628
1.120
1.277
1.115
2.555
2.674
2.534
2.089
2.215
2.286
2.690
2.729
2.703
1.994
2.330
2.252
1.481
1.596
1.705
1.111
1.256
1.218
1.425
1.483
1.379
1.052
1.103
1.110
1.641
1.623
1.640
1.150
1.251
1.223
1.159
1.355
1.231
1.117
1.148
0.944
1.951
1.974
1.736
2.655
2.743
2.769
2.831
2.859
2.671
1.460
1.693
1.573
1.017
1.577
1.240
2.466
2.521
2.592
1.847
1.916
1.840
1.002
1.208
1.013
1.423
1.654
1.527
2.696
2.836
2.740
1.682
1.759
1.683
1.112
1.277
1.181
1.003
1.401
1.077
1.097
1.138
1.092
1.502
1.708
1.611
2.874
3.065
3.123
0.947
1.203
0.931
1.541
1.777
1.600
1.191
1.241
1.236
2.312
2.361
2.122
1.335
1.454
1.334
1.715
1.963
1.925
0.977
1.307
1.113
0.906
1.123
1.034
0.885
0.989
0.890
1.228
1.323
1.300
1.529
1.652
1.591
1.975
2.104
1.920
1.974
2.781
2.166
1.715
1.788
1.721
0.871
0.913
0.929
1.187
1.280
1.219
0.920
1.265
1.047
2.226
2.308
2.383
0.717
0.926
0.854
1.174
1.327
1.251
1.857
1.927
1.816
1.181
1.203
1.037
1.481
1.495
1.446
1.023
1.210
1.027
1.771
1.929
1.845
0.827
0.870
0.862
1.180
1.304
1.180
0.892
0.983
0.843
1.382
1.431
1.530
1.604
1.728
1.770
1.604
1.900
1.907
1.375
1.422
1.369
1.409
1.640
1.505
1.124
1.269
1.159
0.689
1.070
0.887
1.620
1.778
1.699
1.723
1.817
1.753
1.593
1.730
1.623
0.994
1.259
1.030
0.831
0.976
0.865
2.422
2.435
2.344
2.187
2.045
2.081
2.081
2.253
2.170
1.677
1.868
1.580
1.502
1.623
1.567
1.352
1.336
1.429
1.667
1.779
1.633
0.990
1.081
1.035
1.440
1.484
1.490
1.790
1.864
1.744
0.810
1.024
0.884
0.601
0.890
0.769
1.884
1.916
1.883
3.470
3.618
3.472
2.451
2.628
2.533
2.093
2.208
2.057
1.127
1.196
1.166
1.062
1.215
1.038
1.819
1.835
1.802
2.661
2.681
2.613
1.079
1.154
1.090
1.714
1.789
1.765
2.450
2.374
2.371
2.232
2.380
2.271
1.340
1.283
1.214
2.654
2.687
2.433
1.431
1.561
1.486
1.030
1.146
1.023
0.657
0.736
0.409
2.751
2.898
2.684
1.406
1.471
1.365
1.533
1.675
1.613
1.261
1.547
1.395
2.106
2.071
2.140
2.352
2.498
2.677
2.398
2.426
2.425
1.517
1.659
1.533
1.131
1.347
1.218
1.081
1.213
1.182
1.145
1.254
1.247
1.472
1.601
1.583
2.506
2.533
2.453
1.845
1.835
1.860
1.373
1.365
1.307
1.539
1.787
1.613
2.510
2.492
2.470
2.511
2.570
2.628
1.994
2.031
1.953
2.415
2.835
2.443
2.480
2.907
2.676
1.996
2.079
1.993
2.354
2.578
2.336
1.442
1.630
1.757
1.454
1.527
1.529
1.373
1.665
1.509
2.087
2.249
2.194
2.175
2.210
2.187
1.857
1.994
1.806
1.546
1.756
1.637
1.546
1.672
1.678
1.922
1.923
1.806
2.183
2.412
2.131
2.915
2.839
2.705
1.488
1.484
1.493
2.731
2.729
2.694
2.059
2.069
2.046
2.223
2.568
2.329
2.803
2.864
2.851
1.809
1.911
1.875
0.610
0.794
0.704
2.192
2.183
2.229
1.470
1.540
1.874
2.002
2.091
2.021
1.627
1.648
1.683
0.706
0.872
0.802
1.598
1.678
1.560
2.709
2.815
2.747
1.399
1.475
1.284
1.748
1.839
1.808
3.109
3.068
2.847
2.216
2.584
2.375
2.499
2.636
2.582
1.501
1.862
1.856
2.269
2.409
2.279
1.004
1.049
0.947
1.861
1.852
1.850
1.759
1.890
1.681
2.034
2.113
1.996
1.864
1.978
1.960
1.799
2.027
1.949
1.598
1.760
1.513
1.827
2.047
1.991
1.847
1.840
1.681
1.268
1.310
1.322
1.658
1.894
1.637
2.324
2.234
1.985
0.733
0.991
0.876
1.297
1.340
1.204
1.337
1.379
1.390
1.284
1.465
1.271
2.028
2.063
1.982
2.339
2.378
2.283
1.382
1.432
1.375
1.063
1.225
1.078
1.938
1.965
1.809
1.920
1.959
1.769
1.041
0.987
0.871
1.213
1.504
1.311
1.784
2.079
2.022
1.802
2.049
2.002
1.712
1.783
1.653
1.288
1.384
1.243
1.857
1.878
1.815
2.030
2.137
2.032
2.807
2.885
2.815
1.039
1.141
1.046
2.719
2.765
2.702
1.996
2.162
2.047
1.512
1.538
1.571
1.288
1.237
1.261
1.822
1.836
1.668
1.285
1.426
1.360
1.401
1.499
1.434
2.223
2.305
2.324
1.640
1.775
1.706
2.848
2.850
2.577
1.026
1.079
1.026
1.660
1.670
1.700
2.373
2.392
2.097
1.616
1.734
1.642
1.310
1.321
1.286
2.006
2.025
1.976
0.611
0.886
0.782
1.907
1.903
1.873
1.606
1.665
1.596
2.280
2.316
2.258
1.985
1.991
1.963
1.193
1.309
1.237
1.110
1.216
1.095
1.239
1.343
1.120
1.243
1.319
1.344
1.707
1.832
1.741
1.757
1.808
1.594
1.332
1.413
1.280
1.897
2.016
1.893
1.042
1.201
1.169
0.693
0.792
0.633
1.743
2.015
1.831
1.113
1.282
1.211
0.865
0.940
0.931
0.795
1.013
0.798
1.186
1.245
1.284
0.600
0.753
0.672
1.535
1.523
1.539
1.797
1.858
1.743
0.761
0.878
0.870
1.372
1.444
1.451
2.057
2.145
2.135
1.630
1.800
1.753
1.241
1.355
1.327
1.073
1.190
1.125
0.736
0.955
0.831
1.114
1.323
1.206
1.632
1.672
1.660
1.066
1.178
1.153
2.168
2.271
2.217
1.385
2.020
1.363
1.397
1.427
1.328
1.248
1.472
1.307
1.120
1.205
1.126
2.313
2.285
2.322
1.598
1.586
1.575
1.686
1.796
1.726
1.450
1.491
1.149
1.081
1.291
1.196
1.863
2.033
1.920
0.926
1.098
0.942
1.015
1.395
1.105
3.193
3.205
3.038
1.292
1.573
1.447
1.464
1.459
1.286
0.953
1.245
1.154
2.755
2.841
2.541
1.268
1.739
1.876
1.849
1.854
1.746
1.761
1.872
1.837
2.118
2.356
2.156
2.130
2.169
2.140
1.180
1.377
1.073
2.456
2.641
2.419
1.381
1.547
1.430
1.488
1.608
1.491
1.613
1.831
1.737
1.309
1.484
1.376
0.870
0.853
0.800
1.322
1.283
1.225
1.056
1.159
1.107
1.512
1.560
1.461
1.581
1.982
1.540
1.495
1.504
1.392
1.210
1.283
1.159
1.109
1.294
0.982
0.823
0.959
0.907
1.242
1.260
1.269
1.088
1.241
1.120
1.883
1.923
1.844
1.026
1.219
1.139
1.327
1.453
1.295
2.337
2.475
2.417
1.098
1.299
1.143
1.214
1.306
1.259
1.599
1.705
1.668
1.165
1.197
1.204
1.257
1.306
1.223
1.271
1.330
1.299
0.965
1.157
1.019
2.381
2.389
2.256
1.313
1.505
1.429
2.705
3.346
2.639
1.709
1.817
1.752
2.625
2.779
2.633
2.155
2.137
2.054
1.639
1.652
1.521
1.537
1.640
1.546
2.124
2.172
2.042
0.405
0.497
0.298
0.751
0.809
0.696
1.489
1.713
1.805
1.475
1.770
1.504
1.474
1.549
1.440
1.416
1.536
1.486
1.445
1.491
1.329
2.678
2.821
2.789
1.920
1.994
2.015
1.518
1.621
1.501
1.039
1.501
1.133
1.736
1.788
1.622
1.072
1.170
1.137
1.769
1.836
1.777
1.991
2.514
2.166
1.144
1.381
1.252
1.450
1.551
1.834
1.761
1.820
1.817
1.453
1.558
1.489
2.122
2.141
2.077
1.115
1.318
1.186
1.422
1.539
1.524
1.941
1.992
1.950
1.858
1.918
1.893
1.912
2.513
2.666
2.111
2.187
2.115
1.591
1.755
1.641
1.239
1.995
1.283
1.468
1.689
1.506
1.375
1.469
1.459
1.691
1.773
1.708
1.488
1.650
1.600
1.871
2.157
2.124
1.362
1.496
1.399
0.369
0.643
0.513
1.324
1.394
1.288
1.621
1.719
1.685
1.784
2.008
1.548
1.917
2.220
2.052
1.581
2.250
2.245
1.793
1.939
1.643
0.781
1.266
0.953
1.046
1.121
1.077
1.271
1.548
1.394
1.819
1.865
1.747
1.735
1.860
1.699
1.174
1.187
1.143
1.173
1.244
1.193
1.464
1.639
1.436
1.570
1.561
1.584
2.249
2.258
2.266
1.869
1.881
1.883
1.415
1.662
1.516
1.454
1.669
1.542
0.752
0.960
0.870
0.964
1.014
1.003
1.857
1.883
1.872
1.238
1.294
1.224
1.274
1.391
1.342
0.849
0.847
0.375
1.075
1.192
1.148
1.275
1.352
1.197
0.840
1.234
1.299
0.985
1.008
0.887
1.820
1.841
1.817
2.882
3.089
3.162
2.278
2.402
2.291
1.289
1.419
1.273
1.955
2.129
1.943
2.230
2.362
2.252
1.331
1.429
1.411
1.331
1.568
1.528
1.726
1.825
1.799
1.154
1.336
1.304
2.957
2.941
2.937
1.870
2.000
1.913
1.279
1.506
1.352
1.280
1.235
1.206
1.688
1.831
1.727
1.619
1.733
1.642
2.120
2.268
2.158
1.409
1.452
1.331
4.320
4.379
4.406
1.546
1.546
1.508
1.188
1.378
1.211
2.354
2.394
2.392
1.248
1.312
1.280
1.699
1.810
1.741
2.022
2.060
2.031
1.961
2.063
2.016
0.669
0.864
0.668
2.770
3.004
2.765
1.509
1.613
1.554
2.408
2.453
2.426
1.859
1.947
2.306
2.273
2.303
2.301
0.902
0.996
0.956
1.906
1.994
1.880
1.315
1.420
1.213
1.867
1.893
1.806
3.661
3.667
3.724
0.839
0.892
0.817
1.086
1.339
1.207
1.577
1.739
1.597
1.441
1.588
1.519
1.376
1.375
1.384
1.922
1.983
1.806
2.777
2.837
2.754
1.555
1.501
1.695
1.237
1.614
1.420
1.612
1.741
1.685
0.644
0.812
0.707
1.612
1.630
1.616
2.693
2.679
2.598
1.495
1.648
1.508
1.108
1.242
1.108
1.864
1.986
1.900
1.366
1.465
1.412
1.580
1.661
1.418
1.863
1.776
1.864
1.547
1.572
1.581
1.547
1.581
1.570
1.196
1.284
1.125
2.162
2.227
2.175
0.753
0.980
0.786
1.982
2.139
2.003
1.192
1.255
1.128
1.426
1.446
1.329
1.245
1.386
1.275
1.056
1.141
1.082
1.056
1.141
1.082
1.036
1.220
1.160
2.233
2.298
2.206
2.152
2.222
2.183
1.630
1.743
1.676
1.584
1.783
1.666
0.864
0.996
1.158
1.571
1.788
1.472
1.289
1.248
1.311
1.084
1.295
1.133
1.368
1.483
1.421
2.622
2.785
2.711
2.140
2.505
2.277
1.515
1.576
1.651
1.023
1.095
0.922
1.878
2.114
1.865
2.302
2.273
2.234
2.833
2.891
2.825
1.192
1.395
1.244
1.237
1.298
1.075
1.774
1.807
1.744
1.035
1.111
0.918
1.559
1.825
1.621
1.003
1.108
1.032
1.404
1.329
1.124
2.133
2.212
2.106
0.937
1.390
1.192
0.975
1.112
0.983
0.940
1.088
0.973
0.736
0.824
0.840
1.867
2.214
1.998
1.631
1.695
1.578
1.231
1.238
1.049
1.247
1.272
1.032
1.388
1.364
1.250
1.851
1.933
1.912
1.497
1.510
1.342
2.934
3.400
2.871
2.001
2.165
2.105
1.834
1.811
1.843
1.280
1.348
1.365
2.271
2.531
2.361
1.529
1.622
1.623
1.025
1.112
1.008
1.984
2.125
1.997
1.088
1.255
1.118
2.233
2.160
2.214
1.065
1.256
1.147
1.453
1.538
1.497
1.190
1.284
1.202
2.199
2.297
2.249
2.736
2.855
2.774
1.763
1.859
1.726
2.013
2.274
2.204
1.838
2.035
1.988
3.296
3.314
3.252
1.507
1.743
1.587
0.646
0.925
0.789
2.947
3.197
3.382
0.890
0.976
0.796
1.392
1.551
1.397
0.897
0.924
0.785
2.139
2.163
1.948
2.261
2.377
1.912
1.826
1.994
1.854
1.345
1.552
1.485
1.508
1.584
1.490
1.090
1.196
1.157
1.228
1.451
1.311
2.106
2.077
2.028
1.644
1.684
1.632
1.257
1.470
1.341
1.452
1.503
1.466
0.654
0.871
0.710
0.768
0.753
0.627
0.832
0.962
0.887
1.933
2.103
2.002
3.479
3.583
3.433
1.333
1.489
1.324
1.547
1.552
1.367
1.538
1.706
1.595
1.348
1.464
1.377
1.365
1.766
1.367
0.962
0.928
1.244
2.427
2.498
2.418
3.170
3.080
3.080
1.509
1.572
1.552
1.617
1.779
1.681
1.524
1.573
1.472
2.580
2.627
2.576
1.903
2.241
2.027
1.183
1.313
1.261
1.667
1.671
1.649
0.918
1.170
0.972
1.218
1.214
1.204
2.135
2.243
2.166
1.877
1.986
1.968
2.427
2.710
2.634
1.522
1.567
1.504
1.522
1.567
1.504
3.711
3.884
3.753
0.937
0.989
0.925
2.321
2.485
2.434
1.122
1.254
1.059
1.452
1.482
1.447
1.626
1.683
1.675
1.601
1.674
1.596
1.611
1.750
1.643
1.279
1.386
1.259
2.726
2.890
2.815
2.014
2.114
1.999
1.420
1.437
1.427
1.299
1.482
1.351
2.585
2.622
2.602
3.354
3.353
3.289
1.122
1.254
1.059
0.822
1.101
0.905
1.867
1.994
1.917
2.275
2.319
2.203
1.927
1.890
1.904
1.269
1.182
1.263
2.094
2.084
1.946
1.109
1.272
1.190
1.674
1.601
1.642
1.950
2.281
1.980
1.536
1.620
1.644
0.731
0.835
0.788
2.181
2.259
2.263
1.886
2.057
1.917
3.357
3.433
3.419
0.999
1.125
0.972
1.707
1.745
1.721
1.776
1.956
1.862
1.942
1.971
1.982
2.103
2.213
2.191
1.672
1.847
1.788
1.432
1.643
1.582
1.087
1.196
1.095
1.468
1.521
1.496
0.721
0.717
0.585
2.118
2.187
2.122
1.559
1.670
1.515
2.294
2.350
2.322
2.027
2.102
2.068
1.149
1.379
1.298
1.375
1.450
1.386
1.505
1.540
1.495
2.102
2.193
1.991
1.312
1.525
1.395
2.256
2.292
2.123
1.537
1.670
1.562
2.396
2.468
2.401
1.992
2.113
2.046
1.406
1.506
1.564
1.618
1.689
1.722
1.297
1.353
1.167
1.319
1.399
1.376
1.794
1.895
1.780
1.607
1.714
1.581
1.685
1.787
1.837
1.646
1.545
1.532
1.101
1.246
1.145
0.878
0.916
0.480
1.090
1.156
1.235
1.358
1.454
1.414
1.880
1.996
1.925
0.798
1.023
0.808
2.079
2.275
2.205
2.239
2.278
2.381
2.493
2.537
2.640
2.778
2.928
2.831
1.447
1.601
1.491
1.914
2.007
1.895
1.208
1.383
1.384
1.381
1.382
1.289
0.957
1.229
1.069
1.805
1.814
1.820
1.143
1.658
1.386
1.364
1.364
1.259
1.720
1.787
1.701
2.628
2.750
2.503
0.981
1.122
1.102
1.644
1.894
1.650
1.624
1.538
1.524
1.513
1.597
1.552
1.812
1.992
1.863
1.495
1.548
1.559
1.616
1.667
1.623
1.740
1.931
1.805
1.213
1.335
1.360
1.029
1.226
1.079
1.782
1.920
1.849
1.455
1.508
1.500
1.032
1.054
1.055
1.120
1.488
1.229
1.763
1.828
1.827
1.612
1.720
1.621
2.810
2.868
2.899
1.434
1.661
1.579
2.947
3.042
3.048
1.454
1.562
1.502
2.223
2.843
2.281
2.530
3.636
2.865
0.867
0.980
0.941
1.877
2.081
2.020
2.177
2.172
2.135
2.670
2.710
2.737
2.562
2.610
2.534
1.232
1.462
1.208
1.518
1.576
1.572
1.390
1.531
1.428
0.999
1.156
1.046
0.964
1.124
1.049
1.803
1.894
1.805
2.001
1.835
1.815
1.335
1.542
1.479
0.869
1.041
0.920
1.084
1.178
1.124
0.883
1.389
1.023
1.711
1.815
1.723
2.375
2.449
2.380
2.258
2.725
2.721
1.212
1.276
1.204
1.485
1.815
1.531
2.111
2.451
2.266
1.284
1.295
1.230
2.580
2.668
2.639
2.538
2.640
2.283
1.046
1.242
1.105
1.777
1.712
1.493
1.307
1.577
1.454
1.599
1.594
1.523
1.143
1.323
1.136
3.030
3.002
3.008
1.831
1.846
1.585
1.848
1.983
1.947
1.662
2.085
1.863
1.333
1.340
1.320
1.547
1.660
1.624
1.189
1.310
1.097
1.286
1.531
1.226
1.692
1.700
1.582
0.845
1.192
0.981
0.949
1.056
1.048
2.263
2.243
2.300
1.372
1.493
1.358
1.843
1.965
1.889
1.142
1.360
1.197
1.430
1.449
1.431
2.028
2.027
2.027
2.144
2.138
1.876
1.548
1.708
1.621
1.482
1.758
1.638
0.612
0.605
0.599
1.347
1.452
1.354
0.848
1.029
0.915
1.306
1.357
1.389
1.278
1.385
1.265
1.029
1.321
1.142
2.377
2.366
2.101
1.234
1.276
1.195
2.772
2.773
2.694
1.432
1.562
1.561
1.582
1.667
1.619
1.630
1.747
1.623
1.948
1.885
1.917
1.744
1.796
1.763
1.395
1.414
1.243
1.288
1.498
1.296
1.288
1.498
1.296
2.212
2.289
2.263
1.054
1.106
1.066
1.411
1.442
1.485
0.870
0.887
0.759
0.901
1.054
0.936
1.480
1.748
1.394
0.393
0.360
0.330
2.026
2.009
1.975
1.183
1.394
1.135
1.262
1.408
1.267
1.508
1.581
1.562
1.843
2.030
1.985
1.233
1.321
1.243
0.737
0.892
0.831
0.655
0.756
0.737
1.283
1.475
1.452
2.231
2.149
2.102
1.858
1.961
1.710
1.111
1.322
1.194
0.800
0.992
0.878
1.484
1.630
1.498
1.866
1.916
1.814
2.244
2.246
2.194
1.667
1.917
1.711
1.967
2.009
1.999
1.976
2.006
1.929
1.049
1.244
1.224
1.228
1.467
1.275
1.228
1.507
1.379
1.055
1.190
1.085
1.817
1.996
1.920
2.377
2.436
2.460
1.618
1.774
1.493
0.732
0.936
0.843
0.427
0.423
0.382
0.812
0.964
0.781
0.812
0.964
0.781
2.604
2.756
2.709
2.001
2.297
2.226
1.947
2.269
1.876
1.932
2.075
2.042
1.207
1.525
1.317
1.044
1.053
0.950
2.010
1.881
1.685
1.008
1.167
1.060
1.074
1.298
1.145
1.525
1.531
1.594
1.236
1.359
1.250
1.854
2.239
2.170
1.034
1.178
1.087
1.501
1.485
1.483
1.109
1.191
1.122
1.652
1.706
1.608
1.225
1.275
1.271
1.354
1.446
1.440
2.092
2.274
2.176
1.431
1.485
1.461
0.673
0.979
0.854
1.730
1.618
1.670
0.999
1.147
1.098
1.319
1.437
1.352
1.681
1.772
1.606
1.561
1.669
1.553
1.936
2.026
2.005
0.874
0.908
0.856
1.174
1.385
1.201
1.409
1.536
1.484
1.174
1.336
1.127
1.305
1.376
1.331
1.230
1.327
1.244
0.895
1.098
0.908
1.911
2.104
2.026
1.120
1.154
1.109
1.232
1.285
1.236
1.347
1.435
1.376
0.808
0.906
0.781
1.399
1.529
1.406
1.365
1.478
1.278
1.206
1.394
1.123
0.994
1.075
0.988
1.666
1.740
1.574
0.530
0.589
0.574
1.077
1.193
1.091
2.339
2.367
2.342
2.184
2.336
2.233
1.542
1.803
1.603
2.160
2.181
2.203
1.546
1.568
1.588
0.819
0.958
0.905
2.485
2.581
2.456
0.978
1.251
1.083
2.471
2.539
2.471
1.033
1.177
1.130
1.152
1.186
1.105
1.513
1.682
1.547
1.319
2.047
1.496
2.211
2.232
2.191
2.107
2.201
2.136
1.286
1.305
1.180
1.482
1.609
1.548
1.182
1.229
1.202
1.461
1.464
1.379
2.883
2.920
2.730
0.634
0.724
0.689
1.985
1.913
1.846
2.606
2.659
2.774
2.022
2.060
1.958
2.676
2.642
2.637
0.868
0.859
0.779
1.217
1.440
1.450
0.487
0.800
0.685
1.585
1.718
1.815
1.673
1.729
1.726
0.655
0.925
0.800
0.655
0.925
0.800
1.119
1.322
1.213
1.230
1.327
1.128
0.721
0.737
0.673
1.621
1.557
1.446
1.657
1.708
1.672
2.258
2.454
2.357
2.258
2.494
2.357
1.181
1.198
1.124
2.831
2.873
2.859
2.161
2.182
2.223
1.901
2.048
1.830
2.064
2.114
2.062
1.186
1.237
1.128
1.878
2.242
2.125
2.105
2.024
2.142
0.790
1.122
0.936
1.151
1.406
1.173
1.194
1.231
1.261
1.664
1.915
1.842
1.285
1.494
1.254
2.238
2.286
2.091
2.455
2.602
2.490
1.559
1.558
1.498
1.939
1.987
1.952
2.376
2.399
2.328
2.962
3.185
3.072
1.360
1.639
1.561
1.661
1.872
1.507
2.521
2.549
2.542
1.088
1.110
1.059
1.783
1.873
1.826
1.180
1.308
1.264
1.354
1.402
1.330
1.711
1.674
1.596
0.734
0.827
0.627
1.142
1.245
1.199
2.665
2.703
2.748
0.955
1.138
0.986
1.702
1.467
1.572
1.577
1.743
1.529
2.268
2.495
2.331
2.198
2.374
2.255
1.363
1.591
1.523
1.085
1.173
1.119
1.168
1.350
1.220
1.913
2.018
1.979
2.736
2.736
2.805
1.465
1.540
1.417
1.190
1.443
1.298
2.298
2.289
2.135
2.604
2.658
2.630
2.212
2.322
2.255
0.832
0.962
0.858
1.915
1.940
1.980
0.836
1.028
1.418
2.104
2.168
2.274
1.459
1.582
1.382
1.693
1.786
1.767
2.303
2.480
2.316
0.615
0.665
0.426
1.627
1.684
1.582
1.009
1.068
1.046
1.153
1.237
1.165
2.187
2.281
2.230
2.057
2.107
2.048
1.114
1.248
1.228
1.007
1.016
0.813
1.683
1.676
1.712
2.082
2.245
2.130
1.720
1.818
1.721
1.436
1.545
1.364
1.591
1.905
1.640
1.221
1.283
1.176
1.881
1.957
1.877
1.566
1.636
1.549
1.381
1.515
1.386
1.583
2.163
2.001
0.878
1.222
1.054
0.908
1.154
0.956
2.078
2.147
2.080
1.715
1.741
1.706
1.667
1.757
1.595
1.087
1.176
1.072
1.324
1.357
1.480
1.638
1.751
1.657
1.050
1.137
1.012
1.894
1.986
1.944
1.838
1.757
1.809
2.097
2.098
2.108
1.139
1.181
1.113
1.386
1.456
1.416
1.469
1.709
1.748
2.445
2.476
2.416
0.775
0.995
0.864
1.457
1.517
1.466
1.871
1.959
2.067
1.400
1.712
1.616
1.720
1.805
1.818
1.720
1.910
1.939
1.088
1.490
1.337
1.857
2.320
2.288
1.581
1.598
1.624
1.259
1.279
1.234
2.246
2.750
2.644
1.909
1.927
1.646
1.261
1.257
1.241
2.335
2.495
2.261
1.008
1.085
1.019
0.588
0.799
0.729
1.947
2.052
2.063
1.829
2.227
2.201
1.199
1.256
1.142
0.592
0.865
0.736
2.343
2.353
2.356
1.324
1.412
1.388
1.004
1.182
0.982
1.806
1.833
1.853
1.495
1.620
1.605
0.851
1.119
1.008
0.521
1.038
0.680
1.084
1.108
1.071
1.301
1.544
1.379
2.539
2.702
2.570
1.612
1.594
1.688
1.181
1.325
1.249
1.351
1.490
1.343
1.923
2.007
1.968
1.174
1.284
1.135
1.196
1.326
1.249
1.245
1.355
1.279
1.929
2.059
1.952
1.885
1.960
1.850
1.163
1.138
1.007
2.177
2.196
2.002
1.164
1.340
1.231
1.318
1.654
1.559
1.705
1.869
1.656
1.311
1.300
1.284
1.316
1.466
1.403
1.704
1.712
1.704
1.490
1.683
1.477
0.805
0.879
0.846
1.326
1.332
1.302
1.365
1.558
1.417
2.252
2.434
2.204
2.166
2.275
2.167
1.649
1.815
1.763
0.916
1.364
0.967
0.553
0.731
0.647
0.972
1.036
0.991
1.004
1.064
1.046
1.360
1.838
1.360
2.004
1.986
1.940
1.388
1.474
1.317
0.970
1.235
1.133
0.765
0.721
0.587
1.121
1.379
1.144
0.727
1.255
0.832
1.291
1.339
1.303
0.945
1.044
1.047
0.744
0.830
0.775
1.646
1.730
1.649
0.790
1.077
0.830
1.415
1.505
1.364
0.903
1.164
0.976
1.012
1.065
1.236
1.482
1.795
1.657
0.856
0.882
0.700
1.547
1.592
1.401
1.549
1.608
1.586
1.561
1.649
1.401
1.559
1.643
1.582
1.356
1.457
1.226
0.598
0.693
0.625
1.672
2.128
1.779
1.863
1.947
1.865
1.747
1.607
1.627
1.319
1.562
1.223
1.244
1.332
1.236
1.574
1.670
1.552
2.884
3.097
2.975
1.188
1.282
1.215
1.425
1.548
1.387
1.077
1.054
1.031
1.682
1.701
1.518
1.019
1.368
1.068
0.946
1.130
0.869
3.056
3.175
3.068
2.007
2.024
1.966
2.362
2.538
2.399
1.717
1.753
1.604
0.924
0.975
0.924
1.886
1.887
1.871
1.807
1.845
1.784
1.628
1.985
1.543
0.803
0.830
0.813
1.110
1.313
1.312
3.828
3.959
3.829
1.477
1.649
1.434
2.048
2.074
2.344
2.276
2.271
2.082
1.225
1.374
1.316
1.081
1.248
1.042
0.972
1.151
1.063
1.431
1.529
1.467
1.634
1.851
1.857
1.158
1.256
1.229
1.361
1.441
1.395
0.829
1.092
0.977
1.158
1.368
1.121
2.175
2.374
2.287
0.863
0.909
0.875
1.072
1.135
1.079
2.108
2.279
2.210
1.052
1.024
0.967
1.632
1.807
1.650
1.255
1.682
1.457
1.255
1.372
1.189
1.163
1.291
1.131
0.746
1.004
0.882
1.441
1.514
1.306
1.077
1.135
1.107
1.393
1.373
1.368
2.306
2.318
2.193
1.077
1.276
1.218
1.815
1.999
1.891
0.779
1.336
1.056
1.493
1.592
1.538
2.187
2.219
2.156
0.768
0.883
0.762
1.237
1.354
1.369
1.975
2.118
2.139
1.432
1.504
1.421
1.342
1.473
1.417
1.784
1.805
1.699
2.443
2.448
2.428
2.431
2.475
2.382
1.715
1.759
1.736
1.445
1.527
1.447
1.439
1.493
1.511
1.591
1.862
1.712
1.250
1.284
1.234
1.898
2.017
1.970
0.854
0.914
0.888
1.631
1.700
1.579
1.461
1.456
1.507
2.037
2.140
2.087
0.954
1.222
1.076
0.970
1.235
1.133
2.166
2.312
2.269
1.497
1.504
1.358
1.615
1.633
1.543
2.006
2.043
2.013
1.288
1.360
1.211
0.967
1.226
1.077
0.844
0.993
0.886
1.255
1.373
1.189
1.471
1.623
1.588
1.201
1.316
1.295
1.116
1.301
0.972
0.962
1.077
1.075
1.727
1.867
1.728
0.839
0.904
0.819
1.745
1.793
1.765
1.243
1.569
1.381
0.940
1.023
0.960
1.729
1.575
1.600
0.745
0.902
0.851
1.686
1.761
1.717
2.753
2.905
2.776
0.920
1.008
1.002
1.682
1.831
1.640
1.717
1.649
1.647
1.939
1.983
1.962
1.587
1.617
1.562
1.284
1.423
1.377
0.969
1.135
1.003
1.355
1.338
1.143
0.753
0.818
0.675
3.970
4.095
4.018
2.153
2.076
2.083
1.627
1.684
1.617
0.559
0.626
0.577
1.051
1.173
0.986
0.980
1.233
0.974
0.980
1.231
0.974
1.659
1.726
1.636
1.113
1.139
1.081
1.051
1.231
1.101
1.281
1.379
1.210
2.446
2.561
2.419
1.926
1.956
1.791
1.595
1.734
1.504
1.154
1.233
1.163
2.403
2.519
2.409
1.920
1.983
1.971
2.214
2.271
1.914
1.965
1.935
2.043
1.378
1.287
1.238
0.861
1.088
0.962
3.219
3.162
3.170
0.744
1.210
0.874
1.589
1.591
1.520
0.866
0.919
0.895
0.976
1.071
1.028
0.886
1.186
0.981
2.119
2.170
2.193
2.984
2.936
3.067
1.672
1.753
1.458
2.360
2.468
2.372
1.655
1.892
1.731
1.377
1.483
1.490
1.609
1.661
1.704
1.146
1.215
1.133
1.263
1.244
1.161
2.067
2.334
2.115
1.300
1.421
1.348
1.152
1.322
1.199
1.437
1.613
1.539
1.182
1.208
1.202
1.251
1.219
1.045
1.279
1.495
1.367
1.270
1.342
1.278
1.247
1.436
1.235
1.388
1.437
1.418
1.580
1.645
1.469
1.342
1.335
1.212
1.292
1.328
1.128
2.185
2.240
2.117
1.524
1.585
1.470
1.356
1.485
1.378
2.219
2.239
2.228
0.763
1.023
0.992
0.958
1.007
0.976
1.583
1.518
1.588
1.735
1.836
1.731
1.130
1.239
1.184
1.364
1.494
1.243
1.977
2.060
1.969
1.551
1.629
1.580
1.538
1.499
1.447
1.040
1.157
1.082
2.387
2.476
2.390
0.958
1.030
0.928
1.408
1.592
1.365
0.859
0.946
0.861
0.922
0.927
1.190
1.179
1.210
1.087
1.144
1.316
1.231
2.134
2.126
2.203
0.530
0.665
0.625
1.608
1.603
1.538
0.633
0.665
0.648
1.030
1.199
1.002
1.674
1.788
1.725
3.406
3.337
3.313
2.063
2.094
2.082
1.453
1.617
1.529
2.631
2.785
2.693
1.102
1.262
1.212
1.579
2.253
1.407
0.977
0.952
0.834
0.941
1.038
0.915
0.851
0.884
0.825
2.419
2.567
2.321
1.728
1.829
1.728
1.094
1.179
1.086
2.061
2.169
2.007
1.237
1.282
1.231
1.157
1.221
1.110
1.413
1.625
1.437
1.264
1.482
1.375
1.228
1.323
1.154
0.760
1.081
0.872
1.852
1.839
1.655
0.692
0.960
0.787
1.297
1.362
1.331
1.379
1.379
1.313
1.122
1.202
1.045
2.712
2.937
2.776
2.015
2.136
2.029
1.742
1.749
1.617
1.935
1.909
1.943
1.702
1.786
1.728
1.390
1.457
1.401
2.090
2.187
2.128
1.564
1.664
1.614
2.419
2.436
2.395
0.923
0.927
0.822
1.933
1.932
1.919
2.520
2.580
2.463
1.320
1.704
1.595
2.054
2.158
2.109
1.806
2.031
1.875
0.984
1.017
0.921
0.958
0.953
0.943
1.067
1.229
1.109
2.779
2.804
2.734
1.399
1.433
1.396
2.245
2.432
2.183
0.911
1.103
1.001
1.515
1.525
1.206
2.234
2.292
2.236
1.140
1.561
1.603
1.342
1.396
1.296
2.037
2.481
2.389
2.206
2.242
2.148
1.944
2.172
1.867
1.376
1.441
1.397
1.664
2.255
1.966
0.592
0.647
0.690
2.183
2.210
2.113
1.279
1.282
1.231
0.966
1.099
0.997
0.976
1.327
1.593
2.637
2.723
2.653
1.185
1.206
1.186
1.898
2.002
2.000
1.631
1.659
1.588
2.163
2.422
2.334
1.505
1.515
1.552
2.186
2.269
2.173
1.791
1.883
1.633
1.511
1.777
1.686
0.920
1.107
1.003
1.094
1.657
1.207
0.893
1.023
0.873
4.024
4.011
4.015
1.246
1.314
1.152
2.137
2.227
2.106
2.169
2.149
2.124
2.448
2.464
2.449
1.566
1.951
1.887
2.109
2.250
2.086
1.015
1.254
1.171
1.752
1.751
1.614
0.896
1.140
1.008
1.654
2.114
1.783
1.501
1.598
1.550
1.280
1.370
1.315
1.163
1.442
1.226
1.290
1.363
1.218
1.296
1.429
1.357
1.160
1.297
1.220
0.672
0.820
0.779
1.296
1.445
1.289
1.590
1.613
1.502
1.680
1.766
1.657
1.171
1.212
1.162
1.537
1.596
1.534
1.247
1.386
1.305
1.045
1.131
0.974
1.585
1.641
1.594
1.077
1.160
1.005
1.387
1.491
1.394
1.615
1.728
1.631
1.900
1.964
1.889
1.840
1.918
1.795
1.804
1.811
1.853
1.731
1.812
1.840
0.926
1.049
0.936
1.321
1.554
1.180
1.532
1.532
1.403
1.073
1.128
1.070
1.843
2.103
1.941
1.770
2.118
2.085
1.577
1.790
1.501
1.724
1.880
1.693
0.883
0.977
0.732
2.051
2.026
2.043
1.562
1.623
1.506
1.686
1.689
1.351
1.227
1.702
1.379
1.714
1.745
1.837
2.636
2.900
2.742
2.636
2.900
2.742
1.427
1.549
1.406
1.480
1.515
1.514
0.993
1.122
1.025
2.335
2.357
2.369
1.925
2.063
1.983
1.015
1.125
1.018
3.019
3.094
3.053
1.767
1.944
1.877
1.434
1.504
1.198
2.813
2.898
2.851
2.542
2.739
2.684
1.267
1.336
1.127
1.410
1.528
1.450
2.136
2.225
2.125
1.139
1.318
1.238
1.787
1.799
1.777
1.478
1.666
1.615
2.070
2.101
1.989
1.403
1.469
1.363
1.048
1.167
1.029
0.750
1.110
0.917
0.908
1.606
1.050
1.736
1.992
1.910
2.063
2.303
2.206
2.397
2.441
2.430
1.132
1.242
1.117
1.492
1.563
1.458
1.242
1.356
1.076
1.328
1.469
1.424
0.853
1.270
0.935
1.202
1.282
1.250
0.929
0.929
0.948
1.022
1.165
0.875
1.093
1.277
1.386
0.941
1.147
1.007
0.849
0.779
0.513
1.913
2.026
1.974
1.373
1.434
1.419
0.892
1.053
0.944
1.568
1.588
1.490
1.552
1.735
1.607
1.006
1.535
0.854
1.021
1.329
1.218
2.146
2.175
2.101
2.144
2.246
2.243
2.738
2.825
2.723
1.427
1.364
1.085
0.818
0.906
0.890
2.222
2.307
2.092
1.498
1.582
1.525
2.814
2.807
2.857
1.055
1.133
0.978
1.261
1.341
1.339
1.108
1.278
1.116
2.760
2.738
2.545
1.609
1.757
1.656
0.980
1.293
1.022
0.980
1.261
1.022
1.330
1.653
1.346
0.820
0.941
0.863
1.170
1.161
1.089
1.348
1.455
1.281
1.348
1.454
1.293
1.244
1.290
1.239
0.957
1.254
1.094
3.718
3.927
3.893
1.258
1.373
1.281
1.184
1.242
1.089
1.327
1.397
1.361
2.245
2.317
2.292
1.986
2.048
1.973
0.673
0.873
0.724
1.003
1.034
0.987
0.792
0.882
0.889
1.602
1.726
1.460
1.463
1.533
1.402
1.655
1.721
1.747
1.207
1.287
1.224
1.944
2.034
2.030
1.038
1.044
0.866
1.364
1.434
1.375
1.728
1.729
1.708
1.666
1.776
1.743
0.830
0.882
0.745
1.622
1.636
1.599
1.772
1.786
1.740
1.618
1.872
1.797
0.801
1.179
0.920
1.667
1.718
1.709
1.102
1.168
1.083
1.587
1.628
1.636
1.497
1.657
1.478
1.019
1.177
1.105
2.671
2.681
2.634
1.651
1.620
1.505
1.096
1.159
1.057
2.318
2.380
2.373
2.795
2.818
2.622
1.733
1.895
1.824
1.287
1.284
1.150
2.071
2.307
2.202
1.182
1.223
1.141
1.270
1.360
1.225
4.136
4.179
4.228
1.189
1.329
1.282
0.866
0.960
0.868
1.261
1.283
1.224
1.532
1.606
1.530
1.644
1.771
1.668
1.066
1.106
0.973
1.951
2.187
2.211
0.965
1.053
0.906
1.137
1.352
1.180
1.599
1.758
1.793
1.194
1.318
1.249
0.706
0.990
0.664
1.109
1.315
1.170
1.305
1.418
1.415
1.518
1.605
1.633
1.309
1.401
1.311
1.089
1.185
1.130
2.056
2.035
1.935
0.824
0.999
0.911
1.523
1.679
1.596
1.757
1.771
1.606
1.232
1.305
1.238
0.947
1.002
0.993
1.264
1.381
1.238
1.473
1.488
1.371
1.897
1.877
1.716
1.725
1.794
1.734
1.186
1.433
1.331
1.349
1.364
1.253
1.495
1.765
1.650
1.239
1.299
1.236
2.145
2.167
2.148
1.220
1.241
1.253
2.381
2.526
2.374
2.262
2.347
2.295
0.916
1.035
0.859
0.951
1.116
0.887
2.544
2.595
2.601
0.981
1.320
0.964
1.829
2.007
1.962
1.579
1.635
1.604
0.753
0.909
0.823
1.352
1.564
1.456
0.972
1.302
1.242
0.965
0.990
0.807
2.263
2.301
2.275
2.624
2.659
2.455
2.113
2.080
2.134
1.050
1.260
1.102
0.885
1.020
0.878
1.130
1.519
1.275
2.364
2.448
2.391
1.337
1.533
1.412
2.284
2.394
1.651
1.610
1.812
1.682
0.972
1.178
1.059
0.932
1.190
0.990
1.518
1.713
1.539
1.750
1.868
1.692
0.968
1.049
0.622
2.230
2.281
2.232
2.174
2.354
2.311
1.857
1.973
2.009
1.924
2.024
2.010
1.190
1.260
1.197
0.775
1.075
0.976
1.174
1.555
1.252
2.190
2.338
2.235
2.175
2.282
2.143
1.498
1.956
1.635
1.221
1.384
1.372
1.219
1.366
1.240
1.047
1.100
1.081
1.290
1.557
1.129
1.196
1.412
1.322
0.932
1.076
1.016
1.327
1.415
1.319
0.935
1.574
1.469
1.318
1.474
1.417
0.665
0.720
0.409
1.281
1.354
1.239
1.590
1.682
1.807
1.966
1.884
1.950
1.731
1.756
1.725
0.925
0.900
0.762
1.728
1.723
1.763
0.868
0.986
0.942
2.239
2.299
2.226
1.530
1.729
1.706
0.811
1.053
0.935
1.339
1.440
1.405
1.141
1.252
1.207
2.168
2.174
2.038
1.053
1.367
1.081
1.405
1.583
1.522
3.773
3.807
3.821
1.218
1.679
1.315
2.008
2.037
1.946
1.274
1.086
1.213
0.971
1.142
1.011
1.816
2.025
1.803
1.201
1.643
1.246
1.417
1.646
1.408
2.307
2.332
2.358
1.601
1.803
1.332
3.078
3.107
3.050
1.249
1.389
1.469
1.839
1.836
1.757
1.988
2.217
2.130
1.229
1.249
1.208
1.459
1.577
1.456
1.755
1.955
1.604
1.333
1.446
1.460
1.398
1.400
1.261
1.293
1.412
1.368
1.487
1.650
1.631
1.376
1.510
1.422
1.550
1.744
1.669
1.350
1.408
1.357
2.105
2.268
2.169
1.492
1.608
1.472
1.749
1.715
1.847
1.992
1.976
1.842
0.738
0.922
0.831
2.286
2.309
1.969
0.796
0.868
0.850
1.680
1.747
1.670
1.529
1.737
1.566
1.219
1.332
1.669
1.024
1.286
1.080
0.821
0.993
0.953
1.019
1.405
1.159
0.819
0.952
0.860
1.488
1.563
1.520
0.526
0.755
0.649
1.022
1.495
1.305
1.379
1.552
1.355
1.164
1.222
1.136
1.162
1.211
1.156
2.089
2.300
1.899
1.098
1.311
1.151
2.145
2.195
2.125
0.770
1.024
0.897
1.336
1.540
1.536
1.170
1.490
1.330
2.218
2.239
2.113
1.071
1.237
1.155
1.392
1.666
1.487
2.236
2.416
2.149
1.457
1.868
1.584
1.282
1.343
1.321
0.642
0.901
0.720
1.274
1.262
1.040
1.005
1.069
1.033
1.819
1.834
1.654
1.487
1.500
1.464
1.468
1.479
1.435
1.539
1.663
1.587
0.983
0.931
0.806
1.066
1.194
1.073
1.167
1.280
1.227
1.011
1.024
0.994
1.204
1.284
1.167
0.882
0.965
0.951
1.059
1.136
0.989
1.437
1.523
1.383
0.729
0.800
0.780
1.881
1.891
1.813
0.889
1.026
0.696
1.537
1.608
1.534
1.646
1.673
1.502
1.337
1.428
1.364
0.899
1.124
0.947
1.182
1.204
1.119
1.205
1.403
1.301
1.741
1.865
1.793
1.509
1.695
1.552
1.861
2.125
1.843
0.618
0.894
0.835
1.871
2.023
1.825
0.822
1.116
0.873
1.457
1.592
1.840
0.986
1.021
0.895
0.702
0.910
0.811
1.625
1.757
1.563
1.803
1.936
1.829
1.734
1.901
2.241
1.860
2.024
2.395
1.734
1.901
2.241
1.860
2.024
2.395
1.860
2.024
2.395
1.734
1.901
2.241
1.668
1.829
2.141
0.914
0.874
0.848
1.127
1.253
1.135
0.808
1.025
0.837
1.338
1.314
1.300
1.788
1.827
1.755
3.350
3.339
3.028
1.595
1.655
1.470
1.631
1.751
1.676
2.120
2.154
2.261
2.555
2.458
2.506
1.414
1.396
1.266
1.114
1.204
1.116
2.354
2.488
2.400
1.916
2.147
1.971
0.820
0.935
0.867
2.634
2.577
2.480
1.849
1.838
1.798
1.198
1.487
1.187
1.122
1.302
1.205
1.144
1.332
1.234
1.876
1.853
1.695
0.885
0.892
0.670
0.805
0.845
0.813
1.416
1.644
1.510
1.413
1.681
1.530
1.328
1.533
1.414
0.775
1.031
0.796
1.728
1.735
1.715
1.838
1.946
1.777
1.855
1.833
1.491
2.463
2.606
2.461
1.161
1.235
1.165
0.885
0.953
0.942
1.055
1.146
1.066
1.293
1.294
1.302
1.554
1.658
1.466
1.766
1.906
1.822
0.868
1.791
1.099
2.229
2.386
2.622
0.768
0.884
0.805
1.087
1.165
1.109
0.757
0.899
0.836
1.602
1.786
1.431
1.037
1.147
1.032
1.328
1.391
1.237
0.994
1.138
0.937
1.512
1.654
1.565
1.310
1.431
1.321
1.649
1.637
1.626
1.345
1.426
1.317
1.517
1.585
1.434
2.880
2.920
2.820
1.452
1.516
1.396
1.658
1.850
1.654
1.862
1.912
1.797
0.919
1.116
0.927
1.478
1.528
1.493
2.375
2.420
2.266
1.056
1.101
1.093
1.414
1.435
1.397
1.323
1.379
1.342
1.095
1.165
1.082
1.386
1.361
1.320
1.447
1.658
1.675
1.637
1.711
1.621
1.105
1.216
1.101
0.811
0.865
0.847
2.621
2.733
2.707
3.934
4.023
3.953
0.910
1.058
0.860
1.684
1.834
1.648
1.684
1.841
1.829
0.757
0.777
0.656
1.231
1.312
1.211
1.442
1.465
1.498
2.509
2.501
2.395
1.657
1.795
1.679
1.492
1.910
1.598
1.878
1.838
1.783
1.696
1.849
1.643
1.016
1.214
1.099
1.208
1.306
1.202
1.786
1.823
1.827
1.341
1.332
1.336
1.215
1.216
1.482
0.882
1.263
0.960
1.295
1.394
1.406
1.742
1.961
1.820
1.439
1.489
1.506
1.791
1.894
1.842
3.577
3.645
3.457
1.397
1.449
1.424
0.857
1.062
0.981
1.550
1.604
1.545
1.831
1.983
1.934
2.679
2.525
2.523
1.510
1.556
1.563
1.052
1.124
1.095
1.543
1.559
1.560
1.443
1.693
1.485
1.210
1.608
1.296
2.452
2.560
2.426
2.287
2.311
2.226
3.086
3.053
3.041
0.761
0.698
0.704
2.101
2.243
2.129
0.961
1.131
1.148
1.988
2.054
1.891
1.314
1.371
1.247
1.027
1.046
0.888
1.145
1.173
1.078
0.963
1.063
0.983
1.422
1.583
1.466
1.108
1.173
1.254
1.177
1.235
1.201
4.200
4.195
4.101
1.286
1.486
1.302
1.867
2.072
1.887
1.386
1.393
1.364
2.159
2.047
2.000
2.087
2.144
2.091
1.310
1.340
1.198
1.935
2.056
1.966
1.872
1.975
1.869
1.782
1.913
1.704
1.940
2.043
1.993
1.675
1.861
1.726
1.498
1.480
1.453
1.498
1.508
1.493
1.182
1.353
1.281
1.817
1.959
1.829
1.737
1.936
1.854
1.154
1.253
1.186
1.806
1.933
1.739
1.703
1.772
1.695
0.900
1.090
0.968
1.268
1.418
1.423
1.170
1.358
1.278
1.028
1.417
1.201
1.898
2.036
1.906
1.551
1.605
1.567
1.273
1.327
0.685
1.425
1.609
1.535
1.859
1.859
1.710
0.642
0.797
0.754
0.761
1.094
0.894
0.988
0.974
0.975
1.382
1.596
1.421
1.294
1.438
1.381
1.929
1.993
1.909
1.721
1.821
1.743
1.241
1.437
1.161
1.567
1.973
1.703
1.001
1.273
1.005
1.401
1.529
1.400
1.506
1.706
1.612
1.369
1.361
1.069
1.475
1.648
1.471
0.838
1.552
1.023
1.320
1.318
1.243
1.959
2.085
2.020
1.046
1.113
1.074
0.906
1.047
0.837
2.001
2.063
2.039
1.704
1.947
1.862
1.628
1.832
1.981
1.486
1.783
1.592
3.325
3.379
3.305
1.374
1.614
1.514
1.563
2.069
1.683
1.443
1.523
1.413
1.446
1.663
1.671
1.015
1.084
1.008
1.632
1.627
1.425
0.733
0.830
0.749
1.071
1.350
1.128
1.056
1.113
1.044
0.733
0.904
0.765
0.992
1.114
1.074
0.671
0.768
0.864
0.562
0.671
0.614
0.843
1.137
0.771
1.984
2.023
1.919
1.865
1.911
1.887
1.023
1.297
0.984
1.433
1.508
1.457
1.655
1.703
1.672
0.786
0.876
0.630
1.079
1.280
1.081
2.000
2.215
2.083
1.565
1.642
1.474
1.385
1.616
1.471
2.294
2.493
2.357
1.013
1.217
1.104
1.367
1.529
1.477
1.255
1.419
1.275
0.924
1.076
0.906
1.448
1.594
1.501
1.826
1.939
1.848
1.589
1.689
1.512
1.433
1.662
1.446
1.162
1.172
1.108
2.241
2.829
2.279
1.809
1.847
1.777
0.949
1.092
0.848
2.263
2.285
2.314
2.050
2.047
2.037
1.530
1.609
1.547
1.775
1.890
1.679
1.517
1.470
1.380
0.850
0.868
0.831
2.708
2.823
2.627
1.737
1.680
1.499
1.510
1.608
1.422
0.716
0.882
0.739
1.385
1.516
1.436
1.300
1.884
1.296
0.771
0.980
0.908
0.924
1.328
0.962
0.924
1.328
1.089
2.014
1.985
2.041
0.944
1.185
1.042
0.933
1.002
0.953
0.932
1.290
0.915
0.849
1.038
0.923
2.341
2.385
2.328
1.299
1.401
1.331
1.905
2.224
2.043
1.761
1.887
1.792
2.119
2.204
2.081
1.245
1.287
1.230
2.242
2.235
2.210
1.542
1.595
1.566
1.816
1.867
1.738
1.303
1.333
1.198
0.745
0.796
0.757
0.776
1.018
0.811
0.960
1.315
1.173
1.210
1.295
1.175
0.950
1.018
0.846
1.866
2.161
1.982
0.984
1.494
1.114
1.095
1.430
1.625
1.878
2.032
1.863
1.700
1.801
1.802
1.494
1.527
1.431
2.273
2.341
2.307
1.999
2.110
2.146
1.742
1.716
1.767
1.441
1.576
1.480
1.100
1.157
1.090
1.826
2.237
1.806
0.808
1.032
0.891
1.892
2.087
2.023
2.000
2.437
2.091
1.532
1.561
1.572
1.171
1.413
1.306
1.866
1.953
1.888
1.333
1.389
1.327
1.246
1.379
1.257
0.761
0.833
0.618
1.113
1.083
1.300
1.729
1.832
1.813
1.011
1.497
0.891
0.929
1.696
0.595
0.788
0.876
0.756
1.246
1.700
1.125
1.784
1.847
1.642
2.658
2.730
2.648
0.980
1.042
0.958
2.963
3.056
2.989
1.679
1.678
1.609
1.256
1.375
1.279
2.235
2.360
2.275
1.389
1.540
1.469
0.874
0.955
0.881
0.924
1.041
0.992
1.520
1.624
1.272
1.309
1.641
1.397
1.678
2.062
1.834
1.637
1.725
1.689
1.037
1.411
1.559
1.793
1.916
1.796
0.972
1.066
1.016
3.068
3.095
3.080
1.451
1.491
1.402
2.110
2.204
2.108
1.201
1.243
1.233
0.704
0.906
0.856
0.704
0.906
0.856
0.704
0.906
0.856
1.298
1.418
1.253
0.923
0.961
0.875
1.121
1.320
1.112
1.681
1.715
1.655
0.839
1.013
0.916
0.857
1.010
0.899
0.903
1.030
0.888
1.093
1.200
1.100
1.093
1.349
1.277
1.426
1.381
1.198
1.193
1.865
1.337
1.282
1.830
1.375
1.118
1.180
1.333
1.055
1.168
1.110
1.500
1.559
1.492
1.089
1.217
1.074
1.620
1.695
1.648
1.447
1.709
1.640
1.828
2.011
1.890
3.199
3.316
3.005
1.007
1.140
1.072
1.312
1.501
1.358
1.370
1.358
1.133
0.912
1.020
0.690
1.548
1.742
1.600
0.763
0.943
0.843
1.148
1.228
1.188
1.517
1.661
1.457
1.337
1.399
1.386
1.785
2.404
1.865
2.013
2.019
1.977
1.067
1.152
1.088
1.329
2.087
1.214
1.366
1.303
1.333
0.794
0.860
0.676
2.325
2.546
2.350
2.013
1.963
1.970
1.069
1.166
1.090
0.983
1.188
1.009
3.458
3.395
3.487
1.618
1.723
1.520
1.667
1.669
1.671
0.555
0.759
0.578
2.156
2.189
2.042
1.321
1.535
1.345
1.634
1.852
1.659
1.683
2.075
1.795
1.040
1.204
1.036
0.865
0.873
0.834
1.525
1.549
1.504
1.452
1.472
1.306
1.704
1.876
1.817
0.945
1.038
0.979
1.149
1.162
1.010
1.272
1.469
1.425
1.235
1.435
1.319
0.881
1.182
0.871
0.650
0.713
0.650
1.643
1.904
1.653
1.113
1.189
1.121
1.507
1.538
1.746
1.217
1.283
1.214
0.676
0.990
0.702
2.523
2.610
2.549
1.123
1.242
1.188
0.897
1.094
0.973
1.713
1.890
1.769
2.585
2.750
2.563
1.544
1.522
1.385
1.585
1.643
1.699
0.801
0.814
0.818
1.899
1.988
2.011
0.918
1.006
0.917
2.288
2.332
2.363
1.561
1.797
1.639
3.605
3.585
3.541
3.060
3.137
3.216
1.228
1.540
1.259
1.336
1.280
1.201
1.225
1.090
0.822
1.406
1.525
1.411
1.083
1.280
1.129
2.114
2.193
2.106
1.514
1.597
1.509
0.941
0.972
0.774
1.672
1.686
1.390
2.070
2.084
1.994
1.155
1.420
1.226
2.794
2.865
2.830
1.714
1.685
1.713
1.875
1.930
1.824
0.810
0.913
0.847
1.017
1.126
0.945
1.191
1.184
1.213
1.177
1.342
1.234
1.278
1.450
1.350
2.351
2.496
2.452
1.078
1.219
1.009
1.364
1.380
1.313
1.238
1.493
1.490
0.844
0.947
0.869
1.065
1.528
0.933
1.046
1.098
0.954
0.905
1.102
0.989
1.067
1.174
1.121
1.484
1.544
1.490
2.487
2.444
2.467
2.830
2.865
2.505
2.900
3.196
3.059
1.786
1.982
1.703
1.786
1.937
1.700
1.115
1.360
1.204
1.529
1.700
1.493
0.923
0.985
0.857
1.642
1.620
1.520
1.444
1.623
1.504
0.881
1.064
0.989
0.952
0.994
0.935
1.668
1.690
1.610
1.398
1.579
1.472
1.048
1.157
0.926
1.553
1.474
1.445
1.091
1.270
1.182
0.960
1.296
1.171
1.410
1.423
1.428
1.079
1.203
1.117
1.639
1.850
1.894
0.932
1.041
0.922
1.424
1.426
1.203
1.851
2.002
1.852
1.152
1.183
1.183
0.848
0.891
0.801
2.338
2.510
2.328
1.823
1.886
1.826
1.182
1.292
1.175
1.171
1.322
1.396
1.606
1.917
1.685
1.169
1.278
1.200
1.435
1.447
1.414
0.672
1.016
0.798
2.255
2.550
2.509
0.813
0.873
0.780
0.813
0.850
0.882
1.333
1.481
1.425
1.379
1.509
1.394
2.407
2.724
2.485
1.072
1.354
1.059
0.811
0.942
0.840
1.515
1.487
1.452
1.178
1.175
1.175
1.584
1.674
1.625
1.898
2.047
1.798
1.253
1.507
1.206
1.210
1.272
1.264
1.637
1.708
1.498
1.265
1.428
1.227
1.886
2.035
1.769
1.193
1.172
0.990
1.794
1.837
1.816
1.557
1.558
1.523
2.312
2.387
2.084
1.312
1.458
1.366
1.870
2.073
2.008
1.156
1.288
1.231
1.199
1.312
1.137
1.334
1.509
1.376
1.349
1.359
1.282
1.417
1.528
1.480
1.559
1.727
1.578
1.394
1.560
1.283
1.783
1.875
1.953
1.766
1.915
1.641
1.708
1.898
1.792
0.825
1.299
1.008
0.789
0.966
0.862
0.975
1.074
0.719
0.909
1.045
0.937
2.058
2.132
1.922
1.715
1.757
1.650
1.011
1.208
1.095
1.462
1.596
1.473
0.822
0.992
0.884
1.706
1.788
1.734
1.819
1.874
1.524
0.789
0.966
0.862
1.628
1.724
1.630
1.622
1.748
1.608
0.772
0.947
0.844
1.103
1.222
1.093
1.058
1.128
1.083
0.772
0.947
0.844
1.382
1.469
1.388
0.749
0.945
0.868
1.069
1.188
1.422
2.639
2.648
2.705
1.300
1.465
1.401
1.433
1.476
1.378
0.772
0.947
0.844
1.614
1.646
1.391
1.181
1.226
1.129
0.772
0.947
0.844
0.828
0.883
0.822
0.998
1.192
1.041
1.184
1.227
1.220
0.904
0.949
0.953
1.392
1.751
1.517
1.581
1.622
1.350
0.774
0.955
0.690
0.774
0.946
0.756
0.774
0.969
0.756
1.926
1.986
2.007
1.501
1.687
1.549
0.663
0.924
0.767
1.188
1.326
1.241
0.789
0.966
0.862
1.096
1.200
1.150
1.589
1.655
1.546
1.082
1.214
1.070
0.742
0.877
0.797
0.738
1.489
0.967
1.788
1.916
1.730
1.968
1.798
1.840
1.011
1.090
1.045
1.380
1.427
1.384
1.388
1.529
1.390
0.822
0.980
0.891
2.200
2.644
2.435
1.032
1.151
1.055
1.115
1.258
1.205
0.772
0.947
0.844
0.944
1.230
0.983
0.846
1.051
0.762
0.968
0.962
0.896
1.221
1.260
1.020
1.764
1.812
1.760
1.835
1.837
1.786
1.344
1.375
1.342
0.937
1.134
0.985
1.725
1.906
1.823
1.026
1.187
1.032
1.292
1.534
1.401
1.488
1.713
1.472
1.106
1.750
1.267
1.722
1.862
1.790
1.312
1.350
1.241
1.268
1.332
1.181
1.018
1.126
1.082
0.759
0.855
0.748
0.891
0.871
0.854
3.060
3.069
2.941
1.026
1.146
1.056
1.826
1.932
1.852
2.106
2.386
2.224
4.227
4.272
4.123
0.881
1.027
0.936
0.997
1.118
1.085
1.145
1.279
1.041
1.927
2.127
1.951
3.324
3.424
3.416
1.136
1.249
0.903
0.768
0.983
0.886
1.500
1.764
1.579
0.854
0.896
0.811
1.090
1.164
1.123
1.145
1.378
1.218
1.417
1.727
1.483
2.158
2.368
2.252
1.729
1.816
1.737
1.150
1.356
1.239
1.360
1.543
1.374
2.079
2.173
2.091
1.114
1.225
1.147
1.531
1.596
1.497
1.435
1.540
1.491
1.979
2.038
1.919
1.366
1.297
1.662
2.647
2.705
2.649
0.865
0.827
0.610
0.617
0.916
0.726
1.441
1.637
1.511
1.698
1.727
1.710
1.273
1.389
1.304
2.172
2.132
2.013
1.868
1.967
1.912
1.959
1.963
1.988
1.357
1.506
1.402
1.216
1.219
1.196
1.232
1.495
1.348
0.831
0.877
0.872
1.519
1.557
1.548
1.376
1.430
1.546
1.256
1.394
1.313
0.882
1.207
1.010
1.685
1.749
1.762
1.754
1.958
1.908
2.412
2.418
2.322
1.703
1.743
1.688
2.105
2.184
2.148
1.126
1.363
1.316
1.640
1.691
1.686
1.130
1.318
1.127
1.548
1.635
1.554
0.612
0.912
0.823
1.215
1.226
1.265
1.397
1.526
1.492
0.709
0.762
0.779
0.951
1.159
1.097
1.225
1.357
1.231
2.337
2.322
2.349
1.759
2.120
1.955
1.127
1.240
1.115
2.218
2.287
2.167
1.199
1.294
1.284
2.498
2.621
2.509
2.103
2.208
2.134
1.794
2.084
1.863
2.361
2.423
2.349
1.037
1.901
1.314
2.857
2.973
2.932
2.809
2.952
2.835
1.868
2.015
1.906
1.337
1.553
1.435
1.451
1.538
1.514
0.841
1.016
0.945
1.334
1.322
1.317
1.613
1.715
1.716
2.966
3.109
3.011
2.229
2.290
2.261
1.078
1.299
1.159
1.816
1.936
1.925
0.984
1.120
1.049
1.373
1.416
1.378
1.525
1.556
1.526
1.229
1.378
1.340
1.361
1.508
1.428
1.003
1.198
1.113
1.426
1.368
1.184
2.391
2.443
2.426
2.012
2.000
2.037
2.537
2.561
2.600
1.028
1.158
1.107
1.171
1.217
1.202
1.428
1.482
1.417
0.859
0.917
0.856
2.049
2.163
2.148
1.296
1.686
1.732
0.655
0.846
0.798
0.960
1.026
0.885
2.029
2.130
1.982
0.938
1.151
1.030
1.688
1.725
1.651
1.858
1.922
1.819
1.418
1.519
1.490
0.939
1.241
1.099
1.298
1.381
1.264
1.705
1.765
1.484
2.876
2.927
2.969
1.460
1.444
1.224
1.497
1.546
1.471
0.916
1.063
0.987
2.919
2.875
2.661
1.766
1.835
2.172
2.398
2.515
2.378
1.096
1.272
1.089
2.290
2.307
2.120
2.269
2.358
2.229
1.661
1.746
1.689
1.087
1.224
1.157
1.797
1.996
2.098
1.303
1.481
1.454
1.530
1.514
1.301
1.548
1.583
1.753
0.992
1.020
1.044
0.793
0.828
0.844
1.159
1.231
1.226
1.159
1.231
1.226
1.159
1.231
1.226
2.134
2.187
2.103
0.984
1.151
0.895
1.633
1.777
1.733
0.835
0.892
0.888
1.623
1.838
1.687
1.071
1.318
1.339
0.868
0.985
0.877
2.111
2.241
1.906
1.394
1.544
1.417
0.990
1.069
0.991
0.871
1.172
1.025
1.582
2.102
1.813
1.077
1.133
1.183
1.563
1.504
1.615
2.214
2.212
1.877
1.900
2.154
1.876
1.265
1.448
1.362
1.641
1.644
1.538
2.051
2.056
2.176
2.652
3.709
2.649
1.659
1.725
1.679
1.043
1.134
1.025
1.098
1.140
0.955
1.015
1.262
1.199
1.123
1.252
1.233
1.641
1.634
1.504
1.954
1.975
1.800
1.860
2.090
2.132
2.449
2.595
2.489
1.736
1.787
1.601
1.128
1.250
1.222
1.208
1.298
1.234
0.709
1.054
0.832
1.467
1.780
1.609
1.477
1.434
1.376
1.895
1.972
1.866
1.798
2.079
1.934
1.028
1.174
1.104
2.300
2.300
2.135
0.911
0.942
0.831
1.053
1.137
0.883
1.622
1.681
1.619
2.191
2.199
1.942
0.875
0.934
0.834
0.785
0.866
0.743
0.819
0.864
0.754
0.635
0.796
0.700
0.744
0.882
0.795
1.199
1.288
1.250
2.100
2.488
2.187
1.163
1.079
1.108
0.910
1.097
0.980
1.176
1.271
1.147
1.530
1.501
1.365
1.849
1.961
1.894
1.033
1.136
1.058
1.027
1.047
1.049
0.907
1.117
0.961
1.217
1.325
1.207
1.650
1.823
1.641
1.262
1.442
1.401
0.512
0.646
0.561
1.081
1.071
1.030
2.465
2.457
2.503
1.390
1.541
1.457
1.113
1.247
1.152
0.462
0.752
0.588
0.462
0.752
0.588
0.462
0.752
0.588
1.146
1.234
1.157
1.574
1.590
1.416
0.961
1.050
0.748
1.170
1.413
1.366
0.701
0.789
0.696
1.880
1.996
1.916
1.802
1.836
1.845
1.411
1.602
1.394
1.171
1.246
1.240
1.735
1.892
1.830
1.630
1.994
1.845
1.086
1.153
1.089
0.967
1.138
0.848
0.842
0.861
0.788
1.775
1.795
1.809
1.330
1.422
1.397
1.330
1.553
1.397
1.498
1.643
1.591
1.579
1.708
1.518
0.756
1.048
0.967
2.376
2.414
2.317
0.859
0.953
0.884
1.393
1.445
1.369
1.031
1.068
1.031
1.409
1.607
1.521
1.121
1.158
0.942
0.324
0.571
0.497
0.713
0.964
0.849
1.052
1.242
1.302
1.674
1.696
1.567
0.621
0.640
0.475
1.544
1.504
1.494
1.954
2.122
2.017
0.808
0.862
0.837
1.885
1.905
1.786
1.502
1.547
1.464
1.141
1.117
1.183
1.453
1.509
1.368
1.900
2.000
1.956
1.460
1.644
1.459
2.151
2.280
2.136
1.139
1.288
1.213
1.081
1.258
1.151
0.794
0.930
0.852
1.648
1.739
1.691
1.458
1.492
1.499
0.942
1.093
1.025
0.942
1.093
1.025
1.915
1.941
1.959
0.869
1.089
0.864
2.021
2.098
2.025
1.523
1.694
1.510
0.740
0.848
0.728
1.362
1.452
1.345
1.469
1.614
1.433
0.766
1.017
0.816
2.179
2.325
2.141
1.849
1.917
1.883
1.663
1.806
1.687
2.636
2.672
2.591
1.613
1.790
1.702
1.086
1.163
1.084
1.478
1.671
1.526
1.774
2.055
1.911
1.530
1.647
1.491
1.198
1.169
1.244
1.803
1.927
1.779
1.511
1.749
1.572
1.490
1.575
1.483
0.909
1.105
0.980
1.436
1.414
1.143
1.274
1.372
1.359
0.681
0.879
0.730
0.958
1.044
0.943
0.760
0.899
0.803
1.666
1.748
1.710
1.203
1.344
1.276
1.317
1.487
1.335
1.590
1.757
1.656
2.078
2.702
2.176
1.564
1.777
1.702
1.184
1.348
1.202
0.904
1.025
0.952
1.237
1.234
1.048
1.092
1.416
1.233
1.087
1.194
1.124
1.060
1.155
1.075
1.753
1.940
1.812
0.668
1.176
0.939
1.883
2.015
1.973
1.115
1.192
1.075
2.141
2.215
1.953
0.930
0.957
0.877
1.496
1.502
1.389
2.727
2.776
2.775
2.450
2.658
2.519
0.932
1.125
1.027
1.984
2.179
2.031
1.316
1.365
1.225
1.127
1.366
1.188
2.246
2.660
2.309
1.697
1.765
1.700
2.129
2.229
2.184
0.987
1.129
0.988
1.530
1.535
1.311
0.907
1.030
0.953
2.363
2.558
2.377
1.791
1.919
1.578
1.254
1.300
1.264
0.581
0.810
0.674
0.691
0.688
0.569
1.546
1.606
1.590
1.076
1.329
1.113
2.458
2.590
2.558
1.415
1.602
1.502
1.607
1.740
1.747
0.848
1.067
0.973
0.907
1.030
0.953
1.824
1.899
1.801
0.903
1.200
1.020
0.941
1.039
0.781
0.891
0.940
0.859
1.511
1.618
1.545
0.839
1.035
0.888
1.397
1.585
1.457
0.925
0.979
0.967
0.904
1.025
0.952
0.824
0.990
0.842
1.116
1.130
1.058
1.011
1.027
0.945
1.184
1.221
1.173
0.687
0.875
0.718
1.301
1.420
1.315
0.854
1.106
0.988
2.962
3.294
3.056
2.962
3.294
3.056
2.962
3.294
3.056
1.090
1.302
1.185
0.907
1.030
0.953
1.756
1.849
1.753
1.248
1.320
1.273
0.850
0.863
0.724
0.947
1.074
0.938
1.655
1.738
1.596
1.254
1.381
1.225
0.856
0.941
0.909
1.630
1.700
1.621
0.992
1.107
1.002
2.320
2.434
2.258
0.926
0.796
0.836
0.907
1.030
0.953
1.008
1.157
1.071
1.014
1.122
1.045
0.863
0.991
0.819
2.453
2.552
2.427
0.699
1.004
0.826
1.152
1.464
1.280
1.924
2.181
1.888
0.808
0.927
0.828
0.575
0.960
0.690
2.280
2.425
2.346
1.390
1.439
1.329
1.855
2.006
1.858
1.481
1.554
1.490
1.795
1.856
1.799
1.184
1.350
1.266
1.145
1.580
1.285
1.890
1.964
1.914
1.324
1.511
1.379
2.139
2.227
2.232
1.357
1.498
1.414
1.753
1.806
1.808
1.569
1.573
1.547
0.637
0.883
0.719
1.278
1.493
1.330
1.570
1.510
1.546
1.891
1.958
1.921
2.151
2.319
2.210
1.270
1.343
1.188
2.684
2.537
2.400
1.245
1.279
0.953
1.863
1.915
1.817
1.625
1.794
1.734
1.108
1.202
1.163
1.593
1.794
1.579
1.592
1.738
1.683
2.479
2.567
2.504
2.157
2.260
2.216
1.692
1.850
1.827
1.830
1.827
1.776
1.140
1.400
1.148
1.662
1.766
1.587
1.728
1.935
1.836
1.677
1.652
1.636
2.641
2.722
2.681
2.264
2.231
2.245
0.921
1.048
0.911
1.360
1.600
1.497
1.799
1.873
1.857
1.399
1.558
1.354
1.378
1.877
1.511
1.650
1.927
1.728
1.598
1.625
1.512
0.895
0.960
0.927
1.177
1.180
1.292
1.239
1.388
1.297
1.700
1.681
1.638
0.847
0.991
0.852
0.847
0.991
0.852
1.311
1.429
1.361
1.411
1.444
1.364
1.040
1.085
0.911
2.127
2.262
2.090
1.567
1.474
1.456
0.818
0.924
0.719
1.214
1.482
1.327
0.670
0.730
0.691
1.069
1.159
1.097
2.586
2.701
2.112
1.514
1.449
1.075
0.749
0.935
0.758
2.235
2.323
2.379
1.124
1.186
1.156
0.963
1.111
0.987
1.033
1.244
0.989
1.753
1.814
1.698
1.272
1.331
1.243
2.293
2.520
2.321
1.248
1.115
0.957
1.985
2.004
1.975
1.697
1.769
1.723
1.104
1.131
0.933
1.659
2.065
1.788
0.932
0.938
0.834
2.463
2.615
2.436
2.019
2.053
2.093
0.847
0.997
0.913
1.322
1.363
1.272
1.512
1.564
1.516
1.311
1.532
1.168
1.917
1.963
1.811
2.431
2.486
2.477
0.805
0.995
0.919
1.143
1.368
1.306
1.783
1.960
1.760
1.093
1.114
1.291
1.560
1.696
1.632
0.816
0.954
0.841
1.330
1.461
1.312
1.199
1.373
1.172
3.267
3.394
3.327
1.704
2.078
1.856
0.949
1.121
1.008
1.016
1.134
1.009
1.235
1.317
1.289
2.296
2.235
1.942
0.999
1.059
0.895
1.433
1.493
1.447
0.870
0.947
1.304
1.147
1.305
1.224
1.756
1.917
1.782
0.903
1.034
0.956
2.795
2.887
2.855
3.141
3.157
3.084
1.784
2.033
1.876
1.259
1.375
1.315
1.786
1.812
1.787
1.392
1.486
1.436
2.072
2.268
2.162
1.287
1.305
1.259
1.348
1.538
1.469
1.316
1.435
1.357
0.912
1.090
0.963
0.504
0.561
0.489
1.161
1.255
1.231
1.158
1.376
1.233
0.776
0.912
0.792
2.092
2.263
2.197
1.306
1.704
1.520
1.283
1.428
1.350
0.600
0.980
0.819
1.587
1.857
1.724
1.641
1.663
1.406
1.087
1.106
1.060
1.601
1.877
1.552
1.382
1.521
1.511
1.446
1.500
1.464
1.097
1.144
0.901
2.367
2.431
2.360
0.808
1.066
0.821
0.808
0.965
0.821
2.049
2.112
1.887
1.343
1.542
1.443
1.404
1.420
1.365
1.144
1.352
1.241
0.731
0.840
0.750
0.804
0.916
0.820
1.097
1.146
1.087
0.778
0.754
0.741
2.093
2.075
2.014
1.128
1.202
1.013
0.999
1.099
0.990
0.959
1.131
0.995
2.272
2.319
2.190
3.183
3.134
3.097
1.398
1.470
1.394
0.959
0.979
0.993
0.981
1.043
1.044
0.748
0.948
0.767
1.494
1.527
1.475
1.686
1.631
1.676
1.431
1.414
1.318
0.945
1.213
1.011
0.927
1.086
0.980
0.793
0.844
0.813
1.365
1.452
1.353
1.813
1.884
1.790
0.852
0.901
0.824
1.011
1.082
1.063
0.907
1.030
0.953
0.907
1.030
0.953
1.280
1.355
1.287
1.160
1.516
1.375
1.275
1.444
1.357
1.072
1.111
1.065
1.172
1.647
1.161
1.350
1.629
1.456
0.643
0.773
0.768
1.818
1.851
1.915
2.642
2.589
2.639
0.898
1.082
0.970
2.365
2.375
2.246
1.112
1.428
1.111
1.114
1.172
0.914
1.717
1.869
1.755
1.735
1.824
1.718
1.072
1.162
1.082
0.744
0.916
0.742
1.518
1.547
1.466
0.831
0.974
0.976
0.962
1.039
0.875
2.613
2.663
2.654
1.803
1.806
1.769
1.792
1.860
1.817
1.063
1.033
0.985
1.855
2.099
1.900
0.847
1.002
0.961
1.363
1.468
1.377
1.121
1.243
1.130
1.751
1.846
1.823
1.764
1.841
1.573
1.421
1.607
1.394
1.241
1.355
1.276
2.410
2.423
2.336
0.623
0.628
0.578
0.623
0.727
0.662
1.053
1.088
1.098
1.075
1.168
1.054
1.186
1.399
1.276
1.757
1.899
1.776
0.794
0.886
0.798
1.158
1.395
1.259
0.758
0.902
0.828
2.052
2.199
2.023
1.080
1.215
1.105
0.923
1.146
1.082
1.119
1.408
1.204
2.869
2.959
2.907
1.698
1.779
1.710
1.720
1.785
1.706
1.564
1.669
1.536
1.053
1.191
0.962
1.159
1.433
1.259
0.883
1.008
0.928
1.714
1.762
1.741
1.613
1.609
1.553
1.099
1.248
1.158
1.775
1.749
1.845
1.981
2.285
2.007
1.418
1.499
1.375
1.401
1.428
1.333
1.426
1.522
1.415
0.945
0.962
1.023
1.719
1.779
1.711
1.491
1.522
1.528
1.216
1.267
1.237
1.276
1.449
1.361
1.792
1.858
1.846
1.367
1.560
1.462
1.389
1.485
1.425
1.294
1.371
1.168
0.932
0.724
0.790
0.788
0.823
0.804
1.207
1.273
1.238
0.860
0.944
0.865
0.860
0.954
0.880
1.490
1.530
1.484
1.025
1.171
1.065
1.257
1.541
1.335
1.194
1.296
1.275
1.241
1.406
1.296
0.661
0.861
0.729
0.811
0.893
0.862
0.729
0.863
0.780
0.838
1.052
0.877
0.945
1.056
1.034
1.221
1.695
1.582
1.441
1.674
1.562
2.694
2.773
2.629
0.871
0.998
0.922
0.820
1.082
0.979
1.250
1.415
1.334
1.257
1.274
1.275
2.070
2.109
1.955
1.033
1.075
1.045
1.473
1.613
1.474
3.093
3.092
3.047
1.660
1.806
1.800
1.034
1.183
1.105
0.945
0.942
0.837
1.193
1.397
1.242
1.918
2.171
2.026
1.918
2.140
1.995
1.972
2.130
1.980
1.153
1.243
1.201
1.201
1.283
1.231
1.051
1.270
0.985
1.015
1.667
1.078
0.837
0.947
0.867
1.084
1.365
1.170
0.629
0.713
0.535
1.091
1.367
1.205
1.280
1.490
1.324
0.640
0.861
0.686
1.213
1.330
1.195
1.556
1.564
1.506
1.123
1.671
1.142
0.973
1.073
1.034
0.929
0.942
0.888
1.090
1.178
1.047
1.136
1.221
1.202
0.708
0.867
0.751
0.720
0.807
0.697
1.625
2.204
1.746
1.204
1.278
1.224
0.898
1.035
0.933
2.072
2.134
1.915
1.773
2.201
1.904
3.031
2.992
2.929
1.096
1.212
0.949
0.800
0.972
0.936
0.883
0.998
0.950
0.961
1.451
1.179
1.131
1.236
1.052
1.626
1.744
1.656
0.948
1.131
1.020
1.148
1.328
1.423
1.266
1.292
1.293
1.356
1.480
1.358
0.917
1.002
0.954
1.427
1.572
1.436
1.197
1.282
1.323
1.294
1.407
1.263
1.004
0.990
0.904
0.796
1.095
0.998
1.455
1.512
1.454
0.986
1.279
0.902
2.267
2.337
2.284
1.004
1.225
1.139
1.986
2.019
1.825
1.436
1.438
1.216
1.416
1.466
1.339
1.038
1.161
1.051
1.937
1.973
1.905
1.182
1.403
1.587
1.129
1.145
1.125
1.849
1.936
1.810
1.985
2.102
1.986
1.055
1.462
1.451
2.065
2.050
2.011
0.971
1.113
0.958
0.793
0.881
0.772
0.443
0.579
0.495
0.760
0.855
0.782
1.490
1.629
1.421
1.033
1.147
1.113
1.418
1.710
1.166
1.005
1.094
1.051
1.104
1.183
1.110
1.420
1.437
1.421
2.032
2.151
1.955
1.541
1.677
1.730
0.988
1.113
1.085
0.563
0.694
0.612
0.903
1.057
0.934
1.066
1.241
0.928
1.149
1.194
1.141
0.563
0.694
0.612
0.515
0.677
0.586
0.563
0.694
0.612
1.975
1.964
1.930
1.584
1.611
1.541
1.626
1.690
1.597
1.502
1.655
1.615
0.951
1.049
0.965
1.356
1.495
1.334
1.242
1.342
1.186
0.674
0.793
0.672
1.812
1.842
1.763
2.494
2.720
2.625
1.541
1.708
1.591
0.515
0.793
0.611
2.112
2.144
2.098
1.411
1.622
1.493
1.037
1.331
1.085
0.878
1.028
0.973
1.009
1.072
1.039
1.149
1.389
1.227
1.307
1.278
1.270
1.161
1.341
1.091
1.156
1.250
1.216
0.697
0.811
0.808
1.394
1.569
1.482
1.116
1.219
1.169
1.084
1.254
1.160
1.303
1.394
1.292
0.819
1.026
0.864
1.322
1.359
1.235
0.812
1.042
0.866
1.776
1.791
1.666
2.307
2.297
2.323
2.129
2.327
2.150
1.017
1.178
0.917
1.641
1.937
1.845
0.668
0.861
0.781
0.943
0.944
0.839
1.736
1.969
1.802
1.940
1.910
1.946
1.515
1.590
1.559
1.515
1.590
1.559
1.302
1.372
1.373
1.657
1.660
1.424
1.763
1.851
1.777
1.797
1.779
1.716
1.359
1.504
1.408
1.222
1.538
1.371
1.277
1.381
1.337
1.181
1.319
1.130
2.381
2.733
2.499
1.586
1.716
1.605
0.512
0.646
0.589
3.051
3.061
2.956
1.692
1.939
1.773
1.098
1.558
1.264
1.444
1.881
1.726
2.374
2.404
2.311
1.815
1.832
1.773
1.274
1.534
1.410
1.143
1.183
0.871
2.079
2.075
1.969
1.731
2.016
1.845
2.201
2.313
2.296
1.963
2.058
1.873
0.937
1.045
0.985
1.284
1.371
1.300
1.903
1.984
1.947
1.182
1.320
1.253
1.083
1.338
1.191
1.173
1.370
1.201
1.614
1.718
1.625
1.302
1.295
1.103
1.927
1.982
1.933
1.271
1.335
1.171
1.563
1.768
1.677
2.264
2.391
2.298
0.942
1.041
0.957
1.371
1.452
1.370
1.288
1.340
0.998
1.543
1.733
1.603
0.721
0.827
0.638
1.712
1.813
1.628
1.762
1.644
1.675
1.918
1.945
1.732
1.776
1.864
1.777
2.160
2.186
2.185
1.843
2.044
1.910
1.447
1.627
1.644
1.619
1.802
1.645
1.964
2.084
1.999
1.113
1.281
1.092
1.253
1.333
1.270
1.927
2.207
2.197
2.018
2.088
1.977
1.157
1.124
1.070
1.370
1.513
1.458
3.481
3.619
3.166
3.017
3.332
3.143
1.635
1.741
1.550
1.862
1.892
1.942
0.696
0.943
0.884
1.208
1.345
1.255
0.925
1.098
0.961
1.275
1.498
1.379
1.289
1.478
1.427
1.037
1.490
1.051
1.037
1.365
1.128
0.742
1.096
0.911
1.605
1.579
1.521
1.579
1.775
1.680
0.650
0.645
0.196
0.817
1.058
0.848
1.353
1.413
1.299
1.868
1.967
1.899
2.342
2.477
2.403
2.306
2.368
2.357
1.810
1.875
1.860
1.295
1.371
1.307
1.601
1.782
1.634
0.888
1.072
0.982
1.510
1.457
1.094
2.117
2.165
2.130
1.556
1.613
1.432
1.733
1.794
1.765
1.184
1.382
1.175
1.446
1.615
1.629
1.385
1.515
1.482
0.930
0.776
0.679
1.193
1.173
1.059
1.317
1.265
1.255
1.678
1.905
1.657
0.897
0.978
0.918
1.800
1.801
1.478
0.855
0.904
0.926
1.602
1.675
1.569
1.101
1.331
1.102
0.798
0.800
0.748
1.519
1.554
1.504
1.810
1.920
1.797
1.201
1.302
1.166
1.450
1.646
1.541
1.219
1.980
1.406
2.468
2.545
2.535
1.707
1.867
1.753
1.144
1.217
0.901
1.786
1.867
1.830
1.130
1.226
1.203
1.233
1.314
1.417
1.983
2.006
2.003
1.622
1.865
1.677
0.876
0.985
0.824
0.876
0.985
0.824
1.050
1.209
1.178
0.776
1.130
1.006
0.852
1.295
0.952
1.806
2.039
1.921
0.777
0.891
1.169
1.108
1.216
1.203
2.053
2.075
1.920
1.209
1.402
1.303
1.180
1.337
1.295
1.281
1.175
1.160
0.859
0.873
0.828
1.488
1.488
1.520
1.190
1.407
1.257
0.863
1.241
0.965
1.112
1.150
1.101
1.394
1.526
1.389
0.940
1.085
0.851
1.120
1.201
1.156
1.860
1.991
1.914
1.455
1.563
1.496
0.960
1.020
0.953
0.784
0.883
0.820
1.256
1.301
1.216
1.265
1.681
1.371
1.183
1.214
1.318
1.373
1.551
1.330
1.373
1.574
1.542
1.848
1.912
1.916
1.414
1.506
1.416
1.186
1.245
1.241
1.289
1.633
1.474
2.676
2.693
2.670
1.294
1.427
1.390
1.491
1.721
1.503
1.306
1.412
1.265
0.868
1.121
0.971
1.305
1.385
1.363
0.568
0.704
0.615
0.986
1.103
0.958
1.763
1.781
1.720
2.013
1.995
1.901
0.928
1.065
0.870
1.202
1.216
1.120
1.861
1.963
1.852
0.969
1.075
0.948
1.476
1.650
1.453
2.099
2.064
2.196
1.151
1.209
1.166
2.728
2.871
2.736
1.489
1.743
1.499
1.601
1.695
1.644
1.261
1.438
1.309
1.094
1.146
1.088
1.445
1.469
1.398
1.477
1.926
1.745
1.407
1.490
1.411
1.095
1.357
1.163
1.383
1.407
1.340
1.273
1.490
1.281
2.684
2.759
2.734
1.810
1.944
1.773
0.977
1.278
1.072
1.152
1.275
1.215
0.937
0.990
0.925
0.936
1.037
0.962
0.770
0.835
0.722
0.850
1.068
1.038
1.813
1.763
1.730
0.881
1.013
0.795
1.726
1.749
1.675
1.327
1.589
1.799
1.184
1.281
1.192
1.297
1.400
1.283
1.462
1.662
1.512
0.932
1.009
0.946
1.978
2.056
1.993
1.774
1.754
1.717
1.821
2.063
2.019
1.370
1.428
1.424
1.680
1.882
1.798
0.568
0.704
0.615
1.305
1.304
1.317
1.550
1.769
1.546
1.379
1.401
1.393
1.505
1.477
1.462
1.174
1.357
1.175
1.586
1.761
1.642
1.519
1.576
1.540
1.395
1.494
1.431
1.270
1.563
1.466
1.050
1.105
1.000
1.179
1.098
1.107
1.047
1.142
1.065
0.914
1.141
0.893
0.974
1.190
1.079
1.852
2.154
2.225
1.079
1.186
1.091
0.842
0.913
0.768
1.136
2.402
1.694
1.424
1.540
1.310
2.831
2.849
2.777
0.852
1.053
0.930
0.685
0.702
0.551
0.772
0.895
0.781
0.898
0.982
0.877
0.735
0.960
0.811
1.907
1.957
2.016
0.387
0.633
0.511
1.347
1.502
1.406
0.680
0.864
0.746
1.325
1.489
1.341
0.575
0.705
0.626
2.018
1.994
1.933
1.216
1.305
1.319
1.154
1.523
1.278
1.280
1.270
1.203
1.355
1.500
1.400
1.486
1.520
1.459
1.967
2.042
2.008
0.793
0.838
0.763
1.865
1.958
1.697
1.795
1.883
1.993
1.144
1.269
1.053
1.402
1.804
1.557
0.749
0.820
0.788
1.157
1.363
1.229
2.160
2.131
2.093
1.023
1.184
1.148
1.178
1.437
1.267
1.812
1.825
1.765
1.163
1.239
1.247
0.908
1.057
0.934
1.358
1.334
1.269
1.432
1.550
1.470
1.437
1.677
1.476
1.264
1.260
1.117
1.400
1.546
1.376
1.281
1.488
1.377
0.911
1.004
0.981
1.407
1.548
1.412
1.545
1.733
1.403
1.830
2.297
2.235
2.076
2.127
2.027
2.004
1.921
2.053
1.312
1.299
1.253
1.376
1.398
1.353
2.398
2.483
2.246
1.994
2.204
1.966
1.617
1.812
1.722
1.097
1.301
1.048
1.433
1.368
1.290
1.465
1.497
1.428
2.208
2.246
2.299
1.282
1.605
1.426
2.745
2.867
2.800
1.848
1.826
1.616
0.908
1.026
0.943
0.959
1.034
0.873
1.356
1.338
1.328
1.660
1.807
1.638
0.790
0.888
0.824
1.593
1.626
1.579
1.642
1.750
1.618
1.026
1.201
1.103
1.098
1.109
1.060
1.239
1.334
1.562
1.133
1.167
1.079
1.669
1.809
1.643
2.103
2.352
2.166
0.901
0.935
0.895
1.437
1.500
1.449
1.318
1.408
1.449
0.848
1.210
1.032
0.776
1.042
0.631
1.288
1.467
1.309
1.213
1.260
1.232
1.077
1.334
1.187
0.928
1.207
1.110
1.219
1.466
1.301
1.376
1.508
1.426
1.802
2.028
1.958
1.183
1.323
1.266
2.149
2.206
2.160
1.213
1.402
1.300
1.865
2.014
1.903
1.084
1.295
1.129
1.860
1.995
1.833
1.635
1.613
1.516
0.937
1.147
1.066
2.116
2.227
2.108
0.862
1.154
0.881
1.627
1.715
1.419
1.769
1.749
1.663
0.856
0.921
0.821
1.244
1.357
0.979
0.808
1.176
0.933
1.184
1.365
1.269
1.781
1.890
1.791
1.971
2.039
1.973
1.159
1.617
1.337
1.942
2.054
2.019
1.051
1.052
0.988
1.818
1.885
1.934
0.972
1.141
1.103
1.357
1.658
1.532
1.808
1.961
1.847
1.267
1.477
1.463
1.739
2.051
1.715
1.739
1.985
1.906
2.207
2.263
2.203
1.283
1.270
1.265
2.025
2.056
2.055
1.359
1.445
1.360
1.698
1.720
1.669
1.863
1.932
1.858
1.976
1.967
1.952
2.536
2.588
2.543
1.544
1.861
1.553
1.108
1.315
1.053
1.644
1.462
1.853
0.993
1.160
0.936
1.630
1.706
1.411
2.629
2.579
2.533
1.270
1.307
1.194
1.472
1.556
1.502
1.114
1.168
1.034
1.046
1.377
1.126
1.354
1.341
1.108
1.183
1.616
1.509
1.148
1.146
1.127
1.184
1.532
1.361
1.723
1.943
1.655
1.339
1.236
1.178
1.337
1.466
1.645
1.215
1.310
0.976
0.700
1.152
0.658
1.493
1.574
1.519
1.131
1.148
0.983
0.977
1.072
0.926
0.941
1.157
0.995
1.995
2.132
1.956
1.229
1.542
1.406
1.269
1.757
1.459
1.580
1.780
1.473
1.475
1.628
1.600
1.128
1.196
1.047
0.873
0.919
0.796
1.162
1.767
1.288
1.324
1.472
1.435
1.478
1.972
1.597
1.355
1.614
1.440
1.595
1.318
1.319
2.447
2.465
2.393
1.729
1.748
1.716
0.803
0.915
0.798
1.933
2.081
2.014
1.446
1.604
1.543
1.815
1.933
1.921
1.349
1.580
1.421
2.203
2.293
2.325
3.083
2.992
3.097
1.888
2.011
1.931
1.634
1.736
1.657
1.099
1.245
1.180
1.865
1.962
1.858
1.416
1.471
1.381
1.134
1.919
1.055
1.877
1.995
1.963
1.621
2.281
2.564
1.028
1.133
1.087
2.148
2.146
1.984
1.710
1.829
1.828
0.933
1.005
0.947
2.124
2.253
2.132
1.559
1.610
1.668
1.883
1.932
1.861
1.550
1.628
1.496
1.131
1.262
1.084
1.450
1.656
1.453
0.817
0.984
0.962
1.652
1.757
1.650
1.798
1.658
1.703
1.765
1.759
1.611
0.865
0.939
0.881
1.619
1.744
1.593
1.882
1.979
1.871
1.033
1.368
1.136
1.016
1.133
1.091
0.699
0.756
0.750
2.128
1.948
1.867
0.826
1.132
0.955
0.809
0.887
0.738
0.842
0.901
0.788
0.839
1.010
0.821
2.222
2.308
2.203
1.578
1.612
1.437
0.829
0.939
0.832
1.312
1.504
1.375
1.759
2.143
1.847
1.214
1.374
1.111
1.106
1.262
1.422
2.224
2.492
2.383
2.252
2.382
2.196
1.478
1.683
1.372
2.120
2.314
2.263
1.479
1.610
1.545
0.775
0.906
0.994
0.942
1.209
1.048
0.767
0.979
0.731
1.342
1.463
1.448
1.136
1.183
1.178
1.156
1.360
1.265
0.964
1.082
1.004
0.780
0.994
0.899
1.721
1.794
1.736
1.578
1.825
1.589
2.405
2.385
2.088
2.297
2.358
2.264
0.881
1.080
0.962
1.833
1.825
1.794
1.589
2.150
1.712
0.994
1.065
0.977
1.210
1.194
1.197
1.320
1.884
1.195
1.108
1.441
1.227
2.129
2.093
2.030
0.659
0.700
0.674
1.217
1.339
1.277
0.913
1.056
0.995
0.742
1.122
0.812
0.979
1.013
0.895
0.779
1.017
0.821
1.002
0.961
0.989
0.557
0.824
0.639
1.257
1.423
1.333
0.847
1.007
0.865
1.569
1.750
1.537
1.389
1.538
1.609
1.683
1.801
1.804
1.422
1.512
1.473
1.105
1.066
1.077
1.189
1.256
1.188
1.703
1.882
1.762
1.325
1.332
1.383
1.409
1.551
1.418
1.468
1.572
1.530
1.114
1.293
1.166
1.525
1.571
1.551
1.063
1.177
1.166
1.074
1.226
1.132
2.884
2.842
2.779
1.329
1.651
1.430
1.515
1.608
1.591
1.616
1.710
2.016
1.614
1.799
1.471
2.012
2.078
2.058
0.431
0.950
0.814
0.810
0.903
0.818
1.420
1.463
1.442
1.340
1.492
1.406
1.171
1.250
1.240
1.609
1.673
1.534
0.982
1.576
1.100
1.020
1.189
1.098
1.021
1.121
0.994
1.263
1.291
1.200
1.422
1.593
1.329
1.912
2.065
1.839
0.462
0.537
0.423
0.701
1.029
0.812
1.954
1.987
1.912
0.753
1.010
0.833
0.965
1.116
1.050
1.002
1.072
1.026
1.102
1.261
1.128
1.210
1.410
1.306
0.962
1.117
1.106
0.828
0.836
0.814
1.135
1.154
1.163
1.261
1.332
1.276
1.263
1.475
1.290
1.021
1.153
1.050
0.870
0.948
0.885
1.982
2.061
1.933
1.467
1.729
1.636
1.344
1.378
1.181
1.350
1.460
1.450
0.748
0.908
0.772
0.947
1.106
0.960
1.122
1.333
1.203
1.307
1.321
1.121
1.463
1.689
1.534
1.192
1.251
1.236
0.602
0.761
0.517
0.978
1.217
1.093
1.227
1.311
1.362
1.357
1.608
1.445
1.616
1.720
1.638
1.539
1.827
1.705
1.103
1.155
1.034
1.887
1.880
1.782
1.310
1.347
1.277
2.048
2.121
1.959
0.989
1.041
0.870
1.825
1.863
1.674
0.971
1.205
1.070
0.807
0.931
0.822
2.160
2.190
2.149
1.041
1.184
1.122
1.560
1.744
1.665
0.957
1.220
1.023
1.213
1.244
0.994
1.801
1.988
1.841
2.401
2.533
2.425
1.482
1.638
1.439
1.137
1.333
1.163
1.295
1.342
1.251
1.186
1.413
1.221
0.902
0.978
0.922
0.885
0.984
0.924
0.956
1.021
0.828
1.180
1.190
0.930
1.318
1.382
0.983
1.320
1.525
1.416
0.535
0.658
0.578
0.779
0.869
0.805
1.912
1.931
1.882
1.825
1.720
1.789
1.637
1.687
1.662
1.280
1.389
1.338
1.283
1.456
1.312
1.182
1.247
1.047
1.205
1.827
1.277
1.185
1.170
1.025
1.752
1.897
1.828
2.146
2.243
2.046
0.751
0.813
0.791
1.337
1.367
1.357
1.081
1.152
1.042
1.763
1.859
1.775
2.249
2.208
1.948
1.227
1.291
1.205
1.658
1.695
1.713
0.827
0.936
0.797
1.453
1.520
1.475
1.562
1.666
1.597
2.085
2.146
2.121
1.991
2.042
2.017
1.263
1.316
1.331
1.358
1.427
1.362
2.785
2.789
2.776
1.566
1.658
1.482
1.410
1.449
1.443
1.399
1.616
1.398
1.714
1.826
1.740
1.788
1.979
1.899
1.760
1.746
1.614
1.245
1.379
1.258
1.378
1.507
1.335
1.409
1.337
1.085
1.428
1.546
1.282
1.036
1.174
1.098
1.657
1.641
1.516
1.720
1.765
1.691
1.891
1.927
1.727
1.201
1.328
1.215
1.222
1.524
1.642
1.454
1.493
1.213
1.150
1.623
1.354
1.591
1.677
1.524
1.429
1.730
1.555
2.054
2.050
2.095
0.399
0.821
0.589
1.473
1.571
1.504
1.878
1.958
1.931
0.887
1.077
1.323
2.152
2.292
2.304
1.968
2.107
2.069
1.102
1.145
1.076
0.954
1.008
0.962
1.523
1.526
1.524
1.690
1.673
1.597
0.963
1.101
0.979
1.714
1.844
1.673
0.961
1.102
1.371
1.473
1.526
1.267
1.537
1.567
1.464
1.126
1.193
1.143
1.270
1.447
1.373
2.012
2.115
2.064
3.005
3.004
2.967
1.237
1.383
1.226
1.133
1.232
1.174
1.180
1.246
1.136
1.302
1.478
1.263
1.893
1.986
1.952
1.597
1.622
1.599
2.034
2.087
2.080
1.797
1.816
1.694
1.250
1.256
1.318
1.165
1.230
1.178
1.083
1.142
1.158
0.901
0.964
0.911
1.822
1.954
1.803
1.411
1.419
1.248
1.513
1.558
1.528
2.329
2.298
2.180
2.533
2.548
2.571
2.393
2.539
2.470
1.655
1.952
1.753
1.311
1.454
1.354
0.829
0.844
0.842
1.165
1.564
1.270
2.125
2.175
2.080
1.288
1.348
1.257
1.601
1.771
1.498
1.467
1.815
1.634
1.067
1.161
0.993
1.018
1.474
1.341
1.335
1.716
1.381
1.204
1.845
1.238
1.132
1.309
1.169
1.318
1.464
1.347
1.121
1.266
1.204
1.076
1.189
1.094
1.400
1.493
1.215
0.864
0.926
0.777
1.575
1.643
1.535
1.821
1.858
1.810
1.769
1.779
1.858
1.876
2.067
1.975
1.286
1.380
1.347
0.885
0.961
0.871
0.603
0.823
0.593
0.696
0.765
0.683
1.936
2.008
1.969
1.108
1.707
1.283
0.860
0.920
0.782
0.997
1.069
0.920
1.295
1.426
1.303
0.650
0.727
0.657
1.217
1.406
1.253
0.829
0.925
0.779
1.496
1.741
1.573
0.785
0.770
0.764
1.810
1.652
1.744
2.060
2.219
2.093
1.412
1.464
1.285
1.802
1.934
2.026
1.545
1.612
1.565
1.205
1.182
1.123
1.239
1.388
1.257
0.954
1.047
0.931
1.162
1.228
1.192
1.242
1.333
1.331
1.479
1.660
1.449
1.660
1.710
1.708
1.089
1.211
1.126
1.540
1.891
1.617
1.450
1.674
1.544
0.668
0.642
0.575
0.815
0.881
0.796
1.026
1.120
0.974
1.537
2.623
1.706
1.824
1.831
1.860
0.921
0.917
0.868
1.513
1.546
1.453
1.167
1.227
1.078
1.186
1.257
1.221
2.398
2.368
2.460
2.123
2.018
2.023
1.870
1.876
1.724
