1.607
1.729
1.595
3.166
3.293
3.217
1.290
1.364
1.354
1.798
1.853
1.801
1.387
1.409
1.107
1.585
1.650
1.698
1.411
1.725
1.510
3.574
3.586
3.480
2.181
2.306
2.212
1.929
2.086
2.009
1.955
2.046
1.973
0.854
0.988
0.958
1.411
1.521
1.480
1.968
2.008
2.032
1.955
2.018
2.024
1.210
1.531
1.903
0.887
1.058
1.015
1.706
1.724
1.724
2.135
2.503
2.603
1.385
1.556
1.548
1.279
1.446
1.291
2.712
2.737
2.705
3.084
3.135
3.078
2.397
2.536
2.507
1.167
1.442
1.356
1.378
1.395
1.344
1.379
1.526
1.407
1.106
1.317
1.158
1.746
1.970
2.081
1.463
1.616
1.587
1.804
2.103
1.867
2.272
2.448
2.296
1.946
1.986
1.888
1.888
2.206
2.060
2.465
2.533
2.514
1.851
2.088
1.732
1.578
1.744
1.618
1.362
1.363
1.286
1.477
1.670
1.621
1.434
1.379
1.249
0.903
1.215
1.033
1.023
1.146
1.027
2.228
2.193
2.090
0.962
1.273
1.077
1.971
2.221
2.018
1.613
1.804
1.653
1.713
1.925
1.920
0.852
1.087
0.905
1.990
2.093
2.026
2.523
2.578
2.550
2.568
2.771
2.539
2.408
2.535
2.465
1.552
1.557
1.479
1.193
1.237
1.161
1.657
1.921
1.815
1.475
1.729
1.364
1.192
1.372
1.292
1.875
2.050
1.698
0.967
1.217
1.074
3.086
3.102
3.193
2.452
2.457
2.410
2.492
2.587
2.476
1.540
1.859
1.710
2.574
2.540
2.415
0.831
1.272
0.913
2.672
2.941
2.819
3.004
3.039
2.936
1.477
1.627
1.388
1.240
1.587
1.329
0.974
1.012
0.954
0.974
1.104
1.029
1.642
1.815
1.718
2.279
2.409
2.370
1.672
1.801
1.715
1.418
1.500
1.519
1.116
1.305
1.219
2.248
2.332
2.350
1.990
2.296
2.223
2.385
2.497
2.454
1.198
1.286
1.232
0.882
0.937
0.483
1.485
1.559
1.381
1.935
1.851
1.769
3.561
3.599
3.585
1.014
1.200
1.116
1.974
2.091
2.059
1.206
1.316
1.119
1.859
1.906
1.969
0.604
1.000
0.791
1.355
1.525
1.429
1.233
1.326
1.309
1.541
1.682
1.501
2.802
2.848
2.797
2.691
2.704
2.738
1.663
1.778
1.728
2.141
2.191
2.153
2.226
2.282
2.243
1.368
1.482
1.339
2.505
2.543
2.478
1.322
1.730
1.405
0.854
1.089
0.867
2.006
2.148
2.037
1.695
1.795
1.731
2.011
2.240
2.156
1.441
1.646
1.539
1.485
1.490
1.503
2.358
2.614
2.493
1.016
1.167
1.051
1.493
1.513
1.532
1.075
1.147
1.113
1.838
1.958
1.927
1.594
1.849
1.876
1.822
1.933
1.885
1.291
1.275
1.319
1.469
1.845
1.627
2.049
2.232
2.164
0.900
1.140
0.911
1.793
1.857
1.816
1.048
1.171
1.083
1.461
1.662
1.591
1.168
1.386
1.356
1.380
1.297
1.359
2.452
2.566
2.500
2.878
3.263
2.918
3.138
3.121
3.067
1.630
1.823
1.714
2.626
2.669
2.676
2.085
2.224
2.077
1.360
1.462
1.413
2.119
2.241
2.182
2.011
2.046
2.039
1.798
2.000
1.837
1.447
1.766
1.519
1.761
1.989
1.838
2.105
2.318
2.176
2.431
2.523
2.443
2.436
2.587
2.490
1.039
1.295
1.173
2.196
2.354
2.173
1.767
2.185
2.153
1.989
2.042
1.944
1.627
2.074
1.847
1.463
1.616
1.587
2.883
3.008
2.931
2.938
3.038
3.094
1.966
2.102
2.025
0.916
1.179
0.963
1.450
1.497
1.393
1.651
1.786
1.695
1.047
1.059
0.927
1.353
1.316
1.188
1.948
1.895
1.785
1.637
1.609
1.607
2.218
2.274
2.226
1.278
1.244
1.091
2.091
2.277
2.215
1.178
1.497
1.209
1.923
2.036
1.940
1.488
1.613
1.542
1.503
1.761
1.596
1.645
1.783
1.690
1.143
1.250
1.200
2.105
2.245
2.277
2.257
2.558
2.400
1.582
1.664
1.472
0.964
1.009
0.975
1.294
1.371
1.320
0.826
0.895
0.849
1.576
1.672
1.620
2.481
2.592
2.546
1.425
1.775
1.668
1.681
1.815
1.758
1.602
1.682
1.614
0.988
1.019
0.973
1.857
1.910
1.861
1.932
2.150
2.023
1.567
1.737
1.723
0.867
1.145
1.026
2.454
2.822
2.627
2.593
2.605
2.603
1.045
1.064
0.947
1.664
1.573
1.339
2.426
2.549
2.493
1.714
1.950
1.834
2.917
2.918
2.901
1.996
2.129
2.134
1.763
1.865
1.836
2.429
2.447
2.330
1.796
2.294
1.892
0.706
0.717
0.699
1.086
1.207
1.177
0.901
1.092
0.929
2.024
2.236
2.092
1.016
1.398
1.075
1.000
1.133
1.367
0.961
1.984
0.913
0.959
1.320
1.159
0.677
1.202
0.874
1.864
1.936
1.811
1.719
1.801
1.737
1.987
1.972
1.962
1.184
1.276
1.082
3.016
3.103
3.155
2.088
2.155
2.197
1.474
1.673
1.548
1.091
1.432
1.286
0.664
1.280
1.057
0.806
0.971
0.958
2.384
2.405
2.325
1.961
2.012
1.943
2.297
2.899
2.230
1.885
1.957
1.680
1.290
1.391
1.232
1.636
1.698
1.645
1.218
1.540
1.301
1.634
1.604
1.645
1.381
1.587
2.053
1.983
1.987
1.944
1.142
1.430
1.262
2.871
3.011
2.937
2.478
2.593
2.526
1.969
2.110
1.959
2.074
2.237
1.988
1.980
2.040
1.922
1.228
1.407
1.322
0.905
1.065
0.955
1.443
1.499
1.542
1.270
1.401
1.310
2.743
2.780
2.771
1.546
1.798
1.615
1.932
2.071
2.043
1.380
1.479
1.365
1.504
1.590
1.534
1.123
1.233
1.130
1.258
1.563
1.255
1.478
1.515
1.496
1.085
1.238
1.130
1.917
1.952
1.911
1.528
1.837
1.532
1.141
1.237
1.173
2.034
2.119
2.110
1.109
1.218
1.178
1.238
1.551
1.361
1.804
1.835
1.691
2.428
2.637
2.558
0.995
1.059
1.105
2.212
2.312
2.281
1.177
1.195
0.871
2.011
2.085
2.078
1.842
1.983
1.823
1.499
1.763
1.695
2.243
2.291
2.242
1.469
1.554
1.476
1.246
1.150
1.139
1.855
1.730
1.809
2.170
2.229
2.189
1.738
1.848
1.816
1.883
2.189
1.978
1.567
1.601
1.570
3.090
3.144
3.185
1.396
1.507
1.422
2.251
2.254
2.123
0.952
1.137
1.060
1.968
2.013
1.948
1.730
1.766
1.742
2.159
2.397
2.261
2.317
2.522
2.423
2.063
2.207
2.088
0.680
0.788
0.672
2.411
2.558
2.495
2.060
2.093
2.151
2.143
2.465
2.200
1.192
1.919
1.241
1.284
1.487
1.340
1.132
1.539
1.370
0.857
1.157
0.985
0.463
0.719
0.588
1.072
1.083
1.050
2.107
2.144
2.132
1.043
1.143
1.081
1.043
1.167
1.091
1.298
1.573
1.467
2.110
2.097
2.071
1.642
1.763
1.621
0.979
0.945
0.963
1.356
1.491
1.453
0.937
1.065
0.984
2.714
2.629
2.814
1.795
1.947
1.902
2.327
2.505
2.392
0.973
1.015
0.987
1.116
1.194
1.178
3.056
3.235
3.230
2.121
2.298
2.144
3.440
3.454
3.560
1.169
1.253
1.124
1.743
1.887
1.825
0.944
1.084
0.873
1.017
1.325
1.150
1.087
1.138
1.154
0.742
0.842
0.836
2.245
2.312
2.134
1.628
1.852
1.673
1.074
1.165
1.158
2.466
2.526
2.501
1.249
1.463
1.193
1.388
1.504
1.426
0.724
0.871
0.801
1.242
1.354
1.337
1.096
1.234
1.217
1.384
1.704
1.541
1.649
1.697
1.673
2.546
2.652
2.562
1.932
1.930
1.910
2.588
2.604
2.610
1.674
1.808
1.715
1.431
1.801
1.497
1.817
1.940
1.739
2.211
2.296
2.282
1.740
1.842
1.753
2.443
2.467
2.372
1.669
1.779
1.760
1.316
1.713
1.503
2.375
2.353
2.123
1.512
1.678
1.573
1.415
1.482
1.480
2.923
3.033
3.015
1.643
1.687
1.617
2.652
2.709
2.587
1.615
1.723
1.515
1.979
2.044
2.004
1.372
1.513
1.397
3.035
3.056
3.054
1.429
1.489
1.437
1.502
1.484
1.428
2.083
2.120
2.070
1.702
1.911
1.757
1.384
1.409
1.360
1.093
1.125
1.124
1.669
1.680
1.938
1.587
1.619
1.514
0.775
0.795
0.788
1.752
1.829
1.652
2.124
2.232
2.250
1.950
1.943
1.814
0.959
1.046
1.000
2.634
2.789
2.745
2.226
2.351
2.292
2.309
2.390
2.364
1.367
1.664
1.502
0.847
1.239
0.899
1.109
1.367
1.239
2.891
3.005
2.941
1.768
1.803
1.586
0.818
0.803
0.668
1.190
1.253
1.169
1.468
1.706
1.299
1.348
1.337
1.299
1.486
1.494
1.467
1.560
1.743
1.543
1.921
2.082
2.048
1.638
1.843
1.789
2.843
2.896
2.867
3.360
3.547
3.419
1.794
1.813
1.778
1.287
1.356
1.213
1.226
1.289
1.228
2.586
2.720
2.635
2.077
2.179
2.131
2.490
2.530
2.499
2.201
2.026
2.064
1.992
2.303
2.016
1.262
1.780
1.421
1.518
1.594
1.554
1.598
2.022
1.373
1.776
1.875
1.711
1.509
1.541
1.523
2.201
2.391
2.202
1.532
1.573
1.520
1.543
1.634
1.586
1.833
1.966
1.903
1.348
1.643
1.570
0.948
1.411
1.059
1.824
1.964
1.938
2.047
2.005
2.039
2.394
2.609
2.506
2.489
2.453
2.475
2.014
2.235
1.942
1.812
1.866
1.843
1.511
1.724
1.720
2.889
2.936
2.813
1.776
1.914
1.799
2.070
2.100
2.066
2.581
2.564
2.572
1.143
1.226
1.176
1.407
1.617
1.512
1.535
1.634
1.589
1.223
1.283
1.241
1.228
1.390
1.329
0.770
1.218
0.939
1.348
1.624
1.583
1.266
1.435
1.399
2.512
2.695
2.437
1.647
1.764
1.746
2.304
2.489
2.397
1.494
2.302
1.769
1.783
1.797
1.799
1.383
1.434
1.415
2.226
2.437
2.148
1.436
1.857
1.474
1.452
1.754
1.571
1.050
1.116
0.968
1.266
1.359
1.351
1.488
1.738
1.594
1.517
1.840
1.606
1.303
1.533
1.344
1.655
1.916
1.805
1.577
1.738
1.639
0.921
1.055
0.900
1.160
1.303
1.180
1.497
1.545
1.547
1.422
1.512
1.480
1.001
1.302
1.216
1.272
1.545
1.408
1.552
1.606
1.442
0.841
1.217
0.985
2.630
2.693
2.554
1.508
1.757
1.649
1.469
2.183
1.670
1.314
1.423
1.325
0.736
0.863
0.847
1.238
1.473
1.308
1.327
1.583
1.414
0.861
1.013
0.944
1.105
1.355
1.178
1.887
1.916
1.933
1.784
1.798
1.727
1.610
1.667
1.624
1.250
1.379
1.341
0.996
0.929
0.300
1.827
1.866
1.828
1.770
1.861
1.796
1.180
1.335
1.271
1.282
1.737
1.548
1.953
1.998
2.000
1.969
2.080
1.866
3.086
3.278
3.155
0.923
1.056
0.928
1.007
1.065
1.051
0.688
0.769
0.686
1.388
1.552
1.483
1.388
1.605
1.476
1.311
1.573
1.394
1.765
1.805
1.781
1.217
1.545
1.354
1.662
1.777
1.684
1.693
1.835
1.713
1.423
1.528
1.410
2.292
2.353
2.346
2.115
2.106
2.012
1.532
1.611
1.551
1.876
1.860
1.903
2.136
2.280
2.194
1.457
1.655
1.491
1.327
1.435
1.240
2.005
2.092
2.015
3.233
3.274
2.891
2.317
2.433
2.431
0.705
0.664
0.556
2.386
2.416
2.410
1.769
1.680
1.678
1.642
1.806
1.570
1.771
1.782
1.740
1.698
1.912
1.782
1.690
1.877
1.653
2.650
2.653
2.644
1.835
1.897
1.893
2.530
2.625
2.547
1.252
1.619
1.334
1.573
1.730
1.503
1.374
1.483
1.455
1.847
2.028
1.998
2.210
2.215
2.085
1.051
1.042
0.855
1.802
1.851
1.813
1.326
1.564
1.359
1.717
1.882
1.733
2.673
2.599
2.468
1.688
1.704
1.721
1.373
1.626
1.454
1.936
1.961
1.914
0.894
1.176
1.037
1.817
1.927
1.697
1.184
1.324
1.222
1.123
1.410
1.164
1.829
2.060
1.888
3.271
3.315
3.195
1.134
1.504
1.239
0.664
1.504
0.970
1.733
1.724
1.586
1.900
2.019
1.886
1.638
1.670
1.630
1.670
2.395
1.620
2.246
2.697
2.228
1.908
2.164
1.956
0.706
0.790
0.752
2.016
2.354
2.038
1.891
2.105
1.966
0.940
1.196
1.111
0.870
0.992
0.912
3.154
3.218
3.093
1.771
1.921
2.189
1.118
1.481
1.623
1.501
1.575
1.413
1.885
2.201
2.004
1.270
1.411
1.393
1.032
1.263
1.326
1.425
1.667
1.553
1.466
1.550
1.541
1.169
1.414
1.272
1.307
1.390
1.300
2.091
2.124
2.069
1.920
2.198
1.743
2.945
2.996
2.952
1.624
2.241
2.219
1.642
1.731
1.676
2.091
2.231
2.064
1.452
1.860
1.690
1.408
1.499
1.440
1.493
1.640
1.472
1.854
1.945
1.829
1.177
1.569
1.445
2.605
2.650
2.590
1.653
1.715
1.704
1.072
1.148
1.124
2.491
2.627
2.562
1.714
1.775
1.714
2.203
2.249
2.316
1.753
2.022
1.624
1.588
1.831
1.735
1.425
1.576
1.485
1.473
1.591
1.522
2.016
2.285
2.146
2.279
2.292
2.241
2.288
2.468
2.235
1.289
1.470
1.348
1.541
1.677
1.593
0.965
1.065
1.069
0.683
0.913
0.768
1.110
1.320
1.180
2.228
2.307
2.350
1.773
1.839
1.849
0.980
1.212
1.051
1.138
1.291
1.192
1.392
1.688
1.370
1.457
1.808
1.613
1.338
1.569
1.428
1.366
1.398
1.369
1.234
1.319
1.294
1.641
1.834
1.762
1.598
1.732
1.623
1.444
1.617
1.486
1.724
1.747
1.751
0.966
1.061
1.006
2.083
2.172
2.090
2.009
2.082
2.072
1.926
2.217
2.157
1.779
1.907
1.784
2.672
2.711
2.661
1.442
1.517
1.401
1.297
1.761
1.374
1.297
1.568
1.498
2.904
3.122
3.082
1.020
1.238
1.101
1.399
1.550
1.531
1.098
1.281
1.121
1.996
2.127
2.089
1.342
1.240
1.229
1.519
1.540
1.501
1.191
1.196
1.220
0.767
0.766
0.643
0.968
1.389
1.083
1.097
1.227
1.125
1.341
1.469
1.427
3.383
3.420
3.432
1.947
2.056
1.981
2.764
2.997
2.835
1.343
1.712
1.484
1.305
1.373
1.308
2.339
2.415
2.222
2.597
3.082
2.639
2.400
2.560
2.428
1.356
1.568
1.508
1.605
1.887
1.638
1.927
2.100
2.002
0.863
1.140
1.392
1.641
1.635
1.608
3.284
3.590
3.207
1.450
1.644
1.392
2.055
2.038
2.033
1.321
1.556
1.892
3.133
3.230
3.187
1.788
2.011
1.960
2.850
2.874
2.723
0.979
1.150
1.055
1.007
1.093
1.032
1.597
1.692
1.598
3.814
3.876
3.840
1.653
1.712
1.650
2.210
2.306
2.159
0.494
0.486
0.411
0.972
1.185
1.005
2.662
2.922
2.969
1.795
2.186
2.065
1.191
1.299
1.182
1.884
2.086
1.915
1.352
1.456
1.380
1.508
1.546
1.512
1.932
2.071
2.009
2.541
2.581
2.539
2.094
2.293
2.056
1.132
1.192
1.144
1.166
1.317
1.208
2.150
2.480
2.171
2.150
2.409
2.171
2.150
2.417
2.171
1.222
1.279
1.206
1.552
1.751
1.677
1.908
1.959
1.877
1.001
1.055
0.791
0.434
0.848
0.612
1.612
1.806
1.680
2.288
2.324
2.329
1.693
1.777
1.695
0.888
1.029
0.785
2.320
2.408
2.219
1.456
1.502
1.471
0.891
1.156
1.113
1.670
1.999
1.854
1.367
1.574
1.447
1.347
1.493
1.426
1.543
1.713
1.726
1.307
1.453
1.398
2.102
2.257
2.067
2.111
2.110
1.868
1.839
1.914
1.834
2.491
2.696
2.528
1.302
1.316
1.247
2.088
2.014
2.064
1.992
2.011
2.081
1.992
2.011
2.081
1.366
1.754
1.392
2.490
2.449
2.262
1.142
1.494
1.185
1.142
1.505
1.185
2.085
2.266
2.192
1.163
1.251
1.242
1.988
2.052
1.811
2.578
2.557
2.526
1.117
1.183
1.104
1.483
1.787
1.567
1.465
1.715
1.629
1.265
1.338
1.054
2.585
2.671
2.607
1.655
1.709
1.696
2.776
3.061
2.825
2.060
2.102
2.083
1.626
1.789
1.662
1.904
1.962
1.824
1.401
1.494
1.412
1.020
1.257
1.107
1.470
1.520
1.321
1.499
1.573
1.403
1.658
1.738
1.672
1.475
1.500
1.472
1.674
1.796
1.780
1.251
1.410
1.296
1.419
1.620
1.372
1.927
1.938
1.944
1.016
1.135
1.079
1.524
1.642
1.461
2.126
2.157
2.134
1.237
1.613
1.418
0.935
1.049
0.943
0.996
1.193
1.118
1.089
1.407
1.272
1.469
1.817
1.605
1.487
1.646
1.519
2.013
1.965
1.989
2.371
2.412
2.352
0.960
1.097
1.014
2.036
2.157
2.177
2.107
2.180
2.035
1.246
1.533
1.337
1.081
1.160
1.099
2.182
2.318
2.227
2.170
2.196
2.228
1.905
1.904
1.789
0.994
1.068
0.933
1.013
1.414
1.052
1.554
1.655
1.554
2.387
2.313
2.339
1.189
1.362
1.255
1.169
1.316
1.265
1.621
1.895
1.706
3.008
2.997
3.005
1.499
1.525
1.508
1.118
1.378
1.250
1.632
1.782
1.658
2.329
2.431
2.367
2.010
2.154
2.112
2.386
2.371
2.236
2.533
2.691
2.617
1.724
2.046
1.841
2.162
2.318
2.364
1.827
1.901
1.823
2.014
1.889
1.953
2.360
2.461
2.474
1.640
1.918
1.785
1.118
1.270
1.155
1.252
1.504
1.429
0.733
0.758
0.625
1.422
1.415
1.277
1.954
2.290
2.084
3.483
3.553
3.578
1.563
1.756
1.545
1.194
1.171
1.032
1.587
1.724
1.639
1.158
1.421
1.204
0.867
1.177
1.078
0.438
0.741
0.629
1.562
1.555
1.594
1.297
1.349
1.340
1.735
1.776
1.698
2.879
2.878
2.934
2.918
3.046
3.021
2.643
2.690
2.649
1.593
1.806
1.732
1.849
1.965
1.883
1.663
1.695
1.600
1.179
1.249
1.192
3.385
3.432
3.382
1.679
1.781
1.663
2.208
2.301
1.922
1.623
1.705
1.694
2.009
2.122
1.950
2.142
2.306
2.144
1.617
1.705
1.613
1.702
1.723
1.726
2.080
2.172
2.126
1.057
1.208
1.157
1.356
1.450
1.417
1.296
1.402
1.074
1.329
1.451
1.394
2.014
2.228
2.016
1.869
1.843
1.755
1.781
1.892
1.794
1.462
1.590
1.569
2.454
2.589
2.536
1.399
1.530
1.462
1.603
1.614
1.634
1.603
1.614
1.634
1.924
1.973
1.932
1.820
2.156
1.921
2.781
2.820
2.921
1.421
1.556
1.401
1.754
1.988
1.824
1.673
1.846
1.743
0.676
1.040
0.731
1.698
1.869
1.682
2.657
2.704
2.510
1.533
1.817
1.623
2.088
2.267
2.123
1.182
1.355
1.215
1.037
1.579
1.203
1.088
1.285
1.168
2.276
2.298
2.220
1.459
1.496
1.161
1.616
1.827
1.578
1.366
1.382
1.268
1.366
1.519
1.390
1.901
1.819
1.835
1.423
1.763
1.590
1.229
1.595
1.396
2.112
2.292
2.143
2.182
2.537
2.470
2.852
2.915
2.858
1.169
1.263
1.134
1.669
2.246
2.021
1.405
1.496
1.396
1.767
1.784
1.690
1.042
1.058
1.025
1.541
1.559
1.495
1.504
1.543
1.546
2.308
2.740
2.741
2.500
2.609
2.499
2.984
3.027
3.101
1.456
1.500
1.459
1.153
1.147
1.162
1.347
1.322
1.125
1.376
1.394
1.389
1.087
1.668
1.157
1.901
2.010
1.931
1.786
1.780
1.792
2.080
2.258
2.138
1.909
2.096
1.967
1.869
1.815
1.731
1.047
1.160
1.156
1.455
1.564
1.477
2.466
2.371
2.310
0.887
1.074
0.983
1.555
1.754
1.662
1.719
1.761
1.694
2.355
2.439
2.459
1.331
1.578
1.469
1.775
1.958
1.934
1.253
1.284
1.190
1.517
1.597
1.320
2.117
2.254
2.189
2.520
2.681
2.605
1.561
1.615
1.500
1.924
2.222
2.063
2.279
2.458
2.264
2.507
2.616
2.528
1.664
1.687
1.711
3.826
3.829
3.856
2.132
2.460
2.304
1.528
1.621
1.618
1.048
1.525
1.225
1.587
1.683
1.661
2.737
2.837
2.762
1.248
1.418
1.192
1.886
1.873
1.888
0.999
1.101
1.092
2.645
2.775
2.757
0.887
0.788
0.782
0.581
0.739
0.625
1.095
1.385
1.410
1.736
1.743
1.659
1.037
1.182
1.074
2.047
2.190
2.122
1.732
1.820
1.849
1.673
1.789
1.730
2.124
2.267
2.098
1.349
1.887
1.522
1.539
1.720
1.603
3.078
3.255
3.118
2.086
2.178
2.130
2.173
2.360
2.347
2.687
2.835
2.755
1.330
2.224
1.509
1.004
1.166
1.069
1.086
1.385
1.278
1.921
2.185
2.058
1.179
1.231
1.166
1.084
1.327
1.213
1.807
1.882
1.852
1.612
1.561
1.517
2.055
2.179
2.086
0.284
0.289
0.218
2.655
2.776
2.706
1.633
2.000
1.888
1.230
1.273
1.188
2.600
2.609
2.548
2.863
2.953
2.890
2.279
2.372
2.278
1.065
1.171
1.124
1.517
1.640
1.389
2.016
2.128
2.062
1.544
1.608
1.714
2.487
2.534
2.553
1.388
1.399
1.313
3.067
3.353
3.369
1.826
2.214
1.979
1.804
1.877
1.900
1.947
2.465
2.368
1.363
1.638
1.497
2.043
2.136
2.103
1.331
1.349
1.253
1.967
1.929
1.828
0.680
0.858
0.751
1.459
1.507
1.435
1.746
1.841
1.801
1.053
1.494
0.899
1.754
1.883
1.823
1.410
1.470
1.382
2.119
2.146
2.130
1.528
1.616
1.526
2.114
2.250
2.033
2.471
2.566
2.549
1.565
1.586
1.534
2.027
2.164
2.103
2.317
2.588
2.452
1.579
1.626
1.579
1.938
2.042
1.818
1.964
2.016
2.025
1.254
1.436
1.360
1.177
1.597
1.485
2.179
2.340
2.314
1.203
1.395
1.283
1.169
1.244
1.245
0.513
0.475
0.353
0.693
1.076
0.810
2.398
2.436
2.526
1.289
1.411
1.258
1.640
1.757
1.656
1.222
1.379
1.280
1.079
1.408
1.244
1.789
1.955
1.778
3.235
3.494
3.316
2.205
2.175
2.175
1.032
1.183
1.105
1.463
1.652
1.401
1.656
1.818
1.736
4.829
4.823
4.793
1.560
1.710
1.627
2.519
2.699
2.646
1.126
1.453
1.218
1.314
1.436
1.310
1.471
1.651
1.540
1.153
1.333
1.254
1.747
1.819
1.677
2.624
2.805
2.736
2.650
2.621
2.630
1.345
1.553
1.478
1.020
1.172
1.151
1.649
1.759
1.689
1.381
1.519
1.355
1.829
2.231
1.760
2.477
2.833
2.662
1.982
2.070
2.045
2.080
2.081
2.104
1.819
1.936
1.843
2.825
2.842
2.793
2.061
2.162
2.134
3.040
3.039
3.076
1.795
1.917
1.788
3.034
3.358
3.135
2.987
3.067
3.024
1.300
1.316
1.203
1.167
1.210
0.893
1.827
1.978
1.935
0.988
1.294
1.102
2.280
2.187
2.111
2.380
2.445
2.358
1.667
1.744
1.686
1.477
1.658
1.566
2.791
2.811
2.756
1.579
1.711
1.626
2.701
2.835
2.736
1.443
1.470
1.298
0.729
0.906
0.833
2.277
2.323
2.273
1.712
1.904
1.704
1.449
1.531
1.417
1.869
1.874
1.880
1.640
1.685
1.652
1.122
1.294
1.143
1.254
1.337
1.154
1.671
2.027
1.797
1.242
1.369
1.277
0.835
1.028
0.958
2.009
2.058
2.022
2.262
2.361
1.640
1.802
1.853
1.768
1.771
2.086
2.200
1.369
1.544
1.456
1.967
2.217
2.078
2.202
2.196
2.183
1.240
1.344
1.247
1.303
1.441
1.261
1.650
1.805
1.684
1.788
1.942
1.815
1.582
1.675
1.615
0.927
0.967
0.912
1.164
1.317
1.159
0.823
0.969
0.923
1.930
2.132
2.090
2.148
2.166
2.063
1.350
1.726
1.519
1.341
1.388
1.367
2.148
2.166
2.063
2.001
2.053
2.032
1.200
1.316
1.259
1.598
1.766
1.661
1.228
1.343
1.267
1.632
1.724
1.691
1.708
1.853
1.827
2.833
2.901
2.867
1.702
1.710
1.692
2.029
2.109
2.029
1.105
1.323
1.135
0.945
1.199
1.294
1.632
1.642
1.668
1.380
1.434
1.265
1.209
1.319
1.210
1.599
1.637
1.429
1.047
1.259
1.001
1.597
1.999
1.797
1.821
2.238
2.226
1.286
1.618
1.396
1.837
1.837
1.767
1.988
2.076
2.049
1.143
1.193
1.039
1.492
1.751
1.434
0.985
1.077
0.988
1.423
1.461
1.404
1.159
1.371
1.601
1.195
1.284
1.241
1.667
1.906
1.832
1.626
1.846
1.761
1.974
2.005
1.913
1.689
1.713
1.696
1.152
1.183
0.924
2.282
2.620
2.311
1.610
1.807
1.756
1.586
1.662
1.510
1.783
1.882
1.798
2.186
2.330
2.191
1.038
1.238
0.956
1.833
1.990
1.810
1.461
1.780
1.760
1.323
1.387
1.336
2.212
2.258
2.258
1.358
1.464
1.301
1.399
1.422
1.423
1.374
1.474
1.328
1.680
1.656
1.669
1.567
1.799
1.589
1.995
1.955
1.871
1.898
2.016
1.846
2.167
2.142
2.085
1.534
1.420
1.396
1.381
1.530
1.382
1.662
1.784
1.601
1.563
1.710
1.621
0.846
0.971
0.830
1.520
1.866
1.628
1.205
1.428
1.250
2.724
2.832
2.704
2.303
2.434
2.511
2.881
2.906
2.893
2.072
2.410
2.330
1.481
1.596
1.705
1.111
1.256
1.218
1.547
1.622
1.526
1.165
1.222
1.222
1.749
1.736
1.747
1.270
1.371
1.343
1.159
1.355
1.231
1.224
1.246
1.059
1.951
1.974
1.736
2.776
2.894
2.903
2.906
2.937
2.749
1.460
1.693
1.573
1.017
1.577
1.240
2.482
2.545
2.615
1.981
2.120
2.032
1.110
1.386
1.168
1.626
1.895
1.741
2.771
2.910
2.814
2.047
2.030
2.031
1.411
1.591
1.480
1.147
1.517
1.241
1.189
1.235
1.192
1.707
1.943
1.825
2.985
3.184
3.251
1.199
1.544
1.225
1.718
1.953
1.765
1.340
1.383
1.389
2.312
2.361
2.122
1.502
1.628
1.517
1.756
2.025
1.965
1.289
1.646
1.452
1.016
1.278
1.162
1.074
1.164
1.073
1.390
1.460
1.443
1.676
1.805
1.743
1.975
2.104
1.920
1.974
2.781
2.166
1.851
1.907
1.830
1.003
1.033
1.062
1.556
1.653
1.594
0.920
1.265
1.047
2.369
2.452
2.533
0.847
1.057
0.981
1.332
1.520
1.430
1.896
1.989
1.874
1.282
1.301
1.133
1.601
1.600
1.564
1.122
1.325
1.122
1.771
1.929
1.845
0.918
0.957
0.956
1.323
1.460
1.331
0.892
0.983
0.843
1.467
1.514
1.615
1.701
1.830
1.862
1.701
1.976
1.976
1.366
1.421
1.358
1.409
1.640
1.505
1.324
1.462
1.351
0.689
1.070
0.887
1.620
1.778
1.699
1.910
1.992
1.934
1.672
1.821
1.699
1.206
1.514
1.281
0.973
1.117
1.014
2.626
2.659
2.553
2.187
2.045
2.081
2.211
2.385
2.296
1.577
1.853
1.540
1.578
1.670
1.631
1.491
1.505
1.598
1.803
1.941
1.790
1.087
1.185
1.145
1.561
1.604
1.612
1.888
1.975
1.858
1.081
1.318
1.162
0.601
0.890
0.769
1.938
1.971
1.940
3.470
3.618
3.472
2.451
2.628
2.533
2.162
2.277
2.127
1.314
1.395
1.358
1.062
1.215
1.038
1.871
1.882
1.856
2.784
2.804
2.712
1.116
1.176
1.122
1.942
2.038
2.003
2.450
2.374
2.371
2.339
2.510
2.389
1.741
1.684
1.613
2.654
2.687
2.433
1.546
1.693
1.606
1.169
1.313
1.177
0.657
0.736
0.409
3.025
3.187
2.963
1.630
1.735
1.606
1.703
1.865
1.805
1.346
1.647
1.490
2.127
2.097
2.161
2.680
2.831
3.005
2.554
2.613
2.604
1.566
1.715
1.576
1.243
1.465
1.341
1.212
1.342
1.292
1.229
1.341
1.334
1.697
1.828
1.814
2.586
2.619
2.538
1.959
1.960
1.988
1.509
1.505
1.449
1.539
1.787
1.613
2.572
2.580
2.559
2.623
2.687
2.737
2.201
2.235
2.154
2.415
2.835
2.443
2.480
2.907
2.676
2.082
2.183
2.095
2.331
2.565
2.320
1.536
1.730
1.854
1.539
1.603
1.606
1.373
1.665
1.509
2.158
2.323
2.268
2.175
2.210
2.187
1.942
2.076
1.895
1.626
1.853
1.735
1.626
1.750
1.777
1.954
1.972
1.849
2.183
2.412
2.131
2.915
2.839
2.705
1.572
1.570
1.591
2.853
2.869
2.827
2.088
2.098
2.077
2.414
2.783
2.560
3.055
3.119
3.097
1.929
2.068
2.020
0.765
0.945
0.843
2.192
2.183
2.229
1.599
1.671
1.993
2.052
2.136
2.070
1.668
1.692
1.721
0.798
0.961
0.883
1.732
1.832
1.705
2.852
2.986
2.913
1.563
1.661
1.470
1.913
2.006
1.967
3.109
3.068
2.847
2.216
2.584
2.375
2.687
2.822
2.770
1.756
2.001
2.083
2.394
2.537
2.409
1.060
1.075
0.984
1.949
1.959
1.944
2.077
2.197
1.981
2.101
2.164
2.063
1.864
1.978
1.960
1.982
2.224
2.138
1.734
1.904
1.644
1.978
2.162
2.120
1.862
1.882
1.715
1.408
1.433
1.460
1.696
1.988
1.695
2.446
2.358
2.107
0.998
1.281
1.149
1.362
1.389
1.269
1.569
1.607
1.620
1.483
1.669
1.451
2.262
2.308
2.220
2.432
2.482
2.371
1.526
1.603
1.538
1.225
1.382
1.251
2.029
2.126
1.957
1.920
1.959
1.769
1.041
0.987
0.871
1.306
1.634
1.415
1.846
2.116
2.064
2.028
2.262
2.209
1.816
1.909
1.770
1.426
1.526
1.371
1.834
1.861
1.794
2.098
2.190
2.104
3.022
3.114
3.045
1.127
1.236
1.139
2.816
2.864
2.807
1.996
2.162
2.047
1.654
1.688
1.709
1.461
1.448
1.458
1.933
1.965
1.800
1.387
1.519
1.450
1.735
1.812
1.748
2.285
2.355
2.373
1.718
1.866
1.793
2.848
2.850
2.577
1.160
1.217
1.171
1.820
1.805
1.850
2.458
2.498
2.187
1.737
1.839
1.754
1.310
1.321
1.286
2.048
2.090
2.039
0.728
1.003
0.913
1.907
1.903
1.873
1.710
1.777
1.701
2.280
2.316
2.258
2.079
2.091
2.061
1.352
1.481
1.406
1.179
1.315
1.171
1.461
1.595
1.324
1.342
1.417
1.426
1.769
1.886
1.799
1.846
1.903
1.701
1.427
1.519
1.387
1.976
2.131
1.986
1.134
1.300
1.262
0.791
0.900
0.741
2.341
2.614
2.427
1.266
1.456
1.378
0.972
1.037
1.028
0.795
1.013
0.798
1.336
1.412
1.457
0.718
0.878
0.789
1.663
1.662
1.681
2.003
2.034
1.941
0.881
1.022
0.990
1.428
1.502
1.505
2.243
2.361
2.320
1.827
1.933
1.939
1.330
1.438
1.410
1.200
1.353
1.283
0.736
0.955
0.831
1.338
1.561
1.438
1.712
1.755
1.737
1.156
1.271
1.249
2.163
2.264
2.216
1.720
2.346
1.688
1.397
1.427
1.328
1.375
1.617
1.442
1.300
1.401
1.289
2.567
2.548
2.575
1.744
1.725
1.725
1.686
1.796
1.726
1.450
1.491
1.149
1.081
1.291
1.196
1.964
2.149
2.018
1.170
1.365
1.209
1.015
1.395
1.105
3.316
3.342
3.148
1.515
1.780
1.660
1.659
1.667
1.489
1.087
1.406
1.297
2.755
2.841
2.541
1.519
1.976
2.088
1.886
1.915
1.787
2.099
2.252
2.187
2.118
2.356
2.156
2.187
2.227
2.199
1.403
1.628
1.306
2.590
2.762
2.546
1.557
1.746
1.624
1.611
1.785
1.651
1.821
2.040
1.930
1.351
1.563
1.440
1.024
0.977
0.942
1.537
1.489
1.440
1.207
1.291
1.263
1.589
1.627
1.538
1.685
2.120
1.675
1.495
1.504
1.392
1.265
1.369
1.238
1.109
1.294
0.982
0.969
1.117
1.055
1.337
1.366
1.371
1.261
1.416
1.304
2.072
2.111
2.024
1.202
1.389
1.310
1.382
1.531
1.374
2.587
2.726
2.673
1.159
1.405
1.229
1.381
1.443
1.437
1.699
1.803
1.769
1.281
1.302
1.316
1.320
1.386
1.299
1.439
1.478
1.447
1.137
1.306
1.186
2.381
2.389
2.256
1.433
1.632
1.548
2.669
3.279
2.624
1.947
2.073
1.996
2.878
3.033
2.912
2.155
2.137
2.054
1.707
1.717
1.586
1.677
1.772
1.675
2.276
2.340
2.212
0.405
0.497
0.298
0.844
0.913
0.802
1.696
1.948
1.998
1.475
1.770
1.504
1.573
1.640
1.539
1.658
1.805
1.734
1.605
1.659
1.492
2.859
3.020
2.965
2.166
2.305
2.256
1.784
1.881
1.761
1.039
1.501
1.133
1.874
1.925
1.768
1.118
1.254
1.208
1.778
1.868
1.804
1.991
2.514
2.166
1.306
1.548
1.420
1.529
1.646
1.916
1.799
1.854
1.853
1.676
1.802
1.716
2.322
2.336
2.278
1.200
1.442
1.298
1.595
1.722
1.698
2.035
2.088
2.046
1.901
1.983
1.950
2.336
2.952
3.075
2.624
2.697
2.627
1.784
1.955
1.843
1.447
2.239
1.516
1.635
1.857
1.675
1.498
1.603
1.591
1.786
1.866
1.799
1.626
1.791
1.707
2.136
2.418
2.391
1.362
1.496
1.399
0.506
0.798
0.657
1.332
1.472
1.347
1.915
2.003
1.990
1.784
2.008
1.548
1.917
2.220
2.052
1.642
2.337
2.322
1.939
2.081
1.780
0.781
1.266
0.953
1.122
1.194
1.151
1.468
1.758
1.600
1.819
1.865
1.747
1.854
2.017
1.856
1.218
1.235
1.188
1.234
1.335
1.273
1.540
1.726
1.519
1.755
1.708
1.753
2.331
2.337
2.345
2.029
2.037
2.050
1.662
1.955
1.791
1.731
1.951
1.817
0.840
1.043
0.951
1.067
1.096
1.098
2.106
2.134
2.121
1.331
1.383
1.318
1.448
1.547
1.512
0.849
0.847
0.375
1.245
1.307
1.306
1.476
1.570
1.397
1.020
1.376
1.428
1.014
1.057
0.940
1.896
1.886
1.881
2.882
3.089
3.162
2.278
2.402
2.291
1.289
1.419
1.273
2.210
2.397
2.201
2.230
2.362
2.252
1.521
1.620
1.606
1.521
1.760
1.725
1.798
1.899
1.869
1.203
1.379
1.366
2.957
2.941
2.937
1.940
2.078
1.999
1.428
1.664
1.508
1.393
1.376
1.331
1.760
1.910
1.815
1.683
1.790
1.707
2.120
2.268
2.158
1.507
1.575
1.442
4.320
4.379
4.406
1.566
1.625
1.568
1.291
1.499
1.323
2.392
2.434
2.420
1.264
1.317
1.303
1.862
1.990
1.912
2.153
2.169
2.171
2.032
2.145
2.100
0.753
0.997
0.789
2.770
3.004
2.765
1.645
1.758
1.688
2.485
2.532
2.513
1.904
1.997
2.346
2.508
2.562
2.552
1.051
1.154
1.107
2.387
2.406
2.353
1.315
1.420
1.213
1.983
2.000
1.927
3.680
3.693
3.732
0.989
1.039
0.970
1.086
1.339
1.207
1.582
1.775
1.622
1.630
1.741
1.704
1.439
1.433
1.451
2.277
2.312
2.152
2.956
2.999
2.928
1.626
1.591
1.764
1.237
1.614
1.420
1.658
1.813
1.742
0.807
0.992
0.877
1.867
1.897
1.878
2.896
2.889
2.807
1.708
1.869
1.723
1.178
1.324
1.186
1.907
2.050
1.956
1.427
1.545
1.490
1.580
1.661
1.418
2.050
1.938
2.032
1.547
1.572
1.581
1.547
1.581
1.570
1.397
1.499
1.334
2.300
2.395
2.313
0.876
1.117
0.911
2.028
2.188
2.035
1.290
1.331
1.228
1.426
1.446
1.329
1.351
1.501
1.390
1.204
1.292
1.230
1.204
1.292
1.230
1.202
1.385
1.314
2.338
2.397
2.316
2.284
2.356
2.322
1.815
1.920
1.879
1.584
1.783
1.666
1.002
1.125
1.285
1.728
1.971
1.648
1.395
1.343
1.409
1.301
1.548
1.364
1.463
1.580
1.518
2.807
2.970
2.912
2.140
2.505
2.277
1.599
1.651
1.724
1.151
1.195
1.042
1.947
2.298
1.983
2.302
2.273
2.234
2.890
2.961
2.890
1.268
1.495
1.339
1.361
1.459
1.224
1.857
1.928
1.867
1.035
1.111
0.918
1.771
2.042
1.836
1.157
1.266
1.190
1.404
1.329
1.124
2.118
2.246
2.130
1.165
1.661
1.436
1.042
1.192
1.039
0.999
1.138
1.035
0.774
0.867
0.882
2.001
2.321
2.127
1.806
1.865
1.754
1.231
1.238
1.049
1.524
1.555
1.279
1.521
1.524
1.414
1.934
2.012
1.986
1.497
1.510
1.342
2.934
3.400
2.871
2.104
2.266
2.201
1.902
1.891
1.911
1.359
1.419
1.444
2.271
2.531
2.361
1.699
1.810
1.799
1.121
1.205
1.106
2.145
2.306
2.169
1.307
1.482
1.349
2.361
2.300
2.354
1.228
1.416
1.316
1.537
1.601
1.569
1.209
1.306
1.226
2.434
2.537
2.484
2.859
2.995
2.903
1.893
1.960
1.844
2.198
2.480
2.428
1.975
2.170
2.142
3.465
3.499
3.439
1.708
1.965
1.808
0.842
1.146
0.999
2.888
3.150
3.338
1.058
1.192
0.987
1.476
1.645
1.479
0.971
1.007
0.852
2.301
2.315
2.105
2.261
2.377
1.912
1.865
2.070
1.927
1.693
1.875
1.826
1.680
1.764
1.676
1.221
1.335
1.283
1.228
1.451
1.311
2.375
2.368
2.309
1.853
1.916
1.855
1.452
1.661
1.542
1.548
1.602
1.576
0.858
1.085
0.916
0.768
0.753
0.627
0.956
1.100
1.024
2.008
2.174
2.092
3.479
3.583
3.433
1.423
1.581
1.419
1.547
1.552
1.367
1.676
1.885
1.769
1.447
1.569
1.482
1.443
1.855
1.459
0.962
0.928
1.244
2.543
2.619
2.540
3.170
3.080
3.080
1.735
1.790
1.789
1.642
1.842
1.725
1.735
1.780
1.684
2.685
2.728
2.681
1.903
2.241
2.027
1.257
1.440
1.365
1.855
1.850
1.851
1.157
1.427
1.226
1.330
1.334
1.316
2.226
2.341
2.265
2.146
2.232
2.217
2.634
2.935
2.844
1.642
1.699
1.632
1.642
1.699
1.632
4.133
4.322
4.182
1.100
1.171
1.103
2.426
2.573
2.521
1.232
1.376
1.190
1.427
1.485
1.442
1.673
1.734
1.726
1.664
1.753
1.679
1.709
1.847
1.744
1.435
1.571
1.436
2.846
3.011
2.927
2.113
2.220
2.104
1.481
1.506
1.490
1.499
1.708
1.564
2.765
2.807
2.787
3.506
3.519
3.467
1.232
1.376
1.190
0.967
1.250
1.051
2.008
2.121
2.046
2.427
2.478
2.360
2.035
2.005
2.017
1.269
1.182
1.263
2.094
2.084
1.946
1.218
1.357
1.292
1.674
1.601
1.642
2.035
2.352
2.050
1.579
1.669
1.685
0.821
0.913
0.868
2.212
2.291
2.293
2.012
2.196
2.046
3.488
3.596
3.561
1.110
1.236
1.084
1.740
1.778
1.757
1.924
2.098
2.002
1.944
2.014
2.017
2.103
2.213
2.191
1.817
1.971
1.918
1.768
1.941
1.922
1.087
1.196
1.095
1.584
1.632
1.615
0.721
0.717
0.585
2.195
2.236
2.204
1.643
1.755
1.601
2.382
2.450
2.421
2.086
2.170
2.133
1.198
1.428
1.347
1.547
1.535
1.521
1.580
1.634
1.583
2.325
2.425
2.225
1.533
1.776
1.634
2.435
2.473
2.296
1.779
1.939
1.794
2.547
2.643
2.554
2.116
2.246
2.178
1.448
1.538
1.593
1.716
1.790
1.817
1.566
1.656
1.439
1.486
1.577
1.550
2.030
2.159
2.021
1.751
1.868
1.735
1.828
1.935
1.975
1.792
1.723
1.702
1.279
1.406
1.319
0.878
0.916
0.480
1.252
1.360
1.442
1.433
1.545
1.486
2.121
2.259
2.176
0.847
1.081
0.868
2.205
2.426
2.355
2.520
2.614
2.678
2.509
2.576
2.675
2.948
3.127
3.031
1.489
1.649
1.542
2.080
2.203
2.079
1.285
1.458
1.464
1.489
1.498
1.410
1.084
1.350
1.190
2.162
2.184
2.189
1.143
1.658
1.386
1.364
1.364
1.259
1.720
1.787
1.701
2.655
2.844
2.586
1.089
1.225
1.197
1.793
2.067
1.816
1.689
1.595
1.585
1.584
1.652
1.628
1.934
2.115
1.984
1.575
1.633
1.643
1.727
1.770
1.733
1.902
2.105
1.976
1.290
1.410
1.435
1.233
1.439
1.287
1.894
1.998
1.957
1.509
1.583
1.566
1.168
1.180
1.189
1.322
1.689
1.414
1.851
1.931
1.919
1.717
1.844
1.747
2.911
3.024
3.028
1.550
1.755
1.693
3.099
3.217
3.209
1.544
1.647
1.582
2.456
3.073
2.527
2.530
3.636
2.865
0.943
1.057
1.023
2.097
2.285
2.230
2.197
2.203
2.157
2.806
2.830
2.871
2.604
2.656
2.583
1.351
1.597
1.347
1.682
1.747
1.735
1.365
1.523
1.407
1.089
1.248
1.140
1.131
1.295
1.206
2.001
2.115
2.008
2.105
1.947
1.916
1.533
1.755
1.680
0.974
1.183
1.048
1.214
1.274
1.249
0.883
1.389
1.023
1.925
2.004
1.931
2.375
2.449
2.380
2.258
2.725
2.721
1.398
1.472
1.404
1.600
1.915
1.646
2.273
2.611
2.430
1.412
1.414
1.357
2.732
2.805
2.781
2.802
2.940
2.528
1.139
1.322
1.193
1.984
1.887
1.698
1.468
1.762
1.630
1.639
1.651
1.578
1.318
1.504
1.323
3.175
3.145
3.149
1.831
1.846
1.585
2.142
2.239
2.219
1.662
2.085
1.863
1.562
1.615
1.581
1.685
1.807
1.770
1.350
1.487
1.281
1.368
1.622
1.341
1.776
1.740
1.664
0.985
1.319
1.113
1.092
1.220
1.186
2.263
2.243
2.300
1.485
1.597
1.466
2.009
2.136
2.054
1.343
1.570
1.411
1.548
1.595
1.566
2.340
2.380
2.370
2.346
2.327
2.082
2.038
2.234
2.143
1.581
1.823
1.684
0.739
0.737
0.729
1.431
1.534
1.437
1.103
1.301
1.163
1.379
1.437
1.464
1.429
1.555
1.429
1.207
1.553
1.356
2.377
2.366
2.101
1.296
1.342
1.261
2.812
2.834
2.747
1.564
1.718
1.696
1.682
1.771
1.718
1.781
1.916
1.798
2.013
1.977
1.973
1.743
1.806
1.768
1.505
1.572
1.374
1.288
1.498
1.296
1.288
1.498
1.296
2.255
2.337
2.313
1.204
1.259
1.214
1.482
1.511
1.551
1.019
1.052
0.923
0.901
1.054
0.936
1.544
1.803
1.464
0.393
0.360
0.330
2.129
2.123
2.082
1.183
1.394
1.135
1.341
1.484
1.337
1.611
1.697
1.675
1.987
2.173
2.119
1.319
1.404
1.335
0.816
0.970
0.921
0.724
0.829
0.810
1.419
1.619
1.589
2.319
2.200
2.206
1.977
2.127
1.876
1.256
1.466
1.335
0.949
1.147
1.033
1.626
1.796
1.660
1.992
2.056
1.945
2.387
2.416
2.341
1.667
1.917
1.711
2.157
2.194
2.191
2.104
2.185
2.094
1.274
1.483
1.445
1.399
1.665
1.481
1.228
1.507
1.379
1.181
1.312
1.210
1.817
1.996
1.920
2.508
2.547
2.598
1.773
1.936
1.648
0.929
1.158
1.049
0.427
0.423
0.382
0.930
1.076
0.898
0.930
1.076
0.898
2.750
2.905
2.851
2.264
2.583
2.509
1.947
2.269
1.876
2.003
2.143
2.113
1.396
1.777
1.549
1.153
1.177
1.065
2.010
1.881
1.685
1.101
1.293
1.174
1.074
1.298
1.145
1.599
1.611
1.652
1.347
1.487
1.374
1.854
2.239
2.170
1.204
1.354
1.248
1.552
1.541
1.543
1.109
1.191
1.122
1.763
1.831
1.730
1.432
1.456
1.476
1.465
1.552
1.557
2.289
2.504
2.383
1.536
1.600
1.576
0.887
1.191
1.068
1.730
1.618
1.670
1.095
1.251
1.194
1.602
1.722
1.629
1.889
1.988
1.834
1.720
1.857
1.723
2.092
2.188
2.166
1.048
1.065
1.031
1.291
1.507
1.312
1.499
1.628
1.576
1.284
1.515
1.282
1.566
1.654
1.615
1.250
1.342
1.270
1.032
1.217
1.048
2.017
2.188
2.126
1.260
1.282
1.246
1.324
1.369
1.324
1.451
1.543
1.482
0.914
1.001
0.895
1.492
1.598
1.502
1.462
1.569
1.373
1.371
1.601
1.314
1.094
1.203
1.103
1.829
1.919
1.751
0.655
0.696
0.692
1.143
1.271
1.156
2.399
2.436
2.410
2.318
2.457
2.371
1.542
1.803
1.603
2.273
2.280
2.312
1.702
1.710
1.732
0.952
1.099
1.027
2.607
2.706
2.579
1.211
1.503
1.331
2.632
2.698
2.634
1.126
1.273
1.215
1.205
1.250
1.166
1.621
1.810
1.667
1.516
2.225
1.704
2.230
2.265
2.222
2.170
2.263
2.200
1.610
1.631
1.507
1.724
1.860
1.822
1.270
1.326
1.292
1.616
1.619
1.541
2.883
2.920
2.730
0.793
0.878
0.847
1.985
1.913
1.846
2.851
2.881
3.025
2.136
2.184
2.071
2.751
2.734
2.733
0.868
0.859
0.779
1.222
1.486
1.501
0.487
0.800
0.685
1.844
1.975
2.084
1.778
1.830
1.832
0.655
0.925
0.800
0.655
0.925
0.800
1.119
1.322
1.213
1.403
1.508
1.279
0.721
0.737
0.673
1.621
1.557
1.446
1.665
1.727
1.691
2.389
2.582
2.502
2.389
2.635
2.502
1.303
1.289
1.241
2.796
2.848
2.827
2.263
2.272
2.316
1.954
2.206
1.938
2.213
2.271
2.214
1.287
1.353
1.239
1.878
2.242
2.125
2.351
2.315
2.410
0.790
1.122
0.936
1.151
1.406
1.173
1.347
1.386
1.412
1.754
1.993
1.939
1.431
1.692
1.422
2.445
2.503
2.318
2.455
2.602
2.490
1.645
1.637
1.574
1.989
2.030
1.999
2.484
2.480
2.429
3.122
3.349
3.230
1.586
1.903
1.821
1.828
1.994
1.654
2.660
2.678
2.675
1.240
1.267
1.219
1.804
1.872
1.834
1.298
1.380
1.355
1.435
1.485
1.414
1.998
1.992
1.905
0.734
0.827
0.627
1.329
1.459
1.380
2.723
2.820
2.841
1.113
1.305
1.153
1.702
1.467
1.572
1.674
1.855
1.632
2.323
2.604
2.415
2.198
2.374
2.255
1.363
1.591
1.523
1.167
1.259
1.206
1.381
1.619
1.477
1.984
2.093
2.054
2.851
2.844
2.907
1.583
1.684
1.542
1.276
1.503
1.369
2.298
2.289
2.135
2.755
2.812
2.775
2.418
2.485
2.458
0.949
1.117
0.983
1.959
2.001
2.039
0.978
1.198
1.579
2.180
2.257
2.377
1.579
1.726
1.511
1.780
1.895
1.858
2.389
2.595
2.421
0.615
0.665
0.426
1.744
1.794
1.704
1.052
1.113
1.085
1.339
1.431
1.359
2.336
2.433
2.391
2.203
2.258
2.202
1.194
1.338
1.310
1.007
1.016
0.813
1.826
1.840
1.871
2.121
2.311
2.179
1.897
1.966
1.876
1.561
1.638
1.498
1.641
1.962
1.696
1.296
1.382
1.261
2.057
2.147
2.077
1.755
1.823
1.735
1.528
1.683
1.552
1.583
2.163
2.001
0.878
1.222
1.054
1.116
1.379
1.182
2.266
2.346
2.295
1.834
1.866
1.826
1.783
1.884
1.707
1.196
1.295
1.183
1.504
1.533
1.657
1.638
1.751
1.657
1.108
1.217
1.074
1.996
2.110
2.064
1.992
1.900
1.955
2.224
2.222
2.231
1.249
1.274
1.217
1.487
1.528
1.511
1.609
1.859
1.885
2.421
2.441
2.387
0.883
1.099
1.001
1.572
1.641
1.580
1.976
2.074
2.160
1.400
1.712
1.616
1.907
2.034
2.012
1.907
2.114
2.097
1.088
1.490
1.337
1.894
2.355
2.322
1.751
1.784
1.802
1.332
1.355
1.309
2.246
2.750
2.644
1.909
1.927
1.646
1.403
1.402
1.385
2.470
2.648
2.420
1.150
1.267
1.179
0.588
0.799
0.729
2.040
2.159
2.175
1.829
2.227
2.201
1.252
1.325
1.207
0.760
1.043
0.914
2.400
2.416
2.420
1.486
1.599
1.549
1.212
1.421
1.209
2.034
2.066
2.090
1.535
1.672
1.652
0.970
1.241
1.138
0.521
1.038
0.680
1.193
1.239
1.191
1.542
1.796
1.626
2.190
2.368
2.226
1.753
1.758
1.829
1.238
1.391
1.315
1.394
1.550
1.401
2.120
2.246
2.183
1.288
1.436
1.273
1.332
1.476
1.392
1.242
1.383
1.299
1.934
2.071
1.946
2.060
2.130
2.026
1.310
1.286
1.167
2.449
2.382
2.251
1.283
1.455
1.351
1.596
1.914
1.847
1.989
2.161
1.938
1.412
1.382
1.375
1.412
1.559
1.494
1.853
1.867
1.846
1.490
1.683
1.477
0.920
0.996
0.964
1.326
1.332
1.302
1.640
1.847
1.686
2.519
2.723
2.472
2.278
2.390
2.284
1.790
1.939
1.891
1.079
1.532
1.126
0.699
0.903
0.812
1.131
1.215
1.156
1.099
1.149
1.142
1.360
1.838
1.360
1.967
1.942
1.905
1.388
1.474
1.317
1.144
1.402
1.291
0.765
0.721
0.587
1.336
1.664
1.409
0.727
1.255
0.832
1.363
1.420
1.386
1.105
1.215
1.214
0.830
0.918
0.848
1.734
1.869
1.782
0.790
1.077
0.830
1.613
1.696
1.563
1.063
1.372
1.170
1.196
1.213
1.380
1.656
1.995
1.848
0.856
0.882
0.700
1.681
1.732
1.534
1.643
1.696
1.677
1.707
1.799
1.555
1.643
1.722
1.664
1.473
1.582
1.342
0.690
0.783
0.724
1.793
2.249
1.901
1.937
2.036
1.954
1.865
1.719
1.724
1.392
1.703
1.347
1.694
1.766
1.674
1.684
1.795
1.666
2.884
3.097
2.975
1.303
1.385
1.332
1.698
1.795
1.670
1.052
1.017
1.009
2.132
2.210
2.002
1.205
1.566
1.257
1.067
1.254
0.985
3.063
3.214
3.109
2.085
2.119
2.054
2.453
2.632
2.492
1.859
1.916
1.783
1.060
1.125
1.074
1.572
1.569
1.554
1.978
2.018
1.959
1.628
1.985
1.543
0.890
0.917
0.897
1.268
1.469
1.457
3.936
4.122
3.969
1.581
1.794
1.552
2.048
2.074
2.344
2.464
2.457
2.263
1.331
1.517
1.451
1.131
1.296
1.087
1.106
1.282
1.199
1.477
1.585
1.522
1.745
1.943
1.964
1.292
1.380
1.360
1.265
1.362
1.314
0.988
1.271
1.134
1.158
1.368
1.121
2.341
2.555
2.468
0.923
0.959
0.934
1.288
1.360
1.298
2.363
2.542
2.458
1.052
1.024
0.967
1.813
1.992
1.839
1.376
1.826
1.587
1.376
1.513
1.314
1.270
1.385
1.226
0.904
1.157
1.040
1.525
1.629
1.418
1.238
1.293
1.271
1.469
1.462
1.451
2.406
2.422
2.302
1.077
1.276
1.218
2.036
2.237
2.107
0.779
1.336
1.056
1.539
1.650
1.587
2.262
2.294
2.225
0.846
0.970
0.849
1.321
1.439
1.453
2.086
2.230
2.254
1.609
1.678
1.596
1.438
1.585
1.525
1.887
1.924
1.811
2.497
2.508
2.480
2.431
2.475
2.382
1.881
1.951
1.915
1.584
1.708
1.613
1.721
1.766
1.799
1.764
2.071
1.900
1.283
1.318
1.269
2.006
2.121
2.076
1.031
1.094
1.071
1.788
1.870
1.741
1.550
1.549
1.596
1.969
2.066
2.019
1.289
1.556
1.411
1.144
1.402
1.291
2.314
2.467
2.412
1.497
1.504
1.358
1.615
1.633
1.543
2.093
2.140
2.098
1.466
1.535
1.401
1.162
1.435
1.275
1.014
1.111
1.044
1.362
1.494
1.319
1.641
1.851
1.791
1.271
1.362
1.359
1.430
1.643
1.312
1.038
1.180
1.158
1.739
1.887
1.727
1.278
1.338
1.259
1.745
1.793
1.765
1.417
1.772
1.565
1.059
1.131
1.089
1.729
1.575
1.600
0.834
0.997
0.941
1.750
1.843
1.788
3.198
3.361
3.231
0.955
1.033
1.046
1.783
1.933
1.743
1.876
1.815
1.808
2.010
2.059
2.043
1.731
1.722
1.697
1.362
1.511
1.455
1.068
1.262
1.117
1.355
1.338
1.143
0.954
1.019
0.875
4.036
4.162
4.087
2.320
2.249
2.239
1.649
1.713
1.646
0.666
0.723
0.681
1.128
1.271
1.075
1.007
1.269
1.007
1.007
1.251
1.007
1.511
1.586
1.497
1.215
1.239
1.191
1.183
1.363
1.238
1.350
1.497
1.307
2.528
2.645
2.501
1.926
1.956
1.791
1.716
1.847
1.618
1.270
1.358
1.287
2.580
2.705
2.585
2.173
2.246
2.232
2.214
2.271
1.914
2.183
2.100
2.215
1.378
1.287
1.238
1.043
1.274
1.147
3.323
3.259
3.269
0.744
1.210
0.874
1.763
1.738
1.694
0.995
1.055
1.032
0.976
1.071
1.028
0.886
1.186
0.981
2.197
2.261
2.281
3.159
3.078
3.239
1.803
1.894
1.594
2.480
2.577
2.493
1.835
2.087
1.912
1.615
1.736
1.723
1.765
1.824
1.867
1.146
1.215
1.133
1.480
1.459
1.383
2.067
2.334
2.115
1.604
1.799
1.680
1.160
1.331
1.202
1.514
1.694
1.614
1.326
1.366
1.357
1.251
1.219
1.045
1.299
1.514
1.384
1.304
1.382
1.318
1.379
1.613
1.399
1.502
1.549
1.529
1.580
1.645
1.469
1.342
1.335
1.212
1.447
1.498
1.294
2.430
2.523
2.388
1.519
1.615
1.500
1.422
1.581
1.463
2.236
2.306
2.273
0.927
1.215
1.158
1.118
1.159
1.140
1.897
1.789
1.887
1.832
1.926
1.828
1.268
1.400
1.332
1.436
1.578
1.333
2.026
2.124
2.027
1.620
1.734
1.672
1.662
1.562
1.546
1.149
1.254
1.190
2.387
2.476
2.390
1.075
1.157
1.048
1.618
1.831
1.585
1.029
1.128
1.032
0.974
0.974
1.243
1.291
1.327
1.202
1.144
1.316
1.231
2.233
2.258
2.315
0.641
0.787
0.741
1.794
1.803
1.737
0.836
0.767
0.810
1.136
1.309
1.119
1.974
2.075
2.033
3.406
3.337
3.313
2.126
2.146
2.143
1.548
1.717
1.620
2.705
2.845
2.763
1.214
1.367
1.314
1.579
2.253
1.407
0.977
0.952
0.834
1.021
1.151
1.021
0.948
0.936
0.913
2.615
2.730
2.527
1.815
1.958
1.838
1.205
1.294
1.193
2.156
2.278
2.108
1.309
1.361
1.307
1.157
1.221
1.110
1.636
1.851
1.657
1.521
1.761
1.629
1.235
1.331
1.153
0.978
1.322
1.107
2.022
2.021
1.833
0.902
1.198
1.011
1.415
1.488
1.463
1.488
1.471
1.421
1.238
1.324
1.173
2.799
3.005
2.855
2.214
2.343
2.229
1.819
1.834
1.694
2.061
2.072
2.080
1.804
1.905
1.841
1.512
1.597
1.547
2.146
2.232
2.171
1.717
1.828
1.776
2.568
2.621
2.568
1.006
1.025
0.925
1.933
1.932
1.919
2.482
2.559
2.431
1.446
1.875
1.749
2.079
2.190
2.136
1.978
2.250
2.074
1.041
1.073
0.982
1.046
1.047
1.033
1.246
1.406
1.282
2.878
2.905
2.831
1.472
1.528
1.482
2.335
2.580
2.245
0.995
1.159
1.084
1.515
1.525
1.206
2.348
2.410
2.359
1.137
1.570
1.608
1.413
1.469
1.377
2.099
2.603
2.477
2.381
2.377
2.318
2.063
2.303
2.018
1.539
1.626
1.573
1.664
2.255
1.966
0.797
0.812
0.880
2.183
2.210
2.113
1.371
1.386
1.334
1.103
1.209
1.119
1.155
1.503
1.753
2.687
2.769
2.708
1.391
1.418
1.398
1.993
2.129
2.117
1.706
1.728
1.664
2.264
2.535
2.439
1.659
1.692
1.708
2.573
2.657
2.557
1.791
1.883
1.633
1.596
1.870
1.769
1.021
1.223
1.126
1.115
1.681
1.238
0.963
1.109
0.953
4.151
4.149
4.150
1.325
1.394
1.235
2.160
2.246
2.127
2.249
2.242
2.211
2.628
2.593
2.612
1.566
1.951
1.887
2.109
2.250
2.086
1.230
1.463
1.390
1.838
1.895
1.764
1.055
1.292
1.160
1.853
2.307
1.968
1.609
1.707
1.667
1.369
1.472
1.408
1.357
1.617
1.424
1.441
1.522
1.374
1.520
1.603
1.562
1.248
1.389
1.310
0.771
0.923
0.882
1.365
1.523
1.365
1.743
1.757
1.657
1.848
1.967
1.840
1.201
1.248
1.200
1.633
1.675
1.626
1.260
1.408
1.328
1.146
1.236
1.087
1.697
1.753
1.703
1.179
1.267
1.120
1.496
1.610
1.512
1.715
1.819
1.725
1.948
2.016
1.940
1.995
2.037
1.939
1.889
1.916
1.942
1.851
1.918
1.958
1.101
1.267
1.144
1.420
1.716
1.321
1.532
1.532
1.403
1.147
1.213
1.157
1.843
2.103
1.941
1.925
2.293
2.255
1.898
2.142
1.840
1.880
2.051
1.856
0.993
1.106
0.842
2.142
2.098
2.132
1.619
1.675
1.562
1.686
1.689
1.351
1.227
1.702
1.379
1.863
1.909
1.993
2.636
2.900
2.742
2.636
2.900
2.742
1.488
1.596
1.462
1.832
1.878
1.880
0.993
1.122
1.025
2.483
2.510
2.503
2.005
2.136
2.060
1.088
1.197
1.095
3.097
3.161
3.126
1.850
2.044
1.974
1.434
1.504
1.198
2.840
2.924
2.888
2.542
2.739
2.684
1.360
1.432
1.221
1.564
1.713
1.621
2.206
2.316
2.216
1.280
1.443
1.374
1.915
1.947
1.918
1.619
1.802
1.738
2.186
2.234
2.102
1.532
1.595
1.496
1.190
1.324
1.194
0.908
1.264
1.071
1.045
1.725
1.183
1.894
2.140
2.066
2.063
2.303
2.206
2.527
2.597
2.567
1.406
1.450
1.362
1.582
1.668
1.561
1.382
1.507
1.206
1.489
1.655
1.590
0.955
1.370
1.033
1.289
1.394
1.361
0.955
0.973
0.966
1.022
1.165
0.875
1.221
1.415
1.514
1.071
1.274
1.137
0.849
0.779
0.513
1.973
2.105
2.034
1.621
1.712
1.683
0.892
1.053
0.944
1.739
1.736
1.647
1.749
2.012
1.854
1.006
1.535
0.854
1.208
1.541
1.411
2.442
2.433
2.374
2.334
2.491
2.459
2.771
2.853
2.754
1.427
1.364
1.085
0.932
0.992
0.964
2.450
2.533
2.306
1.739
1.787
1.759
2.928
2.938
2.962
1.225
1.322
1.165
1.368
1.480
1.441
1.169
1.368
1.199
3.042
2.979
2.806
1.777
1.934
1.826
1.038
1.314
1.096
1.038
1.327
1.096
1.368
1.677
1.399
0.958
1.063
1.014
1.242
1.242
1.166
1.443
1.554
1.385
1.443
1.542
1.385
1.277
1.328
1.274
0.957
1.254
1.094
3.763
4.043
3.978
1.385
1.526
1.426
1.393
1.454
1.296
1.554
1.643
1.607
2.229
2.301
2.278
2.101
2.165
2.092
0.797
1.008
0.866
1.003
1.034
0.987
0.849
0.953
0.935
1.602
1.726
1.460
1.619
1.731
1.575
1.699
1.771
1.787
1.310
1.394
1.338
1.969
2.062
2.053
1.126
1.129
0.952
1.404
1.455
1.408
1.810
1.826
1.805
1.845
1.975
1.936
0.945
1.000
0.856
1.747
1.753
1.721
1.804
1.838
1.786
1.834
2.078
2.015
0.882
1.262
0.988
1.738
1.801
1.789
1.181
1.230
1.156
1.771
1.826
1.822
1.666
1.830
1.647
1.137
1.268
1.219
2.777
2.802
2.756
1.851
1.821
1.721
1.202
1.285
1.175
2.468
2.535
2.530
2.827
2.854
2.655
1.733
1.895
1.824
1.287
1.284
1.150
2.071
2.307
2.202
1.272
1.301
1.232
1.444
1.540
1.401
4.175
4.219
4.270
1.274
1.430
1.375
1.007
1.106
1.014
1.320
1.347
1.295
1.575
1.655
1.577
1.807
1.936
1.814
1.066
1.106
0.973
2.074
2.279
2.281
1.089
1.162
1.018
1.235
1.453
1.299
1.703
1.838
1.856
1.335
1.461
1.394
0.706
0.990
0.664
1.220
1.437
1.291
1.383
1.530
1.502
1.610
1.694
1.729
1.304
1.428
1.308
1.174
1.290
1.227
2.250
2.170
2.109
1.050
1.182
1.138
1.600
1.767
1.684
2.114
2.100
1.960
1.289
1.398
1.321
0.930
0.997
1.000
1.397
1.560
1.405
1.473
1.488
1.371
1.897
1.877
1.716
1.817
1.897
1.829
1.296
1.550
1.434
1.349
1.364
1.253
1.726
2.039
1.898
1.339
1.419
1.353
2.266
2.313
2.283
1.401
1.364
1.417
2.393
2.539
2.379
2.262
2.347
2.295
0.916
1.035
0.859
1.085
1.274
1.036
2.773
2.847
2.837
1.227
1.649
1.266
2.012
2.180
2.144
2.114
2.149
2.137
0.890
1.042
0.962
1.404
1.613
1.501
1.239
1.631
1.529
1.081
1.107
0.919
2.771
2.764
2.774
2.698
2.722
2.526
2.156
2.137
2.180
1.157
1.358
1.210
1.032
1.210
1.050
1.130
1.519
1.275
2.422
2.503
2.447
1.599
1.800
1.680
2.284
2.394
1.651
1.721
1.938
1.808
1.161
1.391
1.249
0.932
1.190
0.990
1.518
1.713
1.539
1.832
1.961
1.781
0.968
1.049
0.622
2.302
2.358
2.310
2.340
2.527
2.466
2.016
2.086
2.166
2.027
2.132
2.113
1.279
1.339
1.289
1.090
1.397
1.292
1.294
1.702
1.381
2.346
2.512
2.409
2.477
2.544
2.419
1.498
1.956
1.635
1.436
1.637
1.599
1.360
1.506
1.369
1.126
1.174
1.162
1.290
1.557
1.129
1.316
1.531
1.439
1.095
1.247
1.188
1.394
1.503
1.403
0.935
1.574
1.469
1.441
1.588
1.550
0.665
0.720
0.409
1.380
1.438
1.322
1.790
1.878
1.987
2.064
1.972
2.034
1.825
1.843
1.826
0.925
0.900
0.762
1.758
1.786
1.811
0.998
1.117
1.090
2.433
2.477
2.390
1.597
1.819
1.778
0.922
1.195
1.058
1.471
1.572
1.533
1.298
1.405
1.364
2.168
2.174
2.038
1.142
1.526
1.143
1.457
1.651
1.570
3.906
3.946
3.957
1.433
1.894
1.531
2.088
2.118
2.027
1.610
1.360
1.501
1.130
1.288
1.154
2.117
2.319
2.119
1.323
1.771
1.375
1.417
1.646
1.408
2.436
2.455
2.477
1.601
1.803
1.332
3.078
3.107
3.050
1.457
1.664
1.689
1.839
1.836
1.757
1.875
2.130
2.044
1.270
1.292
1.252
1.459
1.577
1.456
1.822
2.066
1.697
1.558
1.671
1.661
1.398
1.400
1.261
1.453
1.568
1.516
1.691
1.824
1.846
1.528
1.665
1.575
1.657
1.850
1.780
1.469
1.529
1.485
2.175
2.341
2.245
1.572
1.700
1.557
1.832
1.817
1.928
2.191
2.104
2.028
0.854
1.027
0.943
2.286
2.309
1.969
0.911
0.960
0.967
1.704
1.770
1.690
1.576
1.811
1.633
1.263
1.377
1.707
1.236
1.514
1.296
1.019
1.201
1.153
1.019
1.405
1.159
1.048
1.170
1.084
1.602
1.671
1.640
0.677
0.900
0.809
1.022
1.495
1.305
1.420
1.643
1.438
1.256
1.308
1.225
1.213
1.237
1.205
2.277
2.525
2.127
1.290
1.513
1.343
2.349
2.392
2.324
0.770
1.024
0.897
1.461
1.656
1.670
1.170
1.490
1.330
2.299
2.327
2.200
1.258
1.421
1.327
1.490
1.781
1.592
2.358
2.545
2.260
1.609
2.070
1.772
1.273
1.345
1.319
0.642
0.901
0.720
1.274
1.262
1.040
1.078
1.150
1.111
1.932
1.944
1.773
1.610
1.636
1.600
1.531
1.548
1.506
1.718
1.853
1.775
0.983
0.931
0.806
1.315
1.458
1.338
1.268
1.377
1.321
1.152
1.162
1.127
1.246
1.340
1.223
0.959
1.062
1.026
1.209
1.290
1.138
1.679
1.749
1.622
0.801
0.883
0.860
2.337
2.332
2.266
0.889
1.026
0.696
1.697
1.738
1.704
1.646
1.673
1.502
1.461
1.565
1.499
1.033
1.278
1.094
1.240
1.258
1.186
1.294
1.498
1.397
1.807
1.941
1.861
1.611
1.833
1.678
1.996
2.253
1.980
0.618
0.894
0.835
1.937
2.129
1.930
1.081
1.383
1.136
1.562
1.724
1.949
1.143
1.204
1.040
0.864
1.079
0.971
1.780
1.927
1.719
1.870
2.026
1.913
1.895
2.032
2.393
2.031
2.166
2.558
1.895
2.032
2.393
2.031
2.166
2.558
2.031
2.166
2.558
1.895
2.032
2.393
1.831
1.962
2.293
0.914
0.874
0.848
1.213
1.357
1.228
1.018
1.237
1.049
1.414
1.380
1.385
1.841
1.882
1.809
3.350
3.339
3.028
1.645
1.743
1.543
1.812
1.951
1.875
2.284
2.329
2.451
2.689
2.604
2.646
1.583
1.543
1.436
1.196
1.283
1.206
2.454
2.629
2.529
2.149
2.369
2.188
0.933
1.045
0.976
2.634
2.577
2.480
1.849
1.838
1.798
1.437
1.767
1.464
1.258
1.453
1.343
1.191
1.390
1.284
2.031
2.018
1.853
0.885
0.892
0.670
0.915
1.006
0.974
1.571
1.797
1.676
1.413
1.681
1.530
1.467
1.679
1.550
0.775
1.031
0.796
1.794
1.804
1.773
2.057
2.181
2.011
2.124
2.128
1.762
2.677
2.808
2.665
1.241
1.320
1.254
1.003
1.063
1.051
1.161
1.278
1.190
1.529
1.528
1.526
1.449
1.568
1.376
1.867
2.008
1.917
0.868
1.791
1.099
2.280
2.429
2.675
0.943
1.059
0.979
1.171
1.251
1.185
0.869
0.988
0.938
1.670
1.869
1.512
1.111
1.232
1.111
1.561
1.639
1.482
1.187
1.350
1.144
1.668
1.811
1.720
1.423
1.545
1.424
1.693
1.674
1.669
1.471
1.573
1.452
1.580
1.656
1.493
2.982
3.059
2.956
1.497
1.585
1.458
1.754
2.006
1.778
1.930
1.982
1.873
1.053
1.292
1.087
1.583
1.631
1.598
2.513
2.573
2.408
1.178
1.225
1.221
1.509
1.527
1.481
1.576
1.645
1.603
1.359
1.407
1.339
1.487
1.471
1.421
1.447
1.658
1.675
1.838
1.926
1.835
1.181
1.283
1.160
0.842
0.897
0.867
2.695
2.810
2.778
4.010
4.103
4.036
1.062
1.228
1.027
1.768
1.916
1.786
1.768
1.938
1.972
0.757
0.777
0.656
1.351
1.471
1.360
1.638
1.688
1.688
2.492
2.486
2.378
1.922
2.094
1.974
1.530
1.959
1.657
1.774
1.803
1.728
1.851
2.016
1.810
1.147
1.380
1.245
1.442
1.529
1.446
1.819
1.867
1.860
1.477
1.435
1.482
1.283
1.305
1.559
1.036
1.418
1.116
1.388
1.485
1.504
1.849
2.052
1.920
1.549
1.594
1.619
1.827
1.934
1.879
3.577
3.645
3.457
1.562
1.656
1.619
1.120
1.290
1.226
1.631
1.691
1.655
1.898
2.082
2.030
2.679
2.525
2.523
1.727
1.784
1.786
1.206
1.294
1.264
1.574
1.592
1.590
1.561
1.825
1.625
1.210
1.608
1.296
2.452
2.560
2.426
2.398
2.420
2.339
3.275
3.308
3.246
0.986
0.898
0.919
2.213
2.370
2.246
1.043
1.183
1.212
2.113
2.212
2.045
1.952
2.026
1.897
1.007
1.039
0.874
1.145
1.173
1.078
1.076
1.176
1.103
1.504
1.667
1.560
1.282
1.364
1.442
1.252
1.312
1.278
4.200
4.195
4.101
1.418
1.632
1.435
1.989
2.151
2.008
1.444
1.451
1.428
2.159
2.047
2.000
2.166
2.220
2.170
1.425
1.465
1.329
2.062
2.205
2.101
1.872
1.975
1.869
1.985
2.094
1.923
1.993
2.099
2.061
1.785
1.956
1.826
1.623
1.603
1.582
1.623
1.623
1.613
1.374
1.532
1.469
1.932
2.109
1.966
2.103
2.315
2.246
1.311
1.419
1.358
1.829
1.998
1.793
1.827
1.890
1.818
1.023
1.195
1.088
1.417
1.611
1.589
1.276
1.483
1.386
1.181
1.544
1.341
1.951
2.100
1.976
1.625
1.649
1.636
1.273
1.327
0.685
1.513
1.679
1.624
1.953
1.991
1.823
0.729
0.887
0.837
0.981
1.346
1.134
1.092
1.091
1.082
1.319
1.635
1.402
1.472
1.618
1.546
1.943
2.045
1.955
1.758
1.846
1.777
1.384
1.614
1.328
1.567
1.973
1.703
1.001
1.273
1.005
1.591
1.711
1.579
1.565
1.770
1.676
1.369
1.361
1.069
1.706
1.907
1.717
0.981
1.711
1.173
1.425
1.421
1.358
2.108
2.242
2.174
1.180
1.256
1.205
1.027
1.203
0.984
2.000
2.059
2.044
1.704
1.947
1.862
1.628
1.832
1.981
1.486
1.783
1.592
3.389
3.463
3.381
1.467
1.725
1.628
1.643
2.156
1.767
1.586
1.692
1.582
1.446
1.663
1.671
1.128
1.198
1.119
1.778
1.735
1.564
0.844
0.968
0.880
1.071
1.350
1.128
1.171
1.243
1.173
0.868
1.052
0.903
1.020
1.145
1.104
0.873
0.979
1.053
0.701
0.818
0.769
0.843
1.137
0.771
2.101
2.139
2.029
1.827
1.869
1.848
1.023
1.297
0.984
1.515
1.590
1.527
1.627
1.704
1.670
0.786
0.876
0.630
1.128
1.330
1.127
2.000
2.215
2.083
1.725
1.811
1.646
1.385
1.616
1.471
2.342
2.532
2.404
1.157
1.349
1.235
1.493
1.687
1.625
1.323
1.504
1.363
1.027
1.179
0.999
1.616
1.767
1.677
1.913
2.007
1.923
1.671
1.788
1.614
1.547
1.787
1.559
1.389
1.379
1.324
2.548
3.129
2.569
1.872
1.914
1.845
1.124
1.277
1.035
2.317
2.356
2.378
2.150
2.145
2.133
1.588
1.668
1.605
1.937
2.077
1.854
1.517
1.470
1.380
0.850
0.868
0.831
2.872
3.019
2.799
2.023
1.929
1.771
1.633
1.750
1.546
0.855
1.079
0.911
1.492
1.615
1.542
1.494
2.085
1.487
0.857
1.084
0.999
0.989
1.358
1.033
0.989
1.379
1.145
2.088
2.059
2.116
1.105
1.348
1.207
1.048
1.106
1.067
1.043
1.394
1.038
0.849
1.038
0.923
2.412
2.491
2.429
1.387
1.493
1.415
2.048
2.360
2.182
1.868
1.995
1.900
2.119
2.204
2.081
1.392
1.495
1.404
2.397
2.355
2.355
1.676
1.738
1.702
1.953
2.014
1.871
1.303
1.333
1.198
0.933
0.976
0.945
0.776
1.018
0.811
1.188
1.565
1.414
1.351
1.453
1.326
1.024
1.105
0.940
2.047
2.348
2.177
0.984
1.494
1.114
1.217
1.534
1.725
2.022
2.200
2.026
1.740
1.834
1.831
1.587
1.619
1.532
2.300
2.392
2.352
2.090
2.186
2.220
1.793
1.820
1.840
1.557
1.708
1.592
1.170
1.221
1.151
1.974
2.379
1.945
0.923
1.186
1.043
2.040
2.212
2.152
2.163
2.599
2.245
1.667
1.714
1.708
1.365
1.619
1.504
1.929
2.014
1.949
1.426
1.489
1.421
1.383
1.528
1.404
0.832
0.932
0.726
1.282
1.259
1.472
1.933
2.013
2.011
1.163
1.668
1.055
0.929
1.696
0.595
0.855
0.984
0.849
1.413
1.886
1.305
1.948
2.056
1.829
2.703
2.770
2.701
1.066
1.127
1.041
3.061
3.168
3.102
1.708
1.711
1.657
1.381
1.503
1.403
2.392
2.585
2.436
1.450
1.606
1.533
0.979
1.063
0.988
1.068
1.209
1.141
1.591
1.698
1.347
1.309
1.641
1.397
1.787
2.205
1.968
1.679
1.768
1.728
1.265
1.637
1.751
1.970
2.095
1.977
1.085
1.200
1.140
3.201
3.231
3.223
1.489
1.544
1.451
2.191
2.306
2.201
1.291
1.346
1.330
0.778
0.952
0.925
0.778
0.952
0.925
0.778
0.952
0.925
1.431
1.536
1.380
1.123
1.163
1.082
1.241
1.455
1.241
1.663
1.701
1.648
0.976
1.163
1.063
1.071
1.207
1.121
0.942
1.091
0.945
1.191
1.292
1.184
1.191
1.418
1.336
1.426
1.381
1.198
1.487
2.144
1.600
1.282
1.830
1.375
1.141
1.212
1.372
1.128
1.228
1.171
1.618
1.700
1.640
1.188
1.356
1.205
1.734
1.826
1.772
1.575
1.837
1.767
2.021
2.217
2.109
3.199
3.316
3.005
1.114
1.267
1.192
1.398
1.596
1.448
1.370
1.358
1.133
0.912
1.020
0.690
1.548
1.742
1.600
0.846
1.038
0.929
1.254
1.351
1.305
1.525
1.702
1.495
1.431
1.489
1.477
1.949
2.553
2.046
2.106
2.110
2.076
1.146
1.236
1.167
1.329
2.087
1.214
1.624
1.525
1.561
0.902
1.001
0.803
2.437
2.676
2.474
1.986
2.067
2.057
1.180
1.267
1.199
1.240
1.422
1.276
3.458
3.395
3.487
1.732
1.855
1.649
1.854
1.852
1.854
0.724
0.908
0.743
2.181
2.263
2.087
1.321
1.535
1.345
1.750
1.991
1.790
1.683
2.075
1.795
1.098
1.259
1.083
0.943
0.914
0.900
1.613
1.628
1.588
1.591
1.638
1.456
1.811
1.981
1.927
1.085
1.182
1.111
1.149
1.162
1.010
1.478
1.692
1.634
1.235
1.435
1.319
0.881
1.182
0.871
0.650
0.713
0.650
1.742
1.992
1.721
1.175
1.258
1.186
1.523
1.564
1.771
1.290
1.363
1.291
0.786
1.128
0.820
2.787
2.889
2.822
1.259
1.389
1.343
1.020
1.277
1.128
1.833
2.019
1.894
2.680
2.865
2.677
1.544
1.522
1.385
1.796
1.756
1.872
0.855
0.872
0.871
2.081
2.185
2.193
0.972
1.070
0.981
2.388
2.422
2.461
1.561
1.797
1.639
3.757
3.786
3.721
3.317
3.383
3.479
1.374
1.700
1.418
1.501
1.423
1.360
1.225
1.090
0.822
1.495
1.596
1.492
1.220
1.409
1.261
2.394
2.471
2.379
1.615
1.713
1.621
1.128
1.162
0.960
1.770
1.807
1.498
2.174
2.181
2.092
1.277
1.558
1.365
2.787
2.862
2.824
1.685
1.735
1.726
2.072
2.139
2.039
0.936
1.042
0.974
1.148
1.282
1.099
1.391
1.378
1.411
1.381
1.622
1.459
1.420
1.590
1.486
2.412
2.578
2.521
1.270
1.439
1.204
1.473
1.497
1.437
1.515
1.802
1.774
0.943
1.046
0.973
1.222
1.703
1.103
1.116
1.190
1.033
1.360
1.568
1.448
1.123
1.252
1.189
1.484
1.544
1.490
2.554
2.510
2.526
3.086
3.139
2.770
3.105
3.430
3.296
1.880
2.107
1.823
1.880
2.023
1.829
1.115
1.360
1.204
1.592
1.780
1.573
0.920
1.035
0.897
1.642
1.620
1.520
1.638
1.849
1.723
0.979
1.172
1.090
1.022
1.068
1.004
1.944
1.947
1.896
1.503
1.691
1.586
1.149
1.303
1.066
1.607
1.515
1.513
1.238
1.421
1.327
0.960
1.296
1.171
1.566
1.601
1.582
1.142
1.264
1.181
1.697
1.910
1.949
1.053
1.100
1.027
1.400
1.458
1.232
2.053
2.226
2.073
1.331
1.348
1.336
0.888
0.919
0.843
2.399
2.568
2.395
1.994
2.079
2.018
1.244
1.391
1.262
1.291
1.421
1.519
1.606
1.917
1.685
1.383
1.510
1.429
1.548
1.565
1.529
0.672
1.016
0.798
2.457
2.751
2.715
0.931
0.989
0.921
0.931
0.970
1.017
1.333
1.481
1.425
1.512
1.668
1.543
2.407
2.724
2.485
1.379
1.678
1.380
0.811
0.942
0.840
1.779
1.739
1.711
1.334
1.337
1.336
1.696
1.788
1.742
1.945
2.142
1.892
1.253
1.507
1.206
1.369
1.425
1.436
1.637
1.708
1.498
1.482
1.634
1.443
2.023
2.202
1.924
1.193
1.172
0.990
1.901
1.947
1.928
1.557
1.558
1.523
2.312
2.387
2.084
1.371
1.524
1.439
2.019
2.187
2.139
1.211
1.287
1.268
1.300
1.416
1.235
1.485
1.689
1.540
1.439
1.450
1.372
1.417
1.528
1.480
2.066
2.183
2.062
1.514
1.742
1.450
2.006
2.082
2.171
1.845
2.058
1.780
1.708
1.898
1.792
0.825
1.299
1.008
0.874
1.065
0.951
1.053
1.156
0.785
1.195
1.402
1.264
2.164
2.292
2.084
1.862
1.939
1.814
1.255
1.443
1.336
1.493
1.640
1.512
0.943
1.140
1.024
1.967
2.039
1.981
2.136
2.202
1.866
0.874
1.065
0.951
1.809
1.931
1.823
1.698
1.843
1.698
0.856
1.046
0.933
1.176
1.333
1.184
1.123
1.175
1.144
0.856
1.046
0.933
1.482
1.583
1.498
0.930
1.148
1.058
1.195
1.315
1.573
2.637
2.661
2.716
1.441
1.615
1.540
1.532
1.579
1.474
0.856
1.046
0.933
1.614
1.646
1.391
1.321
1.366
1.269
0.856
1.046
0.933
0.917
0.938
0.905
1.149
1.352
1.194
1.221
1.259
1.257
0.987
1.021
1.036
1.481
1.889
1.633
1.581
1.622
1.350
0.834
1.023
0.765
0.834
1.001
0.837
0.834
1.032
0.837
2.113
2.221
2.199
1.696
1.892
1.762
0.791
1.083
0.915
1.298
1.452
1.373
0.874
1.065
0.951
1.340
1.484
1.415
1.657
1.729
1.620
1.245
1.333
1.227
0.789
0.937
0.851
0.998
1.782
1.247
2.028
2.237
2.026
2.041
1.891
1.917
1.034
1.125
1.073
1.613
1.659
1.621
1.517
1.671
1.534
0.878
1.051
0.953
2.200
2.644
2.435
1.187
1.313
1.222
1.227
1.358
1.308
0.856
1.046
0.933
1.128
1.444
1.184
0.964
1.201
0.895
0.968
0.962
0.896
1.398
1.462
1.210
1.843
1.889
1.838
1.964
1.971
1.922
1.429
1.467
1.434
1.060
1.262
1.119
1.822
2.014
1.918
1.199
1.404
1.232
1.537
1.805
1.653
1.565
1.770
1.534
1.248
1.927
1.433
1.899
2.020
1.959
1.506
1.675
1.490
1.352
1.401
1.259
1.161
1.285
1.233
0.759
0.855
0.748
0.954
0.934
0.924
2.893
3.002
2.858
1.273
1.428
1.326
1.938
2.030
1.946
2.106
2.386
2.224
4.222
4.277
4.121
1.045
1.195
1.084
1.131
1.272
1.219
1.276
1.429
1.188
2.085
2.303
2.130
3.445
3.550
3.538
1.345
1.480
1.130
0.911
1.136
1.016
1.488
1.767
1.569
0.988
1.019
0.940
1.196
1.298
1.239
1.365
1.595
1.436
1.534
1.868
1.606
2.134
2.355
2.232
1.781
1.868
1.800
1.243
1.493
1.352
1.526
1.756
1.566
2.193
2.295
2.200
1.197
1.317
1.239
1.601
1.681
1.583
1.541
1.666
1.610
2.068
2.123
2.011
1.337
1.298
1.656
2.646
2.724
2.671
0.865
0.827
0.610
0.617
0.916
0.726
1.610
1.830
1.681
1.923
1.975
1.941
1.438
1.573
1.478
2.172
2.132
2.013
1.970
2.076
2.025
2.012
2.023
2.044
1.439
1.598
1.486
1.395
1.430
1.392
1.406
1.659
1.515
0.990
1.058
1.047
1.588
1.647
1.627
1.465
1.509
1.606
1.392
1.534
1.445
0.882
1.207
1.010
1.783
1.845
1.862
1.993
2.234
2.161
2.595
2.586
2.517
1.842
1.891
1.799
2.249
2.336
2.297
1.126
1.363
1.316
1.703
1.733
1.745
1.128
1.329
1.138
1.685
1.796
1.706
0.612
0.912
0.823
1.483
1.492
1.539
1.500
1.620
1.590
0.733
0.817
0.814
1.102
1.310
1.250
1.376
1.478
1.378
2.400
2.383
2.408
1.938
2.277
2.129
1.227
1.399
1.236
2.245
2.333
2.216
1.340
1.432
1.428
2.546
2.660
2.539
2.268
2.380
2.303
1.933
2.227
2.008
2.451
2.522
2.433
1.264
2.119
1.550
2.998
3.116
3.091
3.001
3.144
3.027
2.078
2.219
2.127
1.530
1.753
1.635
1.543
1.633
1.597
1.057
1.216
1.152
1.469
1.459
1.463
1.613
1.715
1.716
3.026
3.167
3.070
2.410
2.488
2.450
1.182
1.396
1.263
1.870
1.983
1.981
1.195
1.336
1.279
1.436
1.507
1.457
1.576
1.631
1.591
1.422
1.560
1.523
1.539
1.675
1.605
1.158
1.373
1.289
1.426
1.368
1.184
2.499
2.558
2.540
2.012
2.000
2.037
2.582
2.654
2.684
1.138
1.318
1.242
1.267
1.315
1.304
1.497
1.576
1.500
0.954
1.028
0.960
2.122
2.232
2.217
1.570
1.939
1.976
0.749
0.952
0.898
1.001
1.100
0.947
2.043
2.141
1.993
1.090
1.298
1.195
1.763
1.817
1.742
2.029
2.131
2.010
1.530
1.637
1.606
1.056
1.382
1.240
1.373
1.463
1.343
1.930
1.967
1.686
2.952
3.003
3.042
1.460
1.444
1.224
1.689
1.721
1.651
1.026
1.120
1.073
3.039
2.958
2.784
1.980
2.038
2.385
2.398
2.515
2.378
1.267
1.452
1.273
2.452
2.477
2.296
2.401
2.522
2.387
1.753
1.863
1.795
1.205
1.343
1.277
1.931
2.157
2.215
1.433
1.604
1.578
1.705
1.738
1.501
1.629
1.670
1.849
1.078
1.107
1.127
0.889
0.901
0.926
1.250
1.357
1.311
1.250
1.357
1.311
1.250
1.357
1.311
2.213
2.263
2.183
1.126
1.318
1.066
1.772
1.909
1.872
1.053
1.139
1.087
1.799
2.045
1.898
1.205
1.403
1.468
1.063
1.134
1.061
2.192
2.355
2.018
1.581
1.744
1.614
1.072
1.164
1.078
0.871
1.172
1.025
1.582
2.102
1.813
1.160
1.228
1.256
1.563
1.504
1.615
2.242
2.256
1.903
1.900
2.154
1.876
1.440
1.626
1.545
1.641
1.644
1.538
2.160
2.245
2.319
2.652
3.709
2.649
1.774
1.847
1.793
1.122
1.210
1.127
1.098
1.140
0.955
1.015
1.262
1.199
1.277
1.418
1.383
1.698
1.729
1.589
2.002
2.067
1.881
1.860
2.090
2.132
2.449
2.595
2.489
1.869
1.942
1.745
1.409
1.550
1.523
1.332
1.421
1.359
0.885
1.234
1.025
1.467
1.780
1.609
1.612
1.565
1.498
2.063
2.135
2.036
1.986
2.246
2.108
1.147
1.314
1.248
2.394
2.398
2.233
1.002
1.031
0.918
1.214
1.280
1.053
1.751
1.809
1.760
2.206
2.207
1.945
0.963
1.016
0.929
0.948
1.044
0.917
1.046
1.082
0.971
0.690
0.875
0.767
0.800
0.958
0.863
1.351
1.397
1.394
2.100
2.488
2.187
1.304
1.227
1.257
1.169
1.385
1.266
1.299
1.395
1.271
1.618
1.621
1.486
2.015
2.146
2.068
1.107
1.230
1.150
1.083
1.103
1.106
1.054
1.268
1.098
1.307
1.413
1.291
1.778
1.941
1.784
1.409
1.599
1.546
0.560
0.712
0.622
1.202
1.224
1.167
2.573
2.559
2.604
1.519
1.663
1.582
1.199
1.341
1.244
0.462
0.752
0.588
0.462
0.752
0.588
0.462
0.752
0.588
1.231
1.329
1.249
1.697
1.760
1.552
1.057
1.154
0.856
1.487
1.766
1.703
0.861
0.936
0.854
2.016
2.140
2.051
1.946
1.998
1.994
1.488
1.687
1.485
1.388
1.438
1.437
1.927
2.072
2.013
1.630
1.994
1.845
1.172
1.232
1.167
1.113
1.334
1.028
0.952
0.977
0.904
1.854
1.879
1.892
1.435
1.539
1.508
1.435
1.656
1.508
1.700
1.854
1.800
1.675
1.838
1.654
0.897
1.180
1.097
2.546
2.549
2.486
0.928
1.024
0.956
1.555
1.629
1.558
1.070
1.105
1.070
1.544
1.756
1.662
1.121
1.158
0.942
0.485
0.719
0.650
0.713
0.964
0.849
1.111
1.312
1.351
1.882
1.855
1.776
0.621
0.640
0.475
1.544
1.504
1.494
1.954
2.122
2.017
0.891
0.944
0.911
2.039
2.005
1.932
1.566
1.657
1.549
1.264
1.235
1.274
1.665
1.738
1.604
2.027
2.140
2.096
1.578
1.760
1.577
2.238
2.367
2.216
1.254
1.447
1.349
1.213
1.384
1.259
0.978
1.125
1.048
1.747
1.852
1.790
1.523
1.598
1.580
0.990
1.130
1.070
0.990
1.130
1.070
2.047
2.085
2.102
0.967
1.224
0.988
2.228
2.315
2.242
1.676
1.851
1.666
0.823
0.927
0.815
1.433
1.517
1.410
1.633
1.805
1.609
0.766
1.017
0.816
2.366
2.513
2.333
1.917
1.991
1.954
1.773
1.911
1.792
2.664
2.705
2.627
1.806
1.981
1.895
1.167
1.258
1.177
1.610
1.848
1.692
1.972
2.266
2.118
1.758
1.844
1.711
1.491
1.438
1.531
1.784
1.921
1.765
1.614
1.891
1.709
1.540
1.633
1.542
1.030
1.248
1.116
1.436
1.414
1.143
1.347
1.437
1.420
0.896
1.089
0.940
1.012
1.106
1.005
0.873
1.015
0.920
1.734
1.827
1.784
1.281
1.418
1.347
1.459
1.642
1.472
1.667
1.821
1.731
2.204
2.848
2.313
1.774
1.976
1.912
1.365
1.524
1.390
0.960
1.095
1.020
1.283
1.295
1.104
1.336
1.680
1.491
1.214
1.344
1.264
1.273
1.387
1.306
1.800
1.992
1.863
0.668
1.176
0.939
1.978
2.124
2.078
1.280
1.377
1.257
2.277
2.348
2.107
1.034
1.094
0.999
1.658
1.718
1.594
2.792
2.864
2.851
2.450
2.658
2.519
1.007
1.228
1.109
2.163
2.328
2.212
1.566
1.614
1.485
1.256
1.530
1.338
2.301
2.735
2.371
1.852
1.916
1.850
2.203
2.305
2.250
1.107
1.249
1.120
1.530
1.535
1.311
0.963
1.102
1.023
2.566
2.785
2.587
1.886
2.045
1.687
1.343
1.378
1.361
0.795
1.061
0.903
0.691
0.688
0.569
1.783
1.862
1.835
1.249
1.511
1.291
2.677
2.813
2.777
1.585
1.781
1.683
1.701
1.868
1.866
0.941
1.142
1.055
0.963
1.102
1.023
1.928
2.016
1.907
1.078
1.418
1.198
1.067
1.160
0.897
0.953
1.007
0.924
1.668
1.808
1.728
0.931
1.130
0.981
1.490
1.715
1.578
1.008
1.069
1.058
0.960
1.095
1.020
0.941
1.129
0.972
1.185
1.206
1.131
1.118
1.153
1.060
1.185
1.228
1.184
0.775
1.005
0.834
1.380
1.514
1.394
0.965
1.223
1.116
2.962
3.294
3.056
2.962
3.294
3.056
2.962
3.294
3.056
1.246
1.484
1.360
0.963
1.102
1.023
1.838
1.931
1.834
1.358
1.371
1.366
0.923
0.944
0.804
1.046
1.209
1.062
1.773
1.873
1.724
1.308
1.443
1.285
0.935
1.019
0.983
1.700
1.773
1.693
1.129
1.231
1.105
2.400
2.533
2.352
0.926
0.796
0.836
0.963
1.102
1.023
1.246
1.416
1.320
1.137
1.233
1.170
1.007
1.192
1.005
2.559
2.677
2.554
0.699
1.004
0.826
1.363
1.725
1.521
2.077
2.301
2.011
0.781
0.925
0.820
0.575
0.960
0.690
2.340
2.503
2.417
1.529
1.581
1.449
2.045
2.195
2.047
1.583
1.654
1.593
1.855
1.922
1.861
1.273
1.440
1.351
1.234
1.666
1.332
1.961
2.069
1.992
1.635
1.844
1.693
2.336
2.459
2.455
1.479
1.608
1.530
1.822
1.905
1.904
1.743
1.769
1.736
0.842
1.075
0.912
1.477
1.695
1.528
1.570
1.510
1.546
1.961
2.048
2.002
2.151
2.319
2.210
1.356
1.435
1.281
2.684
2.537
2.400
1.317
1.348
1.022
1.863
1.915
1.817
1.810
2.016
1.936
1.238
1.326
1.291
1.766
1.997
1.790
1.862
2.011
1.943
2.549
2.633
2.569
2.262
2.358
2.317
1.860
1.853
1.946
1.830
1.827
1.776
1.343
1.656
1.326
1.785
1.942
1.751
1.835
2.082
1.954
1.677
1.652
1.636
2.641
2.722
2.681
2.309
2.279
2.293
1.017
1.150
0.993
1.513
1.777
1.662
1.902
1.961
1.946
1.531
1.606
1.461
1.378
1.877
1.511
1.912
2.209
2.011
1.601
1.637
1.517
1.023
1.085
1.058
1.266
1.275
1.398
1.239
1.388
1.297
1.844
1.840
1.784
0.974
1.104
0.978
0.974
1.104
0.978
1.412
1.516
1.456
1.483
1.529
1.447
1.080
1.155
0.968
2.127
2.262
2.090
1.567
1.474
1.456
0.909
0.992
0.798
1.427
1.742
1.552
0.841
0.931
0.879
1.160
1.248
1.195
2.586
2.701
2.112
1.514
1.449
1.075
0.949
1.169
0.976
2.361
2.468
2.512
1.293
1.341
1.329
1.024
1.179
1.057
1.200
1.401
1.158
1.835
1.917
1.788
1.364
1.428
1.338
2.401
2.658
2.454
1.248
1.115
0.957
2.072
2.109
2.077
1.799
1.870
1.823
1.104
1.131
0.933
1.659
2.065
1.788
1.051
1.066
0.966
2.463
2.615
2.436
2.330
2.348
2.386
0.941
1.112
1.015
1.453
1.480
1.417
1.564
1.620
1.566
1.311
1.532
1.168
2.169
2.215
2.055
2.603
2.675
2.659
0.918
1.109
1.042
1.281
1.493
1.429
1.955
2.122
1.944
1.171
1.192
1.353
1.602
1.737
1.672
0.929
1.100
0.974
1.463
1.589
1.444
1.408
1.650
1.422
3.269
3.427
3.354
1.884
2.232
1.999
1.072
1.257
1.136
1.119
1.241
1.116
1.437
1.558
1.507
2.296
2.235
1.942
1.112
1.176
1.000
1.512
1.586
1.530
0.922
0.996
1.361
1.250
1.421
1.328
1.933
2.084
1.947
0.988
1.113
1.024
2.872
2.971
2.938
3.271
3.296
3.216
1.910
2.156
1.991
1.408
1.526
1.465
1.864
1.904
1.881
1.523
1.606
1.555
2.301
2.518
2.386
1.389
1.421
1.378
1.513
1.703
1.636
1.542
1.671
1.591
0.999
1.187
1.057
0.616
0.674
0.600
1.219
1.313
1.294
1.297
1.542
1.387
0.965
1.049
0.961
2.035
2.207
2.139
1.306
1.704
1.520
1.395
1.525
1.461
0.600
0.980
0.819
1.587
1.857
1.724
1.641
1.663
1.406
1.248
1.275
1.226
1.731
2.034
1.680
1.491
1.642
1.636
1.554
1.581
1.574
1.185
1.227
1.006
2.465
2.552
2.469
0.895
1.154
0.923
0.895
1.049
0.923
2.246
2.296
2.052
1.474
1.694
1.579
1.463
1.488
1.430
1.214
1.423
1.304
0.809
0.951
0.851
0.979
1.086
1.002
1.318
1.358
1.310
0.837
0.791
0.796
2.185
2.195
2.124
1.197
1.272
1.078
1.113
1.226
1.121
1.091
1.279
1.127
2.474
2.538
2.410
3.463
3.363
3.352
1.490
1.590
1.503
1.060
1.089
1.099
1.083
1.095
1.132
0.748
0.948
0.767
1.557
1.591
1.538
2.122
1.958
2.071
1.431
1.414
1.318
1.092
1.382
1.170
1.077
1.279
1.156
0.970
0.977
0.942
1.365
1.452
1.353
1.869
1.988
1.879
0.844
0.894
0.810
1.057
1.119
1.102
0.963
1.102
1.023
0.963
1.102
1.023
1.280
1.355
1.287
1.160
1.516
1.375
1.467
1.643
1.546
1.221
1.240
1.205
1.172
1.647
1.161
1.540
1.858
1.679
0.805
0.933
0.921
1.913
2.007
2.043
2.713
2.650
2.705
1.011
1.217
1.096
2.365
2.375
2.246
1.112
1.428
1.111
1.229
1.308
1.046
1.877
2.052
1.927
1.826
1.923
1.805
1.189
1.281
1.197
0.744
0.916
0.742
1.705
1.752
1.651
0.986
1.130
1.121
0.962
1.079
0.900
2.771
2.841
2.818
1.915
1.895
1.876
1.924
2.001
1.961
1.063
1.033
0.985
1.954
2.209
2.006
1.025
1.186
1.138
1.444
1.582
1.482
1.121
1.243
1.130
1.872
1.967
1.937
1.824
1.918
1.640
1.609
1.788
1.587
1.339
1.458
1.371
2.522
2.507
2.441
0.623
0.628
0.578
0.623
0.727
0.662
1.166
1.203
1.211
1.152
1.269
1.157
1.347
1.590
1.450
1.893
2.052
1.921
0.997
1.115
1.014
1.158
1.395
1.259
0.858
1.004
0.923
2.105
2.259
2.075
1.219
1.379
1.258
1.174
1.427
1.328
1.298
1.641
1.412
3.024
3.140
3.073
1.764
1.850
1.780
1.837
1.934
1.844
1.741
1.878
1.728
1.198
1.334
1.104
1.333
1.602
1.433
0.927
1.067
0.982
1.714
1.762
1.741
1.683
1.709
1.647
1.210
1.383
1.280
1.873
1.901
1.949
2.286
2.666
2.354
1.346
1.483
1.342
1.639
1.687
1.596
1.660
1.779
1.687
1.021
1.065
1.109
1.829
1.888
1.822
1.655
1.686
1.688
1.289
1.344
1.314
1.343
1.511
1.423
1.956
2.017
2.013
1.514
1.686
1.590
1.534
1.636
1.570
1.383
1.502
1.295
1.095
0.899
0.961
0.828
0.874
0.846
1.358
1.468
1.417
0.909
1.012
0.931
0.909
1.003
0.952
1.599
1.662
1.612
1.133
1.290
1.188
1.344
1.616
1.414
1.322
1.420
1.402
1.366
1.528
1.418
0.919
1.140
0.991
0.891
0.983
0.942
0.769
0.918
0.830
1.091
1.411
1.175
1.116
1.232
1.221
1.221
1.695
1.582
1.499
1.749
1.628
2.694
2.773
2.629
0.871
0.998
0.922
1.054
1.353
1.221
1.478
1.666
1.561
1.284
1.324
1.314
2.070
2.109
1.955
1.366
1.388
1.373
1.622
1.799
1.636
3.165
3.175
3.125
1.803
1.941
1.937
1.133
1.287
1.206
1.087
1.070
0.957
1.320
1.522
1.367
2.142
2.400
2.247
1.918
2.140
1.995
1.972
2.130
1.980
1.256
1.344
1.289
1.386
1.471
1.420
1.126
1.378
1.080
1.015
1.667
1.078
0.858
1.023
0.916
1.346
1.637
1.446
0.707
0.786
0.609
1.091
1.367
1.205
1.402
1.644
1.463
0.735
0.964
0.786
1.213
1.330
1.195
1.649
1.650
1.606
1.294
1.846
1.334
1.047
1.138
1.103
1.035
1.053
0.999
1.209
1.303
1.168
1.208
1.296
1.285
0.831
1.027
0.896
0.822
0.892
0.796
1.802
2.369
1.918
1.335
1.415
1.357
1.035
1.196
1.087
2.195
2.285
2.056
1.938
2.376
2.066
3.202
3.171
3.094
1.260
1.390
1.119
0.840
1.005
0.974
0.909
1.032
0.982
0.961
1.451
1.179
1.317
1.410
1.223
1.690
1.826
1.726
1.067
1.256
1.144
1.284
1.456
1.533
1.422
1.459
1.457
1.461
1.604
1.467
1.050
1.107
1.075
1.538
1.691
1.546
1.327
1.441
1.462
1.393
1.538
1.386
1.004
0.990
0.904
0.876
1.163
1.049
1.588
1.629
1.573
0.986
1.279
0.902
2.448
2.523
2.468
1.118
1.318
1.243
2.167
2.227
2.014
1.716
1.713
1.497
1.416
1.466
1.339
1.116
1.242
1.135
2.061
2.101
2.028
1.334
1.557
1.742
1.268
1.285
1.266
1.871
1.963
1.833
2.156
2.234
2.152
1.227
1.641
1.631
2.361
2.339
2.300
1.118
1.214
1.108
0.925
1.041
0.926
0.491
0.644
0.554
0.927
1.029
0.955
1.637
1.793
1.582
1.138
1.252
1.217
1.418
1.710
1.166
1.086
1.167
1.131
1.222
1.312
1.241
1.511
1.497
1.500
2.033
2.227
2.013
1.637
1.769
1.821
1.114
1.236
1.205
0.602
0.749
0.662
1.084
1.285
1.153
1.286
1.500
1.175
1.299
1.348
1.293
0.602
0.749
0.662
0.573
0.752
0.653
0.602
0.749
0.662
2.079
2.049
2.036
1.683
1.711
1.649
1.740
1.829
1.729
1.659
1.822
1.762
0.989
1.110
1.022
1.519
1.629
1.492
1.358
1.439
1.287
0.794
0.922
0.789
1.815
1.867
1.788
2.494
2.720
2.625
1.643
1.850
1.711
0.515
0.793
0.611
2.218
2.269
2.210
1.522
1.725
1.601
1.173
1.478
1.217
1.017
1.166
1.119
1.083
1.147
1.116
1.213
1.463
1.300
1.307
1.278
1.270
1.161
1.341
1.091
1.328
1.481
1.388
0.862
0.975
0.961
1.394
1.569
1.482
1.242
1.354
1.287
1.265
1.440
1.352
1.517
1.669
1.510
0.868
1.113
0.942
1.358
1.406
1.286
0.812
1.042
0.866
1.921
1.955
1.815
2.584
2.575
2.607
2.129
2.327
2.150
1.146
1.299
1.038
1.710
1.996
1.910
0.816
1.001
0.916
0.943
0.944
0.839
1.891
2.132
1.957
2.120
2.088
2.117
1.636
1.693
1.672
1.636
1.693
1.672
1.572
1.633
1.642
1.657
1.660
1.424
1.763
1.851
1.777
2.005
1.988
1.920
1.450
1.596
1.497
1.222
1.538
1.371
1.379
1.471
1.432
1.302
1.468
1.264
2.623
2.975
2.739
1.882
2.017
1.890
0.888
1.011
0.953
3.115
3.142
3.020
1.903
2.147
1.985
1.098
1.558
1.264
1.681
2.143
1.981
2.547
2.534
2.474
1.887
1.900
1.836
1.345
1.602
1.488
1.143
1.183
0.871
2.262
2.302
2.171
1.903
2.183
2.021
2.572
2.694
2.664
2.198
2.327
2.157
0.937
1.045
0.985
1.607
1.624
1.595
2.009
2.097
2.058
1.262
1.414
1.342
1.282
1.551
1.398
1.331
1.570
1.387
1.743
1.802
1.739
1.618
1.617
1.428
2.127
2.158
2.134
1.271
1.335
1.171
1.650
1.913
1.793
2.410
2.538
2.444
1.068
1.188
1.096
1.527
1.609
1.535
1.288
1.340
0.998
1.709
1.912
1.783
0.911
1.028
0.839
1.921
2.001
1.829
1.873
1.736
1.771
2.043
2.035
1.832
1.889
1.967
1.867
2.328
2.317
2.339
2.000
2.205
2.075
1.586
1.774
1.782
1.734
1.914
1.762
2.046
2.166
2.081
1.487
1.592
1.467
1.523
1.637
1.557
1.927
2.207
2.197
2.105
2.139
2.057
1.164
1.149
1.096
1.563
1.728
1.669
3.481
3.619
3.166
3.017
3.332
3.143
1.699
1.814
1.626
1.959
2.004
2.045
0.803
1.038
0.991
1.418
1.538
1.460
1.079
1.229
1.107
1.526
1.783
1.647
1.418
1.587
1.540
1.122
1.532
1.122
1.122
1.424
1.182
0.742
1.096
0.911
1.605
1.579
1.521
1.707
1.913
1.803
0.650
0.645
0.196
0.947
1.193
0.974
1.460
1.528
1.412
1.860
2.019
1.941
2.465
2.599
2.523
2.429
2.485
2.467
1.896
1.972
1.940
1.584
1.636
1.587
1.664
1.845
1.706
1.021
1.194
1.116
1.510
1.457
1.094
2.126
2.199
2.161
1.626
1.724
1.539
1.851
1.940
1.902
1.351
1.569
1.380
1.566
1.753
1.767
1.480
1.618
1.583
0.930
0.776
0.679
1.293
1.202
1.145
1.317
1.265
1.255
1.833
2.082
1.851
0.986
1.054
0.998
2.131
2.024
1.788
1.056
1.123
1.139
1.712
1.802
1.691
1.294
1.524
1.303
0.853
0.889
0.823
1.588
1.623
1.578
1.918
2.063
1.923
1.335
1.419
1.298
1.630
1.846
1.744
1.495
2.238
1.651
2.575
2.640
2.648
1.790
1.944
1.835
1.279
1.363
1.040
1.786
1.867
1.830
1.130
1.226
1.203
1.376
1.468
1.547
2.073
2.100
2.097
1.622
1.865
1.677
0.876
0.985
0.824
0.876
0.985
0.824
1.230
1.382
1.348
0.776
1.130
1.006
0.852
1.295
0.952
2.057
2.296
2.171
0.930
1.095
1.344
1.429
1.564
1.527
2.191
2.217
2.073
1.367
1.574
1.465
1.269
1.441
1.397
1.416
1.295
1.296
0.911
0.988
0.920
1.574
1.639
1.636
1.395
1.630
1.472
1.029
1.395
1.131
1.220
1.250
1.220
1.590
1.753
1.591
0.940
1.085
0.851
1.219
1.318
1.268
1.986
2.129
2.046
1.579
1.690
1.624
1.064
1.125
1.059
0.848
0.953
0.894
1.364
1.409
1.327
1.468
1.914
1.547
1.332
1.401
1.490
1.416
1.585
1.378
1.416
1.617
1.597
1.998
2.030
2.071
1.580
1.674
1.591
1.186
1.245
1.241
1.289
1.633
1.474
2.782
2.809
2.776
1.315
1.478
1.377
1.638
1.884
1.659
1.306
1.412
1.265
0.973
1.258
1.102
1.504
1.566
1.531
0.639
0.789
0.696
1.097
1.210
1.063
1.947
1.984
1.919
2.385
2.372
2.269
1.044
1.204
1.002
1.302
1.381
1.261
1.951
2.008
1.946
1.061
1.169
1.042
1.582
1.807
1.586
1.982
1.985
2.079
1.393
1.446
1.389
2.807
2.953
2.814
1.628
1.911
1.660
1.671
1.757
1.716
1.454
1.664
1.521
1.165
1.229
1.164
1.445
1.469
1.398
1.477
1.926
1.745
1.550
1.656
1.571
1.166
1.427
1.241
1.536
1.577
1.506
1.501
1.712
1.509
2.781
2.879
2.842
1.932
2.087
1.913
1.049
1.356
1.160
1.227
1.356
1.287
1.205
1.144
1.159
1.059
1.156
1.078
0.886
0.964
0.848
0.828
1.067
1.031
1.915
1.877
1.824
1.026
1.125
0.930
1.749
1.786
1.710
1.613
1.929
2.099
1.298
1.400
1.313
1.376
1.502
1.380
1.538
1.784
1.615
1.059
1.135
1.066
1.975
2.052
1.991
1.803
1.789
1.748
2.020
2.248
2.211
1.456
1.516
1.492
1.803
1.986
1.896
0.639
0.789
0.696
1.426
1.427
1.463
1.550
1.769
1.546
1.396
1.454
1.429
1.505
1.477
1.462
1.343
1.521
1.348
1.708
1.900
1.769
1.591
1.656
1.614
1.429
1.549
1.473
1.521
1.851
1.710
1.205
1.267
1.160
1.462
1.323
1.373
1.160
1.306
1.208
0.914
1.141
0.893
1.152
1.410
1.263
1.959
2.272
2.356
1.236
1.349
1.247
0.906
1.023
0.868
1.136
2.402
1.694
1.336
1.490
1.250
2.831
2.849
2.777
1.018
1.219
1.098
0.685
0.702
0.551
0.832
0.958
0.847
0.955
1.068
0.959
0.995
1.221
1.060
2.005
2.038
2.120
0.510
0.760
0.638
1.441
1.603
1.503
0.680
0.864
0.746
1.472
1.662
1.504
0.615
0.760
0.677
1.880
1.866
1.809
1.293
1.363
1.386
1.154
1.523
1.278
1.363
1.370
1.298
1.602
1.746
1.657
1.656
1.675
1.614
2.065
2.144
2.102
1.037
1.112
1.026
1.865
1.958
1.697
1.795
1.883
1.993
1.209
1.360
1.135
1.562
1.977
1.735
0.963
1.051
1.022
1.362
1.600
1.452
2.282
2.240
2.205
1.206
1.260
1.296
1.278
1.604
1.398
1.904
1.920
1.860
1.244
1.362
1.340
1.068
1.209
1.075
1.417
1.392
1.328
1.504
1.623
1.546
1.509
1.748
1.550
1.287
1.298
1.173
1.532
1.694
1.523
1.461
1.674
1.549
1.042
1.173
1.122
1.580
1.769
1.601
1.792
2.002
1.666
1.946
2.427
2.362
2.157
2.218
2.113
2.074
2.005
2.131
1.489
1.416
1.417
1.487
1.512
1.456
2.548
2.605
2.396
2.177
2.393
2.152
1.799
2.014
1.911
1.097
1.301
1.048
1.577
1.509
1.430
1.548
1.593
1.522
2.234
2.296
2.326
1.282
1.605
1.426
2.878
3.030
2.948
1.848
1.826
1.616
1.074
1.185
1.121
1.047
1.135
0.975
1.278
1.265
1.258
1.795
1.953
1.780
0.790
0.888
0.824
1.685
1.718
1.672
1.570
1.725
1.580
1.051
1.235
1.127
1.179
1.202
1.147
1.345
1.452
1.677
1.168
1.211
1.128
1.732
1.883
1.713
2.103
2.352
2.166
0.980
1.001
0.971
1.573
1.655
1.606
1.448
1.566
1.584
0.848
1.210
1.032
0.776
1.042
0.631
1.499
1.710
1.530
1.401
1.475
1.439
1.298
1.566
1.418
0.928
1.207
1.110
1.219
1.466
1.301
1.492
1.612
1.540
1.802
2.028
1.958
1.348
1.486
1.424
2.270
2.356
2.289
1.330
1.549
1.438
1.948
2.105
1.992
1.180
1.390
1.223
2.002
2.143
1.969
1.624
1.589
1.510
1.100
1.331
1.243
2.308
2.444
2.317
1.075
1.422
1.133
1.805
1.921
1.614
1.896
1.900
1.811
0.968
1.037
0.934
1.411
1.570
1.167
0.808
1.176
0.933
1.253
1.479
1.375
1.889
2.006
1.884
1.971
2.039
1.973
1.347
1.789
1.507
2.085
2.202
2.163
1.092
1.101
1.033
1.926
1.998
2.035
1.041
1.202
1.162
1.564
1.863
1.738
2.010
2.162
2.045
1.406
1.610
1.585
1.700
1.947
1.719
1.700
1.958
1.926
2.235
2.301
2.237
1.330
1.324
1.316
2.088
2.133
2.127
1.392
1.480
1.400
1.836
1.865
1.819
1.863
1.932
1.858
2.195
2.210
2.188
2.577
2.628
2.580
1.544
1.861
1.553
1.375
1.600
1.315
1.644
1.462
1.853
1.131
1.327
1.082
1.607
1.723
1.419
2.563
2.562
2.480
1.415
1.460
1.353
1.591
1.679
1.622
1.405
1.470
1.316
1.108
1.451
1.194
1.423
1.458
1.215
1.357
1.817
1.702
1.294
1.301
1.281
1.184
1.532
1.361
1.891
2.140
1.824
1.462
1.319
1.277
1.551
1.666
1.849
1.471
1.597
1.255
0.700
1.152
0.658
1.557
1.658
1.595
1.264
1.269
1.110
1.175
1.252
1.118
0.941
1.157
0.995
2.114
2.245
2.080
1.461
1.784
1.658
1.467
1.953
1.658
1.580
1.780
1.473
1.688
1.847
1.813
1.219
1.284
1.130
0.873
0.919
0.796
1.307
1.902
1.420
1.405
1.558
1.516
1.647
2.150
1.767
1.529
1.795
1.636
1.595
1.318
1.319
2.583
2.604
2.524
1.957
1.911
1.917
1.000
1.110
1.013
2.084
2.277
2.181
1.569
1.718
1.665
1.977
2.117
2.092
1.349
1.580
1.421
2.417
2.508
2.548
3.332
3.195
3.323
1.969
2.106
2.015
1.581
1.686
1.600
1.237
1.388
1.323
1.916
2.013
1.909
1.508
1.564
1.471
1.134
1.919
1.055
2.035
2.150
2.114
1.784
2.419
2.703
1.089
1.219
1.125
2.247
2.264
2.086
1.775
1.909
1.893
1.076
1.149
1.090
2.258
2.392
2.278
1.723
1.755
1.829
1.971
1.985
1.941
1.640
1.726
1.598
1.319
1.471
1.288
1.539
1.785
1.559
0.906
1.081
1.059
1.733
1.820
1.729
2.000
1.837
1.901
2.080
2.067
1.927
1.035
1.112
1.047
1.619
1.744
1.593
1.984
2.093
1.978
1.185
1.539
1.296
1.090
1.203
1.159
0.724
0.786
0.780
2.353
2.129
2.089
1.000
1.307
1.121
0.940
1.018
0.866
1.039
1.053
0.955
0.930
1.146
0.954
2.347
2.430
2.336
1.819
1.868
1.679
0.921
1.064
0.944
1.312
1.504
1.375
1.945
2.308
2.021
1.385
1.615
1.340
1.195
1.369
1.538
2.334
2.616
2.481
2.409
2.540
2.385
1.514
1.742
1.416
2.251
2.432
2.400
1.548
1.667
1.611
0.859
0.995
1.080
1.177
1.498
1.309
0.767
0.979
0.731
1.504
1.579
1.579
1.235
1.280
1.272
1.251
1.453
1.352
1.131
1.259
1.178
1.007
1.212
1.106
1.822
1.904
1.845
1.775
2.027
1.794
2.620
2.613
2.317
2.379
2.443
2.349
0.945
1.141
1.021
1.897
1.895
1.857
1.696
2.281
1.843
1.055
1.132
1.049
1.290
1.287
1.279
1.320
1.884
1.195
1.108
1.441
1.227
2.265
2.229
2.157
0.659
0.700
0.674
1.298
1.445
1.376
1.052
1.193
1.123
0.742
1.122
0.812
1.087
1.128
1.011
0.920
1.193
0.989
1.260
1.225
1.251
0.557
0.824
0.639
1.351
1.544
1.451
0.847
1.007
0.865
1.643
1.815
1.624
1.518
1.680
1.753
2.049
2.150
2.157
1.394
1.483
1.446
1.305
1.253
1.265
1.305
1.393
1.317
1.764
1.971
1.848
1.602
1.566
1.662
1.742
1.906
1.773
1.674
1.789
1.745
1.341
1.546
1.398
1.702
1.771
1.740
1.120
1.221
1.217
1.191
1.337
1.238
3.164
3.110
3.067
1.435
1.750
1.530
1.675
1.792
1.768
1.697
1.819
2.133
1.834
2.017
1.698
2.109
2.139
2.141
0.518
1.043
0.901
0.962
1.053
0.958
1.455
1.505
1.485
1.563
1.732
1.641
1.234
1.335
1.308
1.858
1.915
1.783
0.982
1.576
1.100
1.347
1.545
1.413
1.112
1.207
1.079
1.478
1.507
1.417
1.568
1.767
1.493
2.068
2.228
2.010
0.462
0.537
0.423
0.701
1.029
0.812
1.973
1.999
1.923
0.993
1.273
1.072
1.152
1.287
1.228
1.166
1.191
1.181
1.102
1.261
1.128
1.396
1.617
1.514
1.058
1.199
1.189
0.893
0.900
0.872
1.287
1.319
1.319
1.288
1.360
1.299
1.263
1.475
1.290
1.021
1.153
1.050
0.892
0.999
0.922
2.103
2.181
2.055
1.632
1.901
1.803
1.344
1.378
1.181
1.350
1.460
1.450
0.870
1.030
0.895
1.038
1.188
1.052
1.211
1.425
1.291
1.347
1.397
1.201
1.705
1.957
1.785
1.345
1.430
1.414
0.709
0.942
0.671
1.218
1.462
1.337
1.552
1.749
1.680
1.382
1.670
1.501
1.742
1.860
1.774
1.715
2.005
1.889
1.175
1.229
1.117
2.001
2.014
1.904
1.470
1.522
1.460
2.222
2.289
2.134
1.126
1.208
1.027
1.825
1.863
1.674
1.230
1.464
1.322
0.934
1.056
0.941
2.160
2.190
2.149
1.152
1.289
1.232
1.694
1.910
1.803
1.125
1.408
1.196
1.401
1.431
1.193
1.866
2.067
1.910
2.527
2.691
2.559
1.666
1.839
1.635
1.250
1.466
1.296
1.338
1.401
1.306
1.239
1.501
1.300
0.999
1.085
1.023
1.004
1.099
1.042
1.005
1.088
0.888
1.180
1.190
0.930
1.318
1.382
0.983
1.560
1.779
1.665
0.688
0.751
0.708
0.898
0.994
0.928
2.036
2.071
2.014
2.154
2.037
2.117
1.704
1.770
1.727
1.330
1.431
1.384
1.441
1.631
1.482
1.215
1.296
1.095
1.410
2.042
1.475
1.185
1.170
1.025
1.833
1.968
1.904
2.188
2.303
2.084
0.821
0.892
0.870
1.361
1.418
1.397
1.194
1.281
1.172
1.898
2.039
1.932
2.353
2.343
2.064
1.335
1.417
1.320
1.753
1.802
1.809
0.914
1.036
0.903
1.439
1.514
1.487
1.624
1.749
1.673
2.226
2.312
2.279
2.097
2.139
2.122
1.439
1.496
1.514
1.490
1.592
1.501
2.921
2.933
2.914
1.703
1.840
1.683
1.554
1.593
1.582
1.676
1.935
1.719
1.781
1.897
1.809
1.973
2.154
2.052
1.851
1.845
1.710
1.368
1.528
1.392
1.378
1.507
1.335
1.409
1.337
1.085
1.553
1.700
1.407
1.036
1.174
1.098
1.764
1.763
1.633
1.818
1.871
1.799
2.032
2.072
1.854
1.419
1.581
1.453
1.303
1.635
1.739
1.454
1.493
1.213
1.150
1.623
1.354
1.719
1.828
1.666
1.534
1.848
1.692
2.054
2.050
2.095
0.399
0.821
0.589
1.585
1.685
1.621
2.018
2.099
2.070
1.084
1.280
1.523
2.261
2.400
2.427
2.104
2.267
2.228
1.148
1.215
1.139
1.002
1.045
1.010
1.591
1.595
1.592
1.839
1.825
1.746
1.097
1.244
1.115
1.779
1.914
1.736
1.086
1.243
1.505
1.598
1.664
1.407
1.687
1.717
1.615
1.262
1.363
1.302
1.270
1.447
1.373
2.114
2.215
2.164
3.164
3.156
3.127
1.377
1.519
1.364
1.177
1.315
1.243
1.285
1.340
1.245
1.428
1.637
1.413
1.969
2.069
2.029
1.807
1.810
1.808
2.072
2.131
2.122
1.797
1.816
1.694
1.377
1.378
1.442
1.245
1.340
1.280
1.211
1.272
1.288
0.989
1.061
1.005
1.822
1.954
1.803
1.615
1.625
1.457
1.549
1.598
1.567
2.549
2.526
2.410
2.825
2.858
2.852
2.555
2.691
2.618
1.655
1.952
1.753
1.311
1.454
1.354
0.939
0.968
0.957
1.263
1.664
1.369
2.264
2.314
2.223
1.339
1.416
1.310
1.731
1.903
1.637
1.604
2.005
1.819
1.177
1.311
1.134
1.165
1.633
1.486
1.335
1.716
1.381
1.354
2.052
1.390
1.186
1.368
1.224
1.420
1.576
1.455
1.292
1.465
1.386
1.164
1.294
1.195
1.507
1.599
1.334
0.970
1.055
0.909
1.676
1.725
1.620
1.974
1.998
1.956
2.283
2.291
2.353
2.175
2.302
2.264
1.421
1.511
1.473
0.965
1.044
0.950
0.767
0.998
0.784
0.778
0.821
0.761
2.039
2.114
2.082
1.108
1.707
1.283
1.010
1.064
0.915
1.122
1.214
1.053
1.496
1.625
1.514
0.650
0.727
0.657
1.354
1.542
1.386
0.968
1.050
0.941
1.596
1.816
1.663
0.848
0.833
0.828
2.127
1.905
2.027
2.112
2.265
2.128
1.412
1.464
1.285
1.987
2.095
2.208
1.834
1.892
1.852
1.390
1.316
1.293
1.442
1.585
1.452
1.107
1.208
1.094
1.226
1.320
1.270
1.312
1.409
1.406
1.863
2.100
1.849
1.776
1.826
1.815
1.230
1.348
1.259
1.540
1.891
1.617
1.450
1.674
1.544
0.668
0.642
0.575
0.894
0.932
0.870
1.103
1.242
1.079
1.537
2.623
1.706
1.917
1.910
1.945
0.971
1.016
0.965
1.546
1.583
1.487
1.276
1.340
1.168
1.304
1.389
1.348
2.617
2.613
2.690
2.406
2.308
2.317
2.199
2.218
2.047
