1.573
1.686
1.565
3.195
3.298
3.237
1.209
1.437
1.314
1.785
1.786
1.749
1.387
1.469
1.114
1.657
1.819
1.791
1.266
1.481
1.340
2.332
2.428
2.346
1.788
1.908
1.854
1.962
2.126
1.981
0.713
0.933
0.859
1.449
1.512
1.502
1.743
1.921
1.829
1.893
1.970
1.955
1.198
1.437
1.929
0.932
1.176
1.071
1.770
1.852
1.797
1.212
1.453
1.399
1.214
1.372
1.233
2.611
2.765
2.662
3.205
3.270
3.198
2.389
2.615
2.531
1.021
1.277
1.209
1.335
1.383
1.318
1.485
1.759
1.636
1.728
1.984
1.770
1.798
2.063
1.957
2.425
2.578
2.489
1.782
2.038
1.679
1.664
1.803
1.694
1.472
1.717
1.628
0.905
1.100
0.931
2.320
2.295
2.202
0.914
1.294
1.027
2.218
2.440
2.282
1.794
1.998
2.003
1.830
2.010
1.860
2.552
2.583
2.567
2.675
2.855
2.641
2.483
2.665
2.538
1.105
1.136
1.067
1.672
1.883
1.819
1.151
1.317
1.253
1.838
1.945
1.624
1.012
1.216
1.109
3.229
3.383
3.286
2.529
2.504
2.482
1.585
1.905
1.771
2.543
2.612
2.423
0.692
1.147
0.783
2.755
2.963
2.876
3.002
3.117
2.968
1.528
1.624
1.417
1.185
1.541
1.276
0.908
0.976
0.890
0.908
1.063
0.953
1.636
1.742
1.680
2.443
2.526
2.522
1.619
1.804
1.674
1.314
1.272
1.364
1.168
1.328
1.271
2.194
2.308
2.310
2.471
2.537
2.516
1.192
1.310
1.226
1.395
1.516
1.292
3.702
3.839
3.745
0.978
1.097
1.044
1.907
2.101
2.003
1.146
1.293
1.076
1.946
2.046
2.067
1.316
1.478
1.391
1.186
1.326
1.286
1.535
1.628
1.471
2.797
2.831
2.790
2.882
3.019
2.948
1.757
1.845
1.837
2.265
2.354
2.277
2.197
2.235
2.204
1.294
1.382
1.278
2.436
2.559
2.431
1.158
1.569
1.264
0.808
1.144
0.815
2.024
2.125
2.032
1.676
1.768
1.708
2.099
2.265
2.241
1.517
1.732
1.585
1.449
1.504
1.477
1.235
1.310
1.215
1.492
1.559
1.544
1.097
1.182
1.132
1.714
1.972
1.839
1.176
1.378
1.268
1.247
1.583
1.389
2.070
2.155
2.158
0.786
1.157
0.840
1.722
1.800
1.742
1.558
1.565
1.597
1.041
1.227
1.239
1.238
1.194
1.227
2.516
2.593
2.546
2.899
3.263
2.919
3.291
3.330
3.224
1.623
1.780
1.698
2.777
2.871
2.837
2.148
2.291
2.135
2.119
2.267
2.226
1.953
1.978
1.979
1.827
1.852
1.792
1.528
1.809
1.581
1.880
2.071
1.953
2.084
2.166
2.130
2.361
2.397
2.340
2.375
2.491
2.411
1.029
1.195
1.142
2.219
2.306
2.159
1.669
2.209
2.103
1.899
1.882
1.827
1.485
1.759
1.636
2.916
3.145
2.963
3.036
3.111
3.204
2.162
2.369
2.224
0.808
1.041
0.853
1.309
1.437
1.286
1.709
1.906
1.769
1.394
1.366
1.235
1.559
1.682
1.566
2.122
2.234
2.140
2.097
2.234
2.214
1.129
1.394
1.159
1.925
2.012
1.942
1.478
1.533
1.532
1.455
1.845
1.551
1.678
1.795
1.734
1.100
1.345
1.192
2.213
2.229
2.341
2.492
2.752
2.629
1.838
1.906
1.713
0.931
0.952
0.931
1.342
1.402
1.362
1.542
1.599
1.574
2.487
2.544
2.519
1.471
1.667
1.624
1.636
1.694
1.680
1.494
1.603
1.508
0.981
0.994
0.957
1.862
1.948
1.878
1.853
2.023
1.944
1.543
1.779
1.712
2.415
2.770
2.598
2.626
2.759
2.674
2.521
2.614
2.591
1.701
2.021
1.842
3.006
3.030
2.996
2.179
2.264
2.295
1.680
1.747
1.751
2.494
2.589
2.429
0.559
0.661
0.573
1.008
1.083
1.081
2.230
2.387
2.275
1.011
1.339
1.071
0.888
1.172
1.079
1.758
1.748
1.720
1.940
2.032
1.937
1.159
1.216
1.036
3.180
3.285
3.331
2.143
2.238
2.261
0.761
0.993
0.929
2.443
2.490
2.388
2.043
2.120
2.026
1.895
2.010
1.697
1.295
1.438
1.237
1.668
1.687
1.655
1.068
1.381
1.146
1.554
1.674
1.625
1.305
1.456
1.952
1.962
2.046
1.927
0.980
1.353
1.136
2.911
3.047
2.986
2.435
2.663
2.501
1.927
2.034
1.919
2.085
2.187
1.981
2.068
2.086
1.995
1.162
1.177
1.180
0.804
1.014
0.864
1.476
1.647
1.610
1.354
1.450
1.376
2.721
2.841
2.771
1.547
1.750
1.610
1.912
2.122
2.040
1.381
1.454
1.324
1.477
1.621
1.516
1.109
1.157
1.091
1.201
1.389
1.147
1.395
1.723
1.488
1.042
1.184
1.097
1.809
1.789
1.769
1.631
1.895
1.606
1.203
1.221
1.206
2.075
2.127
2.143
1.054
1.144
1.131
1.096
1.339
1.188
1.572
1.567
1.432
2.478
2.658
2.613
0.940
1.146
1.084
2.334
2.396
2.391
1.945
2.066
2.031
1.807
1.902
1.760
1.470
1.793
1.719
2.363
2.518
2.383
1.392
1.566
1.417
1.127
1.090
1.040
1.674
1.655
1.697
2.309
2.416
2.335
1.734
1.806
1.800
1.926
2.195
2.009
1.573
1.680
1.591
3.145
3.273
3.280
1.334
1.435
1.376
2.295
2.377
2.198
0.890
1.134
1.012
2.072
2.157
2.060
1.598
1.729
1.643
2.300
2.465
2.395
1.845
1.910
1.840
0.520
0.724
0.549
2.396
2.592
2.493
1.890
2.162
2.059
2.091
2.251
2.076
1.292
1.444
1.340
1.040
1.109
1.037
2.030
2.110
2.066
2.070
2.146
2.059
1.729
1.832
1.698
0.818
0.963
0.851
1.229
1.518
1.367
0.847
0.968
0.887
2.491
2.765
2.741
1.850
1.975
1.955
2.472
2.558
2.494
0.939
1.060
0.973
1.075
1.226
1.146
3.152
3.228
3.278
2.163
2.466
2.217
3.482
3.590
3.660
1.711
1.952
1.785
0.971
1.123
1.053
0.654
0.807
0.767
2.237
2.403
2.142
1.506
1.665
1.519
1.033
1.060
1.097
2.524
2.605
2.568
1.306
1.415
1.342
1.283
1.454
1.382
1.045
1.097
1.123
1.364
1.636
1.517
1.742
1.818
1.774
2.699
2.763
2.689
1.951
1.971
1.942
2.600
2.729
2.652
1.748
1.815
1.768
1.322
1.560
1.336
1.904
2.072
1.828
2.263
2.394
2.337
1.778
1.986
1.815
2.449
2.587
2.424
1.675
1.839
1.769
1.121
1.387
1.270
2.449
2.504
2.219
1.450
1.581
1.520
1.420
1.554
1.508
2.937
3.128
3.048
1.485
1.713
1.490
1.534
1.714
1.442
1.358
1.561
1.386
3.048
3.106
3.078
1.389
1.536
1.420
1.473
1.512
1.408
2.067
2.128
2.060
1.802
2.147
1.856
1.361
1.419
1.341
1.177
1.196
1.199
1.505
1.689
1.480
0.725
0.764
0.749
1.741
1.899
1.682
2.191
2.189
2.263
1.977
1.933
1.816
0.923
1.039
0.976
2.216
2.351
2.282
1.403
1.607
1.485
1.189
1.417
1.327
1.173
1.282
1.168
1.231
1.703
1.114
1.269
1.280
1.225
1.548
1.641
1.568
1.580
1.874
1.573
1.981
2.090
2.109
1.665
1.796
1.808
3.489
3.785
3.555
1.277
1.421
1.205
1.148
1.304
1.173
2.681
2.900
2.741
2.223
2.238
2.235
2.491
2.583
2.516
2.112
2.002
2.021
1.727
1.958
1.718
1.360
1.562
1.426
1.458
1.899
1.248
1.773
1.841
1.680
1.420
1.535
1.462
2.177
2.512
2.203
1.537
1.572
1.522
1.461
1.554
1.509
1.953
2.066
2.020
1.302
1.584
1.539
1.709
1.964
1.860
2.017
2.069
2.039
2.377
2.552
2.472
2.474
2.507
2.484
1.792
1.790
1.796
1.459
1.748
1.690
3.088
3.084
2.979
1.756
1.873
1.778
2.097
2.094
2.076
2.572
2.650
2.589
1.088
1.226
1.131
1.417
1.584
1.536
1.702
1.766
1.743
1.138
1.309
1.173
1.258
1.517
1.392
1.187
1.369
1.473
1.303
1.400
1.423
1.629
1.688
1.699
2.344
2.602
2.467
1.775
1.819
1.794
1.370
1.444
1.406
1.457
1.663
1.563
1.173
1.222
1.257
1.525
1.908
1.645
1.483
1.823
1.593
1.153
1.320
1.218
1.637
1.898
1.790
1.551
1.654
1.598
0.904
0.989
0.858
1.115
1.246
1.141
1.379
1.477
1.431
1.383
1.543
1.433
1.698
1.716
1.569
1.418
1.575
1.512
1.359
2.083
1.561
1.219
1.297
1.236
0.661
0.711
0.737
1.243
1.462
1.309
1.295
1.480
1.369
0.862
0.995
0.940
1.263
1.492
1.341
2.030
2.214
2.108
1.788
1.844
1.728
1.528
1.675
1.572
1.172
1.412
1.310
1.787
1.863
1.794
1.761
1.979
1.819
1.046
1.186
1.126
1.950
2.089
2.014
2.020
2.173
1.950
3.174
3.300
3.211
0.854
0.960
0.851
1.030
1.064
1.057
1.323
1.445
1.412
1.323
1.554
1.405
1.715
1.879
1.755
1.932
1.996
1.839
1.528
1.628
1.539
1.727
1.843
1.785
2.097
2.294
2.178
1.336
1.515
1.369
1.188
1.373
1.115
1.985
2.054
1.985
3.296
3.387
2.979
2.311
2.473
2.442
2.345
2.433
2.385
1.645
1.738
1.617
1.582
1.757
1.638
1.607
1.783
1.570
2.641
2.710
2.648
1.924
2.020
1.997
2.606
2.675
2.604
1.137
1.502
1.207
1.617
1.696
1.511
1.268
1.448
1.366
2.366
2.449
2.261
1.834
1.871
1.833
1.254
1.391
1.252
1.807
1.885
1.793
1.654
1.707
1.696
1.395
1.587
1.473
2.026
2.140
2.035
1.853
1.932
1.722
1.189
1.297
1.213
1.171
1.411
1.196
0.992
1.250
1.084
1.582
1.715
1.598
2.366
2.799
2.337
2.086
2.252
2.115
0.598
0.726
0.654
1.918
2.108
1.985
0.899
1.153
1.083
0.804
0.899
0.846
3.216
3.368
3.184
1.774
1.932
2.201
1.534
1.696
1.446
1.227
1.340
1.343
1.175
1.470
1.475
1.467
1.642
1.572
1.466
1.622
1.552
1.182
1.365
1.270
1.226
1.384
1.248
2.120
2.297
2.149
3.215
3.353
3.252
1.523
1.728
1.569
2.210
2.295
2.147
1.367
1.750
1.622
1.276
1.457
1.324
1.428
1.653
1.427
1.835
1.982
1.830
2.599
2.651
2.593
1.847
1.897
1.895
0.931
1.109
1.000
2.498
2.604
2.572
1.756
1.722
1.718
2.195
2.319
2.340
1.900
2.093
1.733
1.574
1.757
1.725
1.477
1.562
1.508
1.353
1.581
1.413
2.029
2.194
2.141
2.361
2.389
2.329
2.263
2.384
2.197
1.108
1.298
1.146
1.647
1.849
1.727
0.884
1.134
1.020
0.625
0.827
0.716
1.082
1.277
1.161
2.429
2.630
2.569
1.794
1.943
1.886
0.978
1.165
1.045
1.191
1.329
1.245
1.323
1.349
1.329
1.788
1.839
1.847
1.521
1.623
1.528
1.461
1.580
1.503
1.784
1.820
1.807
0.930
0.968
0.944
2.141
2.271
2.147
2.081
2.196
2.149
1.907
2.182
2.147
1.933
2.034
1.931
2.733
3.015
2.794
1.488
1.675
1.478
1.253
1.701
1.339
1.253
1.504
1.437
0.954
1.060
1.038
1.272
1.364
1.403
1.057
1.197
1.060
1.979
2.061
2.066
1.549
1.623
1.538
1.092
1.045
1.078
0.867
1.291
0.992
1.066
1.151
1.070
1.256
1.354
1.348
3.560
3.530
3.568
1.905
2.078
1.948
2.824
2.960
2.848
1.264
1.495
1.338
1.308
1.360
1.306
2.275
2.285
2.115
2.284
2.789
2.342
2.236
2.352
2.229
1.346
1.502
1.488
1.521
1.738
1.538
2.019
2.143
2.076
0.691
0.900
1.224
1.765
1.756
1.731
3.339
3.614
3.240
1.452
1.581
1.360
2.317
2.248
2.249
1.289
1.465
1.875
3.180
3.242
3.220
1.762
1.970
1.912
2.849
2.947
2.740
0.904
1.110
0.983
0.873
1.036
0.901
1.706
1.783
1.703
3.769
3.849
3.805
1.782
1.889
1.795
2.166
2.315
2.102
1.036
1.395
1.097
2.779
3.101
3.070
1.677
1.988
1.967
1.899
2.029
1.909
1.328
1.411
1.350
1.431
1.524
1.443
1.955
2.043
1.999
2.565
2.586
2.553
1.997
2.323
2.003
1.164
1.253
1.190
1.044
1.095
1.063
2.191
2.517
2.220
2.191
2.439
2.220
2.191
2.463
2.220
1.180
1.216
1.146
1.715
1.829
1.867
1.933
2.014
1.901
1.663
1.785
1.692
2.286
2.409
2.348
1.848
2.021
1.859
2.375
2.554
2.306
1.454
1.538
1.461
1.754
1.987
1.865
1.372
1.562
1.444
1.311
1.422
1.364
1.680
1.651
1.756
1.319
1.525
1.428
2.158
2.374
2.122
1.755
1.860
1.761
2.142
2.122
2.148
1.909
1.963
2.021
1.909
1.963
2.021
1.249
1.641
1.282
2.475
2.511
2.271
1.116
1.450
1.168
1.116
1.479
1.168
2.073
2.316
2.205
1.147
1.308
1.248
2.008
2.311
1.884
2.629
2.681
2.594
1.045
1.223
1.072
1.381
1.656
1.473
1.444
1.557
1.561
2.615
2.735
2.652
1.465
1.579
1.513
2.057
2.219
2.092
1.679
1.800
1.682
1.365
1.442
1.371
1.054
1.333
1.144
1.383
1.490
1.249
1.490
1.520
1.366
1.677
1.727
1.670
1.372
1.432
1.395
1.609
1.822
1.733
1.110
1.237
1.158
1.484
1.705
1.453
2.166
2.304
2.211
0.929
1.268
1.054
1.608
1.801
1.557
2.151
2.221
2.184
1.078
1.405
1.256
0.876
0.954
0.868
0.971
1.121
1.082
0.994
1.245
1.165
1.430
1.782
1.515
1.510
1.780
1.546
2.001
2.016
2.003
2.208
2.306
2.204
0.926
1.035
0.969
2.085
2.338
2.244
2.203
2.258
2.103
1.160
1.358
1.216
1.112
1.231
1.126
2.145
2.329
2.205
2.209
2.286
2.282
1.849
1.965
1.758
0.974
1.093
0.889
1.070
1.495
1.126
1.526
1.658
1.525
2.325
2.370
2.362
1.138
1.283
1.237
1.605
1.831
1.690
1.395
1.555
1.443
1.641
1.693
1.618
2.001
2.098
2.092
2.549
2.619
2.413
2.827
2.964
2.918
2.327
2.431
2.526
1.755
1.810
1.743
1.896
1.844
1.884
2.365
2.412
2.456
1.575
1.792
1.720
1.095
1.193
1.105
1.262
1.469
1.434
3.581
3.609
3.664
1.515
1.672
1.486
1.643
1.713
1.666
1.122
1.346
1.154
1.338
1.393
1.397
1.314
1.422
1.355
1.753
1.886
1.740
2.891
2.973
2.965
2.949
3.130
3.064
2.452
2.536
2.451
2.028
2.073
2.030
1.640
1.768
1.604
1.188
1.342
1.218
3.576
3.691
3.587
1.686
1.880
1.687
2.174
2.453
1.929
1.596
1.617
1.634
2.282
2.541
2.247
2.180
2.276
2.154
1.586
1.639
1.569
1.662
1.706
1.694
2.306
2.380
2.350
0.998
1.308
1.130
1.558
1.652
1.606
1.862
2.041
1.833
1.805
1.794
1.694
1.791
1.966
1.823
1.507
1.552
1.571
2.192
2.365
2.254
1.344
1.543
1.421
1.590
1.609
1.625
1.590
1.609
1.625
2.064
2.187
2.097
2.901
2.966
3.057
1.614
1.723
1.583
1.793
1.927
1.834
1.608
1.879
1.606
2.030
2.171
2.057
1.056
1.180
1.070
1.145
1.321
1.213
2.255
2.344
2.199
1.677
1.811
1.595
1.907
1.972
1.899
1.387
1.683
1.551
2.107
2.239
2.150
2.163
2.443
2.449
2.889
2.909
2.879
1.346
1.460
1.354
1.753
1.666
1.623
0.984
1.196
1.012
1.522
1.600
1.478
1.489
1.606
1.546
2.385
2.927
2.846
2.593
2.666
2.577
3.008
3.099
3.136
1.475
1.578
1.486
1.063
1.131
1.111
1.297
1.356
1.323
0.905
1.506
0.995
1.915
2.003
1.937
1.880
1.840
1.864
1.963
2.118
2.016
1.890
2.046
1.948
1.859
1.819
1.731
0.938
1.150
1.067
1.485
1.572
1.504
0.867
1.129
0.987
1.469
1.559
1.539
1.759
1.878
1.756
2.393
2.732
2.547
1.260
1.435
1.412
1.430
1.499
1.227
2.235
2.445
2.329
2.401
2.552
2.487
1.865
2.112
1.983
2.101
2.203
2.057
1.603
1.773
1.676
3.999
4.113
4.059
1.636
1.828
1.751
0.932
1.334
1.090
1.634
1.786
1.725
2.755
2.830
2.771
1.225
1.348
1.162
1.849
2.025
1.897
0.906
0.895
0.967
2.672
2.843
2.837
1.059
1.329
1.367
1.015
1.128
1.049
2.095
2.217
2.171
1.693
1.825
1.818
1.775
1.946
1.833
2.128
2.222
2.069
1.200
1.741
1.385
1.496
1.749
1.577
3.010
3.116
3.008
1.992
2.025
2.019
1.965
2.116
2.123
2.543
2.683
2.606
1.259
2.148
1.453
1.218
1.320
1.253
0.952
1.178
1.145
1.934
2.348
2.101
1.152
1.217
1.133
1.010
1.218
1.146
1.581
1.687
1.643
2.086
2.151
2.081
2.683
2.755
2.711
1.492
1.824
1.747
1.282
1.258
1.200
2.593
2.653
2.562
2.883
3.011
2.922
2.161
2.322
2.192
1.023
1.220
1.089
1.470
1.585
1.342
2.103
2.191
2.142
1.461
1.655
1.685
2.340
2.460
2.438
1.319
1.352
1.254
3.220
3.532
3.522
1.612
1.912
1.756
1.795
1.848
1.893
1.957
2.539
2.409
1.037
1.264
1.135
2.034
2.090
2.088
1.324
1.357
1.247
1.980
1.965
1.837
0.618
0.712
0.651
1.522
1.527
1.467
1.861
1.905
1.893
1.675
1.881
1.768
1.362
1.375
1.305
2.160
2.246
2.190
1.512
1.554
1.491
2.006
2.224
1.938
2.556
2.630
2.626
1.533
1.599
1.517
2.011
2.116
2.082
2.386
2.599
2.514
1.594
1.688
1.616
1.951
2.128
1.839
2.138
2.223
2.200
1.237
1.378
1.331
1.354
1.896
1.717
2.263
2.474
2.380
1.166
1.436
1.255
1.148
1.299
1.235
2.399
2.494
2.524
1.229
1.343
1.203
1.637
1.733
1.645
1.224
1.302
1.247
1.770
1.862
1.712
0.931
1.033
0.992
1.639
1.801
1.728
4.953
4.959
4.906
1.456
1.671
1.537
2.479
2.695
2.625
1.046
1.383
1.147
1.164
1.208
1.122
1.195
1.317
1.290
1.806
1.844
1.718
2.721
2.870
2.823
1.389
1.532
1.524
0.884
1.118
1.042
1.648
1.723
1.676
1.338
1.433
1.302
2.400
2.715
2.583
1.542
1.713
1.641
2.083
2.112
2.121
1.816
1.966
1.845
2.243
2.320
2.240
2.018
2.240
2.130
3.048
3.124
3.111
1.768
1.932
1.759
2.999
3.124
3.036
1.307
1.401
1.219
1.081
1.166
0.813
1.742
1.950
1.857
0.900
1.146
0.992
2.205
2.177
2.054
2.460
2.444
2.384
1.656
1.749
1.718
2.760
2.845
2.730
1.660
1.863
1.707
2.988
3.103
3.020
0.707
0.849
0.814
2.223
2.342
2.255
1.770
1.923
1.751
1.167
1.410
1.172
2.073
2.013
2.055
1.477
1.640
1.524
1.096
1.249
1.122
1.196
1.324
1.114
1.221
1.327
1.257
0.784
0.920
0.890
1.937
2.152
1.986
1.853
1.948
1.828
1.726
2.164
2.211
1.355
1.519
1.449
2.112
2.313
2.228
2.301
2.396
2.320
1.161
1.303
1.184
1.141
1.334
1.102
1.692
1.810
1.696
1.814
2.067
1.868
1.594
1.685
1.627
0.867
1.044
0.902
0.740
0.968
0.855
1.982
2.060
2.117
2.154
2.281
2.098
1.236
1.538
1.420
2.154
2.281
2.098
1.837
1.914
1.870
1.160
1.313
1.230
1.585
1.674
1.613
1.382
1.483
1.417
1.500
1.660
1.573
1.737
1.825
1.857
2.761
2.871
2.810
1.662
1.828
1.686
2.027
2.180
2.032
1.098
1.263
1.112
0.896
1.260
1.262
1.628
1.691
1.688
1.697
1.818
1.564
0.945
1.120
0.885
1.609
1.979
1.797
1.221
1.454
1.288
1.833
1.936
1.807
1.886
2.078
1.964
1.036
1.098
0.918
1.472
1.648
1.390
0.976
1.036
0.971
1.407
1.402
1.361
1.098
1.252
1.532
1.105
1.282
1.161
1.549
1.684
1.717
1.504
1.844
1.678
2.097
2.194
2.042
1.499
1.563
1.521
1.561
1.704
1.694
1.521
1.622
1.449
1.905
2.052
1.933
2.191
2.262
2.152
0.861
1.020
0.754
2.013
2.184
1.952
1.531
1.702
1.791
1.275
1.367
1.297
2.190
2.303
2.267
1.334
1.418
1.275
1.388
1.442
1.419
1.391
1.454
1.332
1.515
1.670
1.577
1.508
1.770
1.525
2.106
2.139
2.014
1.859
2.047
1.845
1.544
1.500
1.422
1.310
1.406
1.281
1.691
1.792
1.616
1.553
1.744
1.618
1.163
1.295
1.150
2.974
3.182
2.978
2.499
2.752
2.735
2.761
2.928
2.795
2.021
2.314
2.260
1.569
1.675
1.522
1.117
1.228
1.192
1.797
1.820
1.808
1.269
1.396
1.345
1.031
1.207
0.896
2.989
3.182
3.127
2.992
3.057
2.837
2.581
2.587
2.672
1.988
2.082
2.019
1.032
1.200
1.048
1.496
1.642
1.568
2.891
2.984
2.918
2.256
2.401
2.260
1.172
1.360
1.260
1.140
1.501
1.237
1.195
1.330
1.206
1.591
1.730
1.669
3.187
3.339
3.428
1.037
1.278
1.028
1.645
1.877
1.709
1.381
1.521
1.454
1.643
1.653
1.603
2.001
2.369
2.246
1.067
1.294
1.171
0.952
1.166
1.093
0.947
1.107
0.969
1.353
1.462
1.430
1.702
1.802
1.762
1.828
1.876
1.827
0.864
1.061
0.960
1.677
1.792
1.697
2.426
2.498
2.584
0.775
0.971
0.911
1.306
1.446
1.386
1.901
1.971
1.866
1.216
1.243
1.073
1.572
1.602
1.538
1.111
1.315
1.125
0.910
1.004
0.951
1.287
1.374
1.274
1.489
1.603
1.651
1.730
1.922
1.907
1.730
2.090
2.025
1.285
1.404
1.303
1.258
1.508
1.312
1.858
1.990
1.887
1.808
2.020
1.837
1.074
1.325
1.120
0.951
1.159
0.997
2.711
2.679
2.594
2.179
2.371
2.287
1.653
1.800
1.554
1.622
1.596
1.626
1.412
1.461
1.528
1.715
1.916
1.729
0.908
1.172
0.982
1.570
1.599
1.614
1.941
1.970
1.876
1.100
1.300
1.170
1.907
1.981
1.926
2.298
2.372
2.250
1.309
1.423
1.357
1.886
1.935
1.879
2.798
2.817
2.727
1.106
1.205
1.123
1.927
1.964
1.962
2.421
2.659
2.488
1.348
1.330
1.231
1.498
1.689
1.579
1.096
1.166
1.078
3.253
3.333
3.153
1.856
2.075
1.855
1.612
1.758
1.695
1.367
1.677
1.519
2.191
2.235
2.245
2.611
2.847
2.980
2.462
2.768
2.563
1.610
1.734
1.627
1.261
1.480
1.361
1.361
1.561
1.463
1.321
1.405
1.413
1.544
1.745
1.669
2.617
2.629
2.560
1.972
2.045
2.026
1.497
1.538
1.451
2.661
2.727
2.662
2.558
2.617
2.667
2.152
2.263
2.144
2.107
2.166
2.108
2.398
2.645
2.390
1.530
1.792
1.855
1.574
1.725
1.660
2.138
2.266
2.250
1.892
2.142
1.878
1.656
1.858
1.753
1.656
1.777
1.803
1.927
2.002
1.834
1.588
1.638
1.606
2.985
3.056
2.963
2.082
2.115
2.075
2.521
2.820
2.659
3.089
3.280
3.175
2.098
2.182
2.163
0.629
0.723
0.695
1.522
1.713
1.929
2.033
2.134
2.055
1.633
1.719
1.689
0.773
0.885
0.861
1.627
1.761
1.601
3.082
3.151
3.109
1.526
1.761
1.489
1.991
2.151
2.064
2.847
2.927
2.919
1.650
2.073
2.019
2.498
2.583
2.488
0.928
1.052
0.904
1.942
2.021
1.966
2.129
2.358
2.065
2.117
2.203
2.074
2.084
2.305
2.258
1.675
1.849
1.597
2.057
2.076
2.204
1.892
1.858
1.707
1.299
1.405
1.373
1.869
2.210
1.874
2.605
2.610
2.294
0.841
1.067
0.986
1.375
1.446
1.286
1.596
1.727
1.682
1.388
1.484
1.345
2.230
2.182
2.134
2.434
2.600
2.392
1.540
1.555
1.523
1.227
1.301
1.208
2.140
2.109
1.982
1.289
1.539
1.388
1.823
2.025
2.054
1.979
2.299
2.200
1.855
1.889
1.767
1.291
1.454
1.251
1.861
1.916
1.832
2.094
2.245
2.111
3.161
3.146
3.125
1.113
1.214
1.123
2.932
3.103
2.947
1.546
1.689
1.636
1.391
1.311
1.350
1.936
1.990
1.811
1.315
1.529
1.425
1.733
1.892
1.779
2.346
2.328
2.398
1.694
1.837
1.769
1.127
1.132
1.109
1.703
1.804
1.774
2.558
2.714
2.305
1.649
1.797
1.680
2.014
2.034
1.995
0.695
0.932
0.886
1.689
1.730
1.679
2.055
2.087
2.043
1.201
1.377
1.255
1.059
1.273
1.082
1.594
1.777
1.482
1.287
1.411
1.372
1.751
1.847
1.782
1.872
2.014
1.726
1.376
1.430
1.313
2.175
2.266
2.170
1.085
1.216
1.208
0.689
0.786
0.640
2.534
2.674
2.550
1.226
1.350
1.330
0.974
1.061
1.040
1.246
1.286
1.349
0.706
0.761
0.755
1.746
1.793
1.772
2.173
2.330
2.128
0.878
0.952
0.965
1.471
1.519
1.541
2.314
2.542
2.432
1.774
2.007
1.907
1.289
1.359
1.364
1.165
1.201
1.191
1.341
1.519
1.442
1.711
1.785
1.746
1.120
1.205
1.199
2.176
2.265
2.224
1.613
2.273
1.605
1.331
1.472
1.379
1.202
1.449
1.255
2.382
2.373
2.395
1.660
1.739
1.676
1.969
2.078
2.007
1.143
1.251
1.130
3.307
3.425
3.186
1.477
1.705
1.631
1.582
1.643
1.419
1.062
1.347
1.258
1.362
2.120
2.040
1.878
1.993
1.814
2.120
2.352
2.224
2.257
2.246
2.236
1.296
1.426
1.181
2.678
2.774
2.616
1.523
1.638
1.559
1.567
1.784
1.606
1.722
2.070
1.869
1.492
1.667
1.573
0.942
0.977
0.888
1.396
1.406
1.322
1.163
1.323
1.235
1.704
1.775
1.662
1.522
2.010
1.542
1.250
1.305
1.192
0.909
1.027
0.984
1.281
1.284
1.303
1.111
1.221
1.140
1.935
2.061
1.917
1.112
1.237
1.212
1.258
1.457
1.257
2.381
2.488
2.457
1.120
1.325
1.171
1.306
1.545
1.394
1.804
1.877
1.863
1.205
1.317
1.269
1.405
1.440
1.371
1.361
1.473
1.387
1.071
1.311
1.128
1.399
1.580
1.516
2.759
3.411
2.687
1.887
2.074
1.957
3.030
3.074
2.966
1.724
1.758
1.613
1.603
1.735
1.620
2.424
2.448
2.330
0.752
0.858
0.705
1.708
1.919
2.014
1.516
1.622
1.486
1.610
1.874
1.716
1.665
1.752
1.555
2.826
2.902
2.937
2.383
2.584
2.514
1.709
1.880
1.688
1.823
1.949
1.727
1.131
1.178
1.182
1.812
1.831
1.802
1.257
1.416
1.361
1.547
1.606
1.921
1.804
1.907
1.876
1.599
1.788
1.651
2.226
2.359
2.205
1.180
1.329
1.249
1.653
1.827
1.773
2.039
2.060
2.034
1.977
2.016
2.012
2.386
3.185
3.144
2.223
2.336
2.236
1.721
1.930
1.782
1.355
2.086
1.375
1.672
1.992
1.742
1.543
1.544
1.563
1.937
2.103
1.967
1.597
1.843
1.732
2.083
2.343
2.345
0.417
0.707
0.578
1.363
1.449
1.361
1.828
2.044
1.921
1.708
2.314
2.324
1.900
1.973
1.684
1.052
1.150
1.089
1.404
1.682
1.550
1.981
2.072
1.946
1.276
1.279
1.242
1.343
1.398
1.363
1.628
1.777
1.602
1.812
1.843
1.852
2.271
2.289
2.288
2.002
2.056
2.031
1.532
1.723
1.614
1.592
1.739
1.662
0.741
0.918
0.861
1.007
1.079
1.056
2.094
2.159
2.117
1.303
1.387
1.292
1.250
1.530
1.336
1.040
1.195
1.118
1.327
1.502
1.257
0.825
1.335
1.326
1.008
1.052
0.922
1.883
1.982
1.903
2.141
2.308
2.140
1.487
1.631
1.573
1.487
1.761
1.682
1.840
1.854
1.888
1.256
1.410
1.410
2.035
2.109
2.048
1.410
1.626
1.497
1.345
1.423
1.298
1.759
1.811
1.759
1.657
1.723
1.662
1.562
1.752
1.492
1.615
1.722
1.632
1.323
1.504
1.346
2.547
2.603
2.587
1.405
1.517
1.434
1.875
1.940
1.903
2.175
2.354
2.218
2.101
2.211
2.169
0.831
1.020
0.838
1.633
1.785
1.689
2.466
2.475
2.469
1.940
2.003
2.421
2.535
2.593
2.553
1.001
1.147
1.061
2.175
2.373
2.183
2.012
2.097
1.966
3.756
3.857
3.840
0.879
0.988
0.871
1.635
1.746
1.647
1.542
1.750
1.632
1.414
1.436
1.433
2.103
2.292
2.036
2.867
2.987
2.861
1.626
1.664
1.813
1.728
1.837
1.806
0.732
0.902
0.809
1.903
1.971
1.921
2.945
3.008
2.882
1.786
1.991
1.801
1.164
1.281
1.156
1.950
2.062
1.990
1.441
1.482
1.477
2.052
1.952
2.062
1.421
1.584
1.372
2.356
2.580
2.432
0.850
1.039
0.888
2.156
2.393
2.190
1.188
1.319
1.143
1.333
1.401
1.337
1.112
1.261
1.151
1.112
1.261
1.151
1.117
1.291
1.248
2.360
2.469
2.340
2.223
2.253
2.242
1.694
1.938
1.791
0.879
1.081
1.198
1.837
1.981
1.706
1.429
1.446
1.474
1.229
1.398
1.277
1.452
1.514
1.489
2.874
2.975
2.944
1.684
1.703
1.813
1.002
1.155
0.943
1.846
2.040
1.832
2.929
3.053
2.948
1.255
1.434
1.310
1.178
1.231
1.016
1.891
2.032
1.912
1.614
1.847
1.673
1.116
1.193
1.139
2.291
2.341
2.258
1.008
1.450
1.269
0.965
1.262
0.998
1.078
1.208
1.116
0.777
0.864
0.889
1.915
2.182
2.045
1.815
1.951
1.772
1.375
1.567
1.191
1.467
1.541
1.363
1.910
2.052
1.987
2.066
2.155
2.146
1.886
1.946
1.932
1.351
1.469
1.448
1.830
2.055
1.961
1.086
1.128
1.050
2.298
2.452
2.317
1.229
1.394
1.271
2.310
2.302
2.341
1.121
1.382
1.214
1.408
1.560
1.465
1.290
1.351
1.288
2.697
2.865
2.749
3.028
3.223
3.077
1.852
1.829
1.769
2.171
2.438
2.396
2.029
2.222
2.199
3.541
3.574
3.517
1.823
2.073
1.910
0.710
0.954
0.842
3.143
3.264
3.683
0.996
1.261
0.955
1.509
1.700
1.522
0.927
1.013
0.830
2.357
2.434
2.172
2.037
2.166
2.065
1.618
1.902
1.764
1.601
1.731
1.595
1.188
1.342
1.263
2.159
2.188
2.119
1.908
2.011
1.903
1.492
1.742
1.560
1.651
1.846
1.705
0.791
1.013
0.849
0.922
1.036
0.971
2.135
2.259
2.205
1.449
1.568
1.421
1.810
1.966
1.881
1.492
1.565
1.511
1.437
1.865
1.461
2.589
2.629
2.569
1.567
1.710
1.641
1.810
1.948
1.873
1.622
1.773
1.597
2.809
2.750
2.737
1.348
1.447
1.416
1.993
2.185
2.021
1.068
1.311
1.124
1.255
1.273
1.244
2.156
2.283
2.198
2.277
2.408
2.349
2.682
2.930
2.895
1.550
1.664
1.549
1.550
1.664
1.549
4.207
4.343
4.229
1.022
1.149
1.040
2.539
2.524
2.573
1.074
1.332
1.058
1.486
1.506
1.479
1.709
1.747
1.761
1.651
1.784
1.654
1.720
1.822
1.738
1.371
1.583
1.378
2.899
3.019
2.951
2.083
2.234
2.095
1.503
1.527
1.511
1.488
1.591
1.513
2.757
2.898
2.800
3.727
3.790
3.704
1.074
1.332
1.058
0.838
1.083
0.929
2.007
2.096
2.047
2.467
2.479
2.381
2.024
1.964
1.986
1.284
1.491
1.369
2.114
2.432
2.143
1.603
1.757
1.724
0.737
0.909
0.808
2.379
2.388
2.428
2.083
2.359
2.123
3.561
3.686
3.635
1.060
1.209
1.035
1.781
1.842
1.798
1.779
1.992
1.880
2.022
2.119
2.080
1.748
1.850
1.851
1.915
2.263
2.106
1.644
1.758
1.684
2.390
2.509
2.409
1.647
1.731
1.594
2.365
2.389
2.384
2.118
2.189
2.154
1.481
1.655
1.598
1.441
1.727
1.489
1.602
1.641
1.596
2.195
2.265
2.063
1.425
1.549
1.490
2.687
2.746
2.557
1.939
2.157
1.948
2.643
2.773
2.645
2.112
2.197
2.152
1.448
1.604
1.586
1.831
2.034
1.957
1.426
1.550
1.293
1.372
1.516
1.454
1.963
2.045
1.942
1.738
1.810
1.704
1.707
1.942
1.872
1.750
1.815
1.724
1.223
1.414
1.265
1.170
1.333
1.357
1.427
1.491
1.473
2.179
2.268
2.217
0.869
1.093
0.880
2.227
2.389
2.345
2.375
2.512
2.540
2.763
2.873
2.933
2.947
3.080
3.006
1.662
1.763
1.691
2.166
2.322
2.169
1.272
1.482
1.463
1.477
1.514
1.402
1.039
1.277
1.149
2.271
2.360
2.311
2.655
2.793
2.558
0.972
1.148
1.104
1.726
2.003
1.752
1.740
1.658
1.643
1.593
1.739
1.641
1.919
2.127
1.979
1.541
1.673
1.626
1.670
1.766
1.685
1.898
2.129
1.967
1.276
1.449
1.418
1.226
1.387
1.276
1.959
2.222
2.044
1.459
1.486
1.502
1.062
1.095
1.087
1.300
1.667
1.407
1.881
2.033
1.967
1.730
1.839
1.758
3.106
3.261
3.225
1.406
1.682
1.565
3.173
3.337
3.298
1.460
1.538
1.505
2.350
2.993
2.421
0.895
1.062
0.986
2.029
2.371
2.192
2.173
2.173
2.127
2.880
3.060
2.998
2.609
2.648
2.576
1.371
1.576
1.346
1.681
1.802
1.743
1.395
1.547
1.451
1.166
1.410
1.218
1.049
1.271
1.153
2.080
2.213
2.082
2.079
1.911
1.886
1.427
1.611
1.576
0.984
1.105
1.026
1.133
1.248
1.176
1.792
1.986
1.816
1.643
1.798
1.645
1.544
1.818
1.569
2.248
2.540
2.409
1.326
1.356
1.274
2.840
2.886
2.884
2.776
3.089
2.569
1.082
1.372
1.158
1.751
1.820
1.485
1.367
1.647
1.535
1.646
1.629
1.558
1.383
1.492
1.359
3.080
3.029
3.037
1.982
2.142
2.082
1.517
1.698
1.547
1.758
1.905
1.843
1.344
1.409
1.227
1.251
1.582
1.209
1.801
1.945
1.734
0.828
1.100
0.947
1.033
1.220
1.163
1.411
1.499
1.397
1.990
2.098
2.033
1.297
1.479
1.340
1.628
1.694
1.649
2.398
2.548
2.451
2.348
2.405
2.086
1.646
1.724
1.694
1.646
1.658
1.729
0.603
0.616
0.605
1.411
1.535
1.421
0.974
1.176
1.057
1.347
1.445
1.444
1.373
1.532
1.374
1.164
1.481
1.317
1.297
1.334
1.256
2.957
3.032
2.911
1.580
1.679
1.700
1.657
1.725
1.679
1.775
1.873
1.779
1.935
1.919
1.930
1.754
1.819
1.781
1.474
1.585
1.358
2.435
2.480
2.471
1.049
1.186
1.087
1.459
1.525
1.537
0.982
1.095
0.910
1.588
1.851
1.486
2.106
2.062
2.040
1.357
1.449
1.349
1.623
1.664
1.666
1.905
2.108
2.070
1.305
1.526
1.334
0.765
0.956
0.879
0.725
0.768
0.758
1.564
1.803
1.735
2.360
2.339
2.259
2.018
2.103
1.871
1.238
1.403
1.319
0.932
1.109
1.011
1.559
1.702
1.579
1.958
2.009
1.897
2.397
2.468
2.375
2.079
2.171
2.125
2.231
2.397
2.231
1.059
1.246
1.246
1.390
1.589
1.430
1.130
1.307
1.167
2.667
2.806
2.778
1.759
2.027
1.661
0.864
1.043
0.970
0.906
1.140
0.906
0.906
1.140
0.906
2.842
3.002
2.958
2.215
2.505
2.456
2.168
2.348
2.281
1.286
1.553
1.393
1.096
1.164
1.017
1.057
1.213
1.114
1.585
1.631
1.666
1.289
1.427
1.314
1.083
1.354
1.155
1.547
1.510
1.523
1.707
1.813
1.684
1.280
1.422
1.346
1.462
1.532
1.550
2.434
2.735
2.532
1.517
1.694
1.576
0.753
1.060
0.946
1.048
1.202
1.151
1.442
1.570
1.477
1.852
1.930
1.771
1.660
1.771
1.625
2.069
2.109
2.122
0.959
1.098
0.965
1.187
1.351
1.221
1.420
1.550
1.499
1.309
1.564
1.299
1.445
1.611
1.499
1.242
1.296
1.253
0.952
1.231
0.985
1.984
2.113
2.089
1.181
1.235
1.174
1.288
1.393
1.296
1.458
1.632
1.502
0.953
1.118
0.939
1.474
1.660
1.508
1.432
1.587
1.352
1.384
1.530
1.292
1.097
1.164
1.087
1.835
1.881
1.733
0.567
0.683
0.627
1.152
1.276
1.163
2.410
2.542
2.454
2.393
2.619
2.448
2.312
2.392
2.370
1.610
1.683
1.666
0.859
1.082
0.955
2.595
2.702
2.568
1.141
1.419
1.263
2.660
2.753
2.667
1.120
1.222
1.213
1.217
1.262
1.179
1.661
1.812
1.691
1.393
2.091
1.601
2.276
2.316
2.266
2.138
2.225
2.159
1.246
1.305
1.148
1.584
1.883
1.695
1.305
1.416
1.341
1.545
1.600
1.481
0.665
0.803
0.740
2.751
2.926
2.948
2.117
2.160
2.059
2.813
2.856
2.805
1.212
1.404
1.488
1.791
1.996
2.058
1.745
1.864
1.826
1.269
1.486
1.209
1.625
1.667
1.636
2.342
2.519
2.455
2.342
2.589
2.455
1.168
1.279
1.145
3.009
3.040
3.035
2.236
2.357
2.333
1.808
1.964
1.765
2.212
2.237
2.209
1.177
1.287
1.133
2.462
2.616
2.594
1.301
1.384
1.379
1.747
1.932
1.926
1.505
1.585
1.414
2.512
2.709
2.419
1.525
1.580
1.490
2.004
2.039
2.009
2.460
2.545
2.429
3.058
3.263
3.179
1.519
1.765
1.723
1.720
1.988
1.567
2.764
2.740
2.761
1.275
1.342
1.262
1.912
2.073
1.957
1.194
1.393
1.290
1.432
1.473
1.402
1.853
1.939
1.786
1.365
1.610
1.432
2.789
3.112
2.958
0.999
1.212
1.040
1.563
1.692
1.504
2.416
2.683
2.497
1.177
1.312
1.211
1.441
1.606
1.505
1.936
2.040
1.999
2.823
2.936
2.928
1.504
1.568
1.460
1.265
1.407
1.369
2.687
2.716
2.701
2.419
2.626
2.474
0.954
1.173
0.997
2.104
2.059
2.123
1.000
1.189
1.625
2.377
2.517
2.591
1.560
1.796
1.512
1.759
1.788
1.799
2.453
2.608
2.472
1.698
1.801
1.660
1.048
1.130
1.090
1.342
1.495
1.379
2.577
2.752
2.629
2.197
2.275
2.198
1.128
1.301
1.253
1.890
1.964
1.939
2.270
2.382
2.316
1.801
1.968
1.809
1.546
1.717
1.496
1.685
1.993
1.753
1.230
1.274
1.173
2.201
2.319
2.207
1.632
1.667
1.600
1.559
1.800
1.614
1.011
1.252
1.079
2.405
2.416
2.382
1.785
1.798
1.770
1.800
1.930
1.729
1.135
1.210
1.107
1.391
1.469
1.568
1.123
1.184
1.080
2.038
2.094
2.083
2.010
1.940
1.993
2.237
2.236
2.246
1.153
1.244
1.139
1.417
1.547
1.467
1.609
1.863
1.915
2.545
2.645
2.531
0.842
1.033
0.936
1.516
1.555
1.520
1.965
2.144
2.175
1.821
2.037
1.951
1.821
2.119
2.041
1.952
2.530
2.397
1.794
1.826
1.836
1.352
1.367
1.327
1.303
1.327
1.294
2.620
2.749
2.546
1.180
1.288
1.190
2.167
2.359
2.302
1.228
1.253
1.161
0.630
0.893
0.788
2.534
2.563
2.552
1.507
1.748
1.608
1.188
1.347
1.155
2.068
2.210
2.148
1.476
1.592
1.591
0.910
1.186
1.091
1.210
1.278
1.210
1.518
1.741
1.596
2.532
2.668
2.551
1.683
1.757
1.793
1.243
1.379
1.315
1.438
1.482
1.389
1.950
2.137
2.025
1.299
1.381
1.250
1.385
1.453
1.420
1.252
1.346
1.291
2.013
2.271
2.056
2.173
2.209
2.116
1.265
1.293
1.125
2.291
2.344
2.136
1.199
1.420
1.286
1.464
1.912
1.724
1.929
2.028
1.831
1.388
1.381
1.373
1.525
1.695
1.611
1.728
1.741
1.728
0.824
0.928
0.877
1.506
1.784
1.588
2.743
3.030
2.708
2.306
2.368
2.291
1.750
1.975
1.883
0.969
1.434
1.033
0.566
0.720
0.661
1.074
1.189
1.097
1.014
1.152
1.077
1.884
1.917
1.849
1.020
1.370
1.204
1.248
1.525
1.293
1.350
1.443
1.374
1.069
1.160
1.172
0.783
0.972
0.822
1.782
1.892
1.789
1.625
1.785
1.585
0.979
1.248
1.072
1.160
1.524
1.458
1.517
1.718
1.656
1.618
1.639
1.450
1.662
1.795
1.711
1.726
1.714
1.509
1.731
1.830
1.758
1.420
1.645
1.320
0.612
0.751
0.654
1.804
2.276
1.943
1.959
2.018
1.952
1.791
1.615
1.643
1.507
1.730
1.418
1.385
1.584
1.417
1.741
1.761
1.677
1.315
1.464
1.356
1.598
1.871
1.579
1.135
1.221
1.114
1.859
2.047
1.740
1.202
1.577
1.256
1.030
1.186
0.943
3.452
3.540
3.455
2.201
2.281
2.195
2.503
2.661
2.534
1.712
1.823
1.638
1.057
1.153
1.070
1.645
1.698
1.647
1.982
2.067
1.968
0.867
0.929
0.881
1.192
1.415
1.401
4.205
4.213
4.153
1.514
1.680
1.484
2.430
2.550
2.270
1.318
1.444
1.411
1.126
1.277
1.079
1.072
1.212
1.161
1.532
1.635
1.578
1.745
2.007
1.978
1.221
1.361
1.301
1.405
1.478
1.446
0.858
1.100
1.022
2.216
2.413
2.353
0.854
0.906
0.875
1.071
1.182
1.087
2.477
2.763
2.596
1.887
2.091
1.915
1.327
1.820
1.551
1.327
1.480
1.256
1.259
1.317
1.206
0.888
1.125
1.021
1.466
1.611
1.363
1.173
1.288
1.220
1.417
1.434
1.395
2.371
2.444
2.281
1.892
2.191
1.986
1.596
1.697
1.643
2.311
2.364
2.286
0.805
0.903
0.797
1.261
1.468
1.413
2.066
2.188
2.238
1.540
1.631
1.533
1.271
1.397
1.361
1.906
1.997
1.841
2.513
2.595
2.522
1.830
1.865
1.845
1.547
1.622
1.564
1.610
1.816
1.719
1.736
1.943
1.862
1.322
1.407
1.318
1.990
2.062
2.052
0.922
1.077
0.981
1.877
1.958
1.844
1.624
1.687
1.689
2.023
2.063
2.050
1.063
1.297
1.183
1.020
1.370
1.204
2.238
2.488
2.359
2.057
2.128
2.072
1.354
1.500
1.309
1.094
1.341
1.195
0.911
1.106
0.957
1.349
1.469
1.307
1.739
1.933
1.888
1.230
1.383
1.334
1.329
1.464
1.144
0.919
1.201
1.058
1.902
1.991
1.891
1.238
1.381
1.241
1.386
1.682
1.529
0.954
1.122
1.000
0.774
0.915
0.882
1.729
1.878
1.778
3.171
3.315
3.193
0.913
1.073
1.020
1.813
1.915
1.751
1.828
1.745
1.753
2.062
2.150
2.096
1.710
1.799
1.708
1.350
1.551
1.457
1.002
1.224
1.062
0.769
0.825
0.695
4.212
4.308
4.251
2.202
2.253
2.200
1.737
1.814
1.737
0.546
0.640
0.568
1.086
1.214
1.027
1.008
1.187
0.988
1.008
1.200
0.988
1.469
1.520
1.440
1.192
1.299
1.189
1.217
1.468
1.274
1.339
1.429
1.276
2.637
2.712
2.581
1.699
1.812
1.592
1.281
1.343
1.288
2.756
2.794
2.718
2.033
2.153
2.102
2.289
2.283
2.378
1.112
1.307
1.216
3.514
3.585
3.507
1.751
1.823
1.710
0.957
0.987
0.989
2.231
2.346
2.322
3.184
3.154
3.296
1.991
2.029
1.732
2.596
2.643
2.589
1.821
2.029
1.864
1.602
1.783
1.720
1.731
1.971
1.891
1.450
1.469
1.353
1.489
1.655
1.567
1.156
1.272
1.202
1.499
1.624
1.593
1.268
1.261
1.272
1.283
1.517
1.365
1.273
1.406
1.303
1.344
1.514
1.328
1.539
1.620
1.578
1.359
1.471
1.210
2.260
2.464
2.236
1.530
1.593
1.492
1.418
1.528
1.439
2.173
2.273
2.216
0.870
1.143
1.119
0.998
1.097
1.035
1.779
1.716
1.793
1.801
1.994
1.826
1.218
1.287
1.261
1.349
1.435
1.201
2.076
2.149
2.063
1.718
1.766
1.738
1.608
1.565
1.532
1.145
1.228
1.175
1.103
1.240
1.085
1.620
1.821
1.606
1.010
1.082
0.994
0.971
1.008
1.246
1.346
1.351
1.238
2.212
2.268
2.312
0.581
0.722
0.684
1.745
1.772
1.687
0.629
0.802
0.694
1.054
1.215
1.024
2.068
2.376
2.153
2.274
2.350
2.307
1.790
1.915
1.866
2.810
2.895
2.855
1.175
1.309
1.281
0.979
1.061
0.950
0.878
0.953
0.863
2.671
2.931
2.609
1.902
1.952
1.883
1.189
1.314
1.182
2.106
2.288
2.084
1.325
1.352
1.314
1.563
1.756
1.582
1.435
1.672
1.552
1.170
1.269
1.084
0.877
1.158
0.988
2.096
2.104
1.903
0.933
1.154
1.016
1.429
1.556
1.485
1.557
1.579
1.500
1.205
1.260
1.117
3.086
3.213
3.143
2.251
2.329
2.249
1.786
1.836
1.677
1.993
2.099
2.010
1.820
1.882
1.839
1.436
1.626
1.481
2.138
2.220
2.170
1.661
1.760
1.712
2.677
2.769
2.678
0.923
0.962
0.836
2.621
2.631
2.522
1.437
1.781
1.689
2.117
2.165
2.130
2.035
2.224
2.106
1.084
1.150
1.034
0.925
0.981
0.934
1.099
1.245
1.150
2.884
2.941
2.853
1.433
1.476
1.439
2.209
2.501
2.217
1.055
1.346
1.173
2.190
2.308
2.212
1.180
1.552
1.664
1.445
1.571
1.411
2.183
2.572
2.496
2.409
2.549
2.375
2.019
2.243
1.944
1.387
1.546
1.443
0.648
0.949
0.804
1.324
1.325
1.278
1.041
1.225
1.072
1.115
1.671
1.774
2.856
2.895
2.851
1.280
1.384
1.293
2.055
2.109
2.157
1.681
1.780
1.660
2.294
2.553
2.471
1.597
1.668
1.664
2.326
2.369
2.285
1.653
1.847
1.815
1.038
1.223
1.132
1.205
1.767
1.326
0.990
1.112
0.972
4.285
4.346
4.299
1.325
1.365
1.221
2.247
2.376
2.215
2.242
2.359
2.264
2.633
2.736
2.673
1.127
1.483
1.305
1.624
1.740
1.558
1.141
1.342
1.246
1.826
2.276
1.964
1.625
1.799
1.689
1.340
1.487
1.380
1.328
1.523
1.383
1.323
1.387
1.250
1.384
1.549
1.431
1.227
1.335
1.274
0.708
0.827
0.818
1.359
1.485
1.350
1.824
1.935
1.767
1.795
1.990
1.786
1.212
1.246
1.202
1.625
1.722
1.632
1.282
1.461
1.363
1.285
1.296
1.179
1.775
1.842
1.778
1.321
1.330
1.212
1.560
1.627
1.557
1.717
1.772
1.721
2.032
2.091
2.020
1.921
2.154
1.920
1.993
2.108
2.067
2.016
2.133
2.150
1.011
1.112
1.031
1.422
1.650
1.281
1.138
1.171
1.129
1.939
2.127
2.166
1.964
2.143
1.874
1.915
2.068
1.879
0.957
1.066
0.802
2.005
2.077
2.032
1.782
1.884
1.733
1.896
2.013
2.050
1.525
1.698
1.513
1.610
1.718
1.670
2.532
2.654
2.593
2.016
2.098
2.060
1.087
1.193
1.100
3.157
3.203
3.188
1.923
2.071
2.053
2.975
2.952
2.945
1.411
1.553
1.291
1.494
1.609
1.530
2.238
2.285
2.209
1.194
1.287
1.274
1.968
2.017
1.964
1.672
1.856
1.821
2.142
2.212
2.069
1.512
1.556
1.463
1.283
1.344
1.236
0.850
1.147
1.009
1.011
1.711
1.154
1.881
2.108
2.052
2.547
2.684
2.606
1.109
1.322
1.102
1.614
1.871
1.634
1.358
1.428
1.155
1.469
1.584
1.560
0.832
1.275
0.934
1.289
1.372
1.355
0.856
0.994
0.910
1.165
1.321
1.480
1.052
1.235
1.117
2.053
2.222
2.121
1.644
1.787
1.710
1.637
1.816
1.586
1.737
1.907
1.798
1.054
1.305
1.251
2.462
2.413
2.372
2.360
2.474
2.474
2.875
2.948
2.865
0.831
0.970
0.904
2.349
2.396
2.197
1.725
1.889
1.771
2.975
2.962
3.030
1.259
1.314
1.178
1.497
1.675
1.590
1.303
1.449
1.309
2.904
2.895
2.686
1.794
1.929
1.837
1.055
1.315
1.110
1.055
1.348
1.110
1.446
1.723
1.482
1.034
1.192
1.075
1.245
1.261
1.171
1.411
1.638
1.358
1.411
1.620
1.364
1.295
1.358
1.291
4.340
4.332
4.412
1.455
1.621
1.476
1.175
1.342
1.099
1.597
1.656
1.610
2.237
2.300
2.283
2.183
2.356
2.207
0.721
0.900
0.779
0.848
0.998
0.943
1.555
1.626
1.495
1.727
1.837
1.823
1.234
1.391
1.273
1.993
2.139
2.083
1.186
1.256
1.027
1.394
1.514
1.418
1.819
1.789
1.782
1.798
1.883
1.868
0.948
0.956
0.844
1.666
1.704
1.651
1.750
1.821
1.750
1.816
2.028
2.007
0.871
1.269
1.007
1.708
1.766
1.755
1.142
1.232
1.128
1.642
1.766
1.710
1.594
1.741
1.584
1.082
1.246
1.170
2.806
2.859
2.782
1.844
1.905
1.741
1.227
1.278
1.180
2.453
2.595
2.532
3.096
3.074
2.883
1.292
1.397
1.276
1.278
1.397
1.251
4.240
4.242
4.317
1.292
1.417
1.383
0.928
1.141
0.947
1.301
1.357
1.275
1.578
1.669
1.582
1.746
1.912
1.791
2.028
2.374
2.224
0.893
1.034
0.851
1.289
1.493
1.380
1.637
1.878
1.782
1.277
1.407
1.338
1.177
1.299
1.226
1.390
1.610
1.524
1.591
1.662
1.710
1.402
1.554
1.396
1.155
1.248
1.205
2.197
2.290
2.123
0.899
1.147
1.009
1.584
1.731
1.658
1.996
2.219
1.875
1.352
1.446
1.359
0.924
1.109
1.007
1.344
1.587
1.352
1.816
1.857
1.816
1.329
1.627
1.479
1.628
1.869
1.791
1.359
1.335
1.316
2.377
2.474
2.378
1.324
1.516
1.381
2.451
2.662
2.477
1.139
1.250
1.054
2.992
3.125
3.056
1.156
1.487
1.143
2.150
2.379
2.297
1.664
1.757
1.702
0.739
0.865
0.806
1.370
1.522
1.458
1.046
1.377
1.337
1.016
1.029
0.847
2.552
2.747
2.591
2.874
3.015
2.733
2.247
2.260
2.286
0.924
1.248
0.999
1.091
1.215
1.086
2.483
2.612
2.518
1.460
1.610
1.537
1.748
1.946
1.831
1.023
1.319
1.114
1.843
1.945
1.781
2.300
2.341
2.306
2.240
2.405
2.380
2.113
2.307
2.296
2.098
2.246
2.192
1.208
1.319
1.226
1.016
1.219
1.193
1.248
1.634
1.331
2.373
2.526
2.443
2.652
2.846
2.642
1.363
1.499
1.514
1.294
1.425
1.316
1.145
1.259
1.184
1.253
1.474
1.385
0.997
1.077
1.064
1.421
1.514
1.427
1.490
1.684
1.599
1.369
1.463
1.327
1.801
1.981
1.991
2.060
2.020
2.056
1.793
1.870
1.800
1.883
1.857
1.909
0.943
1.061
1.035
2.281
2.398
2.291
1.709
2.081
1.925
0.797
1.009
0.927
1.404
1.573
1.465
1.289
1.338
1.339
0.913
1.432
0.956
1.363
1.616
1.484
4.010
3.991
4.033
1.420
1.901
1.540
2.152
2.225
2.103
1.497
1.284
1.429
0.926
1.146
0.967
2.062
2.353
2.044
1.273
1.714
1.332
2.474
2.516
2.524
1.430
1.785
1.672
2.123
2.283
2.250
1.238
1.258
1.219
2.020
2.201
1.845
1.578
1.777
1.725
1.466
1.686
1.568
1.615
1.896
1.801
1.471
1.638
1.517
1.682
1.877
1.804
1.554
1.588
1.558
2.218
2.349
2.283
1.622
1.699
1.585
1.878
1.928
2.010
2.081
2.070
1.969
0.821
1.044
0.935
0.883
1.036
0.961
1.659
1.743
1.650
1.676
1.880
1.729
1.294
1.394
1.745
1.128
1.574
1.204
0.844
1.177
0.990
1.059
1.215
1.099
1.522
1.619
1.556
0.549
0.853
0.692
1.526
1.708
1.526
1.190
1.264
1.166
1.204
1.291
1.211
2.495
2.678
2.297
1.240
1.424
1.279
2.458
2.530
2.441
1.426
1.636
1.631
2.321
2.328
2.207
1.167
1.389
1.264
1.619
1.767
1.686
2.363
2.523
2.281
1.556
2.004
1.723
1.300
1.331
1.330
1.059
1.096
1.078
2.063
2.122
1.915
1.565
1.626
1.539
1.540
1.571
1.512
1.648
1.724
1.679
1.240
1.479
1.264
1.190
1.330
1.253
1.069
1.099
1.052
1.203
1.317
1.184
1.122
1.233
1.200
1.192
1.344
1.153
1.638
1.663
1.547
0.812
0.915
0.867
2.084
2.221
2.043
1.845
1.996
1.860
1.534
1.626
1.569
0.977
1.205
1.036
1.187
1.304
1.159
1.303
1.452
1.402
1.849
1.924
1.900
1.588
1.761
1.642
2.194
2.341
2.138
1.930
2.029
1.875
0.962
1.211
1.016
1.620
1.762
2.004
1.033
1.174
0.978
0.812
0.953
0.917
1.743
1.973
1.703
1.920
2.031
1.949
1.890
2.125
2.415
2.025
2.264
2.581
1.890
2.125
2.415
2.025
2.264
2.581
2.025
2.264
2.581
1.890
2.125
2.415
1.823
2.045
2.315
1.300
1.412
1.303
0.859
1.162
0.904
1.426
1.469
1.413
1.855
1.915
1.830
1.557
1.753
1.474
1.745
1.940
1.809
2.396
2.438
2.564
2.647
2.641
2.634
1.720
1.769
1.610
1.283
1.395
1.291
2.497
2.636
2.557
1.977
2.119
2.028
0.855
0.944
0.900
1.637
1.880
1.631
1.216
1.403
1.296
1.209
1.384
1.301
2.172
2.221
2.004
0.846
0.984
0.907
1.543
1.849
1.653
1.460
1.623
1.529
1.759
1.788
1.754
2.120
2.213
2.051
2.174
2.269
1.814
2.887
3.123
2.900
1.247
1.338
1.254
0.936
1.065
1.009
1.146
1.204
1.145
1.380
1.426
1.410
1.589
1.668
1.501
1.913
2.032
1.960
2.305
2.436
2.699
0.839
0.930
0.871
1.138
1.244
1.169
0.750
1.004
0.860
1.748
1.887
1.548
1.128
1.214
1.111
1.503
1.548
1.399
1.174
1.305
1.120
1.538
1.699
1.599
1.307
1.500
1.319
1.675
1.668
1.653
1.476
1.661
1.493
1.558
1.579
1.454
3.073
3.039
2.976
1.502
1.570
1.452
1.827
2.017
1.833
1.993
2.019
1.919
1.057
1.199
1.061
1.521
1.568
1.538
2.531
2.669
2.458
1.045
1.140
1.089
1.495
1.532
1.483
1.457
1.557
1.484
1.177
1.378
1.192
1.419
1.438
1.368
1.699
1.908
1.733
1.113
1.239
1.104
0.856
0.936
0.896
2.825
2.914
2.900
4.202
4.256
4.206
0.979
1.097
0.917
1.809
1.928
1.785
1.809
1.952
1.969
1.437
1.514
1.438
1.544
1.725
1.641
2.655
2.694
2.551
1.750
1.847
1.768
1.644
2.065
1.771
1.792
1.891
1.781
1.800
1.920
1.735
1.058
1.266
1.157
1.271
1.368
1.254
1.840
1.905
1.892
1.743
1.852
1.779
1.242
1.324
1.560
0.984
1.375
1.081
1.334
1.411
1.440
1.921
2.078
1.984
1.687
1.795
1.774
1.820
1.924
1.882
1.469
1.516
1.519
0.947
1.270
1.102
1.611
1.798
1.646
1.928
2.045
2.017
1.770
1.904
1.837
1.122
1.240
1.190
1.565
1.585
1.584
1.580
1.807
1.630
2.453
2.462
2.379
3.587
3.757
3.601
0.909
0.877
0.868
2.365
2.447
2.387
0.958
1.172
1.154
2.132
2.209
2.052
1.656
1.692
1.572
0.984
1.112
0.870
1.076
1.123
1.076
1.519
1.651
1.572
1.224
1.247
1.356
1.251
1.305
1.278
1.399
1.660
1.430
1.990
2.224
2.016
1.422
1.437
1.397
2.221
2.298
2.229
1.444
1.619
1.376
2.060
2.173
2.093
1.963
2.180
1.922
2.009
2.102
2.074
1.764
1.966
1.821
1.563
1.619
1.551
1.563
1.651
1.590
1.314
1.569
1.436
1.923
2.049
1.934
1.970
2.270
2.103
1.481
1.649
1.522
1.969
2.093
1.909
1.858
1.948
1.859
0.893
1.150
0.988
1.339
1.467
1.499
1.237
1.428
1.355
1.077
1.368
1.238
2.039
2.140
2.046
1.752
1.914
1.804
1.622
1.834
1.738
1.871
2.039
1.790
0.661
0.815
0.776
0.962
1.298
1.116
0.995
1.032
1.010
1.313
1.522
1.364
1.445
1.617
1.532
1.997
2.032
1.966
1.816
1.884
1.829
1.280
1.590
1.224
1.467
1.536
1.453
1.587
1.782
1.711
1.727
1.816
1.685
0.900
1.647
1.158
1.430
1.525
1.395
2.174
2.275
2.229
1.066
1.149
1.104
0.993
1.064
0.912
2.064
2.169
2.113
3.498
3.485
3.462
1.487
1.724
1.652
1.632
2.142
1.757
1.745
1.915
1.726
1.093
1.143
1.084
1.809
1.813
1.593
0.745
0.845
0.768
1.190
1.216
1.162
0.811
0.975
0.848
1.026
1.162
1.109
0.724
0.989
0.961
0.621
0.805
0.692
2.041
2.087
1.978
1.895
1.948
1.921
1.590
1.666
1.598
1.727
1.734
1.723
1.123
1.315
1.118
1.676
1.716
1.573
2.451
2.613
2.520
1.111
1.312
1.209
1.510
1.653
1.622
1.331
1.493
1.360
0.932
1.064
0.931
1.513
1.760
1.587
1.880
1.968
1.900
1.683
1.771
1.606
1.537
1.904
1.580
1.233
1.308
1.208
2.598
3.215
2.646
1.927
1.945
1.883
1.070
1.103
0.908
2.426
2.419
2.467
2.154
2.209
2.152
1.582
1.640
1.590
2.004
2.060
1.884
2.780
2.942
2.725
1.916
1.913
1.697
1.712
1.755
1.561
0.831
0.981
0.853
1.435
1.634
1.496
1.258
1.859
1.254
0.803
0.991
0.938
1.012
1.321
1.043
1.012
1.399
1.154
2.429
2.426
2.462
1.110
1.457
1.227
1.016
1.111
1.041
1.047
1.375
1.032
2.486
2.514
2.472
1.256
1.412
1.295
2.140
2.531
2.290
1.843
1.938
1.868
1.388
1.548
1.396
2.229
2.284
2.217
1.657
1.752
1.695
1.803
2.054
1.775
0.860
0.961
0.881
1.099
1.440
1.337
1.283
1.347
1.236
1.017
1.130
0.925
2.095
2.385
2.233
1.267
1.746
1.849
2.067
2.142
2.019
1.847
1.913
1.940
1.545
1.629
1.488
2.320
2.397
2.368
2.101
2.292
2.261
1.689
1.775
1.763
1.553
1.642
1.581
1.125
1.217
1.127
2.026
2.451
2.007
0.886
1.088
0.981
2.030
2.135
2.138
2.196
2.643
2.299
1.631
1.748
1.685
1.509
1.839
1.667
1.906
1.977
1.923
1.505
1.421
1.438
1.380
1.474
1.384
0.789
0.906
0.654
1.217
1.222
1.419
1.858
2.008
1.952
1.252
1.754
1.121
0.829
0.899
0.791
1.528
1.992
1.390
1.873
2.064
1.758
2.938
3.032
2.939
1.067
1.172
1.060
3.130
3.205
3.152
1.726
1.727
1.666
1.327
1.447
1.349
2.489
2.644
2.544
1.466
1.649
1.559
0.950
1.022
0.959
0.977
1.070
1.047
1.565
1.625
1.285
1.772
2.151
1.954
1.644
1.713
1.692
1.284
1.737
1.795
1.906
1.998
1.892
1.100
1.172
1.136
3.069
3.166
3.099
1.509
1.548
1.465
2.212
2.321
2.226
1.229
1.265
1.265
0.774
1.009
0.938
0.774
1.009
0.938
0.774
1.009
0.938
1.480
1.682
1.468
1.067
1.185
1.041
1.186
1.365
1.168
1.850
1.957
1.855
0.927
1.058
0.995
1.001
1.246
1.065
0.962
1.067
0.956
1.159
1.333
1.169
1.159
1.485
1.326
1.355
2.039
1.495
1.163
1.211
1.381
1.115
1.287
1.163
1.659
1.771
1.660
1.222
1.335
1.211
1.709
1.758
1.731
1.492
1.791
1.698
2.155
2.311
2.230
1.078
1.213
1.149
1.372
1.507
1.408
0.793
0.956
0.874
1.227
1.286
1.256
1.784
1.978
1.701
1.378
1.424
1.426
1.977
2.583
2.085
2.121
2.159
2.085
1.181
1.249
1.202
1.622
1.582
1.615
0.928
0.968
0.806
2.732
2.925
2.769
1.933
2.152
2.040
1.141
1.166
1.134
0.998
1.351
1.047
1.799
1.875
1.691
1.625
1.695
1.645
0.661
0.797
0.673
2.322
2.459
2.253
1.767
1.913
1.761
1.047
1.248
1.054
0.951
1.030
0.943
1.605
1.737
1.620
1.531
1.653
1.433
1.872
1.987
1.974
1.083
1.294
1.140
1.352
1.506
1.501
1.740
2.006
1.748
1.207
1.253
1.207
1.512
1.596
1.778
1.233
1.300
1.233
0.747
1.084
0.790
2.756
2.784
2.753
1.358
1.518
1.431
0.996
1.211
1.086
1.793
1.956
1.855
2.810
2.935
2.759
1.628
1.654
1.771
0.838
0.888
0.866
2.101
2.218
2.213
0.977
1.044
0.978
2.373
2.446
2.459
3.882
3.971
3.869
3.330
3.491
3.510
1.315
1.584
1.349
1.504
1.467
1.384
1.497
1.568
1.503
1.151
1.308
1.194
2.455
2.603
2.449
1.576
1.743
1.611
1.023
1.115
0.866
1.776
1.843
1.494
2.152
2.153
2.070
1.237
1.476
1.308
2.910
2.950
2.925
1.744
1.814
1.781
2.184
2.274
2.157
0.897
1.043
0.949
1.231
1.330
1.161
1.266
1.210
1.237
1.266
1.557
1.344
1.326
1.597
1.423
2.462
2.708
2.572
1.207
1.301
1.115
1.401
1.469
1.371
1.357
1.644
1.656
0.878
1.016
0.912
1.312
1.792
1.166
1.240
1.367
1.153
1.211
1.332
1.268
1.094
1.209
1.160
2.642
2.601
2.631
3.194
3.277
2.855
3.137
3.458
3.315
1.968
2.173
1.879
1.968
2.102
1.879
1.598
1.757
1.580
0.948
0.964
0.863
1.529
1.685
1.591
0.944
1.136
1.056
1.054
1.128
1.045
2.157
2.319
2.124
1.448
1.595
1.524
1.228
1.262
1.087
1.557
1.575
1.496
1.156
1.296
1.246
1.549
1.671
1.575
1.117
1.233
1.155
1.664
1.880
1.931
0.977
1.133
0.990
1.531
1.441
1.248
2.059
2.202
2.074
1.236
1.357
1.289
0.883
0.965
0.848
2.408
2.587
2.411
1.836
1.901
1.848
1.294
1.354
1.274
1.298
1.489
1.531
1.338
1.447
1.373
1.503
1.625
1.504
2.495
2.686
2.658
0.895
0.926
0.841
0.895
0.925
0.946
1.624
1.852
1.668
1.186
1.424
1.165
1.708
1.724
1.657
1.264
1.307
1.281
1.648
1.724
1.686
1.811
1.911
1.686
1.307
1.460
1.380
1.452
1.698
1.426
1.964
2.218
1.883
1.862
1.945
1.905
1.420
1.541
1.492
2.127
2.243
2.239
1.368
1.563
1.458
1.327
1.487
1.281
1.526
1.682
1.573
1.431
1.467
1.375
1.985
2.213
2.002
1.670
1.767
1.532
2.052
2.408
2.328
1.913
2.052
1.783
0.828
0.989
0.903
1.108
1.261
0.854
0.999
1.110
1.032
2.138
2.265
2.000
1.842
1.894
1.788
1.103
1.393
1.215
1.533
1.630
1.532
0.899
1.018
0.952
1.892
2.043
1.932
2.382
2.540
2.065
0.828
0.989
0.903
1.733
1.793
1.717
1.973
2.082
1.955
0.810
0.968
0.883
1.115
1.352
1.131
1.187
1.307
1.219
0.810
0.968
0.883
1.417
1.524
1.436
0.888
1.071
1.010
1.189
1.255
1.514
2.605
2.711
2.700
1.416
1.656
1.538
1.484
1.559
1.435
0.810
0.968
0.883
1.235
1.359
1.215
0.810
0.968
0.883
0.821
0.950
0.832
1.069
1.246
1.118
1.209
1.262
1.249
0.955
1.049
1.018
1.420
1.737
1.549
0.786
0.937
0.700
0.786
0.961
0.769
0.786
0.987
0.769
2.195
2.398
2.313
1.651
1.951
1.721
0.698
0.952
0.814
1.307
1.447
1.375
0.828
0.989
0.903
1.295
1.442
1.342
1.690
1.723
1.633
1.158
1.376
1.167
0.775
0.894
0.829
0.823
1.620
1.090
2.097
2.212
2.039
2.254
2.164
2.176
1.005
1.073
1.038
1.635
1.736
1.652
1.437
1.574
1.437
0.860
0.999
0.927
1.095
1.264
1.132
1.143
1.355
1.248
0.810
0.968
0.883
1.066
1.337
1.116
1.033
1.224
0.935
1.345
1.380
1.129
1.819
1.863
1.814
1.869
1.928
1.832
1.387
1.401
1.378
1.131
1.304
1.170
1.837
1.989
1.933
1.142
1.271
1.139
1.514
1.734
1.620
1.611
1.729
1.556
1.143
1.813
1.329
1.794
2.064
1.877
1.434
1.679
1.401
1.402
1.589
1.366
1.070
1.187
1.146
0.954
0.976
0.936
3.093
3.073
2.953
1.046
1.127
1.067
1.888
1.929
1.890
4.640
4.653
4.519
0.996
1.094
1.041
1.026
1.277
1.132
1.226
1.343
1.118
2.120
2.245
2.126
3.506
3.674
3.620
1.162
1.438
0.968
0.970
1.163
1.087
1.666
1.895
1.745
0.928
0.983
0.896
1.137
1.219
1.175
1.226
1.546
1.327
1.488
1.826
1.564
2.281
2.491
2.368
1.816
1.919
1.827
1.310
1.510
1.406
1.549
1.738
1.582
2.177
2.298
2.190
1.315
1.429
1.356
1.583
1.631
1.543
1.517
1.606
1.576
2.109
2.193
2.058
1.445
1.343
1.745
2.747
2.782
2.748
1.686
1.932
1.737
1.784
1.931
1.829
1.339
1.439
1.368
1.943
2.003
1.976
1.970
2.008
2.014
1.437
1.571
1.485
1.282
1.382
1.293
1.388
1.579
1.496
0.921
1.074
0.994
1.588
1.679
1.633
1.460
1.716
1.638
1.373
1.584
1.449
1.756
1.782
1.815
1.961
2.137
2.122
2.640
2.730
2.581
1.788
1.948
1.803
2.250
2.383
2.314
1.658
1.734
1.710
1.195
1.373
1.209
1.630
1.712
1.647
1.396
1.379
1.443
1.445
1.645
1.552
0.657
0.766
0.757
1.042
1.168
1.139
1.250
1.425
1.251
2.362
2.387
2.388
1.937
2.197
2.130
1.226
1.290
1.203
2.287
2.341
2.240
1.317
1.498
1.408
2.677
2.721
2.655
2.233
2.391
2.258
1.909
2.169
1.977
2.475
2.640
2.478
1.148
2.015
1.453
2.988
3.198
3.090
3.041
3.122
3.020
1.953
2.162
1.999
1.559
1.629
1.598
1.512
1.631
1.577
0.990
1.088
1.079
1.423
1.452
1.419
2.959
3.053
3.003
2.450
2.522
2.477
1.118
1.288
1.195
1.894
2.004
1.999
1.016
1.254
1.101
1.494
1.526
1.498
1.626
1.651
1.627
1.297
1.611
1.449
1.323
1.588
1.422
1.120
1.297
1.237
2.563
2.530
2.557
2.605
2.623
2.680
1.133
1.256
1.225
1.391
1.489
1.432
1.498
1.500
1.461
0.939
1.043
0.947
2.154
2.209
2.238
1.414
1.902
1.863
0.716
0.950
0.869
1.045
1.107
0.963
2.151
2.199
2.080
0.905
1.126
1.025
1.791
1.818
1.748
2.126
2.328
2.138
1.569
1.627
1.628
1.079
1.354
1.254
1.430
1.507
1.399
1.834
1.784
1.558
3.054
3.195
3.171
1.600
1.731
1.604
0.940
1.127
1.013
3.205
3.220
2.937
1.943
1.937
2.338
1.226
1.341
1.194
2.605
2.600
2.441
2.386
2.625
2.394
1.759
1.847
1.792
1.159
1.363
1.254
1.936
2.262
2.255
1.396
1.551
1.552
1.648
1.734
1.442
1.584
1.657
1.809
1.001
1.098
1.066
0.823
0.948
0.897
1.325
1.528
1.423
1.325
1.528
1.423
1.325
1.528
1.423
2.298
2.406
2.289
1.080
1.256
1.004
1.857
2.035
1.955
0.815
0.850
0.867
1.723
1.875
1.762
1.133
1.428
1.418
0.928
1.087
0.950
2.143
2.233
1.904
1.617
1.914
1.667
1.175
1.344
1.194
1.176
1.323
1.278
2.558
2.718
2.245
1.412
1.498
1.475
2.258
2.543
2.496
1.739
1.860
1.772
1.139
1.214
1.120
1.230
1.418
1.353
1.702
1.658
1.556
2.129
2.269
2.002
1.978
2.101
1.855
1.395
1.579
1.491
1.274
1.390
1.308
0.796
1.124
0.934
1.632
1.525
1.473
2.035
2.052
1.982
1.852
2.118
1.987
1.156
1.299
1.248
2.405
2.456
2.248
0.977
0.989
0.890
1.158
1.324
1.008
1.749
1.906
1.767
2.427
2.489
2.179
0.928
1.001
0.890
0.849
0.922
0.806
0.911
1.042
0.887
0.670
0.811
0.734
0.778
0.899
0.827
1.356
1.519
1.430
1.275
1.268
1.252
1.028
1.197
1.108
1.268
1.315
1.226
1.674
1.743
1.547
2.057
2.140
2.093
1.070
1.167
1.102
0.993
1.063
1.042
1.011
1.195
1.066
1.313
1.399
1.284
1.954
2.175
1.947
1.359
1.536
1.502
0.541
0.658
0.590
1.152
1.133
1.094
2.600
2.539
2.603
1.516
1.725
1.598
1.209
1.387
1.261
1.242
1.319
1.250
1.632
1.757
1.500
1.109
1.155
0.861
1.245
1.492
1.462
0.822
0.944
0.828
2.240
2.426
2.288
1.919
2.038
1.973
1.460
1.659
1.471
1.233
1.428
1.327
1.891
2.093
1.992
1.152
1.272
1.161
1.013
1.152
0.914
0.919
0.940
0.874
1.793
1.885
1.845
1.430
1.483
1.489
1.430
1.654
1.489
1.713
1.963
1.830
1.669
1.867
1.632
0.771
0.959
0.975
2.594
2.735
2.560
0.960
1.043
0.981
1.519
1.579
1.523
1.080
1.133
1.087
1.515
1.657
1.614
0.399
0.717
0.587
1.178
1.432
1.446
1.895
2.035
1.813
0.833
0.919
0.869
2.132
2.258
2.050
1.459
1.613
1.454
1.212
1.215
1.268
1.603
1.786
1.558
2.086
2.250
2.163
1.569
1.716
1.558
2.200
2.323
2.188
1.248
1.406
1.340
1.327
1.610
1.404
0.930
1.156
0.991
1.796
1.884
1.838
1.560
1.735
1.630
0.912
1.105
1.015
0.912
1.105
1.015
2.110
2.159
2.164
0.964
1.174
0.974
1.752
1.806
1.752
1.745
1.868
1.729
0.800
0.899
0.789
1.386
1.472
1.371
1.536
1.676
1.494
2.465
2.499
2.391
1.899
2.032
1.949
1.750
1.933
1.784
2.761
2.759
2.704
1.737
2.030
1.841
1.101
1.157
1.093
1.603
1.780
1.652
1.980
2.223
2.110
1.711
1.938
1.695
1.317
1.423
1.404
1.943
2.087
1.922
1.650
1.885
1.739
1.498
1.618
1.499
1.000
1.170
1.071
1.334
1.480
1.434
0.778
0.907
0.800
1.017
1.092
0.997
0.891
1.008
0.932
1.711
1.778
1.752
1.291
1.371
1.363
1.258
1.562
1.294
1.714
1.910
1.787
2.318
2.981
2.435
1.757
1.940
1.913
1.313
1.453
1.339
0.969
1.074
1.020
1.301
1.270
1.086
1.241
1.524
1.386
1.184
1.261
1.221
1.145
1.177
1.131
1.935
2.092
1.987
1.981
2.102
2.074
1.303
1.407
1.291
2.365
2.519
2.198
1.028
1.063
0.997
1.475
1.591
1.408
2.875
3.006
2.938
0.979
1.179
1.090
2.314
2.377
2.324
1.516
1.646
1.461
1.198
1.436
1.280
2.367
2.792
2.439
1.893
1.971
1.896
2.205
2.261
2.255
1.024
1.148
1.037
0.973
1.081
1.022
2.550
2.732
2.576
2.001
2.136
1.776
1.304
1.447
1.322
0.618
0.831
0.719
1.828
1.924
1.875
1.218
1.401
1.248
2.829
3.015
2.922
1.592
1.740
1.684
1.742
1.865
1.900
0.891
1.101
1.027
0.973
1.081
1.022
1.960
2.022
1.931
1.007
1.318
1.148
0.992
1.140
0.846
0.920
0.991
0.893
1.617
1.729
1.666
0.875
1.055
0.921
1.641
1.819
1.712
1.206
1.262
1.255
0.969
1.074
1.020
0.883
0.967
0.884
1.193
1.198
1.135
1.163
1.292
1.126
1.209
1.229
1.196
0.782
0.964
0.822
1.434
1.510
1.431
0.896
1.090
1.021
1.247
1.378
1.326
0.973
1.081
1.022
1.813
1.878
1.804
1.296
1.385
1.324
0.890
0.894
0.760
0.992
1.116
0.990
1.724
1.841
1.667
1.293
1.422
1.270
0.896
0.985
0.956
1.729
1.794
1.719
1.216
1.423
1.263
2.431
2.497
2.354
0.973
1.081
1.022
1.060
1.236
1.154
1.077
1.218
1.118
0.850
0.950
0.805
2.838
2.861
2.780
1.231
1.531
1.374
2.072
2.232
2.006
0.843
0.939
0.867
2.340
2.481
2.433
1.463
1.541
1.418
2.036
2.116
2.003
1.521
1.636
1.536
1.852
1.900
1.853
1.254
1.374
1.324
1.239
1.627
1.362
1.994
2.167
2.045
1.751
1.941
1.817
2.377
2.577
2.509
1.304
1.428
1.367
1.923
1.947
1.972
1.776
1.748
1.739
0.708
1.059
0.811
1.402
1.625
1.457
1.943
2.056
1.991
1.391
1.450
1.298
1.377
1.386
1.055
1.752
1.953
1.903
1.179
1.316
1.244
1.909
2.137
1.902
1.643
1.986
1.800
2.516
2.559
2.522
2.304
2.349
2.352
1.839
2.104
2.012
1.340
1.736
1.354
1.791
1.871
1.712
1.844
2.023
1.949
2.334
2.310
2.318
0.885
1.006
0.880
1.426
1.649
1.564
1.917
2.042
1.989
1.574
1.884
1.570
1.767
1.936
1.822
1.652
1.670
1.565
0.924
1.018
0.961
1.281
1.237
1.380
1.810
1.890
1.792
0.903
1.078
0.905
0.903
1.078
0.905
1.514
1.661
1.570
1.467
1.464
1.396
1.076
1.199
0.957
0.853
0.980
0.759
1.441
1.646
1.568
0.700
0.709
0.699
1.123
1.273
1.165
0.860
1.006
0.862
2.550
2.632
2.702
1.318
1.443
1.363
0.981
1.124
1.015
1.118
1.451
1.093
1.960
2.071
1.921
1.325
1.374
1.298
2.400
2.582
2.435
2.093
2.092
2.078
1.831
1.936
1.862
0.974
1.071
0.898
2.277
2.443
2.402
0.889
1.025
0.954
1.414
1.509
1.396
1.598
1.724
1.641
2.034
2.129
1.945
2.694
2.717
2.731
0.864
1.040
0.961
1.242
1.452
1.389
2.149
2.474
2.168
1.232
1.328
1.463
1.587
1.727
1.666
0.956
1.073
0.985
1.444
1.548
1.428
1.331
1.400
1.255
3.585
3.697
3.653
1.829
2.227
1.979
0.991
1.115
1.042
1.147
1.244
1.133
1.430
1.464
1.465
1.074
1.156
0.980
1.483
1.534
1.493
0.889
0.925
1.307
1.214
1.336
1.291
1.848
2.107
1.895
0.961
1.134
1.022
2.913
3.003
2.980
3.227
3.286
3.185
2.100
2.429
2.204
1.362
1.496
1.418
1.848
1.854
1.843
1.478
1.706
1.537
2.299
2.467
2.374
1.345
1.410
1.336
1.530
1.762
1.646
1.455
1.655
1.518
1.017
1.184
1.070
0.851
0.939
0.840
1.198
1.276
1.264
1.277
1.487
1.359
0.967
1.080
0.924
2.113
2.292
2.228
1.326
1.518
1.400
1.217
1.288
1.211
1.883
2.080
1.786
1.522
1.613
1.616
1.451
1.612
1.494
1.113
1.237
0.931
2.453
2.487
2.432
0.889
1.139
0.919
0.889
1.044
0.919
2.324
2.502
2.185
1.711
1.881
1.810
1.422
1.528
1.430
1.147
1.366
1.239
0.784
0.894
0.814
0.831
0.981
0.857
1.281
1.405
1.300
0.911
0.928
0.890
2.334
2.453
2.308
1.196
1.273
1.080
1.053
1.199
1.071
1.055
1.209
1.069
2.617
2.758
2.559
3.316
3.395
3.281
1.459
1.517
1.451
0.943
1.004
1.001
0.930
1.028
1.005
1.524
1.549
1.502
2.022
1.989
2.037
1.129
1.323
1.179
1.000
1.170
1.068
0.815
1.072
0.888
1.949
2.050
1.951
0.854
0.919
0.837
1.068
1.083
1.102
0.973
1.081
1.022
0.973
1.081
1.022
1.465
1.590
1.527
1.144
1.245
1.164
1.521
1.815
1.652
0.717
0.931
0.868
2.013
2.178
2.181
2.740
2.731
2.758
0.959
1.164
1.049
1.189
1.295
1.006
1.829
1.963
1.861
1.838
1.945
1.827
1.151
1.218
1.156
1.591
1.741
1.586
0.944
1.167
1.109
0.992
1.076
0.927
2.791
2.911
2.847
1.926
1.980
1.909
1.977
2.034
2.005
2.035
2.182
2.061
0.952
1.186
1.081
1.429
1.496
1.423
1.933
2.090
2.021
1.877
2.131
1.718
1.499
1.778
1.498
1.348
1.488
1.387
2.722
2.845
2.684
1.155
1.234
1.211
1.256
1.347
1.250
1.297
1.456
1.376
1.915
2.042
1.937
1.063
1.097
1.042
0.761
0.958
0.850
2.101
2.308
2.091
1.186
1.308
1.214
0.992
1.193
1.155
1.166
1.456
1.267
3.063
3.255
3.113
1.796
1.857
1.797
1.868
1.884
1.839
1.771
1.812
1.712
1.224
1.326
1.116
1.352
1.564
1.462
0.925
1.036
0.970
1.749
1.826
1.724
1.187
1.329
1.252
1.800
2.018
1.940
2.233
2.542
2.275
1.521
1.561
1.467
1.709
1.804
1.652
1.561
1.636
1.563
1.079
1.144
1.168
1.909
2.009
1.909
1.582
1.582
1.608
1.263
1.334
1.286
1.331
1.486
1.409
1.978
2.158
2.060
1.508
1.590
1.569
1.459
1.537
1.494
1.508
1.697
1.413
1.027
0.887
0.899
0.802
0.865
0.824
1.317
1.381
1.361
0.953
1.035
0.961
0.953
1.040
0.978
1.546
1.561
1.530
1.237
1.386
1.284
1.286
1.564
1.369
1.202
1.376
1.298
1.309
1.390
1.346
0.723
0.887
0.778
0.872
0.935
0.924
0.764
0.881
0.815
1.045
1.244
1.085
1.040
1.258
1.165
1.514
1.754
1.646
0.924
1.151
1.083
1.455
1.674
1.528
1.308
1.330
1.333
1.233
1.270
1.235
1.555
1.712
1.565
3.307
3.371
3.286
1.912
2.115
2.061
1.082
1.220
1.154
1.012
1.051
0.915
1.278
1.550
1.338
2.015
2.249
2.124
1.190
1.424
1.268
1.363
1.490
1.405
1.210
1.368
1.130
0.829
0.943
0.872
1.272
1.498
1.364
0.841
0.875
0.723
1.302
1.484
1.349
0.648
0.879
0.705
1.531
1.578
1.501
1.303
1.880
1.340
0.989
1.127
1.060
0.941
0.947
0.897
1.145
1.299
1.116
1.219
1.287
1.289
0.779
0.904
0.822
0.720
0.869
0.727
1.845
2.440
1.967
1.223
1.262
1.226
1.052
1.172
1.103
2.124
2.275
1.994
1.704
2.196
1.845
3.365
3.485
3.322
1.239
1.300
1.068
0.756
0.891
0.895
0.923
1.029
0.994
1.305
1.280
1.169
1.666
1.864
1.714
1.090
1.379
1.188
1.228
1.502
1.514
1.479
1.567
1.518
1.509
1.707
1.533
0.986
1.131
1.047
1.589
1.718
1.577
1.171
1.340
1.330
1.349
1.452
1.317
0.860
1.220
1.075
1.453
1.528
1.450
2.328
2.363
2.338
1.107
1.158
1.236
2.271
2.374
2.125
1.797
1.832
1.586
1.126
1.226
1.140
2.020
2.037
1.981
1.306
1.520
1.734
1.200
1.278
1.213
1.873
1.959
1.828
2.117
2.284
2.138
1.176
1.689
1.598
2.104
2.108
2.056
1.067
1.342
1.076
0.859
0.921
0.827
0.468
0.590
0.521
0.865
0.946
0.884
1.625
1.801
1.563
1.063
1.152
1.136
1.053
1.104
1.089
1.143
1.213
1.148
1.524
1.632
1.551
2.186
2.259
2.091
1.612
1.740
1.807
1.111
1.190
1.196
0.590
0.707
0.640
0.822
0.964
0.859
1.217
1.412
1.097
1.233
1.322
1.236
0.590
0.707
0.640
0.541
0.681
0.610
0.590
0.707
0.640
2.026
2.048
1.994
1.913
1.983
1.888
1.704
1.758
1.667
1.522
1.746
1.656
1.040
1.132
1.065
1.417
1.603
1.414
1.353
1.405
1.282
0.778
0.862
0.785
1.895
1.983
1.871
1.584
1.732
1.642
2.427
2.409
2.382
1.432
1.591
1.509
1.071
1.381
1.124
0.980
1.072
1.056
1.123
1.174
1.157
1.060
1.383
1.160
1.233
1.516
1.345
0.791
0.972
0.921
1.319
1.335
1.333
1.349
1.447
1.409
1.427
1.605
1.422
0.934
1.128
0.990
1.351
1.453
1.289
1.778
1.858
1.691
2.557
2.616
2.586
1.158
1.296
1.042
1.691
1.908
1.898
0.751
0.885
0.852
1.796
2.017
1.870
2.113
2.137
2.135
1.592
1.705
1.638
1.592
1.705
1.638
1.350
1.460
1.431
1.946
1.983
1.896
1.457
1.568
1.501
1.375
1.445
1.423
1.390
1.628
1.360
2.635
3.000
2.763
1.606
1.834
1.631
0.586
0.860
0.693
3.155
3.215
3.080
1.764
2.014
1.863
1.653
2.092
1.957
2.452
2.515
2.407
1.859
1.902
1.827
1.323
1.558
1.473
2.280
2.425
2.218
1.907
2.151
2.013
2.503
2.782
2.628
2.268
2.313
2.172
1.361
1.611
1.424
1.973
2.050
2.023
1.207
1.332
1.287
1.170
1.408
1.290
1.475
1.533
1.455
1.836
1.969
1.852
1.448
1.561
1.291
2.048
2.203
2.081
1.615
1.807
1.747
2.356
2.443
2.381
0.996
1.197
1.032
1.441
1.650
1.460
1.725
1.886
1.781
0.912
0.988
0.817
1.805
1.949
1.723
1.906
1.810
1.837
1.990
2.026
1.795
1.895
1.908
1.860
2.238
2.328
2.284
1.942
2.149
2.018
1.525
1.809
1.756
1.721
1.862
1.750
2.104
2.209
2.142
1.498
1.733
1.488
1.531
1.770
1.593
1.965
2.200
1.970
1.147
1.215
1.100
1.404
1.667
1.519
1.746
1.812
1.637
1.980
2.101
2.088
0.717
1.060
0.927
1.317
1.487
1.373
1.018
1.215
1.057
1.462
1.728
1.601
1.336
1.594
1.496
1.120
1.524
1.125
1.120
1.449
1.170
1.589
1.873
1.718
0.851
1.053
0.883
1.414
1.491
1.350
1.933
2.025
1.990
2.499
2.685
2.565
2.479
2.685
2.585
1.947
1.995
2.001
1.380
1.530
1.424
1.680
1.832
1.716
0.925
1.150
1.032
2.378
2.373
2.351
1.636
1.700
1.520
1.989
2.115
2.048
1.273
1.547
1.292
1.660
1.663
1.691
1.448
1.660
1.557
1.214
1.200
1.087
1.849
2.027
1.827
0.941
1.043
0.970
2.050
2.128
1.751
0.904
1.032
0.996
1.662
1.804
1.649
1.257
1.461
1.261
0.846
0.876
0.803
1.547
1.617
1.541
1.910
2.017
1.906
1.290
1.477
1.274
1.665
1.826
1.765
1.278
2.088
1.482
2.648
2.783
2.734
1.758
1.901
1.805
1.312
1.332
1.031
1.364
1.439
1.540
2.076
2.157
2.105
1.158
1.404
1.300
1.960
2.157
2.078
0.801
0.912
1.204
1.497
1.734
1.613
2.523
2.594
2.393
1.494
1.754
1.595
1.289
1.455
1.434
1.296
1.259
1.216
0.978
1.027
0.972
1.604
1.765
1.682
1.400
1.541
1.451
1.096
1.423
1.191
1.232
1.300
1.223
1.527
1.691
1.528
1.202
1.246
1.227
2.007
2.078
2.039
1.541
1.708
1.590
1.008
1.111
1.015
0.847
0.923
0.872
1.312
1.366
1.285
1.445
1.781
1.529
1.294
1.435
1.448
1.408
1.546
1.354
1.408
1.610
1.568
1.908
2.044
1.992
1.484
1.674
1.500
2.809
2.907
2.832
1.332
1.555
1.429
1.779
2.006
1.789
0.933
1.073
0.940
1.323
1.479
1.397
0.589
0.720
0.640
1.034
1.107
0.998
1.914
1.907
1.858
1.970
2.050
1.891
0.938
1.071
0.878
1.574
1.678
1.518
1.946
2.079
1.947
0.971
1.078
0.952
1.699
1.869
1.690
2.020
2.089
2.151
1.341
1.449
1.365
2.867
2.985
2.872
1.610
1.853
1.614
1.749
1.856
1.796
1.318
1.476
1.369
1.279
1.342
1.283
1.854
1.935
1.857
1.333
1.561
1.408
1.453
1.539
1.439
1.532
1.827
1.547
2.882
2.941
2.931
1.836
1.962
1.795
0.964
1.262
1.082
1.172
1.264
1.228
1.078
1.021
1.010
1.082
1.119
1.085
0.834
0.893
0.783
0.893
1.067
1.045
1.921
1.949
1.885
0.903
1.152
0.860
1.683
1.778
1.665
1.471
1.687
1.944
1.318
1.450
1.329
1.347
1.434
1.331
1.559
1.774
1.622
1.016
1.139
1.031
2.279
2.314
2.296
1.937
1.982
1.908
1.998
2.143
2.171
1.326
1.446
1.392
1.951
2.091
2.048
0.589
0.720
0.640
1.281
1.374
1.334
1.450
1.482
1.473
1.286
1.440
1.303
1.695
1.870
1.760
1.578
1.662
1.603
1.393
1.495
1.443
1.286
1.525
1.484
1.281
1.334
1.231
1.354
1.244
1.283
1.109
1.157
1.110
1.126
1.492
1.256
1.983
2.326
2.343
1.120
1.184
1.114
0.908
0.976
0.839
1.447
1.559
1.334
1.014
1.142
1.069
0.809
0.971
0.820
0.913
1.005
0.905
0.883
1.051
0.937
2.012
1.991
2.114
0.423
0.647
0.558
1.425
1.584
1.490
1.431
1.573
1.448
0.600
0.713
0.651
1.894
1.934
1.823
1.226
1.377
1.339
1.277
1.349
1.221
1.547
1.807
1.607
1.755
1.806
1.720
2.036
2.165
2.090
0.958
1.102
0.948
1.192
1.299
1.111
1.643
1.992
1.801
0.792
0.994
0.868
1.355
1.543
1.435
2.300
2.340
2.251
1.111
1.395
1.265
1.376
1.639
1.502
2.324
2.386
2.289
1.328
1.423
1.428
0.967
1.169
1.011
1.420
1.422
1.344
1.528
1.615
1.562
1.545
1.778
1.587
1.180
1.326
1.073
1.566
1.798
1.542
1.397
1.517
1.474
1.086
1.171
1.164
1.669
1.779
1.666
1.706
1.862
1.537
1.970
2.384
2.354
2.436
2.430
2.357
2.325
2.335
2.392
1.400
1.451
1.360
1.382
1.432
1.370
2.718
2.862
2.562
2.141
2.431
2.132
1.908
2.047
2.000
1.552
1.528
1.403
1.535
1.563
1.499
2.293
2.455
2.403
2.970
3.130
3.029
1.040
1.173
1.071
0.933
1.098
0.879
1.344
1.416
1.365
2.021
2.260
2.008
1.671
1.744
1.667
1.516
1.623
1.495
1.059
1.241
1.145
1.153
1.243
1.141
1.377
1.422
1.671
1.115
1.184
1.079
1.740
1.912
1.721
0.938
0.987
0.935
1.686
1.814
1.710
1.345
1.432
1.494
1.459
1.628
1.484
1.501
1.687
1.560
1.284
1.481
1.383
1.506
1.700
1.557
1.376
1.494
1.446
2.338
2.442
2.360
1.296
1.423
1.372
2.023
2.151
2.063
1.204
1.415
1.254
2.104
2.180
2.046
1.789
1.896
1.718
0.971
1.041
1.060
2.225
2.306
2.202
1.136
1.347
1.146
1.731
1.853
1.524
1.706
1.744
1.624
0.902
0.955
0.866
1.435
1.443
1.083
1.210
1.395
1.305
1.982
2.153
2.016
1.289
1.753
1.477
2.080
2.118
2.121
1.107
1.141
1.057
1.969
2.130
2.115
0.920
1.168
1.067
1.437
1.706
1.613
1.944
2.198
2.009
1.374
1.628
1.583
1.688
1.910
1.658
1.688
1.928
1.850
2.369
2.395
2.351
1.283
1.288
1.275
2.152
2.162
2.166
1.444
1.516
1.448
1.750
1.755
1.716
2.118
2.198
2.138
2.706
2.787
2.716
1.218
1.391
1.138
1.234
1.355
1.166
1.582
1.745
1.341
2.568
2.698
2.533
1.349
1.484
1.297
1.525
1.595
1.552
1.217
1.411
1.180
1.060
1.389
1.142
1.602
1.557
1.326
1.304
1.749
1.655
1.173
1.275
1.200
1.828
1.970
1.756
1.401
1.331
1.275
1.504
1.564
1.801
1.524
1.568
1.251
1.589
1.637
1.601
1.191
1.251
1.053
1.112
1.307
1.081
2.328
2.375
2.242
1.645
2.009
1.817
1.325
1.817
1.521
1.557
1.826
1.706
1.269
1.286
1.165
1.240
1.865
1.365
1.350
1.497
1.474
1.604
2.104
1.721
1.673
1.885
1.757
2.637
2.755
2.595
1.736
1.921
1.778
0.878
1.147
0.905
2.250
2.453
2.333
1.567
1.770
1.675
2.139
2.354
2.278
2.423
2.602
2.574
3.241
3.183
3.273
1.959
2.085
2.007
1.725
1.759
1.729
1.132
1.259
1.219
1.888
1.986
1.891
1.491
1.570
1.464
1.964
2.140
2.055
1.778
2.517
2.786
0.952
1.144
1.017
2.272
2.337
2.124
1.721
1.836
1.837
1.118
1.173
1.124
2.282
2.365
2.273
1.603
1.830
1.747
1.927
2.061
1.927
1.611
1.651
1.537
1.173
1.314
1.143
1.659
1.836
1.675
0.877
1.010
1.029
1.668
1.792
1.666
1.895
1.843
1.843
1.984
2.105
1.864
0.918
0.956
0.914
1.937
2.078
1.946
1.161
1.529
1.287
1.185
1.341
1.270
0.666
0.787
0.727
2.385
2.269
2.162
0.846
1.083
0.950
0.916
1.065
0.853
0.834
1.040
0.830
0.964
1.114
0.937
2.484
2.730
2.524
1.845
1.909
1.700
0.878
0.998
0.893
1.884
2.215
1.953
1.282
1.679
1.251
1.249
1.337
1.544
2.411
2.595
2.562
2.505
2.560
2.427
1.593
1.916
1.529
2.278
2.531
2.440
1.512
1.571
1.571
0.908
1.015
1.114
1.073
1.344
1.196
1.488
1.734
1.629
1.239
1.262
1.280
1.190
1.367
1.300
1.061
1.129
1.087
0.926
1.096
1.043
1.787
1.979
1.834
1.829
2.044
1.820
2.612
2.697
2.331
2.397
2.465
2.371
0.918
1.080
1.002
1.888
1.955
1.866
1.594
2.176
1.734
1.019
1.085
1.012
1.295
1.319
1.293
2.177
2.156
2.086
1.223
1.314
1.280
0.915
1.087
1.006
0.987
1.064
0.926
0.850
1.058
0.894
1.150
1.168
1.166
1.244
1.366
1.315
1.654
1.798
1.618
1.452
1.594
1.676
2.252
2.430
2.370
1.475
1.537
1.528
1.258
1.258
1.239
1.274
1.307
1.259
1.911
2.077
1.989
1.529
1.650
1.628
1.521
1.647
1.539
1.540
1.606
1.591
1.248
1.387
1.301
1.577
1.581
1.584
1.117
1.274
1.230
1.168
1.269
1.222
3.204
3.193
3.131
1.398
1.697
1.496
1.623
1.726
1.725
1.824
1.860
2.266
1.628
2.004
1.508
2.032
2.105
2.081
0.503
1.026
0.901
0.973
1.146
0.992
1.471
1.581
1.506
1.509
1.635
1.572
1.241
1.393
1.324
1.781
1.928
1.729
1.142
1.453
1.232
1.007
1.108
0.983
1.341
1.415
1.301
1.809
1.954
1.702
2.361
2.584
2.308
1.994
1.997
1.937
0.974
1.199
1.048
1.095
1.268
1.181
1.087
1.270
1.137
1.417
1.515
1.478
1.005
1.222
1.158
0.854
0.881
0.854
1.212
1.301
1.253
1.327
1.401
1.341
0.909
0.982
0.921
2.037
2.161
2.016
1.540
1.778
1.706
0.784
0.881
0.811
0.981
1.209
1.002
1.184
1.369
1.282
1.311
1.410
1.153
1.645
1.838
1.720
1.326
1.306
1.339
0.664
0.857
0.628
1.167
1.312
1.257
1.503
1.801
1.677
1.421
1.636
1.515
1.656
1.746
1.673
1.596
2.002
1.796
1.127
1.247
1.090
1.959
1.994
1.870
1.426
1.500
1.409
2.062
2.226
1.995
1.027
1.161
0.932
1.120
1.301
1.220
0.878
0.969
0.887
1.119
1.297
1.211
1.730
1.891
1.840
1.111
1.369
1.188
1.367
1.473
1.159
1.887
2.217
1.948
2.541
2.673
2.571
1.600
1.708
1.530
1.249
1.397
1.277
1.329
1.365
1.285
1.331
1.514
1.360
0.989
1.044
1.002
0.946
1.032
0.982
0.965
1.019
0.832
1.511
1.675
1.582
0.573
0.754
0.630
0.875
0.941
0.891
2.102
2.191
2.087
1.911
1.970
1.956
1.690
1.782
1.728
1.335
1.505
1.404
1.421
1.664
1.456
1.186
1.244
1.050
1.360
2.003
1.435
1.890
2.007
1.970
2.231
2.311
2.127
0.796
0.824
0.827
1.477
1.481
1.489
1.187
1.284
1.131
1.896
2.132
1.942
2.365
2.371
2.079
1.356
1.431
1.347
1.724
1.799
1.791
0.864
1.023
0.855
1.521
1.582
1.553
1.689
1.757
1.715
2.230
2.349
2.277
2.090
2.182
2.116
1.323
1.427
1.411
1.446
1.510
1.440
2.843
2.892
2.854
1.669
1.726
1.574
1.395
1.485
1.448
1.435
1.650
1.443
1.754
1.862
1.780
1.868
2.129
2.030
2.168
2.221
2.032
1.370
1.510
1.392
1.420
1.609
1.279
1.753
1.797
1.635
1.839
1.853
1.804
1.938
1.940
1.752
1.353
1.437
1.355
1.409
1.618
1.838
1.735
1.802
1.664
1.535
1.789
1.653
1.606
1.685
1.639
2.035
2.057
2.056
1.053
1.177
1.497
2.498
2.651
2.648
2.122
2.233
2.230
1.153
1.146
1.109
1.032
1.100
1.043
1.553
1.569
1.557
1.804
1.848
1.745
1.000
1.109
1.013
1.925
2.048
1.880
0.987
1.127
1.410
1.534
1.680
1.349
1.691
1.764
1.628
1.349
1.525
1.395
2.071
2.185
2.127
3.233
3.260
3.200
1.363
1.572
1.377
1.146
1.205
1.180
1.265
1.377
1.234
1.445
1.578
1.401
2.071
2.152
2.136
1.844
1.920
1.868
2.094
2.130
2.128
1.248
1.259
1.320
1.317
1.376
1.345
1.188
1.314
1.273
0.934
0.990
0.942
1.562
1.668
1.421
1.547
1.588
1.562
2.402
2.447
2.276
2.906
3.163
3.018
2.807
2.887
2.866
0.913
0.976
0.949
1.188
1.610
1.312
2.247
2.322
2.215
1.534
1.662
1.515
1.664
1.975
1.612
1.683
2.026
1.891
1.162
1.211
1.074
1.124
1.533
1.403
1.570
2.270
1.625
1.229
1.441
1.273
1.468
1.589
1.482
1.225
1.367
1.320
1.081
1.192
1.117
1.555
1.618
1.348
0.899
1.020
0.832
1.655
1.808
1.631
2.059
2.130
2.060
2.032
2.144
2.172
2.059
2.391
2.190
1.184
1.407
1.274
0.924
1.022
0.912
0.613
0.941
0.635
0.734
0.851
0.726
2.131
2.292
2.191
0.886
1.003
0.822
1.097
1.227
1.035
1.410
1.649
1.458
1.376
1.598
1.415
0.855
1.090
0.852
1.650
1.961
1.737
0.759
0.784
0.756
1.923
1.832
1.897
2.157
2.426
2.190
2.060
2.223
2.291
2.063
2.185
2.081
1.253
1.287
1.217
1.442
1.670
1.473
1.219
1.346
1.201
1.184
1.337
1.241
1.285
1.423
1.378
1.715
2.008
1.697
1.767
1.915
1.828
1.215
1.363
1.253
0.896
1.004
0.890
1.062
1.298
1.037
1.865
1.941
1.916
1.065
1.132
1.054
1.512
1.627
1.488
1.216
1.348
1.134
1.302
1.412
1.358
2.697
2.734
2.770
2.228
2.240
2.181
2.107
2.222
1.994
