1.501
1.627
1.512
3.057
3.185
3.105
1.060
1.235
1.155
1.627
1.684
1.624
1.269
1.317
1.008
1.220
1.336
1.369
1.071
1.401
1.189
3.574
3.586
3.480
2.089
2.209
2.117
1.559
1.729
1.649
1.838
1.968
1.869
0.682
0.848
0.805
1.245
1.339
1.307
1.760
1.888
1.864
1.788
1.865
1.855
0.917
1.213
1.591
0.796
1.017
0.952
1.530
1.579
1.574
2.135
2.503
2.603
1.055
1.278
1.245
1.150
1.319
1.176
2.427
2.507
2.442
2.967
3.022
2.972
2.230
2.414
2.358
0.981
1.268
1.178
1.378
1.395
1.344
1.193
1.308
1.208
1.106
1.317
1.158
1.746
1.970
2.081
1.336
1.538
1.476
1.578
1.923
1.647
2.272
2.448
2.296
1.946
1.986
1.888
1.663
1.981
1.837
2.281
2.390
2.349
1.641
1.891
1.536
1.523
1.692
1.562
1.362
1.363
1.286
1.410
1.632
1.564
1.434
1.379
1.249
0.903
1.215
1.033
0.879
1.042
0.906
2.078
2.102
1.996
0.831
1.153
0.947
1.852
2.110
1.922
1.613
1.804
1.653
1.573
1.796
1.777
0.852
1.087
0.905
1.764
1.920
1.815
2.441
2.500
2.469
2.320
2.538
2.301
2.358
2.507
2.423
1.552
1.557
1.479
1.026
1.065
0.995
1.495
1.756
1.659
1.475
1.729
1.364
1.052
1.243
1.158
1.540
1.717
1.367
0.855
1.098
0.969
2.841
2.907
2.912
2.292
2.306
2.265
2.492
2.587
2.476
1.354
1.689
1.532
2.404
2.393
2.297
0.690
1.127
0.778
2.507
2.757
2.631
2.815
2.870
2.756
1.310
1.456
1.227
1.116
1.448
1.216
0.898
0.958
0.882
0.898
1.051
0.957
1.348
1.494
1.422
2.291
2.448
2.407
1.660
1.841
1.728
1.093
1.238
1.214
1.052
1.259
1.166
2.072
2.194
2.215
1.990
2.296
2.223
2.262
2.368
2.317
1.066
1.170
1.105
0.882
0.937
0.483
1.293
1.370
1.186
1.935
1.851
1.769
3.458
3.523
3.498
0.851
1.008
0.926
1.855
1.992
1.942
1.076
1.218
1.011
1.817
1.859
1.914
0.604
1.000
0.791
1.253
1.433
1.329
1.177
1.318
1.274
1.419
1.556
1.384
2.672
2.717
2.668
2.690
2.727
2.735
1.476
1.592
1.558
1.948
2.023
1.967
2.094
2.143
2.106
1.117
1.248
1.115
2.308
2.350
2.282
1.142
1.564
1.241
0.696
0.971
0.719
1.852
1.995
1.875
1.615
1.717
1.654
1.785
2.035
1.953
1.293
1.525
1.368
1.401
1.414
1.424
2.358
2.614
2.493
0.868
1.003
0.905
1.443
1.490
1.496
0.957
1.049
1.011
1.615
1.751
1.736
1.594
1.849
1.876
1.822
1.933
1.885
1.174
1.167
1.205
1.057
1.458
1.254
1.835
2.011
1.940
0.644
0.943
0.695
1.500
1.627
1.568
1.048
1.171
1.083
1.268
1.423
1.373
0.935
1.151
1.142
1.277
1.190
1.256
2.361
2.462
2.400
2.683
3.079
2.735
2.995
2.990
2.933
1.515
1.701
1.603
2.547
2.601
2.600
2.005
2.154
2.023
1.360
1.462
1.413
1.978
2.087
2.047
1.835
1.885
1.884
1.613
1.779
1.644
1.296
1.614
1.374
1.709
1.945
1.803
1.978
2.167
2.054
2.184
2.269
2.182
2.153
2.301
2.215
0.752
1.009
0.880
2.057
2.225
2.042
1.606
2.032
1.997
1.779
1.816
1.729
1.627
2.074
1.847
1.336
1.538
1.476
2.443
2.626
2.523
2.709
2.817
2.888
1.809
1.984
1.874
0.719
0.985
0.781
1.220
1.327
1.209
1.599
1.756
1.663
1.047
1.059
0.927
1.269
1.252
1.133
1.948
1.895
1.785
1.434
1.488
1.426
2.067
2.140
2.073
1.278
1.244
1.091
1.961
2.147
2.087
1.052
1.382
1.100
1.739
1.871
1.770
1.351
1.484
1.422
1.370
1.707
1.500
1.464
1.615
1.525
0.983
1.187
1.067
1.859
1.994
2.014
2.230
2.509
2.374
1.536
1.627
1.433
0.876
0.916
0.887
1.248
1.320
1.272
0.826
0.895
0.849
1.466
1.570
1.515
2.246
2.386
2.330
1.296
1.632
1.539
1.477
1.623
1.562
1.455
1.548
1.473
0.937
0.958
0.916
1.806
1.869
1.818
1.688
1.932
1.801
1.353
1.577
1.540
0.867
1.145
1.026
2.049
2.419
2.236
2.281
2.292
2.286
1.045
1.064
0.947
1.664
1.573
1.339
2.320
2.445
2.398
1.484
1.778
1.643
2.848
2.872
2.855
1.962
2.094
2.091
1.652
1.754
1.729
2.282
2.282
2.172
1.796
2.294
1.892
0.534
0.615
0.556
1.009
1.115
1.093
0.901
1.092
0.929
1.925
2.128
1.986
0.883
1.292
0.974
1.000
1.133
1.367
0.961
1.984
0.913
0.747
1.084
0.952
0.677
1.202
0.874
1.864
1.936
1.811
1.492
1.537
1.490
1.705
1.788
1.726
1.015
1.116
0.923
2.764
2.880
2.928
1.881
1.966
2.002
1.474
1.673
1.548
1.091
1.432
1.286
0.664
1.280
1.057
0.704
0.893
0.867
2.384
2.423
2.338
1.735
1.796
1.722
2.297
2.899
2.230
1.752
1.847
1.572
1.144
1.272
1.100
1.507
1.560
1.506
0.999
1.323
1.081
1.503
1.564
1.563
1.165
1.348
1.823
1.769
1.812
1.744
0.882
1.191
1.032
2.828
2.970
2.899
2.259
2.412
2.334
1.779
1.918
1.779
1.933
2.088
1.846
1.893
1.962
1.845
0.961
1.097
1.032
0.746
0.929
0.818
1.200
1.298
1.311
1.190
1.330
1.226
2.657
2.713
2.687
1.367
1.654
1.449
1.836
2.033
1.961
1.300
1.403
1.290
1.415
1.524
1.474
0.980
1.108
1.004
0.927
1.221
0.931
1.151
1.401
1.257
0.957
1.121
1.019
1.669
1.680
1.647
1.297
1.614
1.309
1.049
1.133
1.086
1.980
2.064
2.056
1.002
1.119
1.080
0.919
1.246
1.059
1.618
1.649
1.504
2.245
2.482
2.398
0.852
0.931
0.951
2.122
2.214
2.185
1.177
1.195
0.871
1.880
1.965
1.958
1.591
1.736
1.573
1.380
1.635
1.595
2.112
2.202
2.117
1.291
1.388
1.303
1.076
1.003
0.976
1.483
1.413
1.491
2.013
2.086
2.039
1.569
1.665
1.643
1.579
1.919
1.704
1.463
1.533
1.472
2.950
3.024
3.081
1.251
1.372
1.292
2.077
2.116
1.968
0.870
1.107
0.996
1.885
1.952
1.872
1.457
1.547
1.500
2.159
2.397
2.261
2.122
2.327
2.224
1.653
1.797
1.688
0.467
0.613
0.484
2.237
2.410
2.333
1.714
1.784
1.832
1.635
2.015
1.727
1.192
1.919
1.241
1.092
1.290
1.146
1.132
1.539
1.370
0.857
1.157
0.985
0.463
0.719
0.588
0.929
0.965
0.919
1.952
2.035
1.998
1.043
1.143
1.081
1.043
1.167
1.091
1.298
1.573
1.467
1.917
1.933
1.885
1.495
1.621
1.482
0.786
0.868
0.825
1.141
1.390
1.297
0.713
0.874
0.776
2.484
2.417
2.575
1.684
1.837
1.792
2.170
2.329
2.227
0.792
0.854
0.812
0.949
1.063
1.028
2.890
3.070
3.050
1.769
1.988
1.807
3.226
3.264
3.353
1.169
1.253
1.124
1.543
1.765
1.660
0.944
1.084
0.873
1.017
1.325
1.150
0.869
0.953
0.942
0.588
0.727
0.698
1.957
2.078
1.887
1.370
1.580
1.406
1.033
1.112
1.119
2.375
2.410
2.401
1.249
1.463
1.193
1.113
1.223
1.150
0.724
0.871
0.801
1.134
1.260
1.237
0.897
1.029
1.011
1.170
1.475
1.322
1.469
1.539
1.505
2.373
2.470
2.403
1.879
1.895
1.878
2.408
2.450
2.457
1.508
1.636
1.546
1.192
1.533
1.258
1.727
1.861
1.652
2.098
2.199
2.185
1.603
1.742
1.632
2.242
2.335
2.197
1.484
1.630
1.596
1.007
1.392
1.198
2.265
2.233
2.011
1.354
1.545
1.428
1.247
1.337
1.328
2.612
2.763
2.728
1.428
1.533
1.417
2.652
2.709
2.587
1.434
1.561
1.355
1.979
2.044
2.004
1.179
1.357
1.213
2.953
2.977
2.966
1.246
1.374
1.301
1.362
1.355
1.288
1.860
1.900
1.852
1.402
1.670
1.494
1.301
1.336
1.280
1.006
1.033
1.030
1.669
1.680
1.938
1.441
1.481
1.362
0.718
0.755
0.741
1.675
1.769
1.596
1.861
1.952
1.970
1.757
1.757
1.626
0.874
0.964
0.920
2.634
2.789
2.745
2.226
2.351
2.292
2.152
2.269
2.220
1.147
1.401
1.261
0.847
1.239
0.899
0.997
1.259
1.127
2.891
3.005
2.941
1.768
1.803
1.586
0.818
0.803
0.668
1.075
1.140
1.051
1.087
1.407
0.937
1.099
1.104
1.065
1.311
1.378
1.341
1.332
1.576
1.350
1.809
1.969
1.956
1.515
1.710
1.682
2.843
2.896
2.867
3.139
3.369
3.230
1.794
1.813
1.778
1.065
1.169
1.013
0.989
1.108
1.021
2.254
2.428
2.324
1.978
2.068
2.022
2.338
2.411
2.362
1.996
1.836
1.876
1.519
1.821
1.551
1.262
1.780
1.421
1.302
1.415
1.358
1.242
1.720
1.077
1.600
1.699
1.525
1.300
1.391
1.336
1.992
2.235
2.004
1.470
1.508
1.459
1.468
1.553
1.511
1.698
1.829
1.767
1.149
1.451
1.382
0.948
1.411
1.059
1.464
1.657
1.593
1.903
1.907
1.910
2.206
2.410
2.314
2.205
2.210
2.218
2.014
2.235
1.942
1.680
1.734
1.715
1.385
1.631
1.611
2.695
2.755
2.620
1.631
1.807
1.690
1.937
1.960
1.930
2.433
2.447
2.425
1.024
1.126
1.060
1.317
1.549
1.442
1.381
1.496
1.449
1.094
1.233
1.138
0.956
1.158
1.064
0.770
1.218
0.939
1.260
1.556
1.555
1.059
1.236
1.201
2.512
2.695
2.437
1.551
1.670
1.649
2.098
2.332
2.222
1.494
2.302
1.769
1.606
1.648
1.638
1.293
1.357
1.333
2.226
2.437
2.148
1.436
1.857
1.474
1.199
1.481
1.331
1.050
1.116
0.968
1.066
1.148
1.163
1.269
1.571
1.397
1.218
1.561
1.334
1.065
1.280
1.140
1.424
1.688
1.577
1.432
1.588
1.480
0.789
0.918
0.760
1.019
1.166
1.052
1.299
1.334
1.346
1.280
1.435
1.357
1.001
1.302
1.216
1.272
1.545
1.408
1.500
1.549
1.389
0.841
1.217
0.985
2.630
2.693
2.554
1.206
1.461
1.328
1.174
1.911
1.402
1.128
1.237
1.152
0.604
0.718
0.709
1.056
1.290
1.122
1.143
1.395
1.240
0.805
0.985
0.898
1.064
1.321
1.147
1.723
1.799
1.785
1.724
1.739
1.661
1.315
1.406
1.343
1.031
1.223
1.149
0.996
0.929
0.300
1.799
1.838
1.801
1.619
1.777
1.663
0.962
1.109
1.056
1.282
1.737
1.548
1.871
1.968
1.919
1.897
1.940
1.798
2.910
3.082
2.968
0.741
0.886
0.759
0.873
0.925
0.909
0.688
0.769
0.686
1.214
1.379
1.317
1.214
1.448
1.312
1.311
1.573
1.394
1.513
1.639
1.557
1.217
1.545
1.354
1.662
1.777
1.684
1.693
1.835
1.713
1.423
1.528
1.410
2.292
2.353
2.346
1.906
1.941
1.833
1.442
1.525
1.460
1.580
1.650
1.642
1.922
2.085
2.009
1.247
1.451
1.294
1.054
1.159
0.976
1.904
1.969
1.909
3.105
3.131
2.772
2.137
2.291
2.282
0.705
0.664
0.556
2.234
2.293
2.264
1.769
1.680
1.678
1.642
1.806
1.570
1.441
1.521
1.424
1.451
1.654
1.531
1.339
1.566
1.332
2.347
2.383
2.343
1.799
1.891
1.876
2.420
2.509
2.431
1.038
1.415
1.129
1.570
1.716
1.514
1.145
1.297
1.246
1.847
2.028
1.998
2.107
2.127
1.993
1.051
1.042
0.855
1.739
1.786
1.746
1.116
1.346
1.153
1.602
1.772
1.623
2.673
2.599
2.468
1.633
1.654
1.667
1.283
1.549
1.386
1.753
1.808
1.743
0.894
1.176
1.037
1.681
1.791
1.573
1.098
1.233
1.135
1.017
1.314
1.057
1.829
2.060
1.888
3.271
3.315
3.195
0.883
1.299
1.007
0.664
1.504
0.970
1.733
1.724
1.586
1.900
2.019
1.886
1.498
1.585
1.503
1.670
2.395
1.620
2.062
2.516
2.065
1.733
2.028
1.809
0.531
0.650
0.588
2.016
2.354
2.038
1.812
2.043
1.895
0.817
1.080
0.994
0.722
0.854
0.764
2.585
2.691
2.562
1.681
1.835
2.112
1.118
1.481
1.623
1.297
1.438
1.231
1.885
2.201
2.004
1.145
1.294
1.279
0.939
1.184
1.234
1.241
1.480
1.359
1.277
1.419
1.378
1.009
1.257
1.109
1.218
1.339
1.219
1.750
1.851
1.761
1.920
2.198
1.743
2.886
2.975
2.919
1.624
2.241
2.219
1.405
1.560
1.473
1.836
1.963
1.818
1.182
1.604
1.442
1.142
1.289
1.181
1.297
1.498
1.290
1.743
1.882
1.757
1.177
1.569
1.445
2.580
2.639
2.571
1.632
1.682
1.679
0.873
0.970
0.938
2.405
2.540
2.481
1.586
1.649
1.583
2.007
2.057
2.132
1.659
1.951
1.582
1.420
1.687
1.583
1.315
1.455
1.367
1.219
1.415
1.294
1.763
2.046
1.910
2.240
2.255
2.215
1.933
2.124
1.888
0.903
1.112
0.997
1.385
1.554
1.469
0.834
0.991
0.938
0.591
0.846
0.689
1.056
1.297
1.138
2.124
2.277
2.265
1.696
1.772
1.786
0.880
1.120
0.961
1.068
1.234
1.127
1.392
1.688
1.370
1.457
1.808
1.613
1.338
1.569
1.428
1.269
1.301
1.278
1.234
1.319
1.294
1.359
1.562
1.475
1.402
1.530
1.424
1.274
1.457
1.332
1.592
1.632
1.629
0.799
0.875
0.833
1.976
2.077
1.984
1.920
2.010
1.991
1.777
2.086
2.034
1.605
1.746
1.632
2.367
2.470
2.367
1.378
1.471
1.343
1.088
1.544
1.192
1.088
1.388
1.294
2.904
3.122
3.082
0.895
1.118
1.009
1.220
1.374
1.361
0.988
1.150
0.995
1.806
1.938
1.928
1.342
1.240
1.229
1.245
1.294
1.226
1.017
1.013
1.028
0.767
0.766
0.643
0.809
1.220
0.930
0.922
1.050
0.950
1.228
1.349
1.309
3.085
3.111
3.123
1.741
1.883
1.801
2.328
2.542
2.403
1.086
1.439
1.189
1.239
1.308
1.246
2.031
2.100
1.926
2.119
2.663
2.215
1.975
2.134
1.997
1.203
1.398
1.357
1.342
1.624
1.382
1.816
2.007
1.903
0.628
0.895
1.132
1.527
1.519
1.492
3.062
3.368
2.993
1.288
1.467
1.238
1.797
1.793
1.791
1.259
1.495
1.849
2.970
3.061
3.018
1.657
1.885
1.845
2.534
2.555
2.407
0.831
0.992
0.899
0.716
0.840
0.768
1.490
1.585
1.494
3.640
3.703
3.676
1.415
1.493
1.429
2.018
2.161
1.981
0.494
0.486
0.411
0.867
1.183
0.969
2.406
2.699
2.717
1.385
1.761
1.687
1.191
1.299
1.182
1.736
1.927
1.764
1.270
1.367
1.297
1.334
1.360
1.328
1.868
1.986
1.927
2.418
2.452
2.411
1.948
2.195
1.935
1.083
1.159
1.108
0.939
1.073
0.974
2.011
2.346
2.027
2.011
2.271
2.027
2.011
2.292
2.027
1.141
1.191
1.113
1.490
1.687
1.628
1.781
1.849
1.764
1.001
1.055
0.791
0.434
0.848
0.612
1.448
1.609
1.495
2.104
2.180
2.160
1.460
1.570
1.502
0.888
1.029
0.785
2.204
2.309
2.122
1.326
1.394
1.359
0.891
1.156
1.113
1.524
1.858
1.708
1.266
1.470
1.338
1.226
1.355
1.283
1.304
1.495
1.497
1.142
1.330
1.253
1.971
2.152
1.951
2.111
2.110
1.868
1.703
1.768
1.704
2.491
2.696
2.528
1.302
1.316
1.247
1.939
1.887
1.931
1.870
1.895
1.961
1.870
1.895
1.961
1.137
1.541
1.183
2.261
2.228
2.031
1.017
1.376
1.070
1.017
1.381
1.070
1.943
2.140
2.042
1.004
1.133
1.105
1.654
1.871
1.558
2.517
2.530
2.467
0.878
1.001
0.884
1.308
1.609
1.406
1.267
1.501
1.432
1.265
1.338
1.054
2.462
2.566
2.498
1.438
1.516
1.484
2.776
3.061
2.825
2.026
2.097
2.048
1.501
1.654
1.517
1.904
1.962
1.824
1.344
1.433
1.353
0.945
1.218
1.044
1.300
1.357
1.160
1.327
1.411
1.237
1.437
1.526
1.448
1.350
1.414
1.391
1.530
1.644
1.635
1.051
1.196
1.096
1.321
1.566
1.300
1.725
1.832
1.767
0.807
1.006
0.909
1.397
1.613
1.401
2.003
2.046
2.026
0.918
1.304
1.123
0.812
0.920
0.826
0.878
1.087
1.011
0.888
1.204
1.094
1.261
1.640
1.385
1.320
1.472
1.360
1.724
1.694
1.704
2.089
2.153
2.081
0.887
1.016
0.937
1.841
2.027
1.998
2.053
2.116
1.976
0.990
1.280
1.101
0.998
1.093
1.024
1.966
2.118
2.022
1.997
2.031
2.058
1.543
1.563
1.431
0.847
0.949
0.787
0.920
1.335
0.972
1.458
1.583
1.475
2.313
2.269
2.292
1.189
1.362
1.255
1.125
1.276
1.224
1.493
1.779
1.587
3.008
2.997
3.005
1.342
1.437
1.384
1.118
1.378
1.250
1.439
1.565
1.442
2.329
2.431
2.367
1.860
2.000
1.960
2.232
2.244
2.093
2.272
2.437
2.373
1.724
2.046
1.841
2.062
2.219
2.270
1.636
1.705
1.627
1.882
1.748
1.828
2.309
2.414
2.421
1.338
1.620
1.484
0.986
1.117
1.008
1.103
1.335
1.292
0.733
0.758
0.625
1.422
1.415
1.277
1.954
2.290
2.084
3.413
3.474
3.501
1.396
1.604
1.376
1.194
1.171
1.032
1.539
1.684
1.591
0.982
1.248
1.038
0.867
1.177
1.078
0.438
0.741
0.629
1.182
1.204
1.227
1.181
1.252
1.222
1.536
1.600
1.485
2.841
2.877
2.921
2.723
2.899
2.859
2.137
2.192
2.141
1.593
1.806
1.732
1.731
1.829
1.767
1.525
1.584
1.499
0.996
1.104
1.022
3.182
3.240
3.191
1.560
1.705
1.555
1.812
2.007
1.573
1.502
1.538
1.543
1.984
2.109
1.926
1.968
2.135
1.967
1.508
1.592
1.507
1.643
1.681
1.683
2.002
2.102
2.055
0.816
1.067
0.962
1.356
1.450
1.417
1.296
1.402
1.074
1.290
1.384
1.337
1.650
1.885
1.659
1.673
1.662
1.566
1.642
1.768
1.667
1.280
1.372
1.368
2.077
2.244
2.184
1.234
1.386
1.304
1.512
1.538
1.552
1.512
1.538
1.552
1.658
1.741
1.682
1.820
2.156
1.921
2.621
2.678
2.773
1.240
1.382
1.226
1.503
1.751
1.578
1.673
1.846
1.743
0.676
1.040
0.731
1.372
1.602
1.404
2.657
2.704
2.510
1.533
1.817
1.623
1.814
2.008
1.865
0.998
1.169
1.037
1.037
1.579
1.203
0.982
1.184
1.065
2.045
2.093
2.005
1.459
1.496
1.161
1.440
1.661
1.401
1.366
1.382
1.268
1.366
1.519
1.390
1.787
1.765
1.738
1.204
1.559
1.368
1.229
1.595
1.396
1.882
2.035
1.925
1.973
2.345
2.272
2.605
2.671
2.614
1.169
1.263
1.134
1.669
2.246
2.021
1.130
1.261
1.147
1.624
1.658
1.561
0.851
0.985
0.855
1.309
1.340
1.252
1.366
1.455
1.419
2.216
2.692
2.669
2.373
2.482
2.368
2.904
2.950
3.021
1.316
1.404
1.337
0.959
0.999
1.008
1.347
1.322
1.125
1.182
1.208
1.193
0.793
1.416
0.895
1.826
1.932
1.854
1.685
1.663
1.682
1.882
2.072
1.943
1.708
1.909
1.780
1.790
1.748
1.662
0.904
1.088
1.032
1.386
1.493
1.407
2.466
2.371
2.310
0.793
1.035
0.925
1.300
1.509
1.420
1.630
1.707
1.628
2.067
2.270
2.204
1.113
1.369
1.279
1.775
1.958
1.934
1.253
1.284
1.190
1.358
1.428
1.158
1.917
2.082
1.989
2.345
2.507
2.430
1.561
1.615
1.500
1.594
1.906
1.763
1.924
2.101
1.912
2.507
2.616
2.528
1.476
1.600
1.552
3.479
3.497
3.524
2.132
2.460
2.304
1.379
1.516
1.478
0.788
1.226
0.940
1.374
1.508
1.472
2.631
2.728
2.653
1.056
1.242
1.023
1.606
1.701
1.638
0.802
0.886
0.892
2.414
2.581
2.587
0.887
0.788
0.782
0.581
0.739
0.625
0.963
1.261
1.295
1.736
1.743
1.659
0.950
1.080
0.985
1.961
2.121
2.045
1.632
1.733
1.759
1.614
1.752
1.681
2.041
2.166
2.001
1.092
1.682
1.303
1.372
1.614
1.465
2.930
3.094
2.957
1.864
1.946
1.910
1.826
2.004
1.997
2.442
2.593
2.511
0.994
1.915
1.206
0.808
0.962
0.873
0.918
1.203
1.109
1.624
1.941
1.789
0.861
0.944
0.857
0.803
1.062
0.961
1.436
1.545
1.504
1.612
1.561
1.517
1.930
2.039
1.943
0.284
0.289
0.218
2.527
2.633
2.560
1.290
1.648
1.558
1.185
1.212
1.134
2.403
2.416
2.358
2.733
2.841
2.770
1.929
2.056
1.951
0.908
1.089
1.014
1.323
1.477
1.222
1.883
1.997
1.923
1.267
1.377
1.488
2.220
2.348
2.353
1.274
1.300
1.208
2.994
3.270
3.314
1.498
1.892
1.661
1.604
1.673
1.709
1.802
2.329
2.228
0.867
1.141
1.000
1.999
2.091
2.065
1.263
1.290
1.194
1.779
1.745
1.641
0.467
0.638
0.530
1.268
1.296
1.229
1.686
1.758
1.726
1.053
1.494
0.899
1.522
1.653
1.602
1.216
1.281
1.187
1.935
1.980
1.965
1.409
1.489
1.407
1.927
2.094
1.873
2.327
2.435
2.416
1.466
1.499
1.440
1.903
2.046
1.982
1.978
2.260
2.134
1.487
1.586
1.515
1.757
1.871
1.640
1.896
1.947
1.957
1.079
1.277
1.210
1.018
1.467
1.342
2.032
2.197
2.193
1.038
1.271
1.141
1.092
1.208
1.174
0.513
0.475
0.353
0.693
1.076
0.810
2.260
2.308
2.388
1.087
1.237
1.097
1.563
1.680
1.585
0.973
1.137
1.034
1.079
1.408
1.244
1.439
1.629
1.429
3.235
3.494
3.316
2.205
2.175
2.175
0.780
0.925
0.859
1.463
1.652
1.401
1.463
1.654
1.557
4.817
4.810
4.784
1.362
1.529
1.437
2.384
2.602
2.536
0.985
1.317
1.084
0.969
1.102
0.976
1.471
1.651
1.540
1.041
1.222
1.146
1.683
1.757
1.615
2.559
2.755
2.670
2.650
2.621
2.630
1.149
1.349
1.288
0.829
1.009
0.981
1.472
1.579
1.511
1.248
1.397
1.230
1.829
2.231
1.760
2.263
2.635
2.482
1.505
1.611
1.579
2.011
2.022
2.042
1.726
1.864
1.752
2.033
2.078
2.015
1.794
1.983
1.911
2.892
2.939
2.944
1.617
1.746
1.627
3.034
3.358
3.135
2.543
2.604
2.565
1.181
1.218
1.088
0.955
1.017
0.711
1.703
1.894
1.820
0.796
1.119
0.924
2.103
2.039
1.951
2.178
2.240
2.143
1.667
1.744
1.686
1.383
1.554
1.474
2.523
2.586
2.502
1.325
1.517
1.405
2.705
2.830
2.736
1.443
1.470
1.298
0.583
0.784
0.698
2.176
2.187
2.165
1.463
1.670
1.461
1.069
1.272
1.057
1.755
1.731
1.763
1.429
1.530
1.465
1.004
1.188
1.062
1.173
1.265
1.087
1.671
2.027
1.797
1.071
1.197
1.109
0.673
0.868
0.807
1.867
1.945
1.870
2.262
2.361
1.640
1.748
1.791
1.694
1.595
1.966
2.056
1.259
1.439
1.353
1.903
2.184
2.032
2.160
2.190
2.165
1.055
1.179
1.078
0.979
1.142
0.957
1.461
1.628
1.509
1.673
1.865
1.730
1.516
1.614
1.554
0.766
0.953
0.810
1.164
1.317
1.159
0.672
0.845
0.805
1.821
2.026
1.997
2.020
2.083
1.952
1.057
1.454
1.253
1.341
1.388
1.367
2.020
2.083
1.952
1.634
1.686
1.670
1.124
1.260
1.195
1.510
1.671
1.567
0.914
1.023
0.952
1.341
1.456
1.421
1.573
1.743
1.724
2.658
2.758
2.705
1.509
1.610
1.535
1.890
2.013
1.910
0.950
1.149
0.979
0.814
1.114
1.167
1.592
1.594
1.629
1.380
1.434
1.265
1.209
1.319
1.210
1.449
1.524
1.319
0.809
1.063
0.797
1.303
1.712
1.512
1.821
2.238
2.226
1.044
1.356
1.142
1.518
1.569
1.484
1.819
1.939
1.923
0.942
1.007
0.839
1.168
1.439
1.127
0.912
1.001
0.917
1.319
1.337
1.287
0.973
1.209
1.436
0.968
1.090
1.026
1.339
1.588
1.544
1.201
1.486
1.386
1.691
1.746
1.630
1.420
1.473
1.439
1.152
1.183
0.924
2.282
2.620
2.311
1.410
1.622
1.557
1.423
1.511
1.355
1.755
1.842
1.766
1.935
2.046
1.924
0.731
0.946
0.655
1.513
1.760
1.570
1.242
1.529
1.534
1.255
1.339
1.291
2.075
2.120
2.121
1.173
1.295
1.131
1.314
1.368
1.355
1.373
1.456
1.321
1.446
1.477
1.460
1.414
1.676
1.455
1.960
1.914
1.831
1.783
1.881
1.720
2.167
2.142
2.085
1.353
1.254
1.209
1.167
1.316
1.175
1.577
1.683
1.511
1.448
1.622
1.511
0.846
0.971
0.830
1.520
1.866
1.628
0.945
1.165
0.984
2.643
2.774
2.624
2.153
2.330
2.368
2.674
2.777
2.725
1.969
2.317
2.229
1.481
1.596
1.705
1.111
1.256
1.218
1.499
1.590
1.491
0.988
1.084
1.073
1.673
1.669
1.673
1.152
1.260
1.229
1.159
1.355
1.231
0.960
1.058
0.821
1.951
1.974
1.736
2.619
2.758
2.750
2.774
2.815
2.617
1.460
1.693
1.573
1.017
1.577
1.240
2.423
2.498
2.568
1.830
1.941
1.872
0.990
1.226
1.043
1.180
1.447
1.281
2.640
2.791
2.695
1.603
1.753
1.648
1.109
1.314
1.217
1.042
1.427
1.152
1.026
1.111
1.044
1.430
1.670
1.554
3.041
3.218
3.268
0.878
1.195
0.891
1.616
1.851
1.687
1.148
1.255
1.225
2.312
2.361
2.122
1.252
1.361
1.265
1.491
1.805
1.736
0.872
1.254
1.027
0.871
1.127
1.031
0.903
1.068
0.947
1.272
1.375
1.342
1.544
1.671
1.608
1.975
2.104
1.920
1.974
2.781
2.166
1.667
1.742
1.675
0.808
0.900
0.890
1.200
1.351
1.267
0.920
1.265
1.047
2.228
2.305
2.387
0.678
0.901
0.826
1.168
1.354
1.276
1.883
1.973
1.860
1.165
1.190
1.025
1.459
1.501
1.445
1.010
1.216
1.027
1.771
1.929
1.845
0.812
0.871
0.857
1.117
1.252
1.127
0.892
0.983
0.843
1.369
1.437
1.528
1.592
1.740
1.756
1.592
1.921
1.900
1.145
1.233
1.176
1.409
1.640
1.505
1.217
1.441
1.294
0.689
1.070
0.887
1.620
1.778
1.699
1.753
1.868
1.796
1.606
1.778
1.648
0.978
1.283
1.048
0.836
1.010
0.891
2.339
2.362
2.261
2.187
2.045
2.081
2.119
2.315
2.219
1.357
1.646
1.347
1.490
1.599
1.550
1.398
1.445
1.527
1.617
1.770
1.626
0.784
0.975
0.868
1.373
1.417
1.426
1.726
1.799
1.688
0.920
1.184
1.058
0.601
0.890
0.769
1.836
1.884
1.849
3.470
3.618
3.472
2.451
2.628
2.533
2.087
2.205
2.053
1.198
1.306
1.266
1.062
1.215
1.038
1.799
1.822
1.784
2.711
2.726
2.653
1.020
1.102
1.036
1.823
1.895
1.873
2.450
2.374
2.371
2.223
2.424
2.293
0.905
0.872
0.797
2.654
2.687
2.433
1.479
1.654
1.564
0.977
1.094
0.974
0.657
0.736
0.409
2.568
2.739
2.518
1.415
1.570
1.435
1.469
1.653
1.570
1.246
1.550
1.392
2.031
2.008
2.061
2.332
2.461
2.628
2.271
2.404
2.354
1.437
1.585
1.462
1.128
1.356
1.233
1.127
1.293
1.239
1.137
1.248
1.245
1.453
1.624
1.579
2.484
2.516
2.437
1.812
1.841
1.858
1.311
1.325
1.254
1.539
1.787
1.613
2.439
2.453
2.429
2.401
2.468
2.523
2.010
2.081
1.987
2.415
2.835
2.443
2.480
2.907
2.676
2.236
2.320
2.235
2.256
2.500
2.259
1.398
1.594
1.729
1.465
1.610
1.582
1.373
1.665
1.509
2.040
2.216
2.151
2.175
2.210
2.187
1.737
1.880
1.679
1.538
1.763
1.650
1.538
1.674
1.692
1.921
1.952
1.820
2.183
2.412
2.131
2.915
2.839
2.705
1.421
1.463
1.448
2.699
2.730
2.687
2.036
2.051
2.024
2.198
2.563
2.348
2.805
2.896
2.866
1.812
1.923
1.902
0.599
0.780
0.689
2.192
2.183
2.229
1.410
1.520
1.821
1.979
2.075
2.001
1.572
1.609
1.630
0.712
0.881
0.818
1.487
1.611
1.483
2.775
2.905
2.828
1.298
1.428
1.220
1.735
1.860
1.802
3.109
3.068
2.847
2.216
2.584
2.375
2.507
2.650
2.589
1.462
1.857
1.832
2.227
2.362
2.233
0.821
0.929
0.793
1.829
1.827
1.812
1.713
1.869
1.642
2.030
2.160
2.026
1.864
1.978
1.960
1.695
1.954
1.867
1.548
1.745
1.486
1.811
2.018
1.967
1.661
1.658
1.502
1.256
1.335
1.332
1.558
1.851
1.587
2.447
2.351
2.108
0.703
1.022
0.891
1.298
1.347
1.209
1.292
1.383
1.374
1.325
1.501
1.306
2.112
2.125
2.051
2.336
2.396
2.281
1.424
1.497
1.437
1.059
1.219
1.089
1.792
1.829
1.677
1.920
1.959
1.769
1.041
0.987
0.871
1.162
1.487
1.298
1.624
1.934
1.889
1.732
2.020
1.963
1.667
1.748
1.614
1.251
1.370
1.222
1.788
1.813
1.751
1.927
2.065
1.949
2.858
2.925
2.863
1.061
1.173
1.077
2.674
2.759
2.660
1.996
2.162
2.047
1.493
1.543
1.567
1.250
1.215
1.233
1.797
1.840
1.690
1.193
1.377
1.286
1.475
1.611
1.518
2.025
2.102
2.123
1.635
1.786
1.709
2.848
2.850
2.577
0.985
1.044
0.985
1.613
1.647
1.676
2.227
2.277
1.953
1.520
1.677
1.585
1.310
1.321
1.286
1.954
1.982
1.937
0.588
0.854
0.799
1.907
1.903
1.873
1.640
1.697
1.629
2.280
2.316
2.258
1.978
1.989
1.956
1.138
1.297
1.201
1.049
1.175
1.043
1.306
1.448
1.197
1.233
1.387
1.377
1.703
1.820
1.732
1.664
1.756
1.536
1.303
1.389
1.266
1.840
1.975
1.835
1.032
1.200
1.168
0.669
0.774
0.620
1.743
1.975
1.810
1.081
1.262
1.188
0.836
0.925
0.914
0.795
1.013
0.798
1.133
1.205
1.256
0.597
0.734
0.669
1.430
1.443
1.447
1.662
1.751
1.635
0.760
0.871
0.878
1.366
1.440
1.451
2.089
2.239
2.201
1.594
1.791
1.733
1.252
1.367
1.333
0.983
1.101
1.036
0.736
0.955
0.831
1.122
1.387
1.236
1.624
1.682
1.659
1.054
1.179
1.152
2.160
2.262
2.214
1.392
2.085
1.406
1.397
1.427
1.328
1.117
1.380
1.197
1.082
1.207
1.107
2.286
2.282
2.310
1.477
1.520
1.485
1.686
1.796
1.726
1.450
1.491
1.149
1.081
1.291
1.196
1.803
1.988
1.871
0.939
1.120
0.963
1.015
1.395
1.105
3.078
3.107
2.924
1.306
1.587
1.475
1.448
1.474
1.285
0.951
1.263
1.154
2.755
2.841
2.541
1.220
1.802
1.834
1.587
1.624
1.506
1.677
1.870
1.796
2.118
2.356
2.156
2.127
2.147
2.128
1.129
1.422
1.064
2.426
2.627
2.391
1.339
1.512
1.395
1.515
1.743
1.594
1.262
1.532
1.406
1.247
1.445
1.334
0.861
0.854
0.786
1.305
1.283
1.216
1.063
1.199
1.134
1.522
1.587
1.492
1.382
1.893
1.440
1.495
1.504
1.392
1.111
1.211
1.078
1.109
1.294
0.982
0.818
0.957
0.902
1.223
1.232
1.245
1.080
1.232
1.113
1.882
1.943
1.850
1.022
1.248
1.160
1.167
1.328
1.161
2.200
2.337
2.279
1.010
1.244
1.085
1.224
1.442
1.322
1.499
1.609
1.573
1.137
1.207
1.188
1.329
1.382
1.295
1.262
1.360
1.302
1.003
1.212
1.068
2.381
2.389
2.256
1.252
1.448
1.376
2.621
3.272
2.562
1.682
1.829
1.738
2.474
2.647
2.496
2.155
2.137
2.054
1.647
1.669
1.535
1.551
1.654
1.561
2.110
2.154
2.023
0.405
0.497
0.298
0.706
0.803
0.670
1.447
1.694
1.765
1.475
1.770
1.504
1.447
1.545
1.418
1.401
1.589
1.488
1.438
1.495
1.328
2.624
2.768
2.722
1.847
2.040
1.991
1.520
1.668
1.534
1.039
1.501
1.133
1.700
1.802
1.613
1.023
1.123
1.093
1.634
1.709
1.651
1.991
2.514
2.166
1.103
1.384
1.239
1.422
1.525
1.796
1.743
1.837
1.816
1.414
1.545
1.460
2.087
2.144
2.055
1.044
1.264
1.126
1.359
1.497
1.469
1.902
1.951
1.911
1.835
1.905
1.876
1.798
2.409
2.610
2.029
2.107
2.027
1.546
1.731
1.611
1.156
1.946
1.225
1.410
1.663
1.461
1.329
1.408
1.407
1.415
1.532
1.440
1.440
1.638
1.566
1.885
2.181
2.156
1.362
1.496
1.399
0.347
0.651
0.519
1.163
1.314
1.202
1.582
1.744
1.672
1.784
2.008
1.548
1.917
2.220
2.052
1.494
2.155
2.149
1.742
1.867
1.573
0.781
1.266
0.953
0.973
1.073
1.012
1.238
1.558
1.386
1.819
1.865
1.747
1.760
1.912
1.751
1.145
1.161
1.117
1.105
1.179
1.131
1.440
1.637
1.425
1.667
1.662
1.688
2.256
2.275
2.276
1.894
1.941
1.932
1.388
1.675
1.535
1.390
1.637
1.483
0.709
0.923
0.837
0.938
0.988
0.975
1.877
1.925
1.903
1.223
1.305
1.226
1.148
1.299
1.236
0.849
0.847
0.375
0.894
1.044
0.979
1.186
1.276
1.116
0.754
1.189
1.235
0.986
1.026
0.905
1.713
1.796
1.728
2.882
3.089
3.162
2.278
2.402
2.291
1.289
1.419
1.273
1.856
2.062
1.872
2.230
2.362
2.252
1.293
1.426
1.406
1.293
1.583
1.544
1.602
1.684
1.682
1.154
1.328
1.300
2.957
2.941
2.937
1.830
1.967
1.879
1.239
1.474
1.323
1.259
1.262
1.201
1.448
1.591
1.501
1.496
1.607
1.518
2.120
2.268
2.158
1.340
1.437
1.297
4.320
4.379
4.406
1.418
1.464
1.418
1.171
1.391
1.212
2.439
2.487
2.481
1.153
1.278
1.232
1.622
1.742
1.670
2.020
2.098
2.049
1.951
2.077
2.030
0.641
0.863
0.660
2.770
3.004
2.765
1.487
1.625
1.551
2.347
2.398
2.375
1.841
1.928
2.278
2.129
2.224
2.200
0.907
1.050
0.981
1.927
2.107
1.937
1.315
1.420
1.213
1.800
1.843
1.756
3.503
3.512
3.574
0.846
0.916
0.836
1.086
1.339
1.207
1.603
1.780
1.637
1.423
1.609
1.520
1.329
1.337
1.347
1.925
2.016
1.819
2.754
2.846
2.756
1.556
1.539
1.728
1.237
1.614
1.420
1.521
1.679
1.606
0.633
0.825
0.710
1.625
1.647
1.631
2.660
2.685
2.588
1.484
1.672
1.511
1.072
1.205
1.075
1.818
1.945
1.862
1.306
1.407
1.357
1.580
1.661
1.418
1.854
1.737
1.848
1.547
1.572
1.581
1.547
1.581
1.570
1.218
1.343
1.165
2.166
2.255
2.184
0.727
0.985
0.793
1.877
2.056
1.914
1.153
1.265
1.114
1.426
1.446
1.329
1.250
1.397
1.287
1.028
1.162
1.092
1.028
1.162
1.092
1.036
1.243
1.174
2.216
2.296
2.198
2.072
2.141
2.108
1.598
1.777
1.671
1.584
1.783
1.666
0.865
1.016
1.168
1.489
1.721
1.405
1.195
1.183
1.232
1.096
1.346
1.184
1.370
1.480
1.420
2.510
2.689
2.622
2.140
2.505
2.277
1.502
1.553
1.637
1.016
1.121
0.934
1.597
1.913
1.655
2.302
2.273
2.234
2.883
2.967
2.885
1.165
1.388
1.240
1.169
1.266
1.047
1.610
1.713
1.641
1.035
1.111
0.918
1.497
1.796
1.578
1.027
1.162
1.081
1.404
1.329
1.124
1.838
1.946
1.846
0.934
1.426
1.223
0.888
1.106
0.929
0.982
1.114
1.018
0.727
0.815
0.838
1.810
2.172
1.949
1.578
1.684
1.561
1.231
1.238
1.049
1.244
1.358
1.081
1.326
1.343
1.210
1.859
1.953
1.926
1.497
1.510
1.342
2.934
3.400
2.871
1.971
2.131
2.068
1.793
1.815
1.817
1.292
1.378
1.383
2.271
2.531
2.361
1.320
1.472
1.428
1.006
1.085
0.986
2.014
2.155
2.028
1.050
1.246
1.100
2.206
2.159
2.199
0.988
1.223
1.096
1.279
1.418
1.345
1.179
1.270
1.191
2.235
2.346
2.290
2.668
2.803
2.709
1.766
1.848
1.728
2.019
2.282
2.232
1.709
1.907
1.874
3.215
3.262
3.189
1.517
1.756
1.607
0.643
0.951
0.801
3.046
3.274
3.453
0.846
1.055
0.814
1.420
1.597
1.437
0.850
0.921
0.755
2.106
2.153
1.929
2.261
2.377
1.912
1.615
1.841
1.699
1.313
1.609
1.485
1.442
1.566
1.452
1.100
1.215
1.168
1.228
1.451
1.311
1.972
1.972
1.910
1.658
1.733
1.663
1.293
1.552
1.405
1.334
1.430
1.356
0.665
0.904
0.733
0.768
0.753
0.627
0.827
0.961
0.886
1.941
2.060
2.064
3.479
3.583
3.433
1.306
1.453
1.302
1.547
1.552
1.367
1.512
1.732
1.610
1.411
1.519
1.438
1.296
1.731
1.327
0.962
0.928
1.244
2.397
2.471
2.390
3.170
3.080
3.080
1.388
1.478
1.442
1.530
1.726
1.611
1.446
1.519
1.402
2.648
2.671
2.620
1.903
2.241
2.027
1.103
1.271
1.210
1.551
1.620
1.570
0.901
1.168
0.981
1.099
1.126
1.108
2.068
2.186
2.109
1.970
2.114
2.092
2.401
2.722
2.614
1.466
1.541
1.475
1.466
1.541
1.475
3.552
3.737
3.606
0.861
0.949
0.868
2.337
2.483
2.439
0.935
1.134
0.910
1.358
1.403
1.369
1.624
1.687
1.678
1.587
1.677
1.607
1.504
1.657
1.552
1.234
1.378
1.230
2.678
2.846
2.764
2.027
2.164
2.043
1.444
1.471
1.458
1.235
1.419
1.300
2.559
2.648
2.598
3.027
3.068
3.007
0.935
1.134
0.910
0.767
1.068
0.873
1.793
1.925
1.844
2.293
2.340
2.222
1.922
1.876
1.894
1.269
1.182
1.263
2.094
2.084
1.946
1.106
1.287
1.197
1.674
1.601
1.642
1.876
2.210
1.907
1.546
1.654
1.655
0.715
0.860
0.791
2.107
2.173
2.182
1.862
2.049
1.891
3.298
3.409
3.366
0.963
1.099
0.941
1.686
1.746
1.712
1.630
1.841
1.733
1.787
1.879
1.870
2.103
2.213
2.191
1.689
1.861
1.801
1.428
1.733
1.642
1.087
1.196
1.095
1.436
1.507
1.464
0.721
0.717
0.585
1.952
2.041
1.970
1.606
1.720
1.565
2.291
2.340
2.317
2.004
2.082
2.048
1.213
1.454
1.369
1.294
1.486
1.348
1.387
1.422
1.377
2.050
2.154
1.953
1.262
1.489
1.358
2.347
2.396
2.220
1.560
1.777
1.631
2.375
2.520
2.434
1.986
2.117
2.047
1.394
1.498
1.550
1.596
1.710
1.708
1.239
1.325
1.137
1.240
1.346
1.322
1.736
1.856
1.734
1.564
1.686
1.549
1.572
1.716
1.764
1.658
1.580
1.542
1.155
1.334
1.207
0.878
0.916
0.480
1.079
1.190
1.280
1.352
1.456
1.417
1.942
2.049
1.983
0.713
0.955
0.737
1.958
2.189
2.110
2.055
2.096
2.188
2.460
2.543
2.636
2.768
2.941
2.837
1.266
1.424
1.319
1.920
2.060
1.936
1.159
1.368
1.356
1.378
1.391
1.296
0.979
1.267
1.096
1.826
1.903
1.891
1.143
1.658
1.386
1.364
1.364
1.259
1.720
1.787
1.701
2.509
2.672
2.425
0.962
1.112
1.090
1.710
1.996
1.739
1.597
1.505
1.491
1.495
1.609
1.548
1.781
1.985
1.846
1.469
1.549
1.548
1.623
1.689
1.637
1.765
1.993
1.858
1.120
1.309
1.307
1.046
1.244
1.100
1.702
1.906
1.801
1.374
1.443
1.436
1.028
1.042
1.047
1.083
1.458
1.193
1.733
1.877
1.845
1.635
1.762
1.656
2.669
2.810
2.819
1.295
1.561
1.461
2.855
2.974
2.961
1.395
1.509
1.444
2.041
2.721
2.161
2.530
3.636
2.865
0.745
0.891
0.834
1.836
2.123
2.007
2.123
2.117
2.080
2.635
2.692
2.700
2.556
2.598
2.527
1.182
1.449
1.194
1.439
1.501
1.488
1.285
1.439
1.334
1.005
1.210
1.071
0.842
1.067
0.963
1.780
1.897
1.782
1.965
1.839
1.819
1.340
1.568
1.500
0.809
0.987
0.872
1.036
1.157
1.092
0.883
1.389
1.023
1.612
1.761
1.644
2.375
2.449
2.380
2.258
2.725
2.721
1.233
1.355
1.247
1.477
1.808
1.525
2.032
2.398
2.206
1.283
1.315
1.240
2.687
2.759
2.743
2.522
2.721
2.285
1.008
1.259
1.080
1.645
1.611
1.377
1.254
1.532
1.425
1.595
1.589
1.524
1.123
1.344
1.144
2.819
2.771
2.788
1.831
1.846
1.585
1.868
2.045
2.008
1.662
2.085
1.863
1.320
1.405
1.384
1.537
1.709
1.647
1.159
1.304
1.094
1.114
1.414
1.110
1.551
1.611
1.467
0.745
1.127
0.890
0.902
1.080
1.050
2.263
2.243
2.300
1.322
1.459
1.323
1.829
1.955
1.878
1.152
1.374
1.227
1.452
1.508
1.479
1.863
1.929
1.913
2.110
2.129
1.859
1.485
1.661
1.573
1.321
1.674
1.528
0.583
0.607
0.592
1.310
1.424
1.323
0.850
1.078
0.935
1.276
1.343
1.367
1.313
1.455
1.328
1.055
1.398
1.203
2.377
2.366
2.101
1.204
1.256
1.173
2.687
2.734
2.641
1.394
1.526
1.517
1.586
1.674
1.623
1.609
1.749
1.623
1.869
1.850
1.843
1.726
1.785
1.748
1.381
1.432
1.248
1.288
1.498
1.296
1.288
1.498
1.296
2.068
2.140
2.117
0.937
1.019
0.974
1.361
1.410
1.445
0.890
0.971
0.821
0.901
1.054
0.936
1.461
1.725
1.371
0.393
0.360
0.330
1.987
1.973
1.933
1.183
1.394
1.135
1.285
1.430
1.287
1.514
1.579
1.564
1.809
2.028
1.982
1.221
1.383
1.253
0.727
0.926
0.860
0.679
0.783
0.763
1.246
1.466
1.433
2.400
2.303
2.273
1.774
1.899
1.652
1.107
1.337
1.190
0.813
1.009
0.900
1.442
1.594
1.465
1.840
1.926
1.822
2.154
2.179
2.117
1.667
1.917
1.711
1.926
1.990
1.963
1.935
2.060
1.969
0.918
1.130
1.107
1.197
1.472
1.283
1.228
1.507
1.379
1.067
1.238
1.115
1.817
1.996
1.920
2.374
2.479
2.486
1.483
1.705
1.416
0.660
0.904
0.790
0.427
0.423
0.382
0.846
1.031
0.835
0.846
1.031
0.835
2.648
2.824
2.771
1.949
2.285
2.200
1.947
2.269
1.876
1.897
2.083
2.020
1.152
1.518
1.302
1.024
1.052
0.941
2.010
1.881
1.685
0.988
1.163
1.057
1.074
1.298
1.145
1.499
1.507
1.570
1.188
1.363
1.241
1.854
2.239
2.170
1.040
1.274
1.132
1.476
1.457
1.462
1.109
1.191
1.122
1.568
1.649
1.535
1.174
1.275
1.245
1.368
1.439
1.476
2.074
2.355
2.193
1.409
1.506
1.453
0.693
1.016
0.886
1.730
1.618
1.670
1.004
1.174
1.112
1.251
1.398
1.312
1.658
1.759
1.608
1.533
1.655
1.540
1.941
2.032
2.019
0.879
0.956
0.893
1.115
1.334
1.145
1.352
1.489
1.437
1.055
1.306
1.078
1.225
1.350
1.289
1.166
1.265
1.186
0.850
1.105
0.895
1.896
2.109
2.015
1.106
1.148
1.099
1.208
1.300
1.227
1.257
1.352
1.283
0.823
0.964
0.815
1.356
1.532
1.395
1.348
1.459
1.262
1.209
1.418
1.149
0.985
1.080
0.985
1.660
1.750
1.581
0.529
0.617
0.584
1.111
1.229
1.128
2.276
2.358
2.324
2.126
2.315
2.190
1.542
1.803
1.603
2.068
2.124
2.126
1.524
1.569
1.577
0.790
0.988
0.891
2.502
2.613
2.482
1.036
1.325
1.154
2.499
2.581
2.501
1.013
1.165
1.122
1.126
1.179
1.098
1.509
1.701
1.559
1.202
1.912
1.413
2.147
2.183
2.138
2.076
2.181
2.114
1.141
1.183
1.048
1.440
1.659
1.532
1.198
1.272
1.233
1.418
1.434
1.339
2.883
2.920
2.730
0.622
0.744
0.703
1.985
1.913
1.846
2.538
2.605
2.699
2.039
2.091
1.981
2.671
2.673
2.658
0.868
0.859
0.779
0.997
1.282
1.301
0.487
0.800
0.685
1.503
1.628
1.744
1.620
1.690
1.677
0.655
0.925
0.800
0.655
0.925
0.800
1.119
1.322
1.213
1.070
1.207
0.997
0.721
0.737
0.673
1.621
1.557
1.446
1.582
1.639
1.602
2.210
2.414
2.331
2.210
2.455
2.331
1.051
1.138
1.048
2.767
2.804
2.795
2.092
2.132
2.157
1.454
1.675
1.436
1.996
2.044
1.995
1.085
1.165
1.041
1.878
2.242
2.125
1.670
1.703
1.791
0.790
1.122
0.936
1.151
1.406
1.173
1.169
1.246
1.252
1.615
1.869
1.809
1.344
1.546
1.312
2.152
2.291
2.079
2.455
2.602
2.490
1.350
1.373
1.308
1.906
1.956
1.919
2.345
2.389
2.308
2.918
3.142
3.045
1.354
1.676
1.579
1.647
1.865
1.494
2.498
2.527
2.523
1.090
1.146
1.086
1.736
1.904
1.812
1.074
1.240
1.179
1.358
1.407
1.334
1.699
1.696
1.604
0.734
0.827
0.627
1.101
1.233
1.152
2.649
2.736
2.748
0.957
1.142
0.998
1.702
1.467
1.572
1.458
1.667
1.431
2.181
2.485
2.296
2.198
2.374
2.255
1.363
1.591
1.523
1.071
1.182
1.119
1.164
1.376
1.252
1.930
2.030
1.995
2.710
2.719
2.786
1.390
1.471
1.352
1.129
1.363
1.236
2.298
2.289
2.135
2.505
2.562
2.530
2.136
2.324
2.221
0.943
1.143
1.005
1.786
1.813
1.849
0.820
1.051
1.433
2.036
2.126
2.228
1.427
1.613
1.385
1.529
1.646
1.607
2.284
2.505
2.322
0.615
0.665
0.426
1.533
1.603
1.496
1.022
1.090
1.064
1.156
1.279
1.202
2.150
2.284
2.217
2.041
2.096
2.040
1.104
1.252
1.221
1.007
1.016
0.813
1.564
1.591
1.615
2.029
2.221
2.095
1.716
1.806
1.723
1.411
1.559
1.366
1.574
1.907
1.647
1.097
1.167
1.055
1.865
1.996
1.918
1.587
1.647
1.562
1.323
1.490
1.361
1.583
2.163
2.001
0.878
1.222
1.054
0.861
1.153
0.943
2.104
2.181
2.119
1.696
1.722
1.685
1.656
1.774
1.590
1.061
1.154
1.046
1.325
1.402
1.500
1.638
1.751
1.657
1.009
1.122
0.995
1.878
1.968
1.928
1.988
1.896
1.955
2.232
2.219
2.234
1.295
1.343
1.270
1.367
1.475
1.408
1.457
1.706
1.774
2.380
2.441
2.359
0.789
1.016
0.902
1.485
1.529
1.489
1.871
1.969
2.062
1.400
1.712
1.616
1.701
1.878
1.841
1.701
1.958
1.934
1.088
1.490
1.337
1.892
2.376
2.324
1.627
1.663
1.679
1.250
1.272
1.226
2.246
2.750
2.644
1.909
1.927
1.646
1.268
1.283
1.261
2.256
2.440
2.216
1.027
1.171
1.082
0.588
0.799
0.729
1.920
2.047
2.064
1.829
2.227
2.201
1.171
1.228
1.117
0.596
0.891
0.764
2.250
2.282
2.278
1.343
1.541
1.449
0.962
1.142
0.936
1.744
1.817
1.818
1.441
1.574
1.558
0.867
1.139
1.058
0.521
1.038
0.680
1.096
1.149
1.093
1.239
1.508
1.336
2.056
2.231
2.106
1.614
1.654
1.719
1.120
1.273
1.198
1.178
1.338
1.201
1.752
1.899
1.832
1.123
1.255
1.100
1.181
1.322
1.237
1.107
1.236
1.166
1.838
2.049
1.885
1.817
1.902
1.795
1.131
1.125
0.987
2.072
2.052
1.899
1.127
1.329
1.213
1.298
1.682
1.553
1.689
1.853
1.633
1.329
1.302
1.299
1.347
1.507
1.432
1.650
1.699
1.680
1.490
1.683
1.477
0.803
0.902
0.865
1.326
1.332
1.302
1.283
1.502
1.350
2.305
2.553
2.290
2.136
2.244
2.140
1.663
1.842
1.788
0.896
1.367
0.965
0.557
0.738
0.665
1.025
1.139
1.073
0.955
1.043
1.013
1.360
1.838
1.360
1.936
1.920
1.880
1.388
1.474
1.317
0.949
1.255
1.154
0.765
0.721
0.587
1.059
1.378
1.131
0.727
1.255
0.832
1.251
1.314
1.271
0.968
1.070
1.081
0.726
0.840
0.759
1.552
1.652
1.587
0.790
1.077
0.830
1.281
1.404
1.234
0.941
1.239
1.042
1.080
1.258
1.360
1.180
1.560
1.398
0.856
0.882
0.700
1.450
1.512
1.316
1.496
1.597
1.541
1.521
1.606
1.356
1.582
1.678
1.618
1.433
1.557
1.298
0.571
0.687
0.610
1.552
2.039
1.692
1.822
1.911
1.833
1.826
1.650
1.682
1.180
1.519
1.151
1.166
1.317
1.199
1.537
1.615
1.508
2.884
3.097
2.975
1.171
1.292
1.212
1.338
1.542
1.329
0.981
0.987
0.948
1.872
1.941
1.758
0.983
1.340
1.035
0.981
1.151
0.892
3.130
3.270
3.166
2.030
2.035
1.988
2.375
2.559
2.414
1.582
1.668
1.529
0.913
1.015
0.950
1.453
1.477
1.453
1.864
1.916
1.848
1.628
1.985
1.543
0.823
0.862
0.835
1.052
1.271
1.269
3.842
3.962
3.842
1.445
1.659
1.428
2.048
2.074
2.344
2.200
2.277
2.045
1.184
1.356
1.296
1.076
1.243
1.035
0.936
1.126
1.034
1.406
1.509
1.451
1.605
1.844
1.844
1.161
1.278
1.241
1.163
1.256
1.209
0.748
1.034
0.915
1.158
1.368
1.121
2.091
2.293
2.220
0.737
0.790
0.762
0.954
1.066
0.983
2.068
2.280
2.172
1.052
1.024
0.967
1.614
1.815
1.654
1.273
1.726
1.490
1.273
1.399
1.208
1.137
1.253
1.108
0.749
1.017
0.891
1.335
1.458
1.240
1.069
1.167
1.129
1.354
1.351
1.337
2.337
2.375
2.241
1.077
1.276
1.218
1.672
1.831
1.752
0.779
1.336
1.056
1.403
1.522
1.457
2.185
2.242
2.170
0.754
0.872
0.753
1.209
1.374
1.354
1.903
2.052
2.064
1.397
1.475
1.387
1.224
1.385
1.323
1.679
1.731
1.620
2.378
2.398
2.363
2.431
2.475
2.382
1.690
1.764
1.738
1.532
1.634
1.547
1.273
1.365
1.361
1.506
1.834
1.651
1.201
1.252
1.192
1.862
1.980
1.939
0.805
0.925
0.874
1.663
1.782
1.650
1.424
1.454
1.481
1.861
1.960
1.910
1.021
1.289
1.153
0.949
1.255
1.154
2.108
2.301
2.235
1.497
1.504
1.358
1.615
1.633
1.543
1.967
2.038
1.997
1.243
1.358
1.197
0.960
1.233
1.076
0.849
1.027
0.903
1.262
1.422
1.246
1.529
1.693
1.654
1.199
1.337
1.305
1.090
1.304
0.959
0.905
1.107
1.034
1.688
1.830
1.698
0.822
0.920
0.830
1.745
1.793
1.765
1.161
1.537
1.351
0.895
1.048
0.942
1.729
1.575
1.600
0.709
0.876
0.823
1.657
1.799
1.726
2.714
2.798
2.693
0.909
1.033
1.022
1.665
1.807
1.627
1.679
1.614
1.612
1.901
1.977
1.942
1.615
1.665
1.593
1.243
1.428
1.352
0.962
1.165
1.024
1.355
1.338
1.143
0.649
0.765
0.612
4.008
4.143
4.064
2.231
2.151
2.154
1.635
1.692
1.631
0.562
0.643
0.586
1.010
1.146
0.958
0.886
1.155
0.903
0.886
1.143
0.903
1.363
1.427
1.341
1.061
1.120
1.053
1.010
1.202
1.066
1.243
1.358
1.187
2.462
2.553
2.422
1.926
1.956
1.791
1.555
1.706
1.472
1.163
1.248
1.184
2.300
2.453
2.325
1.890
1.975
1.952
2.214
2.271
1.914
2.022
1.955
2.072
1.378
1.287
1.238
0.851
1.097
0.969
3.033
3.010
2.984
0.744
1.210
0.874
1.607
1.655
1.569
0.915
0.931
0.919
0.976
1.071
1.028
0.886
1.186
0.981
2.131
2.207
2.218
3.043
3.000
3.133
1.616
1.703
1.409
2.336
2.447
2.350
1.655
1.913
1.777
1.394
1.562
1.534
1.557
1.685
1.701
1.146
1.215
1.133
1.300
1.308
1.222
2.067
2.334
2.115
1.340
1.539
1.432
1.091
1.270
1.148
1.416
1.587
1.519
1.205
1.228
1.229
1.251
1.219
1.045
1.218
1.440
1.312
1.227
1.316
1.247
1.184
1.413
1.206
1.392
1.461
1.437
1.580
1.645
1.469
1.342
1.335
1.212
1.217
1.282
1.068
2.020
2.147
1.990
1.441
1.530
1.414
1.323
1.471
1.357
2.038
2.069
2.060
0.736
1.043
0.993
0.981
1.056
1.021
1.687
1.589
1.683
1.684
1.802
1.693
1.075
1.196
1.139
1.314
1.465
1.205
1.955
2.045
1.952
1.510
1.607
1.554
1.584
1.475
1.468
1.033
1.144
1.075
2.387
2.476
2.390
0.924
1.009
0.889
1.395
1.634
1.409
0.858
0.960
0.877
0.907
0.917
1.178
1.204
1.231
1.110
1.144
1.316
1.231
2.055
2.066
2.140
0.531
0.677
0.642
1.624
1.644
1.568
0.519
0.616
0.567
0.996
1.182
0.978
1.748
1.944
1.881
3.406
3.337
3.313
2.085
2.124
2.106
1.438
1.603
1.522
2.635
2.805
2.710
1.112
1.284
1.228
1.579
2.253
1.407
0.977
0.952
0.834
0.922
1.036
0.912
0.846
0.897
0.826
2.337
2.585
2.296
1.684
1.786
1.692
1.078
1.190
1.079
1.944
2.115
1.943
1.224
1.272
1.223
1.157
1.221
1.110
1.402
1.619
1.429
1.293
1.557
1.416
1.067
1.172
1.006
0.764
1.124
0.889
1.881
1.885
1.699
0.701
1.000
0.809
1.282
1.371
1.322
1.385
1.401
1.330
1.133
1.213
1.067
2.745
2.986
2.826
1.975
2.103
2.000
1.703
1.707
1.581
1.952
1.951
1.982
1.617
1.709
1.647
1.281
1.416
1.326
2.067
2.174
2.111
1.598
1.717
1.660
2.148
2.208
2.145
0.879
0.920
0.811
1.933
1.932
1.919
2.441
2.492
2.380
1.342
1.745
1.631
2.056
2.153
2.108
1.727
1.979
1.821
0.966
1.048
0.928
0.919
0.960
0.932
1.054
1.263
1.121
2.741
2.788
2.702
1.379
1.435
1.393
2.160
2.382
2.128
0.891
1.171
1.018
1.515
1.525
1.206
2.028
2.099
2.047
1.091
1.519
1.544
1.298
1.402
1.292
2.005
2.480
2.378
2.244
2.312
2.189
1.965
2.207
1.925
1.334
1.455
1.387
1.664
2.255
1.966
0.562
0.704
0.694
2.183
2.210
2.113
1.246
1.256
1.205
0.931
1.101
0.976
0.962
1.386
1.608
2.629
2.716
2.647
1.095
1.160
1.123
1.836
1.942
1.947
1.552
1.621
1.535
2.138
2.416
2.313
1.527
1.563
1.580
1.954
2.043
1.947
1.791
1.883
1.633
1.543
1.840
1.740
0.898
1.120
1.014
1.082
1.661
1.213
0.908
1.049
0.903
3.978
3.982
3.977
1.242
1.321
1.155
2.145
2.234
2.113
2.141
2.137
2.093
2.423
2.455
2.430
1.566
1.951
1.887
2.109
2.250
2.086
0.988
1.284
1.167
1.464
1.545
1.398
0.907
1.158
1.018
1.628
2.070
1.750
1.417
1.546
1.487
1.246
1.363
1.291
1.170
1.440
1.235
1.231
1.318
1.165
1.257
1.403
1.339
1.182
1.322
1.243
0.639
0.795
0.760
1.264
1.430
1.266
1.546
1.571
1.461
1.600
1.748
1.596
1.148
1.193
1.143
1.517
1.600
1.529
1.149
1.324
1.237
1.106
1.188
1.036
1.608
1.695
1.639
1.148
1.229
1.079
1.360
1.472
1.378
1.574
1.681
1.588
1.790
1.852
1.780
1.791
1.935
1.780
1.763
1.790
1.816
1.676
1.780
1.789
0.876
1.019
0.906
1.212
1.512
1.131
1.532
1.532
1.403
1.036
1.096
1.038
1.843
2.103
1.941
1.754
2.141
2.103
1.737
1.975
1.694
1.637
1.809
1.609
0.840
0.947
0.706
1.916
1.910
1.921
1.568
1.649
1.524
1.686
1.689
1.351
1.227
1.702
1.379
1.658
1.757
1.817
2.636
2.900
2.742
2.636
2.900
2.742
1.333
1.459
1.311
1.412
1.486
1.469
0.993
1.122
1.025
2.283
2.348
2.318
1.956
2.101
2.020
1.042
1.157
1.051
3.016
3.097
3.053
1.756
1.951
1.887
1.434
1.504
1.198
2.665
2.723
2.697
2.542
2.739
2.684
1.206
1.292
1.067
1.398
1.525
1.448
2.027
2.119
2.023
1.145
1.332
1.250
1.789
1.833
1.805
1.506
1.713
1.676
2.029
2.076
1.957
1.406
1.475
1.370
1.022
1.146
1.004
0.757
1.140
0.932
0.892
1.577
1.051
1.697
1.952
1.878
2.063
2.303
2.206
2.341
2.410
2.381
1.136
1.296
1.138
1.347
1.474
1.331
1.157
1.279
0.998
1.361
1.522
1.465
0.732
1.154
0.817
1.204
1.289
1.265
0.845
0.866
0.878
1.022
1.165
0.875
1.039
1.235
1.340
0.917
1.139
0.992
0.849
0.779
0.513
1.845
1.977
1.915
1.287
1.417
1.374
0.892
1.053
0.944
1.514
1.589
1.454
1.558
1.769
1.624
1.006
1.535
0.854
0.996
1.321
1.219
2.352
2.302
2.282
2.068
2.201
2.183
2.681
2.767
2.676
1.427
1.364
1.085
0.738
0.866
0.826
2.167
2.246
2.032
1.435
1.550
1.475
2.842
2.847
2.890
1.027
1.124
0.976
1.332
1.419
1.433
1.128
1.302
1.139
2.745
2.667
2.529
1.571
1.737
1.635
0.945
1.244
1.000
0.945
1.239
1.000
1.245
1.563
1.281
0.833
0.990
0.896
1.137
1.137
1.063
1.325
1.461
1.281
1.325
1.465
1.291
1.230
1.278
1.225
0.957
1.254
1.094
3.542
3.760
3.713
1.184
1.362
1.249
1.037
1.149
0.988
1.307
1.431
1.386
2.097
2.163
2.145
1.925
2.022
1.946
0.631
0.853
0.706
1.003
1.034
0.987
0.800
0.935
0.906
1.602
1.726
1.460
1.427
1.513
1.382
1.675
1.746
1.766
1.167
1.291
1.207
1.929
2.032
2.016
1.011
1.034
0.841
1.260
1.355
1.290
1.711
1.714
1.699
1.667
1.782
1.751
0.838
0.894
0.760
1.601
1.623
1.580
1.632
1.698
1.642
1.711
1.978
1.905
0.784
1.191
0.925
1.635
1.696
1.684
1.082
1.151
1.062
1.581
1.635
1.637
1.495
1.692
1.496
1.016
1.197
1.114
2.635
2.675
2.624
1.542
1.578
1.443
1.084
1.149
1.047
2.217
2.333
2.303
2.696
2.718
2.531
1.733
1.895
1.824
1.287
1.284
1.150
2.071
2.307
2.202
1.173
1.243
1.146
1.191
1.311
1.172
4.052
4.082
4.136
1.170
1.336
1.274
0.814
0.963
0.842
1.237
1.276
1.210
1.508
1.600
1.518
1.580
1.744
1.621
1.066
1.106
0.973
1.925
2.200
2.215
0.892
1.013
0.857
1.166
1.361
1.288
1.574
1.766
1.793
1.180
1.324
1.250
0.706
0.990
0.664
1.033
1.236
1.115
1.301
1.477
1.450
1.507
1.601
1.631
1.175
1.356
1.234
1.100
1.229
1.167
2.064
2.090
1.974
0.812
1.038
0.943
1.517
1.702
1.618
1.698
1.757
1.561
1.253
1.388
1.295
0.858
1.002
0.948
1.182
1.413
1.225
1.473
1.488
1.371
1.897
1.877
1.716
1.750
1.818
1.759
1.183
1.462
1.339
1.349
1.364
1.253
1.516
1.819
1.675
1.176
1.240
1.183
2.083
2.127
2.101
1.122
1.272
1.210
2.328
2.493
2.322
2.262
2.347
2.295
0.916
1.035
0.859
0.923
1.118
0.875
2.493
2.599
2.568
0.896
1.289
0.916
1.931
2.151
2.087
1.538
1.616
1.578
0.708
0.876
0.791
1.199
1.404
1.309
0.960
1.340
1.261
0.895
0.920
0.741
2.105
2.232
2.141
2.609
2.653
2.449
2.079
2.062
2.104
0.828
1.091
0.899
0.891
1.075
0.916
1.130
1.519
1.275
2.342
2.433
2.370
1.304
1.520
1.389
2.284
2.394
1.651
1.606
1.846
1.700
0.923
1.166
1.031
0.932
1.190
0.990
1.518
1.713
1.539
1.702
1.832
1.651
0.968
1.049
0.622
2.198
2.259
2.205
2.142
2.331
2.284
1.799
1.983
1.995
1.893
2.012
1.985
1.151
1.241
1.169
0.743
1.057
0.967
1.134
1.544
1.233
2.052
2.227
2.120
2.277
2.422
2.264
1.498
1.956
1.635
1.157
1.346
1.333
1.204
1.376
1.236
1.053
1.124
1.096
1.290
1.557
1.129
1.178
1.400
1.308
0.878
1.023
0.964
1.304
1.408
1.317
0.935
1.574
1.469
1.301
1.485
1.417
0.665
0.720
0.409
1.322
1.411
1.278
1.427
1.572
1.655
2.006
1.928
1.991
1.698
1.743
1.707
0.925
0.900
0.762
1.657
1.650
1.685
0.888
1.008
0.984
2.188
2.259
2.180
1.436
1.691
1.653
0.707
0.979
0.858
1.399
1.547
1.481
1.170
1.273
1.237
2.168
2.174
2.038
0.921
1.417
1.037
1.277
1.519
1.419
3.756
3.773
3.797
1.217
1.683
1.333
1.991
2.022
1.934
1.447
1.154
1.334
0.845
1.047
0.902
1.835
2.080
1.855
1.191
1.637
1.243
1.417
1.646
1.408
2.316
2.345
2.375
1.601
1.803
1.332
3.078
3.107
3.050
1.303
1.587
1.549
1.839
1.836
1.757
1.760
2.015
1.934
1.220
1.238
1.198
1.459
1.577
1.456
1.676
1.922
1.562
1.391
1.521
1.522
1.398
1.400
1.261
1.340
1.490
1.430
1.405
1.612
1.585
1.402
1.562
1.454
1.578
1.771
1.705
1.367
1.423
1.381
1.925
2.110
2.012
1.497
1.625
1.500
1.772
1.752
1.879
2.017
1.916
1.851
0.766
0.972
0.888
2.286
2.309
1.969
0.799
0.928
0.879
1.645
1.723
1.637
1.387
1.644
1.464
1.228
1.344
1.683
1.023
1.343
1.104
0.806
1.035
0.971
1.019
1.405
1.159
0.870
1.014
0.921
1.405
1.511
1.466
0.494
0.773
0.651
1.022
1.495
1.305
1.318
1.524
1.328
1.110
1.178
1.086
1.122
1.196
1.129
2.217
2.448
2.045
1.112
1.338
1.174
2.144
2.239
2.147
0.770
1.024
0.897
1.269
1.531
1.537
1.170
1.490
1.330
2.177
2.202
2.077
1.012
1.228
1.119
1.346
1.609
1.442
2.179
2.382
2.118
1.389
1.887
1.583
1.244
1.325
1.304
0.642
0.901
0.720
1.274
1.262
1.040
0.999
1.058
1.025
1.748
1.784
1.600
1.484
1.520
1.482
1.488
1.512
1.462
1.387
1.519
1.450
0.983
0.931
0.806
0.993
1.235
1.064
1.154
1.288
1.225
1.050
1.078
1.036
1.166
1.273
1.149
0.827
0.946
0.908
1.130
1.233
1.088
1.449
1.531
1.386
0.739
0.852
0.836
1.690
1.794
1.665
0.889
1.026
0.696
1.438
1.560
1.469
1.646
1.673
1.502
1.364
1.482
1.420
0.850
1.103
0.915
1.068
1.119
1.025
1.157
1.387
1.271
1.735
1.869
1.796
1.472
1.666
1.529
1.857
2.140
1.841
0.618
0.894
0.835
1.700
1.893
1.694
0.813
1.106
0.881
1.479
1.631
1.884
0.972
1.065
0.920
0.719
0.936
0.837
1.597
1.795
1.568
1.728
1.869
1.769
1.758
1.937
2.272
1.887
2.066
2.433
1.758
1.937
2.272
1.887
2.066
2.433
1.887
2.066
2.433
1.758
1.937
2.272
1.702
1.876
2.180
0.914
0.874
0.848
0.968
1.094
0.976
0.747
1.007
0.812
1.239
1.257
1.229
1.779
1.840
1.758
3.350
3.339
3.028
1.356
1.456
1.251
1.604
1.750
1.667
2.119
2.160
2.279
2.539
2.458
2.499
1.385
1.384
1.255
1.133
1.228
1.140
2.312
2.488
2.398
1.923
2.158
1.986
0.786
0.900
0.837
2.634
2.577
2.480
1.849
1.838
1.798
1.273
1.621
1.307
1.126
1.354
1.253
1.143
1.337
1.232
1.845
1.839
1.663
0.885
0.892
0.670
0.849
0.967
0.925
1.383
1.656
1.499
1.413
1.681
1.530
1.255
1.459
1.342
0.775
1.031
0.796
1.717
1.739
1.707
1.650
1.755
1.583
1.811
1.797
1.455
2.483
2.658
2.506
1.223
1.323
1.245
0.895
1.000
0.969
1.042
1.144
1.070
1.284
1.294
1.294
1.429
1.528
1.343
1.771
1.929
1.847
0.868
1.791
1.099
2.135
2.296
2.531
0.812
0.928
0.850
1.072
1.173
1.101
0.705
0.918
0.820
1.510
1.727
1.377
0.985
1.098
0.988
1.301
1.387
1.235
0.990
1.149
0.946
1.416
1.561
1.475
1.254
1.395
1.265
1.633
1.627
1.616
1.320
1.442
1.319
1.547
1.604
1.427
2.870
2.916
2.819
1.499
1.579
1.459
1.574
1.789
1.594
1.864
1.910
1.803
0.853
1.076
0.873
1.495
1.552
1.517
2.322
2.386
2.214
0.919
0.993
0.972
1.364
1.391
1.341
1.283
1.342
1.307
1.066
1.168
1.066
1.240
1.250
1.197
1.447
1.658
1.675
1.608
1.783
1.655
1.069
1.194
1.065
0.818
0.889
0.858
2.514
2.631
2.608
3.834
3.924
3.848
0.946
1.127
0.918
1.728
1.860
1.701
1.728
1.890
1.897
0.757
0.777
0.656
1.241
1.370
1.280
1.456
1.525
1.517
2.449
2.457
2.337
1.603
1.792
1.680
1.397
1.839
1.538
1.538
1.567
1.512
1.708
1.883
1.669
1.019
1.253
1.124
1.242
1.366
1.260
1.809
1.882
1.864
1.349
1.414
1.395
1.250
1.252
1.526
0.874
1.265
0.972
1.278
1.396
1.400
1.752
1.993
1.833
1.491
1.568
1.566
1.775
1.883
1.831
3.577
3.645
3.457
1.413
1.500
1.471
0.846
1.120
1.011
1.425
1.526
1.460
1.761
1.905
1.862
2.679
2.525
2.523
1.482
1.521
1.526
1.050
1.169
1.132
1.614
1.632
1.634
1.294
1.605
1.358
1.210
1.608
1.296
2.452
2.560
2.426
2.302
2.319
2.242
2.911
2.969
2.959
0.896
0.824
0.835
2.059
2.210
2.097
0.911
1.097
1.110
1.925
2.028
1.864
1.478
1.542
1.410
0.901
0.943
0.779
1.145
1.173
1.078
0.901
0.997
0.919
1.435
1.610
1.493
1.059
1.132
1.214
1.151
1.219
1.184
4.200
4.195
4.101
1.331
1.574
1.371
1.905
2.139
1.944
1.313
1.340
1.309
2.159
2.047
2.000
2.081
2.149
2.090
1.214
1.318
1.127
1.983
2.129
2.031
1.872
1.975
1.869
1.857
1.982
1.796
1.930
2.039
2.001
1.677
1.851
1.717
1.501
1.500
1.465
1.501
1.531
1.502
1.214
1.426
1.327
1.804
1.967
1.829
1.748
1.988
1.898
1.141
1.292
1.210
1.789
1.955
1.748
1.689
1.766
1.689
0.829
1.042
0.917
1.249
1.444
1.443
1.165
1.365
1.285
0.859
1.275
1.037
1.818
1.962
1.837
1.521
1.596
1.538
1.273
1.327
0.685
1.390
1.599
1.511
1.588
1.670
1.481
0.633
0.795
0.751
0.845
1.209
1.009
0.955
0.946
0.949
1.093
1.394
1.189
1.300
1.452
1.387
1.794
1.870
1.795
1.687
1.776
1.706
1.072
1.333
1.050
1.567
1.973
1.703
1.001
1.273
1.005
1.362
1.484
1.349
1.486
1.703
1.624
1.369
1.361
1.069
1.469
1.644
1.474
0.798
1.562
1.061
1.286
1.297
1.211
1.992
2.128
2.057
0.978
1.080
1.027
0.922
1.071
0.869
1.963
2.050
2.013
1.704
1.947
1.862
1.628
1.832
1.981
1.486
1.783
1.592
3.316
3.376
3.309
1.417
1.687
1.575
1.434
1.951
1.564
1.320
1.464
1.342
1.446
1.663
1.671
0.984
1.060
0.986
1.590
1.537
1.376
0.689
0.813
0.722
1.071
1.350
1.128
1.082
1.145
1.075
0.754
0.925
0.793
0.935
1.091
1.027
0.650
0.858
0.883
0.563
0.716
0.637
0.843
1.137
0.771
1.952
1.996
1.887
1.681
1.734
1.715
1.023
1.297
0.984
1.441
1.533
1.477
1.698
1.739
1.715
0.786
0.876
0.630
1.054
1.248
1.058
2.000
2.215
2.083
1.567
1.661
1.496
1.385
1.616
1.471
2.257
2.469
2.326
0.935
1.163
1.034
1.364
1.557
1.490
1.184
1.379
1.231
0.808
0.969
0.804
1.325
1.518
1.406
1.696
1.811
1.720
1.540
1.671
1.490
1.358
1.614
1.378
1.668
1.619
1.574
2.199
2.872
2.294
1.828
1.861
1.794
0.938
1.072
0.831
2.238
2.273
2.298
2.067
2.084
2.063
1.508
1.591
1.527
1.712
1.857
1.637
1.517
1.470
1.380
0.850
0.868
0.831
2.668
2.810
2.599
1.745
1.677
1.507
1.470
1.566
1.383
0.664
0.854
0.705
1.339
1.486
1.409
1.115
1.728
1.149
0.732
0.948
0.874
0.948
1.307
1.013
0.948
1.350
1.132
2.067
2.039
2.087
0.960
1.217
1.063
0.914
1.017
0.957
0.922
1.284
0.912
0.849
1.038
0.923
2.331
2.397
2.346
1.266
1.389
1.311
1.872
2.241
2.038
1.745
1.881
1.780
2.119
2.204
2.081
1.266
1.407
1.303
1.996
2.029
1.986
1.542
1.616
1.577
1.751
1.850
1.690
1.303
1.333
1.198
0.708
0.798
0.739
0.776
1.018
0.811
1.018
1.407
1.267
1.112
1.214
1.090
0.891
1.003
0.820
1.903
2.210
2.048
0.984
1.494
1.114
1.059
1.439
1.590
1.813
1.973
1.812
1.620
1.707
1.717
1.329
1.371
1.271
2.273
2.361
2.324
1.978
2.142
2.149
1.611
1.641
1.667
1.427
1.582
1.483
1.064
1.149
1.069
1.823
2.225
1.799
0.753
0.997
0.869
1.731
1.918
1.866
1.941
2.404
2.047
1.524
1.581
1.568
1.227
1.520
1.392
1.832
1.921
1.860
1.280
1.337
1.280
1.221
1.365
1.235
0.700
0.820
0.588
1.084
1.079
1.300
1.702
1.827
1.802
0.962
1.467
0.852
0.929
1.696
0.595
0.727
0.830
0.703
1.238
1.701
1.121
1.737
1.787
1.612
2.590
2.689
2.588
1.074
1.151
1.060
2.942
3.041
2.977
1.607
1.609
1.547
1.268
1.388
1.288
2.165
2.313
2.212
1.214
1.399
1.321
0.894
0.980
0.909
0.905
1.041
0.988
1.373
1.498
1.140
1.309
1.641
1.397
1.645
2.050
1.821
1.591
1.674
1.640
1.043
1.421
1.576
1.784
1.900
1.782
0.963
1.064
1.011
3.036
3.067
3.045
1.429
1.482
1.388
2.190
2.306
2.205
1.205
1.247
1.239
0.635
0.854
0.802
0.635
0.854
0.802
0.635
0.854
0.802
1.253
1.420
1.250
0.920
0.978
0.884
1.059
1.270
1.060
1.749
1.808
1.728
0.806
0.987
0.897
0.929
1.148
1.011
0.860
1.013
0.861
1.074
1.198
1.091
1.074
1.357
1.281
1.426
1.381
1.198
1.037
1.763
1.205
1.282
1.830
1.375
1.110
1.179
1.333
1.018
1.160
1.090
1.527
1.652
1.567
1.016
1.185
1.034
1.622
1.710
1.660
1.438
1.725
1.646
1.851
2.036
1.935
3.199
3.316
3.005
0.969
1.119
1.050
1.246
1.448
1.304
1.370
1.358
1.133
0.912
1.020
0.690
1.548
1.742
1.600
0.724
0.913
0.812
1.121
1.210
1.174
1.396
1.617
1.409
1.322
1.383
1.369
1.710
2.309
1.817
1.934
1.956
1.904
1.071
1.160
1.094
1.329
2.087
1.214
1.491
1.396
1.451
0.773
0.872
0.683
2.321
2.546
2.348
1.549
1.653
1.619
1.075
1.171
1.097
0.924
1.211
0.991
3.458
3.395
3.487
1.622
1.759
1.541
1.854
1.858
1.855
0.551
0.759
0.587
1.981
2.042
1.897
1.321
1.535
1.345
1.478
1.738
1.520
1.683
2.075
1.795
0.941
1.146
0.962
0.856
0.899
0.844
1.534
1.568
1.512
1.386
1.442
1.283
1.684
1.856
1.803
0.929
1.072
0.982
1.149
1.162
1.010
1.290
1.473
1.436
1.235
1.435
1.319
0.881
1.182
0.871
0.650
0.713
0.650
1.586
1.853
1.603
1.122
1.202
1.130
1.446
1.509
1.706
1.171
1.247
1.179
0.614
0.980
0.673
2.461
2.537
2.485
1.118
1.270
1.205
0.898
1.147
1.005
1.690
1.882
1.755
2.530
2.713
2.518
1.544
1.522
1.385
1.667
1.626
1.762
0.805
0.841
0.833
1.903
1.996
2.022
0.933
1.021
0.942
2.172
2.219
2.249
1.561
1.797
1.639
3.413
3.463
3.389
2.904
3.002
3.070
1.203
1.547
1.248
1.432
1.361
1.293
1.225
1.090
0.822
1.362
1.472
1.363
0.977
1.189
1.040
2.035
2.127
2.015
1.447
1.586
1.482
0.900
0.958
0.753
1.633
1.677
1.371
2.071
2.067
1.982
1.106
1.411
1.200
2.715
2.793
2.757
1.584
1.649
1.639
1.884
1.995
1.849
0.818
0.950
0.874
1.006
1.140
0.956
1.254
1.243
1.314
1.124
1.367
1.224
1.173
1.398
1.279
2.297
2.508
2.419
1.041
1.184
0.979
1.300
1.343
1.276
1.212
1.538
1.514
0.818
0.939
0.854
1.035
1.512
0.911
1.080
1.151
1.004
0.778
0.984
0.868
1.016
1.143
1.086
1.484
1.544
1.490
2.265
2.210
2.244
2.845
2.909
2.540
2.819
3.142
3.005
1.762
1.987
1.707
1.762
1.918
1.712
1.115
1.360
1.204
1.443
1.654
1.442
0.858
0.941
0.819
1.642
1.620
1.520
1.402
1.610
1.486
0.886
1.088
1.012
0.963
1.022
0.949
1.759
1.843
1.732
1.340
1.545
1.433
1.011
1.146
0.930
1.498
1.432
1.394
1.064
1.256
1.174
0.960
1.296
1.171
1.286
1.397
1.340
1.043
1.186
1.091
1.565
1.780
1.827
0.880
1.042
0.897
1.225
1.255
1.031
1.923
2.087
1.936
1.099
1.205
1.163
0.810
0.874
0.777
2.213
2.392
2.232
1.627
1.712
1.648
1.146
1.265
1.155
1.137
1.307
1.372
1.606
1.917
1.685
1.229
1.353
1.273
1.346
1.416
1.351
0.672
1.016
0.798
2.284
2.627
2.552
0.816
0.854
0.784
0.816
0.858
0.895
1.333
1.481
1.425
1.253
1.442
1.304
2.407
2.724
2.485
0.998
1.316
1.029
0.811
0.942
0.840
1.496
1.476
1.436
1.145
1.152
1.148
1.566
1.661
1.607
1.384
1.579
1.321
1.253
1.507
1.206
1.159
1.279
1.240
1.637
1.708
1.498
1.284
1.488
1.257
1.804
2.011
1.722
1.193
1.172
0.990
1.777
1.827
1.805
1.557
1.558
1.523
2.312
2.387
2.084
1.248
1.414
1.321
1.860
2.072
2.029
1.067
1.244
1.159
1.179
1.320
1.135
1.250
1.456
1.313
1.289
1.303
1.219
1.417
1.528
1.480
1.561
1.783
1.646
1.299
1.519
1.237
1.659
1.832
1.885
1.780
1.955
1.677
1.708
1.898
1.792
0.825
1.299
1.008
0.747
0.936
0.830
0.874
1.001
0.639
0.932
1.086
0.982
1.891
2.021
1.815
1.711
1.793
1.681
0.977
1.238
1.098
1.347
1.483
1.356
0.744
0.931
0.830
1.718
1.860
1.779
1.783
1.897
1.546
0.747
0.936
0.830
1.588
1.690
1.591
1.512
1.662
1.523
0.735
0.920
0.815
0.984
1.179
1.019
1.044
1.141
1.079
0.735
0.920
0.815
1.337
1.445
1.358
0.855
1.079
0.986
1.074
1.202
1.464
2.470
2.495
2.544
1.317
1.514
1.427
1.383
1.456
1.350
0.735
0.920
0.815
1.614
1.646
1.391
1.127
1.239
1.120
0.735
0.920
0.815
0.787
0.896
0.803
0.959
1.169
1.017
1.174
1.222
1.212
0.896
0.971
0.959
1.266
1.666
1.427
1.581
1.622
1.350
0.757
0.923
0.690
0.757
0.928
0.763
0.757
0.954
0.763
1.898
2.061
2.009
1.453
1.691
1.534
0.596
0.902
0.738
1.257
1.404
1.329
0.747
0.936
0.830
1.130
1.319
1.254
1.545
1.606
1.499
0.971
1.153
0.984
0.721
0.858
0.777
0.722
1.515
0.987
1.845
2.010
1.824
1.847
1.740
1.776
0.948
1.028
0.984
1.342
1.378
1.346
1.392
1.544
1.409
0.799
0.962
0.871
2.200
2.644
2.435
0.995
1.164
1.042
1.080
1.266
1.192
0.735
0.920
0.815
0.945
1.266
1.018
0.925
1.150
0.849
0.968
0.962
0.896
1.221
1.277
1.038
1.716
1.764
1.712
1.758
1.769
1.711
1.316
1.344
1.315
0.913
1.127
0.966
1.684
1.876
1.789
1.023
1.195
1.029
1.293
1.549
1.416
1.400
1.611
1.391
1.012
1.736
1.232
1.617
1.818
1.692
1.266
1.528
1.311
1.130
1.242
1.057
1.000
1.135
1.086
0.759
0.855
0.748
0.872
0.879
0.850
2.617
2.697
2.566
0.912
1.063
0.970
1.768
1.862
1.786
2.106
2.386
2.224
4.243
4.295
4.152
0.936
1.108
0.999
1.039
1.193
1.137
1.115
1.248
1.014
1.810
2.037
1.861
3.330
3.468
3.440
1.030
1.229
0.850
0.823
1.042
0.941
1.405
1.680
1.483
0.878
0.937
0.853
1.047
1.163
1.099
1.048
1.352
1.190
1.375
1.709
1.458
2.121
2.331
2.212
1.637
1.738
1.659
1.110
1.340
1.218
1.248
1.469
1.293
2.068
2.174
2.086
1.084
1.201
1.125
1.492
1.561
1.467
1.427
1.568
1.507
2.036
2.102
1.987
1.368
1.344
1.696
2.553
2.634
2.576
0.865
0.827
0.610
0.617
0.916
0.726
1.493
1.745
1.593
1.422
1.504
1.480
1.289
1.420
1.327
2.172
2.132
2.013
1.843
1.932
1.886
1.908
1.918
1.931
1.340
1.492
1.389
1.184
1.247
1.203
1.143
1.427
1.274
0.832
0.938
0.921
1.445
1.517
1.486
1.403
1.589
1.627
1.216
1.365
1.283
0.882
1.207
1.010
1.639
1.702
1.715
1.637
1.875
1.813
2.389
2.454
2.359
1.662
1.721
1.657
2.061
2.174
2.128
1.126
1.363
1.316
1.640
1.711
1.697
0.994
1.214
1.018
1.505
1.625
1.535
0.612
0.912
0.823
1.264
1.267
1.316
1.408
1.556
1.511
0.561
0.659
0.668
0.909
1.140
1.070
1.053
1.236
1.089
2.281
2.288
2.311
1.611
1.971
1.804
1.041
1.188
1.050
2.096
2.187
2.076
1.194
1.304
1.281
2.394
2.531
2.423
2.113
2.243
2.157
1.725
2.051
1.816
2.309
2.420
2.299
1.013
1.892
1.315
2.849
3.030
2.955
2.617
2.775
2.647
1.698
1.898
1.757
1.315
1.536
1.414
1.472
1.584
1.539
0.878
1.044
0.976
1.283
1.285
1.272
1.613
1.715
1.716
2.818
2.948
2.860
2.141
2.237
2.201
1.043
1.261
1.121
1.787
1.911
1.896
0.891
1.089
0.991
1.361
1.418
1.377
1.498
1.543
1.509
1.202
1.472
1.365
1.215
1.406
1.306
0.958
1.185
1.091
1.426
1.368
1.184
2.367
2.409
2.395
2.012
2.000
2.037
2.487
2.566
2.603
1.045
1.202
1.142
1.174
1.268
1.232
1.459
1.497
1.439
0.893
0.985
0.908
2.087
2.191
2.191
1.181
1.593
1.620
0.670
0.890
0.821
0.956
1.031
0.887
1.787
1.908
1.755
0.863
1.084
0.988
1.585
1.622
1.547
1.728
1.868
1.749
1.394
1.504
1.473
0.868
1.205
1.053
1.281
1.362
1.256
1.641
1.714
1.453
2.833
2.924
2.940
1.460
1.444
1.224
1.329
1.437
1.343
0.851
1.019
0.943
2.939
2.888
2.686
1.781
1.833
2.163
2.398
2.515
2.378
1.011
1.207
1.026
2.306
2.327
2.155
2.116
2.285
2.123
1.693
1.802
1.734
1.101
1.260
1.186
1.741
2.000
2.058
1.321
1.502
1.473
1.515
1.557
1.314
1.527
1.583
1.744
0.980
1.033
1.048
0.776
0.845
0.841
1.139
1.232
1.203
1.139
1.232
1.203
1.139
1.232
1.203
2.070
2.147
2.050
1.013
1.211
0.960
1.650
1.812
1.759
0.716
0.788
0.774
1.634
1.889
1.731
1.078
1.353
1.356
0.856
1.035
0.898
1.947
2.101
1.775
1.415
1.624
1.459
0.943
1.058
0.948
0.871
1.172
1.025
1.582
2.102
1.813
1.106
1.176
1.216
1.563
1.504
1.615
2.226
2.264
1.888
1.900
2.154
1.876
1.261
1.436
1.362
1.641
1.644
1.538
2.032
2.073
2.155
2.652
3.709
2.649
1.667
1.760
1.707
1.047
1.128
1.042
1.098
1.140
0.955
1.015
1.262
1.199
1.073
1.237
1.205
1.578
1.595
1.463
1.767
1.926
1.715
1.860
2.090
2.132
2.449
2.595
2.489
1.730
1.831
1.636
1.136
1.300
1.260
1.213
1.343
1.262
0.663
1.073
0.832
1.467
1.780
1.609
1.385
1.337
1.278
1.750
1.828
1.725
1.776
2.040
1.914
1.093
1.251
1.191
2.221
2.247
2.073
0.896
0.926
0.815
1.040
1.192
0.905
1.541
1.639
1.553
2.031
2.075
1.822
0.873
0.944
0.843
0.757
0.842
0.724
0.815
0.908
0.786
0.613
0.783
0.685
0.722
0.866
0.775
1.267
1.408
1.353
2.100
2.488
2.187
1.175
1.120
1.120
0.879
1.081
0.972
1.149
1.246
1.123
1.511
1.536
1.399
1.835
1.967
1.889
1.081
1.184
1.110
1.012
1.058
1.051
0.906
1.136
0.976
1.198
1.311
1.187
1.713
1.940
1.747
1.180
1.375
1.332
0.496
0.634
0.549
1.042
1.050
1.011
2.430
2.419
2.464
1.351
1.525
1.428
1.075
1.238
1.129
0.462
0.752
0.588
0.462
0.752
0.588
0.462
0.752
0.588
1.190
1.287
1.212
1.534
1.639
1.432
0.953
1.055
0.754
1.142
1.424
1.382
0.697
0.822
0.715
1.873
2.004
1.917
1.795
1.848
1.834
1.389
1.612
1.407
1.090
1.209
1.179
1.650
1.825
1.749
1.630
1.994
1.845
1.043
1.155
1.070
0.924
1.135
0.832
0.809
0.847
0.775
1.724
1.795
1.776
1.369
1.491
1.459
1.369
1.593
1.459
1.438
1.636
1.556
1.496
1.728
1.500
0.756
1.047
0.968
2.451
2.546
2.436
0.875
0.981
0.908
1.387
1.473
1.400
1.031
1.085
1.040
1.339
1.534
1.451
1.121
1.158
0.942
0.344
0.621
0.538
0.713
0.964
0.849
1.088
1.309
1.371
1.740
1.820
1.685
0.621
0.640
0.475
1.544
1.504
1.494
1.954
2.122
2.017
0.765
0.838
0.800
1.946
2.034
1.907
1.459
1.525
1.435
1.108
1.107
1.162
1.431
1.565
1.371
1.867
2.003
1.945
1.453
1.673
1.476
2.077
2.212
2.056
1.116
1.291
1.210
1.073
1.286
1.159
0.814
0.974
0.885
1.637
1.740
1.689
1.370
1.458
1.433
0.839
1.009
0.931
0.839
1.009
0.931
1.900
1.961
1.970
0.810
1.066
0.834
1.750
1.843
1.766
1.524
1.719
1.529
0.742
0.843
0.733
1.306
1.399
1.291
1.363
1.522
1.337
0.766
1.017
0.816
2.178
2.320
2.146
1.773
1.861
1.816
1.626
1.787
1.661
2.637
2.665
2.594
1.664
1.909
1.791
0.993
1.074
0.997
1.310
1.554
1.399
1.694
1.993
1.839
1.422
1.581
1.409
1.175
1.180
1.251
1.732
1.862
1.716
1.529
1.838
1.661
1.474
1.591
1.494
0.892
1.088
0.964
1.436
1.414
1.143
1.321
1.442
1.414
0.676
0.870
0.725
0.940
1.027
0.927
0.784
0.919
0.831
1.654
1.739
1.700
1.202
1.355
1.284
1.131
1.376
1.192
1.615
1.798
1.689
1.985
2.662
2.114
1.624
1.844
1.767
1.208
1.385
1.239
0.904
1.033
0.957
1.209
1.211
1.026
0.998
1.394
1.159
1.066
1.179
1.102
0.998
1.088
1.013
1.804
1.999
1.866
0.668
1.176
0.939
1.896
2.037
1.999
1.074
1.192
1.071
1.987
2.119
1.841
0.861
0.922
0.823
1.317
1.412
1.293
2.731
2.813
2.787
2.450
2.658
2.519
0.895
1.127
1.017
1.886
2.081
1.918
1.230
1.355
1.214
1.112
1.384
1.200
2.157
2.585
2.228
1.843
1.925
1.848
2.117
2.227
2.178
0.960
1.114
0.994
1.530
1.535
1.311
0.908
1.039
0.960
2.358
2.571
2.389
1.758
1.901
1.559
1.252
1.332
1.284
0.577
0.828
0.688
0.691
0.688
0.569
1.523
1.625
1.578
1.095
1.364
1.174
2.504
2.671
2.629
1.352
1.570
1.458
1.465
1.647
1.637
0.880
1.109
1.010
0.908
1.039
0.960
1.733
1.819
1.712
0.894
1.266
1.037
0.917
1.044
0.777
0.875
0.930
0.848
1.517
1.657
1.579
0.829
1.036
0.885
1.359
1.594
1.462
1.016
1.068
1.061
0.904
1.033
0.957
0.785
0.939
0.809
1.128
1.150
1.082
0.968
1.037
0.931
1.154
1.188
1.148
0.677
0.895
0.738
1.326
1.453
1.355
0.835
1.117
0.985
2.962
3.294
3.056
2.962
3.294
3.056
2.962
3.294
3.056
1.025
1.255
1.128
0.908
1.039
0.960
1.745
1.834
1.743
1.245
1.324
1.273
0.801
0.831
0.687
0.918
1.073
0.933
1.497
1.601
1.452
1.196
1.345
1.185
0.828
0.930
0.896
1.609
1.680
1.603
0.959
1.131
0.988
2.211
2.371
2.179
0.926
0.796
0.836
0.908
1.039
0.960
0.958
1.147
1.049
1.036
1.167
1.080
0.680
0.857
0.687
2.351
2.469
2.342
0.699
1.004
0.826
1.133
1.467
1.291
1.850
2.120
1.814
0.700
0.850
0.748
0.575
0.960
0.690
2.264
2.442
2.352
1.388
1.458
1.335
1.877
2.051
1.895
1.442
1.540
1.459
1.719
1.784
1.726
1.163
1.342
1.252
1.081
1.533
1.241
1.860
1.971
1.906
1.454
1.680
1.530
2.192
2.350
2.322
1.156
1.322
1.236
1.677
1.746
1.743
1.623
1.635
1.604
0.598
0.885
0.711
1.204
1.448
1.274
1.570
1.510
1.546
1.870
1.952
1.914
2.151
2.319
2.210
1.220
1.299
1.144
2.684
2.537
2.400
1.217
1.254
0.932
1.863
1.915
1.817
1.585
1.823
1.774
1.076
1.195
1.142
1.554
1.819
1.594
1.485
1.714
1.618
2.494
2.576
2.513
2.086
2.209
2.154
1.639
1.815
1.778
1.830
1.827
1.776
1.276
1.659
1.343
1.530
1.650
1.474
1.633
1.875
1.766
1.677
1.652
1.636
2.641
2.722
2.681
2.246
2.219
2.230
0.848
0.989
0.853
1.331
1.591
1.484
1.749
1.818
1.803
1.304
1.522
1.278
1.378
1.877
1.511
1.544
1.846
1.631
1.535
1.580
1.458
0.932
1.005
0.967
1.176
1.178
1.303
1.239
1.388
1.297
1.746
1.750
1.692
0.837
1.015
0.864
0.837
1.015
0.864
1.354
1.519
1.421
1.356
1.381
1.303
0.956
1.061
0.874
2.127
2.262
2.090
1.567
1.474
1.456
0.839
0.964
0.747
1.207
1.492
1.333
0.657
0.722
0.689
1.051
1.165
1.095
2.586
2.701
2.112
1.514
1.449
1.075
0.687
0.946
0.741
2.241
2.367
2.388
1.139
1.243
1.199
0.938
1.099
0.981
0.975
1.261
0.975
1.742
1.843
1.718
1.256
1.325
1.236
2.208
2.440
2.256
1.248
1.115
0.957
1.936
1.972
1.940
1.706
1.816
1.748
1.104
1.131
0.933
1.659
2.065
1.788
0.861
0.900
0.781
2.463
2.615
2.436
2.073
2.161
2.158
0.827
0.999
0.905
1.255
1.326
1.230
1.565
1.631
1.572
1.311
1.532
1.168
1.773
1.839
1.676
2.528
2.590
2.575
0.757
0.953
0.878
1.169
1.406
1.333
1.673
1.902
1.688
0.985
1.039
1.205
1.510
1.649
1.592
0.747
0.913
0.789
1.316
1.453
1.299
1.094
1.285
1.087
3.037
3.186
3.112
1.728
2.112
1.893
0.920
1.104
0.981
1.031
1.150
1.027
1.222
1.312
1.285
2.296
2.235
1.942
1.003
1.079
0.917
1.435
1.513
1.453
0.819
0.894
1.255
1.136
1.310
1.225
1.705
1.906
1.749
0.920
1.076
0.984
2.754
2.859
2.829
3.062
3.098
3.029
1.790
2.084
1.907
1.256
1.378
1.316
1.750
1.770
1.749
1.416
1.526
1.474
2.159
2.370
2.244
1.282
1.323
1.268
1.338
1.545
1.473
1.312
1.467
1.368
0.914
1.097
0.974
0.539
0.647
0.557
1.151
1.237
1.227
1.138
1.404
1.243
0.730
0.843
0.756
2.089
2.260
2.193
1.306
1.704
1.520
1.259
1.447
1.344
0.600
0.980
0.819
1.587
1.857
1.724
1.641
1.663
1.406
1.038
1.086
1.024
1.521
1.826
1.472
1.330
1.465
1.451
1.423
1.519
1.458
0.988
1.072
0.824
2.268
2.339
2.267
0.805
1.076
0.840
0.805
0.965
0.840
2.042
2.149
1.925
1.318
1.533
1.440
1.400
1.442
1.374
1.138
1.357
1.238
0.690
0.826
0.733
0.791
0.929
0.825
1.059
1.165
1.109
0.756
0.748
0.727
2.045
2.027
1.951
1.106
1.223
1.022
0.946
1.118
0.997
0.870
1.046
0.916
2.203
2.309
2.181
2.962
2.954
2.891
1.380
1.455
1.380
0.907
0.939
0.961
0.893
0.972
0.965
0.748
0.948
0.767
1.470
1.504
1.451
2.052
1.912
2.025
1.431
1.414
1.318
0.968
1.247
1.054
0.817
0.994
0.886
0.725
0.868
0.779
1.365
1.452
1.353
1.700
1.816
1.714
0.814
0.877
0.800
1.016
1.074
1.060
0.908
1.039
0.960
0.908
1.039
0.960
1.280
1.355
1.287
1.160
1.516
1.375
1.233
1.415
1.322
0.981
1.056
0.994
1.172
1.647
1.161
1.268
1.597
1.406
0.605
0.752
0.737
1.764
1.867
1.916
2.664
2.618
2.669
0.892
1.106
0.985
2.365
2.375
2.246
1.112
1.428
1.111
1.082
1.201
0.936
1.517
1.684
1.566
1.776
1.909
1.795
1.046
1.144
1.065
0.744
0.916
0.742
1.475
1.543
1.440
0.805
0.995
0.964
0.850
0.967
0.805
2.571
2.673
2.641
1.755
1.785
1.734
1.808
1.879
1.839
1.063
1.033
0.985
1.796
2.082
1.866
0.895
1.110
1.035
1.295
1.424
1.332
1.121
1.243
1.130
1.707
1.843
1.803
1.729
1.823
1.539
1.332
1.556
1.328
1.249
1.394
1.302
2.403
2.492
2.358
0.623
0.628
0.578
0.623
0.727
0.662
1.040
1.103
1.099
1.130
1.239
1.124
1.159
1.389
1.256
1.770
1.931
1.805
0.941
1.056
0.966
1.158
1.395
1.259
0.738
0.907
0.826
2.010
2.161
1.977
1.073
1.232
1.114
0.835
1.111
1.041
1.090
1.431
1.215
2.869
3.008
2.923
1.717
1.800
1.732
1.664
1.733
1.648
1.468
1.564
1.431
1.016
1.170
0.935
1.130
1.422
1.242
0.859
0.989
0.906
1.714
1.762
1.741
1.547
1.586
1.524
1.090
1.257
1.161
1.811
1.787
1.871
1.988
2.336
2.061
1.296
1.404
1.292
1.293
1.376
1.272
1.294
1.420
1.333
0.847
0.935
0.967
1.748
1.822
1.750
1.495
1.533
1.540
1.217
1.289
1.251
1.286
1.458
1.374
1.744
1.871
1.832
1.328
1.520
1.436
1.400
1.500
1.441
1.154
1.330
1.112
0.965
0.764
0.822
0.775
0.833
0.801
1.188
1.279
1.241
0.838
0.925
0.851
0.838
0.937
0.867
1.410
1.456
1.411
1.016
1.172
1.064
1.243
1.523
1.324
1.144
1.281
1.242
1.194
1.355
1.249
0.605
0.841
0.684
0.805
0.888
0.861
0.714
0.852
0.768
0.821
1.049
0.873
0.856
1.017
0.972
1.221
1.695
1.582
1.410
1.661
1.537
2.694
2.773
2.629
0.871
0.998
0.922
0.820
1.104
1.002
1.407
1.670
1.535
1.277
1.298
1.300
2.070
2.109
1.955
1.031
1.109
1.061
1.439
1.610
1.457
3.084
3.092
3.038
1.678
1.856
1.830
0.994
1.149
1.069
0.897
0.899
0.790
1.209
1.461
1.292
1.913
2.173
2.024
1.918
2.140
1.995
1.972
2.130
1.980
1.112
1.241
1.168
1.282
1.390
1.327
0.874
1.143
0.842
1.015
1.667
1.078
0.721
0.892
0.786
1.057
1.397
1.180
0.641
0.725
0.551
1.091
1.367
1.205
1.202
1.438
1.277
0.581
0.822
0.680
1.213
1.330
1.195
1.470
1.497
1.438
1.223
1.822
1.299
0.923
1.047
0.997
0.893
0.910
0.855
1.074
1.201
1.052
1.089
1.174
1.155
0.676
0.847
0.726
0.697
0.816
0.698
1.660
2.256
1.791
1.120
1.188
1.138
0.906
1.059
0.963
1.910
2.021
1.784
1.705
2.140
1.849
2.996
2.969
2.903
1.002
1.182
0.913
0.749
0.936
0.888
0.892
1.010
0.963
0.961
1.451
1.179
1.167
1.249
1.075
1.661
1.831
1.710
0.934
1.162
1.028
1.097
1.324
1.398
1.205
1.288
1.265
1.349
1.496
1.359
0.900
1.017
0.961
1.424
1.563
1.423
1.074
1.252
1.259
1.285
1.425
1.274
1.004
0.990
0.904
0.730
1.080
0.958
1.492
1.564
1.494
0.986
1.279
0.902
2.169
2.243
2.192
0.940
1.188
1.091
1.925
2.003
1.781
1.785
1.780
1.572
1.416
1.466
1.339
0.989
1.118
1.014
1.909
1.950
1.876
1.260
1.486
1.663
1.099
1.129
1.106
1.827
1.915
1.796
1.919
2.073
1.942
1.093
1.532
1.501
2.029
2.029
1.992
0.972
1.143
0.986
0.758
0.845
0.736
0.419
0.559
0.474
0.746
0.837
0.771
1.437
1.638
1.417
1.004
1.116
1.083
1.418
1.710
1.166
1.005
1.092
1.051
1.147
1.240
1.164
1.383
1.425
1.388
1.993
2.122
1.924
1.489
1.637
1.687
1.012
1.139
1.100
0.538
0.674
0.591
0.757
0.983
0.844
1.036
1.241
0.950
1.155
1.215
1.150
0.538
0.674
0.591
0.489
0.656
0.564
0.538
0.674
0.591
1.930
1.945
1.902
1.625
1.684
1.599
1.606
1.674
1.583
1.436
1.603
1.563
0.933
1.045
0.970
1.304
1.461
1.305
1.220
1.323
1.178
0.649
0.774
0.659
1.769
1.835
1.747
2.494
2.720
2.625
1.545
1.751
1.622
0.515
0.793
0.611
2.071
2.085
2.047
1.343
1.586
1.434
1.058
1.360
1.116
0.884
1.038
0.984
1.067
1.128
1.100
1.165
1.442
1.263
1.307
1.278
1.270
1.161
1.341
1.091
1.231
1.412
1.326
0.720
0.861
0.834
1.394
1.569
1.482
1.057
1.166
1.108
1.082
1.255
1.159
1.270
1.497
1.358
0.789
1.024
0.857
1.157
1.235
1.104
0.812
1.042
0.866
1.847
1.869
1.740
2.339
2.362
2.373
2.129
2.327
2.150
0.983
1.154
0.891
1.549
1.868
1.779
0.637
0.830
0.755
0.943
0.944
0.839
1.693
1.965
1.783
1.960
1.957
1.980
1.511
1.620
1.565
1.511
1.620
1.565
1.313
1.398
1.391
1.657
1.660
1.424
1.763
1.851
1.777
1.725
1.692
1.642
1.355
1.503
1.408
1.222
1.538
1.371
1.342
1.452
1.401
1.099
1.313
1.089
2.448
2.799
2.572
1.594
1.737
1.616
0.483
0.685
0.600
3.036
3.059
2.947
1.735
2.008
1.829
1.098
1.558
1.264
1.428
1.930
1.764
2.312
2.369
2.276
1.803
1.831
1.771
1.269
1.545
1.411
1.143
1.183
0.871
2.040
2.129
1.979
1.674
1.972
1.814
2.110
2.310
2.240
2.065
2.184
2.001
0.937
1.045
0.985
1.167
1.318
1.212
1.924
2.011
1.975
1.160
1.321
1.248
1.054
1.355
1.191
1.143
1.399
1.218
1.548
1.673
1.567
1.349
1.366
1.164
1.905
2.003
1.932
1.271
1.335
1.171
1.466
1.698
1.610
2.163
2.290
2.195
0.948
1.091
0.989
1.298
1.438
1.322
1.288
1.340
0.998
1.537
1.749
1.613
0.696
0.832
0.645
1.668
1.789
1.592
1.791
1.652
1.706
1.907
1.924
1.724
1.757
1.844
1.755
2.092
2.156
2.147
1.860
2.068
1.937
1.288
1.540
1.516
1.614
1.810
1.647
1.940
2.066
1.985
1.087
1.333
1.113
1.233
1.391
1.288
1.927
2.207
2.197
1.800
1.964
1.795
0.964
0.993
0.917
1.201
1.405
1.316
3.481
3.619
3.166
3.017
3.332
3.143
1.614
1.719
1.537
1.796
1.870
1.899
0.670
0.936
0.867
1.229
1.384
1.282
0.895
1.082
0.931
1.300
1.564
1.434
1.271
1.505
1.426
0.995
1.445
1.005
0.995
1.324
1.059
0.742
1.096
0.911
1.605
1.579
1.521
1.575
1.832
1.711
0.650
0.645
0.196
0.696
0.988
0.773
1.360
1.445
1.333
1.690
1.822
1.764
2.316
2.489
2.396
2.193
2.285
2.244
1.727
1.813
1.793
1.234
1.363
1.277
1.639
1.815
1.681
0.906
1.110
1.017
1.510
1.457
1.094
2.242
2.271
2.251
1.529
1.636
1.452
1.715
1.817
1.779
1.137
1.417
1.192
1.296
1.495
1.493
1.263
1.437
1.379
0.930
0.776
0.679
1.212
1.173
1.078
1.317
1.265
1.255
1.614
1.853
1.602
0.848
0.949
0.882
1.881
1.824
1.552
0.853
0.984
0.969
1.590
1.733
1.597
1.099
1.329
1.108
0.771
0.838
0.767
1.488
1.544
1.477
1.785
1.917
1.782
1.173
1.338
1.179
1.554
1.757
1.655
1.184
1.947
1.377
2.403
2.503
2.487
1.709
1.873
1.756
1.090
1.168
0.849
1.786
1.867
1.830
1.130
1.226
1.203
1.265
1.356
1.482
1.890
1.941
1.933
1.622
1.865
1.677
0.876
0.985
0.824
0.876
0.985
0.824
1.069
1.288
1.223
0.776
1.130
1.006
0.852
1.295
0.952
1.896
2.135
2.017
0.644
0.815
1.062
1.198
1.435
1.356
1.960
1.998
1.853
1.229
1.487
1.340
1.177
1.355
1.320
1.221
1.127
1.117
0.831
0.934
0.864
1.393
1.452
1.491
1.154
1.378
1.238
0.896
1.275
1.005
1.152
1.210
1.150
1.413
1.558
1.413
0.940
1.085
0.851
1.076
1.170
1.124
1.809
1.943
1.868
1.439
1.577
1.500
0.935
1.025
0.943
0.770
0.862
0.797
1.254
1.305
1.219
1.285
1.708
1.383
1.141
1.215
1.298
1.353
1.528
1.319
1.353
1.553
1.536
1.822
1.934
1.919
1.399
1.556
1.426
1.186
1.245
1.241
1.289
1.633
1.474
2.638
2.684
2.638
1.223
1.415
1.345
1.566
1.805
1.585
1.306
1.412
1.265
0.809
1.087
0.933
1.226
1.351
1.301
0.531
0.677
0.585
0.968
1.087
0.942
1.779
1.803
1.742
1.826
1.821
1.720
0.877
1.042
0.847
1.147
1.236
1.131
1.819
1.943
1.815
0.949
1.071
0.942
1.539
1.726
1.541
1.685
1.709
1.811
1.120
1.224
1.171
2.700
2.867
2.731
1.442
1.696
1.455
1.656
1.768
1.706
1.112
1.319
1.181
1.079
1.149
1.084
1.445
1.469
1.398
1.477
1.926
1.745
1.384
1.475
1.396
1.061
1.328
1.161
1.343
1.403
1.317
1.120
1.386
1.168
2.619
2.705
2.675
1.697
1.854
1.674
0.940
1.250
1.071
1.126
1.257
1.197
0.972
0.920
0.940
1.016
1.104
1.031
0.721
0.792
0.678
0.844
1.065
1.037
1.752
1.719
1.668
0.791
0.966
0.733
1.630
1.672
1.595
1.308
1.600
1.790
1.269
1.384
1.282
1.267
1.383
1.266
1.389
1.622
1.452
0.911
1.004
0.940
1.803
1.885
1.850
1.720
1.726
1.671
1.761
1.997
1.958
1.247
1.343
1.315
1.660
1.864
1.782
0.531
0.677
0.585
1.273
1.333
1.328
1.550
1.769
1.546
1.289
1.321
1.309
1.505
1.477
1.462
1.155
1.360
1.181
1.555
1.748
1.617
1.508
1.582
1.535
1.250
1.387
1.319
1.170
1.534
1.400
0.975
1.042
0.937
1.298
1.121
1.192
0.985
1.105
1.011
0.914
1.141
0.893
1.053
1.357
1.189
1.814
2.117
2.218
1.024
1.126
1.035
0.834
0.934
0.788
1.136
2.402
1.694
1.235
1.375
1.141
2.831
2.849
2.777
0.766
0.981
0.855
0.685
0.702
0.551
0.745
0.891
0.767
0.767
0.891
0.778
0.711
0.962
0.804
1.943
1.994
2.066
0.377
0.633
0.505
1.264
1.426
1.329
0.680
0.864
0.746
1.324
1.499
1.352
0.548
0.683
0.602
1.980
1.964
1.899
1.215
1.348
1.338
1.154
1.523
1.278
1.215
1.235
1.164
1.337
1.553
1.418
1.432
1.511
1.433
1.953
2.056
2.007
0.754
0.869
0.762
1.865
1.958
1.697
1.795
1.883
1.993
1.091
1.291
1.068
1.428
1.847
1.601
0.700
0.829
0.777
1.220
1.468
1.301
2.090
2.070
2.027
0.979
1.212
1.141
1.083
1.391
1.193
1.841
1.883
1.813
1.123
1.237
1.228
0.909
1.075
0.949
1.362
1.351
1.280
1.448
1.580
1.500
1.447
1.693
1.495
1.178
1.243
1.108
1.488
1.681
1.495
1.292
1.519
1.401
0.914
1.042
0.998
1.439
1.620
1.469
1.521
1.716
1.380
1.823
2.295
2.239
2.129
2.164
2.068
1.987
1.934
2.048
1.325
1.328
1.274
1.257
1.287
1.242
2.344
2.426
2.195
2.008
2.274
2.011
1.712
1.919
1.829
1.097
1.301
1.048
1.429
1.360
1.287
1.479
1.523
1.455
2.176
2.257
2.278
1.282
1.605
1.426
2.722
2.879
2.808
1.848
1.826
1.616
0.927
1.073
0.975
0.808
0.932
0.754
1.114
1.129
1.122
1.639
1.801
1.629
0.790
0.888
0.824
1.594
1.636
1.583
1.340
1.488
1.340
0.906
1.095
0.990
1.023
1.066
0.997
1.206
1.308
1.533
1.103
1.190
1.077
1.666
1.829
1.655
2.103
2.352
2.166
0.857
0.900
0.857
1.418
1.543
1.474
1.267
1.393
1.422
0.848
1.210
1.032
0.776
1.042
0.631
1.270
1.476
1.307
1.262
1.363
1.324
1.075
1.351
1.193
0.928
1.207
1.110
1.219
1.466
1.301
1.314
1.469
1.366
1.802
2.028
1.958
1.160
1.315
1.260
2.130
2.232
2.166
1.185
1.394
1.294
1.783
1.933
1.827
1.063
1.281
1.117
1.825
1.967
1.797
1.564
1.598
1.485
0.824
1.046
0.967
2.027
2.145
2.029
0.832
1.177
0.894
1.493
1.612
1.306
1.502
1.492
1.408
0.857
0.935
0.836
1.162
1.278
0.882
0.808
1.176
0.933
1.109
1.316
1.210
1.749
1.922
1.814
1.971
2.039
1.973
1.124
1.567
1.296
1.837
1.942
1.895
1.027
1.029
0.962
1.749
1.844
1.866
0.893
1.120
1.058
1.381
1.691
1.566
1.551
1.753
1.608
1.240
1.483
1.457
1.615
1.857
1.632
1.615
1.881
1.850
2.081
2.146
2.085
1.263
1.259
1.253
2.093
2.112
2.110
1.351
1.441
1.362
1.682
1.708
1.654
1.863
1.932
1.858
1.924
1.951
1.927
2.582
2.643
2.582
1.544
1.861
1.553
0.987
1.258
0.974
1.644
1.462
1.853
1.023
1.245
0.990
1.419
1.590
1.292
2.576
2.549
2.519
1.185
1.261
1.137
1.457
1.541
1.485
1.048
1.193
1.033
0.995
1.343
1.088
1.269
1.267
1.046
1.168
1.642
1.533
1.113
1.138
1.106
1.184
1.532
1.361
1.715
1.935
1.642
1.331
1.182
1.161
1.343
1.470
1.632
1.343
1.487
1.143
0.700
1.152
0.658
1.475
1.559
1.508
1.104
1.152
0.978
0.857
1.001
0.832
0.941
1.157
0.995
1.926
2.089
1.904
1.288
1.675
1.519
1.288
1.773
1.474
1.580
1.780
1.473
1.424
1.657
1.568
1.070
1.138
0.986
0.873
0.919
0.796
1.053
1.658
1.184
1.329
1.512
1.471
1.486
1.984
1.612
1.464
1.746
1.562
1.595
1.318
1.319
2.452
2.500
2.411
1.671
1.757
1.683
0.777
0.950
0.800
1.904
2.142
2.018
1.405
1.590
1.518
1.706
1.892
1.838
1.349
1.580
1.421
2.145
2.284
2.287
3.171
3.057
3.187
1.858
1.999
1.909
1.560
1.666
1.601
1.119
1.274
1.205
1.815
1.924
1.819
1.441
1.512
1.415
1.134
1.919
1.055
1.867
2.009
1.957
1.632
2.291
2.575
0.903
1.070
0.979
2.056
2.079
1.916
1.660
1.787
1.774
0.988
1.058
1.001
2.061
2.206
2.079
1.455
1.554
1.582
1.854
1.947
1.868
1.418
1.522
1.382
1.129
1.277
1.101
1.521
1.764
1.553
0.823
1.003
0.984
1.582
1.704
1.595
1.879
1.734
1.786
1.698
1.731
1.550
0.871
0.942
0.887
1.619
1.744
1.593
1.854
1.979
1.853
1.056
1.449
1.188
1.075
1.202
1.148
0.649
0.743
0.714
2.428
2.187
2.159
0.734
1.046
0.866
0.807
0.926
0.770
0.723
0.844
0.702
0.688
0.894
0.694
2.152
2.263
2.151
1.566
1.633
1.462
0.799
0.951
0.832
1.312
1.504
1.375
1.725
2.114
1.820
1.110
1.418
1.091
1.097
1.245
1.412
2.135
2.428
2.307
2.174
2.311
2.116
1.504
1.782
1.445
2.100
2.310
2.262
1.447
1.567
1.522
0.777
0.912
0.997
0.924
1.238
1.061
0.767
0.979
0.731
1.284
1.459
1.417
1.131
1.173
1.178
1.131
1.335
1.235
0.933
1.059
0.979
0.740
0.996
0.888
1.650
1.777
1.684
1.540
1.818
1.572
2.505
2.479
2.188
2.209
2.283
2.189
0.853
1.066
0.942
1.798
1.802
1.765
1.399
1.981
1.533
0.949
1.032
0.947
1.187
1.199
1.185
1.320
1.884
1.195
1.108
1.441
1.227
2.105
2.071
2.001
0.659
0.700
0.674
1.058
1.203
1.140
0.808
0.972
0.900
0.742
1.122
0.812
0.879
0.945
0.827
0.769
1.020
0.826
1.048
1.065
1.087
0.557
0.824
0.639
1.080
1.296
1.183
0.847
1.007
0.865
1.537
1.711
1.504
1.318
1.480
1.566
1.690
1.853
1.836
1.365
1.456
1.419
1.073
1.056
1.057
1.168
1.236
1.173
1.800
2.018
1.890
1.319
1.386
1.439
1.431
1.581
1.461
1.435
1.552
1.513
1.102
1.302
1.165
1.459
1.507
1.487
0.959
1.087
1.070
1.024
1.196
1.089
2.833
2.765
2.714
1.326
1.650
1.426
1.482
1.589
1.572
1.673
1.769
2.103
1.300
1.589
1.213
1.995
2.063
2.042
0.425
0.944
0.803
0.845
0.981
0.869
1.338
1.402
1.368
1.326
1.485
1.398
1.171
1.319
1.266
1.489
1.614
1.448
0.982
1.576
1.100
1.074
1.388
1.206
0.982
1.091
0.962
1.258
1.299
1.202
1.531
1.735
1.449
1.781
1.964
1.732
0.462
0.537
0.423
0.701
1.029
0.812
1.881
1.908
1.840
0.728
1.051
0.841
1.109
1.270
1.197
0.948
1.064
0.972
1.102
1.261
1.128
1.188
1.401
1.298
0.748
0.952
0.905
0.847
0.868
0.836
1.119
1.174
1.172
1.210
1.285
1.227
1.263
1.475
1.290
1.021
1.153
1.050
0.862
0.959
0.888
1.911
2.003
1.872
1.462
1.730
1.645
1.344
1.378
1.181
1.350
1.460
1.450
0.671
0.851
0.712
0.942
1.129
0.966
1.125
1.343
1.219
1.146
1.225
1.015
1.556
1.773
1.639
1.214
1.277
1.263
0.486
0.739
0.464
1.013
1.254
1.136
1.252
1.496
1.446
1.181
1.455
1.310
1.545
1.658
1.571
1.497
1.832
1.685
1.077
1.162
1.029
1.762
1.772
1.674
1.241
1.309
1.273
1.896
2.003
1.821
0.918
1.021
0.836
1.825
1.863
1.674
0.969
1.203
1.066
0.792
0.914
0.809
2.160
2.190
2.149
1.042
1.208
1.141
1.605
1.802
1.717
0.944
1.247
1.044
1.150
1.238
0.977
1.711
1.981
1.777
2.399
2.541
2.433
1.422
1.601
1.402
1.217
1.444
1.268
1.261
1.320
1.229
1.170
1.432
1.236
0.885
0.962
0.905
0.919
1.017
0.969
0.915
0.991
0.798
1.180
1.190
0.930
1.318
1.382
0.983
1.333
1.577
1.451
0.527
0.678
0.583
0.752
0.846
0.785
1.895
1.944
1.884
1.764
1.696
1.745
1.604
1.681
1.639
1.219
1.358
1.283
1.372
1.579
1.420
1.104
1.172
0.983
1.169
1.826
1.255
1.185
1.170
1.025
1.728
1.880
1.811
2.056
2.166
1.966
0.693
0.761
0.739
1.291
1.338
1.323
1.053
1.183
1.075
1.731
1.866
1.785
2.069
2.122
1.847
1.166
1.249
1.162
1.655
1.716
1.721
0.826
0.978
0.826
1.442
1.510
1.475
1.520
1.620
1.553
2.109
2.216
2.179
1.974
2.045
2.018
1.301
1.368
1.376
1.359
1.443
1.374
2.776
2.800
2.779
1.446
1.565
1.412
1.275
1.349
1.323
1.337
1.611
1.386
1.662
1.777
1.689
1.738
1.992
1.889
1.692
1.734
1.590
1.134
1.288
1.154
1.378
1.507
1.335
1.409
1.337
1.085
1.338
1.498
1.224
1.036
1.174
1.098
1.601
1.588
1.462
1.613
1.670
1.598
1.892
1.929
1.728
1.201
1.341
1.232
1.301
1.595
1.741
1.454
1.493
1.213
1.150
1.623
1.354
1.555
1.665
1.515
1.390
1.679
1.523
2.054
2.050
2.095
0.399
0.821
0.589
1.473
1.576
1.508
1.843
1.922
1.893
0.848
1.069
1.317
2.144
2.318
2.308
1.953
2.140
2.086
1.073
1.109
1.047
0.926
0.983
0.936
1.495
1.520
1.510
1.652
1.646
1.557
0.879
1.049
0.916
1.660
1.798
1.624
0.922
1.077
1.339
1.513
1.537
1.322
1.519
1.595
1.475
1.162
1.300
1.231
1.270
1.447
1.373
2.000
2.109
2.055
2.979
2.992
2.946
1.226
1.402
1.239
1.048
1.182
1.128
1.116
1.224
1.105
1.304
1.522
1.301
1.863
1.968
1.933
1.528
1.567
1.530
1.997
2.052
2.044
1.797
1.816
1.694
1.222
1.241
1.298
1.069
1.161
1.106
1.064
1.164
1.157
0.871
0.942
0.883
1.822
1.954
1.803
1.436
1.463
1.291
1.489
1.533
1.504
2.235
2.222
2.097
2.509
2.584
2.557
2.422
2.566
2.504
1.655
1.952
1.753
1.311
1.454
1.354
0.833
0.867
0.856
1.052
1.473
1.181
2.118
2.171
2.072
1.254
1.341
1.228
1.385
1.574
1.289
1.447
1.850
1.669
1.042
1.152
0.983
1.001
1.517
1.347
1.335
1.716
1.381
1.238
1.912
1.290
1.134
1.340
1.188
1.362
1.508
1.390
1.050
1.221
1.166
1.069
1.208
1.108
1.336
1.454
1.169
0.818
0.943
0.786
1.543
1.644
1.520
1.810
1.853
1.805
1.689
1.718
1.775
1.735
2.003
1.854
1.096
1.238
1.182
0.895
0.988
0.889
0.595
0.917
0.666
0.702
0.793
0.703
1.911
2.021
1.950
1.108
1.707
1.283
0.863
0.943
0.794
1.054
1.144
0.990
1.202
1.375
1.221
0.650
0.727
0.657
1.340
1.545
1.388
0.791
0.977
0.794
1.471
1.763
1.579
0.781
0.775
0.760
1.969
1.798
1.902
1.922
2.151
1.987
1.412
1.464
1.285
1.784
1.949
2.025
1.526
1.646
1.583
1.260
1.203
1.177
1.206
1.380
1.230
0.967
1.091
0.975
1.056
1.172
1.113
1.205
1.300
1.294
1.376
1.613
1.380
1.649
1.725
1.703
1.083
1.232
1.141
1.540
1.891
1.617
1.450
1.674
1.544
0.668
0.642
0.575
0.741
0.819
0.729
0.841
1.071
0.879
1.537
2.623
1.706
1.796
1.836
1.841
0.868
0.929
0.888
1.362
1.419
1.317
1.166
1.250
1.075
1.122
1.222
1.188
2.134
2.169
2.231
2.166
2.118
2.096
1.859
1.882
1.724
