0.989
0.951
1.008
1.117
1.043
1.094
0.989
0.977
1.006
1.132
1.037
1.086
0.870
0.854
0.886
0.902
0.853
0.898
1.006
1.013
1.031
1.107
1.033
1.085
0.948
0.910
0.974
1.113
1.024
1.094
0.952
0.935
0.966
1.098
1.013
1.065
0.697
0.714
0.782
0.847
0.807
0.878
0.902
0.850
0.917
1.024
0.941
1.004
0.918
0.948
0.963
1.078
1.043
1.071
0.827
1.024
0.866
0.998
1.096
0.965
0.964
1.066
0.934
1.069
1.119
1.015
0.934
1.089
0.897
1.058
1.151
0.990
0.912
1.076
0.914
1.057
1.165
1.033
0.879
1.008
0.891
0.969
1.040
0.955
0.777
0.870
0.721
0.825
0.900
0.773
0.918
1.003
0.835
0.952
1.028
0.901
0.987
0.891
0.987
1.137
1.017
1.095
0.988
0.928
0.985
1.139
1.011
1.076
0.865
0.815
0.861
0.922
0.849
0.898
1.001
0.992
1.019
1.118
1.024
1.086
0.947
0.887
0.964
1.113
0.999
1.080
0.954
0.891
0.952
1.117
1.012
1.073
0.708
0.679
0.777
0.864
0.774
0.869
0.914
0.812
0.906
1.028
0.927
0.996
0.922
0.906
0.948
1.082
1.011
1.058
0.820
1.003
0.831
0.995
1.081
0.941
0.962
1.064
0.909
1.080
1.120
1.011
0.952
1.105
0.871
1.078
1.163
0.989
0.900
1.058
0.880
1.048
1.146
1.005
0.860
0.982
0.848
0.980
1.036
0.948
0.789
0.874
0.704
0.837
0.903
0.775
0.923
1.003
0.802
0.979
1.037
0.913
0.958
0.947
0.999
1.133
1.100
1.126
0.967
0.983
1.004
1.144
1.091
1.115
0.839
0.837
0.863
0.912
0.894
0.914
0.977
1.014
1.017
1.120
1.080
1.111
0.920
0.926
0.973
1.114
1.070
1.112
0.932
0.944
0.965
1.115
1.070
1.095
0.676
0.723
0.778
0.867
0.864
0.904
0.891
0.836
0.906
1.031
0.979
1.020
0.889
0.949
0.955
1.096
1.095
1.102
0.799
1.027
0.854
1.033
1.134
1.013
0.946
1.072
0.926
1.081
1.141
1.041
0.908
1.099
0.897
1.087
1.187
1.044
0.882
1.081
0.911
1.068
1.183
1.062
0.852
1.012
0.877
0.997
1.068
0.990
0.771
0.881
0.722
0.832
0.917
0.806
0.897
1.009
0.829
0.979
1.053
0.951
0.973
0.939
1.004
1.120
1.006
1.085
0.987
0.986
1.010
1.139
1.035
1.090
0.863
0.851
0.877
0.906
0.847
0.891
1.013
1.029
1.034
1.123
1.033
1.092
0.957
0.930
0.980
1.136
1.030
1.106
0.957
0.957
0.981
1.093
1.000
1.060
0.711
0.702
0.781
0.865
0.794
0.878
0.915
0.852
0.913
1.032
0.935
1.000
0.925
0.957
0.964
1.102
1.039
1.077
0.831
1.039
0.863
1.013
1.120
0.968
0.972
1.102
0.948
1.071
1.135
1.013
0.940
1.122
0.909
1.062
1.168
0.984
0.922
1.100
0.916
1.038
1.149
0.988
0.894
1.034
0.897
0.974
1.051
0.948
0.798
0.907
0.737
0.858
0.932
0.797
0.928
1.040
0.841
0.964
1.044
0.901
0.958
0.884
0.974
1.140
1.058
1.118
0.960
0.944
0.977
1.139
1.056
1.101
0.835
0.802
0.845
0.911
0.856
0.901
0.975
0.977
0.995
1.122
1.052
1.100
0.938
0.869
0.950
1.130
1.035
1.106
0.925
0.896
0.943
1.117
1.039
1.090
0.663
0.643
0.734
0.867
0.791
0.874
0.885
0.778
0.871
1.039
0.960
1.013
0.898
0.905
0.930
1.092
1.054
1.080
0.793
1.007
0.805
0.998
1.103
0.953
0.940
1.071
0.901
1.070
1.135
1.018
0.908
1.099
0.854
1.077
1.179
1.005
0.877
1.064
0.856
1.052
1.162
1.014
0.852
0.993
0.840
0.992
1.064
0.971
0.774
0.881
0.692
0.827
0.909
0.765
0.879
0.992
0.769
0.967
1.048
0.909
0.985
0.912
1.001
1.136
1.038
1.106
0.985
0.974
1.010
1.132
1.035
1.085
0.862
0.844
0.877
0.921
0.873
0.907
1.007
1.020
1.030
1.124
1.039
1.092
0.959
0.918
0.982
1.115
1.017
1.087
0.949
0.931
0.969
1.099
1.009
1.064
0.702
0.703
0.783
0.863
0.805
0.877
0.919
0.846
0.919
1.031
0.950
1.002
0.930
0.948
0.966
1.070
1.012
1.046
0.831
1.027
0.848
1.010
1.111
0.966
0.958
1.082
0.932
1.074
1.129
1.011
0.947
1.119
0.903
1.069
1.167
0.994
0.921
1.087
0.910
1.044
1.150
1.001
0.879
1.004
0.874
0.983
1.053
0.954
0.788
0.887
0.722
0.830
0.909
0.779
0.933
1.033
0.840
0.970
1.041
0.909
0.983
0.968
1.011
1.132
1.066
1.113
0.994
1.006
1.021
1.131
1.054
1.095
0.868
0.862
0.884
0.913
0.875
0.911
1.012
1.048
1.045
1.107
1.053
1.098
0.942
0.934
0.976
1.108
1.020
1.091
0.964
0.974
0.989
1.104
1.036
1.078
0.715
0.749
0.800
0.859
0.821
0.888
0.911
0.864
0.923
1.040
0.971
1.025
0.924
0.973
0.973
1.078
1.053
1.074
0.852
1.049
0.891
1.025
1.120
0.987
0.977
1.090
0.949
1.080
1.140
1.028
0.959
1.120
0.917
1.069
1.172
1.000
0.920
1.097
0.935
1.045
1.161
1.019
0.881
1.021
0.891
0.979
1.059
0.966
0.787
0.885
0.723
0.828
0.910
0.783
0.929
1.030
0.843
0.967
1.046
0.913
1.076
1.086
1.097
1.224
1.170
1.183
1.089
1.115
1.116
1.237
1.183
1.192
0.961
0.964
0.972
1.014
0.986
0.991
1.130
1.157
1.144
1.234
1.172
1.195
1.062
1.074
1.085
1.222
1.150
1.182
1.062
1.083
1.084
1.203
1.148
1.162
0.847
0.893
0.913
1.004
0.973
0.997
1.005
0.978
1.010
1.134
1.072
1.094
1.030
1.086
1.065
1.198
1.168
1.168
0.949
1.127
0.988
1.127
1.203
1.080
1.116
1.222
1.103
1.240
1.276
1.180
1.074
1.222
1.065
1.218
1.286
1.154
1.046
1.197
1.054
1.205
1.282
1.164
1.020
1.139
1.028
1.150
1.195
1.117
0.933
1.026
0.900
0.991
1.049
0.945
1.037
1.127
0.982
1.095
1.145
1.042
0.920
0.940
0.983
1.119
1.069
1.108
0.912
0.970
0.986
1.108
1.063
1.089
0.818
0.831
0.858
0.905
0.885
0.912
0.966
1.013
1.022
1.098
1.043
1.089
0.896
0.915
0.966
1.091
1.031
1.088
0.903
0.941
0.957
1.093
1.039
1.072
0.629
0.726
0.770
0.837
0.839
0.884
0.889
0.843
0.917
1.027
0.964
1.014
0.867
0.941
0.947
1.062
1.048
1.065
0.768
1.023
0.862
1.004
1.116
0.994
0.927
1.075
0.932
1.071
1.136
1.035
0.887
1.090
0.882
1.073
1.178
1.029
0.854
1.063
0.904
1.042
1.155
1.037
0.828
1.003
0.876
0.979
1.057
0.979
0.748
0.871
0.713
0.818
0.908
0.797
0.867
0.991
0.807
0.959
1.038
0.933
1.056
0.995
1.048
1.178
1.099
1.141
1.056
1.023
1.039
1.172
1.083
1.116
0.912
0.880
0.896
0.953
0.900
0.923
1.069
1.060
1.059
1.157
1.086
1.116
1.019
0.976
1.011
1.157
1.068
1.114
1.025
0.993
1.011
1.151
1.077
1.110
0.780
0.751
0.810
0.914
0.850
0.904
0.973
0.905
0.944
1.067
0.994
1.028
0.985
0.994
0.987
1.129
1.084
1.093
0.900
1.068
0.892
1.039
1.119
0.983
1.023
1.121
0.977
1.117
1.156
1.054
1.007
1.148
0.955
1.114
1.188
1.045
0.985
1.121
0.949
1.110
1.190
1.065
0.948
1.050
0.923
1.029
1.079
0.994
0.845
0.931
0.780
0.872
0.932
0.815
0.970
1.055
0.888
1.018
1.071
0.959
0.999
0.992
1.033
1.149
1.081
1.121
0.991
1.014
1.023
1.150
1.075
1.101
0.868
0.875
0.887
0.914
0.876
0.902
1.005
1.048
1.039
1.125
1.072
1.096
0.975
0.986
1.014
1.123
1.051
1.096
0.987
0.998
1.007
1.118
1.058
1.085
0.747
0.802
0.839
0.881
0.855
0.901
0.913
0.901
0.939
1.043
0.987
1.021
0.939
0.989
0.985
1.106
1.061
1.079
0.851
1.053
0.903
1.025
1.123
0.994
0.977
1.096
0.966
1.097
1.144
1.040
0.962
1.130
0.950
1.083
1.171
1.030
0.916
1.099
0.946
1.075
1.169
1.049
0.895
1.044
0.925
1.002
1.066
0.983
0.796
0.899
0.762
0.846
0.920
0.806
0.929
1.036
0.881
0.973
1.046
0.930
1.015
0.840
0.889
1.110
1.049
1.010
1.096
0.971
0.958
1.175
1.097
1.068
1.095
0.953
0.936
1.184
1.118
1.067
1.066
0.917
0.938
1.169
1.101
1.077
1.032
0.870
0.903
1.082
0.995
0.999
0.877
0.780
0.740
0.906
0.841
0.803
1.035
0.921
0.869
1.062
1.002
0.963
1.033
0.868
0.886
1.118
1.050
1.000
1.107
0.988
0.955
1.183
1.111
1.066
1.113
0.970
0.939
1.175
1.111
1.039
1.087
0.940
0.937
1.171
1.107
1.058
1.050
0.878
0.893
1.086
1.007
0.987
0.890
0.785
0.742
0.916
0.853
0.802
1.034
0.910
0.853
1.052
0.983
0.933
0.830
0.697
0.724
0.941
0.890
0.857
0.896
0.797
0.776
0.987
0.928
0.898
0.881
0.781
0.755
1.000
0.948
0.907
0.880
0.771
0.775
0.994
0.946
0.918
0.839
0.709
0.724
0.920
0.862
0.844
0.727
0.658
0.605
0.784
0.735
0.691
0.847
0.755
0.696
0.912
0.862
0.821
1.031
0.882
0.919
1.091
1.040
0.999
1.102
0.994
0.986
1.142
1.089
1.045
1.116
0.991
0.986
1.137
1.095
1.030
1.094
0.973
0.984
1.131
1.087
1.044
1.045
0.889
0.928
1.043
0.984
0.965
0.897
0.806
0.775
0.897
0.859
0.808
1.033
0.914
0.894
1.029
0.984
0.938
1.000
0.797
0.871
1.076
1.018
0.984
1.079
0.939
0.941
1.140
1.075
1.037
1.082
0.924
0.923
1.146
1.094
1.037
1.056
0.901
0.926
1.142
1.085
1.055
1.020
0.837
0.883
1.051
0.975
0.971
0.867
0.764
0.734
0.891
0.836
0.796
1.004
0.878
0.845
1.028
0.972
0.933
0.994
0.835
0.877
1.092
1.028
0.997
1.060
0.955
0.934
1.131
1.058
1.027
1.060
0.921
0.910
1.127
1.061
1.008
1.040
0.902
0.918
1.129
1.065
1.032
1.006
0.855
0.879
1.054
0.980
0.969
0.856
0.768
0.730
0.895
0.835
0.801
0.994
0.875
0.837
1.021
0.960
0.925
0.786
0.621
0.648
0.896
0.831
0.780
0.885
0.753
0.724
0.973
0.894
0.845
0.839
0.723
0.642
0.951
0.897
0.804
0.840
0.705
0.689
0.948
0.875
0.835
0.809
0.636
0.652
0.889
0.791
0.781
0.690
0.611
0.517
0.741
0.687
0.600
0.800
0.699
0.566
0.857
0.791
0.713
0.961
0.762
0.823
1.011
0.926
0.903
1.010
0.860
0.871
1.064
0.970
0.955
1.017
0.841
0.855
1.060
0.983
0.944
0.991
0.832
0.860
1.051
0.979
0.957
0.954
0.771
0.816
0.991
0.907
0.902
0.815
0.688
0.679
0.850
0.779
0.746
0.938
0.793
0.777
0.955
0.877
0.850
0.988
0.850
0.862
1.047
1.003
0.941
1.075
0.978
0.936
1.121
1.056
1.006
1.064
0.966
0.905
1.110
1.076
0.986
1.045
0.935
0.913
1.107
1.062
1.008
0.993
0.865
0.861
1.018
0.950
0.930
0.854
0.785
0.717
0.870
0.823
0.764
0.991
0.902
0.818
0.998
0.951
0.889
