0.377
0.423
0.404
0.397
0.414
0.387
0.425
0.433
0.458
0.463
0.488
0.530
0.386
0.420
0.390
0.427
0.377
0.443
0.461
0.375
0.435
0.517
0.401
0.521
0.533
0.447
0.577
0.435
0.382
0.424
0.374
0.396
0.436
0.388
0.398
0.415
0.440
0.416
0.502
0.482
0.470
0.562
0.379
0.385
0.405
0.374
0.399
0.418
0.401
0.383
0.407
0.463
0.412
0.505
0.468
0.461
0.543
0.386
0.395
0.402
0.433
0.680
0.462
0.439
0.651
0.439
0.468
0.662
0.496
0.527
0.668
0.560
0.439
0.646
0.446
0.461
0.640
0.368
0.489
0.631
0.371
0.534
0.657
0.424
0.565
0.633
0.487
0.473
0.619
0.363
0.420
0.570
0.359
0.447
0.563
0.352
0.477
0.584
0.409
0.501
0.570
0.473
0.413
0.547
0.352
0.493
0.716
0.450
0.522
0.703
0.448
0.577
0.733
0.499
0.607
0.708
0.550
0.492
0.685
0.439
0.369
0.452
0.412
0.394
0.438
0.397
0.422
0.466
0.475
0.468
0.497
0.534
0.380
0.449
0.401
0.422
0.380
0.441
0.454
0.375
0.431
0.510
0.407
0.519
0.551
0.443
0.576
0.426
0.387
0.424
0.369
0.422
0.436
0.380
0.425
0.416
0.429
0.446
0.508
0.486
0.482
0.556
0.372
0.414
0.412
0.384
0.398
0.424
0.412
0.380
0.416
0.473
0.419
0.517
0.492
0.455
0.549
0.388
0.399
0.413
0.429
0.697
0.456
0.439
0.663
0.438
0.472
0.684
0.499
0.534
0.676
0.546
0.438
0.663
0.449
0.451
0.659
0.361
0.478
0.645
0.363
0.528
0.677
0.419
0.569
0.645
0.476
0.463
0.634
0.360
0.406
0.598
0.363
0.437
0.583
0.353
0.471
0.611
0.417
0.502
0.584
0.463
0.399
0.572
0.356
0.490
0.747
0.459
0.514
0.726
0.456
0.577
0.762
0.510
0.622
0.731
0.553
0.488
0.712
0.453
0.401
0.441
0.412
0.442
0.428
0.397
0.470
0.458
0.481
0.512
0.490
0.538
0.421
0.427
0.399
0.467
0.393
0.453
0.507
0.385
0.441
0.559
0.427
0.537
0.606
0.456
0.588
0.475
0.389
0.431
0.396
0.426
0.439
0.419
0.423
0.416
0.465
0.451
0.514
0.529
0.486
0.565
0.406
0.406
0.408
0.411
0.407
0.428
0.448
0.387
0.417
0.514
0.428
0.527
0.526
0.464
0.552
0.426
0.396
0.412
0.467
0.703
0.475
0.485
0.665
0.447
0.512
0.684
0.513
0.574
0.684
0.564
0.476
0.660
0.459
0.506
0.676
0.390
0.540
0.661
0.388
0.585
0.695
0.451
0.626
0.670
0.507
0.520
0.645
0.380
0.467
0.610
0.386
0.504
0.595
0.376
0.537
0.623
0.442
0.564
0.608
0.494
0.464
0.576
0.372
0.558
0.775
0.506
0.593
0.754
0.498
0.653
0.792
0.558
0.699
0.764
0.600
0.560
0.733
0.487
0.373
0.444
0.385
0.420
0.436
0.363
0.434
0.454
0.433
0.486
0.488
0.502
0.387
0.434
0.372
0.422
0.376
0.407
0.475
0.377
0.397
0.521
0.401
0.481
0.571
0.441
0.544
0.439
0.374
0.393
0.371
0.417
0.404
0.404
0.423
0.380
0.438
0.438
0.464
0.509
0.476
0.524
0.381
0.400
0.377
0.389
0.394
0.396
0.432
0.385
0.384
0.490
0.416
0.480
0.510
0.451
0.516
0.403
0.391
0.383
0.421
0.679
0.433
0.448
0.655
0.414
0.471
0.670
0.467
0.536
0.668
0.524
0.431
0.639
0.416
0.472
0.652
0.359
0.515
0.653
0.363
0.551
0.679
0.414
0.603
0.660
0.478
0.489
0.629
0.349
0.436
0.594
0.358
0.481
0.594
0.352
0.509
0.618
0.412
0.543
0.601
0.468
0.436
0.566
0.346
0.512
0.735
0.450
0.555
0.728
0.451
0.609
0.767
0.505
0.660
0.742
0.554
0.518
0.704
0.439
0.368
0.479
0.416
0.388
0.459
0.392
0.417
0.471
0.462
0.474
0.514
0.529
0.385
0.458
0.401
0.412
0.395
0.433
0.441
0.388
0.416
0.503
0.406
0.501
0.554
0.452
0.563
0.434
0.393
0.419
0.368
0.441
0.432
0.378
0.443
0.406
0.421
0.447
0.484
0.491
0.493
0.546
0.378
0.423
0.405
0.376
0.421
0.420
0.399
0.398
0.402
0.459
0.418
0.489
0.495
0.464
0.535
0.395
0.410
0.407
0.437
0.721
0.482
0.442
0.677
0.456
0.473
0.683
0.507
0.543
0.694
0.566
0.447
0.671
0.463
0.459
0.682
0.395
0.482
0.657
0.387
0.536
0.682
0.436
0.594
0.673
0.503
0.481
0.645
0.383
0.417
0.610
0.380
0.446
0.590
0.367
0.484
0.610
0.421
0.526
0.608
0.484
0.423
0.577
0.371
0.477
0.737
0.453
0.499
0.711
0.443
0.563
0.737
0.492
0.621
0.728
0.547
0.484
0.697
0.443
0.451
0.409
0.410
0.467
0.412
0.397
0.518
0.423
0.475
0.540
0.469
0.546
0.462
0.401
0.408
0.426
0.418
0.405
0.446
0.410
0.392
0.482
0.424
0.467
0.524
0.458
0.533
0.433
0.405
0.397
0.462
0.418
0.421
0.480
0.414
0.410
0.530
0.441
0.500
0.577
0.470
0.556
0.471
0.404
0.412
0.422
0.420
0.396
0.439
0.418
0.381
0.481
0.429
0.453
0.528
0.466
0.521
0.432
0.404
0.386
0.421
0.431
0.407
0.433
0.425
0.393
0.483
0.436
0.468
0.522
0.484
0.542
0.437
0.414
0.402
0.655
0.474
0.442
0.665
0.475
0.431
0.697
0.493
0.485
0.747
0.540
0.544
0.647
0.469
0.441
0.677
0.465
0.377
0.695
0.465
0.378
0.734
0.491
0.432
0.771
0.534
0.502
0.673
0.463
0.375
0.634
0.443
0.365
0.660
0.450
0.360
0.692
0.467
0.416
0.721
0.492
0.480
0.626
0.422
0.361
0.716
0.508
0.446
0.736
0.512
0.442
0.783
0.543
0.494
0.830
0.586
0.552
0.707
0.495
0.440
0.446
0.359
0.409
0.469
0.362
0.394
0.537
0.378
0.488
0.552
0.426
0.546
0.454
0.360
0.398
0.424
0.360
0.398
0.445
0.355
0.384
0.496
0.374
0.470
0.541
0.414
0.529
0.423
0.355
0.383
0.483
0.359
0.423
0.511
0.354
0.413
0.571
0.393
0.512
0.624
0.425
0.563
0.489
0.350
0.406
0.440
0.358
0.392
0.466
0.357
0.379
0.516
0.377
0.465
0.567
0.418
0.526
0.450
0.352
0.380
0.419
0.368
0.396
0.438
0.363
0.379
0.499
0.379
0.469
0.536
0.430
0.530
0.434
0.361
0.388
0.645
0.414
0.434
0.658
0.409
0.415
0.692
0.430
0.478
0.737
0.485
0.536
0.634
0.412
0.429
0.638
0.418
0.357
0.668
0.422
0.360
0.706
0.448
0.416
0.738
0.490
0.485
0.634
0.426
0.353
0.592
0.401
0.341
0.630
0.406
0.339
0.667
0.422
0.402
0.693
0.452
0.464
0.591
0.390
0.339
0.676
0.449
0.425
0.707
0.452
0.425
0.753
0.489
0.480
0.792
0.528
0.539
0.668
0.444
0.421
0.400
0.362
0.394
0.406
0.371
0.372
0.469
0.380
0.463
0.509
0.429
0.527
0.406
0.350
0.377
0.382
0.366
0.383
0.387
0.371
0.363
0.436
0.385
0.452
0.494
0.423
0.506
0.380
0.355
0.364
0.408
0.372
0.395
0.418
0.377
0.378
0.477
0.403
0.479
0.539
0.436
0.529
0.412
0.357
0.375
0.374
0.370
0.373
0.382
0.380
0.353
0.432
0.386
0.437
0.494
0.428
0.497
0.377
0.354
0.352
0.365
0.395
0.388
0.369
0.403
0.367
0.425
0.406
0.448
0.476
0.456
0.512
0.373
0.381
0.371
0.615
0.432
0.420
0.611
0.436
0.402
0.658
0.449
0.464
0.707
0.504
0.520
0.599
0.424
0.416
0.631
0.428
0.348
0.644
0.434
0.347
0.697
0.458
0.408
0.730
0.510
0.475
0.616
0.420
0.339
0.578
0.410
0.335
0.604
0.420
0.327
0.640
0.436
0.388
0.667
0.468
0.451
0.563
0.387
0.324
0.661
0.471
0.404
0.676
0.480
0.400
0.734
0.512
0.460
0.773
0.557
0.516
0.643
0.453
0.394
0.392
0.371
0.378
0.404
0.376
0.361
0.474
0.385
0.453
0.481
0.431
0.501
0.402
0.364
0.369
0.384
0.361
0.368
0.392
0.361
0.357
0.452
0.378
0.450
0.488
0.412
0.490
0.389
0.352
0.358
0.421
0.368
0.381
0.439
0.362
0.364
0.507
0.391
0.470
0.539
0.420
0.505
0.427
0.351
0.368
0.388
0.371
0.366
0.405
0.372
0.348
0.466
0.385
0.436
0.499
0.422
0.483
0.396
0.356
0.352
0.369
0.399
0.377
0.375
0.395
0.358
0.442
0.402
0.444
0.476
0.444
0.495
0.387
0.381
0.366
0.590
0.446
0.424
0.593
0.445
0.403
0.634
0.456
0.466
0.670
0.508
0.517
0.578
0.443
0.419
0.588
0.435
0.346
0.605
0.438
0.341
0.655
0.459
0.410
0.676
0.500
0.464
0.576
0.434
0.342
0.563
0.416
0.342
0.580
0.422
0.331
0.625
0.444
0.401
0.644
0.463
0.451
0.543
0.400
0.334
0.622
0.456
0.408
0.640
0.461
0.400
0.696
0.489
0.465
0.728
0.528
0.514
0.608
0.444
0.401
0.479
0.660
0.451
0.499
0.643
0.440
0.531
0.659
0.486
0.578
0.658
0.543
0.481
0.630
0.443
0.463
0.675
0.444
0.470
0.645
0.424
0.502
0.670
0.475
0.558
0.659
0.520
0.458
0.644
0.435
0.495
0.675
0.446
0.511
0.645
0.428
0.551
0.676
0.489
0.611
0.677
0.527
0.492
0.640
0.434
0.444
0.661
0.419
0.462
0.638
0.404
0.493
0.657
0.452
0.558
0.660
0.503
0.445
0.628
0.406
0.456
0.692
0.456
0.468
0.654
0.432
0.505
0.672
0.483
0.561
0.684
0.539
0.465
0.657
0.445
0.636
0.496
0.423
0.654
0.490
0.416
0.672
0.515
0.463
0.722
0.565
0.518
0.622
0.491
0.423
0.628
0.435
0.431
0.652
0.436
0.424
0.688
0.464
0.484
0.725
0.511
0.536
0.615
0.438
0.429
0.629
0.477
0.449
0.642
0.483
0.438
0.682
0.505
0.496
0.729
0.557
0.547
0.615
0.471
0.444
0.619
0.493
0.449
0.639
0.477
0.437
0.686
0.505
0.505
0.703
0.558
0.541
0.611
0.486
0.451
0.484
0.630
0.343
0.514
0.629
0.349
0.554
0.652
0.391
0.587
0.637
0.457
0.481
0.608
0.339
0.455
0.639
0.337
0.480
0.632
0.335
0.514
0.653
0.378
0.566
0.638
0.440
0.449
0.613
0.328
0.511
0.658
0.348
0.535
0.651
0.349
0.572
0.681
0.402
0.625
0.669
0.458
0.501
0.631
0.338
0.452
0.645
0.332
0.485
0.644
0.334
0.520
0.664
0.375
0.581
0.657
0.441
0.456
0.621
0.320
0.434
0.648
0.343
0.466
0.642
0.344
0.507
0.659
0.386
0.554
0.657
0.454
0.448
0.624
0.338
0.623
0.486
0.330
0.647
0.492
0.336
0.664
0.516
0.374
0.710
0.557
0.445
0.609
0.483
0.328
0.613
0.442
0.343
0.646
0.451
0.348
0.666
0.464
0.391
0.707
0.505
0.464
0.602
0.440
0.342
0.607
0.471
0.337
0.634
0.488
0.343
0.659
0.505
0.388
0.709
0.552
0.459
0.588
0.463
0.329
0.581
0.448
0.337
0.614
0.452
0.343
0.652
0.476
0.404
0.675
0.519
0.454
0.572
0.447
0.341
0.426
0.554
0.340
0.458
0.544
0.335
0.484
0.562
0.388
0.505
0.549
0.444
0.415
0.524
0.334
0.421
0.574
0.342
0.439
0.558
0.334
0.465
0.578
0.390
0.505
0.562
0.434
0.399
0.541
0.333
0.462
0.577
0.347
0.489
0.564
0.344
0.519
0.590
0.407
0.548
0.575
0.444
0.443
0.544
0.335
0.414
0.580
0.333
0.440
0.568
0.328
0.471
0.587
0.382
0.509
0.575
0.431
0.403
0.543
0.320
0.419
0.600
0.357
0.437
0.582
0.349
0.477
0.603
0.404
0.510
0.597
0.460
0.416
0.568
0.352
0.583
0.442
0.331
0.602
0.447
0.328
0.618
0.471
0.378
0.655
0.483
0.435
0.561
0.423
0.328
0.578
0.413
0.341
0.601
0.417
0.339
0.628
0.432
0.396
0.663
0.456
0.455
0.558
0.393
0.341
0.560
0.423
0.333
0.584
0.436
0.331
0.606
0.453
0.388
0.644
0.478
0.443
0.533
0.398
0.325
0.558
0.430
0.347
0.578
0.426
0.344
0.616
0.450
0.414
0.634
0.473
0.453
0.535
0.409
0.346
0.470
0.665
0.424
0.496
0.653
0.418
0.542
0.676
0.458
0.583
0.661
0.516
0.472
0.637
0.412
0.463
0.690
0.426
0.481
0.669
0.416
0.524
0.699
0.460
0.581
0.677
0.506
0.455
0.656
0.413
0.525
0.704
0.437
0.546
0.684
0.430
0.594
0.722
0.482
0.659
0.714
0.526
0.515
0.671
0.423
0.472
0.692
0.424
0.499
0.674
0.412
0.537
0.700
0.453
0.603
0.691
0.507
0.469
0.656
0.403
0.451
0.687
0.420
0.473
0.665
0.409
0.520
0.689
0.452
0.580
0.686
0.507
0.457
0.654
0.408
0.648
0.506
0.412
0.671
0.508
0.407
0.697
0.541
0.448
0.753
0.579
0.505
0.635
0.497
0.404
0.632
0.455
0.419
0.661
0.463
0.416
0.692
0.488
0.462
0.740
0.527
0.518
0.619
0.451
0.412
0.608
0.468
0.400
0.630
0.476
0.396
0.665
0.503
0.445
0.720
0.547
0.498
0.590
0.451
0.388
0.599
0.463
0.402
0.626
0.461
0.398
0.673
0.490
0.458
0.702
0.536
0.500
0.586
0.453
0.398
