0.370
0.385
0.439
1.069
1.179
1.110
0.398
0.400
0.461
1.060
1.163
1.080
0.369
0.398
0.456
1.066
1.192
1.124
0.399
0.466
0.467
1.109
1.106
1.088
0.349
0.415
0.421
1.069
1.070
1.053
0.358
0.488
0.414
0.434
0.380
0.420
0.363
0.496
0.404
0.425
0.390
0.414
0.349
0.484
0.401
0.419
0.372
0.406
0.402
0.395
0.464
1.080
1.180
1.106
0.423
0.409
0.481
1.066
1.159
1.073
0.395
0.408
0.477
1.074
1.194
1.122
0.412
0.476
0.480
1.121
1.105
1.084
0.363
0.430
0.439
1.077
1.066
1.046
0.374
0.503
0.432
0.466
0.390
0.445
0.379
0.513
0.423
0.455
0.400
0.438
0.368
0.501
0.420
0.451
0.384
0.429
0.369
0.378
0.432
1.063
1.173
1.095
0.394
0.389
0.450
1.058
1.155
1.069
0.368
0.390
0.449
1.068
1.191
1.118
0.406
0.468
0.470
1.127
1.115
1.096
0.352
0.413
0.418
1.078
1.068
1.050
0.356
0.485
0.409
0.439
0.373
0.415
0.358
0.492
0.397
0.427
0.384
0.408
0.344
0.478
0.394
0.421
0.362
0.399
0.404
0.395
0.467
1.086
1.196
1.121
0.423
0.409
0.484
1.075
1.181
1.096
0.396
0.402
0.476
1.081
1.208
1.135
0.416
0.479
0.489
1.133
1.121
1.106
0.364
0.428
0.440
1.087
1.081
1.066
0.382
0.511
0.443
0.480
0.397
0.454
0.385
0.519
0.432
0.464
0.403
0.444
0.373
0.511
0.432
0.464
0.388
0.443
0.403
0.397
0.462
1.087
1.156
1.109
0.423
0.409
0.481
1.077
1.140
1.085
0.397
0.406
0.474
1.088
1.172
1.130
0.428
0.464
0.487
1.168
1.118
1.111
0.365
0.399
0.428
1.107
1.060
1.056
0.384
0.472
0.433
0.491
0.400
0.446
0.385
0.469
0.418
0.474
0.405
0.434
0.368
0.461
0.415
0.464
0.386
0.425
0.399
0.376
0.454
1.065
1.112
1.087
0.423
0.395
0.473
1.060
1.100
1.061
0.398
0.390
0.473
1.068
1.123
1.109
0.406
0.435
0.466
1.137
1.071
1.076
0.358
0.387
0.423
1.093
1.034
1.038
0.368
0.448
0.420
0.481
0.384
0.436
0.376
0.451
0.410
0.475
0.393
0.432
0.357
0.440
0.405
0.462
0.374
0.421
0.384
0.392
0.450
1.080
1.160
1.102
0.408
0.407
0.469
1.080
1.153
1.081
0.384
0.404
0.466
1.085
1.179
1.125
0.415
0.464
0.475
1.159
1.117
1.101
0.358
0.408
0.425
1.104
1.071
1.055
0.374
0.477
0.425
0.467
0.393
0.433
0.380
0.485
0.412
0.457
0.404
0.424
0.361
0.471
0.411
0.448
0.384
0.417
0.366
0.364
0.412
1.038
1.095
1.054
0.384
0.375
0.429
1.033
1.085
1.032
0.364
0.375
0.424
1.035
1.101
1.066
0.385
0.428
0.436
1.087
1.047
1.038
0.342
0.387
0.396
1.052
1.019
1.010
0.358
0.446
0.403
0.435
0.370
0.406
0.363
0.449
0.394
0.426
0.379
0.402
0.340
0.435
0.385
0.413
0.355
0.389
0.499
0.503
0.537
1.145
1.228
1.150
0.522
0.519
0.555
1.145
1.220
1.134
0.489
0.509
0.543
1.127
1.225
1.148
0.537
0.591
0.572
1.209
1.199
1.161
0.471
0.525
0.511
1.149
1.142
1.106
0.489
0.589
0.516
0.564
0.509
0.532
0.494
0.597
0.509
0.558
0.520
0.529
0.471
0.576
0.498
0.541
0.494
0.512
0.423
0.432
0.430
1.126
1.217
1.110
0.439
0.443
0.442
1.115
1.199
1.083
0.421
0.441
0.436
1.120
1.222
1.115
0.460
0.514
0.464
1.185
1.169
1.109
0.401
0.450
0.408
1.131
1.114
1.060
0.415
0.524
0.416
0.492
0.433
0.429
0.424
0.533
0.414
0.489
0.446
0.426
0.400
0.515
0.402
0.472
0.418
0.410
0.392
0.387
0.410
1.042
1.108
1.031
0.417
0.400
0.434
1.045
1.103
1.021
0.397
0.396
0.421
1.044
1.121
1.043
0.423
0.471
0.438
1.102
1.091
1.040
0.376
0.413
0.391
1.060
1.045
1.004
0.386
0.469
0.398
0.452
0.395
0.410
0.392
0.476
0.387
0.446
0.404
0.402
0.372
0.458
0.379
0.435
0.384
0.393
0.427
0.447
0.455
1.049
1.147
1.054
0.441
0.452
0.464
1.045
1.134
1.036
0.416
0.452
0.457
1.037
1.151
1.057
0.456
0.512
0.478
1.101
1.099
1.053
0.411
0.467
0.436
1.065
1.065
1.021
0.425
0.535
0.442
0.494
0.451
0.455
0.426
0.539
0.432
0.485
0.455
0.448
0.402
0.518
0.417
0.466
0.428
0.429
0.370
0.380
0.439
1.053
1.158
1.091
0.391
0.393
0.455
1.045
1.145
1.065
0.369
0.396
0.457
1.056
1.179
1.112
0.401
0.454
0.464
1.107
1.087
1.075
0.353
0.403
0.420
1.067
1.050
1.041
0.363
0.479
0.411
0.447
0.377
0.420
0.366
0.487
0.397
0.433
0.389
0.409
0.350
0.471
0.394
0.427
0.364
0.402
0.388
0.387
0.454
1.063
1.167
1.094
0.403
0.401
0.467
1.045
1.145
1.059
0.383
0.404
0.470
1.057
1.183
1.111
0.392
0.455
0.462
1.093
1.076
1.059
0.352
0.418
0.430
1.057
1.045
1.029
0.363
0.495
0.423
0.450
0.379
0.432
0.369
0.505
0.411
0.439
0.389
0.422
0.354
0.490
0.405
0.435
0.373
0.414
0.356
0.371
0.423
1.048
1.163
1.085
0.379
0.385
0.440
1.039
1.143
1.057
0.357
0.387
0.443
1.050
1.181
1.107
0.391
0.452
0.457
1.104
1.091
1.075
0.342
0.402
0.410
1.059
1.048
1.033
0.344
0.477
0.398
0.424
0.364
0.402
0.348
0.484
0.385
0.414
0.375
0.394
0.331
0.468
0.381
0.405
0.351
0.384
0.394
0.391
0.461
1.071
1.185
1.111
0.414
0.410
0.480
1.061
1.172
1.087
0.392
0.406
0.477
1.070
1.202
1.129
0.406
0.466
0.479
1.110
1.098
1.087
0.363
0.425
0.440
1.072
1.066
1.054
0.376
0.508
0.437
0.469
0.393
0.444
0.379
0.515
0.424
0.455
0.401
0.434
0.363
0.501
0.421
0.449
0.379
0.430
0.392
0.392
0.456
1.073
1.149
1.102
0.413
0.409
0.476
1.064
1.134
1.079
0.388
0.403
0.470
1.075
1.165
1.122
0.420
0.456
0.481
1.150
1.101
1.097
0.362
0.393
0.426
1.094
1.047
1.047
0.375
0.465
0.423
0.477
0.392
0.433
0.380
0.466
0.412
0.463
0.399
0.423
0.357
0.452
0.405
0.450
0.377
0.412
0.386
0.366
0.444
1.050
1.096
1.076
0.406
0.384
0.460
1.038
1.080
1.045
0.382
0.378
0.463
1.047
1.105
1.094
0.392
0.418
0.453
1.113
1.046
1.054
0.350
0.374
0.415
1.072
1.011
1.020
0.356
0.433
0.407
0.466
0.370
0.421
0.365
0.437
0.396
0.461
0.380
0.415
0.344
0.424
0.391
0.444
0.359
0.402
0.370
0.383
0.440
1.064
1.146
1.092
0.395
0.403
0.462
1.064
1.140
1.071
0.372
0.399
0.460
1.069
1.166
1.114
0.402
0.450
0.464
1.135
1.093
1.080
0.352
0.398
0.420
1.087
1.051
1.041
0.362
0.466
0.414
0.451
0.380
0.418
0.369
0.474
0.399
0.441
0.392
0.408
0.347
0.456
0.396
0.431
0.370
0.400
0.355
0.358
0.405
1.027
1.086
1.047
0.374
0.372
0.424
1.017
1.072
1.022
0.352
0.371
0.418
1.020
1.090
1.056
0.371
0.413
0.423
1.065
1.024
1.019
0.335
0.378
0.391
1.033
0.999
0.994
0.347
0.436
0.393
0.420
0.359
0.394
0.354
0.440
0.384
0.412
0.369
0.389
0.328
0.425
0.374
0.398
0.343
0.375
0.485
0.496
0.527
1.137
1.224
1.147
0.506
0.512
0.543
1.129
1.208
1.123
0.476
0.504
0.534
1.117
1.220
1.142
0.524
0.577
0.559
1.190
1.181
1.145
0.461
0.513
0.501
1.133
1.124
1.092
0.475
0.577
0.503
0.545
0.495
0.514
0.485
0.589
0.498
0.542
0.508
0.510
0.460
0.566
0.487
0.525
0.483
0.497
0.411
0.428
0.422
1.110
1.207
1.099
0.427
0.439
0.431
1.095
1.185
1.068
0.411
0.438
0.428
1.104
1.212
1.101
0.447
0.500
0.448
1.159
1.144
1.084
0.396
0.443
0.401
1.113
1.097
1.043
0.407
0.521
0.407
0.480
0.426
0.417
0.417
0.529
0.404
0.479
0.441
0.414
0.392
0.509
0.392
0.460
0.411
0.398
0.381
0.382
0.403
1.027
1.100
1.022
0.410
0.401
0.430
1.034
1.098
1.016
0.388
0.397
0.418
1.031
1.117
1.038
0.408
0.458
0.424
1.077
1.071
1.020
0.370
0.408
0.387
1.046
1.034
0.993
0.377
0.465
0.392
0.440
0.390
0.403
0.384
0.472
0.379
0.434
0.399
0.393
0.363
0.453
0.370
0.424
0.378
0.384
0.422
0.449
0.452
1.044
1.146
1.052
0.437
0.457
0.462
1.038
1.132
1.034
0.412
0.457
0.456
1.031
1.151
1.054
0.450
0.507
0.470
1.087
1.087
1.041
0.407
0.461
0.431
1.054
1.053
1.012
0.419
0.531
0.435
0.485
0.448
0.447
0.421
0.535
0.425
0.476
0.452
0.438
0.395
0.514
0.409
0.456
0.423
0.419
0.397
0.405
0.466
1.074
1.178
1.111
0.413
0.413
0.475
1.058
1.156
1.077
0.389
0.414
0.477
1.068
1.191
1.125
0.428
0.476
0.488
1.135
1.110
1.100
0.367
0.419
0.435
1.078
1.061
1.051
0.388
0.501
0.430
0.473
0.399
0.440
0.387
0.505
0.417
0.457
0.407
0.431
0.374
0.491
0.416
0.456
0.388
0.426
0.380
0.397
0.451
1.067
1.180
1.110
0.398
0.407
0.463
1.051
1.156
1.074
0.373
0.406
0.462
1.057
1.189
1.119
0.404
0.467
0.471
1.105
1.098
1.084
0.350
0.416
0.425
1.056
1.056
1.040
0.364
0.496
0.417
0.437
0.384
0.418
0.366
0.500
0.406
0.429
0.393
0.415
0.356
0.490
0.406
0.427
0.379
0.411
0.382
0.393
0.447
1.066
1.179
1.101
0.398
0.401
0.458
1.050
1.151
1.065
0.374
0.401
0.459
1.061
1.191
1.117
0.420
0.479
0.484
1.131
1.113
1.099
0.355
0.416
0.424
1.069
1.057
1.041
0.367
0.498
0.416
0.449
0.385
0.419
0.367
0.501
0.404
0.436
0.391
0.415
0.353
0.487
0.401
0.431
0.372
0.406
0.421
0.415
0.486
1.096
1.207
1.133
0.430
0.425
0.495
1.076
1.183
1.100
0.409
0.420
0.493
1.085
1.215
1.141
0.430
0.487
0.501
1.140
1.122
1.111
0.376
0.438
0.453
1.087
1.080
1.067
0.399
0.528
0.455
0.494
0.413
0.461
0.397
0.530
0.441
0.478
0.417
0.454
0.386
0.523
0.443
0.478
0.403
0.453
0.413
0.411
0.477
1.087
1.161
1.115
0.425
0.419
0.488
1.071
1.139
1.084
0.401
0.415
0.484
1.081
1.170
1.128
0.442
0.474
0.501
1.172
1.119
1.117
0.371
0.401
0.435
1.100
1.051
1.052
0.392
0.480
0.438
0.496
0.408
0.448
0.390
0.473
0.422
0.479
0.410
0.438
0.375
0.467
0.421
0.470
0.395
0.431
0.408
0.387
0.465
1.064
1.108
1.089
0.423
0.401
0.476
1.050
1.089
1.056
0.401
0.395
0.479
1.060
1.113
1.104
0.420
0.440
0.478
1.138
1.065
1.077
0.365
0.388
0.430
1.085
1.021
1.031
0.378
0.453
0.426
0.489
0.392
0.439
0.382
0.451
0.415
0.482
0.397
0.437
0.364
0.444
0.409
0.468
0.382
0.423
0.392
0.404
0.461
1.081
1.162
1.107
0.410
0.415
0.473
1.073
1.147
1.078
0.388
0.412
0.473
1.076
1.172
1.120
0.427
0.471
0.486
1.159
1.113
1.102
0.362
0.410
0.431
1.096
1.060
1.049
0.382
0.484
0.430
0.472
0.400
0.435
0.383
0.486
0.414
0.462
0.408
0.428
0.365
0.473
0.413
0.451
0.389
0.418
0.372
0.375
0.422
1.037
1.096
1.056
0.389
0.386
0.437
1.025
1.078
1.028
0.368
0.384
0.432
1.029
1.099
1.064
0.393
0.431
0.443
1.088
1.043
1.040
0.346
0.390
0.403
1.047
1.011
1.005
0.363
0.451
0.406
0.439
0.376
0.407
0.367
0.452
0.397
0.430
0.383
0.405
0.345
0.440
0.388
0.418
0.362
0.392
0.501
0.511
0.543
1.146
1.232
1.154
0.520
0.524
0.555
1.138
1.216
1.131
0.485
0.511
0.543
1.120
1.223
1.145
0.546
0.595
0.578
1.211
1.198
1.164
0.474
0.527
0.513
1.145
1.137
1.103
0.495
0.596
0.520
0.564
0.511
0.529
0.498
0.600
0.511
0.558
0.520
0.526
0.479
0.582
0.503
0.546
0.502
0.515
0.437
0.452
0.445
1.132
1.226
1.116
0.449
0.460
0.451
1.113
1.199
1.083
0.431
0.457
0.446
1.117
1.223
1.113
0.476
0.525
0.475
1.188
1.170
1.111
0.412
0.461
0.417
1.128
1.112
1.057
0.432
0.541
0.428
0.506
0.450
0.438
0.435
0.544
0.422
0.499
0.458
0.434
0.413
0.527
0.412
0.486
0.435
0.422
0.406
0.405
0.428
1.053
1.124
1.046
0.429
0.418
0.448
1.054
1.116
1.034
0.406
0.413
0.437
1.048
1.132
1.054
0.435
0.482
0.451
1.108
1.099
1.050
0.386
0.426
0.404
1.065
1.054
1.013
0.399
0.484
0.412
0.463
0.410
0.423
0.403
0.489
0.399
0.453
0.414
0.413
0.383
0.472
0.391
0.446
0.399
0.406
0.454
0.480
0.485
1.075
1.178
1.084
0.465
0.484
0.491
1.067
1.160
1.063
0.437
0.481
0.483
1.056
1.177
1.082
0.488
0.540
0.507
1.124
1.121
1.078
0.435
0.489
0.460
1.081
1.080
1.041
0.456
0.567
0.471
0.518
0.479
0.479
0.452
0.566
0.457
0.505
0.479
0.468
0.430
0.547
0.444
0.491
0.457
0.454
0.358
0.368
0.421
1.044
1.146
1.078
0.372
0.370
0.430
1.029
1.123
1.044
0.355
0.373
0.433
1.045
1.161
1.095
0.396
0.447
0.454
1.111
1.091
1.077
0.337
0.388
0.401
1.054
1.038
1.026
0.352
0.464
0.396
0.434
0.362
0.405
0.353
0.471
0.380
0.418
0.374
0.390
0.341
0.459
0.383
0.419
0.356
0.392
0.343
0.365
0.411
1.042
1.155
1.083
0.363
0.371
0.425
1.027
1.128
1.047
0.345
0.375
0.428
1.038
1.164
1.093
0.376
0.442
0.442
1.085
1.084
1.066
0.325
0.391
0.395
1.040
1.042
1.024
0.335
0.467
0.390
0.404
0.357
0.392
0.337
0.471
0.375
0.396
0.368
0.382
0.326
0.462
0.377
0.395
0.353
0.381
0.373
0.372
0.435
1.049
1.152
1.076
0.385
0.378
0.445
1.029
1.122
1.038
0.368
0.382
0.447
1.044
1.163
1.090
0.388
0.451
0.454
1.096
1.079
1.060
0.337
0.404
0.411
1.048
1.037
1.017
0.350
0.480
0.407
0.437
0.365
0.417
0.354
0.488
0.394
0.424
0.375
0.406
0.343
0.477
0.394
0.425
0.363
0.403
0.381
0.378
0.443
1.062
1.174
1.098
0.395
0.388
0.458
1.047
1.152
1.069
0.379
0.383
0.455
1.059
1.183
1.110
0.399
0.457
0.469
1.110
1.097
1.085
0.345
0.407
0.419
1.061
1.055
1.041
0.363
0.492
0.422
0.457
0.378
0.429
0.365
0.497
0.407
0.441
0.386
0.417
0.354
0.491
0.412
0.443
0.371
0.421
0.376
0.371
0.433
1.058
1.122
1.079
0.393
0.380
0.449
1.044
1.100
1.052
0.372
0.375
0.443
1.057
1.131
1.094
0.408
0.436
0.462
1.145
1.088
1.087
0.343
0.369
0.401
1.077
1.023
1.024
0.358
0.438
0.402
0.462
0.370
0.415
0.361
0.436
0.387
0.447
0.375
0.400
0.345
0.431
0.391
0.443
0.363
0.401
0.371
0.349
0.424
1.034
1.076
1.055
0.388
0.360
0.437
1.022
1.057
1.023
0.370
0.355
0.440
1.034
1.081
1.071
0.387
0.409
0.443
1.113
1.042
1.050
0.335
0.357
0.396
1.061
0.996
1.003
0.343
0.416
0.390
0.454
0.353
0.405
0.348
0.415
0.375
0.444
0.359
0.395
0.332
0.409
0.378
0.437
0.347
0.392
0.358
0.368
0.421
1.050
1.126
1.073
0.377
0.376
0.435
1.044
1.110
1.045
0.358
0.373
0.434
1.051
1.137
1.087
0.394
0.437
0.450
1.135
1.087
1.075
0.334
0.376
0.397
1.075
1.034
1.023
0.348
0.443
0.394
0.439
0.364
0.401
0.351
0.448
0.377
0.426
0.372
0.387
0.335
0.439
0.383
0.423
0.357
0.388
0.344
0.346
0.388
1.017
1.073
1.033
0.359
0.351
0.401
1.007
1.053
1.004
0.342
0.351
0.398
1.013
1.074
1.040
0.364
0.403
0.412
1.068
1.024
1.017
0.321
0.363
0.373
1.030
0.994
0.985
0.336
0.422
0.378
0.413
0.349
0.380
0.341
0.425
0.367
0.401
0.355
0.372
0.321
0.416
0.365
0.393
0.336
0.366
0.466
0.476
0.503
1.114
1.199
1.120
0.484
0.484
0.514
1.107
1.180
1.095
0.458
0.478
0.506
1.097
1.194
1.115
0.512
0.561
0.541
1.184
1.172
1.135
0.442
0.492
0.476
1.117
1.107
1.071
0.461
0.558
0.483
0.532
0.478
0.495
0.468
0.568
0.476
0.528
0.491
0.491
0.446
0.548
0.469
0.514
0.468
0.481
0.398
0.414
0.401
1.103
1.196
1.083
0.412
0.420
0.407
1.087
1.168
1.051
0.400
0.419
0.403
1.098
1.196
1.085
0.443
0.492
0.436
1.164
1.146
1.084
0.384
0.429
0.382
1.108
1.090
1.032
0.397
0.504
0.390
0.469
0.413
0.399
0.403
0.510
0.384
0.464
0.425
0.393
0.381
0.493
0.375
0.452
0.400
0.383
0.373
0.374
0.390
1.025
1.097
1.015
0.396
0.383
0.409
1.024
1.083
1.000
0.377
0.378
0.397
1.027
1.105
1.024
0.404
0.452
0.416
1.085
1.077
1.023
0.360
0.397
0.372
1.043
1.030
0.986
0.365
0.450
0.376
0.431
0.377
0.387
0.370
0.456
0.362
0.423
0.386
0.376
0.356
0.444
0.362
0.418
0.371
0.375
0.413
0.440
0.436
1.035
1.137
1.037
0.423
0.440
0.441
1.026
1.116
1.017
0.403
0.442
0.436
1.021
1.135
1.036
0.448
0.504
0.463
1.088
1.088
1.039
0.395
0.452
0.414
1.043
1.044
0.997
0.412
0.522
0.423
0.476
0.439
0.434
0.412
0.524
0.412
0.467
0.442
0.425
0.392
0.509
0.403
0.454
0.421
0.413
0.393
0.396
0.460
1.074
1.174
1.108
0.404
0.404
0.468
1.058
1.157
1.080
0.382
0.403
0.465
1.069
1.187
1.123
0.416
0.467
0.478
1.125
1.107
1.095
0.365
0.417
0.432
1.075
1.064
1.053
0.382
0.495
0.431
0.469
0.396
0.444
0.381
0.497
0.414
0.450
0.400
0.427
0.370
0.489
0.418
0.449
0.383
0.427
0.377
0.392
0.447
1.067
1.178
1.109
0.395
0.406
0.463
1.054
1.160
1.081
0.370
0.402
0.456
1.060
1.188
1.120
0.396
0.462
0.465
1.098
1.097
1.082
0.349
0.416
0.423
1.056
1.061
1.045
0.362
0.495
0.421
0.436
0.388
0.427
0.364
0.495
0.406
0.425
0.393
0.415
0.352
0.489
0.409
0.422
0.377
0.414
0.406
0.401
0.472
1.079
1.180
1.108
0.415
0.414
0.483
1.059
1.158
1.076
0.393
0.411
0.478
1.068
1.190
1.120
0.405
0.469
0.476
1.108
1.095
1.078
0.362
0.431
0.441
1.065
1.060
1.042
0.378
0.509
0.439
0.464
0.396
0.452
0.379
0.513
0.425
0.452
0.401
0.440
0.369
0.504
0.426
0.448
0.386
0.434
0.375
0.384
0.440
1.063
1.174
1.097
0.390
0.394
0.452
1.051
1.153
1.070
0.366
0.391
0.448
1.059
1.185
1.112
0.403
0.464
0.470
1.117
1.105
1.090
0.350
0.412
0.419
1.064
1.057
1.041
0.358
0.488
0.412
0.440
0.378
0.419
0.358
0.490
0.398
0.426
0.381
0.408
0.346
0.481
0.400
0.420
0.363
0.403
0.412
0.405
0.473
1.090
1.160
1.114
0.421
0.415
0.485
1.072
1.140
1.087
0.398
0.408
0.477
1.083
1.168
1.128
0.427
0.462
0.488
1.155
1.106
1.102
0.368
0.399
0.432
1.098
1.051
1.051
0.389
0.477
0.439
0.493
0.404
0.451
0.387
0.469
0.421
0.476
0.404
0.435
0.375
0.467
0.426
0.470
0.391
0.434
0.406
0.382
0.464
1.066
1.111
1.090
0.418
0.398
0.476
1.051
1.095
1.061
0.394
0.387
0.472
1.059
1.113
1.103
0.405
0.434
0.468
1.126
1.062
1.069
0.359
0.386
0.426
1.080
1.021
1.028
0.373
0.451
0.425
0.486
0.388
0.441
0.376
0.449
0.410
0.475
0.389
0.430
0.361
0.444
0.414
0.466
0.377
0.427
0.394
0.400
0.461
1.084
1.164
1.109
0.409
0.413
0.476
1.078
1.156
1.087
0.386
0.407
0.470
1.078
1.174
1.122
0.416
0.465
0.480
1.151
1.110
1.097
0.362
0.409
0.432
1.097
1.063
1.052
0.379
0.484
0.433
0.472
0.397
0.439
0.382
0.486
0.416
0.459
0.401
0.425
0.368
0.478
0.421
0.455
0.387
0.425
0.375
0.371
0.423
1.045
1.101
1.063
0.384
0.380
0.434
1.032
1.086
1.038
0.362
0.375
0.424
1.033
1.100
1.068
0.380
0.421
0.434
1.082
1.042
1.038
0.341
0.386
0.399
1.047
1.015
1.009
0.358
0.445
0.403
0.437
0.372
0.409
0.361
0.445
0.393
0.426
0.376
0.401
0.344
0.440
0.393
0.417
0.357
0.395
0.501
0.505
0.538
1.142
1.223
1.147
0.513
0.516
0.548
1.131
1.207
1.125
0.482
0.504
0.534
1.117
1.214
1.138
0.528
0.579
0.561
1.192
1.183
1.148
0.466
0.517
0.505
1.135
1.128
1.094
0.487
0.585
0.513
0.560
0.506
0.528
0.490
0.589
0.503
0.552
0.513
0.520
0.472
0.574
0.499
0.540
0.494
0.513
0.432
0.442
0.435
1.132
1.221
1.112
0.438
0.448
0.439
1.114
1.198
1.084
0.421
0.444
0.429
1.118
1.219
1.109
0.461
0.511
0.460
1.178
1.162
1.102
0.406
0.452
0.409
1.129
1.111
1.056
0.421
0.529
0.418
0.497
0.439
0.430
0.426
0.532
0.413
0.490
0.445
0.423
0.408
0.521
0.408
0.477
0.423
0.413
0.408
0.403
0.427
1.056
1.126
1.047
0.426
0.416
0.447
1.053
1.117
1.036
0.404
0.407
0.430
1.051
1.133
1.054
0.425
0.475
0.442
1.098
1.092
1.042
0.385
0.423
0.402
1.061
1.051
1.010
0.397
0.483
0.412
0.461
0.407
0.422
0.399
0.484
0.396
0.451
0.409
0.409
0.386
0.477
0.398
0.446
0.397
0.408
0.432
0.454
0.459
1.048
1.149
1.053
0.440
0.459
0.465
1.041
1.133
1.037
0.413
0.456
0.453
1.031
1.148
1.051
0.453
0.509
0.473
1.088
1.088
1.042
0.409
0.463
0.433
1.051
1.050
1.008
0.429
0.540
0.444
0.495
0.455
0.455
0.423
0.535
0.429
0.480
0.450
0.442
0.406
0.524
0.423
0.469
0.433
0.432
0.398
0.395
0.461
1.080
1.168
1.109
0.410
0.400
0.469
1.063
1.141
1.076
0.391
0.401
0.469
1.079
1.178
1.125
0.423
0.469
0.482
1.154
1.120
1.110
0.364
0.407
0.427
1.093
1.062
1.057
0.387
0.486
0.429
0.486
0.397
0.446
0.383
0.486
0.416
0.463
0.400
0.434
0.376
0.481
0.419
0.467
0.388
0.432
0.383
0.389
0.448
1.075
1.171
1.110
0.402
0.400
0.464
1.063
1.145
1.080
0.380
0.396
0.458
1.074
1.178
1.123
0.407
0.466
0.474
1.130
1.114
1.103
0.350
0.404
0.418
1.077
1.063
1.054
0.370
0.484
0.422
0.456
0.390
0.433
0.366
0.480
0.409
0.441
0.393
0.426
0.359
0.479
0.411
0.441
0.382
0.422
0.417
0.401
0.476
1.090
1.173
1.111
0.429
0.413
0.489
1.069
1.145
1.076
0.408
0.410
0.484
1.083
1.181
1.124
0.424
0.480
0.492
1.143
1.114
1.100
0.367
0.424
0.441
1.089
1.063
1.052
0.389
0.501
0.444
0.490
0.403
0.461
0.387
0.502
0.434
0.473
0.405
0.454
0.380
0.498
0.433
0.473
0.397
0.446
0.387
0.388
0.446
1.074
1.171
1.101
0.400
0.393
0.457
1.061
1.143
1.071
0.381
0.394
0.457
1.074
1.181
1.119
0.412
0.471
0.477
1.145
1.121
1.105
0.352
0.407
0.418
1.084
1.060
1.047
0.366
0.483
0.416
0.461
0.384
0.426
0.363
0.482
0.404
0.443
0.385
0.418
0.357
0.479
0.407
0.443
0.374
0.414
0.426
0.408
0.486
1.102
1.197
1.132
0.439
0.421
0.501
1.086
1.172
1.104
0.416
0.412
0.492
1.097
1.202
1.144
0.429
0.486
0.502
1.159
1.131
1.122
0.375
0.431
0.450
1.108
1.085
1.076
0.400
0.517
0.458
0.511
0.414
0.472
0.394
0.513
0.442
0.489
0.413
0.462
0.391
0.515
0.451
0.496
0.407
0.467
0.414
0.386
0.468
1.076
1.114
1.092
0.419
0.393
0.473
1.056
1.090
1.057
0.403
0.391
0.477
1.070
1.119
1.107
0.415
0.442
0.476
1.157
1.080
1.085
0.356
0.380
0.420
1.097
1.025
1.033
0.376
0.452
0.426
0.500
0.392
0.443
0.377
0.447
0.413
0.484
0.391
0.435
0.367
0.447
0.418
0.483
0.386
0.434
0.399
0.398
0.463
1.094
1.161
1.111
0.411
0.407
0.474
1.080
1.141
1.082
0.393
0.404
0.472
1.090
1.168
1.124
0.423
0.468
0.485
1.182
1.127
1.114
0.360
0.401
0.426
1.115
1.065
1.057
0.384
0.479
0.434
0.488
0.401
0.442
0.383
0.477
0.419
0.470
0.403
0.432
0.371
0.472
0.423
0.469
0.392
0.430
0.372
0.363
0.415
1.045
1.090
1.055
0.383
0.371
0.428
1.032
1.072
1.030
0.362
0.367
0.420
1.035
1.088
1.061
0.382
0.419
0.433
1.102
1.048
1.044
0.336
0.374
0.390
1.060
1.013
1.009
0.356
0.437
0.399
0.445
0.369
0.404
0.356
0.433
0.389
0.431
0.372
0.399
0.341
0.429
0.387
0.427
0.358
0.394
0.511
0.508
0.545
1.153
1.220
1.152
0.529
0.521
0.559
1.149
1.207
1.136
0.499
0.509
0.546
1.130
1.209
1.145
0.549
0.588
0.578
1.230
1.201
1.171
0.479
0.520
0.512
1.164
1.137
1.110
0.505
0.588
0.526
0.591
0.521
0.545
0.507
0.592
0.519
0.581
0.528
0.541
0.486
0.574
0.509
0.565
0.505
0.526
0.432
0.433
0.433
1.132
1.208
1.109
0.443
0.441
0.442
1.114
1.181
1.079
0.430
0.438
0.435
1.125
1.207
1.111
0.466
0.507
0.464
1.199
1.165
1.111
0.404
0.441
0.405
1.138
1.104
1.057
0.424
0.518
0.421
0.512
0.437
0.435
0.426
0.519
0.414
0.500
0.443
0.428
0.411
0.511
0.409
0.493
0.426
0.420
0.409
0.393
0.419
1.060
1.112
1.042
0.428
0.405
0.441
1.057
1.098
1.029
0.411
0.398
0.426
1.059
1.117
1.050
0.435
0.471
0.445
1.128
1.099
1.055
0.383
0.410
0.393
1.078
1.046
1.010
0.399
0.467
0.405
0.475
0.403
0.420
0.398
0.467
0.390
0.461
0.405
0.407
0.385
0.457
0.388
0.458
0.393
0.405
0.445
0.455
0.464
1.061
1.141
1.057
0.455
0.458
0.472
1.054
1.123
1.041
0.430
0.455
0.462
1.045
1.137
1.056
0.465
0.504
0.477
1.120
1.097
1.058
0.415
0.454
0.431
1.074
1.052
1.017
0.439
0.529
0.447
0.522
0.463
0.467
0.433
0.525
0.433
0.506
0.459
0.456
0.417
0.516
0.427
0.495
0.443
0.445
0.371
0.368
0.433
1.044
1.125
1.074
0.384
0.372
0.441
1.030
1.101
1.041
0.369
0.378
0.448
1.047
1.135
1.092
0.401
0.441
0.459
1.119
1.081
1.076
0.348
0.385
0.409
1.066
1.032
1.030
0.366
0.457
0.404
0.461
0.375
0.421
0.362
0.460
0.389
0.439
0.379
0.408
0.349
0.446
0.386
0.438
0.361
0.401
0.355
0.361
0.420
1.041
1.128
1.078
0.372
0.370
0.432
1.024
1.100
1.041
0.357
0.372
0.436
1.041
1.132
1.091
0.379
0.430
0.443
1.090
1.068
1.063
0.331
0.381
0.398
1.045
1.027
1.022
0.345
0.448
0.393
0.427
0.362
0.403
0.345
0.453
0.381
0.415
0.368
0.396
0.333
0.444
0.378
0.410
0.353
0.388
0.387
0.374
0.447
1.052
1.129
1.075
0.398
0.383
0.456
1.032
1.101
1.038
0.384
0.386
0.462
1.052
1.138
1.093
0.393
0.440
0.458
1.103
1.066
1.060
0.347
0.400
0.419
1.060
1.031
1.022
0.364
0.466
0.413
0.463
0.378
0.433
0.364
0.472
0.402
0.447
0.382
0.425
0.352
0.462
0.397
0.442
0.368
0.412
0.362
0.361
0.421
1.043
1.127
1.072
0.377
0.366
0.430
1.030
1.101
1.040
0.361
0.369
0.437
1.047
1.134
1.091
0.395
0.441
0.456
1.118
1.083
1.078
0.339
0.385
0.401
1.063
1.033
1.026
0.349
0.449
0.392
0.441
0.363
0.404
0.347
0.454
0.380
0.426
0.367
0.397
0.333
0.440
0.375
0.418
0.348
0.385
0.397
0.379
0.456
1.067
1.150
1.097
0.409
0.390
0.469
1.051
1.129
1.068
0.391
0.384
0.466
1.064
1.152
1.109
0.400
0.446
0.469
1.122
1.087
1.084
0.353
0.399
0.423
1.077
1.049
1.045
0.374
0.476
0.425
0.483
0.388
0.443
0.370
0.478
0.411
0.463
0.388
0.432
0.362
0.473
0.413
0.462
0.375
0.429
0.381
0.371
0.440
1.058
1.117
1.081
0.392
0.378
0.451
1.043
1.094
1.050
0.376
0.379
0.453
1.060
1.126
1.100
0.411
0.435
0.467
1.157
1.088
1.090
0.345
0.367
0.405
1.088
1.022
1.028
0.364
0.439
0.405
0.478
0.377
0.420
0.363
0.435
0.391
0.458
0.379
0.407
0.350
0.431
0.392
0.453
0.365
0.402
0.365
0.368
0.430
1.054
1.120
1.076
0.382
0.379
0.443
1.046
1.103
1.047
0.367
0.378
0.447
1.057
1.129
1.093
0.406
0.445
0.464
1.150
1.091
1.083
0.344
0.383
0.409
1.087
1.036
1.030
0.360
0.450
0.405
0.458
0.374
0.411
0.362
0.453
0.390
0.444
0.380
0.402
0.343
0.438
0.390
0.435
0.361
0.393
0.352
0.344
0.396
1.019
1.061
1.031
0.362
0.348
0.406
1.001
1.036
0.998
0.348
0.351
0.406
1.013
1.059
1.039
0.367
0.398
0.416
1.075
1.016
1.017
0.325
0.359
0.377
1.037
0.986
0.985
0.343
0.416
0.382
0.428
0.351
0.388
0.344
0.416
0.372
0.415
0.355
0.381
0.324
0.407
0.365
0.403
0.335
0.370
0.486
0.483
0.521
1.120
1.179
1.123
0.500
0.491
0.530
1.111
1.162
1.099
0.477
0.487
0.527
1.104
1.171
1.122
0.524
0.555
0.551
1.194
1.158
1.136
0.466
0.498
0.498
1.140
1.109
1.087
0.483
0.554
0.501
0.564
0.494
0.518
0.488
0.564
0.495
0.557
0.504
0.515
0.466
0.542
0.484
0.540
0.480
0.499
0.410
0.409
0.413
1.099
1.168
1.079
0.421
0.417
0.420
1.082
1.142
1.048
0.410
0.417
0.419
1.095
1.169
1.085
0.445
0.480
0.441
1.164
1.125
1.078
0.391
0.422
0.391
1.114
1.076
1.033
0.407
0.490
0.400
0.491
0.416
0.415
0.411
0.496
0.393
0.482
0.424
0.408
0.390
0.480
0.385
0.468
0.401
0.396
0.380
0.364
0.393
1.022
1.068
1.008
0.402
0.375
0.413
1.021
1.054
0.993
0.386
0.373
0.406
1.027
1.075
1.021
0.402
0.430
0.411
1.085
1.050
1.013
0.364
0.385
0.374
1.048
1.012
0.981
0.375
0.433
0.381
0.450
0.378
0.397
0.377
0.438
0.366
0.437
0.382
0.383
0.361
0.424
0.362
0.431
0.367
0.378
0.418
0.428
0.439
1.028
1.102
1.028
0.427
0.429
0.443
1.020
1.081
1.007
0.408
0.433
0.442
1.017
1.099
1.030
0.442
0.477
0.455
1.086
1.060
1.027
0.400
0.436
0.417
1.050
1.027
0.997
0.416
0.498
0.424
0.493
0.437
0.442
0.414
0.500
0.413
0.482
0.438
0.433
0.393
0.483
0.401
0.463
0.414
0.415
0.351
0.358
0.418
1.031
1.125
1.065
0.376
0.370
0.437
1.030
1.112
1.043
0.351
0.372
0.435
1.037
1.146
1.088
0.392
0.441
0.451
1.111
1.080
1.069
0.340
0.387
0.403
1.059
1.035
1.027
0.351
0.453
0.394
0.441
0.359
0.404
0.349
0.458
0.379
0.420
0.366
0.391
0.340
0.445
0.382
0.426
0.351
0.392
0.336
0.353
0.407
1.031
1.133
1.071
0.364
0.369
0.429
1.029
1.118
1.049
0.339
0.368
0.425
1.033
1.147
1.089
0.374
0.436
0.441
1.085
1.073
1.060
0.325
0.385
0.395
1.045
1.036
1.025
0.334
0.452
0.387
0.412
0.352
0.390
0.334
0.455
0.374
0.400
0.360
0.384
0.324
0.446
0.374
0.401
0.347
0.380
0.369
0.364
0.435
1.044
1.137
1.071
0.390
0.381
0.454
1.036
1.119
1.045
0.368
0.383
0.453
1.046
1.158
1.094
0.387
0.447
0.455
1.097
1.072
1.056
0.341
0.405
0.416
1.057
1.038
1.023
0.354
0.473
0.409
0.447
0.367
0.420
0.353
0.478
0.396
0.430
0.373
0.410
0.344
0.467
0.395
0.431
0.361
0.404
0.337
0.350
0.403
1.024
1.129
1.058
0.366
0.365
0.424
1.026
1.114
1.038
0.340
0.365
0.422
1.034
1.151
1.085
0.385
0.446
0.449
1.104
1.085
1.069
0.330
0.388
0.396
1.052
1.035
1.020
0.335
0.455
0.384
0.420
0.349
0.386
0.333
0.458
0.370
0.403
0.355
0.377
0.321
0.444
0.369
0.401
0.338
0.372
0.378
0.368
0.442
1.056
1.159
1.090
0.401
0.387
0.464
1.052
1.146
1.071
0.374
0.380
0.456
1.057
1.174
1.109
0.395
0.453
0.465
1.118
1.094
1.081
0.347
0.406
0.421
1.074
1.057
1.046
0.361
0.481
0.418
0.467
0.374
0.427
0.360
0.486
0.406
0.447
0.378
0.418
0.352
0.478
0.411
0.452
0.366
0.422
0.362
0.356
0.424
1.046
1.110
1.070
0.385
0.373
0.446
1.043
1.096
1.051
0.360
0.371
0.441
1.050
1.129
1.094
0.404
0.435
0.461
1.154
1.089
1.085
0.338
0.364
0.397
1.084
1.024
1.025
0.352
0.430
0.396
0.462
0.362
0.404
0.352
0.428
0.381
0.444
0.367
0.392
0.340
0.423
0.387
0.443
0.354
0.393
0.359
0.338
0.416
1.023
1.067
1.045
0.382
0.358
0.436
1.019
1.055
1.021
0.353
0.354
0.435
1.022
1.079
1.065
0.380
0.409
0.440
1.113
1.037
1.041
0.331
0.357
0.394
1.064
0.994
1.001
0.337
0.414
0.383
0.452
0.347
0.393
0.340
0.416
0.370
0.438
0.353
0.385
0.328
0.409
0.376
0.436
0.342
0.384
0.334
0.333
0.382
1.005
1.058
1.020
0.355
0.347
0.402
1.003
1.047
1.002
0.330
0.344
0.394
1.003
1.067
1.035
0.360
0.400
0.411
1.073
1.021
1.015
0.316
0.359
0.371
1.034
0.990
0.985
0.329
0.414
0.373
0.412
0.339
0.373
0.331
0.413
0.360
0.398
0.345
0.367
0.315
0.407
0.361
0.397
0.331
0.365
0.478
0.482
0.514
1.116
1.188
1.119
0.507
0.503
0.537
1.125
1.185
1.112
0.471
0.490
0.522
1.104
1.190
1.123
0.528
0.571
0.558
1.200
1.173
1.141
0.464
0.509
0.498
1.140
1.118
1.088
0.481
0.566
0.502
0.556
0.491
0.511
0.487
0.576
0.496
0.550
0.503
0.508
0.466
0.553
0.488
0.538
0.481
0.498
0.388
0.397
0.390
1.089
1.170
1.068
0.413
0.414
0.408
1.086
1.155
1.049
0.390
0.408
0.399
1.085
1.175
1.076
0.438
0.481
0.432
1.162
1.130
1.073
0.384
0.423
0.381
1.111
1.081
1.030
0.395
0.487
0.387
0.474
0.403
0.397
0.399
0.492
0.379
0.463
0.412
0.388
0.382
0.478
0.375
0.457
0.393
0.383
0.364
0.355
0.379
1.013
1.071
1.000
0.396
0.375
0.409
1.022
1.065
0.995
0.371
0.368
0.394
1.021
1.087
1.018
0.399
0.436
0.410
1.088
1.061
1.016
0.356
0.386
0.367
1.047
1.018
0.981
0.363
0.432
0.370
0.435
0.366
0.381
0.366
0.437
0.356
0.425
0.374
0.371
0.354
0.425
0.357
0.424
0.362
0.370
0.400
0.419
0.420
1.020
1.107
1.019
0.420
0.430
0.436
1.022
1.096
1.009
0.390
0.425
0.424
1.009
1.110
1.024
0.433
0.478
0.444
1.083
1.065
1.023
0.392
0.436
0.407
1.047
1.031
0.993
0.404
0.498
0.411
0.476
0.424
0.423
0.401
0.498
0.398
0.463
0.426
0.414
0.385
0.484
0.393
0.455
0.410
0.406
0.362
0.366
0.421
1.017
1.103
1.047
0.381
0.379
0.438
1.011
1.091
1.026
0.362
0.377
0.436
1.021
1.117
1.066
0.379
0.425
0.434
1.067
1.038
1.029
0.340
0.385
0.399
1.033
1.011
1.004
0.365
0.461
0.406
0.449
0.375
0.414
0.361
0.463
0.390
0.427
0.379
0.402
0.344
0.446
0.384
0.423
0.357
0.392
0.347
0.359
0.408
1.013
1.106
1.048
0.370
0.376
0.430
1.005
1.089
1.023
0.348
0.371
0.424
1.012
1.111
1.061
0.356
0.415
0.418
1.038
1.024
1.013
0.328
0.386
0.395
1.016
1.008
0.996
0.345
0.457
0.396
0.415
0.362
0.396
0.346
0.459
0.384
0.404
0.369
0.391
0.330
0.446
0.376
0.397
0.350
0.380
0.378
0.371
0.434
1.025
1.109
1.047
0.395
0.386
0.451
1.013
1.090
1.019
0.374
0.385
0.448
1.022
1.118
1.063
0.375
0.430
0.438
1.055
1.028
1.015
0.345
0.404
0.414
1.028
1.010
0.994
0.366
0.477
0.417
0.449
0.376
0.423
0.365
0.480
0.407
0.433
0.380
0.416
0.352
0.468
0.399
0.430
0.366
0.405
0.353
0.359
0.409
1.014
1.107
1.042
0.373
0.371
0.426
1.010
1.091
1.020
0.353
0.369
0.424
1.019
1.118
1.063
0.372
0.425
0.431
1.065
1.040
1.028
0.336
0.388
0.396
1.029
1.011
0.997
0.351
0.462
0.398
0.430
0.364
0.398
0.348
0.462
0.382
0.412
0.367
0.389
0.332
0.447
0.377
0.406
0.346
0.379
0.391
0.380
0.447
1.043
1.135
1.074
0.405
0.395
0.464
1.033
1.121
1.052
0.386
0.389
0.458
1.040
1.140
1.086
0.386
0.438
0.451
1.077
1.054
1.045
0.354
0.409
0.423
1.048
1.033
1.023
0.379
0.491
0.432
0.473
0.391
0.439
0.376
0.494
0.419
0.451
0.391
0.427
0.362
0.483
0.416
0.453
0.377
0.426
0.375
0.366
0.429
1.029
1.087
1.049
0.390
0.381
0.447
1.020
1.074
1.028
0.372
0.373
0.441
1.031
1.097
1.066
0.391
0.417
0.445
1.107
1.046
1.044
0.342
0.365
0.398
1.054
0.997
0.999
0.366
0.441
0.408
0.468
0.377
0.417
0.364
0.433
0.392
0.447
0.375
0.402
0.348
0.429
0.393
0.443
0.363
0.400
0.372
0.352
0.422
1.008
1.049
1.028
0.385
0.368
0.438
0.997
1.033
1.000
0.367
0.360
0.437
1.007
1.053
1.043
0.372
0.392
0.425
1.068
0.994
1.003
0.337
0.356
0.394
1.036
0.969
0.978
0.352
0.421
0.396
0.456
0.361
0.403
0.356
0.421
0.385
0.445
0.365
0.398
0.338
0.414
0.382
0.437
0.352
0.391
0.366
0.371
0.428
1.030
1.098
1.051
0.384
0.386
0.443
1.027
1.088
1.029
0.366
0.381
0.441
1.034
1.110
1.069
0.386
0.428
0.443
1.100
1.048
1.039
0.342
0.383
0.404
1.056
1.013
1.005
0.365
0.457
0.411
0.453
0.379
0.412
0.364
0.455
0.394
0.437
0.381
0.402
0.345
0.442
0.393
0.429
0.364
0.394
0.498
0.501
0.532
1.118
1.188
1.119
0.518
0.518
0.548
1.118
1.179
1.105
0.488
0.503
0.535
1.101
1.180
1.115
0.517
0.560
0.546
1.172
1.148
1.117
0.474
0.519
0.506
1.126
1.108
1.076
0.503
0.588
0.524
0.573
0.517
0.533
0.505
0.592
0.516
0.562
0.522
0.528
0.480
0.569
0.502
0.546
0.498
0.512
0.406
0.412
0.403
1.078
1.151
1.054
0.420
0.423
0.416
1.068
1.134
1.032
0.406
0.418
0.407
1.075
1.152
1.059
0.428
0.467
0.420
1.120
1.091
1.037
0.390
0.428
0.386
1.086
1.060
1.008
0.416
0.504
0.407
0.487
0.428
0.416
0.418
0.505
0.398
0.476
0.433
0.407
0.392
0.486
0.385
0.459
0.405
0.392
0.378
0.367
0.391
1.000
1.052
0.986
0.403
0.385
0.415
1.008
1.049
0.981
0.384
0.377
0.403
1.007
1.063
1.000
0.391
0.425
0.401
1.049
1.023
0.981
0.365
0.391
0.374
1.026
0.999
0.963
0.383
0.448
0.389
0.447
0.384
0.399
0.382
0.448
0.374
0.433
0.386
0.386
0.361
0.430
0.363
0.424
0.368
0.377
0.405
0.421
0.424
1.000
1.081
1.000
0.423
0.432
0.440
1.003
1.074
0.991
0.397
0.426
0.428
0.990
1.080
1.002
0.417
0.460
0.429
1.041
1.025
0.986
0.389
0.431
0.404
1.019
1.006
0.968
0.413
0.502
0.422
0.481
0.434
0.435
0.407
0.498
0.405
0.463
0.431
0.420
0.384
0.481
0.392
0.447
0.406
0.404
0.466
0.469
0.518
1.130
1.224
1.153
0.483
0.479
0.531
1.119
1.205
1.127
0.473
0.491
0.540
1.140
1.246
1.179
0.510
0.564
0.563
1.208
1.190
1.167
0.442
0.496
0.498
1.141
1.129
1.107
0.522
0.627
0.558
0.610
0.537
0.568
0.508
0.621
0.533
0.569
0.524
0.540
0.476
0.585
0.511
0.554
0.488
0.518
0.459
0.471
0.514
1.130
1.232
1.159
0.482
0.487
0.533
1.122
1.215
1.133
0.463
0.489
0.531
1.128
1.243
1.170
0.494
0.563
0.553
1.183
1.182
1.154
0.431
0.500
0.492
1.125
1.128
1.100
0.498
0.620
0.542
0.576
0.526
0.551
0.490
0.616
0.524
0.552
0.519
0.534
0.469
0.595
0.510
0.540
0.495
0.518
0.490
0.482
0.539
1.148
1.240
1.163
0.504
0.494
0.551
1.131
1.216
1.131
0.489
0.501
0.555
1.141
1.251
1.176
0.507
0.573
0.568
1.197
1.183
1.154
0.450
0.519
0.515
1.143
1.135
1.104
0.553
0.674
0.600
0.642
0.569
0.606
0.521
0.648
0.557
0.590
0.537
0.565
0.493
0.619
0.537
0.576
0.511
0.544
0.444
0.451
0.493
1.113
1.217
1.135
0.464
0.462
0.509
1.107
1.197
1.111
0.448
0.467
0.511
1.118
1.234
1.156
0.490
0.555
0.545
1.189
1.179
1.150
0.422
0.488
0.480
1.123
1.118
1.088
0.474
0.597
0.517
0.553
0.489
0.518
0.467
0.596
0.499
0.529
0.487
0.504
0.437
0.563
0.479
0.512
0.455
0.482
0.496
0.487
0.547
1.151
1.254
1.177
0.512
0.502
0.563
1.140
1.237
1.155
0.500
0.505
0.564
1.153
1.269
1.195
0.512
0.580
0.577
1.206
1.200
1.175
0.448
0.516
0.515
1.147
1.148
1.122
0.540
0.663
0.591
0.644
0.568
0.607
0.518
0.648
0.558
0.594
0.540
0.569
0.492
0.622
0.543
0.584
0.513
0.555
0.479
0.469
0.524
1.135
1.199
1.147
0.495
0.481
0.541
1.129
1.184
1.128
0.480
0.483
0.540
1.138
1.214
1.166
0.514
0.555
0.565
1.234
1.185
1.166
0.441
0.477
0.493
1.159
1.112
1.098
0.509
0.591
0.547
0.619
0.529
0.561
0.505
0.585
0.531
0.591
0.521
0.542
0.472
0.559
0.512
0.567
0.488
0.518
0.462
0.439
0.505
1.099
1.143
1.112
0.477
0.454
0.518
1.090
1.128
1.086
0.461
0.456
0.523
1.098
1.153
1.129
0.476
0.508
0.529
1.178
1.114
1.109
0.417
0.449
0.472
1.122
1.065
1.060
0.465
0.542
0.509
0.579
0.483
0.522
0.466
0.540
0.495
0.561
0.482
0.512
0.444
0.525
0.486
0.548
0.463
0.498
0.476
0.479
0.528
1.146
1.215
1.159
0.492
0.488
0.541
1.140
1.202
1.135
0.481
0.496
0.546
1.147
1.229
1.175
0.504
0.555
0.559
1.226
1.185
1.161
0.440
0.491
0.499
1.161
1.128
1.105
0.511
0.606
0.555
0.606
0.531
0.561
0.505
0.602
0.534
0.581
0.527
0.543
0.475
0.575
0.519
0.562
0.497
0.523
0.462
0.457
0.497
1.106
1.157
1.112
0.473
0.465
0.509
1.095
1.140
1.087
0.462
0.474
0.511
1.104
1.164
1.124
0.471
0.513
0.516
1.157
1.113
1.099
0.426
0.471
0.474
1.116
1.080
1.064
0.494
0.577
0.530
0.578
0.513
0.536
0.489
0.572
0.514
0.553
0.506
0.520
0.455
0.546
0.493
0.532
0.474
0.498
0.509
0.516
0.506
1.193
1.277
1.166
0.533
0.536
0.525
1.192
1.268
1.153
0.531
0.547
0.532
1.210
1.302
1.191
0.565
0.617
0.561
1.273
1.256
1.188
0.493
0.544
0.493
1.205
1.191
1.126
0.560
0.661
0.552
0.643
0.583
0.568
0.565
0.668
0.548
0.630
0.586
0.559
0.514
0.620
0.508
0.586
0.532
0.516
0.457
0.448
0.461
1.086
1.148
1.066
0.474
0.458
0.479
1.086
1.138
1.055
0.460
0.458
0.472
1.089
1.159
1.077
0.496
0.542
0.503
1.162
1.147
1.091
0.437
0.476
0.445
1.108
1.092
1.042
0.485
0.563
0.489
0.551
0.492
0.497
0.481
0.562
0.472
0.535
0.490
0.482
0.452
0.533
0.452
0.515
0.462
0.462
0.481
0.495
0.497
1.079
1.169
1.073
0.492
0.500
0.504
1.076
1.157
1.059
0.474
0.507
0.504
1.069
1.173
1.077
0.515
0.566
0.529
1.146
1.137
1.087
0.460
0.512
0.477
1.100
1.094
1.045
0.511
0.612
0.519
0.587
0.537
0.535
0.505
0.610
0.504
0.567
0.533
0.520
0.476
0.584
0.484
0.545
0.502
0.497
0.401
0.403
0.450
1.089
1.184
1.107
0.411
0.408
0.455
1.072
1.161
1.073
0.387
0.403
0.448
1.080
1.189
1.111
0.433
0.484
0.482
1.154
1.131
1.105
0.373
0.423
0.424
1.096
1.078
1.053
0.393
0.502
0.426
0.478
0.403
0.432
0.395
0.509
0.416
0.463
0.414
0.426
0.380
0.494
0.412
0.461
0.393
0.418
0.388
0.401
0.440
1.087
1.192
1.109
0.402
0.409
0.449
1.067
1.165
1.072
0.378
0.403
0.439
1.072
1.190
1.104
0.416
0.481
0.468
1.130
1.124
1.092
0.360
0.424
0.413
1.079
1.077
1.044
0.376
0.503
0.414
0.451
0.398
0.417
0.379
0.508
0.407
0.443
0.407
0.415
0.366
0.496
0.403
0.439
0.390
0.408
0.423
0.415
0.468
1.102
1.196
1.110
0.430
0.423
0.474
1.077
1.168
1.072
0.408
0.418
0.466
1.086
1.197
1.110
0.433
0.495
0.487
1.146
1.127
1.094
0.379
0.444
0.437
1.095
1.082
1.048
0.396
0.521
0.436
0.488
0.414
0.445
0.401
0.530
0.431
0.477
0.423
0.443
0.388
0.517
0.427
0.474
0.408
0.435
0.392
0.399
0.439
1.088
1.194
1.103
0.404
0.405
0.446
1.073
1.168
1.071
0.382
0.401
0.440
1.080
1.197
1.107
0.426
0.487
0.476
1.154
1.137
1.105
0.366
0.425
0.417
1.096
1.082
1.050
0.377
0.504
0.414
0.462
0.395
0.417
0.380
0.510
0.406
0.450
0.404
0.415
0.363
0.494
0.400
0.442
0.382
0.403
0.428
0.417
0.476
1.109
1.214
1.128
0.437
0.428
0.485
1.091
1.191
1.097
0.412
0.416
0.470
1.097
1.215
1.128
0.434
0.494
0.492
1.157
1.138
1.112
0.382
0.441
0.442
1.106
1.095
1.067
0.402
0.529
0.447
0.502
0.419
0.456
0.405
0.534
0.437
0.486
0.425
0.450
0.393
0.527
0.439
0.486
0.409
0.446
0.418
0.407
0.459
1.100
1.164
1.105
0.424
0.415
0.469
1.081
1.143
1.077
0.401
0.405
0.455
1.091
1.167
1.109
0.442
0.474
0.487
1.186
1.129
1.110
0.373
0.404
0.420
1.116
1.064
1.047
0.394
0.478
0.426
0.502
0.409
0.436
0.400
0.480
0.420
0.489
0.416
0.431
0.382
0.471
0.417
0.481
0.400
0.423
0.414
0.386
0.452
1.079
1.118
1.084
0.419
0.396
0.457
1.058
1.095
1.049
0.397
0.386
0.452
1.066
1.116
1.087
0.416
0.443
0.464
1.149
1.078
1.072
0.364
0.391
0.414
1.098
1.034
1.027
0.377
0.454
0.416
0.489
0.390
0.426
0.387
0.459
0.411
0.485
0.400
0.428
0.367
0.448
0.406
0.473
0.384
0.415
0.398
0.400
0.447
1.096
1.167
1.102
0.410
0.412
0.457
1.084
1.152
1.073
0.389
0.404
0.449
1.088
1.172
1.106
0.425
0.472
0.474
1.174
1.126
1.100
0.365
0.412
0.417
1.113
1.074
1.048
0.385
0.485
0.424
0.479
0.402
0.427
0.391
0.491
0.415
0.469
0.413
0.423
0.371
0.477
0.411
0.459
0.392
0.413
0.383
0.377
0.413
1.057
1.106
1.057
0.389
0.384
0.423
1.039
1.086
1.028
0.370
0.378
0.412
1.042
1.099
1.054
0.395
0.434
0.435
1.102
1.056
1.039
0.352
0.393
0.395
1.063
1.024
1.005
0.371
0.456
0.403
0.450
0.384
0.403
0.380
0.460
0.400
0.442
0.393
0.403
0.355
0.447
0.390
0.430
0.371
0.391
0.488
0.490
0.509
1.133
1.211
1.121
0.503
0.503
0.519
1.123
1.196
1.099
0.472
0.487
0.501
1.106
1.197
1.104
0.525
0.573
0.543
1.198
1.181
1.132
0.455
0.504
0.477
1.135
1.121
1.073
0.478
0.575
0.487
0.556
0.498
0.500
0.485
0.585
0.484
0.551
0.509
0.499
0.461
0.562
0.472
0.533
0.482
0.483
0.405
0.397
0.408
1.058
1.122
1.033
0.421
0.408
0.425
1.053
1.111
1.018
0.401
0.397
0.407
1.054
1.125
1.034
0.433
0.479
0.436
1.122
1.106
1.046
0.380
0.415
0.383
1.070
1.050
0.998
0.393
0.475
0.392
0.464
0.404
0.404
0.397
0.480
0.383
0.454
0.410
0.396
0.381
0.467
0.377
0.448
0.394
0.391
0.435
0.453
0.446
1.058
1.150
1.046
0.442
0.456
0.450
1.046
1.132
1.026
0.415
0.450
0.437
1.035
1.141
1.036
0.462
0.511
0.468
1.110
1.099
1.045
0.410
0.458
0.419
1.066
1.057
1.005
0.431
0.536
0.432
0.503
0.457
0.445
0.432
0.540
0.425
0.493
0.460
0.439
0.407
0.519
0.409
0.475
0.433
0.420
0.369
0.370
0.411
1.016
1.103
1.032
0.392
0.385
0.431
1.011
1.093
1.013
0.365
0.382
0.420
1.017
1.121
1.048
0.399
0.445
0.437
1.081
1.059
1.029
0.356
0.397
0.398
1.039
1.019
0.997
0.368
0.466
0.395
0.449
0.378
0.401
0.370
0.473
0.383
0.430
0.385
0.388
0.347
0.450
0.374
0.423
0.357
0.379
0.358
0.368
0.400
1.016
1.112
1.036
0.384
0.389
0.427
1.015
1.104
1.021
0.355
0.382
0.410
1.010
1.121
1.043
0.382
0.443
0.424
1.060
1.055
1.019
0.346
0.403
0.393
1.027
1.024
0.994
0.353
0.468
0.387
0.421
0.374
0.388
0.357
0.472
0.376
0.412
0.381
0.380
0.335
0.454
0.368
0.403
0.359
0.373
0.404
0.394
0.440
1.047
1.132
1.054
0.416
0.404
0.454
1.029
1.110
1.025
0.393
0.404
0.445
1.033
1.138
1.059
0.407
0.461
0.449
1.083
1.064
1.030
0.370
0.426
0.420
1.048
1.034
1.003
0.380
0.491
0.415
0.464
0.393
0.419
0.387
0.503
0.409
0.452
0.401
0.414
0.359
0.476
0.394
0.440
0.375
0.400
0.362
0.370
0.399
1.019
1.117
1.032
0.382
0.381
0.418
1.014
1.100
1.011
0.356
0.379
0.407
1.015
1.128
1.043
0.400
0.454
0.437
1.086
1.072
1.034
0.352
0.403
0.393
1.039
1.025
0.992
0.355
0.469
0.384
0.427
0.369
0.381
0.357
0.474
0.374
0.414
0.375
0.374
0.335
0.453
0.365
0.407
0.351
0.366
0.421
0.408
0.452
1.068
1.161
1.080
0.435
0.420
0.471
1.055
1.144
1.058
0.409
0.411
0.452
1.054
1.163
1.080
0.427
0.478
0.468
1.114
1.096
1.062
0.387
0.436
0.433
1.077
1.063
1.033
0.404
0.514
0.437
0.492
0.414
0.437
0.406
0.520
0.426
0.475
0.417
0.429
0.382
0.501
0.419
0.470
0.396
0.424
0.385
0.373
0.416
1.037
1.094
1.038
0.405
0.389
0.439
1.030
1.082
1.022
0.377
0.381
0.422
1.030
1.104
1.048
0.412
0.440
0.443
1.123
1.070
1.044
0.360
0.381
0.395
1.064
1.012
0.993
0.374
0.445
0.396
0.471
0.382
0.402
0.375
0.444
0.383
0.452
0.385
0.389
0.353
0.431
0.381
0.445
0.366
0.387
0.377
0.352
0.409
1.005
1.041
1.010
0.402
0.376
0.436
1.006
1.038
0.996
0.372
0.365
0.423
1.002
1.051
1.026
0.388
0.408
0.425
1.081
1.012
1.002
0.352
0.369
0.393
1.044
0.980
0.974
0.355
0.418
0.385
0.458
0.364
0.392
0.364
0.423
0.376
0.449
0.370
0.385
0.338
0.407
0.369
0.437
0.350
0.378
0.364
0.367
0.408
1.024
1.092
1.031
0.389
0.387
0.431
1.026
1.087
1.016
0.363
0.379
0.419
1.025
1.107
1.046
0.392
0.434
0.431
1.103
1.058
1.029
0.350
0.388
0.395
1.059
1.019
0.996
0.359
0.448
0.391
0.446
0.373
0.392
0.363
0.454
0.377
0.431
0.379
0.381
0.340
0.436
0.373
0.422
0.358
0.375
0.358
0.351
0.385
0.995
1.042
0.993
0.375
0.364
0.404
0.991
1.033
0.979
0.352
0.361
0.393
0.985
1.044
0.999
0.368
0.404
0.402
1.043
0.999
0.978
0.341
0.377
0.379
1.018
0.980
0.961
0.351
0.428
0.380
0.426
0.360
0.379
0.357
0.432
0.371
0.414
0.366
0.371
0.329
0.414
0.361
0.401
0.341
0.362
0.432
0.432
0.451
1.040
1.113
1.031
0.454
0.451
0.471
1.044
1.110
1.022
0.422
0.439
0.453
1.021
1.110
1.025
0.475
0.520
0.490
1.112
1.094
1.046
0.419
0.463
0.438
1.061
1.048
1.002
0.428
0.515
0.437
0.497
0.441
0.445
0.437
0.527
0.434
0.493
0.453
0.444
0.414
0.506
0.426
0.480
0.431
0.435
0.397
0.401
0.386
1.059
1.137
1.028
0.415
0.418
0.404
1.055
1.127
1.014
0.395
0.412
0.390
1.051
1.140
1.030
0.436
0.482
0.423
1.123
1.101
1.033
0.386
0.426
0.377
1.075
1.053
0.992
0.396
0.491
0.382
0.468
0.410
0.390
0.402
0.497
0.377
0.461
0.418
0.384
0.375
0.476
0.364
0.446
0.390
0.371
0.388
0.404
0.396
0.978
1.064
0.966
0.411
0.421
0.418
0.988
1.066
0.967
0.379
0.414
0.402
0.968
1.071
0.971
0.422
0.470
0.422
1.036
1.027
0.970
0.382
0.427
0.387
1.003
0.995
0.944
0.393
0.489
0.391
0.456
0.413
0.399
0.394
0.492
0.382
0.446
0.416
0.392
0.369
0.472
0.368
0.429
0.389
0.376
0.449
0.455
0.498
1.096
1.190
1.115
0.461
0.456
0.505
1.084
1.170
1.088
0.450
0.469
0.512
1.104
1.213
1.140
0.478
0.529
0.524
1.173
1.153
1.127
0.423
0.476
0.472
1.115
1.102
1.077
0.457
0.562
0.489
0.544
0.472
0.501
0.457
0.570
0.480
0.527
0.481
0.494
0.433
0.542
0.465
0.516
0.450
0.477
0.441
0.456
0.491
1.097
1.200
1.121
0.457
0.464
0.505
1.085
1.181
1.095
0.444
0.473
0.506
1.101
1.219
1.140
0.468
0.532
0.517
1.155
1.153
1.122
0.415
0.481
0.468
1.107
1.110
1.078
0.448
0.568
0.484
0.525
0.476
0.495
0.447
0.571
0.475
0.512
0.481
0.490
0.425
0.551
0.462
0.497
0.453
0.472
0.487
0.482
0.530
1.132
1.224
1.144
0.497
0.487
0.540
1.113
1.197
1.111
0.487
0.499
0.546
1.134
1.244
1.165
0.500
0.560
0.550
1.193
1.176
1.144
0.449
0.514
0.505
1.144
1.134
1.101
0.488
0.606
0.526
0.581
0.508
0.540
0.488
0.614
0.520
0.565
0.512
0.535
0.458
0.582
0.497
0.544
0.479
0.509
0.440
0.449
0.484
1.093
1.197
1.109
0.454
0.453
0.496
1.084
1.175
1.085
0.441
0.463
0.499
1.100
1.217
1.133
0.474
0.534
0.520
1.171
1.158
1.126
0.416
0.478
0.465
1.110
1.102
1.069
0.446
0.566
0.479
0.528
0.466
0.486
0.444
0.570
0.471
0.514
0.472
0.483
0.419
0.544
0.455
0.497
0.441
0.463
0.474
0.466
0.519
1.117
1.220
1.136
0.490
0.478
0.537
1.108
1.205
1.117
0.471
0.477
0.529
1.119
1.235
1.154
0.485
0.543
0.538
1.180
1.166
1.138
0.432
0.494
0.489
1.125
1.120
1.090
0.470
0.589
0.511
0.569
0.490
0.524
0.467
0.593
0.500
0.551
0.493
0.517
0.445
0.571
0.488
0.540
0.466
0.503
0.467
0.456
0.505
1.111
1.173
1.117
0.483
0.464
0.521
1.102
1.156
1.097
0.465
0.466
0.517
1.115
1.190
1.138
0.492
0.523
0.532
1.209
1.154
1.134
0.429
0.459
0.472
1.141
1.092
1.076
0.464
0.542
0.494
0.573
0.481
0.509
0.467
0.541
0.487
0.559
0.486
0.504
0.440
0.525
0.476
0.540
0.460
0.487
0.451
0.426
0.487
1.078
1.117
1.084
0.468
0.439
0.503
1.070
1.103
1.061
0.453
0.441
0.508
1.082
1.131
1.108
0.460
0.485
0.506
1.164
1.095
1.089
0.412
0.437
0.459
1.114
1.054
1.047
0.439
0.511
0.476
0.553
0.455
0.492
0.445
0.512
0.469
0.544
0.460
0.490
0.416
0.492
0.454
0.523
0.435
0.470
0.440
0.443
0.488
1.097
1.167
1.106
0.464
0.458
0.509
1.099
1.160
1.090
0.446
0.460
0.507
1.106
1.189
1.131
0.468
0.514
0.515
1.192
1.145
1.120
0.412
0.459
0.463
1.130
1.092
1.068
0.446
0.539
0.483
0.541
0.463
0.490
0.451
0.547
0.474
0.533
0.476
0.489
0.423
0.524
0.463
0.514
0.447
0.470
0.417
0.413
0.448
1.049
1.100
1.052
0.430
0.420
0.463
1.044
1.089
1.034
0.419
0.428
0.463
1.051
1.111
1.068
0.432
0.471
0.471
1.115
1.067
1.052
0.391
0.433
0.433
1.076
1.039
1.020
0.421
0.502
0.453
0.504
0.437
0.459
0.427
0.507
0.448
0.494
0.444
0.456
0.395
0.484
0.430
0.473
0.414
0.436
0.514
0.516
0.537
1.122
1.197
1.113
0.537
0.533
0.556
1.130
1.197
1.109
0.512
0.531
0.547
1.116
1.206
1.122
0.559
0.605
0.577
1.211
1.193
1.147
0.494
0.543
0.517
1.149
1.137
1.092
0.531
0.621
0.541
0.609
0.550
0.557
0.537
0.631
0.540
0.602
0.559
0.557
0.502
0.597
0.515
0.574
0.524
0.531
0.489
0.496
0.483
1.150
1.235
1.122
0.500
0.504
0.492
1.140
1.217
1.101
0.493
0.512
0.493
1.155
1.250
1.137
0.524
0.573
0.517
1.226
1.206
1.138
0.466
0.513
0.462
1.168
1.151
1.086
0.497
0.598
0.488
0.579
0.518
0.502
0.506
0.608
0.488
0.576
0.531
0.503
0.471
0.576
0.464
0.546
0.490
0.475
0.442
0.435
0.446
1.062
1.125
1.039
0.463
0.447
0.466
1.066
1.120
1.033
0.447
0.446
0.457
1.067
1.139
1.053
0.474
0.519
0.477
1.139
1.124
1.064
0.425
0.462
0.428
1.090
1.074
1.021
0.445
0.523
0.446
0.516
0.458
0.460
0.451
0.532
0.438
0.508
0.465
0.454
0.426
0.508
0.424
0.493
0.440
0.438
