0.457
0.766
0.503
0.502
0.823
0.549
0.506
0.832
0.567
0.492
0.843
0.535
0.493
0.831
0.550
0.851
1.082
0.851
0.979
1.216
0.993
1.044
1.259
1.060
0.948
1.159
0.945
1.018
1.233
1.040
1.136
1.410
1.152
1.256
1.576
1.282
1.116
1.391
1.124
1.159
1.454
1.189
1.042
1.351
1.066
0.426
0.735
0.473
0.482
0.797
0.532
0.468
0.769
0.510
0.467
0.815
0.511
0.456
0.805
0.522
0.815
1.024
0.810
0.966
1.182
0.975
1.041
1.244
1.054
0.907
1.091
0.888
1.052
1.238
1.068
1.208
1.466
1.221
1.237
1.549
1.265
1.103
1.352
1.094
1.126
1.397
1.143
1.035
1.326
1.041
0.415
0.760
0.474
0.463
0.827
0.526
0.457
0.801
0.512
0.451
0.835
0.503
0.441
0.814
0.508
0.776
1.058
0.796
0.902
1.195
0.937
1.007
1.289
1.047
0.903
1.167
0.915
0.991
1.253
1.032
1.192
1.521
1.238
1.208
1.563
1.253
1.088
1.413
1.114
1.168
1.519
1.218
1.019
1.367
1.055
0.443
0.754
0.485
0.482
0.803
0.536
0.476
0.790
0.521
0.482
0.825
0.520
0.477
0.820
0.535
0.791
1.012
0.781
0.915
1.144
0.920
1.014
1.214
1.016
0.899
1.105
0.883
1.000
1.211
1.030
1.185
1.455
1.194
1.196
1.515
1.213
1.067
1.339
1.064
1.147
1.439
1.173
1.011
1.320
1.021
0.439
0.764
0.484
0.488
0.826
0.542
0.475
0.801
0.518
0.485
0.852
0.526
0.458
0.827
0.525
0.838
1.064
0.824
0.978
1.213
0.976
1.121
1.339
1.124
0.973
1.189
0.958
1.065
1.275
1.083
1.182
1.460
1.188
1.249
1.573
1.264
1.160
1.436
1.147
1.140
1.436
1.153
1.047
1.362
1.052
0.443
0.748
0.481
0.485
0.825
0.529
0.494
0.813
0.546
0.481
0.833
0.529
0.497
0.849
0.557
0.774
1.044
0.788
0.871
1.160
0.900
0.953
1.219
0.981
0.851
1.108
0.861
0.958
1.249
0.998
1.159
1.461
1.188
1.132
1.461
1.159
1.067
1.385
1.094
1.129
1.439
1.165
1.001
1.330
1.035
0.412
0.736
0.440
0.438
0.777
0.485
0.450
0.780
0.486
0.439
0.816
0.476
0.433
0.801
0.492
0.775
1.014
0.754
0.886
1.136
0.877
0.976
1.215
0.975
0.879
1.094
0.846
1.041
1.274
1.058
1.126
1.406
1.116
1.164
1.494
1.175
1.104
1.383
1.078
1.101
1.410
1.111
1.052
1.364
1.038
0.408
0.738
0.469
0.454
0.789
0.518
0.458
0.780
0.505
0.452
0.825
0.510
0.437
0.810
0.514
0.768
0.985
0.754
0.930
1.167
0.934
1.017
1.247
1.031
0.908
1.113
0.885
0.974
1.202
1.011
1.251
1.527
1.265
1.205
1.529
1.233
1.091
1.372
1.089
1.143
1.443
1.172
0.990
1.310
1.004
0.449
0.785
0.502
0.498
0.841
0.554
0.496
0.834
0.550
0.483
0.851
0.534
0.487
0.842
0.545
0.830
1.088
0.844
0.904
1.189
0.940
1.031
1.307
1.063
0.932
1.184
0.942
1.067
1.339
1.112
1.161
1.483
1.213
1.232
1.585
1.288
1.179
1.496
1.213
1.233
1.577
1.299
1.104
1.447
1.145
1.162
0.964
0.941
1.201
0.951
0.969
1.107
0.862
0.881
1.281
1.086
1.082
1.210
1.061
1.056
0.741
0.515
0.506
0.777
0.548
0.545
0.787
0.503
0.534
0.719
0.487
0.490
0.800
0.465
0.511
1.246
1.015
1.011
1.320
1.124
1.109
1.301
1.087
1.059
1.317
1.073
1.073
1.118
0.922
0.889
1.207
0.954
0.947
1.224
0.928
0.954
1.123
0.840
0.867
1.298
1.033
1.052
1.264
1.056
1.061
0.769
0.497
0.509
0.804
0.535
0.545
0.805
0.488
0.533
0.743
0.484
0.494
0.838
0.488
0.530
1.261
0.984
0.994
1.320
1.059
1.079
1.317
1.047
1.045
1.324
1.039
1.054
1.163
0.909
0.907
0.969
0.735
0.761
1.023
0.765
0.810
0.976
0.709
0.767
1.063
0.806
0.862
1.035
0.834
0.887
0.651
0.380
0.428
0.671
0.395
0.441
0.667
0.378
0.432
0.638
0.374
0.418
0.688
0.366
0.430
1.106
0.836
0.877
1.083
0.841
0.878
1.057
0.791
0.821
1.137
0.868
0.906
0.960
0.716
0.739
1.198
0.955
0.968
1.256
0.970
1.016
1.109
0.827
0.873
1.299
1.032
1.080
1.270
1.065
1.108
0.759
0.464
0.508
0.768
0.470
0.511
0.791
0.461
0.526
0.725
0.451
0.484
0.797
0.433
0.503
1.304
1.011
1.049
1.371
1.118
1.147
1.395
1.106
1.133
1.355
1.063
1.097
1.178
0.933
0.935
1.178
0.909
0.944
1.174
0.867
0.931
1.122
0.830
0.893
1.262
0.980
1.039
1.278
1.044
1.102
0.771
0.479
0.535
0.807
0.521
0.574
0.809
0.493
0.563
0.767
0.485
0.542
0.817
0.475
0.551
1.279
0.974
1.036
1.335
1.060
1.112
1.338
1.055
1.097
1.306
1.006
1.060
1.126
0.848
0.893
1.132
0.904
0.916
1.207
0.927
0.980
1.066
0.810
0.845
1.226
0.988
1.023
1.227
1.063
1.089
0.705
0.442
0.477
0.731
0.467
0.500
0.748
0.430
0.495
0.690
0.432
0.466
0.770
0.416
0.489
1.239
0.964
0.998
1.242
1.008
1.030
1.293
1.039
1.051
1.265
0.992
1.022
1.089
0.852
0.852
1.058
0.879
0.876
1.097
0.862
0.902
1.034
0.810
0.832
1.101
0.918
0.932
1.148
1.020
1.032
0.658
0.446
0.448
0.664
0.439
0.445
0.709
0.439
0.473
0.661
0.449
0.450
0.741
0.425
0.479
1.135
0.915
0.911
1.225
1.026
1.026
1.176
0.980
0.949
1.193
0.953
0.961
1.024
0.833
0.805
1.059
0.857
0.864
1.128
0.876
0.922
1.021
0.780
0.816
1.154
0.949
0.975
1.162
0.984
1.024
0.685
0.436
0.463
0.676
0.425
0.452
0.725
0.451
0.495
0.667
0.435
0.455
0.740
0.421
0.480
1.173
0.935
0.944
1.244
1.021
1.043
1.249
1.018
1.017
1.189
0.927
0.952
1.038
0.827
0.814
1.180
0.956
0.944
1.207
0.931
0.958
1.088
0.836
0.860
1.261
1.029
1.044
1.210
1.047
1.049
0.723
0.476
0.484
0.764
0.518
0.523
0.776
0.474
0.516
0.716
0.478
0.489
0.798
0.463
0.507
1.282
1.032
1.044
1.327
1.095
1.111
1.342
1.106
1.097
1.312
1.046
1.066
1.106
0.882
0.876
1.181
1.250
0.984
1.419
1.498
1.235
1.011
1.065
0.808
1.328
1.453
1.159
1.339
1.479
1.193
1.245
1.269
1.047
1.117
1.147
0.915
1.114
1.137
0.904
0.998
1.037
0.799
1.369
1.355
1.149
0.999
1.053
0.750
0.957
1.029
0.716
0.943
1.003
0.711
0.878
0.933
0.645
0.854
0.924
0.627
1.118
1.167
0.861
1.353
1.425
1.100
0.961
0.978
0.690
1.205
1.298
0.954
1.188
1.297
0.965
1.053
1.057
0.784
1.002
1.004
0.726
1.026
1.035
0.759
1.026
1.041
0.764
1.371
1.339
1.076
0.722
0.766
0.420
0.700
0.764
0.408
0.696
0.737
0.401
0.695
0.736
0.400
0.684
0.737
0.395
1.139
1.209
0.893
1.394
1.480
1.163
0.907
0.966
0.662
1.248
1.368
1.013
1.196
1.331
0.995
1.207
1.249
0.960
1.104
1.153
0.854
1.084
1.123
0.836
0.991
1.046
0.752
1.366
1.371
1.096
0.752
0.826
0.467
0.737
0.828
0.460
0.741
0.812
0.464
0.716
0.786
0.444
0.698
0.781
0.426
1.110
1.208
0.895
1.288
1.402
1.094
0.891
0.976
0.673
1.158
1.313
0.967
1.173
1.334
1.011
1.136
1.188
0.921
1.044
1.097
0.823
1.033
1.079
0.809
0.979
1.041
0.762
1.213
1.230
0.974
0.689
0.785
0.431
0.676
0.786
0.428
0.681
0.774
0.423
0.665
0.759
0.415
0.649
0.751
0.395
1.067
1.091
0.832
1.211
1.256
0.982
0.825
0.822
0.586
1.180
1.235
0.957
1.140
1.213
0.948
1.022
1.005
0.787
0.972
0.959
0.729
0.979
0.974
0.741
0.895
0.890
0.668
1.200
1.156
0.934
0.655
0.673
0.389
0.650
0.681
0.387
0.645
0.655
0.387
0.622
0.632
0.369
0.618
0.639
0.365
0.951
1.010
0.733
1.113
1.187
0.894
0.749
0.787
0.522
1.123
1.215
0.906
1.031
1.132
0.846
0.880
0.909
0.648
0.868
0.903
0.639
0.848
0.878
0.621
0.781
0.821
0.559
1.137
1.139
0.893
0.580
0.633
0.327
0.575
0.641
0.332
0.570
0.628
0.323
0.564
0.618
0.315
0.554
0.622
0.317
1.142
1.244
0.937
1.403
1.521
1.207
0.924
1.006
0.707
1.323
1.488
1.140
1.355
1.522
1.183
1.207
1.268
0.995
1.123
1.179
0.902
1.133
1.186
0.917
1.006
1.077
0.794
1.300
1.325
1.067
0.842
0.935
0.600
0.810
0.912
0.570
0.839
0.934
0.605
0.775
0.868
0.544
0.763
0.874
0.534
