1.594
1.630
1.616
3.021
3.038
3.050
0.843
0.907
0.901
1.247
1.253
1.278
0.787
0.791
0.794
0.323
0.337
0.416
0.328
0.398
0.412
3.508
3.512
3.497
1.655
1.688
1.704
1.407
1.406
1.495
1.419
1.458
1.428
0.317
0.368
0.418
0.987
1.016
1.042
1.441
1.479
1.504
1.568
1.575
1.601
0.365
0.419
1.127
0.456
0.547
0.558
1.100
1.095
1.121
1.833
1.988
2.326
0.392
0.411
0.547
1.050
1.108
1.066
2.296
2.307
2.312
2.736
2.758
2.766
2.289
2.349
2.378
0.858
0.950
0.997
1.334
1.349
1.362
1.011
1.018
1.027
0.992
1.100
1.053
1.823
1.927
2.004
1.241
1.290
1.319
1.256
1.328
1.297
2.073
2.165
2.141
1.690
1.721
1.741
1.548
1.651
1.665
2.345
2.360
2.379
1.540
1.592
1.523
0.807
0.850
0.869
1.322
1.306
1.305
0.800
0.834
0.876
1.296
1.280
1.351
0.803
1.050
0.894
0.794
0.847
0.838
1.437
1.486
1.477
0.621
0.716
0.626
0.993
1.092
1.101
1.519
1.573
1.604
1.427
1.523
1.515
0.783
0.868
0.838
1.666
1.652
1.680
2.411
2.427
2.435
2.358
2.408
2.369
2.149
2.196
2.172
1.500
1.503
1.519
0.827
0.847
0.872
1.194
1.272
1.278
1.354
1.426
1.371
0.729
0.750
0.778
0.967
1.059
0.993
0.557
0.602
0.609
2.660
2.676
2.678
1.857
1.839
1.913
2.259
2.354
2.307
0.996
1.097
1.117
2.139
2.044
2.046
0.568
0.711
0.618
1.834
1.900
1.924
1.986
2.028
2.086
1.072
1.096
1.021
1.030
1.062
1.071
0.819
0.812
0.793
0.819
0.855
0.818
0.886
0.902
0.909
2.200
2.257
2.266
1.761
1.785
1.783
0.888
0.896
0.987
0.823
0.833
0.888
2.091
2.102
2.122
1.906
2.092
2.096
2.101
2.112
2.142
0.840
0.868
0.869
0.552
0.556
0.532
1.121
1.126
1.130
1.763
1.756
1.785
3.381
3.404
3.424
0.536
0.594
0.609
1.849
1.889
1.911
0.822
0.842
0.834
1.794
1.797
1.839
0.686
0.779
0.761
1.215
1.251
1.261
1.173
1.159
1.159
1.056
1.094
1.094
2.694
2.700
2.702
2.324
2.393
2.407
1.247
1.272
1.345
1.718
1.728
1.742
2.066
2.074
2.080
1.071
1.086
1.080
2.094
2.113
2.118
1.026
1.144
1.065
0.415
0.482
0.466
1.645
1.679
1.682
1.567
1.603
1.605
2.051
2.114
2.162
0.937
1.011
0.934
1.261
1.259
1.292
2.280
2.449
2.402
0.696
0.731
0.723
1.411
1.423
1.430
0.643
0.667
0.675
1.577
1.609
1.632
1.523
1.758
1.786
1.848
1.869
1.892
1.124
1.136
1.156
0.788
0.854
0.912
1.793
1.788
1.843
0.496
0.623
0.587
1.655
1.641
1.650
0.981
1.047
1.035
1.263
1.310
1.358
0.817
0.874
0.911
0.717
0.738
0.748
2.231
2.229
2.232
2.744
2.890
2.739
2.788
2.762
2.792
1.475
1.495
1.505
2.189
2.220
2.238
1.763
1.795
1.767
1.339
1.383
1.394
1.581
1.628
1.658
1.795
1.779
1.802
0.815
0.883
0.910
1.007
1.092
1.094
1.333
1.392
1.391
1.930
1.960
1.990
2.538
2.547
2.583
2.033
2.047
2.046
0.265
0.339
0.369
1.735
1.781
1.717
1.621
1.906
1.874
1.870
1.878
1.856
1.650
1.837
1.808
1.241
1.290
1.319
2.094
2.137
2.093
2.344
2.350
2.493
1.546
1.596
1.591
0.534
0.591
0.582
1.113
1.118
1.126
1.591
1.606
1.575
0.941
0.952
0.947
0.850
0.848
0.826
1.724
1.695
1.809
1.366
1.386
1.365
1.952
1.956
2.041
1.136
1.141
1.150
1.715
1.789
1.814
0.784
0.925
0.810
1.617
1.646
1.663
1.263
1.315
1.343
0.941
1.046
1.011
1.039
1.102
1.088
1.243
1.275
1.305
1.443
1.499
1.606
1.530
1.627
1.632
0.974
1.001
0.988
0.766
0.759
0.765
0.831
0.848
0.857
0.779
0.823
0.808
1.440
1.450
1.461
2.150
2.215
2.237
1.202
1.457
1.445
1.342
1.386
1.387
1.227
1.248
1.236
0.783
0.780
0.786
1.465
1.468
1.477
1.725
1.754
1.761
0.906
0.960
1.032
0.811
0.922
0.899
1.684
1.792
1.819
1.568
1.587
1.641
0.963
0.961
0.956
1.418
1.412
1.386
2.546
2.562
2.601
1.549
1.651
1.687
2.659
2.666
2.661
1.546
1.612
1.647
1.331
1.341
1.366
1.634
1.657
1.672
1.686
1.889
1.864
0.369
0.374
0.378
0.869
0.874
0.893
0.878
0.956
0.964
1.706
1.746
1.742
0.624
0.663
0.635
1.003
1.022
1.217
0.659
1.426
0.748
0.555
0.664
0.667
0.620
0.846
0.792
1.746
1.786
1.800
1.297
1.315
1.338
1.814
1.772
1.812
0.826
0.859
0.839
2.389
2.403
2.467
1.816
1.832
1.872
1.412
1.523
1.542
1.064
1.266
1.207
0.617
0.961
0.886
0.594
0.634
0.673
2.221
2.203
2.190
1.370
1.376
1.389
1.766
1.994
1.893
1.097
1.116
1.123
0.794
0.806
0.817
1.386
1.381
1.386
0.909
1.129
0.983
1.601
1.619
1.670
0.861
0.921
1.411
1.483
1.462
1.458
0.741
0.863
0.894
2.766
2.830
2.805
2.269
2.305
2.289
1.781
1.804
1.776
1.611
1.632
1.591
1.639
1.639
1.650
0.525
0.546
0.586
0.552
0.577
0.607
1.114
1.147
1.201
0.440
0.478
0.484
2.578
2.595
2.599
0.929
1.020
0.984
1.764
1.852
1.860
1.197
1.222
1.203
1.333
1.422
1.395
0.851
0.849
0.892
0.453
0.480
0.505
0.633
0.660
0.721
0.661
0.695
0.688
1.561
1.510
1.553
0.957
1.076
1.087
0.923
0.922
0.929
1.882
1.905
1.941
0.775
0.803
0.817
0.871
0.933
0.942
1.432
1.435
1.430
2.023
2.036
2.059
0.729
0.774
0.797
1.936
1.953
1.974
0.846
0.896
0.913
1.836
1.861
1.903
1.287
1.326
1.329
1.025
1.107
1.381
2.186
2.215
2.239
1.098
1.122
1.138
0.814
0.782
0.805
1.123
1.126
1.182
1.803
1.836
1.845
1.491
1.530
1.584
1.629
1.678
1.695
1.294
1.303
1.310
3.082
3.121
3.155
1.263
1.294
1.346
1.932
1.939
1.936
0.701
0.763
0.766
1.604
1.613
1.614
1.442
1.432
1.458
2.018
2.137
2.097
2.020
2.076
2.071
1.602
1.623
1.657
0.318
0.348
0.351
1.568
1.615
1.626
1.601
1.606
1.731
1.158
1.250
1.266
1.117
1.263
1.174
0.894
0.932
0.913
1.158
1.368
1.326
0.863
1.018
0.967
0.448
0.583
0.536
0.765
0.760
0.768
2.035
2.089
2.088
1.027
1.108
1.033
1.027
1.176
1.080
1.317
1.494
1.427
1.495
1.490
1.533
1.272
1.293
1.294
0.326
0.340
0.367
0.685
0.821
0.819
0.587
0.613
0.621
1.964
1.968
2.144
1.671
1.700
1.713
1.796
1.784
1.794
0.600
0.617
0.633
0.770
0.812
0.827
2.895
2.987
2.996
0.867
0.953
0.974
3.025
3.042
3.134
1.204
1.200
1.213
0.626
0.638
0.665
0.864
0.875
0.793
0.909
1.063
1.003
0.906
0.929
0.967
0.537
0.554
0.585
1.595
1.574
1.594
1.191
1.252
1.222
0.690
0.680
0.711
2.279
2.285
2.308
1.082
1.194
1.171
0.856
0.881
0.868
0.692
0.722
0.743
0.795
0.830
0.875
0.512
0.473
0.535
0.833
0.908
0.925
1.378
1.391
1.410
1.761
1.802
1.871
1.631
1.632
1.629
1.752
1.754
1.783
0.960
0.995
0.984
0.936
1.003
0.992
1.300
1.373
1.261
1.800
1.809
1.830
0.770
0.798
0.810
1.627
1.670
1.656
1.032
1.075
1.073
0.612
0.750
0.768
0.831
0.821
0.821
1.265
1.323
1.308
0.902
0.929
0.993
2.684
2.719
2.772
1.385
1.389
1.392
2.641
2.651
2.622
1.367
1.368
1.348
1.953
1.977
1.980
0.542
0.540
0.557
2.999
3.007
3.021
0.947
0.982
0.974
1.164
1.133
1.145
1.602
1.611
1.608
0.713
0.766
0.746
1.114
1.121
1.114
0.896
0.903
0.924
1.637
1.635
1.876
0.633
0.617
0.622
0.552
0.563
0.579
1.546
1.608
1.545
1.477
1.486
1.565
1.254
1.278
1.284
0.835
0.882
0.887
2.474
2.558
2.572
2.088
2.152
2.151
2.230
2.251
2.230
0.726
0.781
0.824
0.750
0.963
0.879
0.327
0.387
0.392
2.867
2.936
2.930
1.596
1.591
1.597
0.640
0.630
0.730
0.802
0.814
0.840
0.240
0.257
0.329
0.827
0.841
0.873
1.089
1.074
1.078
1.287
1.331
1.285
1.465
1.481
1.485
1.152
1.181
1.182
2.869
2.885
2.925
2.784
2.842
2.875
1.722
1.724
1.741
0.712
0.738
0.724
0.962
0.972
0.995
2.052
2.118
2.081
1.810
1.829
1.866
2.450
2.456
2.445
1.261
1.276
1.281
1.529
1.599
1.602
1.117
1.344
1.338
1.132
1.160
1.214
0.989
1.143
1.011
1.360
1.379
1.360
1.182
1.211
1.206
1.607
1.668
1.650
1.266
1.280
1.290
1.160
1.175
1.180
1.390
1.423
1.425
1.074
1.188
1.182
0.737
0.959
0.893
1.108
1.180
1.216
1.903
1.911
1.918
2.313
2.358
2.350
2.039
2.025
2.050
1.876
2.028
1.925
1.582
1.590
1.604
1.227
1.262
1.307
2.216
2.225
2.271
1.301
1.310
1.310
1.911
1.911
1.916
1.958
1.977
1.976
0.706
0.744
0.742
0.953
0.995
0.969
1.126
1.119
1.123
0.935
0.993
0.979
0.342
0.393
0.442
0.710
0.907
0.835
1.097
1.110
1.241
0.815
0.839
0.878
2.306
2.391
2.252
1.421
1.426
1.467
1.759
1.840
1.855
1.398
1.872
1.656
1.309
1.304
1.324
1.181
1.199
1.208
1.973
2.037
2.027
1.310
1.468
1.456
1.501
1.596
1.601
0.914
0.933
0.967
0.961
0.960
0.996
0.704
0.963
0.765
1.158
1.321
1.193
0.999
1.056
1.047
1.158
1.195
1.219
1.340
1.379
1.365
0.539
0.567
0.566
0.665
0.684
0.691
1.000
1.016
1.033
0.705
0.684
0.738
0.886
1.044
1.005
1.182
1.319
1.261
1.003
0.993
0.982
0.832
1.047
0.983
2.528
2.590
2.525
0.707
0.779
0.833
0.542
0.768
0.644
1.055
1.061
1.073
0.466
0.499
0.519
0.861
0.931
0.909
0.839
0.917
0.944
0.270
0.312
0.314
0.416
0.466
0.493
1.066
1.078
1.133
1.704
1.686
1.663
0.937
0.936
0.943
0.743
0.815
0.817
0.483
0.443
0.364
1.122
1.138
1.151
1.302
1.325
1.374
0.898
0.934
0.932
1.081
1.346
1.336
2.073
2.096
2.125
0.946
0.932
0.943
2.810
2.820
2.810
0.504
0.569
0.563
0.668
0.682
0.688
0.702
0.737
0.714
1.059
1.112
1.130
1.059
1.190
1.178
1.354
1.508
1.442
1.562
1.563
1.582
1.082
1.228
1.169
1.579
1.641
1.674
1.608
1.689
1.671
1.332
1.400
1.384
2.264
2.294
2.284
1.601
1.599
1.604
1.194
1.212
1.208
1.543
1.510
1.554
1.914
1.957
1.972
1.178
1.238
1.245
0.837
0.817
0.829
1.912
1.920
1.919
3.011
2.994
3.002
2.196
2.211
2.262
0.597
0.592
0.654
1.934
1.973
1.983
1.609
1.612
1.553
1.620
1.684
1.616
1.420
1.398
1.349
1.363
1.420
1.420
1.291
1.302
1.301
1.981
1.986
2.005
1.511
1.513
1.571
1.646
1.669
1.692
0.881
1.059
0.940
1.706
1.729
1.726
0.657
0.679
0.703
1.806
1.783
1.878
1.172
1.161
1.208
0.862
0.855
0.830
1.581
1.587
1.622
1.078
1.104
1.107
1.185
1.212
1.204
2.465
2.431
2.519
1.204
1.212
1.247
1.167
1.241
1.198
0.920
0.930
0.961
0.877
0.986
1.008
1.308
1.330
1.344
1.008
1.023
1.006
0.661
0.779
0.758
1.770
1.879
1.820
3.225
3.241
3.227
0.168
0.295
0.316
0.606
1.073
0.891
1.653
1.643
1.582
1.877
1.920
1.918
1.314
1.336
1.321
1.581
2.129
1.588
1.834
2.059
1.834
1.321
1.360
1.408
0.252
0.284
0.300
1.945
2.046
2.057
1.402
1.485
1.439
0.597
0.669
0.705
0.635
0.673
0.643
2.675
2.699
2.699
1.642
1.705
1.812
0.810
0.907
1.140
0.859
0.843
0.747
1.774
1.903
1.864
1.018
1.057
1.077
0.596
0.773
0.872
0.887
0.977
1.008
0.999
1.007
1.037
0.651
0.736
0.762
0.840
0.844
0.858
0.888
0.935
0.970
1.720
1.814
1.730
2.889
2.880
2.908
1.635
1.970
2.057
1.177
1.219
1.227
1.414
1.410
1.453
1.256
1.293
1.357
0.946
0.983
0.969
1.124
1.146
1.143
1.701
1.710
1.721
1.099
1.308
1.347
2.095
2.127
2.133
1.388
1.397
1.406
0.327
0.381
0.429
2.385
2.416
2.421
1.349
1.366
1.364
1.857
1.870
1.991
1.077
1.147
1.135
0.910
0.987
1.050
1.086
1.121
1.115
0.972
1.018
1.004
1.697
1.779
1.782
1.968
1.971
2.007
1.480
1.533
1.505
0.710
0.761
0.753
0.819
0.850
0.896
0.412
0.483
0.521
0.488
0.560
0.533
0.976
1.057
1.015
1.927
1.920
1.989
1.431
1.480
1.504
0.657
0.702
0.702
0.345
0.373
0.379
1.231
1.365
1.353
1.302
1.490
1.478
1.453
1.548
1.505
1.213
1.230
1.248
1.153
1.198
1.219
0.807
0.867
0.895
1.092
1.144
1.149
0.976
1.020
1.024
1.334
1.327
1.360
0.689
0.662
0.678
1.700
1.738
1.723
1.919
1.933
1.941
1.738
1.833
1.879
0.972
1.023
1.046
1.452
1.468
1.518
0.684
0.705
0.755
0.794
0.941
0.857
0.794
0.905
1.050
2.826
2.962
2.950
0.808
0.869
0.859
1.123
1.186
1.181
0.777
0.836
0.819
1.775
1.786
1.853
1.261
1.224
1.239
0.741
0.722
0.766
0.862
0.815
0.874
0.736
0.737
0.762
0.740
0.850
0.782
0.532
0.536
0.596
1.111
1.140
1.161
3.294
3.278
3.290
1.795
1.844
1.812
2.065
2.109
2.122
0.915
1.000
1.038
1.118
1.136
1.137
1.610
1.607
1.603
1.967
2.114
1.976
1.894
1.946
1.842
0.803
0.884
0.903
1.215
1.305
1.243
1.960
1.999
2.009
0.416
0.496
0.917
1.096
1.093
1.103
2.659
2.765
2.601
0.878
0.914
0.896
1.171
1.162
1.195
0.976
1.046
1.482
3.149
3.171
3.178
1.257
1.321
1.405
1.887
1.882
1.909
0.732
0.734
0.748
0.497
0.521
0.530
1.232
1.255
1.271
3.662
3.683
3.685
1.358
1.360
1.357
1.937
1.955
1.953
0.417
0.418
0.432
0.226
0.301
0.292
2.353
2.516
2.625
0.698
0.764
0.817
1.158
1.213
1.202
1.571
1.648
1.658
1.101
1.119
1.129
0.988
1.009
1.036
1.456
1.452
1.494
2.563
2.544
2.580
1.880
1.924
1.921
1.049
1.068
1.071
0.838
0.864
0.863
1.639
1.791
1.607
1.639
1.775
1.607
1.639
1.754
1.607
1.218
1.217
1.224
1.732
1.754
1.799
1.529
1.554
1.519
0.846
0.857
0.866
0.349
0.502
0.475
1.285
1.321
1.319
1.780
1.781
1.816
0.624
0.643
0.685
0.724
0.837
0.765
1.092
1.140
1.110
0.958
0.957
0.994
0.836
0.939
0.982
1.242
1.488
1.489
1.062
1.107
1.102
1.133
1.170
1.221
0.931
0.974
1.096
1.015
1.066
1.095
1.926
1.966
1.912
1.949
1.894
1.932
1.410
1.450
1.391
2.389
2.493
2.480
1.270
1.295
1.307
1.760
1.715
1.743
1.974
1.966
2.014
1.974
1.966
2.014
1.002
1.130
1.047
1.062
1.048
1.042
0.815
0.931
0.886
0.815
0.963
0.886
1.687
1.820
1.805
0.887
0.918
0.973
1.305
1.312
1.335
2.506
2.511
2.515
0.387
0.387
0.407
1.062
1.142
1.143
1.271
1.310
1.344
1.145
1.172
1.124
2.565
2.582
2.572
1.382
1.366
1.420
2.711
2.846
2.742
2.017
2.046
2.030
1.657
1.706
1.644
1.771
1.804
1.798
1.177
1.202
1.186
0.722
0.817
0.775
1.086
1.110
1.093
1.101
1.128
1.142
1.066
1.100
1.131
1.235
1.238
1.249
1.286
1.384
1.417
0.876
0.917
0.932
1.074
1.118
1.095
1.528
1.533
1.548
0.627
0.686
0.722
1.016
1.066
1.075
1.800
1.788
1.812
0.492
0.542
0.624
0.752
0.759
0.761
0.860
0.901
0.911
0.498
0.548
0.567
0.852
1.036
1.187
0.329
0.350
0.363
1.519
1.479
1.510
2.068
2.083
2.085
0.817
0.832
0.792
1.953
2.003
2.017
1.642
1.638
1.623
0.904
1.017
1.070
0.771
0.781
0.774
1.274
1.333
1.360
2.001
1.961
1.991
1.149
1.132
1.144
0.408
0.404
0.397
0.745
0.886
0.790
1.394
1.438
1.411
1.120
1.146
1.164
1.176
1.244
1.220
0.937
0.994
1.002
1.485
1.595
1.607
2.732
2.756
2.783
1.483
1.494
1.507
1.002
1.073
1.084
0.975
1.004
1.012
2.252
2.293
2.308
1.599
1.647
1.649
1.756
1.709
1.781
2.601
2.626
2.655
1.685
1.848
1.790
1.629
1.672
1.775
1.538
1.546
1.550
1.393
1.355
1.371
1.427
1.421
1.495
0.913
0.974
1.018
0.815
0.843
0.865
1.131
1.202
1.170
0.677
0.685
0.663
1.322
1.321
1.256
1.897
2.020
1.973
3.511
3.511
3.573
1.161
1.219
1.168
1.011
0.993
1.024
1.214
1.228
1.240
0.862
0.890
0.882
0.837
0.990
0.970
0.377
0.529
0.530
0.803
0.806
0.858
0.927
0.985
0.968
1.005
1.050
1.051
2.929
2.942
2.978
2.943
2.964
2.990
1.922
1.844
1.885
1.525
1.634
1.632
1.472
1.516
1.502
1.267
1.294
1.288
1.238
1.229
1.287
3.334
3.368
3.350
1.415
1.472
1.401
1.478
1.528
1.464
1.208
1.236
1.256
1.497
1.565
1.554
1.984
2.009
1.986
1.506
1.508
1.505
1.572
1.534
1.527
1.699
1.714
1.715
0.679
0.734
0.749
1.346
1.394
1.374
1.105
1.128
1.088
1.050
1.070
1.077
1.582
1.632
1.591
1.521
1.485
1.491
1.629
1.632
1.651
1.014
1.012
1.051
1.970
1.934
1.923
0.887
0.926
0.905
1.423
1.443
1.444
1.423
1.443
1.444
1.382
1.411
1.417
1.714
1.857
1.814
2.249
2.249
2.337
0.564
0.601
0.593
1.436
1.488
1.478
1.627
1.700
1.696
0.564
0.757
0.689
1.322
1.332
1.318
2.517
2.548
2.536
1.436
1.550
1.536
1.598
1.615
1.656
0.812
0.829
0.834
0.911
1.118
1.047
0.891
0.938
0.961
1.822
1.800
1.832
1.125
1.157
1.142
1.022
1.069
1.088
1.300
1.301
1.298
1.300
1.407
1.374
1.237
1.208
1.266
0.835
0.914
0.913
1.162
1.319
1.294
1.511
1.522
1.532
1.856
1.895
1.957
2.055
2.073
2.092
1.083
1.115
1.136
1.522
1.774
1.731
0.867
0.898
0.898
1.512
1.520
1.515
0.609
0.599
0.669
1.015
0.977
1.003
1.303
1.296
1.339
2.257
2.690
2.706
2.165
2.189
2.184
2.851
2.876
2.942
1.138
1.140
1.161
0.810
0.708
0.810
1.106
1.100
1.128
0.661
0.673
0.716
0.611
0.819
0.709
1.676
1.709
1.708
1.184
1.161
1.191
1.782
1.811
1.824
1.708
1.760
1.753
1.709
1.693
1.665
0.381
0.414
0.479
0.918
0.942
0.959
2.323
2.355
2.325
0.700
0.757
0.780
1.216
1.231
1.286
1.421
1.436
1.472
1.620
1.676
1.718
0.959
0.998
1.043
1.765
1.852
1.873
1.204
1.229
1.202
0.999
1.046
1.067
1.108
1.143
1.208
2.164
2.213
2.229
1.444
1.490
1.478
1.517
1.587
1.599
1.944
1.974
1.989
2.583
2.634
2.618
1.078
1.091
1.110
3.775
3.766
3.826
2.089
2.174
2.151
1.279
1.306
1.322
0.579
0.734
0.767
0.859
0.894
0.910
2.725
2.740
2.756
0.796
0.902
0.864
0.761
0.770
0.815
0.608
0.614
0.689
2.169
2.151
2.209
0.773
0.742
0.772
0.522
0.585
0.590
0.931
1.175
1.258
1.593
1.605
1.611
0.530
0.560
0.541
1.450
1.487
1.496
1.668
1.714
1.750
1.340
1.386
1.384
1.598
1.649
1.593
0.921
1.058
1.030
1.257
1.312
1.286
2.500
2.532
2.503
1.976
1.989
1.989
1.730
1.755
1.811
2.455
2.499
2.497
0.743
1.000
0.863
0.504
0.536
0.547
0.532
0.595
0.618
1.675
1.750
1.801
1.129
1.098
1.158
0.748
0.794
0.808
1.407
1.448
1.435
1.542
1.507
1.557
1.502
1.513
1.515
0.216
0.209
0.250
2.119
2.126
2.139
1.195
1.283
1.340
1.021
1.013
1.009
2.323
2.331
2.306
2.622
2.704
2.663
1.861
1.903
1.870
0.852
0.876
0.908
1.080
1.130
1.087
1.551
1.571
1.583
1.532
1.554
1.701
2.203
2.208
2.226
1.125
1.122
1.104
3.085
3.204
3.219
1.242
1.345
1.350
1.767
1.734
1.811
1.726
2.177
2.156
0.678
0.695
0.734
2.133
2.136
2.169
0.962
0.951
0.957
1.536
1.504
1.529
0.317
0.346
0.349
0.998
1.001
1.004
1.403
1.404
1.430
0.888
1.008
0.893
0.835
0.916
0.902
0.729
0.753
0.730
1.488
1.499
1.538
1.354
1.374
1.370
1.595
1.618
1.638
2.322
2.342
2.355
1.207
1.182
1.207
1.895
1.948
1.952
1.668
1.724
1.738
1.490
1.510
1.524
1.481
1.504
1.503
1.585
1.586
1.604
0.596
0.631
0.691
0.305
0.516
0.582
1.544
1.558
1.583
0.621
0.641
0.685
0.759
0.803
0.818
0.389
0.357
0.400
0.702
0.758
0.766
2.402
2.418
2.481
0.785
0.822
0.850
1.394
1.426
1.404
0.487
0.564
0.596
1.035
1.162
1.168
1.028
1.061
1.094
3.300
3.388
3.394
2.154
2.139
2.174
0.708
0.747
0.765
1.316
1.436
1.377
1.302
1.353
1.341
4.331
4.324
4.330
1.100
1.135
1.137
2.413
2.532
2.477
1.088
1.142
1.107
0.944
0.945
0.969
1.510
1.534
1.530
0.899
0.941
0.975
1.589
1.612
1.618
2.328
2.342
2.369
2.574
2.553
2.619
0.471
0.496
0.537
0.869
0.897
0.962
1.288
1.305
1.314
1.173
1.219
1.175
1.850
2.055
1.793
2.251
2.481
2.342
1.192
1.377
1.355
1.816
1.829
1.857
1.487
1.524
1.506
1.993
2.002
2.007
1.950
1.954
2.034
2.727
2.735
2.756
1.622
1.622
1.620
2.843
2.991
2.948
1.963
1.999
2.024
0.968
0.960
0.971
0.569
0.540
0.541
1.673
1.704
1.740
0.294
0.372
0.389
1.980
1.899
1.898
1.730
1.756
1.809
1.672
1.701
1.755
0.638
0.662
0.709
2.204
2.222
2.199
1.134
1.161
1.177
1.892
1.957
1.934
1.252
1.249
1.276
0.480
0.514
0.531
1.978
1.983
1.988
0.609
0.662
0.629
0.805
0.806
0.816
1.800
1.780
1.859
1.255
1.271
1.298
0.590
0.649
0.671
0.861
0.874
0.817
1.581
1.781
1.644
0.946
0.986
0.987
0.533
0.595
0.599
1.580
1.595
1.600
1.684
1.694
1.771
1.288
1.288
1.272
1.291
1.518
1.733
1.155
1.283
1.255
1.163
1.271
1.252
2.236
2.244
2.255
0.955
0.952
0.913
0.650
0.681
0.603
1.467
1.495
1.494
1.497
1.547
1.514
1.386
1.404
1.392
0.737
0.762
0.719
1.123
1.191
1.150
0.364
0.406
0.374
1.597
1.658
1.705
1.951
1.951
1.936
0.723
0.821
0.834
1.293
1.300
1.357
1.951
1.951
1.936
1.395
1.414
1.436
0.951
0.953
0.975
1.418
1.433
1.426
0.626
0.644
0.645
0.862
0.892
0.937
0.902
0.967
1.031
2.643
2.681
2.693
1.425
1.424
1.449
1.698
1.731
1.714
0.457
0.507
0.505
0.489
0.681
0.768
1.513
1.533
1.541
1.315
1.339
1.377
1.181
1.212
1.199
0.585
0.573
0.620
0.277
0.344
0.305
0.834
0.942
0.941
1.803
2.006
2.048
0.899
0.973
0.974
1.087
1.079
1.107
1.898
2.019
2.029
0.676
0.688
0.683
0.976
1.076
1.058
0.759
0.783
0.787
1.226
1.230
1.236
0.913
1.005
1.209
0.592
0.617
0.645
1.071
1.129
1.176
1.169
1.263
1.307
2.020
2.023
2.024
1.258
1.275
1.280
0.971
0.947
0.956
2.099
2.300
2.220
1.300
1.360
1.362
1.194
1.208
1.194
0.952
1.001
0.999
2.052
2.063
2.056
0.449
0.501
0.515
1.123
1.150
1.113
0.980
1.123
1.207
1.004
1.014
1.000
1.885
1.919
1.932
0.988
1.032
1.031
1.215
1.209
1.238
1.060
1.080
1.070
1.022
1.032
1.069
1.340
1.406
1.385
0.902
0.892
0.926
1.207
1.277
1.277
2.065
2.054
2.056
0.782
0.742
0.769
0.805
0.815
0.822
1.378
1.412
1.377
1.334
1.364
1.361
0.934
0.950
0.932
1.470
1.635
1.604
0.547
0.585
0.599
2.024
2.075
2.085
1.678
1.770
1.849
2.633
2.665
2.660
1.961
2.170
2.155
1.547
1.585
1.645
1.131
1.218
1.236
0.836
0.849
0.877
0.602
0.645
0.682
1.195
1.188
1.237
0.945
0.954
0.971
1.012
1.126
1.125
0.638
0.649
0.622
1.762
1.792
1.757
2.396
2.428
2.474
2.606
2.610
2.606
1.411
1.527
1.601
0.791
1.046
1.005
2.416
2.431
2.497
1.916
1.899
1.905
0.969
1.020
1.007
1.032
1.114
1.147
2.741
2.775
2.771
1.117
1.089
1.156
0.966
0.972
1.048
0.665
0.793
0.744
0.825
0.915
0.846
0.946
0.993
1.006
2.790
2.844
2.959
0.309
0.383
0.432
1.320
1.396
1.319
0.887
0.875
0.925
2.125
2.135
2.118
1.134
1.160
1.164
1.182
1.277
1.314
0.286
0.375
0.414
0.659
0.653
0.725
0.769
0.790
0.782
1.034
1.078
1.085
1.353
1.416
1.422
1.873
1.939
1.883
1.607
1.965
1.808
1.651
1.660
1.692
0.677
0.675
0.717
0.736
0.726
0.730
0.742
0.946
0.885
2.324
2.326
2.388
0.534
0.568
0.613
1.174
1.205
1.225
1.635
1.637
1.611
0.897
0.910
0.930
1.348
1.335
1.345
0.803
0.859
0.875
1.797
1.865
1.849
0.596
0.612
0.631
0.816
0.847
0.841
0.841
0.863
0.875
1.266
1.306
1.371
1.443
1.520
1.540
1.443
1.686
1.681
0.980
0.955
0.982
1.401
1.516
1.462
0.889
0.916
0.931
0.762
0.946
0.924
1.662
1.707
1.709
1.569
1.588
1.587
1.583
1.620
1.599
0.650
0.702
0.691
0.632
0.635
0.643
1.665
1.666
1.663
1.989
1.965
2.016
2.017
2.064
2.065
1.174
1.253
1.221
1.363
1.387
1.404
1.404
1.403
1.496
1.740
1.803
1.802
0.659
0.671
0.571
1.295
1.306
1.329
1.405
1.418
1.405
0.511
0.575
0.619
0.518
0.624
0.637
1.733
1.732
1.737
3.463
3.517
3.523
2.441
2.533
2.496
1.623
1.664
1.676
0.755
0.782
0.810
1.049
1.095
1.081
1.744
1.752
1.747
2.633
2.639
2.625
0.832
0.854
0.858
1.392
1.379
1.418
2.320
2.311
2.367
2.162
2.214
2.239
0.621
0.605
0.606
2.348
2.360
2.349
1.407
1.473
1.475
0.811
0.850
0.829
0.479
0.495
0.469
2.082
2.118
2.145
0.553
0.571
0.635
1.447
1.480
1.497
0.673
0.798
0.762
1.822
1.806
1.849
1.986
1.957
2.239
1.921
2.026
1.966
1.183
1.216
1.218
0.638
0.715
0.701
0.676
0.699
0.716
0.904
0.934
1.032
1.250
1.272
1.322
2.359
2.348
2.346
1.926
1.906
1.965
0.941
0.935
0.935
1.500
1.594
1.594
2.296
2.280
2.317
2.255
2.281
2.315
1.743
1.762
1.798
2.191
2.438
2.312
2.074
2.392
2.354
2.041
2.061
2.058
2.081
2.153
2.129
1.122
1.363
1.446
1.457
1.455
1.470
1.353
1.485
1.440
2.074
2.134
2.174
2.196
2.222
2.217
1.517
1.592
1.557
1.612
1.672
1.644
1.612
1.657
1.666
1.624
1.616
1.620
1.912
2.062
2.003
2.468
2.483
2.487
1.372
1.367
1.389
2.442
2.423
2.457
2.072
2.070
2.069
1.269
1.390
1.406
2.050
2.096
2.152
1.236
1.213
1.251
0.390
0.436
0.434
2.024
2.030
2.226
1.384
1.472
1.668
1.772
1.802
1.803
1.533
1.551
1.572
0.599
0.625
0.643
1.587
1.616
1.622
2.069
2.106
2.135
1.251
1.256
1.278
1.438
1.468
1.513
2.833
2.836
2.848
2.099
2.294
2.210
2.260
2.294
2.322
1.136
1.359
1.406
1.964
2.001
1.987
0.450
0.465
0.493
1.155
1.157
1.207
1.030
1.074
1.073
1.972
1.983
1.976
1.865
1.914
1.932
1.463
1.544
1.584
1.398
1.456
1.426
1.731
1.804
1.866
1.423
1.420
1.428
1.228
1.256
1.239
0.985
1.026
1.078
1.055
1.055
1.071
0.541
0.599
0.611
0.861
0.863
0.859
0.512
0.527
0.573
1.409
1.436
1.393
1.900
1.916
1.907
2.062
2.084
2.150
1.175
1.183
1.190
0.572
0.596
0.653
1.734
1.726
1.751
1.836
1.843
1.818
0.931
0.882
0.923
0.825
0.890
0.894
1.519
1.634
1.634
2.056
2.120
2.150
1.317
1.347
1.351
1.071
1.120
1.150
1.386
1.404
1.414
1.856
1.883
1.892
2.836
2.856
2.857
0.883
0.912
0.904
2.321
2.373
2.395
1.869
1.982
1.940
1.468
1.521
1.491
1.045
0.971
1.022
1.696
1.692
1.645
1.093
1.133
1.131
1.277
1.264
1.319
1.924
1.939
1.996
1.572
1.635
1.605
2.813
2.820
2.604
0.892
0.896
0.908
1.570
1.579
1.596
1.263
1.278
1.307
1.036
1.017
1.065
1.251
1.274
1.294
1.708
1.712
1.713
0.271
0.372
0.347
1.899
1.927
1.932
1.597
1.593
1.598
2.156
2.212
2.232
1.954
1.968
1.960
0.964
0.958
0.976
0.852
0.984
0.905
0.423
0.430
0.400
0.920
0.931
0.976
1.644
1.685
1.678
1.570
1.571
1.590
1.202
1.212
1.187
1.318
1.334
1.347
0.949
1.046
1.065
0.514
0.537
0.522
2.466
2.532
2.503
0.698
0.731
0.769
0.760
0.754
0.777
0.698
0.787
0.774
0.829
0.857
0.990
0.437
0.456
0.499
1.391
1.371
1.388
1.539
1.559
1.553
0.669
0.705
0.794
1.215
1.227
1.255
1.822
1.818
1.848
1.273
1.372
1.379
1.172
1.196
1.228
0.666
0.711
0.725
0.699
0.838
0.791
0.770
0.828
0.852
1.643
1.653
1.664
0.843
0.868
0.910
2.009
2.034
2.029
0.711
0.933
0.790
1.372
1.394
1.387
0.894
0.968
0.987
0.383
0.463
0.472
2.322
2.315
2.324
1.240
1.224
1.267
1.606
1.673
1.646
1.235
1.262
1.257
1.137
1.186
1.217
1.810
1.858
1.880
0.580
0.636
0.624
0.960
1.182
1.072
2.866
2.857
2.847
1.337
1.450
1.434
0.810
0.812
0.803
0.909
1.015
1.038
2.583
2.614
2.563
1.016
1.489
1.556
1.002
1.020
1.060
0.967
0.993
1.012
2.114
2.237
2.184
2.057
2.062
2.067
0.412
0.468
0.481
1.925
1.989
1.941
1.090
1.109
1.099
1.004
1.056
1.075
0.233
0.312
0.356
0.662
0.726
0.729
0.353
0.329
0.355
0.874
0.853
0.852
0.815
0.867
0.917
0.820
0.809
0.811
1.464
1.580
1.447
1.354
1.362
1.346
0.806
0.831
0.864
0.921
1.025
0.964
0.616
0.632
0.629
1.047
1.061
1.070
0.872
0.892
0.892
1.481
1.477
1.478
0.950
0.979
0.984
0.922
0.906
0.920
2.221
2.257
2.266
0.586
0.621
0.612
1.104
1.154
1.168
1.440
1.453
1.473
1.083
1.087
1.094
0.814
0.828
0.807
1.137
1.126
1.133
0.868
0.934
0.906
2.301
2.304
2.219
1.337
1.403
1.393
2.768
3.031
2.766
1.572
1.582
1.634
1.897
2.007
2.141
2.169
2.160
2.168
1.168
1.162
1.138
1.267
1.301
1.302
1.650
1.678
1.662
0.338
0.398
0.360
0.505
0.520
0.522
1.652
1.734
1.795
1.371
1.571
1.502
1.369
1.386
1.378
0.669
0.778
0.772
0.847
0.878
0.862
2.691
2.742
2.740
0.912
0.890
0.961
1.045
1.064
1.104
0.724
0.931
0.927
1.270
1.296
1.269
0.859
0.883
0.900
1.604
1.607
1.616
1.908
2.084
1.983
0.838
0.905
0.903
1.307
1.339
1.585
1.724
1.735
1.754
1.022
1.079
1.068
1.841
1.842
1.867
0.876
0.919
0.917
1.557
1.575
1.601
1.777
1.783
1.798
1.738
1.759
1.787
1.692
1.864
1.992
2.007
2.049
2.048
1.443
1.485
1.500
0.944
1.288
1.091
1.390
1.471
1.443
0.972
0.999
1.044
2.001
1.992
2.023
1.487
1.554
1.583
2.022
2.061
2.145
1.313
1.369
1.369
0.267
0.319
0.329
0.796
0.801
0.797
1.292
1.329
1.325
1.464
1.564
1.493
1.549
1.737
1.718
1.323
1.893
1.941
1.370
1.433
1.384
0.793
1.101
0.922
0.806
0.816
0.857
0.785
0.886
0.883
1.732
1.782
1.768
1.047
1.078
1.091
1.032
1.030
1.033
0.852
0.874
0.879
0.835
0.884
0.853
0.870
0.891
0.933
2.110
2.096
2.114
1.597
1.624
1.640
1.256
1.285
1.278
0.851
0.930
0.923
0.578
0.654
0.640
0.524
0.562
0.569
1.808
1.813
1.820
1.076
1.091
1.083
0.723
0.795
0.818
0.433
0.429
0.458
1.010
1.055
1.071
0.683
0.707
0.736
0.353
0.706
0.941
0.751
0.752
0.737
1.322
1.326
1.355
2.731
2.838
2.996
2.205
2.303
2.282
1.080
1.105
1.113
1.932
1.980
1.987
2.338
2.405
2.353
1.044
1.072
1.103
1.044
1.172
1.184
1.632
1.645
1.726
0.719
0.782
0.853
2.909
2.905
2.947
1.735
1.759
1.789
1.158
1.229
1.231
0.922
0.905
0.973
1.356
1.374
1.393
1.298
1.342
1.349
2.130
2.200
2.128
1.048
1.066
1.040
4.258
4.309
4.337
1.196
1.194
1.206
1.067
1.114
1.105
1.669
1.712
1.703
1.036
1.028
1.047
1.320
1.342
1.381
2.029
2.009
2.068
1.869
1.881
1.914
0.223
0.259
0.270
2.643
2.715
2.694
1.119
1.152
1.187
2.246
2.262
2.263
1.661
1.682
2.127
1.991
1.999
2.000
0.589
0.618
0.642
1.539
1.587
1.551
1.192
1.204
1.188
1.565
1.572
1.551
3.637
3.669
3.718
0.412
0.434
0.431
1.042
1.145
1.162
1.385
1.415
1.429
1.396
1.441
1.437
1.319
1.301
1.329
1.326
1.331
1.369
2.956
2.985
2.954
1.308
1.276
1.459
1.199
1.352
1.389
1.536
1.585
1.604
0.512
0.549
0.547
1.716
1.718
1.723
2.541
2.531
2.527
1.189
1.246
1.215
0.985
1.037
1.033
1.879
1.899
1.890
1.216
1.263
1.289
1.601
1.630
1.527
1.698
1.721
1.732
1.456
1.479
1.517
1.456
1.446
1.463
0.899
0.906
0.903
1.918
1.947
1.995
0.583
0.642
0.633
1.462
1.528
1.554
0.674
0.673
0.678
1.333
1.336
1.343
1.001
1.034
1.015
0.684
0.700
0.712
0.684
0.700
0.712
0.894
0.956
0.967
2.183
2.176
2.179
1.969
1.981
2.015
1.533
1.607
1.595
1.424
1.542
1.482
0.733
0.792
1.014
1.667
1.705
1.670
1.916
1.939
1.962
0.847
0.873
0.890
1.326
1.343
1.357
2.289
2.321
2.369
1.991
2.197
2.156
1.361
1.371
1.419
0.726
0.746
0.743
1.015
1.086
1.042
2.235
2.228
2.238
2.572
2.653
2.600
1.112
1.157
1.167
0.911
0.901
0.888
1.035
1.070
1.068
0.844
0.840
0.881
1.191
1.281
1.232
0.696
0.721
0.742
1.151
1.110
1.120
1.580
1.541
1.577
0.752
0.914
0.927
0.764
0.835
0.838
0.758
0.812
0.775
0.697
0.748
0.767
1.792
1.961
1.908
1.607
1.588
1.583
1.018
1.035
0.995
0.561
0.575
0.632
1.016
0.997
1.007
1.857
1.913
1.929
1.367
1.372
1.375
2.931
3.024
2.958
1.868
1.938
1.944
1.777
1.751
1.778
1.204
1.230
1.241
2.206
2.286
2.300
1.460
1.479
1.505
0.820
0.848
0.845
1.687
1.720
1.725
0.672
0.687
0.695
1.987
1.917
1.974
1.041
1.093
1.084
0.954
0.964
0.962
1.048
1.070
1.064
1.748
1.779
1.780
2.693
2.747
2.731
1.714
1.742
1.708
1.567
1.646
1.686
1.531
1.577
1.570
2.921
2.913
2.901
0.818
0.924
0.899
0.467
0.544
0.546
3.460
3.641
3.772
0.268
0.296
0.343
1.430
1.462
1.461
0.665
0.677
0.626
1.680
1.686
1.681
1.959
2.045
1.930
1.296
1.340
1.322
0.773
0.810
0.858
1.379
1.377
1.391
1.028
1.056
1.065
1.199
1.281
1.253
2.048
2.033
2.026
1.130
1.154
1.158
0.672
0.726
0.735
0.795
0.820
0.913
0.362
0.437
0.419
0.679
0.687
0.642
0.561
0.587
0.592
1.700
1.719
1.744
3.385
3.430
3.398
1.184
1.235
1.173
1.350
1.345
1.350
0.577
0.637
0.738
1.151
1.170
1.179
1.039
1.175
1.047
0.772
0.738
1.137
2.292
2.320
2.304
3.109
3.065
3.106
0.955
0.978
1.049
1.523
1.534
1.534
0.968
0.970
0.985
2.752
2.724
2.699
1.824
1.934
1.924
0.928
0.949
1.012
0.707
0.707
0.768
0.726
0.802
0.793
1.080
1.060
1.113
1.900
1.943
1.924
1.875
1.884
1.947
1.412
1.543
1.571
1.124
1.140
1.147
1.124
1.140
1.147
2.966
2.978
2.978
0.409
0.436
0.476
2.380
2.407
2.406
0.621
0.667
0.653
1.240
1.238
1.241
1.581
1.580
1.566
1.431
1.436
1.390
1.446
1.507
1.518
0.690
0.729
0.770
2.423
2.479
2.517
1.959
1.968
1.983
1.323
1.350
1.361
0.949
0.994
1.024
2.750
2.757
2.768
3.412
3.386
3.412
0.621
0.667
0.653
0.599
0.693
0.654
1.863
1.893
1.891
2.084
2.104
2.107
1.720
1.708
1.729
1.185
1.202
1.222
1.949
1.951
1.992
0.961
0.995
1.018
1.507
1.570
1.571
1.774
1.868
1.821
1.234
1.278
1.331
0.610
0.654
0.648
1.701
1.726
1.766
1.637
1.735
1.676
3.179
3.193
3.208
0.879
0.928
0.914
1.671
1.672
1.699
1.003
1.028
1.103
1.339
1.332
1.340
2.172
2.216
2.163
1.938
1.995
1.987
0.754
0.791
0.861
1.017
1.082
1.097
1.714
1.731
1.732
0.660
0.647
0.685
2.027
2.031
2.066
1.534
1.547
1.535
2.063
2.076
2.093
2.031
2.043
2.059
1.347
1.427
1.424
1.082
1.102
1.101
1.342
1.329
1.356
2.006
2.080
2.022
1.132
1.188
1.226
1.414
1.424
1.451
0.919
0.967
0.974
2.005
2.007
2.022
1.940
1.965
1.977
1.487
1.536
1.653
1.217
1.245
1.277
0.743
0.749
0.710
1.142
1.125
1.175
1.569
1.608
1.609
1.252
1.294
1.281
1.396
1.396
1.425
1.000
0.940
1.013
0.715
0.753
0.766
0.507
0.511
0.492
0.522
0.552
0.719
1.207
1.227
1.215
1.676
1.711
1.712
0.518
0.606
0.504
1.797
1.838
1.869
2.109
2.162
2.192
2.618
2.629
2.728
2.501
2.549
2.588
1.161
1.198
1.180
1.982
1.995
2.000
1.127
1.199
1.214
1.112
1.119
1.116
0.496
0.656
0.576
1.390
1.353
1.443
0.971
1.232
1.175
1.248
1.252
1.235
1.545
1.606
1.554
1.887
1.947
1.901
0.748
0.813
0.823
1.587
1.708
1.602
1.477
1.484
1.452
1.636
1.656
1.674
1.800
1.870
1.847
1.432
1.475
1.484
1.620
1.634
1.629
1.430
1.471
1.499
0.966
0.934
1.005
0.360
0.432
0.430
1.304
1.363
1.337
1.353
1.353
1.390
0.700
0.725
0.723
0.659
0.803
0.710
1.407
1.377
1.485
1.177
1.208
1.211
2.548
2.522
2.579
1.012
1.114
1.125
2.979
3.050
3.054
1.311
1.327
1.336
1.442
1.655
1.472
2.386
2.966
2.676
0.619
0.673
0.688
1.272
1.353
1.349
1.934
1.928
1.931
2.518
2.548
2.714
2.587
2.594
2.585
1.007
1.134
1.012
1.092
1.120
1.149
1.377
1.399
1.415
0.833
0.836
0.900
0.773
0.789
0.832
1.365
1.392
1.385
2.034
1.828
1.830
1.329
1.385
1.453
0.533
0.559
0.578
0.947
0.971
0.981
0.712
0.895
0.860
1.652
1.662
1.675
2.314
2.377
2.355
2.288
2.454
2.515
0.625
0.638
0.634
1.542
1.657
1.561
2.217
2.359
2.344
0.858
0.850
0.874
2.908
2.936
2.918
1.505
1.631
1.495
0.852
0.925
0.893
1.115
1.104
1.091
1.074
1.148
1.164
1.247
1.245
1.248
0.783
0.812
0.817
2.971
2.967
2.954
1.615
1.626
1.594
1.981
1.989
1.996
1.547
1.766
1.722
0.739
0.746
0.739
1.399
1.405
1.435
0.601
0.618
0.634
0.915
0.974
0.953
0.954
0.953
0.955
0.345
0.514
0.446
0.684
0.720
0.771
2.255
2.226
2.294
1.232
1.271
1.267
1.557
1.592
1.595
0.857
0.912
0.890
0.956
0.941
0.978
1.519
1.529
1.558
1.503
1.483
1.374
1.554
1.609
1.631
0.980
1.087
1.116
0.464
0.468
0.512
1.069
1.123
1.107
0.320
0.390
0.393
1.245
1.279
1.288
1.108
1.162
1.125
0.635
0.723
0.724
2.173
2.152
2.224
1.020
1.024
1.026
2.061
2.072
2.063
1.291
1.320
1.343
1.540
1.559
1.554
1.329
1.342
1.330
1.851
1.768
1.831
1.695
1.721
1.717
0.729
0.736
0.749
1.041
1.191
1.154
1.041
1.191
1.154
1.751
1.771
1.776
0.501
0.530
0.565
1.323
1.309
1.382
0.450
0.460
0.482
0.799
0.863
0.850
1.354
1.434
1.347
0.347
0.327
0.364
1.637
1.604
1.632
1.163
1.230
1.162
1.182
1.224
1.210
1.467
1.486
1.514
1.580
1.617
1.672
1.105
1.120
1.128
0.655
0.707
0.701
0.563
0.564
0.562
0.926
0.977
1.002
1.772
1.769
1.733
1.508
1.533
1.498
1.048
1.101
1.085
0.477
0.521
0.519
1.308
1.347
1.341
1.669
1.657
1.630
1.924
1.928
1.939
1.521
1.660
1.616
1.589
1.595
1.623
1.140
1.139
1.195
0.859
0.898
0.970
1.124
1.164
1.160
1.251
1.388
1.358
1.086
1.129
1.102
1.852
1.938
1.936
2.062
2.084
2.126
1.212
1.225
1.243
0.387
0.424
0.468
0.389
0.423
0.470
0.839
0.886
0.894
0.839
0.886
0.894
2.386
2.453
2.463
2.171
2.257
2.309
1.711
1.910
1.778
1.769
1.845
1.846
0.954
1.041
1.048
0.864
0.869
0.886
1.727
1.690
1.745
0.913
0.932
0.939
0.932
1.068
1.074
1.354
1.369
1.411
1.173
1.204
1.222
1.809
2.021
2.010
0.476
0.537
0.590
1.375
1.356
1.360
1.075
1.097
1.101
1.248
1.296
1.253
1.130
1.123
1.163
1.123
1.182
1.213
1.391
1.506
1.486
1.235
1.275
1.257
0.529
0.600
0.635
1.646
1.640
1.718
0.875
0.901
0.934
0.806
0.846
0.904
1.396
1.445
1.451
1.508
1.534
1.504
1.699
1.746
1.752
0.748
0.752
0.768
0.946
1.037
0.969
1.220
1.267
1.280
0.709
0.770
0.788
0.752
0.746
0.788
1.096
1.125
1.125
0.560
0.602
0.594
1.882
1.933
1.938
0.905
0.908
0.913
1.153
1.163
1.166
0.775
0.890
0.852
0.415
0.428
0.441
1.365
1.396
1.393
1.240
1.285
1.255
0.920
0.981
0.973
0.687
0.700
0.708
1.304
1.331
1.315
0.320
0.331
0.336
0.689
0.714
0.707
2.293
2.316
2.336
1.883
1.973
1.949
1.459
1.536
1.524
2.094
2.099
2.119
1.490
1.481
1.531
0.641
0.669
0.683
1.756
1.805
1.784
0.456
0.602
0.582
2.373
2.394
2.406
0.998
1.017
1.047
1.103
1.108
1.101
1.143
1.195
1.208
0.962
1.318
1.060
1.908
1.913
1.916
2.036
2.069
2.050
0.801
0.806
0.819
1.393
1.444
1.447
1.161
1.205
1.180
1.505
1.492
1.533
2.611
2.716
2.615
0.482
0.479
0.524
1.852
1.808
1.758
2.198
2.275
2.373
1.802
1.816
1.779
2.463
2.457
2.469
0.786
0.795
0.800
0.447
0.491
0.575
0.404
0.601
0.577
1.215
1.336
1.490
1.367
1.379
1.429
0.634
0.789
0.686
0.634
0.789
0.686
1.131
1.264
1.185
0.356
0.403
0.452
0.738
0.725
0.754
1.437
1.398
1.463
1.406
1.413
1.410
2.193
2.287
2.240
2.193
2.305
2.240
0.713
0.707
0.728
2.467
2.483
2.497
2.271
2.289
2.362
0.984
1.044
1.014
1.781
1.801
1.791
0.728
0.736
0.773
1.773
1.961
1.965
0.965
0.937
1.037
0.681
0.789
0.771
1.042
1.165
1.116
0.895
0.896
0.958
1.543
1.675
1.671
1.410
1.435
1.393
2.077
2.074
2.083
2.367
2.446
2.439
0.950
0.947
1.012
1.817
1.846
1.841
2.409
2.400
2.407
3.054
3.291
3.181
1.386
1.433
1.479
1.173
1.419
1.118
2.286
2.273
2.311
0.823
0.830
0.848
1.832
1.833
1.836
0.829
0.836
0.900
1.182
1.194
1.196
0.988
0.997
1.016
0.544
0.543
0.606
0.506
0.606
0.552
2.688
2.627
2.726
0.803
0.850
0.880
1.532
1.447
1.527
1.281
1.313
1.301
2.130
2.189
2.099
2.240
2.327
2.297
1.395
1.560
1.549
0.785
0.807
0.829
0.543
0.577
0.583
1.787
1.830
1.841
2.587
2.603
2.658
1.294
1.321
1.321
1.182
1.269
1.278
2.205
2.195
2.165
2.455
2.446
2.446
2.158
2.181
2.197
0.411
0.404
0.447
1.980
1.988
2.067
0.721
0.769
1.178
2.609
2.626
2.746
1.014
1.053
1.038
1.139
1.140
1.216
2.022
2.071
2.047
0.427
0.441
0.445
1.597
1.621
1.592
0.978
1.002
0.990
0.709
0.720
0.729
1.674
1.738
1.750
2.026
2.048
2.038
1.022
1.032
1.049
0.924
0.922
0.819
1.394
1.380
1.426
1.499
1.553
1.570
1.602
1.700
1.637
1.041
1.060
1.051
1.426
1.549
1.457
0.826
0.833
0.854
1.411
1.395
1.409
1.280
1.293
1.303
1.303
1.343
1.355
1.490
1.945
1.961
0.906
1.039
1.017
0.536
0.612
0.616
1.689
1.723
1.786
1.742
1.742
1.738
1.339
1.315
1.343
0.934
0.948
0.939
1.240
1.239
1.307
1.666
1.701
1.705
0.746
0.749
0.742
1.857
1.835
1.890
1.399
1.393
1.418
1.757
1.773
1.771
0.221
0.232
0.246
1.141
1.179
1.173
1.556
1.678
1.768
2.401
2.412
2.409
0.653
0.732
0.738
1.209
1.217
1.243
1.725
1.832
1.928
1.362
1.522
1.526
1.483
1.522
1.540
1.483
1.690
1.708
1.024
1.219
1.187
1.502
2.102
2.021
1.315
1.321
1.362
1.156
1.159
1.161
2.321
2.794
2.775
1.705
1.707
1.704
1.089
1.102
1.099
1.678
1.723
1.724
0.265
0.266
0.293
0.558
0.663
0.670
1.550
1.648
1.669
1.708
1.879
2.038
0.992
1.006
0.999
0.382
0.461
0.469
2.046
2.073
2.074
1.102
1.148
1.182
0.442
0.468
0.512
2.054
2.047
2.138
1.436
1.469
1.498
0.779
0.862
0.828
0.413
0.576
0.565
0.742
0.748
0.767
0.849
0.915
0.923
1.331
1.391
1.386
1.496
1.495
1.532
1.103
1.113
1.110
0.458
0.483
0.561
1.382
1.419
1.459
0.879
0.910
0.894
0.844
0.857
0.900
0.881
0.905
0.912
1.772
1.781
1.779
1.570
1.581
1.645
0.694
0.673
0.681
1.330
1.364
1.367
1.054
1.108
1.126
1.091
1.225
1.308
1.447
1.534
1.497
1.030
1.058
1.022
1.002
1.045
1.053
1.626
1.595
1.613
1.368
1.467
1.445
0.548
0.568
0.568
1.293
1.293
1.298
1.327
1.392
1.444
1.725
1.774
1.723
2.145
2.181
2.157
1.562
1.602
1.635
0.737
0.847
0.791
0.467
0.491
0.504
0.784
0.764
0.798
0.904
0.923
0.932
1.174
1.464
1.339
1.686
1.692
1.717
1.328
1.358
1.384
0.730
0.804
0.802
0.666
0.665
0.607
0.649
0.723
0.716
0.548
0.778
0.696
1.193
1.182
1.209
0.782
0.819
0.871
0.553
0.567
0.505
1.087
1.102
1.154
0.676
0.827
0.763
0.705
0.722
0.760
0.764
0.844
0.838
0.882
0.962
1.021
0.468
0.629
0.635
0.712
0.714
0.713
1.140
1.154
1.138
1.377
1.390
1.406
1.027
1.078
1.061
1.325
1.351
1.334
0.920
0.974
0.909
0.384
0.391
0.402
1.228
1.384
1.231
1.769
1.795
1.796
1.987
1.964
1.961
0.745
0.822
0.810
1.146
1.158
1.163
0.996
1.037
1.038
2.907
2.999
2.966
0.937
0.975
0.973
1.036
1.070
1.059
0.834
0.769
0.802
1.349
1.325
1.344
0.330
0.452
0.378
0.634
0.690
0.643
2.415
2.445
2.446
1.172
1.192
1.238
2.236
2.318
2.297
1.311
1.270
1.362
0.727
0.744
0.732
1.012
1.022
1.030
1.744
1.750
1.747
1.596
1.708
1.599
0.588
0.594
0.609
1.090
1.117
1.146
4.018
4.053
4.038
1.146
1.205
1.178
2.013
2.019
2.216
1.709
1.720
1.738
1.167
1.182
1.219
0.902
0.966
0.900
0.614
0.657
0.696
0.834
0.852
0.862
1.438
1.573
1.648
0.908
0.952
0.967
0.902
0.927
0.914
0.589
0.675
0.676
1.054
1.135
1.109
2.146
2.197
2.273
0.628
0.626
0.627
0.454
0.464
0.491
1.676
1.749
1.789
0.982
0.979
0.976
1.588
1.614
1.625
0.796
1.283
1.280
0.796
0.952
0.968
0.925
0.946
0.916
0.329
0.402
0.376
0.862
0.856
0.880
0.706
0.711
0.722
1.238
1.235
1.254
2.068
2.071
2.081
1.017
1.096
1.122
1.524
1.638
1.591
0.722
0.945
0.940
1.506
1.544
1.543
2.154
2.157
2.107
0.623
0.647
0.636
1.030
1.085
1.105
1.760
1.841
1.866
0.630
0.652
0.647
1.221
1.224
1.265
1.317
1.339
1.313
2.084
2.106
2.104
2.180
2.237
2.403
1.458
1.408
1.459
1.320
1.349
1.361
1.374
1.425
1.429
1.500
1.587
1.594
1.016
1.027
1.021
1.736
1.782
1.778
0.700
0.716
0.753
1.313
1.333
1.320
1.252
1.249
1.295
1.677
1.705
1.708
0.658
0.756
0.725
0.730
0.804
0.802
2.263
2.313
2.299
1.385
1.385
1.386
1.555
1.563
1.565
1.875
1.885
1.873
0.897
0.916
0.919
0.607
0.658
0.663
0.628
0.645
0.648
1.046
1.053
1.099
0.954
0.966
1.051
1.161
1.228
1.258
0.446
0.528
0.442
0.533
0.597
0.616
1.247
1.265
1.251
0.427
0.444
0.494
1.739
1.772
1.785
1.079
1.193
1.297
0.772
0.794
0.781
1.555
1.511
1.533
0.633
0.696
0.703
1.686
1.723
1.717
2.774
2.849
2.843
0.858
0.901
0.907
1.643
1.677
1.661
1.489
1.478
1.492
1.893
1.903
1.900
1.410
1.394
1.434
0.931
0.983
0.978
0.838
0.901
0.920
1.181
1.160
1.219
0.302
0.308
0.345
3.629
3.663
3.639
1.655
1.650
1.648
0.665
0.669
0.683
0.415
0.418
0.438
0.963
0.989
0.993
0.715
0.816
0.744
0.715
0.832
0.744
1.145
1.161
1.174
0.869
0.889
0.906
0.962
1.006
0.997
0.981
0.991
0.996
2.399
2.422
2.322
1.850
1.834
1.830
1.266
1.320
1.268
0.835
0.853
0.849
2.469
2.490
2.470
1.798
1.829
1.845
2.013
2.043
2.005
2.456
2.417
2.504
1.206
1.145
1.262
0.387
0.437
0.465
2.931
2.918
2.934
0.585
0.770
0.770
1.655
1.626
1.659
0.714
0.717
0.713
0.916
0.975
1.009
0.843
1.018
0.925
2.020
2.047
2.071
2.402
2.431
2.500
1.488
1.533
1.509
1.980
2.009
2.009
1.491
1.644
1.679
1.295
1.319
1.354
1.761
1.809
1.934
1.085
1.094
1.106
0.837
0.826
0.842
1.922
2.024
1.993
0.938
0.950
1.018
0.991
1.039
1.027
1.332
1.381
1.375
0.987
0.967
1.007
1.052
1.051
1.049
0.983
1.094
1.072
1.112
1.133
1.134
0.883
0.935
0.928
1.159
1.173
1.193
1.437
1.451
1.490
1.271
1.296
1.287
0.857
0.852
0.879
1.728
1.767
1.792
1.337
1.323
1.340
1.305
1.320
1.312
1.885
1.878
1.903
0.675
0.734
0.817
0.863
0.850
0.881
1.069
1.090
1.114
1.570
1.593
1.570
0.900
0.907
0.965
0.683
0.742
0.734
2.176
2.219
2.222
1.134
1.143
1.186
0.964
0.988
1.003
0.804
0.848
0.850
2.320
2.343
2.339
0.255
0.268
0.289
1.003
1.063
1.018
0.754
0.792
0.802
0.675
0.676
0.876
0.897
0.901
0.920
1.090
1.193
1.163
1.751
1.706
1.796
0.413
0.473
0.494
1.378
1.380
1.371
0.273
0.273
0.305
0.859
0.915
0.827
0.853
0.881
0.914
3.335
3.300
3.347
1.578
1.599
1.659
1.269
1.326
1.356
2.146
2.190
2.174
1.040
1.077
1.081
1.407
1.649
1.392
0.848
0.855
0.856
0.734
0.753
0.744
0.699
0.708
0.695
1.844
1.862
1.822
1.156
1.195
1.198
0.757
0.767
0.787
1.875
1.904
1.906
1.157
1.163
1.162
1.050
1.098
1.091
1.288
1.389
1.334
1.206
1.272
1.281
0.899
0.957
0.924
0.207
0.292
0.309
1.175
1.188
1.202
0.201
0.270
0.271
1.016
1.047
1.069
1.323
1.319
1.317
0.938
0.950
0.949
2.596
2.647
2.635
1.622
1.655
1.644
1.527
1.572
1.607
1.752
1.747
1.777
1.250
1.269
1.274
0.808
0.818
0.826
2.164
2.193
2.184
1.321
1.339
1.364
1.240
1.246
1.249
0.633
0.623
0.602
1.824
1.806
1.826
2.418
2.405
2.395
0.947
1.240
1.268
1.991
2.063
2.040
1.516
1.579
1.552
0.681
0.690
0.684
0.818
0.812
0.813
0.842
0.893
0.866
2.659
2.661
2.671
1.355
1.360
1.363
1.727
1.791
1.787
0.642
0.662
0.720
1.263
1.276
1.259
1.764
1.768
1.817
0.569
0.877
0.898
1.074
1.094
1.068
1.810
2.152
2.145
1.958
1.964
1.945
1.823
2.015
1.846
1.301
1.322
1.354
1.667
1.912
1.818
0.431
0.532
0.536
2.036
2.047
2.054
1.121
1.114
1.129
0.823
0.854
0.856
0.827
1.085
1.356
2.484
2.506
2.511
0.843
0.851
0.873
1.439
1.486
1.535
1.216
1.201
1.220
2.073
2.155
2.164
1.390
1.392
1.455
1.796
1.795
1.803
1.610
1.641
1.666
1.185
1.304
1.295
0.558
0.610
0.626
1.067
1.206
1.140
0.691
0.712
0.712
4.033
4.024
4.045
0.971
0.990
0.960
1.860
1.866
1.895
1.980
1.979
2.001
1.878
1.893
1.910
1.411
1.652
1.590
2.059
2.130
2.013
0.767
0.860
0.895
1.090
1.115
1.153
0.467
0.552
0.538
1.579
1.676
1.621
1.133
1.151
1.208
1.314
1.361
1.345
0.816
0.904
0.875
1.089
1.108
1.098
1.440
1.460
1.438
0.772
0.818
0.832
0.535
0.577
0.593
1.094
1.144
1.140
0.859
0.938
0.872
1.239
1.290
1.270
1.063
1.080
1.089
1.461
1.473
1.472
1.116
1.157
1.167
0.521
0.541
0.565
1.256
1.274
1.262
0.521
0.540
0.563
1.784
1.821
1.843
1.620
1.644
1.620
1.522
1.542
1.532
1.714
1.757
1.756
1.580
1.565
1.575
1.631
1.628
1.724
0.619
0.662
0.656
0.621
0.700
0.686
1.427
1.416
1.433
0.855
0.859
0.869
1.638
1.745
1.756
1.035
1.343
1.413
1.610
1.644
1.635
1.518
1.562
1.544
0.495
0.508
0.498
1.856
1.837
1.889
1.244
1.246
1.241
1.443
1.380
1.240
1.162
1.338
1.304
1.525
1.529
1.624
2.606
2.740
2.683
2.606
2.740
2.683
1.004
1.147
1.010
1.161
1.185
1.212
0.881
0.949
0.927
2.247
2.280
2.308
1.799
1.857
1.817
0.814
0.867
0.834
2.983
3.004
2.999
1.745
1.789
1.774
1.106
1.145
1.133
2.641
2.616
2.648
2.603
2.733
2.729
0.425
0.460
0.433
1.395
1.407
1.406
1.928
1.943
1.934
1.102
1.149
1.131
1.671
1.675
1.671
1.544
1.631
1.679
1.948
1.948
1.972
0.903
0.911
0.923
0.647
0.691
0.725
0.263
0.343
0.346
0.738
1.026
0.788
1.546
1.650
1.646
2.036
2.166
2.123
2.156
2.188
2.234
0.949
0.973
0.927
0.761
0.814
0.839
0.923
0.950
0.969
1.053
1.114
1.187
0.586
0.749
0.653
0.699
0.715
0.737
0.638
0.674
0.681
0.880
0.913
0.879
0.940
1.006
1.215
0.622
0.675
0.667
0.709
0.680
0.609
1.935
1.971
1.984
0.552
0.568
0.593
0.889
0.978
0.940
1.462
1.469
1.470
1.422
1.454
1.457
0.915
1.275
0.928
0.714
0.819
0.854
1.982
2.007
2.060
1.275
1.321
1.451
2.482
2.494
2.457
1.188
1.136
1.209
0.563
0.575
0.592
1.746
1.786
1.747
1.132
1.151
1.147
3.150
3.047
3.220
0.248
0.286
0.281
0.973
0.967
1.034
0.216
0.291
0.298
1.718
1.762
1.670
1.473
1.528
1.560
0.828
0.956
0.886
0.828
0.978
0.886
1.068
1.177
1.110
0.593
0.642
0.622
0.846
0.844
0.858
1.048
1.073
1.012
1.048
1.139
1.084
1.137
1.154
1.141
0.824
1.065
0.996
3.985
4.045
4.054
0.703
0.732
0.770
0.647
0.640
0.660
0.946
0.946
0.971
1.680
1.705
1.726
1.296
1.326
1.327
0.454
0.526
0.485
0.943
0.975
0.974
0.679
0.717
0.730
1.463
1.497
1.432
1.354
1.361
1.365
1.459
1.505
1.532
1.138
1.153
1.148
1.747
1.813
1.810
0.618
0.603
0.624
1.208
1.224
1.228
1.510
1.508
1.550
1.361
1.390
1.410
0.381
0.383
0.391
1.531
1.541
1.536
1.670
1.665
1.669
1.062
1.230
1.178
0.707
0.829
0.769
1.591
1.601
1.604
0.669
0.686
0.700
1.449
1.419
1.445
1.305
1.339
1.340
0.678
0.698
0.705
2.678
2.681
2.675
1.017
0.975
1.029
0.712
0.754
0.742
2.029
2.003
2.039
1.991
2.009
2.007
1.733
1.777
1.777
1.133
1.137
1.194
2.088
2.191
2.203
0.866
0.860
0.894
1.309
1.338
1.319
3.977
3.977
4.040
0.880
0.921
0.965
0.325
0.374
0.404
1.168
1.169
1.146
1.440
1.458
1.437
1.358
1.395
1.407
0.934
0.932
0.943
1.808
1.961
2.000
0.385
0.434
0.420
0.883
0.970
0.850
1.461
1.565
1.605
0.932
0.945
0.953
0.586
0.766
0.689
1.098
1.136
1.118
1.012
1.028
1.114
1.470
1.502
1.581
1.026
1.023
1.042
1.011
1.034
1.050
1.876
1.843
1.863
0.611
0.663
0.704
1.332
1.462
1.459
0.349
0.366
0.396
0.955
0.957
0.975
0.737
0.753
0.793
0.763
0.815
0.824
1.360
1.364
1.378
1.750
1.720
1.728
1.641
1.653
1.670
0.679
0.803
0.850
1.234
1.241
1.269
1.032
1.123
1.131
1.036
0.990
1.000
1.796
1.795
1.810
0.910
0.888
0.892
2.324
2.516
2.291
2.225
2.274
2.252
0.857
0.914
0.881
0.393
0.446
0.456
1.923
1.952
1.945
0.286
0.364
0.336
1.659
1.750
1.733
1.474
1.514
1.520
0.621
0.663
0.660
0.962
1.053
1.019
0.743
0.784
0.879
0.575
0.594
0.593
1.393
1.414
1.431
1.738
1.729
1.750
1.780
1.807
1.823
0.552
0.597
0.627
0.412
0.415
0.422
1.004
1.187
1.147
2.241
2.290
2.261
1.104
1.146
1.147
1.748
1.793
1.677
1.395
1.489
1.456
0.749
0.792
0.843
0.817
0.942
0.918
1.327
1.412
1.389
1.418
1.465
1.368
0.696
0.726
0.659
2.104
2.123
2.121
2.163
2.214
2.247
1.473
1.492
1.571
1.653
1.666
1.698
0.717
0.722
0.740
0.223
0.303
0.352
0.923
1.011
0.966
2.223
2.254
2.280
2.035
2.030
2.062
1.173
1.434
1.364
1.306
1.331
1.380
0.974
1.046
1.009
0.886
0.879
0.889
1.108
1.212
1.129
1.060
1.136
1.108
0.722
0.752
0.786
0.943
0.971
0.965
0.786
1.250
1.200
0.951
1.002
1.016
0.490
0.497
0.459
1.191
1.193
1.192
1.556
1.539
1.632
1.529
1.555
1.563
1.606
1.599
1.623
0.785
0.791
0.712
1.706
1.670
1.718
0.797
0.822
0.826
1.782
1.817
1.814
1.562
1.655
1.695
0.496
0.544
0.571
1.042
1.076
1.069
1.095
1.126
1.143
2.154
2.155
2.138
0.304
0.451
0.416
1.049
1.183
1.196
2.964
2.953
3.017
1.184
1.313
1.256
1.708
1.772
1.723
0.553
0.621
0.608
0.666
0.715
0.702
1.259
1.287
1.267
1.014
1.154
1.030
1.287
1.369
1.327
2.201
2.210
2.236
1.276
1.361
1.273
2.986
2.997
3.013
0.642
0.719
0.818
1.764
1.751
1.774
1.439
1.493
1.534
1.092
1.110
1.111
1.440
1.497
1.486
0.794
0.849
0.840
0.886
0.925
1.001
1.265
1.272
1.225
0.559
0.598
0.638
1.137
1.181
1.291
1.451
1.473
1.514
1.397
1.476
1.531
1.169
1.194
1.207
1.907
1.937
1.936
1.055
1.085
1.071
1.562
1.564
1.630
1.378
1.449
1.396
0.588
0.643
0.682
2.087
2.067
1.950
0.482
0.501
0.531
1.281
1.302
1.279
1.021
1.088
1.090
1.153
1.236
1.474
0.262
0.308
0.400
0.656
0.737
0.788
0.978
1.058
1.123
0.358
0.399
0.412
1.232
1.248
1.264
0.280
0.331
0.373
0.964
1.177
1.167
0.464
0.513
0.511
1.038
1.034
1.056
1.124
1.145
1.122
0.928
1.020
0.940
0.787
0.841
0.864
2.002
2.013
2.020
0.710
0.803
0.814
1.272
1.339
1.430
1.139
1.304
1.290
2.214
2.226
2.185
1.166
1.153
1.212
1.237
1.304
1.347
2.156
2.226
2.177
0.848
0.986
0.976
1.184
1.164
1.202
0.555
0.670
0.642
0.916
0.901
0.945
1.024
1.046
1.057
1.268
1.248
1.218
0.965
0.949
0.974
1.361
1.355
1.368
1.236
1.255
1.282
0.907
0.883
0.893
0.791
0.796
0.833
1.059
1.092
1.083
0.927
0.930
0.927
0.843
0.861
0.890
0.678
0.707
0.727
0.636
0.653
0.652
0.954
0.996
0.940
0.358
0.381
0.388
0.862
0.866
0.872
0.689
0.722
0.727
0.678
0.705
0.725
1.531
1.581
1.492
1.251
1.264
1.241
0.788
0.812
0.828
0.871
0.859
0.886
0.850
0.921
0.907
1.706
1.741
1.730
1.364
1.407
1.431
1.382
1.497
1.433
0.592
0.727
0.738
1.556
1.614
1.610
0.500
0.573
0.624
1.313
1.345
1.728
0.667
0.697
0.660
0.258
0.310
0.340
1.142
1.185
1.199
1.187
1.234
1.240
1.471
1.621
1.844
1.588
1.743
1.952
1.471
1.621
1.844
1.588
1.743
1.952
1.588
1.743
1.952
1.471
1.621
1.844
1.429
1.574
1.767
0.812
0.801
0.831
0.813
0.873
0.852
0.559
0.604
0.590
1.149
1.126
1.157
1.675
1.689
1.673
3.206
3.152
3.103
0.810
0.825
0.829
1.408
1.448
1.448
1.996
2.027
2.071
2.507
2.484
2.522
0.767
0.768
0.791
0.990
0.993
0.988
2.354
2.369
2.372
1.540
1.561
1.562
0.606
0.641
0.641
2.427
2.437
2.457
1.654
1.677
1.785
0.233
0.325
0.329
0.863
0.922
0.899
1.151
1.221
1.202
0.925
0.895
0.942
0.684
0.662
0.642
0.395
0.423
0.482
0.886
0.934
1.003
1.256
1.404
1.336
1.197
1.277
1.279
0.601
0.729
0.679
1.523
1.517
1.532
2.419
2.444
2.354
0.759
0.732
0.745
2.277
2.282
2.298
1.022
1.029
1.023
0.735
0.768
0.753
1.003
0.997
1.007
1.012
1.011
1.038
1.298
1.324
1.310
2.031
2.040
2.056
0.792
1.253
0.980
2.008
2.092
2.397
0.634
0.658
0.658
0.852
0.881
0.867
0.473
0.479
0.524
0.597
0.630
0.621
0.915
0.917
0.922
0.432
0.469
0.475
0.788
0.821
0.705
1.362
1.386
1.409
1.174
1.196
1.182
1.535
1.543
1.548
1.305
1.311
1.320
0.893
0.946
0.920
2.760
2.775
2.798
1.291
1.301
1.300
1.650
1.695
1.683
1.361
1.380
1.377
0.736
0.803
0.831
1.255
1.265
1.265
1.844
1.859
1.800
0.776
0.769
0.794
1.009
1.015
1.014
0.727
0.736
0.762
0.526
0.634
0.555
1.113
1.077
1.113
1.450
1.595
1.609
1.150
1.187
1.188
0.726
0.783
0.799
0.803
0.830
0.827
2.562
2.604
2.613
3.749
3.769
3.766
0.401
0.427
0.429
1.653
1.708
1.682
1.653
1.746
1.748
0.676
0.689
0.717
1.120
1.115
1.134
0.795
0.798
0.870
1.811
1.791
1.830
1.141
1.186
1.210
1.117
1.256
1.168
1.286
1.276
1.351
1.172
1.205
1.193
0.813
0.838
0.854
0.727
0.757
0.769
1.682
1.700
1.700
0.666
0.636
0.700
1.043
1.040
1.292
0.783
0.920
0.835
1.170
1.192
1.251
1.594
1.695
1.631
1.209
1.201
1.262
1.609
1.645
1.649
3.478
3.524
3.488
1.483
1.498
1.497
0.547
0.586
0.605
1.520
1.560
1.594
1.722
1.764
1.792
2.526
2.490
2.510
1.316
1.319
1.376
0.919
0.885
0.951
1.523
1.527
1.539
0.443
0.526
0.572
1.093
1.252
1.189
2.316
2.356
2.335
2.181
2.208
2.202
2.652
2.629
2.654
0.212
0.225
0.236
1.405
1.426
1.445
0.859
0.938
0.959
1.582
1.595
1.585
0.720
0.717
0.745
0.264
0.257
0.303
1.048
1.064
1.123
0.635
0.667
0.681
1.074
1.121
1.106
0.877
0.883
1.006
1.007
1.029
1.055
4.183
4.181
4.160
1.239
1.335
1.289
1.847
1.905
1.927
1.216
1.204
1.221
2.089
2.037
2.061
1.230
1.265
1.262
1.131
1.123
1.104
1.412
1.449
1.445
1.845
1.890
1.868
0.994
1.009
1.046
1.772
1.802
1.819
1.681
1.667
1.705
1.604
1.596
1.599
1.604
1.613
1.612
0.897
0.979
0.950
1.680
1.717
1.732
1.853
1.940
1.924
0.615
0.634
0.659
1.591
1.626
1.630
1.544
1.549
1.568
0.615
0.670
0.720
1.095
1.178
1.227
1.016
1.113
1.111
0.435
0.607
0.580
1.619
1.677
1.647
0.708
0.752
0.796
0.731
0.696
0.747
1.172
1.235
1.261
1.348
1.332
1.356
0.535
0.591
0.592
0.226
0.308
0.341
0.790
0.793
0.822
0.630
0.690
0.705
1.325
1.352
1.380
1.748
1.758
1.749
1.574
1.594
1.606
0.714
0.740
0.725
1.342
1.611
1.554
0.896
0.976
0.956
1.240
1.273
1.273
1.482
1.570
1.538
1.114
1.106
1.123
1.451
1.483
1.486
0.289
0.503
0.379
0.302
0.314
0.344
1.690
1.676
1.699
0.911
0.946
0.940
0.671
0.717
0.691
1.979
1.993
2.022
1.699
1.829
1.798
1.610
1.709
1.825
1.494
1.629
1.565
3.565
3.569
3.548
0.719
0.851
0.820
1.381
1.539
1.429
0.772
0.779
0.790
1.428
1.583
1.630
0.907
0.915
0.907
0.604
0.632
0.650
0.578
0.597
0.607
1.014
1.100
1.065
0.869
0.886
0.898
0.607
0.640
0.645
0.627
0.703
0.679
0.459
0.540
0.616
0.418
0.433
0.455
0.647
0.715
0.756
1.631
1.640
1.625
2.202
2.188
2.226
0.773
0.911
0.860
1.320
1.323
1.287
1.111
1.125
1.151
0.637
0.641
0.624
0.845
0.914
0.848
2.018
2.156
2.131
1.187
1.220
1.227
1.268
1.445
1.405
2.019
2.086
2.078
0.722
0.765
0.810
1.138
1.187
1.223
1.109
1.170
1.155
0.606
0.638
0.622
1.360
1.391
1.388
0.905
0.926
0.956
1.307
1.322
1.315
1.253
1.335
1.320
0.560
0.587
0.587
2.040
2.234
2.034
1.756
1.766
1.781
0.166
0.234
0.254
2.042
2.027
2.073
2.090
2.084
2.103
1.389
1.414
1.412
1.464
1.507
1.473
1.445
1.449
1.422
0.820
0.831
0.848
2.527
2.569
2.522
0.809
0.804
0.822
1.360
1.396
1.340
0.260
0.303
0.288
1.257
1.269
1.242
0.872
1.068
0.879
0.593
0.624
0.672
0.595
0.735
0.633
0.595
0.792
0.733
1.625
1.608
1.712
0.535
0.618
0.619
0.695
0.715
0.702
0.686
0.783
0.719
0.789
0.872
0.845
1.988
1.996
2.000
0.995
1.011
1.029
1.612
1.683
1.669
1.663
1.695
1.663
2.078
2.121
2.108
0.970
0.989
0.978
2.031
1.996
2.030
1.396
1.399
1.413
1.477
1.503
1.477
1.270
1.269
1.258
0.354
0.368
0.401
0.584
0.703
0.669
0.601
0.722
0.764
0.888
0.909
0.906
0.714
0.707
0.704
1.307
1.391
1.406
0.936
1.196
1.124
0.793
1.036
1.285
1.593
1.641
1.640
1.531
1.562
1.582
1.117
1.120
1.119
2.179
2.194
2.212
1.805
1.904
1.947
1.440
1.447
1.515
1.379
1.410
1.439
0.998
1.022
1.005
1.286
1.409
1.296
0.556
0.612
0.616
1.478
1.527
1.563
2.228
2.385
2.322
1.246
1.277
1.294
0.427
0.527
0.564
1.868
1.879
1.879
1.099
1.101
1.151
0.881
0.933
0.949
0.452
0.460
0.444
0.971
0.955
1.071
1.674
1.695
1.769
0.377
0.533
0.354
0.609
0.863
0.527
0.592
0.624
0.616
0.597
0.747
0.569
1.411
1.408
1.426
2.422
2.424
2.431
0.709
0.731
0.717
2.760
2.775
2.802
1.679
1.655
1.607
1.313
1.356
1.339
1.850
1.905
1.946
0.709
0.748
0.813
0.744
0.743
0.762
0.772
0.796
0.811
0.756
0.824
0.785
1.206
1.338
1.297
1.543
1.631
1.651
1.558
1.584
1.589
0.431
0.567
0.600
1.627
1.662
1.632
0.694
0.716
0.750
2.905
2.955
2.955
1.335
1.339
1.330
1.967
1.989
1.977
1.148
1.144
1.153
0.491
0.629
0.587
0.491
0.629
0.587
0.491
0.629
0.587
1.087
1.096
1.109
0.412
0.437
0.433
0.936
0.971
0.951
1.488
1.492
1.509
0.842
0.878
0.907
0.418
0.480
0.446
0.741
0.773
0.756
0.906
1.000
0.953
0.906
1.173
1.120
1.264
1.259
1.245
0.886
1.124
0.978
1.250
1.466
1.318
1.023
1.046
1.232
0.936
0.946
0.935
1.185
1.185
1.184
0.678
0.702
0.629
1.540
1.541
1.579
1.298
1.405
1.398
1.065
1.079
1.086
3.170
3.247
3.033
0.967
1.002
1.022
1.090
1.139
1.162
1.150
1.149
1.161
0.609
0.666
0.670
1.533
1.610
1.578
0.513
0.568
0.544
0.953
0.972
1.022
1.105
1.123
1.086
1.300
1.313
1.324
1.709
1.852
1.767
1.788
1.798
1.801
0.892
0.903
0.906
1.254
1.513
1.253
0.753
0.815
0.825
0.266
0.296
0.287
1.489
1.545
1.624
0.878
0.865
1.005
0.844
0.862
0.870
0.684
0.714
0.723
3.385
3.327
3.410
1.233
1.283
1.282
1.261
1.238
1.270
0.489
0.548
0.479
1.504
1.498
1.563
1.173
1.357
1.291
1.131
1.230
1.244
1.537
1.774
1.674
0.672
0.722
0.713
0.911
0.920
0.920
0.594
0.599
0.620
0.774
0.778
0.788
1.195
1.270
1.316
0.791
0.812
0.853
1.047
1.068
1.076
1.162
1.225
1.238
1.208
1.326
1.277
0.782
0.939
0.816
0.484
0.543
0.551
1.548
1.655
1.474
0.973
0.987
0.991
1.300
1.305
1.558
1.197
1.196
1.192
0.213
0.339
0.292
2.159
2.203
2.231
0.817
0.866
0.873
0.798
0.849
0.851
1.725
1.770
1.764
2.362
2.410
2.397
1.387
1.383
1.362
1.039
1.274
1.244
0.658
0.663
0.672
1.763
1.802
1.859
0.730
0.744
0.738
2.760
2.756
2.786
1.544
1.661
1.626
3.478
3.473
3.504
3.506
3.561
3.631
0.470
0.582
0.601
0.800
0.789
0.833
0.760
0.697
0.746
1.223
1.241
1.247
0.806
0.909
0.882
1.963
1.958
1.941
1.278
1.303
1.345
0.641
0.641
0.643
1.251
1.244
1.227
1.912
1.904
1.874
1.162
1.250
1.228
2.710
2.728
2.754
1.425
1.414
1.434
1.513
1.453
1.422
0.689
0.683
0.705
0.472
0.495
0.478
1.063
1.080
1.091
0.415
0.485
0.557
1.126
1.144
1.178
2.026
2.107
2.107
0.586
0.609
0.619
0.952
0.915
0.949
0.672
0.734
0.928
0.729
0.756
0.758
0.404
0.555
0.373
0.722
0.732
0.736
0.256
0.298
0.337
0.961
0.998
0.996
1.478
1.506
1.491
1.773
1.731
1.774
2.640
2.604
2.580
2.716
2.851
2.867
1.665
1.738
1.632
1.665
1.714
1.610
1.087
1.187
1.149
1.288
1.311
1.272
0.427
0.452
0.450
1.544
1.534
1.541
1.256
1.320
1.327
0.796
0.874
0.864
0.528
0.528
0.535
1.006
0.961
1.014
1.242
1.305
1.293
0.681
0.715
0.712
1.226
1.205
1.225
1.171
1.212
1.238
0.902
1.046
1.046
1.068
1.124
1.138
0.949
0.993
0.985
1.308
1.416
1.449
0.769
0.781
0.810
1.147
1.121
1.132
1.093
1.125
1.137
0.882
0.898
0.886
0.713
0.741
0.712
1.857
1.923
1.871
1.347
1.350
1.348
0.854
0.875
0.874
1.006
1.097
1.124
1.474
1.597
1.558
0.784
0.845
0.825
0.988
1.002
0.995
0.597
0.713
0.696
1.875
2.169
2.187
0.695
0.721
0.690
0.695
0.706
0.753
1.304
1.434
1.458
0.471
0.513
0.554
2.351
2.517
2.495
0.818
0.883
0.895
0.753
0.811
0.815
1.234
1.222
1.234
0.673
0.681
0.693
1.338
1.375
1.393
1.118
1.163
1.128
1.258
1.388
1.201
0.910
0.934
0.973
1.543
1.556
1.508
0.558
0.589
0.596
1.915
1.962
2.011
1.015
1.012
1.010
1.559
1.562
1.588
1.480
1.483
1.511
2.166
2.235
2.222
0.928
0.972
0.942
1.493
1.558
1.609
0.937
0.991
0.986
0.811
0.851
0.820
0.544
0.595
0.613
0.797
0.794
0.760
1.393
1.433
1.421
1.236
1.254
1.266
0.953
1.022
1.018
0.721
0.724
1.029
1.474
1.526
1.465
1.554
1.647
1.618
0.775
0.952
0.942
0.546
0.598
0.575
0.543
0.564
0.537
0.743
0.749
0.765
1.903
1.916
1.869
1.214
1.237
1.275
0.770
0.801
0.859
1.067
1.098
1.090
0.513
0.566
0.555
1.328
1.329
1.356
1.198
1.179
1.198
0.546
0.598
0.575
1.513
1.544
1.525
1.001
1.044
1.061
0.526
0.575
0.552
0.737
0.729
0.785
0.862
0.870
0.892
0.526
0.575
0.552
1.238
1.261
1.253
0.307
0.356
0.397
0.727
0.768
0.951
1.754
1.784
1.920
1.235
1.273
1.270
1.303
1.300
1.288
0.526
0.575
0.552
1.399
1.411
1.438
0.854
0.833
0.867
0.526
0.575
0.552
0.611
0.645
0.637
0.880
0.929
0.992
1.051
1.074
1.078
0.832
0.850
0.861
0.682
0.756
0.763
1.321
1.356
1.318
0.607
0.690
0.617
0.607
0.679
0.671
0.607
0.698
0.671
1.310
1.359
1.423
0.936
0.973
0.955
0.403
0.482
0.476
0.664
0.696
0.708
0.546
0.598
0.575
0.681
0.685
0.718
1.347
1.359
1.351
0.648
0.670
0.702
0.626
0.662
0.647
0.503
0.885
0.643
1.339
1.331
1.296
1.414
1.352
1.425
0.848
0.874
0.884
1.838
1.720
1.774
1.195
1.219
1.226
0.694
0.733
0.718
2.102
2.306
2.320
0.921
0.936
0.940
0.977
1.009
1.028
0.526
0.575
0.552
0.681
0.763
0.738
0.365
0.429
0.440
0.918
0.919
0.920
0.903
0.802
0.782
1.653
1.677
1.668
1.536
1.540
1.550
1.257
1.257
1.264
0.507
0.553
0.543
1.358
1.427
1.402
0.581
0.617
0.620
1.290
1.335
1.350
1.319
1.423
1.359
0.824
0.966
0.928
1.616
1.644
1.634
0.855
0.870
0.871
1.037
1.057
0.950
0.812
0.827
0.855
0.702
0.752
0.738
0.905
0.896
0.925
2.251
2.249
2.282
0.715
0.730
0.723
1.812
1.825
1.824
2.087
2.204
2.183
3.415
3.454
3.445
0.451
0.477
0.491
0.682
0.742
0.736
0.921
0.938
0.933
1.755
1.807
1.765
2.998
3.031
3.055
0.669
0.679
0.699
0.359
0.396
0.382
0.535
0.620
0.624
0.577
0.595
0.640
0.897
0.912
0.924
0.933
0.945
0.986
1.386
1.533
1.422
1.992
2.051
2.068
1.595
1.623
1.597
0.670
0.735
0.739
0.602
0.661
0.652
2.153
2.177
2.171
0.749
0.824
0.812
1.402
1.417
1.411
1.277
1.298
1.312
1.958
1.991
1.956
1.748
1.677
2.029
2.477
2.470
2.460
0.690
0.682
0.643
0.532
0.690
0.672
0.985
1.044
1.015
1.316
1.316
1.325
1.219
1.241
1.230
1.999
1.986
1.977
1.800
1.785
1.808
1.898
1.909
1.907
1.319
1.343
1.341
0.882
0.897
0.924
0.712
0.776
0.813
0.543
0.585
0.585
1.175
1.213
1.211
0.921
0.957
1.039
0.870
0.897
0.923
0.807
0.908
0.890
1.557
1.585
1.605
1.275
1.349
1.391
2.250
2.195
2.236
1.621
1.638
1.676
1.908
1.913
1.951
1.138
1.251
1.266
1.584
1.617
1.623
0.803
0.854
0.827
1.367
1.370
1.330
0.583
0.720
0.709
0.690
0.674
0.726
1.227
1.272
1.294
0.406
0.428
0.455
0.770
0.956
0.976
0.905
0.892
0.911
2.162
2.160
2.186
1.571
1.674
1.672
0.780
0.804
0.803
2.102
2.098
2.089
0.824
0.876
0.888
2.284
2.293
2.294
1.769
1.812
1.813
1.828
1.908
1.917
2.052
2.088
2.085
0.723
0.953
0.920
2.877
2.899
2.934
2.703
2.724
2.701
1.296
1.316
1.339
0.918
0.948
0.948
1.472
1.483
1.503
0.558
0.609
0.616
1.210
1.194
1.212
1.551
1.615
1.642
2.472
2.498
2.478
1.979
1.995
2.062
0.925
1.004
0.980
1.782
1.806
1.869
0.684
0.724
0.768
1.158
1.155
1.165
1.359
1.357
1.366
0.681
0.751
0.805
1.012
1.061
1.085
0.697
0.732
0.759
1.251
1.243
1.253
2.400
2.407
2.411
1.960
2.003
2.016
2.405
2.400
2.457
0.764
0.801
0.806
0.688
0.694
0.738
1.329
1.338
1.332
0.693
0.739
0.719
2.193
2.233
2.259
1.184
1.342
1.387
0.327
0.421
0.429
0.709
0.730
0.727
1.494
1.524
1.518
0.655
0.732
0.721
1.486
1.497
1.487
1.046
1.045
1.102
1.320
1.347
1.366
0.705
0.797
0.820
1.068
1.076
1.099
1.456
1.478
1.437
2.631
2.672
2.687
1.301
1.309
1.273
0.723
0.730
0.744
0.790
0.786
0.791
2.234
2.233
2.180
1.886
1.960
2.220
2.335
2.300
2.319
0.847
0.895
0.866
1.594
1.633
1.603
1.944
1.954
1.975
1.519
1.539
1.524
0.894
0.974
1.009
1.628
1.782
1.850
1.208
1.298
1.305
1.016
0.998
1.025
1.472
1.480
1.624
0.888
0.895
0.912
0.728
0.754
0.754
0.727
0.761
0.789
0.727
0.761
0.789
0.727
0.761
0.789
1.843
1.858
1.850
0.375
0.426
0.423
1.368
1.384
1.382
0.434
0.459
0.474
1.312
1.394
1.389
0.761
0.989
1.021
0.695
0.706
0.722
1.656
1.711
1.661
1.100
1.170
1.189
0.351
0.364
0.434
0.658
0.794
0.768
1.349
1.537
1.508
0.864
0.917
0.981
1.493
1.494
1.561
0.512
0.553
0.561
1.564
1.720
1.639
1.218
1.239
1.231
1.577
1.574
1.585
2.024
2.104
2.166
2.162
2.516
2.195
1.637
1.649
1.643
0.861
0.890
0.873
1.035
1.039
0.969
1.089
1.233
1.150
1.029
1.069
1.122
1.220
1.194
1.212
1.250
1.211
1.261
1.821
1.955
2.013
2.491
2.543
2.506
1.340
1.344
1.334
0.247
0.298
0.312
1.035
1.040
1.037
0.211
0.305
0.334
1.390
1.587
1.560
1.257
1.220
1.240
1.485
1.511
1.503
1.772
1.876
1.819
0.381
0.413
0.442
2.037
2.031
2.039
0.945
0.946
0.931
0.522
0.556
0.526
0.922
0.945
0.990
1.495
1.470
1.412
0.630
0.641
0.623
0.458
0.439
0.453
0.527
0.534
0.567
0.489
0.531
0.511
0.615
0.652
0.635
0.831
0.838
0.870
2.138
2.389
2.281
0.884
0.858
0.924
0.781
0.806
0.806
1.029
1.048
1.052
0.691
0.681
0.713
1.632
1.673
1.672
1.033
1.055
1.049
0.813
0.831
0.848
0.856
0.905
0.898
1.045
1.094
1.103
1.164
1.290
1.237
1.159
1.187
1.238
0.387
0.421
0.406
0.911
0.863
0.906
2.471
2.462
2.517
1.443
1.466
1.477
0.949
0.960
0.980
0.455
0.578
0.538
0.455
0.578
0.538
0.455
0.578
0.538
0.916
0.945
0.959
1.245
1.268
1.213
0.630
0.669
0.654
0.981
1.049
1.132
0.546
0.555
0.582
1.437
1.470
1.452
1.539
1.572
1.561
0.788
0.870
0.846
0.623
0.662
0.687
1.372
1.460
1.471
1.474
1.653
1.618
1.035
1.023
0.981
0.495
0.544
0.494
0.551
0.554
0.571
1.529
1.531
1.536
1.381
1.406
1.400
1.381
1.453
1.400
1.489
1.530
1.538
1.250
1.297
1.322
0.527
0.590
0.652
2.308
2.293
2.224
0.604
0.614
0.633
1.245
1.254
1.245
0.950
0.964
0.960
1.126
1.157
1.186
0.890
0.893
0.904
0.177
0.298
0.338
0.678
0.804
0.793
0.588
0.623
0.759
1.337
1.291
1.215
0.477
0.484
0.501
1.457
1.422
1.494
1.905
1.983
1.974
0.823
0.836
0.840
1.515
1.472
1.401
0.936
0.950
0.997
0.751
0.787
0.981
0.736
0.725
0.722
1.835
1.866
1.873
1.306
1.373
1.303
1.965
2.007
1.952
0.998
1.018
1.031
0.647
0.685
0.730
0.649
0.634
0.683
1.724
1.699
1.729
1.134
1.159
1.148
0.734
0.777
0.804
0.734
0.777
0.804
2.031
2.026
2.061
0.710
0.809
0.761
1.674
1.671
1.668
1.218
1.261
1.271
0.664
0.663
0.636
1.229
1.249
1.242
0.861
0.917
0.915
0.659
0.801
0.753
2.597
2.615
2.585
1.730
1.751
1.748
1.661
1.683
1.665
2.594
2.600
2.619
0.993
0.989
1.038
0.903
0.908
0.919
1.212
1.246
1.269
1.245
1.347
1.345
0.922
0.962
0.963
0.626
0.581
0.734
1.543
1.571
1.570
1.001
1.084
1.086
1.259
1.265
1.252
0.723
0.728
0.730
1.217
1.201
1.178
1.210
1.239
1.238
0.435
0.490
0.515
0.834
0.844
0.863
0.576
0.606
0.624
1.568
1.596
1.609
0.889
0.905
0.934
0.614
0.639
0.676
1.501
1.556
1.542
1.556
1.727
1.625
1.441
1.539
1.559
0.840
0.876
0.874
0.691
0.723
0.709
0.950
0.973
0.928
0.578
0.704
0.707
1.063
1.092
1.091
0.922
0.941
0.943
1.423
1.500
1.481
0.604
0.876
0.813
1.986
1.974
1.989
0.753
0.765
0.757
2.036
2.069
2.036
0.670
0.726
0.765
1.161
1.152
1.158
2.603
2.598
2.639
2.499
2.635
2.628
0.651
0.696
0.710
1.610
1.704
1.686
0.931
0.921
0.940
1.071
1.142
1.098
1.949
2.073
1.970
1.812
1.813
1.824
2.030
2.049
2.054
0.913
0.967
0.895
1.340
1.332
1.341
0.695
0.725
0.712
2.329
2.386
2.399
1.559
1.599
1.472
1.108
1.129
1.086
0.405
0.450
0.457
0.458
0.497
0.467
1.085
1.092
1.118
0.653
0.697
0.688
2.336
2.391
2.374
1.339
1.366
1.381
1.254
1.260
1.301
0.723
0.796
0.764
0.695
0.725
0.712
1.271
1.290
1.297
0.297
0.380
0.352
0.624
0.652
0.623
0.670
0.684
0.676
1.226
1.263
1.307
0.727
0.769
0.751
0.818
0.883
0.887
0.427
0.447
0.459
0.691
0.723
0.709
0.577
0.614
0.607
0.993
1.001
1.004
0.682
0.692
0.663
0.981
0.986
0.987
0.543
0.569
0.581
1.153
1.172
1.190
0.644
0.735
0.711
2.964
3.129
3.032
2.964
3.129
3.032
2.964
3.129
3.032
0.822
0.898
0.919
0.695
0.725
0.712
1.679
1.704
1.684
1.183
1.218
1.207
0.567
0.569
0.585
0.825
0.855
0.863
0.615
0.670
0.685
1.095
1.131
1.125
0.762
0.777
0.779
1.599
1.610
1.600
0.557
0.562
0.567
2.340
2.352
2.383
0.788
0.780
0.791
0.695
0.725
0.712
0.636
0.674
0.689
0.968
0.987
0.983
0.464
0.445
0.485
2.181
2.217
2.230
0.645
0.783
0.777
1.020
1.103
1.110
2.189
2.267
2.276
0.568
0.592
0.595
0.567
0.647
0.697
1.694
1.725
1.715
1.179
1.204
1.182
1.558
1.587
1.579
1.281
1.283
1.288
1.676
1.705
1.712
1.102
1.143
1.141
1.089
1.205
1.151
1.859
1.886
1.923
1.126
1.159
1.179
1.870
1.899
1.929
1.056
1.064
1.087
1.264
1.285
1.337
1.233
1.203
1.234
0.336
0.412
0.422
0.921
1.031
1.042
1.520
1.495
1.557
1.844
1.883
1.875
2.157
2.191
2.191
0.965
0.994
0.983
2.448
2.448
2.364
0.761
0.779
0.757
1.824
1.850
1.839
1.483
1.524
1.600
1.033
1.072
1.091
1.317
1.343
1.324
0.966
1.023
1.030
2.608
2.636
2.623
1.707
1.785
1.749
1.379
1.452
1.504
1.741
1.715
1.767
0.677
0.775
0.748
1.591
1.618
1.524
1.345
1.388
1.408
1.490
1.441
1.624
2.557
2.611
2.621
2.124
2.117
2.145
0.674
0.699
0.684
1.368
1.423
1.434
1.596
1.636
1.633
1.416
1.439
1.485
1.098
1.321
1.273
1.049
1.132
1.159
1.582
1.574
1.568
0.791
0.781
0.787
0.916
0.910
1.016
1.173
1.249
1.213
1.240
1.261
1.271
0.739
0.754
0.714
0.739
0.754
0.714
0.949
0.996
0.984
1.210
1.221
1.207
0.539
0.534
0.552
2.031
2.148
2.056
1.477
1.409
1.432
0.693
0.742
0.665
0.270
0.416
0.406
0.541
0.527
0.561
0.983
1.007
1.020
2.126
2.088
2.095
1.147
1.098
1.079
0.240
0.280
0.304
1.809
1.794
1.882
0.609
0.611
0.651
0.738
0.804
0.772
0.655
0.692
0.694
1.562
1.573
1.585
1.217
1.230
1.212
2.004
2.057
2.013
1.136
0.931
0.919
1.971
1.962
1.959
1.458
1.461
1.474
0.975
0.994
1.000
1.600
1.801
1.717
0.455
0.462
0.486
2.281
2.367
2.315
1.632
1.668
1.663
0.741
0.791
0.793
1.134
1.138
1.168
0.775
0.805
0.811
1.086
1.180
1.122
1.264
1.278
1.282
2.441
2.458
2.495
0.736
0.766
0.790
1.096
1.208
1.293
0.982
1.027
1.039
0.662
0.642
0.836
1.444
1.486
1.483
0.315
0.355
0.366
1.289
1.309
1.251
0.875
0.919
0.898
2.504
2.510
2.528
1.700
2.061
1.840
0.563
0.617
0.599
0.406
0.437
0.443
1.091
1.119
1.168
2.033
2.036
1.965
0.857
0.868
0.835
1.259
1.256
1.250
0.583
0.607
0.990
0.834
0.854
0.860
1.593
1.644
1.622
0.782
0.827
0.833
2.762
2.794
2.806
3.058
3.062
3.064
1.153
1.267
1.281
1.151
1.168
1.160
1.752
1.759
1.768
1.417
1.443
1.435
1.685
1.803
1.763
1.004
1.005
0.993
0.961
1.038
1.035
1.128
1.165
1.128
0.695
0.745
0.729
0.250
0.260
0.264
1.076
1.113
1.090
0.826
0.884
0.888
0.634
0.659
0.667
2.032
2.096
2.104
1.228
1.395
1.350
1.108
1.164
1.147
0.587
0.679
0.721
1.625
1.774
1.710
1.508
1.498
1.519
0.689
0.715
0.724
1.859
1.967
1.723
1.283
1.343
1.428
1.297
1.339
1.320
0.612
0.591
0.605
2.294
2.297
2.326
0.587
0.666
0.640
0.587
0.607
0.640
1.496
1.510
1.509
0.502
0.580
0.612
0.752
0.774
0.784
0.509
0.608
0.604
0.730
0.753
0.758
0.612
0.627
0.645
0.802
0.791
0.735
0.740
0.711
0.747
1.440
1.429
1.442
0.917
0.925
0.899
0.805
0.870
0.848
0.552
0.582
0.717
1.562
1.527
1.585
2.655
2.634
2.660
1.298
1.316
1.323
0.817
0.805
0.846
0.744
0.767
0.763
0.673
0.659
0.700
1.432
1.431
1.420
0.511
0.569
0.580
1.347
1.332
1.366
0.666
0.754
0.734
0.379
0.413
0.445
0.515
0.535
0.548
1.368
1.373
1.367
1.571
1.578
1.570
0.578
0.590
0.606
0.991
0.997
1.005
0.695
0.725
0.712
0.695
0.725
0.712
1.298
1.334
1.328
1.083
1.264
1.278
0.834
0.893
0.895
0.484
0.480
0.548
0.793
1.060
0.960
0.896
0.964
0.971
0.383
0.408
0.486
0.919
0.953
1.044
2.214
2.233
2.264
0.749
0.804
0.818
2.250
2.241
2.234
0.877
1.024
0.958
0.722
0.751
0.761
1.763
1.795
1.794
1.669
1.695
1.701
0.988
0.987
0.992
0.625
0.709
0.695
1.068
1.076
1.086
0.640
0.665
0.683
0.749
0.760
0.738
2.364
2.393
2.402
2.080
2.076
2.082
1.465
1.490
1.504
0.969
0.933
0.999
1.625
1.687
1.651
0.574
0.620
0.642
1.263
1.285
1.314
1.083
1.153
1.139
1.693
1.717
1.714
0.723
0.746
0.760
1.088
1.113
1.134
1.182
1.227
1.215
2.753
2.771
2.762
0.600
0.628
0.600
0.600
0.696
0.654
0.832
0.834
0.872
0.406
0.450
0.458
0.738
0.767
0.757
1.469
1.515
1.477
0.482
0.491
0.503
1.091
1.158
1.161
0.530
0.583
0.587
1.891
1.946
1.951
1.073
1.117
1.122
0.725
0.787
0.842
0.705
0.788
0.810
2.740
2.809
2.769
1.949
1.953
1.937
1.320
1.325
1.364
1.114
1.130
1.126
0.601
0.629
0.619
0.752
0.816
0.805
0.789
0.820
0.805
1.658
1.737
1.713
1.150
1.134
1.159
0.726
0.769
0.744
1.165
1.101
1.211
1.672
1.779
1.713
0.869
0.898
0.905
1.024
1.019
1.024
1.235
1.268
1.265
0.426
0.445
0.497
1.466
1.489
1.483
1.320
1.309
1.383
0.980
0.979
0.987
1.162
1.205
1.182
1.664
1.669
1.651
1.046
1.104
1.136
1.434
1.452
1.440
0.248
0.229
0.298
0.477
0.407
0.482
0.705
0.700
0.707
0.883
0.893
0.910
0.756
0.791
0.772
0.756
0.778
0.780
1.400
1.426
1.440
1.009
1.057
1.025
1.221
1.353
1.256
1.120
1.145
1.156
1.075
1.118
1.095
0.254
0.311
0.305
0.760
0.763
0.788
0.618
0.651
0.637
0.235
0.317
0.313
0.543
0.552
0.593
1.014
1.303
1.291
1.351
1.418
1.420
2.597
2.646
2.628
0.719
0.806
0.789
0.669
0.725
0.744
0.799
0.868
0.859
1.047
1.052
1.073
1.965
1.993
1.958
0.759
0.757
0.765
1.200
1.212
1.247
2.910
2.926
2.926
1.291
1.338
1.396
0.826
0.867
0.845
0.644
0.634
0.659
1.049
1.115
1.036
1.865
1.935
1.894
1.956
2.055
2.011
1.968
2.078
2.024
0.921
0.950
0.957
0.787
0.798
0.829
0.513
0.586
0.608
0.756
1.107
0.959
0.633
0.665
0.660
0.459
0.550
0.547
0.404
0.434
0.382
1.066
1.178
1.170
0.912
0.965
0.966
0.445
0.523
0.473
1.219
1.183
1.230
1.306
1.294
1.314
0.222
0.530
0.283
0.807
0.842
0.850
0.850
0.847
0.847
0.694
0.734
0.714
0.886
0.905
0.917
0.480
0.507
0.526
0.558
0.577
0.582
1.014
1.343
1.095
1.032
1.022
1.032
0.453
0.488
0.496
1.629
1.628
1.644
1.532
1.649
1.596
1.977
1.966
1.995
0.670
0.704
0.726
0.662
0.693
0.728
0.812
0.870
0.877
0.929
1.215
1.123
0.840
0.842
0.831
1.612
1.676
1.677
0.739
0.767
0.782
1.111
1.268
1.277
0.772
0.758
0.806
0.793
0.866
0.834
0.696
0.714
0.727
1.812
1.871
1.836
0.584
0.581
0.677
1.065
1.084
1.078
0.901
0.890
0.877
0.594
0.712
0.697
1.201
1.202
1.174
0.667
0.859
0.812
2.117
2.132
2.136
0.958
1.010
1.105
1.411
1.414
1.441
0.688
0.689
0.682
1.350
1.347
1.347
0.815
0.843
0.835
1.806
1.786
1.792
0.742
0.980
1.197
0.680
0.674
0.704
1.759
1.789
1.724
1.716
1.732
1.750
0.841
1.156
1.116
2.154
2.130
2.103
0.585
0.600
0.581
0.566
0.593
0.592
0.306
0.341
0.327
0.515
0.534
0.537
1.040
1.087
1.071
0.925
0.952
0.954
1.101
1.230
1.077
0.936
0.958
0.950
0.944
0.949
0.955
1.103
1.148
1.124
1.445
1.492
1.474
1.515
1.553
1.614
0.792
0.809
0.889
0.437
0.469
0.456
0.541
0.536
0.567
0.704
0.744
0.730
0.955
0.961
0.957
0.437
0.469
0.456
0.361
0.402
0.385
0.437
0.469
0.456
1.843
1.836
1.849
1.384
1.387
1.408
1.614
1.624
1.613
1.168
1.190
1.266
0.727
0.733
0.748
1.357
1.408
1.348
1.112
1.140
1.115
0.533
0.555
0.608
1.769
1.786
1.773
2.431
2.541
2.544
0.680
0.733
0.757
0.433
0.582
0.558
1.675
1.688
1.692
1.153
1.209
1.213
0.979
1.049
0.988
0.594
0.631
0.655
0.741
0.761
0.781
0.681
0.783
0.807
1.349
1.327
1.396
1.028
1.132
1.122
0.696
0.763
0.781
0.276
0.319
0.338
1.331
1.413
1.429
0.674
0.689
0.715
0.323
0.362
0.367
0.815
0.821
0.830
0.558
0.613
0.601
0.653
0.675
0.677
0.817
0.953
0.879
1.327
1.314
1.308
2.100
2.081
2.123
1.987
2.116
2.077
0.804
0.854
0.847
1.037
1.130
1.187
0.532
0.585
0.574
0.824
0.846
0.873
1.597
1.654
1.621
1.710
1.726
1.740
1.439
1.440
1.470
1.439
1.440
1.470
1.310
1.324
1.349
1.395
1.413
1.399
1.758
1.796
1.774
0.906
0.960
0.980
1.323
1.381
1.371
1.224
1.349
1.346
1.134
1.148
1.153
0.908
0.950
0.934
2.313
2.458
2.412
1.461
1.572
1.478
0.272
0.305
0.344
2.881
2.900
2.861
1.314
1.392
1.426
0.965
1.181
1.150
0.380
0.766
0.753
2.241
2.290
2.266
1.725
1.726
1.722
0.595
0.686
0.672
0.942
0.952
0.935
1.627
1.631
1.683
1.741
1.774
1.775
2.340
2.389
2.447
0.912
0.895
0.922
0.843
0.898
0.905
1.254
1.292
1.293
1.849
1.885
1.872
1.065
1.100
1.121
0.865
0.914
0.922
0.765
0.794
0.836
1.552
1.529
1.563
0.736
0.722
0.753
1.970
1.996
1.990
1.220
1.245
1.238
1.299
1.340
1.390
1.915
1.948
1.999
0.901
0.869
0.928
1.146
1.150
1.132
1.093
1.122
1.080
1.360
1.401
1.399
0.278
0.285
0.272
1.420
1.477
1.414
1.271
1.274
1.349
0.903
0.908
0.926
1.584
1.590
1.643
2.073
2.077
2.111
1.760
1.827
1.823
1.086
1.084
1.185
1.386
1.428
1.388
1.725
1.759
1.762
0.555
0.591
0.567
0.651
0.651
0.729
1.769
1.911
1.999
1.631
1.643
1.625
0.638
0.629
0.653
1.001
1.037
1.045
3.180
3.212
3.200
3.032
3.210
3.134
1.417
1.427
1.420
1.712
1.726
1.776
0.574
0.749
0.764
0.762
0.834
0.803
0.455
0.533
0.512
0.942
1.013
1.018
1.188
1.280
1.270
0.679
0.853
0.703
0.679
0.841
0.830
0.640
0.803
0.782
1.518
1.496
1.536
1.600
1.726
1.784
0.275
0.268
0.276
0.540
0.584
0.566
1.064
1.068
1.068
1.614
1.616
1.652
1.999
2.069
2.035
1.514
1.536
1.616
1.738
1.746
1.798
1.149
1.131
1.154
1.486
1.561
1.509
0.773
0.808
0.835
1.086
1.040
1.126
1.811
1.804
1.802
1.290
1.296
1.301
1.325
1.356
1.385
0.607
0.682
0.682
0.485
0.425
0.469
1.153
1.208
1.237
0.655
0.607
0.630
0.584
0.594
0.599
1.245
1.214
1.240
1.175
1.284
1.250
0.649
0.651
0.632
0.262
0.333
0.315
0.643
0.631
0.713
1.143
1.172
1.188
0.563
0.713
0.672
0.555
0.565
0.546
1.333
1.342
1.342
1.694
1.725
1.724
0.631
0.676
0.679
0.819
0.889
0.906
0.916
1.201
1.002
2.501
2.531
2.573
1.505
1.560
1.542
0.490
0.547
0.519
1.728
1.790
1.788
1.130
1.174
1.221
1.183
1.211
1.240
1.605
1.609
1.650
1.463
1.598
1.549
0.771
0.854
0.776
0.771
0.854
0.776
0.654
0.718
0.782
0.672
0.869
0.860
0.695
0.864
0.822
1.987
2.046
2.067
0.283
0.300
0.649
0.332
0.354
0.438
1.839
1.840
1.839
0.601
0.720
0.676
0.992
1.054
1.109
0.936
0.887
0.938
0.335
0.349
0.381
0.692
0.705
0.739
1.145
1.197
1.194
0.373
0.509
0.459
0.941
0.938
0.947
0.963
0.994
1.034
0.731
0.799
0.765
0.808
0.827
0.856
1.562
1.592
1.619
1.313
1.373
1.334
0.944
0.935
0.931
0.550
0.555
0.526
1.145
1.154
1.164
0.924
1.160
1.018
0.690
0.699
0.794
1.126
1.169
1.148
1.126
1.212
1.296
1.771
1.797
1.801
1.279
1.275
1.264
1.103
1.142
1.165
1.115
1.338
1.260
2.608
2.635
2.621
0.809
0.857
0.878
0.724
0.806
0.791
1.248
1.300
1.275
0.363
0.543
0.553
0.916
0.922
0.953
0.441
0.473
0.459
0.761
0.795
0.813
1.624
1.599
1.633
0.673
0.687
0.704
0.738
0.757
0.732
0.439
0.433
0.455
1.720
1.774
1.753
0.896
0.922
0.919
1.160
1.204
1.171
1.584
1.584
1.623
0.614
0.603
0.578
2.578
2.642
2.597
1.197
1.252
1.244
1.359
1.422
1.412
0.840
0.877
0.891
0.995
0.997
0.976
1.394
1.403
1.405
1.377
1.581
1.548
1.206
1.196
1.211
1.090
1.125
1.073
0.782
0.796
0.791
1.051
1.068
1.066
2.247
2.246
2.267
1.572
1.612
1.592
0.924
1.052
0.949
1.071
1.111
1.108
0.478
0.517
0.514
0.625
0.652
0.662
0.676
0.694
0.656
0.761
0.944
0.957
1.576
1.589
1.574
0.460
0.486
0.484
1.410
1.425
1.415
1.418
1.484
1.691
0.982
1.013
0.990
1.179
1.199
1.200
1.253
1.310
1.297
0.646
0.661
0.648
1.543
1.555
1.559
0.775
0.764
0.827
1.631
1.704
1.768
0.944
0.964
0.994
0.857
0.923
0.947
0.441
0.473
0.459
1.039
1.014
1.083
1.635
1.710
1.632
1.219
1.251
1.265
1.489
1.483
1.512
1.022
1.110
1.041
1.351
1.420
1.416
1.487
1.493
1.500
0.928
0.963
0.974
0.649
0.713
0.759
0.790
0.816
0.803
0.641
0.677
0.688
0.783
0.781
0.827
0.799
0.932
0.875
0.392
0.410
0.490
1.776
2.018
2.100
0.754
0.781
0.776
0.682
0.694
0.706
1.063
1.631
1.405
0.932
0.960
0.940
2.722
2.724
2.751
0.279
0.353
0.378
0.552
0.563
0.584
0.623
0.603
0.548
0.645
0.644
0.648
0.216
0.264
0.305
1.695
1.719
1.766
0.178
0.234
0.240
1.399
1.472
1.456
0.674
0.788
0.733
1.293
1.324
1.323
0.449
0.483
0.469
1.619
1.611
1.626
1.124
1.164
1.195
1.110
1.296
1.222
1.112
1.109
1.123
0.802
0.829
0.849
1.305
1.297
1.305
1.871
1.902
1.887
0.279
0.297
0.287
1.809
1.852
1.743
1.780
1.861
1.972
0.881
0.904
0.895
0.614
0.739
0.750
0.319
0.326
0.360
0.420
0.518
0.502
1.593
1.586
1.627
0.700
0.754
0.761
0.290
0.407
0.411
1.867
1.865
1.885
0.551
0.587
0.621
0.642
0.703
0.752
1.170
1.161
1.156
1.298
1.329
1.304
1.269
1.377
1.337
0.743
0.758
0.731
0.850
0.874
0.870
0.778
0.867
0.844
0.520
0.553
0.556
1.011
1.010
1.027
1.382
1.420
1.362
1.803
2.145
2.149
2.183
2.183
2.176
1.989
1.964
2.042
0.544
0.506
0.558
1.078
1.056
1.070
1.906
1.895
1.934
2.057
2.098
2.091
1.323
1.362
1.401
0.824
0.905
0.890
0.548
0.539
0.567
1.482
1.483
1.493
1.982
1.972
2.026
1.093
1.262
1.235
2.492
2.545
2.523
1.657
1.651
1.662
0.628
0.662
0.672
0.743
0.752
0.755
0.965
0.954
1.008
1.195
1.257
1.198
0.761
0.788
0.782
1.291
1.304
1.298
1.142
1.164
1.163
0.776
0.862
0.849
0.812
0.814
0.858
0.900
0.910
1.198
1.007
1.013
1.000
1.609
1.649
1.612
2.075
2.149
2.181
0.801
0.808
0.807
0.859
0.893
0.892
1.226
1.236
1.314
0.664
0.843
0.873
0.607
0.767
0.578
1.126
1.170
1.136
0.604
0.608
0.650
0.527
0.596
0.622
0.871
1.012
0.984
1.202
1.318
1.273
1.121
1.140
1.147
1.826
1.928
1.926
1.122
1.179
1.140
1.794
1.798
1.821
0.964
1.002
1.021
1.281
1.329
1.344
0.914
0.949
0.985
1.673
1.724
1.733
1.148
1.143
1.172
0.620
0.704
0.720
1.983
2.005
1.997
0.350
0.427
0.414
0.869
0.795
0.794
1.206
1.206
1.224
0.660
0.670
0.670
0.299
0.326
0.320
0.581
0.823
0.734
0.977
1.018
1.036
1.232
1.218
1.274
1.960
1.966
1.969
0.934
1.046
1.027
1.490
1.535
1.568
0.593
0.597
0.612
1.593
1.635
1.685
0.523
0.639
0.630
1.095
1.267
1.200
0.916
1.005
0.986
1.141
1.226
1.212
1.372
1.490
1.350
1.372
1.495
1.452
1.888
1.893
1.907
1.287
1.291
1.291
1.923
1.919
1.932
1.052
1.069
1.064
1.509
1.512
1.508
1.844
1.898
1.877
1.707
1.714
1.715
2.144
2.153
2.170
1.319
1.466
1.417
0.730
0.801
0.799
1.375
1.348
1.696
0.306
0.372
0.377
0.713
0.690
0.715
2.208
2.211
2.154
0.961
0.933
0.820
1.491
1.505
1.514
0.515
0.530
0.555
0.850
1.012
0.931
0.849
0.838
0.848
1.055
1.282
1.313
0.990
0.985
1.017
1.101
1.274
1.248
1.403
1.449
1.428
0.632
0.643
0.648
1.023
1.045
1.310
0.491
0.527
0.520
0.302
0.576
0.442
1.405
1.425
1.438
0.690
0.668
0.719
0.407
0.410
0.467
0.849
0.989
0.922
1.606
1.670
1.702
0.952
1.008
1.022
1.242
1.413
1.354
1.535
1.595
1.476
1.358
1.374
1.418
0.802
0.816
0.784
0.838
0.847
0.899
0.896
1.124
0.980
1.002
0.998
1.072
1.378
1.521
1.478
0.164
0.267
0.308
1.348
1.267
1.345
2.151
2.154
2.154
1.948
1.911
1.977
0.280
0.327
0.344
1.314
1.374
1.396
1.081
1.114
1.167
1.024
1.045
1.125
1.215
1.329
1.317
1.916
1.928
2.003
2.737
2.764
2.791
1.838
1.883
1.879
1.698
1.747
1.722
0.791
0.833
0.846
1.782
1.804
1.794
1.526
1.532
1.507
1.063
1.358
1.082
1.602
1.657
1.672
1.407
2.164
2.363
0.615
0.666
0.688
1.868
1.848
1.871
1.666
1.722
1.768
0.662
0.676
0.692
1.847
1.903
1.894
1.303
1.327
1.379
1.780
1.799
1.751
1.009
1.047
1.055
0.985
1.017
0.992
0.840
0.936
0.926
0.640
0.681
0.795
1.543
1.586
1.554
0.938
0.920
0.973
0.806
0.807
0.762
0.698
0.708
0.723
1.536
1.599
1.606
1.854
1.898
1.856
0.688
0.770
0.739
0.489
0.538
0.580
0.547
0.570
0.587
1.145
1.120
1.164
0.605
0.724
0.669
0.343
0.401
0.315
0.312
0.335
0.358
0.303
0.358
0.387
1.265
1.293
1.344
1.141
1.127
1.128
0.667
0.682
0.682
1.248
1.295
1.304
1.725
1.882
1.766
0.419
0.472
0.558
0.999
1.046
1.371
1.985
2.059
2.112
1.868
1.874
1.903
1.119
1.218
1.110
2.129
2.172
2.211
1.447
1.482
1.496
0.631
0.686
0.798
0.711
0.795
0.797
0.530
0.718
0.682
1.033
1.046
1.098
0.912
0.923
0.927
0.983
1.054
1.047
0.775
0.817
0.818
0.209
0.297
0.317
1.339
1.381
1.402
1.223
1.272
1.224
1.567
1.572
1.584
2.144
2.162
2.151
0.736
0.791
0.785
1.755
1.750
1.739
0.927
1.123
0.989
0.820
0.834
0.841
1.124
1.104
1.109
1.243
1.457
1.167
1.102
1.233
1.163
1.329
1.312
1.355
0.576
0.609
0.630
0.795
0.789
0.838
1.075
1.140
1.126
0.632
0.720
0.766
0.626
0.651
0.635
0.366
0.442
0.447
0.420
0.407
0.452
0.522
0.648
0.615
0.717
0.785
0.789
0.749
0.858
0.820
1.419
1.484
1.430
1.433
1.462
1.620
1.249
1.259
1.295
1.119
1.144
1.149
0.687
0.677
0.681
1.094
1.109
1.111
1.593
1.645
1.652
0.623
0.583
0.664
0.636
0.670
0.669
1.380
1.397
1.422
1.167
1.216
1.244
1.282
1.251
1.284
0.840
0.885
0.907
0.823
0.856
0.863
2.227
2.240
2.237
0.984
1.127
1.062
1.543
1.532
1.588
1.101
1.131
1.464
0.300
0.378
0.319
1.865
1.912
1.922
0.299
0.601
0.606
0.482
0.514
0.523
1.154
1.179
1.186
1.118
1.138
1.149
0.914
0.958
0.959
0.979
0.964
0.999
0.588
0.877
0.789
0.739
0.775
0.818
0.822
0.856
0.837
1.070
1.064
1.069
0.540
0.611
0.599
1.492
1.758
1.538
0.390
0.406
0.408
0.515
0.707
0.619
1.749
1.760
1.757
0.230
0.321
0.322
0.667
0.713
0.721
0.588
0.611
0.661
0.946
1.025
1.009
0.689
0.737
0.773
0.400
0.456
0.480
0.665
0.666
0.678
0.920
0.931
0.948
0.927
0.979
0.974
1.156
1.321
1.252
0.997
1.057
1.038
0.690
0.691
0.692
1.741
1.764
1.782
1.346
1.385
1.434
1.289
1.281
1.253
1.368
1.415
1.428
0.609
0.639
0.591
0.807
0.949
0.828
0.967
1.015
0.989
0.848
0.843
0.832
1.558
1.590
1.587
1.089
1.089
1.144
0.302
0.330
0.319
0.381
0.441
0.442
0.737
0.691
0.784
0.609
0.728
0.708
1.339
1.372
1.360
1.343
1.422
1.452
0.975
0.987
0.963
1.279
1.294
1.312
1.105
1.102
1.103
1.333
1.340
1.392
0.764
0.790
0.778
1.705
1.726
1.752
0.830
0.896
0.889
0.528
0.537
0.534
2.123
2.139
2.134
0.923
0.947
0.973
0.685
0.747
0.812
0.779
0.825
0.804
0.752
0.756
0.762
1.231
1.283
1.288
2.422
2.454
2.441
1.250
1.301
1.282
0.727
0.788
0.784
1.209
1.212
1.210
0.922
1.006
1.006
0.760
0.773
0.779
0.440
0.453
0.458
0.710
0.722
0.724
0.920
0.931
0.906
0.980
1.010
0.989
1.052
1.073
1.090
0.337
0.363
0.358
0.463
0.492
0.490
1.365
1.378
1.379
0.898
0.881
0.937
1.556
1.555
1.584
1.235
1.245
1.259
0.968
1.011
0.971
0.765
0.791
0.707
1.014
1.235
1.066
1.067
1.055
1.065
1.571
1.626
1.613
1.888
1.920
1.897
0.359
0.367
0.388
1.015
0.995
1.006
0.502
0.498
0.495
1.571
1.597
1.661
1.838
1.803
1.778
0.541
0.576
0.566
1.491
1.500
1.529
0.651
0.690
0.663
1.097
1.118
1.105
1.224
1.255
1.275
1.923
1.948
1.946
1.772
1.783
1.807
1.120
1.143
1.163
1.186
1.172
1.195
2.829
2.828
2.826
0.791
0.833
0.818
1.135
1.181
1.206
1.010
1.077
1.067
1.749
1.780
1.759
1.647
1.660
1.670
0.985
0.990
1.005
1.251
1.284
1.272
1.282
1.359
1.329
1.217
1.193
1.125
0.715
0.717
0.736
0.895
0.948
0.951
0.823
0.835
0.853
1.475
1.484
1.477
1.813
1.810
1.776
1.020
1.074
1.073
1.213
1.413
1.554
1.224
1.228
1.193
0.986
1.186
1.214
1.429
1.438
1.451
1.077
1.197
1.473
1.931
1.964
2.037
0.368
0.549
0.563
1.388
1.406
1.407
1.644
1.673
1.721
0.544
0.600
1.003
1.650
1.695
1.736
1.894
1.917
1.936
0.830
0.829
0.835
0.970
0.987
0.992
1.427
1.431
1.439
1.342
1.360
1.365
0.786
0.810
0.865
1.348
1.435
1.363
0.804
0.825
1.222
0.946
0.943
0.942
1.284
1.293
1.297
0.444
0.441
0.465
1.246
1.363
1.285
1.845
1.875
1.875
2.834
2.822
2.844
1.287
1.331
1.334
0.814
0.817
0.812
0.982
0.978
0.987
1.109
1.160
1.145
1.451
1.449
1.477
1.310
1.321
1.317
1.888
1.892
1.889
1.784
1.798
1.764
1.222
1.228
1.269
0.621
0.618
0.643
0.738
0.755
0.758
0.695
0.706
0.709
1.928
1.996
1.924
0.451
0.449
0.503
1.433
1.442
1.440
1.910
1.906
1.913
2.039
2.013
2.118
2.218
2.245
2.250
1.680
1.830
1.777
1.310
1.382
1.360
0.556
0.570
0.598
0.760
0.962
0.862
2.105
2.116
2.101
0.514
0.519
0.530
0.185
0.295
0.320
0.696
0.835
0.851
0.895
0.934
0.927
0.668
1.019
1.010
1.198
1.451
1.352
0.201
0.409
0.269
0.809
0.873
0.877
1.245
1.330
1.279
1.066
1.056
1.109
0.815
0.841
0.813
1.098
1.159
1.090
0.631
0.653
0.658
1.313
1.371
1.336
2.016
2.025
2.016
1.185
1.194
1.273
1.247
1.318
1.324
1.063
1.160
1.099
0.800
0.829
0.823
0.418
0.464
0.456
0.631
0.640
0.635
1.886
1.926
1.898
1.022
1.173
1.164
0.694
0.695
0.683
0.343
0.366
0.395
0.810
0.829
0.906
0.620
0.643
0.647
0.976
1.069
1.059
0.492
0.524
0.560
1.233
1.292
1.245
0.858
0.841
0.849
1.186
1.180
1.219
1.698
1.738
1.779
1.285
1.331
1.317
1.387
1.493
1.550
1.196
1.208
1.217
0.303
0.336
0.350
0.278
0.340
0.357
0.359
0.358
0.396
0.857
0.897
0.906
0.984
1.016
1.041
0.901
1.113
0.891
1.373
1.395
1.405
0.805
0.844
0.858
1.514
1.758
1.628
1.386
1.503
1.451
0.677
0.670
0.692
0.758
0.770
0.752
0.292
0.320
0.335
1.411
2.200
1.583
1.745
1.755
1.764
0.280
0.295
0.309
1.334
1.324
1.310
0.992
0.986
0.988
0.784
0.824
0.857
2.140
2.134
2.193
1.891
1.801
1.887
1.563
1.576
1.567
