0.831
1.094
0.977
1.482
1.547
1.457
0.602
0.852
0.808
1.648
1.736
1.731
2.835
2.886
2.801
1.247
1.372
1.305
1.754
1.733
1.617
2.379
2.535
2.420
2.863
2.957
2.888
2.468
2.735
2.659
1.587
1.623
1.492
0.863
1.194
0.878
2.060
1.827
1.805
1.564
1.700
1.382
0.805
1.037
0.854
0.972
1.111
0.966
0.465
0.910
0.626
1.515
1.752
1.577
1.835
1.837
1.842
2.437
2.692
2.440
2.307
2.227
2.227
2.234
2.455
2.326
1.756
1.697
1.743
1.473
1.729
1.295
1.614
1.249
1.510
1.687
1.667
1.649
1.471
1.714
1.540
0.910
0.902
0.860
1.820
1.652
1.668
0.786
0.863
0.837
2.291
2.117
2.239
2.269
2.412
2.421
1.291
1.310
1.310
2.792
2.631
2.618
0.763
0.948
0.705
2.674
2.829
2.696
1.124
1.300
1.246
1.789
1.618
1.652
1.836
1.980
1.893
1.441
1.421
1.340
1.875
2.199
2.029
1.098
1.107
1.080
1.294
1.537
1.303
2.179
1.804
1.964
1.617
1.518
1.535
2.691
2.771
2.671
1.252
1.463
1.346
0.726
0.885
0.782
1.455
1.682
1.576
1.090
1.258
1.165
1.599
1.756
1.667
2.635
2.439
2.513
1.824
1.624
1.728
2.513
2.616
2.577
2.041
1.747
1.808
2.190
1.977
2.110
2.593
2.410
2.445
1.693
1.741
1.782
1.600
1.618
1.544
2.696
2.831
2.889
1.043
1.257
1.104
2.303
2.463
2.379
2.055
2.183
2.066
1.640
1.514
1.503
1.888
2.106
2.104
2.016
2.078
1.881
2.032
2.005
2.023
2.182
2.335
2.281
1.240
1.590
1.483
1.990
2.037
1.982
1.275
1.434
1.367
0.944
0.903
0.883
2.538
2.443
2.471
2.758
2.801
2.763
1.734
1.925
1.891
1.463
1.632
1.507
1.782
2.023
1.851
1.576
1.692
1.647
1.678
1.795
1.831
1.477
1.596
1.542
3.164
3.304
3.219
2.346
2.603
2.434
1.786
1.703
1.751
1.256
1.442
1.399
3.455
3.396
3.558
0.772
1.120
0.747
0.872
1.328
1.054
1.415
1.500
1.338
0.840
1.094
1.035
2.472
2.379
2.335
0.935
0.926
0.872
1.896
2.028
1.945
1.116
1.257
1.161
2.060
2.052
2.003
1.718
1.817
1.720
1.691
1.522
1.650
1.690
1.973
1.875
1.925
1.756
1.798
0.838
0.931
0.841
0.297
0.517
0.396
0.637
1.196
0.981
2.394
2.535
2.599
1.785
1.975
1.856
1.982
2.234
2.102
0.701
0.848
0.752
0.852
0.717
0.822
2.406
2.570
2.490
1.624
2.353
1.822
2.785
2.839
2.832
1.331
1.557
1.437
1.351
1.760
1.149
1.344
1.402
1.055
1.099
1.418
1.147
1.466
1.661
1.378
3.084
3.159
3.127
1.067
1.243
1.121
3.643
3.511
3.748
0.631
0.683
0.672
2.120
1.914
1.835
0.869
0.994
0.918
2.268
2.427
2.355
1.001
1.100
0.983
0.745
1.309
0.611
0.830
0.941
0.858
4.261
4.287
4.274
0.889
1.061
0.831
2.011
2.134
1.976
1.266
1.378
1.305
1.564
1.714
1.626
2.007
1.997
1.971
2.615
2.431
2.552
2.332
2.376
2.352
2.352
2.303
2.300
1.988
1.836
1.987
0.925
1.135
0.988
0.525
0.808
0.669
1.492
1.072
1.450
1.455
1.518
1.492
1.210
1.327
1.275
1.116
1.256
1.169
1.019
0.985
1.019
0.963
1.102
0.958
2.610
2.813
2.647
1.350
1.266
1.283
1.265
1.384
1.154
1.114
1.309
1.233
1.114
1.384
1.217
2.083
2.233
2.071
1.683
1.597
1.604
1.036
1.250
0.963
1.273
1.229
1.249
1.375
1.481
1.357
1.822
1.806
1.788
1.436
1.610
1.480
0.399
0.577
0.473
1.578
1.746
1.711
0.817
0.621
0.728
2.154
2.060
2.048
2.303
2.259
2.137
1.157
1.718
1.490
1.171
1.402
1.168
1.801
1.866
1.795
3.098
3.033
3.130
2.109
2.027
2.096
1.923
2.081
2.071
1.199
1.349
1.249
1.704
1.968
1.680
0.705
0.992
0.834
1.013
0.946
0.990
1.491
1.422
1.460
0.668
0.963
0.763
1.563
1.517
1.525
0.916
1.143
1.014
1.935
1.853
1.715
0.742
0.796
0.767
1.506
1.419
1.400
2.067
2.080
2.043
3.870
3.843
3.860
2.283
2.215
2.147
1.863
2.062
1.915
0.612
0.560
0.562
1.458
1.552
1.458
1.738
1.824
1.795
1.886
1.992
1.919
1.930
2.290
1.951
1.445
1.476
1.275
2.126
2.306
2.029
2.126
2.396
2.029
2.126
2.348
2.029
1.796
1.698
1.818
1.785
1.693
1.715
2.109
2.256
2.173
1.221
1.467
1.231
1.331
1.446
1.361
1.509
1.561
1.451
1.978
2.073
2.067
1.864
1.847
1.864
1.231
1.495
1.312
1.267
1.543
1.354
1.305
1.484
1.368
1.752
1.824
1.707
1.563
1.760
1.638
1.728
1.610
1.604
1.452
1.659
1.577
1.565
1.723
1.632
1.908
1.976
1.934
1.997
2.401
1.963
0.853
1.012
0.895
1.403
1.579
1.424
1.891
1.721
1.784
2.055
2.185
2.095
2.351
2.166
2.275
0.890
1.037
0.914
1.494
1.645
1.419
2.401
2.488
2.403
2.591
2.654
2.706
2.504
2.681
2.765
1.323
1.135
1.226
1.225
1.236
1.242
2.761
2.831
2.811
2.798
2.877
2.892
1.300
1.382
1.382
0.955
1.078
0.938
1.719
1.599
1.493
1.067
1.189
1.123
1.927
2.203
1.932
1.067
1.201
1.151
1.829
2.028
1.920
1.598
1.710
1.575
1.504
1.843
1.536
2.181
2.184
1.832
0.959
1.191
1.052
1.503
1.814
1.478
1.475
1.764
1.753
1.792
1.997
1.848
1.692
2.174
2.072
1.324
1.417
1.308
0.993
1.073
1.015
2.069
2.179
2.042
1.181
1.283
1.165
1.908
2.161
1.703
2.130
2.144
2.089
1.301
1.573
1.407
1.410
1.552
1.404
1.849
1.931
1.979
2.390
2.419
2.144
1.368
1.585
1.495
2.241
2.461
2.421
1.653
1.609
1.718
1.159
1.303
1.405
1.412
1.597
1.487
2.713
2.793
2.780
2.039
2.022
2.138
2.569
2.651
2.638
1.192
1.188
1.208
2.294
2.458
2.414
3.214
3.522
3.554
2.002
2.170
1.972
1.866
1.661
1.793
1.173
1.314
1.290
0.917
0.973
0.858
2.579
2.565
2.462
0.833
0.941
0.817
2.299
2.513
2.385
1.449
1.295
1.339
1.452
1.692
1.575
1.605
1.653
1.610
0.829
0.997
0.935
2.065
2.114
2.068
1.773
1.770
1.726
1.886
1.763
1.780
1.825
2.033
1.908
2.351
2.280
2.145
0.764
1.053
0.971
1.979
2.302
2.173
2.870
2.987
2.945
2.233
2.386
2.277
0.843
0.971
0.584
2.906
2.802
2.894
3.355
3.400
3.254
2.044
2.143
2.069
0.858
1.109
0.848
1.943
1.782
1.851
0.981
1.116
0.865
1.436
1.378
1.408
0.933
1.045
0.982
1.499
1.668
1.541
1.452
1.533
1.473
1.612
1.705
1.647
2.078
2.193
2.005
2.078
2.193
2.005
1.069
1.249
1.184
1.559
1.736
1.609
1.223
1.299
1.037
0.823
1.026
0.722
2.109
1.937
2.062
1.480
1.321
1.332
1.900
1.799
1.769
1.530
1.733
1.522
1.675
1.770
1.649
2.983
3.141
2.979
0.885
1.026
0.839
0.929
1.081
0.966
1.974
1.860
1.875
3.022
2.701
2.870
1.729
1.809
1.761
2.379
2.446
2.503
2.945
2.927
2.947
3.548
3.481
3.489
0.851
1.215
1.009
1.705
1.410
1.522
0.997
1.161
1.035
2.962
2.971
3.048
0.951
1.122
1.053
2.332
2.442
2.283
2.322
2.125
2.228
3.938
4.092
3.961
0.531
0.684
0.502
1.301
1.461
1.378
1.418
1.412
1.289
1.123
1.139
0.969
1.558
1.728
1.612
1.458
1.571
1.483
3.615
3.438
3.385
2.519
2.414
2.247
1.090
1.064
0.979
1.827
1.907
1.847
1.935
2.047
2.031
2.025
2.085
2.019
3.065
3.009
2.954
2.000
2.106
1.900
1.867
1.817
1.713
0.871
0.803
0.764
0.837
1.157
0.865
1.929
1.905
1.921
0.683
0.915
0.820
1.252
1.482
1.392
1.639
1.751
1.729
2.672
2.874
2.771
2.644
2.856
2.632
1.194
1.494
1.539
2.568
2.583
2.610
2.686
2.803
2.651
1.501
1.587
1.413
1.461
1.532
1.530
2.396
2.575
2.476
2.111
2.290
2.137
0.438
0.582
0.417
2.110
2.143
2.010
1.401
1.414
1.334
0.864
1.027
0.952
1.243
1.452
1.362
1.650
1.689
1.593
2.338
2.569
2.336
2.114
1.995
2.012
0.674
0.875
0.777
2.318
2.094
2.048
2.197
2.065
2.248
1.847
1.737
1.681
1.989
2.151
2.021
1.515
1.651
1.586
1.843
1.914
1.720
2.031
2.080
2.116
1.996
2.012
1.985
1.621
1.749
1.730
4.352
4.429
4.355
2.399
2.441
2.285
2.051
2.217
1.716
1.106
1.307
1.190
0.992
1.119
1.075
0.489
0.751
0.427
0.448
0.592
0.459
1.358
1.407
1.397
1.670
1.889
1.669
1.299
1.874
1.767
1.655
1.745
1.700
0.815
0.958
0.853
2.970
2.696
2.584
2.924
3.030
2.796
2.290
2.337
2.314
1.664
1.824
1.687
3.057
2.852
2.870
1.046
1.368
1.135
1.920
1.840
1.703
1.386
2.001
1.435
1.045
1.232
1.031
1.245
1.336
1.264
1.163
1.383
1.329
1.637
1.822
1.727
2.983
3.091
3.000
1.473
1.569
1.884
2.055
2.225
2.030
2.649
2.709
2.496
2.203
2.624
2.641
1.081
1.162
1.110
1.556
1.428
1.436
2.906
2.795
2.890
1.826
2.066
2.062
1.392
1.691
1.516
0.722
0.754
0.623
2.871
2.741
2.851
0.975
1.130
1.187
1.859
1.706
1.799
1.717
1.695
1.686
1.486
1.604
1.478
1.927
1.991
1.915
1.888
2.046
1.966
0.651
0.920
0.681
0.892
1.266
1.140
1.468
1.696
1.576
2.772
2.853
2.701
1.589
1.839
1.625
1.206
1.396
1.246
1.646
1.981
1.794
0.965
1.181
1.005
0.933
1.258
1.051
2.057
2.066
2.053
2.140
2.095
2.091
2.549
2.599
2.453
1.163
1.299
1.039
1.317
1.533
1.396
0.722
0.811
0.822
2.666
2.437
2.529
1.851
1.718
1.755
2.743
2.885
2.838
2.096
2.380
2.497
1.892
1.920
1.924
2.470
2.538
2.446
1.823
1.913
1.803
2.030
1.959
1.974
2.111
2.235
2.116
2.507
2.465
2.490
2.883
2.905
2.845
1.362
1.568
1.404
1.414
1.553
1.422
0.748
1.108
0.890
1.993
1.999
1.892
2.068
1.871
1.983
1.628
1.724
1.657
1.420
1.505
1.361
1.258
1.447
1.373
1.357
1.545
1.349
1.172
1.238
1.194
1.859
2.022
1.967
1.290
1.397
1.281
1.290
1.397
1.281
3.035
2.987
2.940
0.729
0.997
0.703
1.655
1.724
1.655
1.387
1.436
1.410
2.075
1.966
2.036
2.621
2.764
2.668
0.729
0.997
0.703
2.020
1.899
1.980
3.789
3.694
3.627
0.658
0.860
0.745
3.324
3.462
3.402
0.952
1.108
0.928
1.718
1.780
1.742
1.573
1.650
1.589
1.470
1.613
1.447
1.078
1.138
1.161
1.010
1.297
1.183
1.222
1.308
1.327
1.629
1.782
1.670
1.419
1.706
1.532
1.207
1.373
1.314
1.295
1.185
1.167
1.524
1.654
1.557
1.843
1.968
1.789
1.441
1.739
1.554
1.823
1.822
1.845
3.007
3.191
3.143
1.703
1.634
1.684
3.294
3.848
3.236
2.481
2.709
2.501
1.290
1.448
1.335
1.246
1.490
1.370
1.026
1.170
1.085
0.833
1.250
1.038
2.682
2.644
2.621
2.996
2.990
2.947
2.579
2.699
2.645
2.268
2.350
2.260
2.441
2.561
2.350
2.187
2.188
2.203
1.485
1.610
1.237
1.906
1.975
2.135
1.062
1.328
1.157
1.416
1.196
1.279
0.397
0.472
0.459
1.489
1.718
1.494
1.327
1.547
1.412
1.922
2.000
1.893
1.136
1.211
1.166
1.980
1.712
1.894
1.163
1.312
1.189
0.774
0.927
0.702
1.466
1.751
1.604
1.316
1.433
1.233
1.810
1.942
1.791
1.574
1.771
1.730
2.178
1.992
1.914
1.800
1.884
1.773
2.378
2.443
2.336
1.400
1.666
1.458
2.424
2.152
2.266
0.796
1.077
0.802
0.796
1.077
0.802
2.955
2.909
3.010
2.343
2.590
2.469
1.765
1.973
1.864
0.562
0.920
0.733
1.910
2.303
2.073
2.395
2.104
2.261
1.305
1.470
1.382
0.912
1.090
1.024
1.821
1.762
1.633
0.981
1.369
1.044
0.599
0.915
0.647
2.082
2.057
2.043
3.325
3.461
3.422
0.945
1.019
0.946
1.839
1.938
1.915
1.522
1.612
1.598
0.448
0.777
0.599
1.920
1.971
1.912
1.486
1.814
1.628
2.594
2.762
2.777
2.635
2.677
2.580
3.271
3.282
3.224
2.114
1.943
2.047
2.265
2.490
2.393
2.265
2.546
2.393
1.290
1.354
1.304
2.798
2.766
2.767
2.413
2.695
2.599
2.058
2.242
2.032
1.048
1.078
0.987
1.739
1.990
1.843
1.132
1.381
1.265
2.446
2.728
2.484
1.336
1.421
1.282
2.452
2.568
2.503
2.822
2.731
2.591
3.207
3.388
3.206
2.671
2.765
2.688
3.484
3.287
3.351
0.937
1.026
0.989
2.013
2.092
2.013
1.486
1.594
1.559
1.722
1.911
1.737
1.304
1.512
1.261
2.098
2.231
2.100
1.666
1.884
1.745
0.879
0.998
0.936
1.868
2.127
2.013
1.868
2.173
2.076
1.535
1.511
1.506
1.342
1.387
1.154
1.514
1.580
1.577
1.129
1.174
1.134
0.459
0.690
0.544
1.652
1.857
1.810
1.405
1.279
1.220
1.459
1.044
1.170
1.545
1.668
1.695
1.574
1.569
1.446
2.294
2.064
2.140
1.810
2.055
1.936
1.338
1.580
1.438
0.767
0.793
0.747
1.268
1.377
1.123
1.407
1.727
1.503
2.204
2.630
2.224
2.216
2.333
2.222
1.064
1.166
1.036
1.346
1.472
1.367
1.268
1.492
1.252
2.655
2.693
2.763
1.432
1.478
1.246
1.347
1.455
1.389
1.244
1.658
1.227
2.352
2.522
2.294
1.694
1.928
1.666
3.302
3.409
3.127
3.019
2.843
2.886
2.914
3.014
2.924
1.544
1.710
1.479
1.200
1.297
1.197
0.737
0.814
0.760
1.890
1.881
1.668
2.195
2.450
2.136
2.308
2.430
2.238
1.192
1.184
1.183
1.512
1.794
1.762
1.043
1.189
1.135
1.721
1.905
1.835
0.594
0.689
0.644
0.748
0.950
0.823
1.504
1.684
1.586
1.041
1.200
0.920
2.513
2.540
2.479
2.083
2.037
2.073
2.648
2.834
2.941
2.268
2.360
2.263
2.271
2.360
2.311
1.341
1.538
1.443
1.354
1.438
1.382
2.583
2.353
2.356
1.043
1.141
1.047
0.698
0.898
0.791
1.719
1.866
1.769
1.650
1.776
1.707
1.200
1.347
1.299
0.689
0.885
0.729
1.385
1.436
1.468
2.405
2.500
2.334
1.798
2.051
1.918
0.876
1.140
0.962
1.640
1.587
1.464
0.709
0.878
0.718
0.756
1.042
0.788
0.756
1.033
0.788
1.247
1.309
1.224
3.499
3.582
3.494
0.974
1.094
0.972
1.166
1.486
1.255
2.763
2.904
2.682
3.097
3.221
3.078
2.576
2.449
2.326
2.111
2.251
2.220
2.110
2.043
2.021
2.314
2.399
2.299
1.423
1.219
1.239
2.168
2.195
2.054
1.250
1.173
1.157
1.359
1.105
1.153
2.141
1.881
2.082
1.201
1.433
1.183
1.180
1.294
1.005
1.829
1.731
1.834
1.567
1.509
1.348
1.562
1.673
1.600
2.325
2.245
2.288
3.551
3.706
3.682
0.692
0.705
0.700
0.945
1.044
1.031
0.237
0.411
0.299
0.918
1.103
0.867
1.902
1.783
1.837
1.492
1.546
1.472
2.907
3.389
3.221
0.481
0.871
0.639
1.726
1.799
1.778
1.044
1.240
1.096
1.071
1.125
1.016
2.513
2.820
2.593
2.730
2.597
2.573
1.825
1.760
1.761
1.246
1.466
1.302
2.410
2.386
2.407
0.901
0.907
0.814
1.866
1.873
1.705
1.495
1.637
1.528
2.033
1.986
1.891
2.982
2.958
2.864
2.436
2.509
2.490
0.728
0.795
0.658
2.919
2.989
2.902
1.464
1.448
1.406
1.424
1.652
1.986
2.745
2.947
2.663
1.362
1.526
1.422
1.156
1.163
1.114
1.157
1.322
1.220
2.229
2.176
2.275
2.263
2.564
2.453
2.320
2.411
2.355
1.222
1.237
1.308
1.609
1.704
1.643
1.503
1.619
1.524
1.889
2.183
1.898
1.687
1.835
1.804
0.651
0.842
0.704
1.547
1.490
1.520
2.282
2.612
2.614
1.132
1.006
0.854
3.140
3.101
3.096
1.053
1.124
1.069
1.133
1.231
1.189
1.436
1.518
1.464
2.148
2.216
2.059
1.382
1.195
1.180
2.122
2.263
2.178
4.090
3.882
4.035
1.012
1.209
1.150
2.473
2.675
2.565
0.935
1.170
0.927
0.631
1.120
0.723
0.659
0.790
0.720
3.920
3.856
3.892
1.362
1.435
1.282
1.280
1.582
1.292
1.946
2.133
2.020
0.821
1.037
0.919
1.608
1.797
1.544
2.328
2.295
2.278
0.826
1.217
1.086
1.354
1.402
1.261
0.858
1.041
0.821
2.712
2.747
2.727
2.526
2.548
2.463
1.138
1.310
1.249
3.218
3.296
3.270
1.387
1.491
1.241
1.387
1.594
1.241
2.067
2.374
1.939
1.909
1.625
1.766
1.288
1.536
1.253
1.288
1.502
1.253
1.263
1.332
1.261
1.353
1.358
1.328
1.274
1.389
1.282
1.996
1.933
1.968
1.815
1.703
1.805
1.675
1.987
1.741
1.337
1.308
1.238
3.975
3.942
4.027
0.516
0.836
0.595
1.377
1.424
1.337
0.879
1.110
0.983
0.890
0.966
0.863
0.890
0.966
0.863
1.623
1.567
1.603
2.170
2.065
1.984
1.478
1.555
1.506
2.741
2.610
2.663
2.902
2.743
2.732
1.187
1.390
1.210
2.345
2.550
2.339
1.543
1.255
1.041
1.803
1.964
1.810
0.599
0.950
0.665
2.709
2.665
2.686
2.763
2.632
2.782
1.239
1.404
1.208
1.129
1.310
1.157
1.143
1.398
1.301
2.946
3.084
2.887
1.504
1.746
1.788
1.496
1.425
1.370
0.359
0.586
0.473
1.680
1.706
1.742
2.021
2.153
2.050
3.291
3.083
3.220
0.762
0.973
0.796
0.783
1.391
1.194
1.270
1.627
1.520
1.752
1.785
1.740
0.870
0.963
0.859
0.936
1.011
0.925
1.121
1.226
1.128
1.588
1.785
1.685
2.241
2.316
2.240
2.867
2.863
2.602
2.287
2.379
2.250
1.097
1.210
1.114
1.003
1.048
0.988
0.992
1.130
0.992
1.406
1.360
1.433
1.478
1.453
1.444
1.602
1.622
1.527
1.397
1.014
1.156
1.470
1.490
1.513
0.587
0.982
0.719
0.722
0.912
0.700
1.757
2.091
1.763
1.931
1.833
1.858
1.714
1.978
2.297
1.849
2.123
2.482
1.714
1.978
2.297
1.849
2.123
2.482
1.849
2.123
2.482
1.714
1.978
2.297
1.675
1.925
2.222
1.246
1.321
1.263
1.729
1.790
1.702
1.459
1.383
1.388
1.252
1.432
1.116
1.612
1.849
1.718
1.967
2.049
2.153
0.675
0.899
0.796
1.328
1.342
1.284
1.012
1.106
1.018
2.398
2.470
2.332
2.531
2.635
2.928
1.196
1.388
1.192
1.490
1.537
1.355
0.914
1.008
0.886
1.916
1.997
1.749
1.490
1.566
1.438
3.025
2.939
2.851
1.208
1.216
1.009
1.671
1.605
1.550
1.834
1.484
1.734
0.831
1.061
0.857
1.071
1.202
1.048
2.079
1.850
1.982
1.680
1.782
1.748
0.804
0.924
0.878
1.642
1.673
1.750
1.414
1.523
1.374
2.151
2.168
2.164
1.897
2.016
1.955
1.897
2.016
1.955
2.003
1.738
1.808
0.630
0.801
0.539
1.268
1.381
1.301
2.759
2.738
2.770
2.016
2.387
2.182
1.509
1.340
1.465
1.717
1.908
1.742
0.641
0.970
0.679
1.822
1.760
1.718
2.354
2.302
2.261
0.841
1.168
0.784
1.977
1.944
1.891
1.237
1.446
1.307
1.973
2.088
2.034
1.226
1.117
1.152
1.384
1.344
1.399
2.935
2.766
2.769
1.749
1.648
1.496
2.007
2.060
2.025
1.696
1.711
1.676
0.967
0.871
0.793
1.688
1.656
1.573
0.931
1.279
1.053
0.673
0.796
0.721
3.541
3.576
3.587
2.054
2.178
2.080
1.512
1.614
1.554
1.243
1.342
1.245
0.478
0.728
0.572
1.258
1.164
1.139
0.923
1.400
1.515
1.867
2.070
2.036
3.329
3.728
3.323
1.568
1.629
1.663
2.413
2.376
2.047
1.981
1.902
1.864
1.593
1.752
1.494
1.866
1.858
1.780
2.071
2.250
2.138
1.086
1.093
1.009
1.518
1.551
1.564
2.236
2.150
1.852
1.910
1.915
1.869
1.165
1.129
1.154
1.468
1.576
1.411
1.074
1.253
1.131
0.902
0.800
0.775
3.101
3.113
3.108
0.996
1.085
0.992
1.045
1.133
1.150
1.398
1.286
1.354
1.151
1.278
1.043
1.864
1.912
1.833
2.147
2.078
2.093
1.367
1.671
1.562
0.737
1.188
0.807
2.217
2.028
1.983
0.783
1.068
0.841
2.630
2.634
2.523
2.721
2.762
2.696
0.867
1.049
0.950
0.753
0.853
0.790
1.573
1.980
1.631
1.755
1.946
1.762
2.191
2.170
2.211
2.074
2.061
1.974
2.260
2.308
2.269
1.670
1.797
1.742
3.753
3.675
3.792
1.175
1.126
1.175
1.020
1.220
1.511
1.284
1.663
1.418
0.918
0.747
0.770
2.357
2.405
2.284
1.177
1.093
1.095
0.843
0.769
0.690
1.709
1.676
1.461
3.390
3.335
3.296
1.272
1.446
1.346
1.427
1.530
1.486
1.320
1.569
1.618
0.774
0.953
0.797
0.944
1.112
1.041
2.345
2.145
2.177
0.883
0.999
0.846
1.879
1.814
1.748
1.577
1.555
1.528
0.892
0.924
0.810
0.892
0.933
0.882
0.786
1.082
0.851
2.283
2.445
2.182
1.084
1.285
1.206
1.450
1.460
1.335
1.049
1.049
1.087
1.896
1.838
1.854
2.374
2.385
2.065
1.082
1.158
1.180
0.962
0.793
0.828
1.845
1.771
1.824
1.573
1.810
1.659
2.068
2.043
1.930
1.082
1.158
1.180
1.787
1.903
1.774
1.063
1.139
1.160
1.063
1.139
1.160
1.063
1.139
1.160
0.943
1.129
0.973
1.063
1.139
1.160
1.111
1.175
1.154
0.863
0.973
0.937
1.971
2.051
2.054
1.082
1.158
1.180
1.147
1.192
1.152
0.822
1.058
0.848
2.539
2.491
2.424
1.356
1.439
1.395
2.950
2.840
2.844
1.063
1.139
1.160
1.401
1.080
1.196
1.840
1.882
1.841
1.723
1.773
1.681
1.558
1.784
1.599
2.442
2.461
2.308
0.909
1.393
1.027
2.401
2.316
2.332
4.304
4.205
4.148
1.504
1.321
1.441
0.740
1.059
0.866
0.814
0.936
0.560
0.933
1.293
0.743
0.963
1.109
1.099
1.637
1.595
1.641
0.654
0.715
0.620
1.090
1.542
1.272
2.203
2.319
2.201
1.911
1.916
1.936
2.000
2.083
1.933
0.591
0.930
0.649
1.063
1.430
1.200
1.430
1.631
1.518
1.853
1.886
1.888
2.002
2.108
2.050
1.136
1.358
1.280
1.530
1.617
1.594
1.948
1.962
1.903
1.524
1.431
1.443
2.204
2.244
2.243
1.514
1.260
1.165
2.499
2.660
2.568
1.676
1.561
1.596
2.014
1.979
2.065
1.351
1.410
1.366
1.514
1.559
1.524
1.060
1.340
1.204
1.944
1.942
1.896
0.782
0.920
0.810
1.269
1.807
1.778
1.406
1.404
1.301
1.947
2.071
1.893
1.547
1.581
1.502
1.263
1.379
1.350
1.034
1.027
0.956
1.716
1.769
1.685
2.382
2.214
2.087
0.595
0.765
0.558
1.644
1.574
1.610
0.689
0.827
0.778
0.531
0.773
0.481
1.446
1.695
1.580
1.760
1.710
1.793
1.334
1.620
1.455
2.434
2.672
2.666
2.123
2.060
1.940
1.073
1.230
1.133
2.000
1.906
1.823
0.814
0.936
0.560
2.228
1.994
2.022
1.629
1.633
1.526
0.500
0.544
0.546
0.611
0.755
0.591
1.073
1.134
1.137
0.825
0.881
0.839
0.847
0.922
0.869
1.148
1.200
1.202
1.400
1.389
1.414
1.257
1.334
1.175
0.736
0.874
0.628
0.682
0.624
0.606
0.820
0.887
0.829
1.402
1.576
1.310
0.859
1.065
0.958
1.724
1.709
1.627
0.594
0.875
0.537
2.307
2.279
2.223
1.727
1.606
1.651
0.961
1.028
0.981
0.223
0.621
0.458
1.937
1.988
1.959
0.904
0.911
0.966
0.774
0.845
0.790
1.896
2.048
1.878
2.643
2.763
2.692
0.626
0.904
0.723
1.069
1.317
1.196
0.724
0.925
0.850
0.724
0.925
0.850
1.932
2.006
1.993
1.473
1.265
1.297
2.637
2.685
2.634
1.018
1.111
1.004
2.115
2.104
2.097
0.892
0.798
0.827
1.499
1.382
1.446
1.028
1.127
1.115
0.857
0.703
0.687
2.140
2.079
2.136
1.621
1.666
1.603
3.647
4.177
3.368
1.127
1.189
1.147
2.137
2.053
2.142
1.973
2.148
1.826
0.768
0.867
0.734
1.002
1.134
0.962
1.213
1.143
1.046
2.510
2.564
2.469
1.296
1.480
1.229
1.976
1.905
1.911
1.537
1.745
1.620
1.025
1.069
1.028
1.136
1.191
1.147
1.424
1.656
1.565
1.452
1.665
1.644
1.136
1.191
1.147
1.025
1.069
1.028
1.257
1.199
1.180
1.127
1.189
1.147
2.515
2.446
2.346
1.778
1.905
1.866
0.790
1.124
0.923
1.755
1.834
1.704
1.136
1.191
1.147
1.373
1.461
1.407
1.370
1.331
1.286
0.616
0.869
0.722
1.136
1.191
1.147
0.939
1.111
1.007
1.646
1.904
1.694
1.965
1.898
1.829
1.185
1.299
1.170
2.413
2.570
2.169
1.934
1.777
1.854
1.542
1.538
1.516
1.947
1.917
1.810
2.091
1.909
1.954
1.135
1.277
1.199
1.457
1.794
1.523
3.504
3.587
3.514
1.494
1.769
1.677
3.051
3.100
2.975
1.416
1.481
1.349
0.876
0.974
0.913
1.258
1.141
1.326
3.456
3.420
3.363
1.116
1.073
1.100
2.040
1.831
1.967
1.555
1.678
1.509
2.108
2.019
2.039
2.369
2.388
2.521
1.230
1.384
1.258
1.717
1.823
1.619
1.104
1.491
1.153
0.973
1.076
0.957
0.690
0.899
0.753
2.861
3.114
2.979
1.346
1.324
1.146
1.548
1.486
1.418
3.174
3.226
3.132
1.972
1.942
1.941
0.353
0.475
0.359
1.447
1.531
1.523
2.590
2.442
2.488
0.944
1.244
0.983
0.944
1.129
0.983
1.682
1.916
1.570
0.823
1.050
0.893
1.609
1.599
1.587
1.440
1.552
1.418
1.469
1.381
1.341
1.670
1.808
1.691
0.627
0.691
0.621
1.136
1.191
1.147
1.136
1.191
1.147
1.023
1.066
1.025
0.791
0.965
0.841
1.717
1.809
1.773
1.319
1.495
1.467
1.607
1.708
1.642
0.569
0.862
0.748
1.634
1.666
1.507
0.840
1.113
0.951
0.545
0.784
0.656
1.885
1.971
1.926
2.221
2.123
2.128
1.263
1.318
1.311
1.283
1.333
1.361
1.412
1.876
1.507
1.475
1.307
1.312
1.522
1.397
1.477
1.613
1.814
1.712
1.470
1.624
1.448
1.470
1.795
1.607
1.018
1.023
0.975
1.018
1.046
0.998
1.285
1.581
1.365
2.109
2.083
2.037
1.099
1.077
1.126
1.038
1.091
1.044
1.792
1.467
1.562
1.394
1.026
1.148
1.821
1.648
1.681
2.257
2.163
2.166
1.329
1.386
1.318
3.291
3.349
3.258
1.290
1.674
1.488
1.150
1.085
1.162
0.784
0.773
0.623
0.515
0.661
0.566
1.619
1.391
1.247
0.395
0.567
0.443
1.030
1.254
1.081
0.863
0.870
0.812
0.766
0.937
0.735
2.350
2.392
2.293
2.022
2.177
1.884
1.655
1.301
1.192
0.790
0.645
0.786
1.174
1.193
1.226
1.140
1.449
1.453
0.837
0.994
0.910
1.311
1.450
1.279
2.040
2.069
2.006
2.286
2.368
2.209
2.130
2.136
2.089
0.729
0.774
0.726
1.032
1.281
1.030
1.547
1.527
1.424
2.001
2.081
1.977
1.252
1.402
1.314
1.757
1.711
1.672
1.369
1.589
1.408
1.087
1.272
1.219
0.838
1.052
0.913
0.856
0.915
0.867
0.919
1.026
0.926
0.856
0.915
0.867
0.913
0.996
0.947
0.856
0.915
0.867
1.924
1.979
1.920
1.955
1.988
1.909
1.258
1.491
1.404
0.836
0.891
0.844
1.055
0.924
0.957
0.784
0.960
0.788
1.134
1.116
0.965
2.162
1.993
2.084
1.803
1.808
1.716
0.951
1.325
1.084
1.764
2.034
1.743
2.255
2.333
2.300
2.257
2.465
2.514
2.122
1.940
1.883
1.118
1.205
1.166
0.963
1.264
0.975
3.194
3.283
3.121
2.835
2.810
2.687
1.217
1.431
1.514
1.796
2.037
1.882
2.018
1.867
1.760
1.155
1.477
1.279
1.920
2.017
1.974
1.328
1.211
1.300
1.022
1.346
1.159
2.734
2.797
2.684
1.274
1.507
1.310
1.920
1.857
1.885
0.688
0.950
0.754
0.793
0.889
0.754
1.122
1.450
1.292
2.018
2.025
1.843
1.643
1.761
1.708
1.125
1.203
1.053
1.676
1.952
1.785
2.608
2.645
2.517
1.032
1.392
1.109
0.674
0.871
0.789
1.991
1.939
1.873
2.268
2.418
2.361
1.579
2.123
1.411
1.598
1.469
1.193
1.305
1.396
1.286
0.466
0.587
0.512
1.937
2.093
1.946
1.455
1.530
1.413
2.412
2.582
2.174
2.216
2.163
2.141
1.486
1.371
1.555
1.014
1.328
1.151
1.110
1.424
1.139
2.258
2.564
2.198
0.864
0.948
0.896
0.598
0.769
0.584
1.020
1.029
0.979
2.586
2.583
2.414
2.644
2.490
2.564
1.350
1.259
1.280
0.935
1.045
1.070
0.492
0.764
0.441
1.445
1.539
1.425
1.066
1.216
1.093
0.864
0.948
0.896
2.107
2.169
2.146
1.551
1.567
1.557
1.547
1.531
1.400
0.307
0.777
0.499
1.338
1.358
1.264
1.550
1.640
1.547
0.736
0.625
0.604
1.843
1.928
1.900
1.693
1.659
1.806
0.867
0.932
0.886
1.574
1.645
1.586
1.888
2.024
1.933
1.333
1.456
1.276
1.163
1.317
1.266
1.422
1.326
1.369
0.332
0.553
0.427
0.697
0.985
0.813
1.916
1.877
1.872
1.309
1.366
1.388
1.583
1.633
1.544
1.453
1.322
1.487
0.777
1.058
0.770
1.650
1.996
1.821
3.128
2.979
2.844
1.266
1.277
1.218
0.660
0.772
0.466
1.315
1.464
1.506
1.766
1.731
1.676
0.903
1.018
0.919
1.201
1.062
1.225
1.780
1.902
1.740
1.525
1.337
1.450
1.498
1.699
1.550
0.660
0.855
0.713
1.288
1.401
1.332
1.401
1.451
1.456
1.397
1.634
1.504
1.036
1.571
1.278
2.600
2.590
2.614
2.379
2.237
2.244
1.946
1.966
1.963
1.882
1.969
1.912
1.989
1.622
1.622
2.052
1.766
1.822
1.025
1.256
0.790
2.212
2.392
2.209
1.446
1.745
1.515
0.929
1.185
1.107
1.796
1.867
1.822
1.174
1.272
1.150
0.957
1.418
1.183
1.208
0.987
1.132
2.528
2.677
2.501
2.024
2.147
2.076
1.104
1.215
1.182
0.948
1.051
1.038
1.864
1.822
1.794
2.375
2.420
2.351
1.114
1.097
1.065
1.770
1.951
1.822
1.442
1.312
1.207
2.464
2.247
2.301
1.632
1.750
1.634
1.030
1.061
1.042
0.758
0.846
0.778
1.523
1.327
1.444
1.275
1.051
1.055
1.066
1.029
1.077
1.440
1.331
1.350
1.134
0.977
1.003
1.133
1.699
1.167
2.269
2.074
2.120
1.439
1.545
1.488
1.698
1.645
1.676
1.637
1.702
1.814
1.118
1.389
1.306
1.415
1.317
1.328
0.237
0.845
0.677
1.291
1.416
1.341
0.875
1.082
0.982
1.123
1.367
1.259
1.089
1.159
1.037
1.724
1.992
1.678
2.192
2.126
2.084
3.504
3.877
3.367
1.070
1.196
1.124
1.028
1.103
1.047
1.876
1.993
1.844
0.855
1.102
0.886
1.689
1.596
1.625
2.137
2.345
2.206
1.337
1.376
1.310
0.741
0.811
0.769
0.842
0.785
0.795
1.600
1.708
1.637
0.888
0.965
0.736
2.262
2.223
2.288
1.692
1.947
1.742
1.065
1.142
0.963
1.055
1.062
0.981
1.571
1.639
1.647
2.883
2.934
2.892
1.897
1.926
1.928
2.340
2.410
2.373
1.692
1.975
1.884
1.510
1.379
1.384
1.207
1.333
1.290
1.807
1.799
1.784
1.184
1.216
1.181
1.759
1.720
1.761
1.239
1.240
1.089
1.926
1.868
1.887
2.493
2.323
2.467
2.008
2.016
1.996
1.511
1.524
1.417
1.103
1.103
1.061
1.127
1.300
1.122
1.446
1.473
1.294
1.623
1.631
1.595
1.586
1.990
1.700
2.063
2.063
2.189
1.258
1.594
1.198
0.828
0.977
0.875
0.997
1.023
1.048
1.876
1.839
1.560
3.171
3.221
3.114
1.992
2.170
2.061
2.406
2.743
2.546
1.053
1.241
1.129
0.964
1.344
0.977
0.908
1.050
0.955
1.804
1.893
1.886
0.405
0.546
0.469
0.864
1.012
0.951
1.886
1.935
1.968
0.490
0.714
0.572
