0.937
0.971
1.027
0.935
0.943
1.008
0.937
0.976
1.022
0.952
0.957
1.013
0.813
0.859
0.904
0.809
0.832
0.880
0.929
0.973
1.023
0.934
0.943
1.005
0.913
0.953
1.010
0.931
0.941
1.009
0.900
0.941
0.985
0.917
0.923
0.983
0.770
0.834
0.893
0.760
0.806
0.864
0.876
0.917
0.979
0.888
0.892
0.959
0.915
0.964
1.015
0.927
0.943
1.000
0.885
0.986
0.979
0.895
0.976
0.955
0.901
0.975
0.971
0.910
0.972
0.956
0.892
0.986
0.973
0.909
0.985
0.960
0.890
0.988
0.974
0.928
1.011
0.988
0.851
0.929
0.937
0.864
0.934
0.930
0.768
0.845
0.834
0.776
0.842
0.814
0.860
0.939
0.944
0.853
0.926
0.916
0.964
0.984
1.051
0.950
0.950
1.025
0.961
0.990
1.044
0.957
0.954
1.017
0.831
0.870
0.918
0.820
0.839
0.891
0.945
0.988
1.042
0.943
0.948
1.015
0.929
0.967
1.026
0.938
0.944
1.016
0.922
0.955
1.005
0.929
0.929
0.996
0.795
0.850
0.912
0.771
0.807
0.873
0.903
0.938
1.002
0.897
0.898
0.967
0.935
0.975
1.032
0.936
0.945
1.008
0.908
1.001
0.999
0.900
0.978
0.960
0.920
0.990
0.985
0.917
0.978
0.960
0.915
1.004
0.989
0.918
0.993
0.964
0.913
1.007
0.996
0.933
1.014
0.991
0.873
0.947
0.957
0.874
0.942
0.941
0.785
0.857
0.846
0.783
0.847
0.823
0.884
0.958
0.964
0.864
0.937
0.927
0.945
0.983
1.036
0.938
0.951
1.014
0.940
0.984
1.026
0.949
0.959
1.013
0.817
0.866
0.904
0.810
0.839
0.882
0.930
0.982
1.027
0.936
0.949
1.007
0.914
0.964
1.013
0.929
0.946
1.007
0.908
0.953
0.991
0.915
0.927
0.981
0.777
0.846
0.896
0.765
0.816
0.869
0.887
0.932
0.986
0.886
0.897
0.958
0.922
0.974
1.020
0.927
0.947
1.000
0.889
0.995
0.983
0.893
0.979
0.957
0.908
0.986
0.975
0.911
0.977
0.956
0.892
0.992
0.971
0.906
0.987
0.957
0.895
0.999
0.980
0.923
1.009
0.983
0.862
0.944
0.945
0.866
0.940
0.935
0.775
0.855
0.839
0.777
0.847
0.820
0.868
0.954
0.953
0.859
0.934
0.926
0.960
0.997
1.058
0.951
0.955
1.030
0.963
1.003
1.054
0.955
0.959
1.023
0.836
0.886
0.931
0.823
0.849
0.901
0.950
1.000
1.052
0.942
0.950
1.017
0.935
0.980
1.039
0.941
0.955
1.026
0.926
0.971
1.020
0.927
0.933
1.000
0.796
0.863
0.921
0.787
0.829
0.892
0.902
0.947
1.010
0.896
0.903
0.973
0.938
0.990
1.044
0.939
0.954
1.019
0.909
1.011
1.008
0.904
0.987
0.972
0.925
1.004
1.000
0.919
0.985
0.969
0.912
1.010
0.997
0.914
0.995
0.969
0.920
1.019
1.007
0.934
1.017
0.994
0.878
0.961
0.971
0.879
0.952
0.954
0.788
0.868
0.858
0.797
0.864
0.841
0.883
0.967
0.973
0.866
0.939
0.937
0.948
0.983
1.047
0.942
0.957
1.030
0.947
0.990
1.038
0.949
0.961
1.023
0.823
0.873
0.919
0.810
0.841
0.894
0.936
0.988
1.042
0.938
0.955
1.021
0.920
0.963
1.023
0.932
0.947
1.018
0.908
0.953
1.001
0.919
0.931
0.998
0.771
0.836
0.898
0.749
0.797
0.864
0.883
0.927
0.991
0.886
0.895
0.967
0.923
0.976
1.031
0.930
0.954
1.015
0.894
1.001
0.993
0.892
0.981
0.960
0.911
0.994
0.984
0.907
0.980
0.961
0.899
1.001
0.985
0.911
0.996
0.968
0.905
1.008
0.992
0.928
1.018
0.993
0.864
0.950
0.958
0.871
0.950
0.951
0.777
0.860
0.843
0.773
0.846
0.817
0.867
0.954
0.957
0.855
0.936
0.926
0.954
0.981
1.041
0.936
0.944
1.013
0.953
0.993
1.038
0.944
0.949
1.006
0.822
0.869
0.908
0.799
0.828
0.875
0.946
0.993
1.040
0.936
0.945
1.007
0.927
0.968
1.022
0.930
0.942
1.009
0.920
0.960
1.004
0.912
0.920
0.980
0.780
0.843
0.898
0.761
0.808
0.868
0.894
0.935
0.993
0.881
0.890
0.956
0.929
0.976
1.025
0.925
0.938
0.997
0.899
1.001
0.991
0.890
0.976
0.954
0.912
0.989
0.981
0.906
0.973
0.951
0.900
0.998
0.977
0.901
0.983
0.952
0.907
1.006
0.990
0.919
1.006
0.979
0.863
0.943
0.949
0.859
0.935
0.931
0.776
0.856
0.838
0.769
0.842
0.812
0.874
0.955
0.955
0.845
0.924
0.913
0.959
1.000
1.046
0.960
0.972
1.035
0.963
1.009
1.047
0.977
0.987
1.040
0.832
0.878
0.916
0.834
0.857
0.904
0.958
1.003
1.048
0.957
0.966
1.027
0.935
0.977
1.028
0.952
0.960
1.027
0.924
0.970
1.007
0.941
0.950
1.009
0.797
0.859
0.908
0.794
0.832
0.892
0.905
0.943
1.000
0.913
0.916
0.982
0.938
0.988
1.033
0.953
0.970
1.027
0.920
1.013
1.009
0.937
1.012
0.997
0.925
0.998
0.994
0.939
1.001
0.988
0.919
1.008
0.996
0.940
1.014
0.994
0.922
1.014
1.001
0.952
1.031
1.010
0.875
0.949
0.954
0.895
0.963
0.962
0.786
0.861
0.849
0.796
0.862
0.836
0.884
0.960
0.965
0.881
0.952
0.946
1.010
1.043
1.088
1.007
1.015
1.072
1.023
1.057
1.097
1.042
1.048
1.098
0.889
0.929
0.964
0.882
0.905
0.945
1.011
1.051
1.091
1.016
1.022
1.078
0.995
1.031
1.076
1.015
1.020
1.081
0.979
1.017
1.054
0.994
1.001
1.055
0.870
0.927
0.971
0.857
0.894
0.944
0.956
0.990
1.042
0.954
0.959
1.016
0.991
1.035
1.078
1.008
1.020
1.073
0.975
1.061
1.055
0.989
1.062
1.041
1.010
1.076
1.074
1.038
1.093
1.077
0.981
1.062
1.052
1.021
1.089
1.065
0.988
1.073
1.060
1.038
1.110
1.088
0.954
1.021
1.027
0.977
1.040
1.036
0.875
0.944
0.934
0.891
0.953
0.927
0.945
1.014
1.020
0.944
1.008
1.001
0.945
0.979
1.034
0.951
0.962
1.030
0.947
0.986
1.032
0.963
0.973
1.030
0.823
0.868
0.908
0.821
0.849
0.895
0.947
0.991
1.039
0.948
0.956
1.020
0.924
0.966
1.018
0.945
0.957
1.025
0.913
0.953
0.996
0.929
0.938
0.998
0.780
0.843
0.898
0.773
0.822
0.879
0.904
0.939
1.000
0.903
0.909
0.976
0.922
0.969
1.017
0.938
0.954
1.012
0.889
0.990
0.982
0.910
0.992
0.978
0.912
0.989
0.982
0.924
0.988
0.972
0.899
0.992
0.974
0.927
1.006
0.983
0.906
1.001
0.988
0.940
1.021
1.004
0.863
0.941
0.947
0.880
0.950
0.952
0.776
0.856
0.842
0.789
0.858
0.835
0.867
0.946
0.951
0.866
0.939
0.938
0.960
0.987
1.042
0.961
0.968
1.032
0.957
0.990
1.032
0.970
0.973
1.026
0.835
0.874
0.914
0.834
0.855
0.900
0.948
0.991
1.038
0.955
0.964
1.023
0.932
0.970
1.020
0.949
0.958
1.022
0.925
0.958
1.000
0.938
0.942
1.000
0.797
0.854
0.906
0.792
0.832
0.888
0.904
0.937
0.995
0.911
0.916
0.979
0.936
0.979
1.026
0.949
0.962
1.016
0.909
1.004
0.991
0.907
0.987
0.962
0.921
0.992
0.981
0.931
0.992
0.970
0.911
0.999
0.978
0.926
1.000
0.969
0.917
1.007
0.990
0.948
1.026
1.005
0.874
0.947
0.949
0.892
0.960
0.956
0.787
0.860
0.845
0.797
0.859
0.833
0.878
0.955
0.954
0.879
0.950
0.940
0.954
0.989
1.046
0.947
0.954
1.025
0.950
0.994
1.037
0.955
0.959
1.017
0.830
0.877
0.917
0.821
0.844
0.893
0.947
0.996
1.044
0.947
0.957
1.018
0.928
0.976
1.027
0.938
0.949
1.017
0.923
0.967
1.007
0.929
0.937
0.997
0.802
0.868
0.917
0.785
0.828
0.884
0.898
0.943
0.999
0.896
0.902
0.966
0.931
0.981
1.029
0.941
0.951
1.012
0.903
1.001
0.997
0.910
0.989
0.976
0.917
0.992
0.987
0.925
0.984
0.971
0.907
0.999
0.984
0.914
0.988
0.967
0.910
1.006
0.993
0.938
1.014
0.998
0.878
0.956
0.961
0.895
0.960
0.961
0.786
0.861
0.851
0.791
0.852
0.833
0.880
0.960
0.965
0.866
0.936
0.934
0.945
0.932
0.986
0.947
0.951
0.974
0.956
0.944
0.983
0.966
0.960
0.982
0.953
0.940
0.984
0.967
0.971
0.991
0.953
0.947
0.991
0.982
0.990
1.012
0.908
0.893
0.949
0.921
0.912
0.955
0.817
0.808
0.845
0.822
0.816
0.833
0.914
0.900
0.957
0.909
0.909
0.944
0.962
0.943
0.986
0.958
0.962
0.977
0.968
0.949
0.984
0.967
0.964
0.976
0.967
0.947
0.985
0.969
0.974
0.984
0.969
0.957
0.992
0.988
0.996
1.008
0.920
0.900
0.945
0.929
0.924
0.953
0.826
0.809
0.841
0.822
0.819
0.824
0.925
0.905
0.952
0.911
0.908
0.933
0.823
0.823
0.856
0.831
0.845
0.861
0.838
0.833
0.851
0.850
0.854
0.864
0.824
0.827
0.846
0.837
0.854
0.860
0.833
0.840
0.863
0.855
0.876
0.883
0.791
0.786
0.819
0.815
0.819
0.845
0.731
0.736
0.751
0.743
0.750
0.757
0.805
0.802
0.831
0.804
0.814
0.833
0.946
0.936
0.988
0.950
0.966
0.986
0.951
0.938
0.972
0.954
0.963
0.971
0.952
0.939
0.978
0.954
0.972
0.978
0.947
0.942
0.980
0.972
0.994
1.007
0.908
0.891
0.944
0.908
0.918
0.951
0.816
0.807
0.841
0.812
0.821
0.828
0.913
0.900
0.952
0.902
0.916
0.940
0.937
0.925
0.978
0.918
0.933
0.953
0.957
0.941
0.981
0.945
0.947
0.961
0.945
0.932
0.973
0.936
0.948
0.961
0.945
0.943
0.982
0.955
0.973
0.989
0.908
0.895
0.948
0.899
0.904
0.941
0.814
0.808
0.842
0.801
0.806
0.817
0.909
0.898
0.951
0.886
0.895
0.924
0.937
0.920
0.971
0.931
0.935
0.955
0.940
0.926
0.961
0.937
0.934
0.947
0.934
0.918
0.954
0.933
0.940
0.949
0.937
0.926
0.965
0.954
0.963
0.976
0.893
0.874
0.925
0.897
0.892
0.923
0.804
0.792
0.825
0.797
0.794
0.801
0.896
0.878
0.928
0.881
0.880
0.907
0.777
0.792
0.831
0.786
0.816
0.831
0.812
0.814
0.837
0.819
0.832
0.839
0.786
0.801
0.817
0.807
0.835
0.834
0.794
0.810
0.837
0.823
0.855
0.863
0.753
0.756
0.797
0.773
0.785
0.822
0.680
0.689
0.698
0.688
0.697
0.697
0.765
0.769
0.795
0.751
0.769
0.787
0.899
0.886
0.937
0.904
0.913
0.944
0.912
0.893
0.931
0.916
0.914
0.938
0.898
0.886
0.922
0.902
0.912
0.933
0.905
0.895
0.935
0.925
0.941
0.964
0.855
0.839
0.890
0.876
0.878
0.919
0.781
0.772
0.803
0.796
0.795
0.813
0.859
0.847
0.894
0.853
0.858
0.896
0.934
0.927
0.972
0.926
0.940
0.957
0.954
0.944
0.976
0.949
0.954
0.967
0.942
0.937
0.970
0.943
0.960
0.969
0.951
0.950
0.984
0.964
0.983
0.997
0.901
0.890
0.936
0.903
0.909
0.942
0.813
0.807
0.837
0.810
0.816
0.824
0.906
0.898
0.945
0.892
0.901
0.929
