0.265
0.358
0.358
0.277
0.327
0.345
0.253
0.409
0.362
0.277
0.349
0.345
0.245
0.305
0.324
0.269
0.285
0.304
0.245
0.395
0.376
0.265
0.351
0.355
0.266
0.304
0.358
0.312
0.284
0.348
0.254
0.347
0.343
0.306
0.286
0.330
0.235
0.389
0.358
0.247
0.348
0.336
0.268
0.307
0.343
0.305
0.283
0.336
0.250
0.368
0.349
0.275
0.333
0.338
0.267
0.591
0.354
0.300
0.579
0.314
0.291
0.545
0.263
0.327
0.558
0.254
0.299
0.559
0.264
0.356
0.578
0.252
0.255
0.579
0.310
0.289
0.594
0.291
0.270
0.505
0.280
0.304
0.515
0.278
0.258
0.484
0.239
0.298
0.500
0.227
0.292
0.526
0.260
0.323
0.549
0.252
0.283
0.349
0.359
0.278
0.310
0.341
0.266
0.396
0.362
0.282
0.332
0.337
0.260
0.289
0.318
0.279
0.268
0.295
0.252
0.400
0.374
0.264
0.351
0.345
0.278
0.301
0.359
0.315
0.280
0.339
0.268
0.339
0.341
0.304
0.285
0.327
0.242
0.379
0.356
0.247
0.334
0.324
0.286
0.297
0.343
0.309
0.278
0.323
0.260
0.366
0.348
0.276
0.327
0.329
0.279
0.577
0.349
0.310
0.575
0.306
0.307
0.539
0.264
0.336
0.559
0.252
0.323
0.559
0.267
0.372
0.585
0.251
0.268
0.569
0.308
0.296
0.593
0.287
0.291
0.498
0.277
0.322
0.517
0.271
0.275
0.479
0.236
0.311
0.500
0.222
0.316
0.524
0.261
0.332
0.549
0.248
0.268
0.345
0.352
0.271
0.322
0.337
0.249
0.411
0.358
0.273
0.345
0.334
0.244
0.294
0.314
0.273
0.269
0.296
0.242
0.399
0.368
0.260
0.352
0.346
0.267
0.296
0.354
0.312
0.276
0.340
0.256
0.341
0.335
0.296
0.287
0.324
0.232
0.387
0.351
0.243
0.341
0.327
0.274
0.290
0.338
0.311
0.268
0.328
0.250
0.363
0.343
0.274
0.328
0.327
0.265
0.605
0.346
0.302
0.593
0.310
0.294
0.562
0.256
0.325
0.569
0.248
0.295
0.577
0.259
0.351
0.588
0.249
0.253
0.600
0.305
0.285
0.603
0.284
0.270
0.522
0.273
0.306
0.525
0.269
0.256
0.498
0.234
0.295
0.508
0.224
0.291
0.546
0.255
0.319
0.558
0.246
0.286
0.350
0.356
0.287
0.298
0.339
0.271
0.397
0.356
0.282
0.330
0.335
0.267
0.295
0.321
0.284
0.265
0.300
0.259
0.401
0.370
0.269
0.338
0.344
0.287
0.307
0.354
0.323
0.275
0.344
0.275
0.345
0.343
0.312
0.278
0.327
0.249
0.383
0.350
0.250
0.328
0.323
0.292
0.304
0.345
0.321
0.269
0.330
0.267
0.374
0.346
0.281
0.321
0.327
0.283
0.589
0.349
0.304
0.579
0.308
0.317
0.554
0.267
0.336
0.557
0.252
0.317
0.566
0.269
0.362
0.578
0.248
0.280
0.585
0.307
0.297
0.592
0.282
0.298
0.515
0.284
0.320
0.517
0.273
0.285
0.493
0.243
0.312
0.504
0.231
0.319
0.539
0.265
0.332
0.549
0.248
0.272
0.341
0.343
0.277
0.309
0.341
0.254
0.397
0.345
0.276
0.329
0.335
0.250
0.288
0.305
0.277
0.262
0.296
0.243
0.400
0.357
0.259
0.348
0.342
0.273
0.293
0.342
0.317
0.273
0.338
0.260
0.336
0.329
0.306
0.275
0.325
0.232
0.378
0.337
0.244
0.326
0.321
0.275
0.288
0.327
0.310
0.267
0.321
0.250
0.367
0.334
0.274
0.321
0.327
0.269
0.588
0.338
0.305
0.587
0.301
0.309
0.549
0.253
0.332
0.569
0.247
0.303
0.566
0.258
0.368
0.589
0.245
0.265
0.582
0.292
0.296
0.600
0.279
0.283
0.506
0.270
0.317
0.522
0.269
0.273
0.486
0.229
0.311
0.506
0.221
0.302
0.530
0.251
0.332
0.556
0.242
0.285
0.342
0.352
0.273
0.313
0.337
0.264
0.409
0.358
0.270
0.343
0.331
0.260
0.293
0.313
0.276
0.267
0.289
0.254
0.404
0.369
0.265
0.347
0.343
0.281
0.301
0.351
0.314
0.274
0.335
0.269
0.351
0.341
0.301
0.279
0.322
0.243
0.383
0.349
0.243
0.335
0.322
0.290
0.295
0.341
0.313
0.268
0.319
0.260
0.371
0.343
0.274
0.327
0.323
0.280
0.603
0.348
0.305
0.596
0.306
0.311
0.564
0.264
0.329
0.570
0.245
0.318
0.577
0.265
0.358
0.589
0.243
0.274
0.591
0.301
0.291
0.601
0.276
0.293
0.518
0.275
0.311
0.527
0.267
0.280
0.496
0.234
0.300
0.508
0.221
0.315
0.543
0.259
0.321
0.558
0.241
0.279
0.372
0.366
0.293
0.325
0.339
0.266
0.428
0.374
0.294
0.355
0.343
0.255
0.307
0.328
0.303
0.268
0.305
0.259
0.423
0.388
0.281
0.348
0.350
0.274
0.324
0.368
0.338
0.280
0.348
0.268
0.372
0.354
0.325
0.293
0.331
0.248
0.397
0.365
0.266
0.331
0.329
0.285
0.317
0.353
0.335
0.279
0.339
0.260
0.392
0.361
0.293
0.339
0.337
0.303
0.631
0.377
0.338
0.602
0.317
0.303
0.573
0.272
0.357
0.578
0.254
0.313
0.587
0.274
0.384
0.598
0.255
0.272
0.603
0.315
0.311
0.604
0.280
0.286
0.530
0.284
0.338
0.534
0.278
0.271
0.504
0.244
0.323
0.510
0.224
0.307
0.553
0.271
0.353
0.561
0.250
0.317
0.419
0.388
0.320
0.350
0.361
0.308
0.488
0.405
0.325
0.392
0.376
0.290
0.361
0.351
0.305
0.311
0.324
0.301
0.484
0.414
0.311
0.387
0.382
0.325
0.372
0.390
0.373
0.319
0.382
0.302
0.416
0.376
0.345
0.322
0.356
0.286
0.458
0.389
0.278
0.374
0.349
0.317
0.363
0.373
0.344
0.306
0.352
0.299
0.440
0.380
0.325
0.358
0.363
0.327
0.656
0.401
0.369
0.634
0.354
0.372
0.632
0.340
0.430
0.642
0.334
0.363
0.638
0.335
0.444
0.653
0.323
0.329
0.661
0.368
0.383
0.672
0.352
0.341
0.581
0.332
0.379
0.591
0.340
0.327
0.561
0.305
0.383
0.586
0.309
0.352
0.598
0.321
0.379
0.598
0.296
0.264
0.375
0.358
0.275
0.335
0.342
0.253
0.437
0.367
0.274
0.367
0.344
0.242
0.317
0.320
0.272
0.288
0.299
0.247
0.427
0.378
0.265
0.363
0.350
0.265
0.320
0.358
0.315
0.289
0.346
0.256
0.371
0.345
0.304
0.300
0.327
0.235
0.408
0.356
0.245
0.359
0.331
0.270
0.325
0.347
0.304
0.288
0.329
0.250
0.389
0.349
0.277
0.343
0.331
0.269
0.607
0.352
0.307
0.599
0.318
0.291
0.566
0.274
0.329
0.576
0.257
0.299
0.575
0.272
0.357
0.594
0.258
0.258
0.595
0.317
0.293
0.605
0.292
0.271
0.524
0.284
0.305
0.532
0.279
0.255
0.498
0.247
0.301
0.513
0.232
0.289
0.541
0.267
0.329
0.561
0.254
0.283
0.351
0.336
0.277
0.334
0.336
0.262
0.421
0.340
0.276
0.364
0.333
0.262
0.297
0.299
0.275
0.285
0.289
0.251
0.417
0.349
0.263
0.375
0.341
0.277
0.312
0.331
0.310
0.293
0.328
0.267
0.347
0.320
0.299
0.299
0.319
0.242
0.395
0.331
0.248
0.358
0.319
0.283
0.309
0.323
0.307
0.294
0.318
0.260
0.381
0.326
0.279
0.345
0.324
0.273
0.612
0.340
0.297
0.602
0.310
0.303
0.570
0.262
0.318
0.579
0.255
0.301
0.587
0.266
0.350
0.597
0.251
0.265
0.601
0.301
0.288
0.615
0.290
0.292
0.525
0.270
0.311
0.542
0.275
0.270
0.503
0.238
0.301
0.516
0.229
0.305
0.551
0.256
0.321
0.572
0.251
0.270
0.368
0.364
0.281
0.323
0.349
0.252
0.431
0.368
0.277
0.353
0.339
0.247
0.304
0.322
0.279
0.276
0.304
0.249
0.429
0.382
0.266
0.369
0.351
0.268
0.319
0.361
0.316
0.285
0.341
0.257
0.365
0.349
0.298
0.299
0.331
0.235
0.407
0.358
0.244
0.353
0.329
0.271
0.312
0.344
0.311
0.284
0.331
0.250
0.389
0.353
0.293
0.324
0.336
0.271
0.614
0.365
0.306
0.603
0.327
0.290
0.566
0.268
0.328
0.575
0.257
0.291
0.581
0.273
0.347
0.590
0.254
0.256
0.601
0.314
0.293
0.607
0.291
0.281
0.528
0.286
0.328
0.544
0.289
0.258
0.499
0.243
0.301
0.509
0.231
0.296
0.549
0.264
0.324
0.562
0.254
0.356
0.330
0.315
0.376
0.408
0.301
0.381
0.342
0.256
0.403
0.397
0.253
0.383
0.338
0.259
0.423
0.428
0.253
0.339
0.318
0.286
0.355
0.401
0.281
0.380
0.324
0.257
0.393
0.376
0.266
0.328
0.309
0.227
0.371
0.371
0.225
0.365
0.341
0.248
0.392
0.408
0.249
0.366
0.346
0.319
0.381
0.429
0.294
0.376
0.344
0.262
0.411
0.415
0.250
0.385
0.344
0.264
0.432
0.451
0.249
0.347
0.335
0.289
0.360
0.433
0.272
0.394
0.335
0.263
0.407
0.400
0.263
0.340
0.311
0.231
0.384
0.389
0.221
0.371
0.343
0.255
0.400
0.423
0.245
0.353
0.287
0.287
0.348
0.341
0.267
0.372
0.307
0.235
0.364
0.337
0.228
0.371
0.312
0.233
0.382
0.369
0.224
0.347
0.278
0.260
0.333
0.335
0.251
0.364
0.302
0.237
0.361
0.331
0.240
0.322
0.290
0.214
0.341
0.334
0.207
0.367
0.303
0.235
0.361
0.350
0.224
0.343
0.352
0.328
0.355
0.423
0.306
0.357
0.356
0.259
0.377
0.409
0.250
0.361
0.353
0.266
0.397
0.442
0.248
0.325
0.348
0.288
0.328
0.424
0.280
0.356
0.344
0.262
0.362
0.385
0.261
0.318
0.342
0.230
0.346
0.391
0.221
0.347
0.358
0.257
0.362
0.419
0.245
0.390
0.301
0.322
0.358
0.361
0.287
0.396
0.323
0.262
0.391
0.367
0.245
0.399
0.328
0.263
0.405
0.399
0.242
0.363
0.304
0.290
0.347
0.364
0.274
0.388
0.323
0.264
0.374
0.355
0.257
0.340
0.309
0.230
0.356
0.351
0.215
0.378
0.327
0.254
0.375
0.378
0.237
0.389
0.312
0.325
0.377
0.385
0.299
0.400
0.305
0.261
0.393
0.372
0.245
0.404
0.300
0.264
0.414
0.402
0.243
0.374
0.289
0.289
0.348
0.378
0.272
0.406
0.302
0.259
0.397
0.361
0.259
0.342
0.281
0.233
0.360
0.348
0.218
0.379
0.302
0.255
0.378
0.380
0.237
0.321
0.350
0.301
0.336
0.415
0.285
0.353
0.352
0.243
0.376
0.405
0.241
0.353
0.363
0.240
0.390
0.434
0.236
0.309
0.337
0.268
0.317
0.412
0.265
0.344
0.341
0.249
0.362
0.385
0.261
0.307
0.327
0.217
0.344
0.377
0.212
0.341
0.355
0.236
0.355
0.408
0.232
0.396
0.307
0.321
0.383
0.359
0.297
0.401
0.321
0.258
0.397
0.346
0.253
0.404
0.328
0.253
0.407
0.373
0.243
0.380
0.288
0.285
0.356
0.345
0.275
0.384
0.317
0.258
0.387
0.347
0.262
0.341
0.297
0.227
0.366
0.338
0.225
0.383
0.317
0.250
0.378
0.354
0.240
0.349
0.334
0.310
0.354
0.398
0.284
0.369
0.335
0.261
0.384
0.397
0.245
0.365
0.346
0.260
0.406
0.436
0.243
0.336
0.336
0.286
0.340
0.409
0.271
0.371
0.334
0.257
0.386
0.383
0.256
0.321
0.324
0.226
0.362
0.378
0.217
0.354
0.351
0.249
0.375
0.412
0.237
