0.339
0.416
0.404
0.350
0.383
0.395
0.333
0.457
0.410
0.355
0.394
0.387
0.312
0.367
0.372
0.302
0.338
0.338
0.326
0.456
0.426
0.332
0.401
0.398
0.355
0.373
0.408
0.366
0.333
0.384
0.332
0.395
0.387
0.377
0.337
0.366
0.303
0.448
0.401
0.289
0.397
0.371
0.331
0.384
0.397
0.341
0.341
0.369
0.332
0.416
0.400
0.335
0.371
0.380
0.340
0.645
0.411
0.364
0.611
0.363
0.395
0.611
0.330
0.386
0.592
0.296
0.374
0.616
0.329
0.411
0.624
0.312
0.346
0.644
0.367
0.353
0.635
0.346
0.357
0.563
0.336
0.346
0.558
0.337
0.340
0.537
0.296
0.341
0.529
0.270
0.377
0.583
0.325
0.385
0.586
0.300
0.355
0.390
0.410
0.376
0.369
0.403
0.340
0.439
0.418
0.386
0.383
0.398
0.328
0.341
0.373
0.335
0.311
0.339
0.327
0.450
0.433
0.348
0.388
0.401
0.362
0.362
0.417
0.396
0.322
0.396
0.344
0.376
0.392
0.396
0.328
0.375
0.308
0.428
0.407
0.304
0.371
0.372
0.348
0.367
0.403
0.377
0.323
0.375
0.340
0.404
0.406
0.351
0.362
0.383
0.345
0.626
0.408
0.398
0.604
0.360
0.410
0.605
0.332
0.422
0.598
0.300
0.391
0.605
0.332
0.452
0.636
0.320
0.357
0.633
0.367
0.376
0.632
0.348
0.378
0.548
0.338
0.383
0.555
0.339
0.361
0.527
0.295
0.379
0.530
0.274
0.404
0.574
0.328
0.427
0.588
0.307
0.331
0.402
0.393
0.349
0.378
0.386
0.321
0.460
0.403
0.361
0.393
0.382
0.307
0.346
0.357
0.315
0.319
0.326
0.312
0.457
0.414
0.330
0.397
0.386
0.340
0.365
0.398
0.371
0.329
0.378
0.322
0.384
0.373
0.376
0.333
0.358
0.292
0.443
0.390
0.291
0.383
0.360
0.329
0.365
0.385
0.356
0.326
0.360
0.319
0.414
0.387
0.337
0.367
0.368
0.328
0.650
0.399
0.375
0.620
0.358
0.385
0.619
0.320
0.397
0.603
0.291
0.356
0.622
0.319
0.415
0.635
0.310
0.330
0.655
0.358
0.356
0.646
0.343
0.352
0.570
0.325
0.360
0.565
0.327
0.331
0.542
0.288
0.353
0.537
0.269
0.369
0.593
0.314
0.395
0.594
0.297
0.364
0.398
0.414
0.376
0.363
0.398
0.349
0.442
0.413
0.373
0.385
0.387
0.342
0.355
0.382
0.336
0.316
0.341
0.337
0.452
0.432
0.347
0.389
0.398
0.378
0.372
0.421
0.392
0.328
0.392
0.353
0.385
0.397
0.400
0.330
0.374
0.318
0.435
0.406
0.303
0.375
0.370
0.365
0.375
0.410
0.378
0.325
0.376
0.353
0.415
0.408
0.353
0.364
0.381
0.350
0.645
0.412
0.383
0.616
0.363
0.425
0.626
0.344
0.413
0.595
0.301
0.394
0.625
0.339
0.436
0.632
0.319
0.367
0.649
0.369
0.375
0.638
0.344
0.389
0.578
0.351
0.378
0.566
0.342
0.376
0.550
0.309
0.375
0.537
0.284
0.409
0.598
0.337
0.417
0.591
0.308
0.346
0.397
0.404
0.379
0.378
0.410
0.332
0.446
0.408
0.384
0.390
0.398
0.321
0.352
0.373
0.341
0.317
0.347
0.322
0.455
0.424
0.349
0.393
0.402
0.360
0.361
0.409
0.404
0.326
0.397
0.339
0.379
0.386
0.411
0.331
0.382
0.303
0.436
0.399
0.307
0.372
0.374
0.343
0.367
0.398
0.381
0.322
0.376
0.331
0.410
0.399
0.355
0.366
0.387
0.339
0.639
0.403
0.402
0.625
0.363
0.413
0.612
0.330
0.424
0.611
0.303
0.375
0.614
0.329
0.452
0.645
0.321
0.349
0.642
0.359
0.381
0.645
0.347
0.369
0.564
0.340
0.389
0.572
0.347
0.357
0.538
0.297
0.384
0.543
0.280
0.392
0.584
0.326
0.432
0.603
0.311
0.344
0.371
0.383
0.366
0.372
0.395
0.322
0.429
0.391
0.370
0.391
0.386
0.316
0.333
0.355
0.332
0.308
0.332
0.315
0.437
0.410
0.348
0.386
0.395
0.351
0.348
0.394
0.391
0.321
0.386
0.331
0.369
0.370
0.395
0.325
0.367
0.294
0.417
0.384
0.301
0.365
0.362
0.341
0.345
0.381
0.379
0.313
0.366
0.322
0.395
0.382
0.346
0.360
0.372
0.329
0.628
0.390
0.395
0.621
0.358
0.393
0.603
0.318
0.415
0.603
0.294
0.374
0.602
0.312
0.439
0.637
0.313
0.342
0.628
0.343
0.377
0.639
0.337
0.363
0.548
0.321
0.377
0.562
0.332
0.352
0.525
0.280
0.369
0.534
0.271
0.388
0.570
0.308
0.415
0.588
0.298
0.357
0.429
0.403
0.360
0.387
0.386
0.349
0.477
0.414
0.364
0.412
0.386
0.333
0.360
0.365
0.331
0.318
0.329
0.343
0.474
0.427
0.343
0.407
0.392
0.365
0.389
0.407
0.386
0.329
0.380
0.348
0.415
0.389
0.390
0.343
0.362
0.317
0.449
0.396
0.301
0.382
0.358
0.354
0.387
0.394
0.367
0.330
0.364
0.344
0.438
0.400
0.343
0.383
0.373
0.380
0.679
0.434
0.400
0.633
0.363
0.416
0.631
0.338
0.407
0.613
0.293
0.396
0.628
0.337
0.436
0.642
0.312
0.368
0.659
0.372
0.371
0.650
0.338
0.387
0.577
0.339
0.374
0.576
0.331
0.366
0.545
0.297
0.366
0.539
0.265
0.402
0.599
0.331
0.414
0.599
0.297
0.387
0.490
0.436
0.390
0.419
0.419
0.389
0.545
0.457
0.400
0.450
0.427
0.363
0.435
0.405
0.340
0.371
0.357
0.376
0.543
0.461
0.382
0.446
0.430
0.404
0.454
0.444
0.422
0.383
0.420
0.373
0.471
0.419
0.414
0.381
0.395
0.357
0.528
0.438
0.324
0.434
0.389
0.381
0.454
0.429
0.379
0.372
0.382
0.381
0.506
0.435
0.381
0.407
0.406
0.396
0.705
0.459
0.429
0.671
0.409
0.467
0.693
0.411
0.488
0.683
0.381
0.432
0.691
0.402
0.500
0.706
0.390
0.411
0.717
0.428
0.440
0.714
0.413
0.427
0.634
0.397
0.422
0.634
0.398
0.406
0.613
0.369
0.421
0.610
0.349
0.430
0.650
0.388
0.445
0.642
0.352
0.337
0.446
0.407
0.350
0.394
0.392
0.334
0.486
0.418
0.359
0.418
0.390
0.311
0.384
0.371
0.311
0.338
0.330
0.327
0.485
0.431
0.336
0.409
0.393
0.348
0.394
0.409
0.373
0.339
0.383
0.328
0.420
0.387
0.380
0.348
0.360
0.305
0.477
0.406
0.291
0.403
0.366
0.332
0.405
0.400
0.351
0.342
0.364
0.329
0.450
0.402
0.338
0.381
0.372
0.341
0.656
0.414
0.377
0.631
0.369
0.396
0.623
0.342
0.402
0.612
0.299
0.371
0.622
0.339
0.423
0.643
0.320
0.348
0.654
0.377
0.365
0.649
0.350
0.361
0.568
0.342
0.355
0.571
0.337
0.340
0.541
0.307
0.353
0.539
0.277
0.375
0.584
0.333
0.404
0.595
0.304
0.350
0.400
0.390
0.367
0.385
0.395
0.335
0.462
0.396
0.369
0.402
0.385
0.325
0.351
0.355
0.323
0.327
0.331
0.326
0.473
0.410
0.343
0.404
0.390
0.357
0.376
0.390
0.382
0.338
0.377
0.338
0.391
0.371
0.388
0.345
0.365
0.304
0.449
0.384
0.301
0.388
0.363
0.338
0.383
0.381
0.364
0.338
0.362
0.334
0.428
0.383
0.351
0.374
0.372
0.337
0.658
0.400
0.373
0.630
0.356
0.403
0.628
0.327
0.402
0.614
0.299
0.372
0.635
0.327
0.430
0.646
0.316
0.348
0.655
0.362
0.364
0.647
0.347
0.374
0.577
0.331
0.367
0.584
0.338
0.349
0.549
0.296
0.357
0.547
0.276
0.391
0.598
0.318
0.408
0.609
0.304
0.325
0.409
0.396
0.354
0.388
0.404
0.317
0.464
0.402
0.359
0.403
0.389
0.302
0.355
0.358
0.312
0.328
0.334
0.309
0.473
0.418
0.330
0.409
0.395
0.331
0.378
0.398
0.368
0.338
0.383
0.316
0.398
0.378
0.368
0.345
0.368
0.287
0.452
0.390
0.288
0.401
0.370
0.318
0.380
0.384
0.349
0.343
0.367
0.314
0.431
0.391
0.344
0.373
0.381
0.327
0.648
0.409
0.369
0.632
0.376
0.376
0.614
0.324
0.391
0.609
0.299
0.349
0.614
0.323
0.410
0.638
0.318
0.330
0.647
0.359
0.357
0.648
0.351
0.356
0.564
0.331
0.374
0.582
0.346
0.326
0.531
0.288
0.350
0.536
0.275
0.366
0.585
0.316
0.392
0.599
0.305
0.451
0.391
0.371
0.482
0.446
0.349
0.517
0.418
0.323
0.487
0.440
0.295
0.492
0.400
0.320
0.508
0.469
0.313
0.463
0.387
0.345
0.449
0.437
0.336
0.499
0.383
0.316
0.459
0.403
0.319
0.451
0.369
0.286
0.444
0.391
0.268
0.485
0.397
0.312
0.483
0.450
0.298
0.457
0.399
0.378
0.494
0.467
0.349
0.514
0.416
0.332
0.507
0.460
0.298
0.494
0.401
0.328
0.530
0.494
0.316
0.466
0.397
0.354
0.463
0.464
0.336
0.513
0.395
0.326
0.476
0.430
0.321
0.465
0.375
0.289
0.467
0.413
0.271
0.493
0.401
0.321
0.506
0.464
0.300
0.398
0.327
0.323
0.437
0.390
0.318
0.449
0.380
0.275
0.444
0.393
0.270
0.430
0.359
0.271
0.460
0.422
0.283
0.411
0.335
0.303
0.414
0.385
0.309
0.433
0.353
0.275
0.420
0.370
0.291
0.399
0.343
0.250
0.415
0.367
0.252
0.435
0.362
0.271
0.455
0.406
0.275
0.420
0.406
0.387
0.457
0.467
0.355
0.470
0.434
0.321
0.475
0.461
0.296
0.447
0.399
0.319
0.495
0.495
0.311
0.429
0.405
0.350
0.420
0.471
0.340
0.458
0.401
0.316
0.433
0.427
0.318
0.422
0.394
0.282
0.435
0.418
0.269
0.439
0.414
0.313
0.470
0.467
0.300
0.458
0.349
0.370
0.464
0.410
0.346
0.496
0.400
0.315
0.479
0.430
0.295
0.474
0.373
0.310
0.497
0.452
0.312
0.456
0.358
0.342
0.443
0.414
0.339
0.470
0.379
0.310
0.440
0.399
0.319
0.431
0.360
0.275
0.436
0.391
0.268
0.466
0.392
0.303
0.479
0.441
0.299
0.475
0.360
0.368
0.483
0.423
0.347
0.527
0.371
0.318
0.479
0.418
0.286
0.503
0.352
0.313
0.502
0.442
0.302
0.477
0.353
0.341
0.441
0.416
0.329
0.516
0.353
0.307
0.456
0.391
0.307
0.456
0.331
0.281
0.436
0.380
0.261
0.481
0.350
0.303
0.472
0.429
0.285
0.365
0.389
0.345
0.438
0.459
0.330
0.441
0.422
0.291
0.460
0.455
0.278
0.413
0.407
0.282
0.475
0.490
0.294
0.382
0.389
0.314
0.402
0.458
0.316
0.416
0.383
0.292
0.415
0.419
0.307
0.393
0.376
0.259
0.420
0.405
0.254
0.414
0.402
0.280
0.453
0.455
0.278
0.446
0.354
0.363
0.478
0.427
0.352
0.482
0.404
0.304
0.473
0.414
0.295
0.460
0.378
0.297
0.492
0.444
0.307
0.451
0.351
0.333
0.441
0.412
0.333
0.453
0.377
0.301
0.447
0.397
0.316
0.421
0.357
0.269
0.444
0.382
0.271
0.452
0.385
0.292
0.472
0.423
0.292
0.411
0.374
0.357
0.463
0.436
0.336
0.472
0.401
0.315
0.481
0.447
0.290
0.442
0.382
0.308
0.498
0.479
0.306
0.423
0.383
0.339
0.434
0.450
0.331
0.453
0.378
0.305
0.452
0.415
0.312
0.415
0.371
0.271
0.446
0.407
0.264
0.443
0.396
0.299
0.481
0.457
0.292
