0.774
0.846
0.491
0.809
0.892
0.537
0.772
0.862
0.507
1.010
1.098
0.749
0.774
0.857
0.509
0.820
0.902
0.552
0.973
1.054
0.711
0.786
0.867
0.517
0.973
1.052
0.688
0.784
0.857
0.506
0.788
0.845
0.501
0.792
0.857
0.517
0.712
0.741
0.455
0.769
0.822
0.497
0.769
0.815
0.502
0.767
0.827
0.482
0.733
0.795
0.482
0.748
0.806
0.490
0.803
0.855
0.508
0.894
0.962
0.628
0.764
0.836
0.482
0.802
0.873
0.523
0.796
0.866
0.516
0.712
0.781
0.446
0.664
0.729
0.431
0.773
0.837
0.508
0.804
0.882
0.523
0.790
0.855
0.505
0.783
0.853
0.505
0.776
0.850
0.505
0.746
0.799
0.464
0.772
0.834
0.486
0.811
0.881
0.525
0.796
0.863
0.531
0.776
0.840
0.488
0.785
0.867
0.524
0.678
0.743
0.433
0.799
0.878
0.530
0.795
0.869
0.512
0.798
0.876
0.516
0.795
0.866
0.504
0.778
0.848
0.489
0.869
0.944
0.577
0.804
0.878
0.526
0.789
0.868
0.513
0.822
0.884
0.515
0.789
0.843
0.484
0.805
0.867
0.501
0.775
0.843
0.478
0.999
1.065
0.707
0.781
0.842
0.483
0.832
0.897
0.538
0.964
1.026
0.672
0.782
0.845
0.487
0.969
1.029
0.657
0.777
0.834
0.475
0.795
0.828
0.477
0.804
0.845
0.499
0.709
0.718
0.425
0.779
0.806
0.471
0.782
0.801
0.478
0.777
0.814
0.460
0.741
0.780
0.456
0.754
0.790
0.468
0.802
0.832
0.479
0.876
0.926
0.587
0.771
0.820
0.455
0.803
0.853
0.497
0.795
0.846
0.487
0.718
0.766
0.422
0.664
0.712
0.404
0.768
0.815
0.478
0.807
0.865
0.498
0.793
0.833
0.475
0.797
0.841
0.483
0.786
0.835
0.482
0.747
0.779
0.441
0.782
0.824
0.468
0.823
0.866
0.502
0.807
0.845
0.505
0.784
0.821
0.460
0.802
0.859
0.501
0.673
0.725
0.405
0.793
0.852
0.490
0.808
0.856
0.486
0.807
0.862
0.490
0.799
0.848
0.477
0.782
0.830
0.461
0.880
0.935
0.556
0.818
0.867
0.508
0.803
0.854
0.487
0.821
0.865
0.492
0.751
0.834
0.481
0.736
0.817
0.458
0.732
0.833
0.478
0.956
1.051
0.701
0.733
0.828
0.479
0.778
0.873
0.522
0.910
1.003
0.660
0.737
0.831
0.480
0.923
1.014
0.648
0.739
0.825
0.475
0.755
0.819
0.477
0.756
0.829
0.490
0.675
0.707
0.424
0.737
0.790
0.471
0.737
0.783
0.475
0.735
0.801
0.457
0.702
0.770
0.456
0.713
0.778
0.464
0.769
0.828
0.482
0.855
0.928
0.592
0.731
0.811
0.453
0.758
0.841
0.491
0.754
0.835
0.482
0.675
0.759
0.420
0.634
0.708
0.409
0.727
0.802
0.472
0.767
0.853
0.490
0.751
0.829
0.479
0.752
0.831
0.480
0.747
0.827
0.480
0.706
0.769
0.436
0.734
0.810
0.461
0.780
0.858
0.500
0.758
0.831
0.495
0.745
0.815
0.462
0.749
0.841
0.496
0.641
0.716
0.403
0.759
0.846
0.494
0.761
0.842
0.483
0.759
0.850
0.488
0.751
0.835
0.472
0.736
0.819
0.456
0.839
0.918
0.545
0.783
0.863
0.511
0.757
0.844
0.484
0.784
0.859
0.493
0.780
0.861
0.504
0.771
0.847
0.483
0.796
0.885
0.526
0.987
1.078
0.720
0.766
0.855
0.502
0.803
0.900
0.546
0.938
1.028
0.682
0.769
0.858
0.503
0.967
1.052
0.681
0.769
0.849
0.493
0.775
0.834
0.492
0.779
0.842
0.501
0.705
0.732
0.447
0.766
0.815
0.487
0.771
0.811
0.491
0.764
0.823
0.479
0.729
0.789
0.473
0.740
0.799
0.484
0.790
0.843
0.493
0.877
0.948
0.608
0.758
0.831
0.472
0.791
0.868
0.509
0.787
0.862
0.505
0.707
0.781
0.444
0.666
0.733
0.431
0.758
0.827
0.491
0.793
0.878
0.514
0.779
0.847
0.493
0.780
0.853
0.499
0.764
0.845
0.498
0.734
0.789
0.459
0.757
0.832
0.487
0.805
0.879
0.523
0.782
0.852
0.516
0.772
0.839
0.482
0.777
0.867
0.518
0.666
0.735
0.420
0.782
0.865
0.510
0.788
0.863
0.499
0.783
0.870
0.505
0.785
0.862
0.495
0.771
0.845
0.481
0.860
0.939
0.562
0.803
0.882
0.530
0.784
0.866
0.502
0.811
0.881
0.510
0.772
0.850
0.499
0.762
0.835
0.478
0.790
0.874
0.519
0.758
0.848
0.490
0.759
0.843
0.494
0.813
0.905
0.551
0.948
1.033
0.686
0.764
0.851
0.501
0.951
1.034
0.669
0.766
0.844
0.491
0.773
0.836
0.491
0.774
0.845
0.503
0.699
0.732
0.444
0.764
0.816
0.488
0.765
0.808
0.492
0.761
0.824
0.479
0.724
0.788
0.472
0.734
0.793
0.478
0.789
0.845
0.496
0.869
0.941
0.606
0.755
0.828
0.471
0.776
0.853
0.503
0.779
0.853
0.500
0.698
0.773
0.440
0.657
0.724
0.424
0.751
0.822
0.492
0.778
0.864
0.505
0.768
0.840
0.491
0.768
0.843
0.494
0.759
0.840
0.494
0.722
0.783
0.454
0.747
0.822
0.479
0.784
0.862
0.509
0.778
0.847
0.515
0.759
0.828
0.476
0.771
0.857
0.514
0.662
0.730
0.416
0.774
0.855
0.506
0.773
0.851
0.495
0.776
0.861
0.504
0.770
0.848
0.489
0.755
0.831
0.475
0.847
0.927
0.557
0.801
0.878
0.525
0.770
0.852
0.497
0.798
0.870
0.509
0.782
0.852
0.491
0.770
0.840
0.474
0.804
0.880
0.516
0.767
0.849
0.484
0.991
1.071
0.711
0.795
0.879
0.515
0.950
1.029
0.673
0.768
0.848
0.488
0.962
1.036
0.663
0.774
0.844
0.483
0.785
0.831
0.482
0.792
0.845
0.497
0.706
0.724
0.435
0.777
0.817
0.481
0.779
0.809
0.489
0.772
0.822
0.469
0.729
0.781
0.459
0.743
0.793
0.472
0.802
0.843
0.489
0.879
0.941
0.597
0.767
0.831
0.465
0.797
0.862
0.502
0.790
0.855
0.492
0.720
0.782
0.437
0.664
0.721
0.414
0.763
0.821
0.483
0.795
0.866
0.498
0.793
0.847
0.488
0.786
0.848
0.486
0.779
0.841
0.486
0.735
0.781
0.443
0.769
0.825
0.468
0.811
0.871
0.503
0.791
0.843
0.500
0.779
0.829
0.470
0.793
0.866
0.506
0.667
0.730
0.412
0.790
0.859
0.497
0.796
0.859
0.489
0.797
0.867
0.494
0.791
0.855
0.480
0.780
0.840
0.467
0.860
0.930
0.550
0.821
0.886
0.525
0.794
0.861
0.492
0.814
0.870
0.495
0.771
0.871
0.531
0.764
0.861
0.514
0.787
0.897
0.556
0.748
0.867
0.525
0.984
1.095
0.752
0.756
0.866
0.524
0.917
1.037
0.703
0.761
0.872
0.531
0.947
1.054
0.700
0.757
0.860
0.518
0.757
0.849
0.518
0.762
0.859
0.530
0.670
0.737
0.458
0.741
0.826
0.512
0.747
0.822
0.516
0.743
0.834
0.501
0.700
0.794
0.492
0.716
0.802
0.497
0.765
0.853
0.520
0.854
0.952
0.625
0.732
0.837
0.495
0.780
0.879
0.538
0.763
0.867
0.529
0.681
0.780
0.455
0.635
0.729
0.440
0.741
0.837
0.520
0.763
0.879
0.535
0.751
0.851
0.514
0.750
0.858
0.520
0.727
0.841
0.511
0.704
0.793
0.471
0.710
0.830
0.502
0.755
0.874
0.537
0.749
0.861
0.539
0.746
0.849
0.507
0.731
0.863
0.541
0.630
0.730
0.429
0.776
0.879
0.535
0.759
0.868
0.528
0.748
0.869
0.528
0.767
0.878
0.531
0.739
0.848
0.504
0.832
0.942
0.587
0.772
0.876
0.539
0.752
0.868
0.527
0.788
0.884
0.528
0.766
0.872
0.546
0.756
0.855
0.520
0.778
0.893
0.564
0.738
0.864
0.538
0.970
1.088
0.763
0.735
0.852
0.525
0.768
0.896
0.572
0.757
0.874
0.546
0.943
1.057
0.719
0.751
0.857
0.530
0.754
0.840
0.529
0.762
0.863
0.550
0.686
0.731
0.472
0.752
0.828
0.532
0.751
0.812
0.534
0.737
0.832
0.519
0.700
0.795
0.508
0.707
0.791
0.510
0.771
0.852
0.535
0.849
0.949
0.634
0.754
0.861
0.533
0.769
0.876
0.550
0.754
0.864
0.538
0.690
0.796
0.487
0.653
0.747
0.466
0.731
0.832
0.529
0.767
0.879
0.542
0.747
0.855
0.534
0.753
0.860
0.533
0.727
0.846
0.531
0.709
0.789
0.481
0.732
0.837
0.518
0.754
0.873
0.546
0.751
0.858
0.550
0.737
0.845
0.523
0.743
0.871
0.560
0.637
0.730
0.439
0.760
0.873
0.545
0.746
0.863
0.537
0.748
0.869
0.541
0.757
0.868
0.530
0.732
0.845
0.514
0.816
0.926
0.591
0.770
0.886
0.564
0.745
0.864
0.536
0.764
0.869
0.532
0.736
0.834
0.499
0.718
0.818
0.482
0.739
0.851
0.517
0.706
0.827
0.492
0.939
1.056
0.726
0.706
0.820
0.490
0.748
0.864
0.532
0.896
1.009
0.681
0.908
1.017
0.673
0.714
0.821
0.491
0.731
0.805
0.492
0.734
0.824
0.505
0.666
0.707
0.439
0.707
0.779
0.486
0.708
0.765
0.491
0.714
0.795
0.473
0.668
0.758
0.469
0.685
0.765
0.476
0.743
0.819
0.493
0.830
0.927
0.605
0.705
0.805
0.469
0.744
0.843
0.510
0.727
0.829
0.500
0.656
0.750
0.433
0.615
0.704
0.421
0.718
0.804
0.489
0.739
0.843
0.504
0.723
0.816
0.487
0.741
0.826
0.487
0.713
0.812
0.488
0.691
0.764
0.448
0.708
0.800
0.470
0.755
0.846
0.505
0.728
0.819
0.505
0.718
0.805
0.470
0.726
0.832
0.508
0.629
0.717
0.416
0.725
0.836
0.506
0.726
0.831
0.496
0.736
0.840
0.497
0.717
0.819
0.481
0.722
0.815
0.471
0.813
0.908
0.558
0.756
0.857
0.527
0.730
0.830
0.493
0.775
0.850
0.496
0.771
0.837
0.458
0.758
0.822
0.439
0.779
0.853
0.470
0.755
0.836
0.454
0.973
1.051
0.673
0.757
0.831
0.454
0.798
0.874
0.494
0.916
0.989
0.617
0.763
0.838
0.460
0.764
0.828
0.452
0.775
0.824
0.452
0.776
0.830
0.463
0.692
0.714
0.404
0.763
0.808
0.445
0.764
0.797
0.452
0.755
0.806
0.432
0.722
0.773
0.429
0.736
0.782
0.441
0.788
0.831
0.458
0.872
0.932
0.572
0.758
0.818
0.436
0.779
0.842
0.465
0.781
0.841
0.462
0.704
0.765
0.405
0.655
0.711
0.390
0.748
0.805
0.450
0.790
0.855
0.468
0.777
0.830
0.452
0.775
0.833
0.454
0.773
0.832
0.458
0.730
0.772
0.415
0.765
0.817
0.442
0.805
0.860
0.475
0.778
0.830
0.466
0.764
0.814
0.435
0.781
0.847
0.470
0.658
0.717
0.387
0.782
0.848
0.470
0.785
0.844
0.459
0.780
0.849
0.461
0.771
0.832
0.442
0.763
0.823
0.436
0.846
0.912
0.517
0.802
0.864
0.490
0.782
0.845
0.458
0.801
0.859
0.468
0.773
0.839
0.486
0.762
0.827
0.468
0.790
0.866
0.512
0.759
0.840
0.483
0.993
1.072
0.719
0.767
0.839
0.485
0.801
0.882
0.531
0.943
1.018
0.672
0.765
0.843
0.489
0.960
1.034
0.670
0.775
0.832
0.485
0.778
0.834
0.492
0.699
0.723
0.437
0.761
0.809
0.476
0.764
0.802
0.482
0.761
0.814
0.467
0.723
0.778
0.459
0.734
0.786
0.469
0.786
0.831
0.484
0.881
0.943
0.605
0.756
0.820
0.463
0.783
0.846
0.493
0.773
0.838
0.485
0.708
0.771
0.438
0.659
0.717
0.415
0.754
0.813
0.480
0.786
0.859
0.501
0.776
0.833
0.483
0.777
0.840
0.491
0.760
0.831
0.488
0.732
0.781
0.446
0.755
0.818
0.475
0.796
0.861
0.504
0.771
0.829
0.492
0.769
0.827
0.475
0.768
0.843
0.497
0.665
0.724
0.412
0.780
0.850
0.499
0.784
0.849
0.490
0.775
0.851
0.492
0.780
0.847
0.488
0.760
0.826
0.468
0.833
0.902
0.530
0.809
0.879
0.530
0.775
0.846
0.490
0.805
0.863
0.497
0.819
0.801
0.481
0.819
0.784
0.467
0.849
0.832
0.512
0.808
0.789
0.480
1.047
1.028
0.721
0.818
0.787
0.485
0.858
0.841
0.528
0.995
0.980
0.673
0.821
0.800
0.488
1.004
0.986
0.658
0.815
0.794
0.482
0.835
0.799
0.496
0.736
0.688
0.429
0.821
0.774
0.480
0.820
0.765
0.484
0.806
0.768
0.455
0.775
0.738
0.464
0.788
0.756
0.472
0.842
0.797
0.488
0.922
0.898
0.595
0.808
0.781
0.461
0.837
0.806
0.496
0.828
0.808
0.489
0.751
0.724
0.424
0.697
0.674
0.410
0.797
0.772
0.477
0.849
0.816
0.500
0.840
0.803
0.492
0.830
0.795
0.483
0.826
0.797
0.487
0.776
0.746
0.442
0.816
0.786
0.469
0.852
0.817
0.496
0.843
0.801
0.510
0.824
0.791
0.473
0.841
0.800
0.503
0.705
0.693
0.411
0.845
0.808
0.502
0.842
0.813
0.487
0.834
0.813
0.488
0.831
0.809
0.475
0.816
0.791
0.466
0.900
0.889
0.551
0.827
0.819
0.493
0.837
0.810
0.488
0.849
0.829
0.490
0.839
0.802
0.496
0.845
0.798
0.488
0.874
0.839
0.531
0.829
0.796
0.489
1.070
1.036
0.735
0.835
0.796
0.494
0.877
0.842
0.539
1.030
0.995
0.694
0.841
0.807
0.501
1.041
1.010
0.690
0.836
0.796
0.492
0.843
0.790
0.495
0.759
0.699
0.447
0.837
0.773
0.490
0.844
0.776
0.500
0.836
0.785
0.481
0.791
0.740
0.471
0.801
0.758
0.482
0.862
0.801
0.502
0.935
0.894
0.605
0.828
0.785
0.476
0.860
0.810
0.512
0.848
0.811
0.504
0.769
0.733
0.437
0.717
0.684
0.424
0.814
0.777
0.489
0.869
0.819
0.514
0.851
0.799
0.497
0.847
0.795
0.497
0.842
0.791
0.500
0.793
0.748
0.456
0.831
0.779
0.480
0.872
0.822
0.511
0.856
0.796
0.512
0.839
0.788
0.481
0.864
0.804
0.517
0.721
0.697
0.424
0.861
0.811
0.513
0.854
0.804
0.498
0.850
0.810
0.501
0.854
0.811
0.497
0.829
0.784
0.474
0.910
0.874
0.551
0.853
0.830
0.514
0.854
0.806
0.502
0.868
0.830
0.507
0.720
0.660
0.416
0.714
0.645
0.398
0.736
0.676
0.433
0.706
0.648
0.411
0.916
0.857
0.621
0.712
0.646
0.413
0.752
0.689
0.453
0.888
0.824
0.595
0.716
0.653
0.416
0.897
0.839
0.583
0.714
0.651
0.412
0.725
0.643
0.412
0.734
0.654
0.427
0.716
0.621
0.411
0.727
0.633
0.418
0.709
0.627
0.397
0.694
0.620
0.403
0.694
0.626
0.404
0.736
0.651
0.415
0.814
0.749
0.517
0.714
0.644
0.395
0.737
0.663
0.429
0.725
0.658
0.418
0.673
0.609
0.371
0.633
0.573
0.366
0.714
0.643
0.416
0.748
0.673
0.423
0.735
0.652
0.417
0.733
0.649
0.419
0.731
0.652
0.418
0.692
0.619
0.385
0.720
0.635
0.403
0.754
0.668
0.434
0.737
0.648
0.427
0.728
0.645
0.408
0.746
0.660
0.435
0.636
0.586
0.362
0.734
0.658
0.424
0.741
0.665
0.420
0.733
0.659
0.418
0.730
0.659
0.407
0.717
0.638
0.400
0.797
0.729
0.476
0.739
0.678
0.442
0.739
0.661
0.421
0.747
0.676
0.425
0.820
0.776
0.477
0.822
0.764
0.466
0.859
0.810
0.520
0.808
0.764
0.472
1.058
1.012
0.723
0.819
0.763
0.479
0.843
0.795
0.505
0.993
0.948
0.664
0.824
0.777
0.487
1.028
0.984
0.677
0.815
0.772
0.475
0.833
0.760
0.476
0.836
0.762
0.489
0.744
0.667
0.431
0.828
0.736
0.478
0.818
0.747
0.457
0.782
0.708
0.460
0.794
0.732
0.472
0.845
0.768
0.483
0.916
0.859
0.582
0.811
0.758
0.454
0.836
0.774
0.485
0.832
0.779
0.483
0.755
0.704
0.423
0.705
0.664
0.411
0.800
0.751
0.475
0.853
0.791
0.491
0.834
0.762
0.473
0.833
0.764
0.475
0.828
0.764
0.479
0.785
0.726
0.445
0.818
0.747
0.463
0.857
0.780
0.492
0.845
0.764
0.499
0.826
0.755
0.465
0.844
0.766
0.496
0.706
0.677
0.406
0.843
0.777
0.495
0.842
0.778
0.479
0.840
0.786
0.483
0.832
0.774
0.464
0.816
0.756
0.455
0.902
0.851
0.546
0.835
0.799
0.497
0.838
0.775
0.478
0.853
0.807
0.482
0.821
0.760
0.480
0.816
0.748
0.462
0.852
0.791
0.510
0.814
0.754
0.474
1.049
0.992
0.714
0.816
0.750
0.476
0.854
0.791
0.514
0.998
0.933
0.670
0.823
0.761
0.486
1.021
0.965
0.671
0.817
0.757
0.475
0.828
0.753
0.479
0.839
0.760
0.494
0.741
0.661
0.427
0.818
0.734
0.467
0.815
0.740
0.460
0.776
0.698
0.456
0.785
0.714
0.464
0.843
0.763
0.482
0.918
0.853
0.587
0.811
0.748
0.457
0.838
0.765
0.490
0.834
0.774
0.488
0.755
0.694
0.423
0.700
0.649
0.406
0.798
0.736
0.473
0.852
0.782
0.495
0.835
0.762
0.479
0.837
0.758
0.486
0.831
0.760
0.485
0.778
0.715
0.442
0.825
0.754
0.474
0.861
0.781
0.502
0.845
0.760
0.500
0.827
0.756
0.467
0.852
0.768
0.503
0.702
0.663
0.403
0.840
0.767
0.493
0.846
0.777
0.486
0.846
0.786
0.493
0.837
0.772
0.476
0.822
0.753
0.467
0.900
0.846
0.544
0.849
0.807
0.508
0.845
0.773
0.488
0.852
0.793
0.492
0.793
0.745
0.438
0.798
0.746
0.432
0.828
0.778
0.474
0.785
0.738
0.438
1.024
0.978
0.679
0.793
0.736
0.441
0.841
0.790
0.492
0.972
0.921
0.627
0.792
0.743
0.442
0.981
0.937
0.621
0.805
0.754
0.450
0.795
0.727
0.432
0.804
0.740
0.450
0.707
0.637
0.387
0.788
0.712
0.429
0.789
0.707
0.434
0.751
0.682
0.422
0.758
0.698
0.432
0.814
0.738
0.445
0.899
0.849
0.560
0.793
0.736
0.429
0.813
0.749
0.459
0.809
0.755
0.452
0.730
0.678
0.387
0.677
0.628
0.376
0.778
0.719
0.444
0.826
0.762
0.456
0.808
0.737
0.446
0.792
0.722
0.430
0.789
0.725
0.434
0.744
0.688
0.396
0.785
0.720
0.419
0.811
0.744
0.442
0.806
0.734
0.452
0.790
0.729
0.421
0.819
0.738
0.462
0.691
0.658
0.386
0.820
0.755
0.461
0.809
0.748
0.443
0.809
0.749
0.445
0.807
0.747
0.436
0.789
0.726
0.423
0.875
0.825
0.510
0.815
0.775
0.465
0.816
0.750
0.453
0.814
0.763
0.441
0.767
0.744
0.455
0.761
0.731
0.435
0.798
0.779
0.485
0.756
0.737
0.449
0.986
0.965
0.683
0.763
0.734
0.454
0.803
0.782
0.496
0.946
0.928
0.649
0.762
0.741
0.457
0.961
0.944
0.637
0.758
0.737
0.446
0.772
0.725
0.450
0.780
0.735
0.463
0.701
0.650
0.410
0.764
0.710
0.446
0.773
0.712
0.456
0.760
0.713
0.434
0.740
0.701
0.440
0.790
0.739
0.458
0.870
0.840
0.564
0.764
0.732
0.435
0.786
0.747
0.469
0.778
0.750
0.461
0.714
0.687
0.405
0.663
0.639
0.389
0.749
0.718
0.444
0.799
0.761
0.468
0.785
0.738
0.455
0.786
0.741
0.463
0.777
0.737
0.456
0.729
0.693
0.411
0.764
0.722
0.438
0.801
0.758
0.466
0.783
0.729
0.464
0.771
0.726
0.439
0.794
0.749
0.471
0.668
0.653
0.388
0.785
0.745
0.466
0.789
0.748
0.458
0.783
0.751
0.460
0.782
0.747
0.450
0.765
0.730
0.436
0.832
0.804
0.499
0.778
0.758
0.467
0.788
0.748
0.460
0.799
0.768
0.464
0.772
0.757
0.460
0.769
0.742
0.442
0.798
0.781
0.484
0.759
0.743
0.451
0.988
0.975
0.685
0.762
0.738
0.452
0.806
0.790
0.497
0.937
0.922
0.638
0.767
0.746
0.458
0.965
0.953
0.641
0.764
0.744
0.452
0.780
0.743
0.456
0.784
0.746
0.468
0.703
0.656
0.412
0.770
0.724
0.450
0.777
0.724
0.459
0.767
0.727
0.441
0.737
0.702
0.438
0.790
0.741
0.456
0.876
0.852
0.572
0.771
0.742
0.437
0.786
0.758
0.468
0.780
0.757
0.461
0.721
0.696
0.408
0.673
0.649
0.397
0.758
0.730
0.453
0.799
0.770
0.467
0.786
0.743
0.455
0.786
0.748
0.460
0.779
0.747
0.456
0.741
0.709
0.425
0.771
0.732
0.439
0.814
0.773
0.480
0.793
0.746
0.474
0.781
0.738
0.447
0.803
0.765
0.478
0.670
0.654
0.388
0.784
0.750
0.462
0.791
0.756
0.456
0.789
0.763
0.460
0.789
0.761
0.451
0.774
0.742
0.444
0.847
0.825
0.515
0.804
0.786
0.488
0.795
0.761
0.463
0.803
0.776
0.467
0.831
0.805
0.479
0.826
0.787
0.459
0.865
0.836
0.510
0.825
0.798
0.473
1.054
1.032
0.709
0.831
0.796
0.477
0.862
0.832
0.513
1.005
0.980
0.662
0.834
0.806
0.482
1.023
0.998
0.661
0.827
0.796
0.473
0.839
0.790
0.478
0.849
0.803
0.495
0.747
0.691
0.426
0.829
0.775
0.472
0.837
0.776
0.482
0.826
0.777
0.460
0.787
0.743
0.459
0.793
0.749
0.461
0.915
0.882
0.574
0.822
0.785
0.459
0.851
0.814
0.494
0.840
0.811
0.485
0.762
0.729
0.419
0.710
0.683
0.407
0.805
0.773
0.469
0.861
0.821
0.492
0.849
0.802
0.482
0.846
0.801
0.484
0.836
0.794
0.479
0.789
0.747
0.441
0.830
0.785
0.466
0.870
0.829
0.500
0.858
0.805
0.502
0.837
0.792
0.468
0.856
0.807
0.499
0.715
0.696
0.408
0.850
0.806
0.488
0.855
0.813
0.485
0.850
0.821
0.486
0.849
0.812
0.478
0.829
0.791
0.461
0.912
0.885
0.544
0.850
0.832
0.503
0.852
0.815
0.487
0.863
0.833
0.489
0.815
0.836
0.497
0.805
0.820
0.480
0.844
0.868
0.524
0.800
0.829
0.486
1.008
1.040
0.699
0.809
0.833
0.495
0.849
0.878
0.536
0.977
1.003
0.666
0.813
0.841
0.500
0.995
1.021
0.669
0.814
0.833
0.495
0.813
0.819
0.484
0.816
0.820
0.493
0.730
0.711
0.436
0.804
0.796
0.476
0.806
0.789
0.484
0.802
0.805
0.468
0.765
0.769
0.465
0.778
0.784
0.480
0.824
0.821
0.488
0.800
0.812
0.467
0.835
0.852
0.514
0.829
0.845
0.505
0.746
0.762
0.436
0.697
0.713
0.420
0.787
0.802
0.484
0.834
0.848
0.506
0.814
0.816
0.483
0.815
0.822
0.489
0.805
0.814
0.484
0.764
0.767
0.450
0.796
0.797
0.467
0.835
0.840
0.498
0.822
0.820
0.502
0.803
0.804
0.468
0.838
0.849
0.513
0.695
0.716
0.419
0.826
0.842
0.503
0.832
0.843
0.499
0.832
0.849
0.503
0.828
0.838
0.491
0.810
0.821
0.477
0.894
0.912
0.562
0.832
0.853
0.510
0.829
0.841
0.499
0.843
0.854
0.507
0.791
0.818
0.448
0.788
0.809
0.433
0.812
0.845
0.471
0.781
0.818
0.446
1.018
1.056
0.685
0.791
0.819
0.452
0.829
0.863
0.491
0.992
1.024
0.661
0.788
0.820
0.450
0.994
1.025
0.643
0.789
0.815
0.448
0.802
0.803
0.447
0.812
0.819
0.465
0.727
0.703
0.408
0.794
0.782
0.445
0.800
0.781
0.452
0.788
0.787
0.429
0.758
0.761
0.434
0.774
0.775
0.446
0.820
0.813
0.457
0.914
0.933
0.583
0.813
0.834
0.467
0.806
0.826
0.457
0.743
0.762
0.403
0.693
0.711
0.394
0.787
0.803
0.454
0.826
0.845
0.461
0.813
0.817
0.453
0.811
0.821
0.455
0.807
0.814
0.451
0.761
0.761
0.414
0.800
0.800
0.436
0.833
0.841
0.467
0.809
0.808
0.458
0.804
0.807
0.443
0.822
0.839
0.468
0.686
0.710
0.382
0.810
0.830
0.459
0.819
0.836
0.455
0.812
0.837
0.452
0.812
0.830
0.445
0.798
0.816
0.438
0.862
0.886
0.504
0.828
0.855
0.487
0.819
0.838
0.459
0.827
0.845
0.461
0.836
0.862
0.500
0.836
0.853
0.486
0.871
0.900
0.532
0.826
0.864
0.495
1.066
1.103
0.740
0.830
0.861
0.499
0.882
0.913
0.547
1.026
1.053
0.694
0.841
0.872
0.508
1.044
1.075
0.698
0.839
0.860
0.495
0.842
0.854
0.496
0.847
0.862
0.510
0.757
0.740
0.449
0.830
0.828
0.486
0.834
0.824
0.495
0.825
0.833
0.476
0.788
0.799
0.476
0.794
0.807
0.484
0.861
0.866
0.508
0.930
0.952
0.608
0.820
0.840
0.473
0.845
0.870
0.509
0.770
0.791
0.443
0.715
0.737
0.425
0.809
0.831
0.493
0.857
0.878
0.509
0.845
0.859
0.498
0.844
0.860
0.501
0.835
0.852
0.499
0.784
0.796
0.457
0.825
0.837
0.480
0.863
0.875
0.510
0.852
0.860
0.518
0.829
0.840
0.479
0.854
0.873
0.515
0.720
0.746
0.429
0.847
0.869
0.508
0.849
0.869
0.505
0.846
0.873
0.501
0.844
0.863
0.494
0.826
0.845
0.477
0.909
0.937
0.563
0.861
0.889
0.521
0.847
0.869
0.505
0.851
0.869
0.498
0.827
0.859
0.490
0.820
0.846
0.471
0.857
0.893
0.517
0.818
0.860
0.483
1.053
1.095
0.724
0.823
0.857
0.485
0.858
0.898
0.526
1.010
1.050
0.685
0.826
0.863
0.493
1.027
1.063
0.681
0.819
0.851
0.481
0.833
0.849
0.483
0.839
0.856
0.497
0.743
0.729
0.432
0.825
0.832
0.477
0.829
0.827
0.487
0.816
0.827
0.460
0.786
0.799
0.468
0.789
0.802
0.472
0.847
0.853
0.490
0.921
0.945
0.596
0.814
0.836
0.461
0.841
0.867
0.499
0.758
0.783
0.427
0.707
0.732
0.415
0.799
0.825
0.479
0.847
0.875
0.496
0.837
0.851
0.484
0.833
0.853
0.484
0.827
0.848
0.485
0.778
0.789
0.443
0.820
0.833
0.470
0.861
0.877
0.505
0.844
0.852
0.502
0.823
0.836
0.468
0.848
0.873
0.502
0.703
0.733
0.409
0.840
0.867
0.496
0.851
0.873
0.494
0.840
0.871
0.490
0.839
0.861
0.478
0.818
0.843
0.464
0.907
0.939
0.556
0.861
0.892
0.519
0.845
0.870
0.491
0.859
0.882
0.501
0.746
0.773
0.425
0.744
0.764
0.412
0.766
0.798
0.447
0.734
0.772
0.426
0.948
0.985
0.641
0.750
0.777
0.434
0.784
0.818
0.472
0.913
0.946
0.605
0.745
0.776
0.430
0.933
0.965
0.605
0.750
0.776
0.434
0.757
0.754
0.425
0.765
0.771
0.440
0.687
0.668
0.388
0.750
0.738
0.424
0.755
0.736
0.431
0.746
0.746
0.410
0.724
0.728
0.420
0.731
0.733
0.423
0.771
0.764
0.431
0.846
0.864
0.533
0.749
0.765
0.410
0.763
0.782
0.438
0.761
0.781
0.435
0.656
0.674
0.375
0.741
0.757
0.428
0.783
0.802
0.443
0.769
0.774
0.432
0.760
0.771
0.427
0.766
0.775
0.436
0.722
0.723
0.397
0.758
0.760
0.419
0.790
0.799
0.450
0.771
0.773
0.442
0.762
0.766
0.423
0.779
0.796
0.448
0.656
0.680
0.373
0.769
0.787
0.443
0.776
0.792
0.434
0.768
0.790
0.432
0.768
0.783
0.425
0.753
0.771
0.417
0.830
0.852
0.492
0.776
0.802
0.459
0.775
0.793
0.437
0.775
0.790
0.430
0.688
0.720
0.401
0.683
0.709
0.385
0.717
0.752
0.431
0.686
0.727
0.407
0.884
0.924
0.606
0.685
0.718
0.402
0.723
0.764
0.443
0.863
0.896
0.580
0.686
0.723
0.403
0.860
0.895
0.563
0.691
0.718
0.400
0.697
0.706
0.398
0.703
0.717
0.409
0.644
0.627
0.375
0.693
0.692
0.402
0.691
0.683
0.398
0.686
0.694
0.384
0.660
0.671
0.386
0.676
0.686
0.402
0.714
0.716
0.405
0.800
0.822
0.518
0.693
0.714
0.390
0.701
0.728
0.409
0.702
0.727
0.409
0.653
0.674
0.367
0.685
0.705
0.404
0.716
0.740
0.410
0.707
0.719
0.403
0.704
0.719
0.404
0.701
0.715
0.403
0.663
0.671
0.373
0.694
0.705
0.389
0.723
0.738
0.413
0.709
0.713
0.411
0.693
0.703
0.389
0.717
0.740
0.420
0.613
0.638
0.356
0.706
0.730
0.410
0.709
0.730
0.406
0.701
0.730
0.400
0.704
0.726
0.396
0.687
0.711
0.385
0.756
0.783
0.450
0.719
0.750
0.431
0.708
0.731
0.406
0.714
0.735
0.408
0.789
0.813
0.478
0.781
0.798
0.455
0.818
0.845
0.504
0.774
0.808
0.468
1.021
1.055
0.718
0.779
0.804
0.466
0.820
0.852
0.514
0.983
1.007
0.674
0.781
0.809
0.472
1.001
1.029
0.676
0.781
0.804
0.464
0.790
0.799
0.469
0.797
0.808
0.481
0.731
0.710
0.436
0.783
0.778
0.466
0.788
0.774
0.471
0.777
0.778
0.450
0.742
0.751
0.445
0.761
0.769
0.466
0.800
0.799
0.468
0.894
0.913
0.593
0.785
0.800
0.455
0.796
0.817
0.483
0.792
0.813
0.478
0.741
0.759
0.431
0.691
0.708
0.413
0.821
0.840
0.492
0.804
0.811
0.478
0.805
0.816
0.484
0.806
0.818
0.487
0.760
0.766
0.445
0.794
0.800
0.465
0.828
0.835
0.495
0.811
0.814
0.498
0.796
0.802
0.469
0.819
0.834
0.496
0.688
0.709
0.409
0.807
0.823
0.486
0.813
0.829
0.486
0.805
0.827
0.483
0.804
0.818
0.473
0.788
0.803
0.461
0.853
0.877
0.527
0.813
0.837
0.497
0.807
0.824
0.484
0.816
0.830
0.486
0.800
0.865
0.505
0.793
0.859
0.494
0.813
0.889
0.522
0.781
0.860
0.497
1.058
1.135
0.776
0.784
0.856
0.496
0.875
0.947
0.586
0.998
1.068
0.709
0.796
0.868
0.507
1.014
1.084
0.708
0.788
0.854
0.492
0.811
0.846
0.499
0.807
0.858
0.509
0.725
0.735
0.442
0.791
0.813
0.485
0.807
0.826
0.503
0.783
0.830
0.477
0.759
0.802
0.478
0.764
0.807
0.482
0.816
0.853
0.502
0.934
0.992
0.649
0.783
0.840
0.468
0.806
0.868
0.510
0.799
0.859
0.499
0.731
0.789
0.440
0.673
0.729
0.419
0.779
0.832
0.493
0.800
0.851
0.494
0.792
0.852
0.497
0.792
0.852
0.499
0.754
0.795
0.457
0.790
0.836
0.486
0.812
0.875
0.515
0.813
0.861
0.523
0.798
0.840
0.487
0.804
0.871
0.514
0.688
0.742
0.421
0.806
0.877
0.517
0.808
0.871
0.505
0.800
0.871
0.505
0.796
0.860
0.487
0.773
0.838
0.472
0.880
0.945
0.573
0.817
0.888
0.530
0.801
0.866
0.502
0.811
0.873
0.500
0.832
0.802
0.475
0.825
0.785
0.456
0.880
0.853
0.526
0.823
0.796
0.474
1.073
1.045
0.730
0.833
0.800
0.480
0.882
0.852
0.530
1.032
1.004
0.689
0.836
0.806
0.485
1.047
1.021
0.684
0.827
0.793
0.475
0.836
0.782
0.476
0.846
0.794
0.492
0.754
0.695
0.433
0.838
0.782
0.478
0.839
0.775
0.485
0.833
0.781
0.467
0.795
0.748
0.465
0.805
0.763
0.475
0.858
0.800
0.484
0.952
0.915
0.612
0.824
0.787
0.459
0.848
0.804
0.494
0.836
0.799
0.481
0.769
0.735
0.426
0.714
0.685
0.413
0.814
0.773
0.478
0.850
0.804
0.484
0.846
0.795
0.484
0.833
0.787
0.478
0.794
0.754
0.446
0.826
0.776
0.465
0.864
0.819
0.497
0.854
0.794
0.497
0.844
0.790
0.477
0.850
0.798
0.496
0.708
0.688
0.402
0.850
0.803
0.488
0.852
0.803
0.483
0.846
0.802
0.484
0.843
0.799
0.471
0.828
0.785
0.463
0.899
0.865
0.532
0.847
0.823
0.499
0.849
0.802
0.487
0.854
0.812
0.481
0.825
0.822
0.478
0.825
0.810
0.465
0.860
0.858
0.513
0.820
0.819
0.478
1.081
1.081
0.744
0.829
0.817
0.480
0.869
0.868
0.523
1.014
1.011
0.678
0.838
0.830
0.489
1.041
1.039
0.686
0.824
0.817
0.479
0.836
0.808
0.480
0.847
0.821
0.496
0.745
0.701
0.427
0.829
0.791
0.472
0.837
0.792
0.486
0.820
0.789
0.456
0.797
0.769
0.470
0.802
0.778
0.477
0.860
0.824
0.493
0.936
0.923
0.603
0.821
0.807
0.460
0.841
0.824
0.491
0.839
0.828
0.488
0.757
0.742
0.418
0.707
0.694
0.407
0.808
0.792
0.478
0.849
0.825
0.488
0.851
0.821
0.489
0.840
0.815
0.489
0.786
0.759
0.444
0.827
0.795
0.468
0.869
0.843
0.507
0.858
0.822
0.507
0.836
0.807
0.472
0.853
0.828
0.500
0.711
0.707
0.409
0.849
0.826
0.493
0.855
0.835
0.488
0.846
0.831
0.487
0.837
0.817
0.466
0.824
0.804
0.464
0.915
0.903
0.553
0.836
0.833
0.489
0.851
0.831
0.490
0.848
0.829
0.481
0.816
0.806
0.479
0.810
0.789
0.462
0.845
0.839
0.509
0.800
0.797
0.473
1.075
1.069
0.748
0.810
0.795
0.474
0.844
0.835
0.510
0.998
0.993
0.680
0.816
0.802
0.482
1.030
1.026
0.685
0.802
0.793
0.470
0.822
0.787
0.475
0.830
0.799
0.490
0.745
0.701
0.433
0.813
0.764
0.467
0.826
0.778
0.484
0.808
0.773
0.456
0.784
0.753
0.463
0.792
0.764
0.471
0.839
0.800
0.483
0.916
0.897
0.591
0.809
0.785
0.452
0.831
0.807
0.490
0.820
0.804
0.480
0.760
0.738
0.424
0.704
0.685
0.408
0.804
0.780
0.478
0.854
0.828
0.500
0.838
0.805
0.485
0.835
0.804
0.488
0.788
0.757
0.452
0.827
0.794
0.478
0.861
0.832
0.509
0.851
0.812
0.511
0.831
0.802
0.477
0.840
0.813
0.496
0.707
0.698
0.408
0.843
0.813
0.498
0.846
0.818
0.490
0.837
0.816
0.488
0.828
0.805
0.469
0.815
0.790
0.463
0.895
0.884
0.546
0.839
0.825
0.502
0.840
0.817
0.489
0.847
0.824
0.488
0.783
0.770
0.455
0.770
0.748
0.431
0.811
0.800
0.485
0.768
0.758
0.448
1.006
0.998
0.691
0.776
0.758
0.452
0.822
0.808
0.500
0.973
0.959
0.656
0.780
0.765
0.456
0.983
0.973
0.645
0.774
0.757
0.447
0.787
0.750
0.450
0.791
0.756
0.459
0.715
0.665
0.412
0.782
0.728
0.449
0.788
0.735
0.457
0.776
0.737
0.437
0.749
0.717
0.435
0.760
0.731
0.448
0.801
0.756
0.456
0.882
0.864
0.567
0.773
0.748
0.429
0.793
0.767
0.466
0.788
0.767
0.458
0.727
0.703
0.401
0.673
0.652
0.389
0.771
0.748
0.453
0.802
0.772
0.461
0.794
0.759
0.453
0.791
0.758
0.455
0.783
0.749
0.452
0.783
0.749
0.446
0.819
0.789
0.478
0.805
0.769
0.477
0.784
0.748
0.441
0.802
0.769
0.471
0.676
0.666
0.387
0.792
0.761
0.459
0.805
0.779
0.465
0.790
0.771
0.455
0.789
0.760
0.442
0.771
0.744
0.432
0.847
0.833
0.507
0.796
0.783
0.471
0.795
0.768
0.458
0.806
0.783
0.463
0.819
0.771
0.476
0.824
0.762
0.464
0.853
0.808
0.511
0.807
0.766
0.475
1.076
1.028
0.743
0.818
0.763
0.477
0.840
0.798
0.503
1.013
0.964
0.679
0.822
0.773
0.482
1.031
0.987
0.681
0.813
0.767
0.472
0.820
0.752
0.472
0.833
0.765
0.489
0.743
0.666
0.428
0.819
0.736
0.474
0.830
0.746
0.484
0.812
0.736
0.454
0.786
0.722
0.461
0.788
0.730
0.466
0.842
0.766
0.482
0.916
0.861
0.586
0.813
0.756
0.453
0.831
0.769
0.486
0.824
0.774
0.482
0.762
0.708
0.423
0.708
0.665
0.411
0.802
0.753
0.474
0.851
0.769
0.490
0.832
0.758
0.477
0.828
0.752
0.476
0.829
0.757
0.484
0.789
0.735
0.451
0.858
0.786
0.501
0.846
0.769
0.503
0.830
0.763
0.473
0.843
0.771
0.496
0.708
0.675
0.404
0.850
0.775
0.497
0.846
0.773
0.486
0.837
0.772
0.486
0.828
0.754
0.466
0.812
0.746
0.457
0.892
0.844
0.541
0.835
0.784
0.497
0.837
0.766
0.485
0.838
0.772
0.478
0.857
0.851
0.503
0.862
0.845
0.494
0.912
0.908
0.557
0.851
0.851
0.505
1.103
1.104
0.759
0.866
0.854
0.510
0.906
0.904
0.558
1.042
1.042
0.700
0.869
0.862
0.514
1.062
1.057
0.697
0.854
0.847
0.500
0.871
0.839
0.505
0.883
0.852
0.522
0.777
0.729
0.452
0.863
0.811
0.498
0.875
0.823
0.512
0.858
0.824
0.488
0.825
0.793
0.488
0.833
0.805
0.500
0.900
0.860
0.523
0.959
0.941
0.615
0.853
0.835
0.483
0.876
0.859
0.519
0.875
0.860
0.517
0.790
0.776
0.445
0.734
0.722
0.428
0.836
0.816
0.497
0.881
0.858
0.517
0.876
0.844
0.507
0.875
0.845
0.513
0.869
0.839
0.512
0.819
0.794
0.474
0.858
0.825
0.492
0.891
0.852
0.533
0.869
0.834
0.498
0.882
0.857
0.525
0.732
0.729
0.425
0.886
0.863
0.524
0.894
0.869
0.524
0.879
0.862
0.515
0.875
0.852
0.500
0.847
0.824
0.481
0.947
0.934
0.578
0.870
0.861
0.520
0.877
0.853
0.512
0.888
0.867
0.517
0.878
0.816
0.529
0.875
0.795
0.511
0.917
0.856
0.567
0.861
0.803
0.518
1.113
1.045
0.771
0.867
0.796
0.517
0.915
0.853
0.568
1.069
1.009
0.728
0.876
0.811
0.530
1.085
1.024
0.726
0.863
0.797
0.513
0.883
0.801
0.529
0.888
0.803
0.537
0.782
0.699
0.464
0.881
0.785
0.526
0.884
0.784
0.529
0.866
0.779
0.504
0.826
0.749
0.499
0.837
0.764
0.513
0.903
0.811
0.535
0.975
0.908
0.638
0.853
0.782
0.493
0.891
0.809
0.539
0.881
0.810
0.533
0.801
0.735
0.461
0.742
0.680
0.441
0.850
0.785
0.521
0.900
0.813
0.537
0.888
0.799
0.525
0.884
0.801
0.528
0.882
0.803
0.534
0.829
0.770
0.490
0.869
0.789
0.513
0.915
0.838
0.551
0.878
0.798
0.514
0.892
0.803
0.542
0.743
0.697
0.440
0.893
0.808
0.533
0.898
0.812
0.535
0.889
0.809
0.533
0.885
0.806
0.519
0.867
0.789
0.505
0.943
0.877
0.583
0.896
0.842
0.551
0.891
0.808
0.533
0.896
0.820
0.531
0.827
0.799
0.477
0.820
0.779
0.452
0.858
0.831
0.508
0.815
0.795
0.472
1.056
1.031
0.714
0.821
0.783
0.471
0.869
0.840
0.521
1.025
1.000
0.688
0.826
0.794
0.478
1.039
1.012
0.680
0.823
0.792
0.476
0.830
0.781
0.472
0.839
0.786
0.486
0.750
0.688
0.428
0.832
0.774
0.474
0.833
0.763
0.475
0.823
0.775
0.457
0.784
0.732
0.453
0.791
0.743
0.462
0.850
0.790
0.480
0.944
0.908
0.605
0.817
0.777
0.452
0.842
0.798
0.490
0.835
0.798
0.483
0.761
0.725
0.418
0.707
0.677
0.405
0.807
0.766
0.472
0.844
0.792
0.478
0.841
0.785
0.477
0.833
0.777
0.473
0.828
0.782
0.474
0.780
0.735
0.432
0.823
0.771
0.461
0.859
0.805
0.492
0.845
0.781
0.488
0.847
0.790
0.492
0.704
0.686
0.400
0.840
0.791
0.480
0.850
0.797
0.483
0.843
0.794
0.481
0.836
0.785
0.467
0.822
0.773
0.458
0.896
0.861
0.530
0.844
0.813
0.496
0.844
0.794
0.483
0.838
0.793
0.470
0.816
0.873
0.519
0.803
0.860
0.500
0.831
0.898
0.543
0.795
0.869
0.511
1.053
1.121
0.767
0.816
0.885
0.534
0.869
0.937
0.585
0.998
1.066
0.725
0.816
0.881
0.530
1.022
1.088
0.719
0.794
0.854
0.502
0.819
0.855
0.510
0.827
0.871
0.527
0.740
0.746
0.460
0.811
0.831
0.514
0.814
0.835
0.517
0.806
0.845
0.501
0.776
0.818
0.497
0.784
0.823
0.504
0.835
0.870
0.522
0.928
0.983
0.647
0.797
0.852
0.489
0.826
0.880
0.529
0.822
0.878
0.523
0.744
0.795
0.452
0.694
0.746
0.441
0.799
0.847
0.513
0.826
0.887
0.527
0.819
0.868
0.516
0.815
0.870
0.519
0.809
0.864
0.517
0.771
0.811
0.479
0.801
0.852
0.504
0.840
0.894
0.539
0.828
0.872
0.540
0.814
0.863
0.511
0.696
0.750
0.436
0.827
0.889
0.538
0.836
0.892
0.530
0.817
0.882
0.519
0.817
0.877
0.513
0.794
0.853
0.494
0.892
0.949
0.582
0.818
0.885
0.532
0.822
0.882
0.523
0.831
0.884
0.518
0.666
0.725
0.404
0.662
0.716
0.392
0.686
0.751
0.427
0.655
0.723
0.400
0.862
0.926
0.605
0.659
0.721
0.402
0.692
0.760
0.438
0.840
0.901
0.583
0.661
0.724
0.402
0.847
0.909
0.578
0.658
0.717
0.398
0.669
0.704
0.396
0.672
0.716
0.410
0.618
0.628
0.369
0.663
0.689
0.396
0.669
0.687
0.400
0.660
0.699
0.387
0.637
0.676
0.386
0.646
0.681
0.391
0.679
0.711
0.400
0.772
0.822
0.519
0.662
0.711
0.382
0.676
0.730
0.411
0.670
0.723
0.403
0.623
0.672
0.363
0.590
0.633
0.356
0.658
0.704
0.401
0.687
0.741
0.411
0.670
0.715
0.398
0.672
0.723
0.404
0.673
0.718
0.403
0.641
0.676
0.375
0.666
0.707
0.390
0.686
0.737
0.413
0.680
0.720
0.413
0.664
0.708
0.392
0.681
0.734
0.413
0.674
0.728
0.407
0.679
0.733
0.405
0.672
0.732
0.401
0.677
0.732
0.400
0.659
0.714
0.385
0.727
0.784
0.453
0.698
0.756
0.437
0.678
0.734
0.407
0.686
0.738
0.407
0.753
0.827
0.490
0.733
0.808
0.461
0.774
0.857
0.516
0.731
0.820
0.479
0.981
1.067
0.731
0.730
0.815
0.480
0.791
0.875
0.539
0.928
1.006
0.671
0.736
0.822
0.489
0.948
1.029
0.677
0.737
0.815
0.480
0.755
0.802
0.484
0.758
0.820
0.499
0.679
0.696
0.432
0.732
0.771
0.474
0.740
0.772
0.483
0.732
0.792
0.470
0.697
0.756
0.460
0.710
0.763
0.469
0.761
0.810
0.485
0.866
0.932
0.609
0.729
0.800
0.459
0.754
0.827
0.492
0.751
0.821
0.486
0.683
0.753
0.433
0.634
0.700
0.414
0.738
0.801
0.486
0.768
0.847
0.503
0.754
0.818
0.484
0.750
0.818
0.485
0.747
0.818
0.492
0.708
0.760
0.448
0.748
0.810
0.484
0.775
0.845
0.507
0.763
0.822
0.506
0.754
0.812
0.479
0.753
0.835
0.508
0.643
0.706
0.402
0.755
0.831
0.488
0.758
0.838
0.493
0.757
0.831
0.489
0.741
0.813
0.469
0.828
0.901
0.549
0.789
0.875
0.541
0.767
0.839
0.495
0.768
0.837
0.489
0.869
0.877
0.492
0.866
0.866
0.474
0.906
0.917
0.526
0.866
0.880
0.490
1.111
1.131
0.746
0.864
0.872
0.486
0.929
0.938
0.550
1.070
1.080
0.700
0.875
0.884
0.497
1.085
1.098
0.699
0.874
0.880
0.493
0.872
0.870
0.484
0.883
0.883
0.505
0.778
0.749
0.438
0.869
0.854
0.482
0.878
0.855
0.497
0.864
0.856
0.474
0.821
0.815
0.470
0.822
0.819
0.476
0.894
0.881
0.499
0.998
1.002
0.641
0.852
0.854
0.465
0.881
0.889
0.510
0.875
0.882
0.502
0.794
0.800
0.430
0.737
0.746
0.420
0.841
0.846
0.488
0.885
0.888
0.499
0.881
0.877
0.496
0.879
0.876
0.493
0.868
0.863
0.490
0.817
0.811
0.452
0.858
0.851
0.474
0.905
0.904
0.522
0.889
0.873
0.512
0.877
0.870
0.488
0.890
0.892
0.510
0.731
0.745
0.412
0.880
0.883
0.499
0.887
0.893
0.504
0.886
0.888
0.495
0.864
0.868
0.478
0.939
0.950
0.556
0.903
0.913
0.529
0.894
0.897
0.510
0.882
0.885
0.490
0.854
0.873
0.493
0.850
0.863
0.478
0.886
0.912
0.527
0.840
0.871
0.487
1.105
1.134
0.755
0.854
0.878
0.498
0.895
0.921
0.539
1.060
1.083
0.707
0.858
0.881
0.500
1.074
1.101
0.708
0.850
0.868
0.489
0.852
0.855
0.483
0.864
0.873
0.504
0.765
0.748
0.438
0.859
0.854
0.490
0.859
0.847
0.496
0.852
0.856
0.479
0.811
0.816
0.476
0.819
0.822
0.486
0.880
0.876
0.502
0.973
0.988
0.630
0.838
0.852
0.465
0.867
0.884
0.508
0.859
0.876
0.501
0.784
0.801
0.436
0.727
0.744
0.419
0.825
0.839
0.486
0.874
0.888
0.504
0.866
0.872
0.494
0.859
0.870
0.490
0.854
0.862
0.494
0.801
0.808
0.453
0.848
0.853
0.477
0.887
0.897
0.517
0.875
0.873
0.514
0.860
0.863
0.488
0.870
0.885
0.508
0.725
0.747
0.415
0.872
0.886
0.504
0.879
0.890
0.507
0.869
0.881
0.493
0.845
0.861
0.476
0.922
0.941
0.554
0.865
0.886
0.509
0.875
0.890
0.508
0.868
0.881
0.493
0.857
0.873
0.498
0.851
0.861
0.480
0.894
0.918
0.538
0.847
0.876
0.497
1.102
1.131
0.757
0.854
0.873
0.497
0.918
0.940
0.562
1.059
1.086
0.718
0.855
0.876
0.501
1.074
1.098
0.709
0.858
0.877
0.507
0.860
0.857
0.491
0.876
0.877
0.517
0.766
0.740
0.438
0.868
0.855
0.498
0.862
0.839
0.498
0.852
0.847
0.478
0.817
0.815
0.483
0.813
0.813
0.479
0.880
0.868
0.502
0.985
0.995
0.641
0.845
0.856
0.473
0.880
0.895
0.524
0.869
0.882
0.510
0.788
0.800
0.440
0.730
0.744
0.424
0.828
0.838
0.488
0.867
0.878
0.497
0.861
0.860
0.492
0.853
0.857
0.487
0.846
0.850
0.484
0.800
0.797
0.450
0.838
0.832
0.470
0.881
0.883
0.509
0.873
0.866
0.514
0.853
0.849
0.483
0.875
0.885
0.513
0.727
0.747
0.419
0.875
0.885
0.510
0.877
0.885
0.502
0.866
0.880
0.498
0.847
0.858
0.477
0.929
0.945
0.561
0.876
0.892
0.521
0.873
0.882
0.505
0.867
0.874
0.490
0.817
0.836
0.461
0.809
0.823
0.441
0.854
0.877
0.497
0.807
0.838
0.458
1.056
1.086
0.711
0.823
0.843
0.467
0.872
0.895
0.520
1.011
1.034
0.663
0.823
0.845
0.468
1.035
1.060
0.672
0.818
0.835
0.461
0.821
0.825
0.457
0.833
0.841
0.477
0.736
0.713
0.414
0.817
0.806
0.454
0.827
0.810
0.468
0.811
0.809
0.442
0.780
0.783
0.448
0.787
0.789
0.456
0.846
0.841
0.472
0.948
0.961
0.608
0.807
0.819
0.438
0.829
0.844
0.473
0.831
0.846
0.476
0.754
0.770
0.411
0.702
0.718
0.397
0.794
0.807
0.458
0.837
0.851
0.471
0.836
0.844
0.470
0.826
0.833
0.464
0.822
0.830
0.465
0.768
0.771
0.423
0.810
0.813
0.447
0.845
0.850
0.478
0.839
0.836
0.484
0.829
0.831
0.461
0.836
0.847
0.478
0.700
0.721
0.393
0.840
0.853
0.477
0.848
0.858
0.478
0.833
0.850
0.467
0.831
0.843
0.459
0.890
0.908
0.526
0.836
0.857
0.483
0.839
0.853
0.474
0.837
0.848
0.467
0.888
0.918
0.534
0.890
0.914
0.524
0.925
0.960
0.572
0.877
0.917
0.527
1.139
1.178
0.794
0.886
0.919
0.534
0.931
0.965
0.582
1.081
1.115
0.736
0.886
0.920
0.536
1.107
1.146
0.749
0.869
0.897
0.512
0.882
0.902
0.523
0.892
0.912
0.534
0.795
0.786
0.474
0.879
0.886
0.523
0.886
0.887
0.530
0.867
0.884
0.503
0.824
0.839
0.493
0.851
0.866
0.523
0.905
0.916
0.535
0.979
1.003
0.639
0.870
0.894
0.506
0.899
0.926
0.544
0.900
0.930
0.549
0.818
0.843
0.480
0.759
0.785
0.456
0.856
0.878
0.519
0.907
0.934
0.546
0.896
0.916
0.533
0.898
0.920
0.542
0.885
0.911
0.537
0.839
0.855
0.497
0.877
0.896
0.522
0.920
0.939
0.557
0.907
0.918
0.555
0.886
0.904
0.523
0.904
0.928
0.552
0.744
0.775
0.442
0.906
0.930
0.546
0.911
0.936
0.546
0.900
0.930
0.541
0.895
0.921
0.534
0.882
0.906
0.521
0.903
0.934
0.554
0.901
0.928
0.540
0.915
0.940
0.553
0.825
0.854
0.493
0.836
0.857
0.493
0.852
0.887
0.529
0.829
0.871
0.513
1.070
1.106
0.747
0.868
0.900
0.544
0.868
0.904
0.545
1.026
1.066
0.717
0.844
0.876
0.519
1.036
1.072
0.702
0.852
0.883
0.527
0.836
0.846
0.498
0.853
0.870
0.521
0.744
0.735
0.445
0.854
0.860
0.524
0.848
0.848
0.517
0.845
0.856
0.506
0.804
0.819
0.500
0.805
0.817
0.495
0.850
0.856
0.505
0.939
0.964
0.620
0.823
0.847
0.488
0.862
0.889
0.528
0.858
0.886
0.528
0.777
0.802
0.464
0.719
0.746
0.439
0.813
0.836
0.498
0.843
0.867
0.499
0.834
0.848
0.490
0.826
0.845
0.486
0.827
0.845
0.493
0.778
0.790
0.452
0.812
0.822
0.472
0.863
0.879
0.521
0.846
0.856
0.511
0.834
0.845
0.491
0.841
0.866
0.512
0.719
0.749
0.431
0.873
0.898
0.540
0.859
0.880
0.516
0.833
0.861
0.495
0.843
0.862
0.498
0.827
0.850
0.487
0.898
0.925
0.552
0.852
0.875
0.510
0.861
0.880
0.511
0.869
0.885
0.514
0.861
0.869
0.492
0.909
0.928
0.551
0.857
0.882
0.506
1.129
1.155
0.784
0.869
0.884
0.512
0.926
0.945
0.571
1.073
1.092
0.726
0.876
0.892
0.521
1.095
1.115
0.730
0.866
0.881
0.510
0.876
0.876
0.509
0.884
0.886
0.525
0.780
0.754
0.455
0.875
0.860
0.507
0.879
0.857
0.517
0.868
0.863
0.499
0.824
0.821
0.489
0.830
0.829
0.500
0.897
0.888
0.523
0.993
1.002
0.652
0.857
0.863
0.488
0.883
0.893
0.527
0.879
0.890
0.522
0.796
0.806
0.450
0.741
0.753
0.435
0.840
0.849
0.504
0.879
0.889
0.513
0.879
0.880
0.513
0.877
0.878
0.511
0.865
0.866
0.507
0.810
0.810
0.466
0.854
0.850
0.490
0.897
0.898
0.530
0.886
0.875
0.529
0.874
0.871
0.506
0.885
0.893
0.526
0.734
0.753
0.429
0.885
0.892
0.521
0.896
0.901
0.525
0.886
0.898
0.521
0.885
0.889
0.512
0.861
0.869
0.494
0.935
0.950
0.568
0.887
0.902
0.531
0.879
0.887
0.506
0.821
0.840
0.466
0.815
0.830
0.455
0.868
0.893
0.518
0.812
0.844
0.469
1.075
1.106
0.737
0.821
0.842
0.470
0.885
0.909
0.536
1.027
1.054
0.689
0.822
0.844
0.469
1.042
1.071
0.686
0.822
0.841
0.472
0.827
0.826
0.467
0.840
0.847
0.488
0.740
0.722
0.421
0.825
0.823
0.463
0.828
0.814
0.474
0.814
0.815
0.449
0.789
0.793
0.460
0.792
0.797
0.466
0.850
0.843
0.480
0.936
0.950
0.600
0.811
0.823
0.446
0.830
0.846
0.480
0.833
0.850
0.482
0.756
0.771
0.414
0.702
0.718
0.402
0.803
0.816
0.471
0.843
0.856
0.480
0.837
0.840
0.477
0.823
0.832
0.465
0.823
0.831
0.469
0.777
0.778
0.434
0.812
0.813
0.453
0.849
0.855
0.486
0.846
0.839
0.496
0.821
0.821
0.458
0.845
0.856
0.491
0.700
0.722
0.397
0.841
0.856
0.485
0.842
0.852
0.475
0.832
0.849
0.474
0.834
0.844
0.465
0.812
0.824
0.451
0.911
0.929
0.550
0.849
0.869
0.501
0.841
0.855
0.482
