1.393
1.494
1.363
2.767
2.856
2.784
0.753
0.897
0.839
1.344
1.344
1.327
0.930
0.998
0.706
0.542
0.648
0.617
0.531
0.699
0.541
3.576
3.577
3.482
1.662
1.735
1.675
1.207
1.373
1.315
1.187
1.340
1.214
0.362
0.450
0.447
1.081
1.132
1.117
1.330
1.397
1.370
1.459
1.534
1.536
0.669
0.798
1.169
0.552
0.730
0.683
1.041
1.094
1.058
2.006
2.398
2.532
0.806
0.952
0.946
1.017
1.154
1.011
2.167
2.177
2.138
2.546
2.626
2.572
1.937
2.084
2.036
0.804
1.030
0.972
1.383
1.410
1.365
0.914
1.012
0.924
1.000
1.233
1.083
1.613
1.838
2.013
1.113
1.236
1.209
1.235
1.440
1.235
2.153
2.372
2.191
1.855
1.906
1.821
1.241
1.458
1.365
1.894
2.014
1.951
1.388
1.657
1.285
0.905
1.028
0.930
1.339
1.327
1.273
0.859
1.060
1.001
1.407
1.353
1.238
0.863
1.194
0.998
0.754
0.882
0.758
1.677
1.643
1.566
0.460
0.737
0.576
1.222
1.382
1.179
1.609
1.799
1.677
1.360
1.560
1.489
0.805
1.037
0.866
1.356
1.455
1.378
2.263
2.317
2.300
1.920
2.065
1.880
2.006
2.129
2.055
1.553
1.566
1.491
0.992
1.030
0.967
1.289
1.420
1.374
1.414
1.645
1.326
0.835
0.957
0.900
1.259
1.332
1.031
0.492
0.672
0.594
2.136
2.137
2.075
1.877
1.908
1.853
2.429
2.515
2.416
0.935
1.162
1.078
1.613
1.744
1.604
0.503
0.869
0.571
1.781
1.962
1.870
2.348
2.434
2.291
1.091
1.147
0.985
1.080
1.361
1.142
0.807
0.831
0.783
0.807
0.871
0.806
0.902
1.023
0.952
1.919
2.031
2.009
1.399
1.462
1.392
0.916
0.912
0.937
0.805
0.944
0.877
1.971
2.042
2.061
1.947
2.276
2.225
1.973
2.028
2.023
1.088
1.169
1.122
0.830
0.878
0.465
1.009
1.098
0.907
1.906
1.821
1.762
3.060
3.135
3.094
0.647
0.753
0.692
1.551
1.638
1.630
0.824
0.928
0.745
1.617
1.674
1.723
0.604
0.994
0.813
1.089
1.216
1.140
1.022
1.097
1.094
0.963
1.068
0.919
2.353
2.381
2.345
2.265
2.318
2.309
1.544
1.599
1.528
1.532
1.557
1.546
1.874
1.904
1.884
1.102
1.183
1.082
2.044
2.114
2.021
0.824
1.158
0.891
0.440
0.609
0.424
1.556
1.652
1.576
1.470
1.555
1.519
1.464
1.648
1.588
0.998
1.218
1.091
1.226
1.247
1.238
2.374
2.629
2.523
0.565
0.675
0.600
1.376
1.426
1.428
0.692
0.780
0.741
1.435
1.480
1.480
1.546
1.847
1.859
1.837
1.953
1.924
1.013
1.031
1.041
0.724
0.953
0.923
1.714
1.811
1.783
0.497
0.704
0.524
1.394
1.473
1.418
1.028
1.149
1.068
1.000
1.082
1.063
0.821
0.962
0.961
0.906
0.869
0.887
1.983
2.096
2.027
2.268
2.624
2.299
2.547
2.536
2.508
1.270
1.372
1.317
2.286
2.360
2.334
1.763
1.926
1.761
1.340
1.451
1.418
1.715
1.802
1.763
1.611
1.606
1.619
1.637
1.708
1.635
1.040
1.263
1.096
1.136
1.312
1.171
1.738
1.826
1.749
1.885
1.925
1.832
1.680
1.756
1.719
0.522
0.656
0.592
1.899
2.022
1.877
1.419
1.746
1.726
1.651
1.655
1.569
1.633
2.077
1.855
1.113
1.236
1.209
1.662
1.842
1.712
2.282
2.310
2.379
1.891
2.053
1.947
0.514
0.710
0.546
1.064
1.106
1.013
1.505
1.606
1.541
0.999
1.012
0.903
1.047
1.028
0.923
1.902
1.859
1.731
1.079
1.162
1.131
1.765
1.821
1.806
1.228
1.221
1.076
1.678
1.810
1.771
0.861
1.092
0.837
1.500
1.598
1.531
1.186
1.231
1.185
1.046
1.287
1.140
0.988
1.050
0.958
0.806
0.953
0.863
1.528
1.596
1.615
1.443
1.615
1.552
1.200
1.254
1.093
0.808
0.829
0.806
0.883
0.934
0.900
0.802
0.861
0.823
1.396
1.469
1.446
1.997
2.100
2.054
1.128
1.328
1.274
1.373
1.429
1.433
1.247
1.323
1.252
0.788
0.799
0.768
1.288
1.350
1.304
1.494
1.652
1.558
1.061
1.234
1.209
0.816
1.098
0.950
1.584
1.842
1.708
1.833
1.894
1.857
1.023
1.023
0.936
1.614
1.501
1.324
2.174
2.233
2.209
1.201
1.420
1.363
2.508
2.529
2.509
1.451
1.592
1.550
1.396
1.454
1.449
1.849
1.894
1.741
1.681
2.168
1.781
0.415
0.434
0.409
0.843
0.927
0.910
0.872
1.065
0.905
1.415
1.547
1.465
0.646
0.920
0.714
0.945
1.071
1.329
0.790
1.859
0.787
0.631
0.859
0.737
0.631
1.060
0.797
1.823
1.865
1.765
1.089
1.123
1.086
1.454
1.511
1.480
0.839
0.902
0.749
2.259
2.434
2.432
1.403
1.471
1.517
1.450
1.634
1.559
1.079
1.420
1.299
0.643
1.232
1.065
0.651
0.784
0.791
2.163
2.202
2.122
1.404
1.472
1.386
2.210
2.789
2.113
1.362
1.439
1.192
1.067
1.177
1.028
1.259
1.301
1.259
0.806
1.084
0.882
1.268
1.299
1.317
0.689
0.842
1.304
1.176
1.218
1.129
0.742
0.982
0.844
2.691
2.834
2.748
1.920
2.017
1.965
1.605
1.715
1.600
1.495
1.586
1.419
1.678
1.693
1.594
0.665
0.717
0.681
0.586
0.688
0.657
1.000
1.069
1.093
0.609
0.717
0.626
2.402
2.462
2.427
0.834
1.037
0.889
1.633
1.825
1.758
1.129
1.202
1.120
1.167
1.251
1.202
0.805
0.911
0.793
0.986
1.106
0.884
0.930
1.095
0.997
0.692
0.824
0.754
1.407
1.407
1.394
0.856
1.076
0.823
0.821
0.864
0.818
1.771
1.841
1.855
1.056
1.107
1.098
0.734
0.886
0.781
1.416
1.416
1.303
1.582
1.715
1.674
0.814
0.917
0.933
1.748
1.859
1.817
1.069
1.116
0.801
1.649
1.712
1.710
1.306
1.372
1.255
1.009
1.276
1.203
1.820
1.886
1.822
0.897
1.018
0.912
0.835
0.783
0.760
1.370
1.323
1.364
1.537
1.645
1.599
1.469
1.531
1.502
1.185
1.373
1.302
1.239
1.307
1.257
2.535
2.616
2.638
1.209
1.309
1.245
1.711
1.760
1.621
0.686
0.848
0.779
1.476
1.545
1.486
1.124
1.173
1.158
2.088
2.328
2.217
1.777
1.946
1.871
1.428
1.513
1.440
0.396
0.514
0.404
1.815
1.984
1.915
1.376
1.443
1.499
1.352
1.512
1.326
1.114
1.830
1.214
0.965
1.095
1.002
1.190
1.561
1.447
0.867
1.151
1.012
0.438
0.669
0.564
0.776
0.785
0.734
1.798
1.894
1.847
1.008
1.145
1.081
1.008
1.171
1.093
1.258
1.544
1.464
1.457
1.461
1.412
1.272
1.350
1.250
0.617
0.683
0.659
0.874
1.009
0.962
0.634
0.711
0.666
1.847
1.985
1.956
1.491
1.588
1.570
1.577
1.749
1.657
0.608
0.701
0.646
0.762
0.857
0.820
2.564
2.695
2.722
1.280
1.514
1.331
2.848
2.920
2.966
1.197
1.288
1.180
0.719
0.931
0.810
0.855
1.010
0.822
0.950
1.281
1.111
0.754
0.823
0.801
0.544
0.589
0.609
1.188
1.276
1.060
1.040
1.170
1.066
0.770
0.819
0.824
2.087
2.130
2.131
1.114
1.372
1.112
0.905
1.022
0.961
0.700
0.858
0.787
0.890
1.009
0.959
0.559
0.636
0.625
1.011
1.211
1.097
1.524
1.588
1.559
1.763
1.805
1.729
1.677
1.683
1.664
1.939
2.017
2.007
1.036
1.133
1.067
0.851
1.034
0.858
1.244
1.469
1.192
1.543
1.653
1.617
1.268
1.396
1.284
1.830
1.926
1.801
1.067
1.193
1.151
0.737
0.968
0.862
1.066
1.116
0.864
1.169
1.295
1.207
1.044
1.110
1.101
2.295
2.421
2.369
1.051
1.145
1.033
2.680
2.730
2.615
1.273
1.409
1.196
1.955
2.026
1.980
0.488
0.610
0.495
2.688
2.729
2.704
1.233
1.293
1.241
1.132
1.145
1.103
1.614
1.681
1.621
0.627
0.837
0.704
1.147
1.195
1.140
1.015
1.033
1.026
1.637
1.640
1.923
1.000
1.052
0.956
0.608
0.647
0.650
1.368
1.521
1.309
1.455
1.501
1.533
1.552
1.495
1.393
0.795
0.892
0.842
2.549
2.729
2.678
2.163
2.299
2.230
1.982
2.086
2.035
0.834
0.956
0.886
0.800
1.101
0.833
0.441
0.635
0.543
2.900
3.017
2.954
1.678
1.744
1.560
0.697
0.700
0.639
0.934
1.025
0.925
0.782
1.014
0.623
0.858
0.839
0.861
0.912
0.979
0.929
1.025
1.183
1.027
1.262
1.400
1.403
0.962
1.123
1.118
2.884
2.942
2.916
2.275
2.471
2.308
1.756
1.756
1.746
1.076
1.111
0.998
0.821
0.888
0.848
1.977
2.095
2.001
2.024
2.054
2.036
2.130
2.174
2.149
1.418
1.359
1.315
1.149
1.330
1.158
1.140
1.648
1.316
1.190
1.295
1.207
1.092
1.361
0.832
1.557
1.608
1.443
1.192
1.255
1.213
1.681
1.930
1.699
1.218
1.248
1.220
1.081
1.170
1.135
1.324
1.418
1.353
0.902
1.129
1.090
0.881
1.344
1.027
1.116
1.229
1.209
1.768
1.809
1.805
1.926
2.075
2.005
1.990
2.016
2.007
1.976
2.231
1.929
1.545
1.578
1.558
1.152
1.362
1.328
2.220
2.213
2.129
1.356
1.467
1.380
1.783
1.791
1.778
2.004
2.006
1.961
0.839
0.940
0.871
0.898
1.060
0.988
1.001
1.071
1.040
0.964
1.102
1.013
0.459
0.600
0.530
0.713
1.170
0.903
0.989
1.155
1.182
0.826
0.923
0.916
2.351
2.523
2.290
1.300
1.346
1.344
1.746
1.965
1.859
1.432
2.197
1.737
1.457
1.513
1.491
1.187
1.240
1.223
2.147
2.430
2.097
1.385
1.705
1.389
0.831
0.989
0.900
0.977
1.034
0.927
0.916
0.958
0.982
0.792
1.126
0.909
1.046
1.357
1.140
0.946
1.112
0.976
1.157
1.334
1.261
1.198
1.316
1.237
0.591
0.658
0.548
0.841
0.946
0.865
1.041
1.107
1.091
0.628
0.753
0.689
0.918
1.230
1.129
1.203
1.500
1.352
1.096
1.084
0.947
0.836
1.142
0.989
2.642
2.706
2.573
0.966
1.112
1.047
0.546
1.074
0.713
0.973
1.052
0.991
0.541
0.622
0.619
0.864
1.032
0.920
0.814
0.978
0.882
0.393
0.532
0.450
0.543
0.770
0.611
0.897
1.005
0.926
1.606
1.639
1.546
1.064
1.148
1.065
0.717
0.875
0.806
0.818
0.791
0.242
1.114
1.202
1.129
1.298
1.449
1.337
0.892
1.023
0.977
1.175
1.703
1.503
1.505
1.578
1.539
0.957
1.032
0.874
2.411
2.554
2.484
0.588
0.717
0.626
0.753
0.794
0.783
0.694
0.770
0.690
0.989
1.094
1.048
0.989
1.200
1.049
1.328
1.579
1.432
1.387
1.448
1.395
1.152
1.481
1.336
1.633
1.741
1.669
1.683
1.803
1.704
1.404
1.495
1.399
2.273
2.321
2.320
1.618
1.668
1.597
1.343
1.427
1.375
1.383
1.420
1.408
1.678
1.844
1.763
1.178
1.308
1.167
0.835
0.937
0.760
1.761
1.824
1.777
2.771
2.818
2.492
1.829
1.897
1.908
0.647
0.627
0.547
1.836
1.918
1.890
1.763
1.667
1.680
1.644
1.814
1.589
1.299
1.386
1.298
1.176
1.314
1.220
1.117
1.206
1.034
1.913
1.967
1.914
1.441
1.511
1.494
1.930
2.022
1.940
0.772
1.077
0.829
1.320
1.386
1.222
0.989
1.069
1.040
1.835
1.986
1.984
1.739
1.785
1.661
1.004
0.991
0.826
1.533
1.552
1.525
0.927
1.043
0.887
1.050
1.120
1.029
2.590
2.473
2.396
1.376
1.415
1.420
1.123
1.303
1.186
1.452
1.511
1.458
0.876
1.127
0.993
1.265
1.380
1.182
0.980
1.057
0.994
0.711
0.896
0.719
1.812
2.021
1.868
3.300
3.319
3.222
0.484
0.623
0.502
0.654
1.425
0.950
1.760
1.759
1.640
1.919
2.042
1.912
1.379
1.467
1.403
1.702
2.457
1.656
1.557
1.891
1.530
1.382
1.504
1.391
0.408
0.510
0.477
2.051
2.403
2.039
1.251
1.473
1.293
0.663
0.834
0.789
0.699
0.789
0.729
2.194
2.363
2.208
1.517
1.650
1.908
0.951
1.328
1.455
1.062
1.147
0.992
1.811
2.114
1.940
1.037
1.169
1.161
0.624
0.861
0.912
0.850
1.010
0.919
0.732
0.850
0.807
0.674
0.823
0.719
0.784
0.902
0.805
1.399
1.506
1.404
1.886
2.160
1.742
2.225
2.322
2.254
1.636
2.221
2.229
1.097
1.223
1.138
1.442
1.544
1.429
0.857
1.087
0.983
0.857
0.968
0.899
1.023
1.184
1.033
1.527
1.649
1.548
1.099
1.479
1.410
2.268
2.313
2.257
1.391
1.440
1.426
0.539
0.691
0.612
2.198
2.294
2.249
1.307
1.371
1.304
1.559
1.602
1.640
1.130
1.261
0.970
1.131
1.236
1.203
1.045
1.148
1.086
0.900
1.059
0.950
1.527
1.651
1.556
1.942
1.970
1.921
1.231
1.401
1.224
0.697
0.886
0.764
0.743
0.859
0.805
0.672
0.819
0.772
0.505
0.680
0.537
0.928
1.087
0.952
1.368
1.449
1.474
1.350
1.414
1.427
0.577
0.803
0.636
0.512
0.610
0.554
1.354
1.677
1.423
1.391
1.709
1.575
1.413
1.644
1.517
1.201
1.220
1.201
1.204
1.285
1.283
0.828
0.988
0.900
1.196
1.278
1.197
0.898
0.994
0.920
1.249
1.273
1.299
0.678
0.712
0.693
1.762
1.845
1.780
1.676
1.767
1.724
1.547
1.772
1.732
1.147
1.224
1.093
1.902
2.009
1.895
1.092
1.171
1.014
0.907
1.305
0.957
0.907
1.170
1.037
2.844
3.038
3.023
0.808
0.968
0.898
1.111
1.218
1.203
0.853
0.976
0.850
1.560
1.624
1.633
1.341
1.257
1.232
0.708
0.759
0.696
0.839
0.787
0.832
0.778
0.784
0.683
0.682
1.003
0.772
0.667
0.749
0.648
1.087
1.171
1.135
2.831
2.847
2.858
1.549
1.678
1.601
1.772
1.922
1.812
0.868
1.067
0.916
1.099
1.146
1.103
1.749
1.797
1.636
1.705
2.082
1.751
1.654
1.775
1.672
0.808
0.938
0.913
1.111
1.330
1.123
1.539
1.643
1.592
0.570
0.738
1.016
1.162
1.123
1.112
2.874
3.083
2.801
0.860
0.989
0.796
1.198
1.251
1.245
0.845
1.011
1.368
2.752
2.827
2.795
1.367
1.549
1.522
2.130
2.180
2.043
0.720
0.856
0.776
0.509
0.580
0.527
1.307
1.379
1.313
3.320
3.381
3.367
1.177
1.231
1.175
1.774
1.886
1.712
0.458
0.467
0.390
0.525
0.715
0.561
2.024
2.284
2.236
0.610
0.836
0.752
1.185
1.308
1.203
1.459
1.596
1.452
1.129
1.198
1.142
1.140
1.192
1.142
1.525
1.587
1.558
2.117
2.122
2.102
1.669
1.828
1.609
1.027
1.078
1.037
0.760
0.872
0.795
1.512
1.818
1.532
1.512
1.773
1.532
1.512
1.760
1.532
1.019
1.062
1.019
1.365
1.513
1.485
1.629
1.719
1.628
0.937
1.021
0.773
0.345
0.754
0.530
1.220
1.336
1.256
1.735
1.825
1.758
0.908
1.051
0.868
0.882
1.033
0.780
1.771
1.857
1.677
1.134
1.202
1.143
0.847
1.108
1.084
1.255
1.470
1.348
1.015
1.134
1.061
1.102
1.180
1.126
1.029
1.066
1.112
0.928
1.049
1.020
1.653
1.754
1.594
2.145
2.150
1.919
1.489
1.555
1.447
2.505
2.731
2.553
1.302
1.317
1.274
1.674
1.635
1.666
1.722
1.721
1.795
1.722
1.721
1.795
0.941
1.262
0.986
1.679
1.694
1.506
0.779
1.114
0.811
0.779
1.104
0.811
1.633
1.802
1.727
0.827
0.908
0.863
0.922
1.065
0.750
2.135
2.155
2.078
0.665
0.778
0.694
1.080
1.283
1.164
1.020
1.189
1.135
1.284
1.352
1.088
2.126
2.203
2.148
1.138
1.167
1.156
2.753
3.046
2.810
1.794
1.857
1.811
1.390
1.521
1.379
1.859
1.947
1.790
1.048
1.108
1.045
0.697
0.927
0.780
1.081
1.155
0.973
1.316
1.368
1.211
1.112
1.138
1.114
1.219
1.298
1.281
1.245
1.356
1.331
0.846
0.934
0.861
1.074
1.284
1.055
1.424
1.465
1.458
0.758
0.886
0.766
1.074
1.189
1.037
1.838
1.883
1.861
0.448
0.634
0.610
0.718
0.782
0.715
0.812
0.967
0.921
0.477
0.718
0.620
0.957
1.256
1.002
0.510
0.692
0.559
1.401
1.377
1.360
1.971
2.018
1.955
0.752
0.849
0.785
1.511
1.698
1.646
1.691
1.752
1.595
0.765
0.986
0.859
0.714
0.800
0.741
1.453
1.609
1.509
1.832
1.826
1.845
1.110
1.115
1.029
0.366
0.478
0.357
0.705
1.007
0.736
1.289
1.402
1.300
1.669
1.666
1.662
1.193
1.343
1.257
1.004
1.130
1.099
1.330
1.487
1.326
2.856
2.859
2.796
1.300
1.346
1.292
1.052
1.335
1.181
1.112
1.109
1.028
2.283
2.370
2.324
1.623
1.740
1.700
1.638
1.659
1.509
2.108
2.162
2.119
1.729
2.023
1.829
1.525
1.675
1.652
1.351
1.405
1.346
1.572
1.529
1.524
1.391
1.474
1.469
0.979
1.133
1.056
0.891
0.972
0.907
1.003
1.205
1.074
0.717
0.721
0.620
1.420
1.408
1.295
1.913
2.223
2.023
3.074
3.113
3.130
1.230
1.360
1.175
1.146
1.112
0.956
1.107
1.179
1.121
0.704
0.851
0.717
0.814
1.092
1.025
0.408
0.683
0.602
0.946
0.990
0.999
0.981
1.029
1.004
1.337
1.421
1.307
2.707
2.714
2.763
2.294
2.411
2.387
1.753
1.772
1.736
1.547
1.774
1.707
1.366
1.417
1.370
1.290
1.341
1.246
0.613
0.674
0.618
2.804
2.873
2.807
1.319
1.441
1.311
1.408
1.570
1.165
1.090
1.138
1.140
1.627
1.721
1.577
1.817
1.934
1.798
1.438
1.517
1.447
1.539
1.575
1.584
1.750
1.796
1.768
0.592
0.803
0.761
1.340
1.436
1.428
1.169
1.290
1.030
0.954
1.045
1.000
1.457
1.604
1.397
1.496
1.503
1.412
1.426
1.515
1.419
0.834
0.914
0.912
1.604
1.732
1.686
0.730
0.850
0.803
1.403
1.443
1.459
1.403
1.443
1.459
1.466
1.515
1.448
1.827
2.090
1.903
2.129
2.123
2.234
0.848
0.951
0.801
1.277
1.410
1.290
1.651
1.822
1.740
0.608
0.951
0.694
1.308
1.468
1.278
2.600
2.672
2.495
1.490
1.727
1.584
1.597
1.713
1.659
0.767
0.878
0.780
0.976
1.501
1.166
0.848
0.979
0.898
1.444
1.502
1.374
1.429
1.423
1.115
1.172
1.286
1.081
1.303
1.332
1.228
1.303
1.442
1.327
1.607
1.595
1.577
0.699
0.946
0.831
1.224
1.515
1.370
1.311
1.382
1.308
1.921
2.135
2.117
1.912
1.957
1.902
1.100
1.231
1.103
1.558
2.142
1.938
0.826
0.908
0.827
1.473
1.441
1.365
0.704
0.789
0.673
1.103
1.128
1.048
1.257
1.314
1.302
2.131
2.586
2.562
2.134
2.195
2.114
2.729
2.795
2.842
1.194
1.267
1.214
0.743
0.778
0.777
1.244
1.238
1.066
0.746
0.806
0.781
0.604
1.022
0.660
1.693
1.758
1.711
1.415
1.395
1.408
1.580
1.708
1.616
1.492
1.605
1.513
1.640
1.622
1.521
0.695
0.852
0.817
0.970
1.098
1.016
2.468
2.450
2.375
0.670
0.853
0.791
1.008
1.109
1.019
1.511
1.550
1.459
1.693
1.773
1.763
0.875
1.030
0.978
1.797
2.004
1.981
1.237
1.286
1.193
1.082
1.137
0.913
1.441
1.549
1.466
2.054
2.189
2.123
1.550
1.585
1.489
1.467
1.668
1.559
1.653
1.776
1.623
2.525
2.653
2.557
0.989
1.066
1.021
2.770
2.819
2.819
2.068
2.411
2.301
1.092
1.164
1.139
0.579
0.818
0.634
1.000
1.121
1.080
2.403
2.472
2.404
0.813
0.927
0.759
1.239
1.304
1.244
0.654
0.694
0.708
1.945
2.027
2.102
0.864
0.765
0.767
0.552
0.704
0.604
0.907
1.111
1.110
1.691
1.714
1.637
0.605
0.678
0.569
1.394
1.516
1.465
1.512
1.606
1.632
1.342
1.480
1.402
1.643
1.725
1.561
0.835
1.235
0.972
1.064
1.230
1.114
2.529
2.633
2.526
1.716
1.790
1.765
1.422
1.550
1.541
2.134
2.269
2.188
0.727
1.361
0.865
0.681
0.779
0.726
0.523
0.694
0.627
1.400
1.602
1.555
0.710
0.720
0.695
0.651
0.737
0.684
1.304
1.391
1.353
1.594
1.560
1.513
1.589
1.684
1.615
0.240
0.249
0.191
2.123
2.216
2.164
0.977
1.179
1.158
0.962
0.959
0.894
2.044
2.092
1.998
2.403
2.531
2.440
1.717
1.824
1.725
0.749
0.890
0.797
1.217
1.254
1.052
1.597
1.671
1.625
1.050
1.131
1.200
1.963
2.031
2.068
1.060
1.085
0.997
2.604
2.870
2.867
1.288
1.525
1.416
1.672
1.708
1.754
1.541
2.028
1.938
0.658
0.774
0.721
1.941
2.007
1.995
0.996
1.024
0.927
1.546
1.507
1.409
0.396
0.498
0.430
1.158
1.168
1.129
1.479
1.543
1.520
0.954
1.360
0.851
0.909
1.052
0.987
0.734
0.828
0.729
1.727
1.770
1.733
1.232
1.293
1.234
1.539
1.700
1.486
2.014
2.094
2.086
1.131
1.104
1.086
1.751
1.871
1.815
1.497
1.605
1.494
1.128
1.241
1.120
1.465
1.593
1.356
1.459
1.533
1.538
0.629
0.743
0.686
0.705
1.103
0.988
1.221
1.274
1.269
0.688
0.854
0.763
0.892
1.027
0.977
0.456
0.399
0.331
0.656
1.033
0.809
2.032
2.096
2.149
0.880
1.012
0.902
1.312
1.387
1.325
0.756
0.765
0.710
0.990
1.318
1.147
1.155
1.227
1.109
3.259
3.508
3.300
2.173
2.142
2.171
0.699
0.782
0.740
1.431
1.636
1.411
1.196
1.314
1.270
4.224
4.251
4.187
1.020
1.200
1.118
2.184
2.403
2.332
0.899
1.203
0.969
0.896
0.939
0.851
1.479
1.664
1.546
0.946
1.095
1.028
1.414
1.452
1.358
2.344
2.460
2.397
2.632
2.569
2.593
0.662
0.810
0.777
0.700
0.856
0.799
1.309
1.359
1.314
1.160
1.240
1.082
2.010
2.347
1.917
2.041
2.358
2.186
1.297
1.430
1.377
1.787
1.809
1.830
1.384
1.493
1.417
1.860
1.904
1.847
1.536
1.648
1.638
2.622
2.636
2.665
1.282
1.434
1.281
2.985
3.328
3.089
1.802
1.909
1.825
0.920
0.981
0.865
0.674
0.778
0.514
1.441
1.600
1.550
0.597
0.782
0.669
1.645
1.600
1.524
1.716
1.759
1.665
1.694
1.759
1.742
0.685
0.827
0.737
2.105
2.184
2.098
0.989
1.142
1.042
2.396
2.487
2.411
1.416
1.386
1.267
0.501
0.643
0.601
1.865
1.920
1.845
0.858
0.962
0.816
0.768
0.886
0.746
1.482
1.471
1.482
1.043
1.116
1.080
0.858
0.993
0.868
0.851
0.935
0.780
1.619
1.965
1.754
1.074
1.084
1.030
0.593
0.695
0.628
1.618
1.688
1.700
2.164
2.139
1.542
1.524
1.593
1.480
1.307
1.654
1.692
1.124
1.265
1.199
1.462
1.666
1.547
1.879
1.895
1.867
0.851
0.947
0.870
0.881
0.979
0.848
1.402
1.512
1.429
1.353
1.495
1.417
1.314
1.391
1.335
0.617
0.742
0.637
1.127
1.294
1.137
0.482
0.623
0.572
1.542
1.673
1.642
1.695
1.746
1.670
0.772
0.956
0.864
1.297
1.349
1.341
1.695
1.746
1.670
1.483
1.553
1.519
0.918
0.961
0.941
1.227
1.347
1.280
0.826
0.911
0.867
1.015
1.136
1.107
1.004
1.121
1.080
2.448
2.543
2.494
1.380
1.434
1.388
1.511
1.643
1.537
0.611
0.780
0.649
0.627
0.906
0.948
1.443
1.467
1.484
1.372
1.448
1.295
1.200
1.310
1.220
0.710
0.780
0.583
0.568
0.736
0.540
0.746
0.995
0.877
1.812
2.216
2.197
0.802
1.001
0.860
0.922
1.002
0.876
1.452
1.595
1.447
0.761
0.806
0.671
1.148
1.247
0.981
0.806
0.863
0.786
1.172
1.187
1.144
0.818
1.017
1.244
0.696
0.829
0.755
1.099
1.249
1.219
1.003
1.155
1.106
1.069
1.096
0.997
1.271
1.324
1.291
1.118
1.158
0.915
2.240
2.509
2.281
1.200
1.345
1.331
1.322
1.390
1.272
1.477
1.541
1.492
1.575
1.659
1.548
0.599
0.726
0.485
1.266
1.468
1.309
1.057
1.255
1.319
1.024
1.088
1.049
1.863
1.932
1.909
1.028
1.085
0.951
1.199
1.241
1.226
1.172
1.218
1.106
1.233
1.264
1.245
1.181
1.400
1.235
1.448
1.462
1.375
1.293
1.421
1.258
2.157
2.139
2.082
1.049
0.962
0.930
0.696
0.796
0.717
1.188
1.263
1.147
1.209
1.333
1.224
0.857
0.996
0.857
1.462
1.806
1.573
0.762
0.871
0.766
2.111
2.256
2.087
1.414
1.562
1.623
2.371
2.448
2.380
1.763
2.106
2.035
1.488
1.601
1.694
1.082
1.207
1.199
0.827
0.908
0.765
0.794
0.864
0.873
1.373
1.400
1.396
0.893
0.946
0.941
1.097
1.330
1.209
0.758
0.819
0.641
1.897
1.954
1.728
2.160
2.347
2.279
2.555
2.619
2.413
1.404
1.626
1.532
0.907
1.425
1.134
2.160
2.188
2.260
1.669
1.771
1.671
0.727
0.907
0.764
0.944
1.100
1.046
2.411
2.499
2.418
0.921
1.029
0.999
0.814
0.910
0.933
0.725
1.009
0.774
0.919
0.998
0.928
0.792
0.927
0.881
2.630
2.727
2.731
0.599
0.729
0.523
1.523
1.716
1.559
0.996
1.076
1.051
2.272
2.310
2.102
0.982
1.022
0.957
1.082
1.322
1.282
0.588
0.753
0.647
0.648
0.761
0.705
0.729
0.808
0.732
0.961
1.120
1.077
1.338
1.396
1.369
1.885
2.023
1.844
1.837
2.577
2.062
1.444
1.505
1.464
0.661
0.707
0.703
0.676
0.800
0.751
0.836
1.228
1.000
2.027
2.108
2.175
0.591
0.738
0.705
0.974
1.096
1.040
1.558
1.626
1.542
1.002
1.015
0.870
1.366
1.410
1.365
0.819
0.974
0.810
1.790
1.942
1.867
0.670
0.737
0.710
0.922
1.006
0.920
0.880
0.953
0.821
1.111
1.202
1.264
1.369
1.511
1.557
1.369
1.621
1.640
0.914
1.007
0.921
1.389
1.631
1.488
0.869
1.022
0.899
0.738
1.057
0.913
1.663
1.809
1.756
1.378
1.481
1.435
1.149
1.179
1.208
0.708
0.814
0.686
0.635
0.742
0.667
1.753
1.749
1.699
2.185
2.016
2.118
1.852
2.002
1.954
1.501
1.662
1.431
1.309
1.369
1.329
1.131
1.144
1.213
1.193
1.305
1.192
0.638
0.803
0.690
1.249
1.279
1.280
1.471
1.520
1.444
0.577
0.697
0.623
0.548
0.799
0.698
1.663
1.726
1.678
3.463
3.603
3.510
2.425
2.607
2.518
1.697
1.761
1.636
0.792
0.902
0.825
1.042
1.187
1.020
1.726
1.760
1.722
2.485
2.520
2.411
0.898
0.969
0.907
1.652
1.682
1.682
2.421
2.317
2.336
1.775
1.892
1.795
0.656
0.642
0.588
2.557
2.588
2.347
1.260
1.390
1.314
0.787
0.868
0.767
0.578
0.614
0.377
2.057
2.130
1.988
0.727
0.897
0.720
1.319
1.416
1.392
0.734
0.968
0.857
1.903
1.908
1.943
2.186
2.385
2.552
1.844
1.950
1.922
1.107
1.246
1.133
0.730
0.930
0.815
0.736
0.904
0.855
0.991
1.048
1.093
1.153
1.308
1.271
2.296
2.302
2.233
1.725
1.709
1.762
1.094
1.114
1.055
1.500
1.730
1.587
1.818
1.882
1.822
2.244
2.302
2.342
1.717
1.820
1.684
2.352
2.813
2.406
2.397
2.828
2.596
2.078
2.119
2.057
1.918
2.155
1.932
1.186
1.383
1.488
1.297
1.406
1.379
1.351
1.673
1.504
2.009
2.136
2.091
2.241
2.275
2.255
1.485
1.643
1.448
1.375
1.566
1.457
1.375
1.496
1.483
1.794
1.838
1.699
2.129
2.379
2.109
2.780
2.728
2.649
1.240
1.235
1.242
2.389
2.441
2.345
1.971
1.984
1.957
1.279
1.503
1.409
2.348
2.444
2.381
1.065
1.166
1.166
0.452
0.534
0.467
2.084
2.105
2.161
1.301
1.445
1.687
1.777
1.873
1.800
1.469
1.530
1.529
0.564
0.653
0.634
1.215
1.276
1.186
1.901
1.985
1.952
1.080
1.216
1.015
1.612
1.747
1.676
3.008
2.939
2.763
2.132
2.479
2.269
2.156
2.226
2.217
1.146
1.458
1.473
1.807
1.897
1.772
0.730
0.761
0.678
1.452
1.486
1.454
1.372
1.533
1.313
1.872
1.902
1.814
1.869
1.998
1.982
1.161
1.337
1.297
1.263
1.391
1.196
1.556
1.699
1.624
1.446
1.415
1.289
1.154
1.174
1.189
1.005
1.193
1.036
1.996
1.973
1.729
0.556
0.743
0.653
1.085
1.129
1.033
0.733
0.813
0.772
1.100
1.292
1.076
2.343
2.360
2.304
1.955
2.045
1.915
1.553
1.565
1.535
0.669
0.780
0.698
1.741
1.745
1.608
1.913
1.957
1.798
0.984
0.935
0.862
0.782
0.977
0.851
1.482
1.648
1.661
1.367
1.561
1.534
1.482
1.513
1.399
1.139
1.224
1.108
1.588
1.634
1.555
1.749
1.879
1.776
2.320
2.402
2.352
0.862
0.950
0.866
2.259
2.408
2.280
1.992
2.185
2.057
1.396
1.484
1.490
1.032
0.983
1.001
1.586
1.621
1.472
1.032
1.161
1.096
1.115
1.174
1.147
1.751
1.774
1.806
1.391
1.511
1.431
2.843
2.824
2.575
0.917
1.003
0.965
1.424
1.496
1.485
1.414
1.501
1.202
0.982
1.134
1.049
1.278
1.299
1.276
1.655
1.690
1.643
0.437
0.651
0.607
1.927
1.918
1.900
1.483
1.530
1.458
2.226
2.278
2.204
1.816
1.833
1.800
0.826
0.945
0.857
0.966
1.087
0.954
0.752
0.907
0.625
0.921
0.957
0.976
1.562
1.652
1.576
1.448
1.517
1.328
1.173
1.225
1.120
1.300
1.363
1.264
0.842
0.990
0.943
0.545
0.651
0.507
1.490
1.650
1.536
0.892
0.997
0.961
0.775
0.853
0.854
0.738
0.941
0.764
0.846
0.913
0.911
0.466
0.552
0.500
1.412
1.427
1.426
1.456
1.549
1.424
0.611
0.702
0.733
1.230
1.295
1.312
1.517
1.628
1.562
1.168
1.384
1.283
1.074
1.179
1.167
0.768
0.801
0.744
0.721
0.911
0.808
0.849
0.970
0.916
1.518
1.545
1.543
0.862
0.948
0.938
2.064
2.114
2.080
0.967
1.375
0.904
1.390
1.429
1.344
0.847
1.013
0.875
0.833
0.971
0.847
2.120
2.101
2.136
1.337
1.375
1.367
1.692
1.797
1.718
1.424
1.471
1.146
1.082
1.299
1.220
1.553
1.642
1.565
0.700
0.821
0.709
0.978
1.339
1.076
2.613
2.652
2.442
1.147
1.333
1.240
1.227
1.276
1.087
0.783
0.993
0.917
2.770
2.866
2.541
0.954
1.458
1.483
1.118
1.162
1.039
1.177
1.291
1.239
2.146
2.376
2.196
1.891
1.900
1.880
0.568
0.695
0.454
1.931
2.035
1.846
1.065
1.151
1.086
1.280
1.417
1.276
0.886
1.095
0.987
0.813
1.006
0.898
0.699
0.709
0.664
1.036
1.028
0.968
0.873
0.942
0.929
0.750
0.822
0.738
1.093
1.441
1.082
1.448
1.475
1.362
0.921
0.965
0.874
1.067
1.243
0.954
0.675
0.777
0.735
0.993
0.990
1.009
0.882
0.991
0.911
1.357
1.467
1.362
0.851
0.987
0.947
0.931
1.073
0.932
2.012
2.108
2.077
0.586
0.817
0.648
1.065
1.198
1.119
1.489
1.566
1.548
1.025
1.065
1.043
1.142
1.198
1.125
1.140
1.212
1.170
0.859
1.080
0.932
2.387
2.420
2.282
1.164
1.305
1.250
2.267
2.811
2.249
1.363
1.443
1.371
1.861
1.909
1.843
2.245
2.218
2.149
1.383
1.408
1.284
1.151
1.258
1.182
1.658
1.705
1.604
0.356
0.471
0.299
0.571
0.670
0.550
1.274
1.370
1.462
1.408
1.679
1.455
1.251
1.346
1.233
1.124
1.269
1.201
1.099
1.197
1.036
2.269
2.375
2.388
1.049
1.248
1.154
0.766
0.764
0.808
0.905
1.382
1.023
1.443
1.501
1.331
0.830
0.917
0.894
1.500
1.548
1.509
1.892
2.450
2.094
0.931
1.100
1.015
1.220
1.287
1.587
1.593
1.664
1.655
1.045
1.185
1.095
1.685
1.711
1.640
0.792
0.934
0.848
1.277
1.378
1.351
1.784
1.813
1.793
1.562
1.609
1.592
1.302
1.834
1.946
1.803
1.884
1.792
1.375
1.527
1.426
0.826
1.400
0.880
1.129
1.332
1.179
1.156
1.233
1.248
1.219
1.332
1.260
1.224
1.375
1.323
1.602
1.811
1.786
1.334
1.481
1.387
0.314
0.515
0.439
0.717
0.859
0.759
1.148
1.287
1.205
1.693
1.950
1.477
1.816
2.132
1.961
1.125
1.730
1.743
1.205
1.293
1.048
0.744
1.275
0.930
0.819
0.895
0.853
1.022
1.204
1.104
1.772
1.896
1.731
1.064
1.144
1.017
1.117
1.113
1.076
0.990
1.029
0.995
0.827
0.968
0.767
1.420
1.451
1.439
2.282
2.298
2.302
1.567
1.628
1.629
0.964
1.107
1.011
1.055
1.205
1.113
0.605
0.814
0.697
0.742
0.833
0.795
1.706
1.755
1.731
1.040
1.123
1.054
0.785
1.013
0.892
0.796
0.820
0.336
0.705
0.840
0.770
0.822
0.954
0.789
0.593
0.998
1.066
0.754
0.816
0.697
1.199
1.267
1.202
2.714
2.914
3.060
2.208
2.362
2.247
1.145
1.278
1.143
1.645
1.795
1.646
2.274
2.423
2.337
0.897
0.996
0.976
0.897
1.102
1.075
1.592
1.660
1.651
0.922
1.101
1.058
2.939
2.931
2.932
1.635
1.705
1.636
1.032
1.194
1.087
1.089
1.119
1.043
1.285
1.352
1.308
1.340
1.403
1.360
2.111
2.260
2.164
1.064
1.172
1.047
4.291
4.371
4.382
0.961
1.041
0.946
1.077
1.190
1.071
1.753
1.824
1.799
0.948
0.986
0.952
1.350
1.420
1.395
1.776
1.845
1.768
1.672
1.755
1.706
0.508
0.654
0.501
2.729
2.982
2.766
1.271
1.423
1.368
2.103
2.116
2.115
1.402
1.499
1.787
1.796
1.915
1.880
0.725
0.874
0.812
1.129
1.224
1.123
1.233
1.383
1.184
1.526
1.546
1.473
3.152
3.203
3.251
0.658
0.731
0.655
1.040
1.299
1.182
1.283
1.371
1.271
1.244
1.405
1.344
1.312
1.303
1.326
1.093
1.197
0.994
2.454
2.525
2.460
1.335
1.321
1.473
1.204
1.561
1.430
1.212
1.378
1.322
0.562
0.719
0.578
1.340
1.383
1.355
2.214
2.218
2.153
1.205
1.387
1.232
1.129
1.232
1.144
1.636
1.731
1.659
1.328
1.425
1.384
1.629
1.709
1.479
1.811
1.764
1.798
1.447
1.494
1.497
1.447
1.483
1.463
0.919
0.995
0.845
1.621
1.704
1.602
0.552
0.723
0.562
1.515
1.704
1.553
0.911
0.992
0.865
1.400
1.404
1.313
1.005
1.081
1.005
0.837
0.962
0.878
0.837
0.962
0.878
0.860
1.039
0.991
1.939
2.026
1.943
1.809
1.844
1.814
1.423
1.578
1.517
1.500
1.710
1.576
0.755
0.905
1.034
1.184
1.328
1.129
1.046
1.020
1.097
0.823
0.933
0.824
1.228
1.297
1.260
2.229
2.294
2.271
2.094
2.456
2.241
1.204
1.236
1.309
0.903
0.950
0.776
0.878
1.051
0.858
2.289
2.274
2.241
2.519
2.619
2.524
1.014
1.176
1.055
1.068
1.093
0.902
1.129
1.301
1.182
0.888
0.959
0.829
1.358
1.556
1.374
0.797
0.870
0.821
1.342
1.301
1.096
1.236
1.289
1.232
0.651
0.938
0.809
0.750
0.891
0.773
0.821
0.933
0.854
0.677
0.765
0.785
1.507
1.732
1.589
1.386
1.446
1.342
1.136
1.164
0.990
1.007
1.155
0.848
1.054
1.082
0.958
1.556
1.631
1.614
1.534
1.543
1.356
2.982
3.442
2.923
1.814
1.909
1.879
1.593
1.588
1.602
1.108
1.184
1.187
2.239
2.500
2.377
1.175
1.283
1.219
0.887
0.934
0.859
1.632
1.752
1.651
0.863
0.938
0.861
1.848
1.852
1.878
0.826
1.004
0.918
1.088
1.185
1.116
1.044
1.113
1.055
1.758
1.774
1.727
2.184
2.308
2.217
1.546
1.605
1.525
1.576
1.802
1.755
1.228
1.424
1.390
2.874
2.911
2.853
0.812
1.023
0.887
0.468
0.673
0.568
2.485
2.612
2.792
0.677
0.821
0.587
1.084
1.247
1.115
0.723
0.780
0.637
1.486
1.537
1.358
2.151
2.307
1.889
1.182
1.331
1.210
0.723
0.940
0.867
1.254
1.342
1.256
0.934
1.043
0.983
1.228
1.448
1.315
1.694
1.691
1.645
1.158
1.259
1.166
0.672
0.855
0.743
0.874
0.953
0.846
0.424
0.601
0.475
0.782
0.740
0.633
0.662
0.775
0.718
1.598
1.707
1.654
3.447
3.573
3.428
1.284
1.401
1.271
1.473
1.504
1.319
0.783
0.911
0.822
1.268
1.341
1.272
0.960
1.279
0.974
0.945
0.833
1.211
2.203
2.246
2.198
3.171
3.089
3.111
1.069
1.140
1.109
1.258
1.363
1.313
1.159
1.243
1.139
2.647
2.681
2.612
1.870
2.215
2.019
0.940
1.028
0.998
0.840
0.902
0.850
0.670
0.835
0.726
1.101
1.094
1.084
1.787
1.894
1.823
1.589
1.636
1.662
1.454
1.689
1.591
1.164
1.220
1.169
1.164
1.220
1.169
2.459
2.554
2.477
0.583
0.721
0.636
2.196
2.263
2.229
0.738
0.914
0.718
1.238
1.278
1.246
1.522
1.577
1.562
1.360
1.403
1.324
1.196
1.286
1.204
0.864
1.023
0.901
2.359
2.501
2.422
1.708
1.819
1.743
1.288
1.307
1.306
0.962
1.111
1.005
2.212
2.275
2.232
2.902
2.972
2.911
0.738
0.914
0.718
0.562
0.755
0.614
1.554
1.634
1.587
2.118
2.131
2.038
1.790
1.729
1.754
1.245
1.171
1.256
2.084
2.066
1.954
0.927
1.081
1.008
1.599
1.572
1.598
1.573
1.828
1.586
1.335
1.442
1.402
0.619
0.731
0.673
1.534
1.581
1.589
1.479
1.690
1.519
2.891
2.992
2.939
0.903
1.022
0.881
1.563
1.618
1.584
0.864
1.044
0.986
1.162
1.281
1.244
2.110
2.220
2.216
1.745
1.850
1.834
0.640
0.901
0.806
1.044
1.174
1.082
1.405
1.475
1.436
0.711
0.714
0.596
1.630
1.688
1.649
1.336
1.423
1.295
1.930
1.982
1.983
1.853
1.911
1.892
0.866
1.043
0.971
0.894
1.012
0.902
1.212
1.249
1.222
2.244
2.331
2.120
1.022
1.159
1.067
1.722
1.784
1.627
0.910
1.075
0.964
1.792
1.905
1.829
1.727
1.822
1.785
1.425
1.528
1.684
1.225
1.293
1.324
0.947
1.054
0.905
1.026
1.103
1.082
1.481
1.564
1.456
1.402
1.479
1.364
1.371
1.439
1.472
1.294
1.280
1.229
0.746
0.901
0.792
0.840
0.821
0.404
0.674
0.793
0.868
1.163
1.236
1.158
1.688
1.805
1.743
0.462
0.675
0.486
1.663
1.817
1.777
2.049
2.140
2.185
2.123
2.171
2.217
2.228
2.361
2.280
0.799
0.900
0.824
1.575
1.649
1.623
0.887
1.042
1.031
1.355
1.343
1.254
0.701
0.931
0.788
1.137
1.171
1.215
1.045
1.560
1.337
1.339
1.358
1.257
1.686
1.760
1.673
1.774
1.915
1.695
0.764
0.903
0.886
1.483
1.751
1.501
1.331
1.262
1.265
1.268
1.377
1.312
1.467
1.671
1.529
1.311
1.387
1.382
1.482
1.530
1.503
1.298
1.468
1.375
0.891
0.959
0.974
0.504
0.680
0.546
1.106
1.248
1.164
1.301
1.338
1.331
0.893
0.911
0.907
0.880
1.130
0.913
1.287
1.337
1.320
1.182
1.317
1.222
2.355
2.428
2.468
0.907
1.120
1.058
2.595
2.711
2.687
1.313
1.373
1.336
1.430
1.866
1.432
2.471
3.531
2.771
0.592
0.747
0.696
0.972
1.219
1.120
1.952
1.955
1.915
2.092
2.125
2.140
2.387
2.435
2.359
1.043
1.221
1.015
1.208
1.273
1.235
1.289
1.382
1.290
0.850
1.018
0.938
0.802
0.965
0.897
1.365
1.493
1.391
2.047
1.875
1.851
1.189
1.374
1.346
0.618
0.700
0.632
0.904
0.986
0.952
0.760
1.286
0.912
1.288
1.329
1.276
2.361
2.430
2.374
2.273
2.674
2.676
0.699
0.843
0.713
1.349
1.628
1.390
1.809
2.054
1.924
1.139
1.154
1.082
2.349
2.387
2.376
1.884
2.074
1.698
0.739
0.935
0.784
1.277
1.313
1.103
1.185
1.405
1.324
1.307
1.324
1.268
1.249
1.357
1.202
3.071
3.017
3.038
1.761
1.791
1.566
1.687
1.790
1.791
1.587
1.952
1.739
0.917
1.012
0.913
1.227
1.337
1.303
0.807
0.904
0.753
0.719
0.978
0.741
1.278
1.314
1.209
0.539
0.772
0.620
0.729
0.881
0.849
2.254
2.239
2.294
1.208
1.289
1.172
1.215
1.313
1.250
0.725
0.880
0.773
1.019
1.072
1.057
1.926
1.926
1.945
1.677
1.725
1.492
1.181
1.314
1.273
1.190
1.301
1.232
0.526
0.533
0.537
1.114
1.255
1.152
0.525
0.653
0.556
1.167
1.239
1.257
0.984
1.113
0.989
0.578
0.825
0.707
2.371
2.349
2.107
1.072
1.108
1.053
2.131
2.235
2.120
1.251
1.324
1.338
1.476
1.543
1.496
1.516
1.590
1.512
1.673
1.658
1.689
1.626
1.660
1.641
1.013
1.098
0.903
1.232
1.438
1.260
1.232
1.438
1.260
1.785
1.851
1.842
0.730
0.829
0.756
1.165
1.219
1.218
0.689
0.785
0.643
0.797
0.977
0.856
1.283
1.503
1.196
0.370
0.326
0.325
1.728
1.682
1.667
1.171
1.371
1.128
1.200
1.289
1.179
1.450
1.492
1.451
1.460
1.640
1.612
0.951
1.093
0.961
0.615
0.763
0.709
0.640
0.699
0.642
0.838
0.979
0.950
1.819
1.789
1.766
1.510
1.600
1.390
0.887
1.066
0.957
0.616
0.750
0.670
1.291
1.388
1.275
1.650
1.718
1.617
1.852
1.882
1.818
1.673
1.927
1.704
1.702
1.757
1.726
1.135
1.278
1.138
0.759
0.904
0.871
0.899
1.064
0.943
1.220
1.485
1.374
0.958
1.077
0.992
1.822
2.009
1.937
2.002
2.069
2.071
1.175
1.308
1.046
0.465
0.647
0.593
0.427
0.401
0.404
0.719
0.878
0.702
0.719
0.878
0.702
2.174
2.329
2.303
1.641
1.841
1.782
1.928
2.277
1.868
1.675
1.854
1.771
0.831
1.029
0.894
0.875
0.921
0.820
1.956
1.811
1.658
0.826
0.937
0.862
1.038
1.223
1.089
1.327
1.344
1.394
1.018
1.146
1.086
1.790
2.129
2.100
0.672
0.888
0.811
1.306
1.308
1.319
1.078
1.151
1.091
1.196
1.270
1.153
0.968
1.016
0.991
1.054
1.183
1.156
1.382
1.641
1.484
1.069
1.167
1.117
0.527
0.744
0.688
1.737
1.658
1.712
0.890
1.021
0.974
1.075
1.126
1.093
1.333
1.421
1.282
1.346
1.406
1.330
1.638
1.779
1.736
0.745
0.780
0.732
1.020
1.164
1.025
1.267
1.389
1.351
0.823
1.025
0.844
0.660
0.781
0.729
1.046
1.110
1.059
0.502
0.712
0.542
1.695
1.836
1.787
0.868
0.912
0.870
1.061
1.131
1.072
0.818
0.957
0.854
0.662
0.803
0.665
1.225
1.422
1.285
1.139
1.259
1.115
0.927
1.012
0.780
0.883
0.944
0.884
1.385
1.445
1.330
0.378
0.443
0.422
0.747
0.856
0.753
1.817
1.881
1.864
1.983
2.104
2.005
1.440
1.695
1.524
1.919
1.945
1.964
1.328
1.345
1.379
0.985
1.133
1.044
2.170
2.276
2.152
0.466
0.699
0.576
2.263
2.325
2.256
0.885
0.991
0.971
0.984
1.052
0.989
1.438
1.550
1.434
1.061
1.641
1.210
1.744
1.795
1.741
1.855
1.961
1.901
0.809
0.855
0.742
1.063
1.214
1.150
1.112
1.192
1.147
1.264
1.310
1.211
2.793
2.902
2.693
0.524
0.618
0.582
2.028
1.962
1.902
2.119
2.260
2.292
1.912
1.945
1.850
2.426
2.445
2.414
0.840
0.846
0.764
0.411
0.601
0.605
0.429
0.724
0.648
1.300
1.425
1.536
1.230
1.304
1.266
0.621
0.891
0.801
0.621
0.891
0.801
1.127
1.374
1.267
1.053
1.124
0.928
0.727
0.728
0.699
1.521
1.476
1.392
1.343
1.401
1.358
1.963
2.137
2.057
1.963
2.171
2.057
0.903
0.955
0.903
2.391
2.413
2.413
1.773
1.830
1.834
0.904
1.056
0.899
1.704
1.715
1.693
0.823
0.923
0.816
1.781
2.187
2.066
1.424
1.375
1.440
0.712
1.078
0.848
1.066
1.317
1.122
0.964
1.025
1.013
1.425
1.655
1.542
1.097
1.153
1.028
1.624
1.738
1.526
2.422
2.578
2.459
1.070
1.044
0.996
1.854
1.879
1.849
2.014
2.040
1.994
2.740
2.941
2.829
1.118
1.295
1.255
1.442
1.643
1.298
2.336
2.339
2.336
0.979
1.064
0.994
1.439
1.524
1.449
0.885
1.029
0.956
1.193
1.240
1.190
1.381
1.403
1.325
0.593
0.697
0.501
0.736
0.936
0.799
2.209
2.399
2.433
0.766
0.896
0.788
1.628
1.429
1.540
1.364
1.490
1.267
1.728
1.964
1.790
2.257
2.431
2.326
1.394
1.605
1.570
0.970
1.080
1.015
0.509
0.653
0.571
1.815
1.905
1.879
2.376
2.422
2.456
1.317
1.378
1.269
1.089
1.293
1.190
2.276
2.279
2.130
2.099
2.150
2.127
1.828
1.937
1.894
0.635
0.785
0.686
1.650
1.637
1.692
0.493
0.652
0.999
1.586
1.633
1.746
1.170
1.314
1.086
1.213
1.281
1.228
2.030
2.166
2.009
0.524
0.531
0.356
1.370
1.442
1.308
0.887
0.956
0.925
0.676
0.793
0.687
1.574
1.741
1.625
1.824
1.895
1.832
0.942
1.043
1.028
0.924
0.964
0.785
1.440
1.449
1.462
1.356
1.482
1.385
1.517
1.578
1.500
1.112
1.213
1.064
1.211
1.476
1.275
0.962
0.995
0.908
1.236
1.352
1.272
1.358
1.434
1.374
0.911
1.043
0.949
1.606
2.139
2.028
0.891
1.189
1.050
0.699
0.908
0.765
1.553
1.583
1.549
1.649
1.646
1.623
1.598
1.694
1.533
0.892
0.942
0.868
1.209
1.293
1.381
1.629
1.726
1.657
0.963
1.012
0.913
1.676
1.727
1.707
1.655
1.556
1.603
1.970
1.978
2.003
0.788
0.839
0.787
1.229
1.292
1.250
1.275
1.471
1.540
1.940
1.975
1.915
0.623
0.807
0.695
1.260
1.296
1.236
1.655
1.765
1.858
1.393
1.697
1.618
1.479
1.601
1.572
1.479
1.667
1.630
1.040
1.448
1.315
1.639
2.142
2.023
1.299
1.351
1.339
1.156
1.172
1.138
2.195
2.723
2.654
1.859
1.909
1.606
1.115
1.138
1.107
1.807
1.903
1.692
0.410
0.566
0.481
0.576
0.797
0.746
1.488
1.626
1.610
1.786
2.105
2.170
1.012
1.046
0.969
0.419
0.608
0.521
1.919
1.928
1.935
1.064
1.232
1.140
0.675
0.801
0.656
1.555
1.599
1.599
1.277
1.378
1.363
0.654
0.882
0.733
0.447
0.923
0.659
0.808
0.879
0.808
1.016
1.193
1.078
1.358
1.478
1.376
1.405
1.431
1.467
1.033
1.143
1.090
0.880
0.939
0.835
1.430
1.564
1.523
0.956
1.014
0.904
1.020
1.079
1.034
0.794
0.877
0.832
1.599
1.686
1.598
1.496
1.546
1.451
0.684
0.682
0.592
1.666
1.697
1.524
1.046
1.184
1.100
1.029
1.267
1.187
1.306
1.393
1.248
1.210
1.223
1.180
1.043
1.194
1.156
1.605
1.645
1.623
1.501
1.709
1.494
0.694
0.786
0.749
1.302
1.318
1.292
1.083
1.265
1.131
1.643
1.946
1.650
1.924
2.007
1.941
1.463
1.612
1.563
0.719
1.131
0.762
0.425
0.564
0.517
0.714
0.789
0.719
0.871
0.917
0.923
1.339
1.831
1.360
1.612
1.619
1.560
1.350
1.434
1.318
0.619
0.863
0.783
0.743
0.677
0.561
0.761
0.924
0.783
0.663
1.083
0.739
1.073
1.114
1.086
0.745
0.820
0.828
0.593
0.672
0.594
1.157
1.230
1.130
0.732
1.030
0.803
1.111
1.208
1.072
0.754
0.942
0.798
0.772
0.909
0.962
0.733
0.907
0.842
0.815
0.829
0.676
1.174
1.206
1.038
1.285
1.363
1.316
1.301
1.315
1.109
1.332
1.434
1.379
0.978
1.107
0.851
0.431
0.520
0.472
1.417
1.764
1.501
1.656
1.718
1.662
1.620
1.458
1.490
1.077
1.283
0.992
0.780
0.839
0.770
0.902
0.957
0.871
2.849
3.049
2.944
0.802
0.913
0.848
0.844
1.006
0.827
0.788
0.769
0.735
1.072
1.183
1.015
0.467
0.760
0.522
0.773
0.911
0.686
2.050
2.147
2.071
1.583
1.637
1.553
2.242
2.394
2.295
1.317
1.391
1.230
0.718
0.805
0.756
0.996
1.037
1.008
1.566
1.657
1.580
1.638
1.995
1.589
0.645
0.690
0.664
0.900
1.062
1.071
3.291
3.422
3.329
1.087
1.260
1.046
2.051
2.075
2.329
1.735
1.830
1.596
1.010
1.107
1.073
0.864
0.986
0.816
0.812
0.925
0.880
0.797
0.909
0.854
1.379
1.598
1.577
0.826
0.900
0.878
0.943
1.031
0.988
0.617
0.849
0.744
1.084
1.250
1.066
2.245
2.379
2.268
0.631
0.702
0.684
0.650
0.778
0.709
1.637
1.840
1.737
1.027
1.035
0.982
1.452
1.613
1.472
1.053
1.487
1.242
1.053
1.193
0.977
0.938
0.996
0.886
0.479
0.690
0.593
1.011
1.091
0.882
0.829
0.902
0.898
1.158
1.182
1.158
1.911
1.981
1.864
1.057
1.256
1.213
1.369
1.610
1.468
0.734
1.294
1.031
1.308
1.366
1.326
2.049
2.097
2.033
0.619
0.701
0.592
1.108
1.233
1.238
1.667
1.813
1.796
1.286
1.368
1.287
1.056
1.147
1.124
1.345
1.384
1.287
2.115
2.140
2.073
2.202
2.307
2.225
1.134
1.183
1.170
1.078
1.210
1.133
1.111
1.184
1.191
1.382
1.591
1.472
0.932
0.988
0.922
1.665
1.758
1.728
0.772
0.858
0.821
1.429
1.464
1.375
1.157
1.196
1.211
1.616
1.680
1.651
0.717
0.940
0.841
0.619
0.863
0.783
1.781
1.934
1.858
1.455
1.463
1.328
1.597
1.623
1.545
1.738
1.803
1.763
0.896
1.022
0.856
0.676
0.856
0.762
0.625
0.730
0.670
1.007
1.099
0.946
0.976
1.127
1.072
1.113
1.226
1.224
0.715
0.904
0.592
0.727
0.876
0.847
1.057
1.184
1.093
0.678
0.757
0.679
1.800
1.825
1.804
0.918
1.092
0.987
0.735
0.841
0.753
1.631
1.501
1.527
0.604
0.732
0.689
1.420
1.531
1.479
2.293
2.430
2.301
0.754
0.865
0.872
1.502
1.577
1.411
1.486
1.406
1.414
1.785
1.838
1.801
1.196
1.245
1.189
0.966
1.114
1.067
0.773
0.919
0.814
1.309
1.297
1.117
0.518
0.513
0.392
3.349
3.441
3.392
1.884
1.831
1.828
0.872
0.945
0.870
0.441
0.494
0.470
0.848
0.960
0.798
0.729
0.954
0.710
0.729
0.926
0.710
1.224
1.262
1.196
0.897
0.932
0.866
0.919
1.094
0.983
0.884
0.928
0.823
2.074
2.182
2.082
1.922
1.950
1.822
1.371
1.484
1.270
0.827
0.912
0.843
1.926
2.015
1.937
1.567
1.647
1.613
2.163
2.235
1.937
1.881
1.860
1.931
1.328
1.211
1.200
0.526
0.682
0.610
2.714
2.723
2.669
0.725
1.119
0.864
1.506
1.482
1.433
0.800
0.819
0.793
0.942
1.034
1.002
0.843
1.133
0.942
1.738
1.805
1.819
2.623
2.611
2.690
1.224
1.263
1.051
1.894
1.957
1.884
1.416
1.566
1.461
1.189
1.307
1.310
1.143
1.277
1.274
1.142
1.199
1.117
0.742
0.769
0.697
1.997
2.248
2.080
0.884
1.002
1.023
0.940
1.064
0.963
1.237
1.347
1.310
0.857
0.887
0.883
1.209
1.146
1.012
0.906
1.121
0.983
1.058
1.150
1.096
0.962
1.084
0.958
1.216
1.286
1.239
1.453
1.538
1.430
1.313
1.327
1.232
0.945
1.004
0.809
1.482
1.576
1.456
1.295
1.337
1.241
1.156
1.248
1.177
1.881
1.909
1.903
0.603
0.758
0.748
0.869
0.879
0.868
1.390
1.305
1.378
1.369
1.489
1.377
0.779
0.851
0.854
0.925
1.009
0.805
1.527
1.598
1.516
1.226
1.275
1.216
1.264
1.244
1.160
0.853
0.940
0.880
2.394
2.463
2.401
0.445
0.525
0.422
0.932
1.133
0.904
0.779
0.824
0.738
0.800
0.815
1.061
0.982
0.984
0.879
1.115
1.271
1.198
1.871
1.908
1.950
0.422
0.546
0.531
1.361
1.390
1.325
0.293
0.331
0.325
0.778
0.910
0.749
0.673
0.877
0.718
3.404
3.336
3.313
1.424
1.451
1.460
1.076
1.205
1.166
2.000
2.133
2.047
0.931
1.066
1.033
1.502
2.145
1.374
0.933
0.901
0.803
0.829
0.907
0.807
0.744
0.801
0.742
1.468
1.692
1.476
1.201
1.274
1.206
0.839
0.929
0.837
1.647
1.786
1.625
1.023
1.051
1.012
1.113
1.156
1.081
1.120
1.312
1.159
1.052
1.322
1.155
1.281
1.349
1.170
0.506
0.726
0.598
1.268
1.347
1.156
0.517
0.688
0.572
1.027
1.115
1.072
1.282
1.299
1.232
0.990
1.031
0.932
1.906
2.041
1.959
1.424
1.544
1.452
1.557
1.563
1.457
1.676
1.726
1.701
1.238
1.313
1.280
0.954
1.072
1.000
1.980
2.050
2.006
1.157
1.229
1.197
1.273
1.343
1.271
0.551
0.595
0.468
1.887
1.887
1.857
2.136
2.163
2.070
1.111
1.366
1.266
1.994
2.078
2.041
1.285
1.420
1.329
0.729
0.751
0.660
0.732
0.771
0.758
0.843
0.969
0.854
2.439
2.460
2.402
1.256
1.302
1.267
1.909
2.064
1.701
0.652
0.847
0.764
1.461
1.483
1.171
1.654
1.725
1.685
0.846
1.166
1.238
1.122
1.206
1.094
1.535
1.900
1.844
1.942
1.996
1.890
1.832
2.060
1.719
1.292
1.385
1.350
1.687
2.251
1.988
0.474
0.508
0.529
2.144
2.197
2.120
1.094
1.079
1.047
0.707
0.829
0.729
0.790
1.120
1.358
2.323
2.376
2.315
0.970
1.031
0.996
1.420
1.530
1.515
0.928
0.954
0.902
1.873
2.083
1.989
1.254
1.306
1.309
1.616
1.685
1.603
1.709
1.781
1.600
1.195
1.396
1.340
0.704
0.871
0.802
0.923
1.367
0.998
0.719
0.847
0.700
3.602
3.619
3.592
1.088
1.136
0.981
1.682
1.750
1.655
1.820
1.865
1.767
1.952
2.014
1.954
1.490
1.944
1.858
2.068
2.242
2.069
0.727
0.935
0.856
1.187
1.268
1.132
0.489
0.675
0.575
1.378
1.753
1.479
1.192
1.290
1.238
1.036
1.161
1.078
0.820
1.016
0.847
1.035
1.104
0.994
0.958
1.045
1.020
0.870
0.958
0.913
0.485
0.590
0.570
1.178
1.264
1.128
1.171
1.240
1.123
1.320
1.411
1.309
1.009
1.064
1.014
1.371
1.443
1.370
1.021
1.198
1.117
0.797
0.845
0.704
1.267
1.354
1.286
0.812
0.857
0.720
1.075
1.191
1.107
1.554
1.630
1.550
1.573
1.633
1.566
1.506
1.606
1.468
1.507
1.571
1.581
1.331
1.390
1.441
0.753
0.839
0.758
0.595
0.799
0.481
1.476
1.456
1.364
0.895
0.937
0.896
1.820
2.019
1.899
1.099
1.318
1.314
1.408
1.540
1.310
1.490
1.619
1.450
0.705
0.783
0.538
1.562
1.583
1.572
1.201
1.242
1.158
1.572
1.620
1.275
1.182
1.642
1.373
1.371
1.459
1.554
2.588
2.847
2.721
2.588
2.847
2.721
1.080
1.224
1.063
1.121
1.190
1.164
0.928
1.075
0.972
2.042
2.124
2.081
1.762
1.884
1.823
0.879
0.967
0.872
2.763
2.830
2.799
1.730
1.862
1.817
1.353
1.416
1.118
2.285
2.308
2.312
2.535
2.720
2.687
0.859
0.973
0.726
1.234
1.362
1.273
1.820
1.880
1.818
0.984
1.098
1.045
1.382
1.439
1.405
1.161
1.298
1.283
1.721
1.776
1.670
1.000
1.055
0.967
0.678
0.734
0.655
0.485
0.715
0.604
0.675
1.270
0.783
1.452
1.653
1.597
2.024
2.304
2.183
1.998
2.117
2.053
0.892
0.992
0.845
1.059
1.188
1.042
0.945
0.997
0.760
1.072
1.178
1.131
0.655
1.009
0.746
0.765
0.863
0.831
0.734
0.762
0.753
0.955
1.082
0.830
0.883
1.009
1.088
0.754
0.898
0.796
0.808
0.715
0.514
1.625
1.752
1.666
0.719
0.829
0.766
0.871
1.045
0.945
1.227
1.294
1.183
1.282
1.403
1.303
0.995
1.477
0.859
0.725
0.897
0.835
1.918
1.857
1.789
1.345
1.488
1.467
2.438
2.525
2.418
1.350
1.259
1.038
0.617
0.650
0.637
1.755
1.773
1.604
1.010
1.124
1.048
2.201
2.111
2.210
0.580
0.665
0.494
1.265
1.366
1.325
0.461
0.616
0.472
2.040
2.000
1.876
1.257
1.371
1.316
0.847
1.072
0.843
0.847
1.102
0.843
0.926
1.204
0.937
0.564
0.734
0.653
1.003
1.016
0.933
1.103
1.250
1.070
1.103
1.261
1.090
1.131
1.191
1.135
0.960
1.233
1.104
2.778
2.907
2.881
0.707
0.871
0.739
0.966
1.038
0.890
0.901
1.008
0.994
1.867
1.938
1.936
1.256
1.378
1.249
0.496
0.668
0.521
0.959
1.000
0.970
0.713
0.815
0.791
1.553
1.665
1.406
1.249
1.289
1.204
1.519
1.599
1.611
1.024
1.136
1.066
1.821
1.940
1.897
0.723
0.767
0.574
1.119
1.145
1.099
1.408
1.405
1.407
1.370
1.443
1.433
0.651
0.657
0.562
1.477
1.487
1.454
1.547
1.597
1.534
0.964
1.189
1.160
0.710
1.013
0.790
1.487
1.535
1.525
0.789
0.832
0.769
1.386
1.441
1.409
1.247
1.376
1.243
0.680
0.828
0.757
2.482
2.519
2.478
1.295
1.279
1.179
0.704
0.745
0.666
1.849
1.916
1.920
1.881
1.928
1.757
1.726
1.906
1.850
1.191
1.239
1.125
2.068
2.302
2.212
0.990
1.053
1.007
1.078
1.169
1.050
3.452
3.454
3.519
0.997
1.112
1.071
0.583
0.705
0.575
1.057
1.098
1.043
1.396
1.470
1.406
1.397
1.512
1.427
1.034
1.071
0.955
1.803
2.021
2.044
0.513
0.577
0.458
0.814
1.010
0.872
1.494
1.648
1.672
0.981
1.080
1.033
0.661
0.931
0.625
0.829
0.959
0.887
1.572
1.633
1.637
1.345
1.424
1.470
0.988
1.030
0.964
1.027
1.120
1.071
1.650
1.654
1.564
0.619
0.733
0.691
1.371
1.514
1.435
1.114
1.202
1.010
0.844
0.968
0.870
0.687
0.752
0.737
0.880
1.071
0.932
1.436
1.448
1.336
1.851
1.849
1.688
1.519
1.570
1.538
0.945
1.182
1.102
1.327
1.331
1.244
1.136
1.330
1.252
0.843
0.870
0.836
1.690
1.757
1.690
0.742
0.822
0.747
2.015
2.153
1.976
2.253
2.342
2.298
0.890
1.017
0.842
0.711
0.789
0.574
1.803
1.883
1.879
0.599
0.827
0.585
1.511
1.659
1.644
1.416
1.464
1.452
0.594
0.731
0.675
1.044
1.237
1.084
0.644
0.867
0.826
0.702
0.716
0.567
1.680
1.722
1.672
2.085
2.156
1.952
1.827
1.785
1.828
0.586
0.718
0.595
0.641
0.746
0.629
1.074
1.402
1.191
2.247
2.340
2.278
0.988
1.175
1.063
2.136
2.285
1.639
1.389
1.541
1.471
0.609
0.754
0.718
0.902
1.137
0.967
1.498
1.669
1.512
1.495
1.589
1.452
0.913
0.932
0.579
2.038
2.091
2.052
1.913
2.060
2.022
1.185
1.354
1.325
1.537
1.660
1.625
0.979
1.040
0.986
0.515
0.675
0.644
0.943
1.311
1.008
1.703
1.834
1.733
1.373
1.531
1.364
1.375
1.883
1.589
1.027
1.147
1.140
1.077
1.160
1.056
0.848
0.918
0.882
1.210
1.462
1.088
1.052
1.249
1.181
0.692
0.756
0.729
0.997
1.046
0.977
0.824
1.410
1.336
0.803
0.933
0.904
0.631
0.693
0.388
1.167
1.229
1.123
1.287
1.321
1.444
1.771
1.711
1.754
1.491
1.529
1.502
0.886
0.854
0.722
1.475
1.431
1.472
0.764
0.868
0.830
1.942
1.968
1.921
1.341
1.575
1.523
0.480
0.619
0.548
0.990
1.108
1.030
1.001
1.070
1.052
2.224
2.245
2.101
0.545
0.871
0.614
1.034
1.308
1.190
3.051
3.120
3.109
0.982
1.341
1.060
1.702
1.779
1.648
0.904
0.802
0.853
0.724
0.833
0.724
1.054
1.227
1.041
0.947
1.283
0.981
1.346
1.485
1.305
1.980
2.003
2.015
1.554
1.738
1.293
3.041
3.053
3.022
0.910
1.093
1.111
1.813
1.782
1.707
1.219
1.392
1.320
1.076
1.095
1.071
1.460
1.570
1.466
0.925
1.135
0.795
1.070
1.179
1.197
1.411
1.448
1.234
1.054
1.110
1.121
0.964
1.138
1.131
1.291
1.407
1.345
1.322
1.514
1.454
1.150
1.176
1.129
1.592
1.707
1.639
1.082
1.199
1.087
1.529
1.537
1.636
1.621
1.617
1.499
0.592
0.725
0.645
2.218
2.255
1.955
0.595
0.710
0.662
1.557
1.629
1.552
0.952
1.153
1.026
1.140
1.229
1.538
0.597
0.802
0.704
0.663
0.788
0.827
0.925
1.256
1.109
0.422
0.513
0.453
1.059
1.118
1.102
0.369
0.508
0.464
1.013
1.507
1.332
0.598
0.792
0.602
1.021
1.081
1.031
1.026
1.073
1.021
1.236
1.436
1.080
0.812
0.951
0.838
1.745
1.789
1.737
0.763
1.020
0.926
1.026
1.221
1.235
1.178
1.513
1.346
2.147
2.167
2.072
0.769
0.950
0.882
1.117
1.229
1.108
1.921
2.077
1.833
0.840
1.189
0.968
1.154
1.172
1.173
0.573
0.844
0.651
1.138
1.113
0.899
0.868
0.897
0.880
1.532
1.549
1.427
1.007
1.074
1.016
1.280
1.306
1.256
1.145
1.183
1.164
0.969
0.913
0.826
0.743
0.858
0.734
0.993
1.108
1.055
0.957
0.957
0.957
0.980
1.068
0.957
0.744
0.783
0.771
0.730
0.836
0.716
0.897
0.928
0.864
0.437
0.535
0.491
1.300
1.322
1.246
0.804
0.963
0.647
0.845
0.965
0.867
1.654
1.666
1.514
1.203
1.279
1.227
0.755
0.948
0.806
0.843
0.845
0.765
0.869
1.040
0.948
1.572
1.696
1.618
1.308
1.433
1.322
1.682
1.872
1.643
0.574
0.852
0.803
1.353
1.455
1.301
0.571
0.768
0.580
1.179
1.277
1.520
0.744
0.804
0.665
0.462
0.593
0.507
1.250
1.433
1.206
1.232
1.348
1.243
1.618
1.796
2.048
1.734
1.906
2.161
1.618
1.796
2.048
1.734
1.906
2.161
1.734
1.906
2.161
1.618
1.796
2.048
1.513
1.682
1.905
0.851
0.818
0.819
0.819
0.914
0.833
0.557
0.756
0.587
1.088
1.111
1.094
1.573
1.611
1.537
3.288
3.257
3.021
1.047
1.200
1.003
1.237
1.357
1.269
1.582
1.616
1.738
1.921
1.887
1.901
1.101
1.174
1.042
0.868
0.966
0.880
1.998
2.087
2.032
1.322
1.463
1.304
0.671
0.771
0.706
2.556
2.521
2.417
1.759
1.729
1.689
0.505
0.703
0.465
0.754
0.949
0.861
1.082
1.233
1.147
0.945
0.973
0.803
0.798
0.820
0.598
0.588
0.700
0.632
1.049
1.261
1.130
1.355
1.646
1.459
1.068
1.188
1.120
0.646
0.953
0.685
1.624
1.650
1.617
1.821
1.891
1.755
1.388
1.392
1.103
1.782
1.880
1.725
1.052
1.111
1.043
0.697
0.767
0.748
0.897
0.928
0.870
0.992
0.993
1.005
1.365
1.437
1.276
1.512
1.647
1.562
0.826
1.699
1.061
2.037
2.175
2.384
0.558
0.660
0.585
0.924
0.980
0.940
0.508
0.648
0.572
0.763
0.868
0.572
0.838
0.900
0.825
0.661
0.750
0.629
0.644
0.760
0.610
1.310
1.395
1.348
1.042
1.169
1.060
1.463
1.460
1.449
1.091
1.192
1.073
1.124
1.178
1.049
2.469
2.480
2.401
1.337
1.384
1.292
1.562
1.666
1.548
1.273
1.336
1.246
0.726
0.876
0.704
1.288
1.317
1.289
2.163
2.205
2.032
0.749
0.808
0.799
0.973
0.997
0.950
0.809
0.894
0.831
0.734
0.805
0.720
1.038
1.030
0.989
1.453
1.664
1.698
1.300
1.398
1.291
0.850
0.991
0.855
0.775
0.799
0.776
2.282
2.371
2.374
3.143
3.223
3.169
0.516
0.634
0.444
1.732
1.783
1.648
1.732
1.878
1.734
0.717
0.744
0.643
1.004
1.080
1.018
1.068
1.132
1.156
2.036
2.072
1.948
1.037
1.166
1.095
0.847
1.169
0.914
1.226
1.325
1.252
1.048
1.166
0.971
0.826
0.973
0.900
0.719
0.798
0.717
1.693
1.770
1.744
0.794
0.832
0.827
1.077
1.091
1.353
0.693
1.006
0.754
1.139
1.207
1.221
1.503
1.650
1.534
1.065
1.138
1.115
1.516
1.603
1.570
3.571
3.670
3.481
1.317
1.340
1.345
0.548
0.709
0.626
1.204
1.288
1.220
1.650
1.718
1.702
2.626
2.487
2.500
1.251
1.321
1.272
0.804
0.884
0.841
1.408
1.425
1.437
1.134
1.320
1.135
1.118
1.532
1.226
2.336
2.486
2.349
2.143
2.144
2.069
2.079
2.127
2.125
0.719
0.706
0.704
1.295
1.377
1.278
0.865
1.027
1.071
1.530
1.608
1.456
1.131
1.159
1.068
0.571
0.641
0.477
1.100
1.142
1.043
0.724
0.793
0.743
1.072
1.206
1.101
0.941
0.993
1.094
1.075
1.140
1.105
4.152
4.169
4.098
1.076
1.281
1.114
1.684
1.865
1.716
1.175
1.217
1.186
2.194
2.070
2.033
1.557
1.630
1.583
1.042
1.078
0.928
1.709
1.820
1.756
1.852
1.948
1.861
1.423
1.564
1.387
1.699
1.798
1.792
1.419
1.545
1.447
1.321
1.345
1.301
1.321
1.360
1.317
0.879
1.051
0.980
1.542
1.603
1.521
1.430
1.581
1.535
0.714
0.833
0.764
1.775
1.863
1.715
1.594
1.652
1.586
0.603
0.722
0.629
0.834
1.017
0.986
0.801
0.955
0.882
0.663
0.891
0.734
1.450
1.584
1.474
1.135
1.225
1.165
1.169
1.224
0.646
1.102
1.291
1.216
1.359
1.466
1.282
0.586
0.711
0.684
0.290
0.525
0.395
0.804
0.793
0.810
0.656
0.763
0.642
0.968
1.059
1.028
1.652
1.715
1.637
1.814
1.892
1.834
0.688
0.876
0.628
1.468
1.899
1.625
0.938
1.212
0.961
1.205
1.291
1.190
1.332
1.509
1.420
1.315
1.307
1.030
1.239
1.347
1.214
0.542
1.097
0.708
0.878
0.918
0.824
1.730
1.833
1.776
0.885
0.941
0.918
0.737
0.851
0.650
1.765
1.835
1.824
1.721
1.952
1.894
1.615
1.797
1.985
1.455
1.721
1.574
3.045
3.060
3.028
0.845
1.062
0.946
1.226
1.629
1.326
0.786
0.880
0.796
1.413
1.634
1.667
0.885
0.925
0.865
1.217
1.199
1.082
0.602
0.699
0.625
1.010
1.266
1.078
0.820
0.867
0.802
0.580
0.679
0.560
0.718
0.755
0.755
0.471
0.612
0.639
0.415
0.506
0.453
0.800
0.991
0.700
1.790
1.834
1.728
1.534
1.602
1.563
1.041
1.253
0.959
1.112
1.193
1.148
1.513
1.511
1.502
0.712
0.791
0.573
0.979
1.177
0.962
2.053
2.241
2.131
1.229
1.249
1.119
1.370
1.595
1.440
1.918
2.089
1.936
0.772
0.937
0.846
1.116
1.247
1.185
1.029
1.183
1.064
0.714
0.817
0.673
1.016
1.139
1.053
1.345
1.404
1.346
1.292
1.349
1.225
1.076
1.317
1.118
0.629
0.731
0.623
1.828
2.261
1.849
1.667
1.683
1.625
0.601
0.607
0.431
2.013
2.025
2.058
1.844
1.881
1.846
1.440
1.502
1.458
1.528
1.612
1.450
1.523
1.499
1.424
0.842
0.848
0.816
2.317
2.450
2.252
1.136
1.133
0.964
1.248
1.304
1.126
0.460
0.604
0.496
1.154
1.285
1.230
0.760
1.216
0.791
0.597
0.751
0.684
0.735
1.028
0.738
0.735
1.068
0.815
1.752
1.731
1.794
0.698
0.851
0.764
0.824
0.911
0.864
0.681
0.967
0.673
0.817
0.988
0.892
1.809
1.849
1.801
1.183
1.302
1.218
1.509
1.786
1.633
1.547
1.654
1.572
2.088
2.182
2.064
1.121
1.228
1.133
1.741
1.783
1.754
1.314
1.379
1.333
1.415
1.471
1.355
1.288
1.312
1.206
0.539
0.628
0.573
0.695
0.949
0.750
0.692
0.919
0.872
0.928
1.003
0.911
0.829
0.936
0.779
1.135
1.346
1.260
0.934
1.398
1.116
0.783
1.111
1.315
1.429
1.519
1.422
1.356
1.433
1.446
1.119
1.174
1.095
2.013
2.095
2.057
1.842
1.965
1.986
1.395
1.447
1.463
1.277
1.291
1.245
0.968
1.047
0.975
1.180
1.520
1.148
0.596
0.745
0.663
1.472
1.596
1.565
1.637
1.994
1.713
1.194
1.273
1.222
0.521
0.783
0.675
1.755
1.820
1.777
1.112
1.149
1.117
0.977
1.052
0.958
0.533
0.592
0.429
1.140
1.156
1.317
1.559
1.653
1.606
0.629
1.038
0.533
0.757
1.551
0.493
0.624
0.701
0.603
0.806
1.196
0.709
1.193
1.442
1.135
2.414
2.472
2.406
0.726
0.837
0.733
2.487
2.554
2.512
1.557
1.570
1.504
1.118
1.223
1.122
1.904
2.069
1.971
0.806
0.932
0.889
0.641
0.700
0.649
0.781
0.891
0.852
1.079
1.117
0.847
1.253
1.540
1.340
1.312
1.582
1.422
1.587
1.645
1.623
0.652
0.983
1.117
1.554
1.648
1.564
0.763
0.867
0.827
2.681
2.729
2.689
1.318
1.361
1.290
1.797
1.892
1.791
1.088
1.128
1.103
0.459
0.663
0.623
0.459
0.663
0.623
0.459
0.663
0.623
0.785
0.916
0.743
0.629
0.743
0.629
0.886
1.006
0.862
1.474
1.495
1.437
0.701
0.804
0.739
0.641
0.808
0.731
0.785
0.895
0.762
0.910
1.104
0.959
0.910
1.267
1.146
1.392
1.349
1.207
0.749
1.226
0.854
1.209
1.781
1.317
1.022
1.071
1.226
0.858
0.976
0.915
0.857
0.976
0.890
0.637
0.742
0.632
1.454
1.491
1.453
1.098
1.355
1.281
1.124
1.309
1.199
3.198
3.324
3.006
0.911
1.019
0.978
1.070
1.206
1.090
1.310
1.289
1.089
0.864
0.938
0.626
1.557
1.753
1.625
0.582
0.743
0.668
0.909
0.970
0.934
0.893
1.054
0.892
1.252
1.292
1.286
1.408
1.868
1.442
1.638
1.697
1.627
0.868
0.938
0.888
1.292
2.037
1.206
1.161
1.149
1.146
0.589
0.623
0.450
1.439
1.615
1.419
1.273
1.282
1.211
0.856
0.920
0.873
0.636
0.838
0.659
3.431
3.342
3.466
1.390
1.434
1.302
1.290
1.291
1.288
0.372
0.517
0.391
1.317
1.398
1.225
1.292
1.460
1.296
1.232
1.350
1.190
1.652
1.993
1.756
0.724
0.904
0.727
0.688
0.715
0.661
1.134
1.215
1.156
0.753
0.849
0.666
1.547
1.693
1.642
0.811
0.875
0.803
1.143
1.162
1.012
1.024
1.161
1.146
1.212
1.445
1.328
0.841
1.131
0.845
0.611
0.672
0.629
1.422
1.673
1.393
0.987
1.025
0.975
1.262
1.303
1.489
1.061
1.112
1.071
0.438
0.670
0.452
2.005
2.021
1.983
0.812
0.959
0.904
0.734
0.858
0.771
1.503
1.630
1.540
2.201
2.312
2.176
1.477
1.481
1.354
1.360
1.356
1.394
0.710
0.735
0.725
1.687
1.772
1.777
0.717
0.799
0.733
2.150
2.200
2.232
1.518
1.763
1.624
3.267
3.195
3.169
2.664
2.756
2.791
0.523
0.724
0.483
1.103
1.087
0.989
1.022
0.921
0.652
1.326
1.376
1.286
0.864
1.016
0.893
1.577
1.681
1.556
1.261
1.371
1.285
0.757
0.811
0.653
1.334
1.359
1.112
1.851
1.865
1.818
1.004
1.192
1.058
2.373
2.434
2.396
1.345
1.434
1.379
1.318
1.424
1.295
0.655
0.749
0.691
0.668
0.728
0.574
1.037
1.045
1.093
0.786
1.009
0.903
0.923
1.092
0.988
1.685
1.867
1.779
0.629
0.722
0.569
1.083
1.128
1.064
0.801
0.938
0.943
0.701
0.792
0.738
0.657
1.051
0.556
0.748
0.874
0.687
0.489
0.603
0.532
0.924
1.017
0.964
1.493
1.552
1.512
1.675
1.639
1.655
2.332
2.402
2.070
2.294
2.574
2.442
1.788
2.015
1.768
1.788
1.921
1.782
1.076
1.312
1.186
1.161
1.301
1.128
0.522
0.578
0.486
1.652
1.616
1.541
1.214
1.371
1.268
0.697
0.889
0.807
0.652
0.711
0.641
1.001
1.040
0.978
1.162
1.280
1.199
0.726
0.778
0.623
1.119
1.098
1.082
0.925
1.018
0.961
0.955
1.300
1.195
0.924
1.019
0.995
0.965
1.077
0.990
1.225
1.430
1.471
0.713
0.807
0.722
1.289
1.260
1.095
1.142
1.254
1.113
0.916
0.991
0.964
0.717
0.769
0.690
1.776
1.965
1.789
1.272
1.336
1.280
0.691
0.730
0.671
0.892
1.063
1.127
1.471
1.802
1.601
1.146
1.264
1.177
1.125
1.196
1.119
0.611
0.945
0.752
1.690
1.825
1.794
0.643
0.693
0.624
0.643
0.684
0.698
1.284
1.421
1.382
0.687
0.892
0.741
2.363
2.690
2.470
0.749
0.904
0.698
0.777
0.920
0.826
1.080
1.118
1.061
0.957
0.947
0.955
1.371
1.429
1.398
1.198
1.293
1.120
1.208
1.470
1.169
0.825
0.936
0.910
1.606
1.631
1.469
0.996
1.132
0.964
1.426
1.597
1.339
1.163
1.138
0.971
1.493
1.551
1.518
1.518
1.519
1.491
2.291
2.341
2.111
0.827
0.943
0.865
1.638
1.758
1.754
0.904
1.038
0.975
0.683
0.780
0.614
0.683
0.814
0.703
1.088
1.091
1.021
1.409
1.532
1.491
0.685
0.833
0.684
0.829
0.933
0.743
1.163
1.277
1.394
1.368
1.527
1.306
1.601
1.779
1.691
0.718
1.172
0.929
0.604
0.761
0.683
0.531
0.603
0.310
0.780
0.864
0.809
1.735
1.811
1.641
1.199
1.224
1.082
0.683
0.849
0.756
1.061
1.151
1.072
0.584
0.719
0.663
1.342
1.397
1.352
1.101
1.200
0.842
0.604
0.761
0.683
1.455
1.481
1.432
1.135
1.262
1.149
0.594
0.748
0.670
0.688
0.823
0.734
0.819
0.906
0.854
0.594
0.748
0.670
1.166
1.237
1.155
0.394
0.534
0.486
0.825
0.881
1.141
2.059
2.142
2.176
1.126
1.261
1.208
1.246
1.264
1.180
0.594
0.748
0.670
1.499
1.573
1.313
0.902
0.943
0.846
0.594
0.748
0.670
0.638
0.730
0.651
0.810
0.937
0.843
1.105
1.152
1.141
0.779
0.819
0.830
0.602
0.854
0.735
1.472
1.558
1.292
0.733
0.874
0.619
0.733
0.900
0.667
0.733
0.909
0.667
1.298
1.472
1.399
0.799
1.011
0.857
0.462
0.642
0.515
0.726
0.844
0.778
0.604
0.761
0.683
0.719
0.833
0.786
1.378
1.421
1.338
0.747
0.856
0.717
0.658
0.778
0.709
0.519
1.060
0.679
1.242
1.349
1.202
1.572
1.482
1.486
0.856
0.897
0.875
1.104
1.181
1.110
1.167
1.283
1.150
0.716
0.857
0.782
2.199
2.613
2.398
0.800
0.903
0.837
0.930
1.078
1.021
0.594
0.748
0.670
0.789
1.006
0.809
0.558
0.721
0.461
0.922
0.919
0.859
0.905
0.964
0.736
1.599
1.636
1.598
1.641
1.652
1.613
1.240
1.260
1.244
0.670
0.801
0.687
1.481
1.603
1.522
0.761
0.842
0.718
1.066
1.226
1.140
1.228
1.352
1.140
0.748
1.219
0.825
1.386
1.481
1.384
0.903
1.035
0.906
0.893
1.000
0.840
0.740
0.838
0.811
0.713
0.816
0.728
0.715
0.718
0.684
1.685
1.747
1.645
0.757
0.826
0.779
1.686
1.748
1.676
2.084
2.364
2.208
3.395
3.397
3.293
0.685
0.794
0.737
0.700
0.830
0.783
1.003
1.096
0.886
1.645
1.830
1.694
2.940
3.038
3.007
0.652
0.793
0.539
0.391
0.562
0.488
0.639
0.898
0.697
0.742
0.777
0.696
0.891
0.953
0.906
0.814
0.998
0.863
1.212
1.521
1.257
1.780
1.945
1.858
1.448
1.553
1.429
0.698
0.840
0.759
0.604
0.800
0.630
1.926
2.019
1.937
0.857
0.979
0.908
1.337
1.408
1.306
1.086
1.181
1.145
1.772
1.840
1.726
1.513
1.369
1.749
1.991
2.045
2.018
0.764
0.733
0.571
0.584
0.864
0.695
0.946
1.149
1.036
1.289
1.325
1.294
1.092
1.173
1.109
2.086
2.042
1.947
1.662
1.735
1.701
1.775
1.780
1.781
1.265
1.363
1.289
0.989
1.031
0.981
0.885
1.071
0.974
0.597
0.698
0.686
1.212
1.312
1.262
0.971
1.085
1.116
0.927
1.104
1.006
0.788
1.152
0.972
1.473
1.522
1.533
1.347
1.494
1.483
1.455
1.467
1.410
1.380
1.378
1.380
1.773
1.867
1.810
1.116
1.355
1.328
1.530
1.597
1.583
0.616
0.769
0.636
1.212
1.270
1.214
0.587
0.885
0.815
0.872
0.887
0.914
1.150
1.252
1.242
0.443
0.550
0.547
0.791
0.935
0.885
0.768
0.847
0.768
2.013
2.015
2.036
1.351
1.575
1.473
0.781
0.860
0.774
1.602
1.663
1.594
0.949
1.075
1.038
1.946
2.089
2.023
1.856
1.968
1.881
1.616
1.790
1.640
1.916
2.026
1.940
0.724
1.432
0.958
2.478
2.603
2.557
2.276
2.378
2.262
1.419
1.523
1.403
1.107
1.206
1.139
1.279
1.371
1.330
0.722
0.830
0.791
1.109
1.148
1.129
1.591
1.717
1.708
2.289
2.395
2.320
1.819
1.862
1.846
0.924
1.068
0.975
1.691
1.792
1.788
0.602
0.779
0.696
1.215
1.234
1.210
1.379
1.393
1.373
0.970
1.154
1.079
0.985
1.143
1.047
0.823
0.968
0.921
1.365
1.382
1.190
2.101
2.114
2.102
1.974
1.968
2.013
2.176
2.223
2.239
0.674
0.812
0.754
0.765
0.879
0.801
1.233
1.240
1.202
0.727
0.813
0.740
1.729
1.829
1.825
0.912
1.226
1.281
0.463
0.654
0.604
0.687
0.721
0.621
2.022
2.090
1.973
0.733
0.933
0.766
1.483
1.498
1.440
0.764
0.925
0.728
1.329
1.387
1.371
0.666
0.841
0.763
1.025
1.107
1.019
1.416
1.431
1.195
2.504
2.596
2.573
1.427
1.410
1.241
1.017
1.087
0.997
0.739
0.855
0.814
2.460
2.442
2.224
1.521
1.515
1.894
2.590
2.564
2.469
0.801
0.896
0.771
1.733
1.742
1.538
1.676
1.772
1.638
1.305
1.402
1.341
0.844
0.961
0.901
1.493
1.724
1.787
1.137
1.288
1.282
1.245
1.300
1.065
1.303
1.344
1.511
0.882
0.902
0.930
0.684
0.741
0.729
0.750
0.874
0.820
0.750
0.874
0.820
0.750
0.874
0.820
1.666
1.737
1.641
0.512
0.668
0.476
1.157
1.332
1.263
0.590
0.624
0.620
1.199
1.400
1.254
0.934
1.206
1.182
0.695
0.783
0.701
1.649
1.719
1.473
1.232
1.416
1.263
0.680
0.788
0.737
0.771
1.084
0.946
1.455
1.973
1.727
0.995
1.088
1.045
1.540
1.480
1.617
1.455
1.586
1.254
1.835
2.117
1.839
1.080
1.170
1.118
1.635
1.628
1.545
1.665
1.773
1.799
2.277
3.265
2.231
1.457
1.562
1.501
0.815
0.920
0.801
1.079
1.111
0.957
0.987
1.243
1.205
0.870
0.982
0.981
1.217
1.204
1.086
1.089
1.184
0.985
1.795
2.021
2.058
2.436
2.578
2.479
1.238
1.342
1.124
0.566
0.747
0.661
0.928
1.041
0.961
0.483
0.744
0.620
1.469
1.688
1.586
1.285
1.226
1.206
1.805
1.802
1.728
1.677
1.926
1.792
0.536
0.660
0.606
1.916
1.933
1.774
0.824
0.853
0.748
0.727
0.852
0.641
1.278
1.374
1.297
1.522
1.547
1.329
0.641
0.717
0.617
0.549
0.605
0.521
0.562
0.597
0.529
0.505
0.648
0.567
0.637
0.762
0.686
0.732
0.851
0.814
2.201
2.592
2.322
0.878
0.852
0.833
0.713
0.838
0.750
1.047
1.090
0.981
0.715
0.806
0.603
1.545
1.667
1.599
0.888
0.968
0.928
0.808
0.820
0.820
0.811
0.963
0.856
1.067
1.167
1.052
1.120
1.364
1.139
1.024
1.162
1.132
0.437
0.556
0.485
0.880
0.849
0.831
2.249
2.224
2.255
1.149
1.243
1.167
0.827
0.972
0.859
0.426
0.676
0.605
0.426
0.676
0.605
0.426
0.676
0.605
0.977
1.040
1.001
1.132
1.226
1.053
0.807
0.838
0.623
0.870
0.981
1.000
0.591
0.654
0.583
1.442
1.581
1.479
1.498
1.577
1.525
0.845
0.979
0.773
0.820
0.950
0.913
1.431
1.630
1.532
1.513
1.918
1.756
0.905
0.982
0.927
0.623
0.756
0.513
0.708
0.719
0.664
1.477
1.531
1.522
1.253
1.325
1.315
1.253
1.472
1.315
1.194
1.322
1.262
1.175
1.346
1.170
0.565
0.775
0.746
1.535
1.609
1.503
0.608
0.695
0.645
1.211
1.258
1.187
0.935
0.976
0.946
1.193
1.313
1.242
1.012
1.053
0.879
0.212
0.425
0.371
0.686
0.954
0.835
0.858
1.056
1.099
0.842
0.893
0.775
0.565
0.571
0.452
1.503
1.467
1.448
1.918
2.082
1.987
0.742
0.791
0.748
0.892
0.934
0.838
1.208
1.304
1.219
0.848
0.816
0.883
1.105
1.186
1.042
1.656
1.756
1.711
1.283
1.440
1.255
1.971
2.038
1.902
1.009
1.136
1.076
0.531
0.700
0.578
0.498
0.634
0.574
1.430
1.481
1.448
1.133
1.194
1.183
0.700
0.842
0.783
0.700
0.842
0.783
1.698
1.741
1.752
0.646
0.837
0.644
1.471
1.519
1.452
1.285
1.397
1.228
0.664
0.754
0.646
1.177
1.243
1.161
0.935
1.030
0.895
0.757
0.974
0.795
1.904
1.967
1.834
1.565
1.618
1.573
1.409
1.502
1.422
2.355
2.384
2.343
0.881
1.038
0.926
0.901
0.961
0.890
0.990
1.124
1.022
1.294
1.478
1.377
0.896
0.911
0.837
0.824
0.833
0.872
1.502
1.616
1.462
0.911
1.134
0.976
1.153
1.275
1.188
0.788
0.897
0.819
1.444
1.414
1.179
1.131
1.194
1.198
0.535
0.615
0.520
0.865
0.913
0.841
0.590
0.697
0.640
1.570
1.622
1.599
0.943
1.051
0.958
0.842
0.989
0.847
1.306
1.469
1.379
1.125
1.572
1.212
1.264
1.446
1.397
0.836
0.988
0.869
0.772
0.885
0.821
1.108
1.075
0.916
0.894
1.047
0.920
1.033
1.125
1.054
0.872
0.937
0.877
1.271
1.439
1.317
0.613
1.098
0.886
1.754
1.877
1.838
0.727
0.804
0.703
1.511
1.624
1.377
0.647
0.682
0.694
1.064
1.098
0.952
2.405
2.460
2.444
2.489
2.721
2.601
0.687
0.802
0.753
1.130
1.236
1.131
0.785
0.857
0.740
0.943
1.145
1.011
1.699
2.036
1.742
1.655
1.703
1.649
2.005
2.075
2.044
0.854
0.985
0.849
1.532
1.490
1.324
0.774
0.888
0.823
1.984
2.156
1.992
1.273
1.370
1.121
1.145
1.239
1.177
0.464
0.608
0.531
0.560
0.551
0.448
1.230
1.346
1.285
0.670
0.877
0.697
2.032
2.206
2.151
1.186
1.272
1.178
1.047
1.183
1.160
0.708
0.887
0.797
0.774
0.888
0.823
1.245
1.307
1.241
0.359
0.731
0.502
0.798
0.901
0.641
0.769
0.828
0.753
1.111
1.206
1.150
0.755
0.884
0.776
0.882
1.039
0.917
0.586
0.594
0.605
0.772
0.885
0.821
0.640
0.727
0.621
0.964
0.977
0.910
0.705
0.724
0.634
1.030
1.061
1.036
0.490
0.611
0.508
1.042
1.141
1.072
0.678
0.849
0.773
2.960
3.309
3.101
2.960
3.309
3.101
2.960
3.309
3.101
0.810
0.892
0.796
0.774
0.888
0.823
1.609
1.674
1.593
1.168
1.233
1.196
0.695
0.687
0.571
0.877
0.969
0.871
1.212
1.354
1.216
1.029
1.128
1.005
0.802
0.865
0.854
1.376
1.431
1.364
0.524
0.681
0.565
2.025
2.064
1.883
0.884
0.764
0.805
0.774
0.888
0.823
0.516
0.650
0.595
0.922
1.014
0.953
0.527
0.580
0.463
2.005
2.054
1.976
0.636
0.947
0.785
0.906
1.112
1.019
1.660
1.890
1.638
0.521
0.640
0.561
0.544
0.899
0.671
1.538
1.681
1.613
1.164
1.206
1.073
1.652
1.740
1.640
1.187
1.272
1.208
1.590
1.650
1.607
1.026
1.146
1.089
1.265
1.613
1.346
1.793
1.879
1.835
1.190
1.343
1.226
1.762
1.844
1.853
0.964
1.038
1.020
1.271
1.292
1.311
1.347
1.313
1.313
0.404
0.599
0.444
1.064
1.250
1.106
1.538
1.488
1.545
1.723
1.809
1.756
2.157
2.336
2.235
1.137
1.173
1.048
2.736
2.587
2.441
1.000
0.991
0.746
1.916
1.936
1.866
1.164
1.331
1.251
0.939
1.015
0.993
1.328
1.542
1.354
1.241
1.418
1.348
2.342
2.400
2.355
1.721
1.783
1.688
1.139
1.295
1.276
1.777
1.745
1.736
0.720
0.965
0.760
1.299
1.361
1.246
1.164
1.331
1.287
1.515
1.449
1.477
2.583
2.678
2.637
2.308
2.300
2.298
0.720
0.812
0.702
1.231
1.374
1.323
1.565
1.617
1.616
0.940
1.070
0.887
1.268
1.762
1.406
1.272
1.425
1.300
1.400
1.418
1.321
0.788
0.843
0.818
1.047
1.018
1.128
1.190
1.367
1.269
1.468
1.474
1.412
0.719
0.881
0.742
0.719
0.881
0.742
0.985
1.064
1.009
1.169
1.191
1.128
0.738
0.838
0.664
2.057
2.211
2.053
1.548
1.458
1.450
0.756
0.873
0.669
0.437
0.646
0.523
0.532
0.562
0.549
0.898
0.987
0.936
2.634
2.750
2.089
1.451
1.314
1.009
0.526
0.629
0.500
1.636
1.685
1.743
0.970
1.064
1.017
0.713
0.831
0.718
0.541
0.714
0.505
1.349
1.454
1.304
1.077
1.106
1.038
1.834
2.053
1.903
1.222
1.035
0.908
1.944
1.955
1.939
1.468
1.560
1.490
1.078
1.152
0.937
1.593
1.945
1.732
0.652
0.734
0.628
2.380
2.537
2.382
1.933
1.962
1.962
0.730
0.832
0.764
1.037
1.120
1.023
1.176
1.273
1.175
1.196
1.448
1.100
1.412
1.483
1.329
2.300
2.337
2.337
0.717
0.891
0.798
1.097
1.285
1.180
0.974
1.154
0.972
0.651
0.639
0.832
1.395
1.524
1.447
0.584
0.661
0.580
1.163
1.275
1.148
0.941
1.017
0.892
2.176
2.306
2.232
1.651
1.919
1.673
0.774
0.891
0.801
0.518
0.637
0.508
1.015
1.062
1.049
2.269
2.208
1.951
0.821
0.886
0.751
1.106
1.156
1.100
0.605
0.670
0.973
0.689
0.859
0.790
1.413
1.568
1.433
0.789
0.877
0.823
2.655
2.731
2.714
2.960
2.978
2.922
1.092
1.395
1.219
1.023
1.149
1.089
1.607
1.610
1.593
1.286
1.477
1.324
1.655
1.807
1.750
1.132
1.176
1.102
0.881
1.066
0.998
1.004
1.115
1.035
0.540
0.697
0.577
0.387
0.449
0.385
1.066
1.145
1.130
0.955
1.110
1.007
0.563
0.673
0.582
1.712
1.865
1.798
1.275
1.667
1.526
1.044
1.162
1.096
0.570
0.924
0.781
1.544
1.830
1.706
1.673
1.682
1.452
0.836
0.863
0.825
1.264
1.432
1.248
1.100
1.161
1.215
1.136
1.245
1.170
0.751
0.806
0.575
2.118
2.159
2.105
0.556
0.795
0.566
0.556
0.687
0.566
1.465
1.536
1.309
0.507
0.629
0.569
1.144
1.186
1.095
1.010
1.213
1.113
0.578
0.648
0.591
0.680
0.775
0.698
0.681
0.804
0.722
0.688
0.681
0.660
1.364
1.429
1.323
1.000
1.052
0.868
0.736
0.885
0.777
0.625
0.749
0.675
1.579
1.668
1.521
2.610
2.638
2.587
1.259
1.317
1.276
0.852
0.889
0.894
0.936
0.995
0.992
0.635
0.817
0.720
1.377
1.395
1.355
1.265
1.270
1.279
1.403
1.408
1.314
0.604
0.783
0.636
0.552
0.707
0.625
0.543
0.643
0.571
1.340
1.431
1.347
1.508
1.601
1.509
0.610
0.657
0.596
0.977
1.003
0.996
0.774
0.888
0.823
0.774
0.888
0.823
1.295
1.362
1.310
1.106
1.473
1.339
1.040
1.161
1.109
0.686
0.765
0.676
0.982
1.487
1.025
0.733
0.950
0.870
0.454
0.529
0.530
1.043
1.129
1.128
2.381
2.358
2.404
0.744
0.899
0.826
2.330
2.344
2.236
1.118
1.421
1.110
1.001
1.045
0.816
1.752
1.862
1.791
1.617
1.719
1.629
0.974
1.055
0.984
0.694
0.854
0.699
1.411
1.449
1.371
0.699
0.785
0.786
0.768
0.862
0.774
2.123
2.211
2.169
1.551
1.573
1.533
1.435
1.500
1.447
1.021
0.995
0.976
1.267
1.384
1.290
0.628
0.760
0.721
1.076
1.121
1.065
1.129
1.241
1.142
1.498
1.597
1.596
1.357
1.466
1.196
0.867
1.054
0.868
1.162
1.274
1.210
2.302
2.368
2.262
0.587
0.608
0.568
0.587
0.689
0.633
0.870
0.946
0.939
0.569
0.680
0.562
0.716
0.838
0.744
1.551
1.676
1.595
0.729
0.770
0.710
1.066
1.293
1.170
0.598
0.748
0.673
1.716
1.829
1.701
0.903
1.036
0.940
0.692
0.832
0.778
0.593
0.828
0.672
2.431
2.547
2.455
1.638
1.695
1.647
1.360
1.371
1.299
1.178
1.241
1.153
0.862
0.939
0.743
0.662
0.837
0.733
0.773
0.884
0.817
1.677
1.744
1.727
1.088
1.150
1.060
0.859
1.004
0.936
1.079
1.135
1.187
1.074
1.350
1.137
0.858
0.920
0.836
0.965
0.994
0.914
1.186
1.270
1.185
0.535
0.576
0.616
1.509
1.587
1.524
1.254
1.255
1.272
0.920
0.984
0.944
1.138
1.296
1.222
1.495
1.629
1.589
1.154
1.232
1.179
1.280
1.370
1.319
0.506
0.607
0.428
0.691
0.551
0.669
0.744
0.765
0.753
0.818
0.885
0.859
0.757
0.832
0.767
0.757
0.848
0.774
1.313
1.331
1.299
0.897
1.024
0.912
1.097
1.341
1.174
0.964
1.082
1.032
0.817
0.924
0.844
0.431
0.617
0.486
0.728
0.776
0.780
0.647
0.765
0.695
0.537
0.662
0.572
0.722
0.763
0.736
1.097
1.561
1.504
1.182
1.368
1.286
2.696
2.769
2.616
0.824
0.956
0.900
0.609
0.771
0.713
0.820
1.014
0.914
1.023
1.084
1.079
2.034
2.104
1.945
0.727
0.784
0.750
1.203
1.333
1.226
2.507
2.539
2.486
1.074
1.191
1.187
0.912
1.033
0.976
0.644
0.652
0.564
0.856
1.032
0.920
1.546
1.768
1.661
1.881
2.070
1.961
1.990
2.126
2.005
0.914
0.977
0.903
0.971
1.088
1.046
0.820
0.957
0.748
1.021
1.615
1.080
0.653
0.748
0.686
0.636
0.842
0.667
0.521
0.567
0.408
1.073
1.315
1.189
0.920
1.077
0.979
0.493
0.697
0.534
1.146
1.295
1.185
1.327
1.374
1.310
0.588
0.944
0.505
0.789
0.867
0.851
0.825
0.839
0.790
0.907
1.012
0.884
0.877
0.929
0.917
0.497
0.577
0.493
0.554
0.635
0.555
1.147
1.613
1.205
1.053
1.074
1.054
0.541
0.665
0.570
1.806
1.850
1.637
1.343
1.620
1.411
2.468
2.459
2.358
0.754
0.803
0.577
0.612
0.731
0.711
0.761
0.858
0.840
0.936
1.373
1.141
0.975
1.032
0.889
1.503
1.608
1.507
0.696
0.892
0.759
0.981
1.199
1.255
0.758
0.846
0.809
1.177
1.297
1.167
0.682
0.738
0.695
1.386
1.522
1.400
0.740
0.877
0.875
1.033
1.098
0.989
0.955
0.915
0.863
0.567
0.835
0.787
1.117
1.178
1.114
0.849
1.100
0.815
1.874
1.906
1.875
0.890
0.997
0.975
1.585
1.645
1.454
1.364
1.391
1.184
1.397
1.445
1.333
0.725
0.832
0.740
1.673
1.702
1.648
0.903
1.076
1.181
0.611
0.594
0.588
1.634
1.727
1.620
1.810
1.877
1.797
0.867
1.265
1.255
1.905
1.907
1.865
0.611
0.699
0.614
0.567
0.627
0.548
0.359
0.481
0.410
0.554
0.626
0.576
1.145
1.318
1.112
0.875
0.976
0.950
1.290
1.643
1.052
0.924
0.983
0.966
0.834
0.874
0.829
1.069
1.120
1.087
1.232
1.319
1.196
1.255
1.389
1.427
0.802
0.872
0.881
0.476
0.593
0.524
0.628
0.752
0.675
0.783
0.950
0.725
0.913
0.994
0.928
0.476
0.593
0.524
0.411
0.554
0.479
0.476
0.593
0.524
1.675
1.704
1.658
1.157
1.229
1.144
1.480
1.530
1.479
1.143
1.292
1.253
0.646
0.712
0.668
1.133
1.243
1.156
1.085
1.146
1.027
0.483
0.563
0.453
1.492
1.562
1.490
2.448
2.627
2.558
0.824
1.020
0.912
0.486
0.727
0.554
1.524
1.537
1.506
1.108
1.262
1.158
0.885
1.131
0.931
0.745
0.831
0.800
0.680
0.771
0.752
0.907
1.159
1.005
1.368
1.327
1.385
1.169
1.349
1.079
0.885
1.006
0.923
0.360
0.500
0.462
1.354
1.517
1.429
0.770
0.815
0.785
0.501
0.654
0.566
0.945
0.995
0.930
0.560
0.731
0.611
0.969
1.001
0.908
0.833
1.023
0.878
1.583
1.636
1.492
1.774
1.814
1.799
2.052
2.224
2.068
0.813
0.931
0.725
0.883
1.090
1.072
0.510
0.639
0.590
0.911
0.924
0.813
1.445
1.623
1.478
1.659
1.682
1.667
1.287
1.351
1.324
1.287
1.351
1.324
1.185
1.273
1.262
1.539
1.569
1.372
1.803
1.897
1.818
1.433
1.447
1.322
1.175
1.282
1.208
1.203
1.525
1.403
1.031
1.076
1.070
0.747
0.931
0.734
2.315
2.643
2.451
1.157
1.263
1.173
0.361
0.426
0.412
2.704
2.730
2.627
1.098
1.299
1.175
1.061
1.439
1.195
0.655
1.067
0.935
2.021
2.105
1.993
1.593
1.623
1.563
0.699
0.913
0.827
1.072
1.081
0.847
1.710
1.755
1.625
1.347
1.546
1.436
1.544
1.646
1.635
1.097
1.136
0.975
0.886
1.002
0.966
0.909
1.020
0.959
1.885
1.955
1.938
1.007
1.130
1.063
0.816
0.994
0.895
0.705
0.831
0.714
1.283
1.373
1.295
1.029
1.085
0.871
1.645
1.722
1.643
1.294
1.321
1.188
1.349
1.462
1.382
1.882
1.978
1.923
0.807
0.841
0.786
0.964
1.040
0.961
1.278
1.336
1.011
1.274
1.412
1.331
0.470
0.538
0.415
1.492
1.621
1.429
1.472
1.408
1.377
1.561
1.581
1.382
1.542
1.636
1.496
1.870
1.927
1.914
1.537
1.667
1.572
0.927
1.094
1.084
1.387
1.490
1.397
1.624
1.732
1.663
0.559
0.742
0.597
0.625
0.748
0.622
1.890
2.188
2.179
1.470
1.565
1.449
0.749
0.792
0.710
0.878
1.022
0.944
3.443
3.515
3.104
3.015
3.268
3.120
1.328
1.382
1.257
1.564
1.622
1.637
0.585
0.830
0.775
0.781
0.954
0.838
0.556
0.732
0.609
0.958
1.116
1.034
1.024
1.191
1.150
0.830
1.191
0.787
0.830
1.102
0.823
0.685
1.005
0.855
1.597
1.555
1.530
1.389
1.617
1.513
0.590
0.583
0.183
0.702
0.900
0.720
1.107
1.151
1.038
1.443
1.522
1.500
2.015
2.155
2.082
1.864
1.971
1.909
1.571
1.642
1.604
1.054
1.149
1.061
1.288
1.457
1.327
0.678
0.840
0.765
1.337
1.257
0.963
1.833
1.859
1.861
1.213
1.272
1.142
1.190
1.325
1.249
0.725
0.999
0.798
0.515
0.534
0.583
0.967
1.107
1.065
0.831
0.677
0.606
1.009
0.996
0.925
1.275
1.226
1.197
1.269
1.455
1.226
0.616
0.678
0.618
1.210
1.287
1.021
0.666
0.720
0.706
1.318
1.425
1.303
0.699
0.891
0.711
0.695
0.711
0.653
1.341
1.393
1.316
1.642
1.738
1.639
0.897
1.027
0.925
0.859
1.054
0.958
0.849
1.389
0.971
2.074
2.181
2.161
1.540
1.670
1.562
0.841
0.877
0.593
1.793
1.880
1.854
1.125
1.214
1.209
1.112
1.195
1.265
1.803
1.838
1.816
1.527
1.792
1.619
0.808
0.940
0.782
0.808
0.940
0.782
0.789
0.942
0.910
0.719
1.093
0.992
0.757
1.178
0.860
1.660
1.809
1.748
0.473
0.572
0.823
0.531
0.760
0.668
1.638
1.684
1.566
0.655
0.854
0.758
0.907
1.046
1.021
0.898
0.865
0.829
0.502
0.613
0.545
0.533
0.648
0.619
0.869
1.010
0.927
0.469
0.771
0.557
0.857
0.925
0.862
1.107
1.241
1.097
0.858
1.010
0.779
0.888
0.939
0.912
1.519
1.587
1.544
1.304
1.445
1.360
0.860
0.911
0.865
0.596
0.655
0.598
1.179
1.189
1.110
0.976
1.310
0.983
0.842
0.926
1.004
1.097
1.228
1.070
1.097
1.284
1.228
1.543
1.645
1.634
1.153
1.268
1.163
1.132
1.221
1.210
1.165
1.580
1.384
2.410
2.471
2.426
0.939
1.104
1.030
0.896
1.090
0.890
1.291
1.388
1.272
0.588
0.764
0.651
1.012
1.136
1.080
0.469
0.587
0.515
0.874
0.929
0.796
1.371
1.387
1.349
0.686
0.812
0.676
0.699
0.854
0.679
0.594
0.660
0.547
1.741
1.871
1.758
0.882
0.973
0.866
1.077
1.202
1.046
1.474
1.526
1.602
0.658
0.746
0.699
2.419
2.528
2.418
0.993
1.104
0.955
1.341
1.461
1.402
0.816
0.957
0.865
0.938
1.009
0.955
1.445
1.461
1.411
1.415
1.870
1.722
1.210
1.260
1.202
0.823
1.077
0.902
1.050
1.099
1.018
0.842
1.018
0.870
2.058
2.118
2.094
1.535
1.659
1.509
0.796
1.071
0.868
1.065
1.161
1.124
0.751
0.734
0.714
0.677
0.749
0.694
0.689
0.732
0.645
0.760
0.960
0.939
1.507
1.499
1.459
0.499
0.638
0.444
1.464
1.522
1.432
1.078
1.264
1.411
0.881
0.974
0.898
1.121
1.195
1.100
1.306
1.482
1.358
0.775
0.862
0.788
1.442
1.492
1.448
1.390
1.413
1.362
1.365
1.524
1.509
1.122
1.206
1.164
1.034
1.146
1.093
0.469
0.587
0.515
1.005
1.046
1.026
1.658
1.866
1.669
1.157
1.203
1.194
1.531
1.494
1.488
1.132
1.222
1.062
1.315
1.465
1.371
1.405
1.442
1.406
0.853
0.956
0.898
0.816
1.045
0.980
0.827
0.921
0.796
0.931
0.882
0.877
0.771
0.860
0.775
0.856
1.070
0.861
0.769
0.978
0.832
1.634
1.890
2.013
0.753
0.832
0.770
0.665
0.701
0.591
1.065
2.349
1.613
0.948
1.043
0.861
2.806
2.830
2.777
0.538
0.644
0.565
0.611
0.630
0.504
0.615
0.709
0.612
0.702
0.778
0.699
0.459
0.610
0.515
1.575
1.620
1.674
0.255
0.420
0.361
1.168
1.296
1.236
0.686
0.844
0.750
0.927
1.054
0.936
0.488
0.605
0.537
1.614
1.628
1.544
1.087
1.167
1.183
1.096
1.462
1.215
1.102
1.107
1.016
0.979
1.166
1.041
1.208
1.297
1.206
1.635
1.711
1.654
0.535
0.662
0.551
1.858
1.948
1.684
1.760
1.853
1.974
0.843
0.957
0.788
0.577
0.882
0.728
0.297
0.395
0.344
0.606
0.784
0.684
1.785
1.811
1.739
0.638
0.835
0.805
0.506
0.790
0.579
1.582
1.611
1.556
0.642
0.710
0.715
0.702
0.819
0.722
1.301
1.301
1.231
1.112
1.194
1.143
1.126
1.325
1.179
0.727
0.809
0.660
0.835
0.991
0.816
1.031
1.180
1.100
0.699
0.744
0.716
1.110
1.212
1.086
1.271
1.383
1.103
1.589
1.967
1.918
1.636
1.658
1.569
1.750
1.728
1.804
0.636
0.674
0.619
1.112
1.135
1.098
1.632
1.694
1.552
1.495
1.676
1.467
1.264
1.385
1.343
0.961
1.196
0.913
1.088
1.051
0.971
1.367
1.386
1.335
1.816
1.901
1.875
1.214
1.548
1.343
2.358
2.520
2.426
1.871
1.840
1.641
0.594
0.723
0.632
0.666
0.809
0.621
1.029
1.028
1.012
1.202
1.369
1.168
0.763
0.845
0.802
1.317
1.341
1.309
1.170
1.263
1.178
0.738
0.890
0.810
0.835
0.912
0.822
0.988
1.037
1.261
0.931
0.987
0.891
1.503
1.640
1.501
2.076
2.338
2.155
0.802
0.832
0.802
0.885
0.988
0.911
1.169
1.241
1.279
0.805
1.183
1.040
0.699
0.945
0.548
1.045
1.149
1.045
0.645
0.764
0.659
0.664
0.814
0.721
0.894
1.142
1.068
1.211
1.453
1.289
1.015
1.147
1.051
1.799
2.012
1.970
1.069
1.211
1.153
1.652
1.768
1.676
0.862
0.965
0.930
1.267
1.389
1.305
0.741
0.916
0.779
1.490
1.573
1.448
1.073
1.092
0.992
0.707
0.858
0.804
1.913
1.965
1.881
0.489
0.685
0.519
1.220
1.302
1.028
1.269
1.283
1.211
0.739
0.780
0.701
0.857
0.841
0.534
0.822
1.133
0.924
0.883
1.015
0.950
1.086
1.222
1.120
1.944
2.020
1.960
0.928
1.284
1.049
1.528
1.578
1.556
0.819
0.853
0.774
1.662
1.752
1.759
0.685
0.875
0.848
1.173
1.427
1.322
1.263
1.392
1.279
0.982
1.166
1.151
1.143
1.362
1.165
1.143
1.390
1.276
1.759
1.788
1.729
1.167
1.167
1.158
1.925
1.946
1.935
1.110
1.194
1.100
1.526
1.536
1.504
1.875
1.946
1.883
1.929
1.938
1.904
2.223
2.305
2.239
1.465
1.789
1.471
0.725
0.895
0.665
1.618
1.419
1.855
0.869
0.931
0.788
0.770
0.869
0.629
2.065
2.090
2.042
0.920
0.940
0.803
1.347
1.414
1.368
0.689
0.806
0.660
0.830
1.129
0.913
0.992
0.956
0.800
0.931
1.233
1.186
0.820
0.829
0.829
1.139
1.493
1.368
1.344
1.637
1.304
1.305
1.260
1.144
1.102
1.113
1.296
1.193
1.204
0.965
0.681
1.096
0.624
1.273
1.322
1.289
0.879
0.900
0.749
0.736
0.881
0.764
0.928
1.167
1.001
1.635
1.711
1.565
0.856
1.142
1.032
1.116
1.504
1.287
1.530
1.762
1.462
1.107
1.227
1.189
0.794
0.829
0.722
0.841
0.902
0.830
0.916
1.377
1.004
0.981
1.063
1.048
1.152
1.554
1.290
0.457
0.679
0.530
1.502
1.251
1.291
2.046
2.083
1.992
1.171
1.223
1.207
0.492
0.665
0.541
1.371
1.581
1.495
1.040
1.217
1.166
1.088
1.289
1.231
1.312
1.541
1.406
1.716
1.901
1.884
2.636
2.570
2.644
1.710
1.811
1.725
1.439
1.524
1.465
0.798
0.917
0.867
1.727
1.789
1.707
1.282
1.331
1.259
1.076
1.800
1.009
1.560
1.717
1.638
1.329
1.943
2.158
0.646
0.787
0.719
1.682
1.725
1.553
1.651
1.758
1.752
0.774
0.825
0.783
1.843
1.903
1.839
1.180
1.257
1.267
1.709
1.787
1.702
1.187
1.217
1.111
0.987
1.087
0.942
1.678
1.782
1.636
0.771
0.851
0.864
1.497
1.612
1.511
1.366
1.298
1.292
1.315
1.397
1.224
0.751
0.801
0.766
1.594
1.731
1.573
1.745
1.853
1.754
0.669
0.943
0.753
0.646
0.763
0.738
0.527
0.614
0.585
1.550
1.434
1.302
0.647
0.865
0.713
0.490
0.590
0.458
0.431
0.519
0.420
0.550
0.656
0.533
1.630
1.764
1.627
1.037
1.092
0.940
0.660
0.776
0.690
1.272
1.465
1.355
1.539
1.826
1.581
0.763
1.020
0.772
0.907
1.021
1.175
1.716
1.925
1.836
1.782
1.843
1.712
1.272
1.441
1.132
1.815
2.032
1.995
1.426
1.505
1.464
0.608
0.722
0.794
0.661
0.823
0.708
0.670
0.877
0.595
1.018
1.114
1.095
0.877
0.888
0.908
0.959
1.139
1.072
0.707
0.806
0.746
0.460
0.599
0.543
1.383
1.500
1.437
1.642
1.830
1.641
2.067
2.098
1.799
2.029
2.094
2.010
0.783
0.932
0.820
1.674
1.665
1.645
0.858
1.286
0.952
0.852
0.900
0.837
1.019
1.044
1.026
1.265
1.823
1.183
1.067
1.396
1.205
1.362
1.372
1.302
0.633
0.671
0.654
0.808
0.890
0.860
0.695
0.803
0.768
0.665
1.025
0.773
0.794
0.802
0.744
0.534
0.674
0.541
0.507
0.486
0.504
0.540
0.783
0.631
0.807
0.886
0.843
0.801
0.955
0.834
1.358
1.487
1.278
1.234
1.357
1.436
0.950
1.066
1.050
1.208
1.277
1.252
0.806
0.783
0.799
1.018
1.059
1.012
1.381
1.527
1.436
0.723
0.755
0.751
0.686
0.850
0.708
1.252
1.326
1.294
0.686
0.825
0.736
1.140
1.153
1.134
0.796
0.914
0.906
0.939
1.017
0.971
2.061
1.967
1.930
1.210
1.448
1.286
1.215
1.280
1.279
1.005
1.073
1.361
0.930
1.146
0.859
1.784
1.870
1.855
0.307
0.660
0.590
0.599
0.756
0.640
1.163
1.253
1.208
1.129
1.220
1.166
0.995
1.111
1.073
1.224
1.297
1.150
0.849
1.456
0.979
0.728
0.924
0.822
0.843
0.943
0.831
1.384
1.400
1.277
0.849
0.979
0.746
1.454
1.669
1.390
0.396
0.487
0.378
0.623
0.959
0.741
1.748
1.753
1.675
0.588
0.718
0.624
0.803
0.960
0.895
0.748
0.872
0.766
0.993
1.189
1.078
0.821
0.938
0.878
0.546
0.719
0.693
0.788
0.811
0.784
0.926
0.987
0.961
1.076
1.153
1.094
1.233
1.492
1.293
0.993
1.133
1.045
0.677
0.725
0.680
1.553
1.617
1.510
1.225
1.410
1.368
1.394
1.374
1.198
1.410
1.529
1.532
0.550
0.667
0.558
0.825
1.012
0.837
0.917
1.049
0.943
0.923
0.981
0.799
1.273
1.439
1.341
0.999
1.017
1.042
0.379
0.563
0.338
0.805
0.933
0.846
0.891
1.058
1.003
0.668
0.836
0.726
1.310
1.401
1.331
1.083
1.383
1.224
0.841
0.921
0.812
1.374
1.456
1.302
0.855
0.911
0.833
1.298
1.333
1.261
0.783
0.847
0.681
1.830
1.856
1.685
0.717
0.878
0.773
0.652
0.731
0.639
2.157
2.190
2.151
0.859
0.990
0.944
0.879
1.004
0.947
0.765
0.905
0.771
0.915
0.977
0.747
1.087
1.232
1.099
2.080
2.141
2.058
1.169
1.343
1.166
0.923
1.072
0.904
1.223
1.256
1.181
0.905
1.059
0.939
0.786
0.835
0.801
0.523
0.602
0.562
0.833
0.857
0.686
1.115
1.107
0.888
1.253
1.265
0.941
0.831
0.965
0.910
0.374
0.461
0.392
0.611
0.663
0.624
1.495
1.565
1.488
1.224
1.212
1.226
1.390
1.448
1.404
1.164
1.176
1.184
0.773
0.966
0.822
0.802
0.839
0.687
0.884
1.396
0.935
1.162
1.130
1.006
1.607
1.685
1.637
1.859
1.984
1.757
0.497
0.550
0.533
0.979
1.010
1.010
0.516
0.629
0.535
1.397
1.566
1.407
2.370
2.341
2.094
0.662
0.748
0.657
1.504
1.571
1.565
0.625
0.731
0.620
1.070
1.138
1.119
1.341
1.411
1.342
1.765
1.863
1.812
1.663
1.725
1.684
0.998
1.066
1.075
1.104
1.144
1.094
2.527
2.587
2.544
0.745
0.839
0.713
1.177
1.199
1.199
1.162
1.354
1.171
1.551
1.647
1.584
1.459
1.602
1.526
1.089
1.136
1.002
1.061
1.155
1.065
1.348
1.464
1.322
1.291
1.204
1.034
1.058
1.161
0.914
0.936
1.130
1.042
1.245
1.275
1.126
1.515
1.525
1.482
1.765
1.780
1.598
1.004
1.072
1.010
0.853
1.030
1.201
1.388
1.426
1.164
1.083
1.572
1.322
1.306
1.361
1.219
1.115
1.334
1.175
2.014
2.018
2.065
0.359
0.736
0.591
1.373
1.430
1.366
1.680
1.726
1.758
0.599
0.791
0.998
1.707
1.830
1.808
1.730
1.828
1.799
0.851
0.865
0.809
0.950
0.985
0.960
1.406
1.442
1.440
1.290
1.297
1.225
0.801
0.906
0.790
1.342
1.457
1.296
0.788
0.871
1.135
1.292
1.351
1.105
1.244
1.318
1.216
0.593
0.713
0.598
1.234
1.425
1.360
1.914
2.000
1.965
2.523
2.521
2.488
0.969
1.096
0.964
0.691
0.812
0.767
0.876
0.974
0.873
1.085
1.206
1.018
1.290
1.356
1.345
1.151
1.205
1.152
1.819
1.857
1.850
1.801
1.825
1.719
1.174
1.181
1.240
0.720
0.791
0.774
0.618
0.689
0.681
0.852
0.902
0.865
1.943
2.070
1.914
0.966
1.011
0.801
1.403
1.432
1.409
2.093
2.101
1.959
1.568
1.621
1.539
1.850
1.948
1.897
1.685
1.969
1.799
1.292
1.423
1.344
0.657
0.723
0.712
0.847
1.185
0.924
1.956
1.991
1.903
1.001
1.070
0.980
1.051
1.237
0.959
0.824
1.085
0.964
0.911
0.966
0.845
0.826
1.169
1.089
1.306
1.665
1.369
0.604
1.132
0.594
0.851
1.011
0.914
1.108
1.258
1.148
0.873
0.985
0.957
0.754
0.864
0.788
1.122
1.203
0.937
0.743
0.778
0.660
1.332
1.403
1.297
1.638
1.683
1.625
1.408
1.487
1.531
1.485
1.717
1.586
0.974
1.087
1.045
0.791
0.881
0.777
0.442
0.645
0.434
0.629
0.685
0.622
1.861
1.940
1.892
1.000
1.550
1.237
0.759
0.818
0.678
0.811
0.898
0.741
0.978
1.142
0.990
0.616
0.725
0.629
0.794
0.992
0.838
0.644
0.697
0.560
1.112
1.294
1.188
0.675
0.679
0.667
1.481
1.395
1.440
1.655
1.784
1.633
1.360
1.449
1.268
1.308
1.446
1.506
0.897
0.995
0.941
0.845
0.850
0.769
0.889
1.023
0.909
0.514
0.628
0.496
0.914
0.997
0.943
1.025
1.117
1.106
1.110
1.361
1.102
1.458
1.507
1.478
0.820
0.928
0.852
1.527
1.870
1.610
1.414
1.635
1.502
0.656
0.629
0.593
0.682
0.745
0.675
0.589
0.760
0.598
1.479
2.592
1.699
1.649
1.665
1.675
0.415
0.516
0.453
1.325
1.357
1.272
0.909
1.002
0.879
0.836
0.947
0.902
2.437
2.456
2.470
1.390
1.331
1.342
1.694
1.766
1.555
