1.481
1.473
1.506
1.409
1.414
1.433
1.518
1.458
1.568
1.635
1.652
1.675
2.812
2.832
2.812
1.758
1.721
1.761
1.048
1.121
1.072
2.381
2.423
2.403
2.877
2.921
2.920
2.449
2.551
2.555
1.993
1.988
1.996
0.789
0.884
0.872
1.324
1.443
1.395
1.612
1.667
1.601
0.790
0.868
0.835
0.889
0.932
0.902
0.473
0.613
0.535
1.677
1.691
1.698
1.488
1.522
1.523
2.397
2.472
2.421
1.541
1.568
1.558
2.247
2.329
2.293
0.855
0.889
0.911
2.243
2.321
2.221
0.999
1.164
1.147
1.493
1.497
1.495
1.374
1.360
1.420
0.798
0.792
0.790
0.902
0.938
0.950
0.825
0.840
0.844
1.012
1.005
1.087
2.302
2.346
2.352
1.116
1.162
1.156
2.099
2.082
2.117
1.108
1.096
1.117
2.543
2.605
2.586
1.763
1.695
1.719
1.138
1.184
1.195
1.830
1.861
1.870
1.048
1.055
1.049
1.754
1.843
1.869
1.097
1.083
1.091
2.337
2.289
2.334
1.888
1.989
2.010
1.057
1.114
1.100
1.625
1.647
1.617
1.206
1.291
1.201
0.697
0.738
0.739
1.473
1.546
1.537
1.112
1.115
1.145
1.539
1.515
1.519
2.379
2.409
2.400
1.553
1.587
1.598
2.450
2.495
2.503
1.633
1.729
1.730
1.402
1.464
1.472
2.205
2.218
2.224
0.432
0.523
0.538
1.304
1.303
1.311
2.743
2.746
2.879
1.240
1.232
1.257
2.326
2.375
2.380
2.000
2.041
2.105
0.872
1.044
0.898
1.863
1.953
2.030
0.881
0.901
0.892
2.042
2.038
2.052
2.135
2.223
2.225
1.176
1.433
1.423
2.540
2.518
2.571
1.621
1.641
1.643
0.789
0.789
0.792
2.438
2.460
2.491
2.710
2.730
2.717
1.790
1.863
1.894
1.450
1.495
1.501
1.788
1.849
1.838
1.941
1.961
1.970
1.694
1.726
1.763
1.415
1.446
1.480
2.947
3.012
2.985
2.556
2.509
2.516
0.677
0.687
0.731
1.233
1.285
1.317
2.112
2.186
2.243
0.630
0.696
0.687
1.182
1.086
1.198
1.974
1.963
1.974
1.096
1.086
1.137
1.545
1.593
1.575
1.356
1.309
1.337
1.796
1.856
1.852
1.141
1.163
1.163
1.289
1.339
1.383
1.874
1.863
1.878
0.841
0.868
0.894
1.690
1.663
1.791
0.922
0.961
0.938
1.089
1.070
1.080
1.140
1.131
1.169
1.585
1.632
1.699
3.050
3.019
3.146
2.144
2.196
2.193
1.989
2.020
2.031
1.023
1.058
1.059
0.814
0.820
0.841
2.487
2.458
2.492
0.787
1.059
0.909
3.379
3.349
3.380
0.883
0.933
0.947
1.777
1.756
1.743
1.846
1.779
1.812
1.835
1.801
1.823
1.405
1.414
1.391
3.076
3.096
3.109
1.301
1.323
1.315
3.574
3.602
3.678
0.752
0.748
0.770
1.320
1.357
1.344
1.227
1.266
1.269
2.282
2.346
2.323
1.365
1.339
1.374
1.987
1.872
1.991
0.819
0.831
0.841
3.827
3.819
3.881
0.748
0.816
0.753
1.533
1.524
1.527
1.434
1.431
1.438
1.545
1.598
1.602
1.947
1.943
1.953
2.442
2.497
2.487
2.578
2.544
2.575
1.946
1.943
1.948
1.766
1.836
1.841
0.950
1.018
0.996
0.505
0.550
0.590
1.147
1.272
1.356
1.454
1.481
1.491
1.189
1.148
1.185
1.103
1.117
1.132
0.356
0.407
0.407
0.968
0.935
0.961
2.651
2.750
2.694
1.154
1.113
1.140
1.175
1.173
1.172
1.127
1.175
1.212
1.127
1.264
1.191
2.032
2.067
2.062
1.174
1.223
1.231
0.918
0.910
0.918
1.216
1.198
1.240
1.425
1.408
1.347
1.598
1.604
1.638
1.421
1.474
1.440
0.697
0.698
0.719
2.485
2.463
2.535
0.498
0.541
0.547
1.041
1.015
1.030
1.965
1.988
1.995
1.123
1.226
1.273
1.691
1.680
1.691
1.764
1.773
1.774
2.456
2.511
2.505
1.547
1.572
1.559
1.850
1.909
1.981
1.184
1.214
1.205
1.607
1.668
1.650
0.692
0.774
0.750
0.443
0.537
0.491
0.981
1.088
1.020
0.660
0.728
0.719
1.006
1.024
1.044
0.913
0.980
0.946
1.051
1.102
1.093
0.722
0.686
0.710
1.279
1.354
1.356
2.221
2.208
2.231
3.146
3.128
3.133
1.309
1.453
1.341
1.716
1.772
1.746
0.405
0.424
0.437
1.443
1.465
1.479
1.211
1.531
1.509
1.856
1.865
1.859
1.972
1.985
1.995
0.831
0.855
0.850
1.872
2.022
1.856
1.872
2.002
1.856
1.872
1.973
1.856
1.586
1.642
1.655
1.445
1.506
1.483
2.458
2.430
2.457
2.198
2.144
2.210
1.271
1.295
1.298
1.202
1.251
1.311
2.035
2.069
2.077
1.821
1.791
1.809
1.307
1.391
1.353
1.315
1.422
1.360
1.258
1.230
1.292
1.693
1.701
1.710
1.550
1.599
1.593
1.371
1.368
1.423
1.421
1.465
1.474
1.444
1.429
1.462
1.934
1.933
1.949
1.048
1.217
1.188
0.815
0.845
0.833
1.397
1.441
1.419
1.635
1.699
1.648
1.973
2.013
2.015
1.368
1.484
1.488
0.866
0.905
0.921
1.192
1.277
1.253
2.159
2.174
2.143
2.588
2.596
2.643
2.562
2.644
2.744
1.253
1.291
1.286
2.253
2.166
2.201
2.426
2.469
2.481
3.111
3.108
3.138
1.353
1.387
1.403
0.958
0.937
0.942
1.144
1.161
1.127
1.065
1.101
1.104
1.864
1.927
1.895
1.499
1.497
1.537
2.181
2.024
2.084
2.455
2.461
2.466
2.349
2.297
2.343
2.433
2.368
2.405
0.932
0.996
1.012
1.317
1.379
1.392
1.434
1.589
1.529
1.724
1.755
1.731
1.756
1.876
1.933
1.308
1.323
1.331
0.477
0.512
0.519
2.058
2.090
1.980
1.161
1.166
1.114
0.691
0.927
0.788
1.821
1.859
1.854
1.264
1.279
1.325
1.351
1.409
1.379
0.979
1.055
1.084
0.997
1.047
1.069
1.338
1.387
1.382
2.180
2.255
2.323
0.644
0.666
0.742
2.070
1.961
2.097
1.886
1.833
1.876
1.953
1.964
1.957
1.729
1.764
1.803
2.478
2.527
2.513
0.628
0.665
0.673
2.293
2.327
2.335
3.224
3.370
3.351
1.953
2.036
1.974
1.678
1.684
1.745
1.238
1.183
1.241
0.888
0.887
0.891
1.748
1.756
1.734
0.769
0.805
0.783
0.886
0.945
0.949
0.870
0.901
0.910
2.003
1.936
2.044
1.633
1.652
1.639
1.268
1.261
1.310
2.605
2.576
2.592
1.445
1.466
1.452
0.742
0.820
0.851
2.000
1.958
2.007
0.758
0.841
0.829
1.071
1.047
1.129
2.020
1.971
2.100
2.869
2.894
2.903
2.416
2.399
2.444
1.037
0.986
0.990
0.536
0.638
0.628
2.018
2.073
2.086
2.044
2.072
2.042
0.818
0.827
0.833
1.542
1.534
1.604
0.925
0.956
0.850
0.947
0.985
0.996
1.258
1.265
1.292
1.509
1.545
1.536
1.415
1.430
1.417
1.357
1.388
1.385
2.010
2.018
1.998
2.010
2.018
1.998
1.017
1.102
1.157
1.962
1.936
1.964
1.027
1.061
1.046
1.177
1.134
1.206
1.717
1.742
1.739
1.022
1.087
1.078
1.203
1.240
1.220
1.684
1.731
1.723
0.789
0.809
0.818
2.896
2.892
2.882
1.311
1.277
1.333
0.967
0.999
0.994
0.602
0.605
0.619
1.356
1.377
1.524
1.891
1.920
1.917
2.453
2.473
2.541
1.968
1.982
1.984
2.595
2.636
2.624
0.872
0.844
0.915
1.132
1.173
1.238
1.063
1.124
1.064
0.946
1.026
1.060
1.197
1.155
1.208
2.336
2.377
2.296
0.565
0.672
0.687
4.003
4.026
4.012
0.672
0.625
0.673
0.849
0.879
0.881
1.094
1.132
1.163
0.941
0.960
0.976
1.631
1.671
1.666
1.070
1.141
1.092
2.503
2.477
2.495
1.535
1.645
1.608
0.708
0.794
0.829
2.284
2.262
2.274
2.067
2.006
2.114
2.048
2.069
2.050
2.742
2.742
2.732
1.576
1.656
1.521
0.895
0.933
0.905
0.976
0.958
0.957
1.111
0.986
1.121
1.214
1.265
1.256
1.440
1.406
1.460
1.702
1.688
1.745
1.715
1.643
1.731
2.721
2.673
2.722
2.132
2.205
2.178
1.359
1.518
1.643
2.131
2.203
2.232
2.809
2.778
2.801
2.567
2.555
2.581
1.850
1.842
1.870
2.344
2.401
2.418
2.067
2.124
2.112
0.398
0.430
0.445
0.981
1.029
1.091
1.259
1.245
1.249
1.423
1.404
1.458
1.208
1.278
1.292
1.596
1.609
1.602
2.685
2.648
2.731
1.505
1.535
1.521
0.611
0.654
0.701
0.850
0.966
0.959
1.591
1.749
1.706
1.561
1.599
1.594
2.311
2.270
2.304
1.533
1.607
1.557
1.606
1.611
1.553
2.024
2.033
2.092
1.605
1.675
1.643
2.090
2.047
2.087
4.236
4.259
4.326
0.653
0.721
0.697
2.320
2.174
2.271
1.729
1.677
1.751
0.401
0.530
0.512
1.665
1.642
1.645
2.295
2.264
2.266
1.359
1.359
1.365
1.584
1.578
1.586
1.229
1.687
1.677
1.697
1.716
1.724
1.681
1.696
1.708
2.368
2.363
2.390
2.756
2.723
2.737
2.265
2.275
2.287
1.914
1.953
1.952
2.038
2.124
2.065
1.037
1.120
1.115
1.248
1.282
1.310
1.343
1.485
1.336
1.766
1.725
1.744
1.364
1.337
1.362
1.151
1.250
1.241
1.982
1.873
1.966
2.588
2.637
2.651
1.407
1.442
1.688
2.990
2.966
2.975
0.970
1.334
1.131
1.349
1.974
2.018
1.041
1.068
1.068
0.836
0.910
0.864
2.377
2.422
2.460
2.511
2.492
2.509
1.329
1.390
1.393
0.627
0.635
0.617
1.689
1.697
1.776
0.902
0.965
1.085
1.119
1.200
1.195
1.531
1.529
1.545
1.433
1.442
1.464
1.465
1.515
1.516
1.889
1.913
1.936
0.570
0.624
0.629
0.851
0.984
0.974
1.428
1.482
1.464
1.913
1.907
1.896
1.610
1.693
1.628
1.954
1.939
1.960
1.650
1.761
1.738
0.942
0.973
1.038
0.947
0.983
1.020
1.360
1.373
1.390
2.141
2.103
2.153
1.184
1.242
1.244
1.057
1.065
1.047
1.207
1.293
1.255
0.725
0.777
0.792
1.736
1.946
1.850
1.370
1.303
1.377
1.975
2.033
2.035
1.561
1.723
1.783
2.259
2.227
2.252
1.748
1.788
1.779
1.821
1.835
1.814
1.038
1.075
1.055
2.269
2.261
2.266
1.416
1.472
1.469
2.400
2.467
2.447
1.414
1.390
1.418
1.357
1.414
1.394
0.754
0.865
0.858
1.529
1.605
1.531
1.165
1.180
1.191
1.651
1.684
1.672
1.443
1.373
1.423
2.064
2.024
2.119
2.105
2.039
2.091
1.624
1.592
1.641
2.633
2.620
2.673
1.236
1.276
1.251
1.236
1.276
1.251
2.510
2.534
2.536
1.631
1.640
1.644
1.379
1.392
1.394
1.413
1.442
1.449
1.939
1.960
1.964
2.582
2.624
2.611
1.631
1.640
1.644
1.735
1.739
1.762
2.375
2.428
2.390
0.809
0.830
0.823
3.535
3.506
3.524
0.912
0.968
0.948
1.730
1.735
1.753
1.539
1.595
1.575
1.421
1.438
1.418
1.531
1.541
1.564
1.037
1.143
1.116
1.439
1.451
1.481
1.779
1.789
1.795
1.448
1.519
1.551
1.187
1.194
1.233
0.858
0.889
0.866
2.391
2.338
2.423
1.796
1.818
1.760
1.500
1.584
1.594
1.366
1.362
1.392
3.080
3.164
3.162
1.340
1.361
1.366
1.823
2.070
1.829
2.085
2.171
2.122
1.300
1.325
1.333
1.925
1.898
1.945
0.983
1.029
1.028
0.766
0.920
0.924
2.540
2.526
2.533
2.123
2.292
2.222
2.617
2.670
2.658
2.171
2.197
2.198
2.015
2.056
2.006
1.316
1.311
1.323
1.240
1.262
1.229
3.003
3.068
3.230
0.837
0.809
0.815
0.381
0.578
0.486
0.439
0.418
0.503
1.952
1.938
1.942
1.925
1.941
1.977
1.601
1.633
1.638
1.580
1.535
1.587
0.904
1.036
1.053
1.334
1.363
1.368
2.243
2.207
2.230
0.997
1.109
1.111
1.219
1.247
1.245
1.220
1.271
1.246
1.621
1.675
1.723
1.691
1.722
1.684
2.343
2.319
2.285
3.186
3.169
3.180
1.682
1.583
1.694
1.214
1.291
1.264
0.795
0.852
0.856
0.795
0.852
0.856
2.638
2.710
2.713
2.855
2.839
2.890
2.291
2.284
2.335
0.959
0.923
1.000
1.821
2.004
1.955
1.143
1.238
1.264
1.300
1.350
1.337
0.889
0.932
0.956
1.445
1.477
1.490
0.975
1.073
1.051
1.122
1.116
1.141
1.739
1.826
1.755
2.274
2.333
2.307
1.606
1.606
1.610
1.928
1.929
1.945
1.715
1.689
1.741
0.431
0.597
0.574
2.091
2.084
2.095
1.418
1.501
1.476
2.322
2.437
2.487
2.004
2.024
1.987
2.743
2.784
2.764
1.504
1.533
1.532
2.276
2.382
2.328
2.276
2.389
2.328
1.774
1.769
1.774
1.985
2.008
1.992
1.567
1.721
1.701
2.831
2.888
2.846
0.879
0.880
0.948
2.560
2.506
2.547
1.126
1.054
1.138
3.287
3.246
3.271
1.301
1.326
1.311
1.069
1.222
1.174
2.654
2.705
2.697
2.372
2.441
2.434
2.715
2.740
2.745
2.255
2.316
2.282
1.142
1.124
1.140
1.937
1.972
1.948
1.263
1.222
1.269
1.688
1.812
1.733
2.803
2.803
2.796
2.109
2.097
2.094
2.348
2.278
2.327
1.061
1.052
1.064
2.711
2.656
2.712
2.711
2.660
2.714
0.485
0.501
0.520
0.936
0.948
0.811
1.474
1.503
1.521
1.113
1.128
1.124
1.176
1.102
1.172
1.582
1.715
1.724
0.407
0.488
0.497
0.694
0.790
0.777
2.023
1.985
2.032
1.070
1.089
1.081
0.858
0.862
0.940
1.896
1.886
1.934
1.332
1.391
1.405
0.716
0.708
0.738
0.285
0.320
0.313
1.426
1.534
1.560
2.124
2.252
2.156
2.257
2.301
2.269
1.095
1.062
1.090
1.291
1.312
1.354
1.240
1.286
1.291
0.714
0.890
0.924
1.217
1.224
1.207
1.364
1.395
1.378
1.223
1.322
1.290
1.099
1.125
1.133
1.093
1.159
1.106
1.622
1.657
1.638
2.629
2.680
2.661
2.625
2.712
2.682
1.361
1.350
1.407
0.761
0.797
0.779
0.680
0.700
0.701
1.173
1.266
1.224
3.913
3.855
3.869
0.975
1.040
0.969
0.723
0.745
0.754
1.841
1.924
2.028
1.021
1.057
1.067
2.142
2.193
2.210
0.591
0.617
0.608
0.698
0.753
0.761
1.494
1.558
1.549
1.560
1.509
1.551
2.815
2.807
2.809
1.369
1.402
1.399
2.429
2.553
2.648
2.196
2.252
2.215
1.329
1.356
1.362
0.863
0.907
0.915
1.815
1.818
1.824
1.618
1.733
1.731
1.044
1.060
1.054
1.649
1.645
1.680
2.512
2.574
2.546
1.796
1.738
1.755
1.159
1.234
1.259
0.811
0.809
0.855
0.665
0.731
0.731
1.702
1.752
1.731
2.808
2.852
2.869
0.872
0.940
0.947
0.360
0.339
0.382
0.676
0.690
0.699
0.708
0.819
0.741
0.708
0.827
0.741
1.195
1.212
1.224
2.645
2.691
2.709
1.677
1.690
1.713
1.106
1.197
1.159
1.359
1.429
1.362
2.496
2.513
2.487
1.728
1.744
1.791
2.085
2.122
2.143
1.445
1.464
1.495
1.586
1.763
1.767
0.465
0.453
0.499
1.370
1.442
1.426
1.000
0.987
1.026
0.776
0.823
0.819
1.149
1.279
1.259
1.107
1.162
1.148
1.715
1.689
1.719
0.663
0.749
0.829
0.891
0.953
0.935
1.480
1.499
1.527
1.211
1.206
1.259
3.591
3.631
3.705
1.349
1.376
1.378
0.433
0.495
0.512
0.872
0.843
0.887
0.910
0.971
0.861
1.529
1.576
1.595
1.436
1.443
1.426
3.450
3.740
3.724
0.410
0.522
0.513
2.527
2.596
2.601
1.050
1.097
1.123
1.115
1.138
1.069
2.475
2.555
2.536
1.743
1.751
1.756
1.449
1.480
1.480
2.014
2.000
2.020
2.220
2.240
2.232
0.791
0.761
0.763
1.392
1.405
1.399
2.123
2.104
2.123
1.958
1.848
1.839
2.516
2.516
2.486
2.058
2.118
2.093
0.686
0.695
0.683
3.180
3.166
3.174
1.109
1.113
1.116
0.612
0.999
0.997
1.820
2.013
1.856
1.327
1.377
1.380
1.146
1.138
1.155
1.097
1.149
1.139
1.678
1.740
1.779
2.314
2.416
2.411
2.292
2.289
2.292
0.576
0.623
0.633
1.888
1.908
1.995
1.809
1.760
1.774
2.078
2.094
2.093
1.853
1.804
1.832
0.658
0.714
0.701
1.461
1.436
1.452
1.304
1.616
1.677
0.550
0.576
0.555
2.891
2.864
2.886
1.388
1.397
1.406
1.152
1.147
1.174
1.851
1.833
1.847
2.039
2.044
2.068
0.970
0.970
0.985
2.422
2.417
2.418
3.153
3.192
3.218
1.601
1.509
1.611
2.444
2.513
2.523
1.885
1.895
1.823
0.642
0.807
0.709
0.654
0.713
0.700
4.256
4.189
4.324
2.964
2.937
2.918
1.301
1.383
1.282
1.898
1.960
1.942
1.505
1.465
1.521
1.578
1.596
1.574
1.433
1.485
1.486
0.846
0.982
1.018
1.249
1.255
1.257
0.743
0.767
0.763
2.768
2.780
2.781
2.079
2.060
2.057
1.556
1.548
1.619
1.637
1.689
1.724
0.840
0.957
0.909
0.840
0.987
0.909
1.176
1.285
1.204
1.388
1.461
1.469
1.215
1.267
1.193
1.215
1.256
1.190
1.250
1.281
1.253
1.122
1.142
1.134
1.250
1.271
1.270
1.876
1.868
1.881
1.690
1.738
1.751
0.825
0.960
0.892
0.758
0.804
0.794
3.756
3.755
3.837
1.958
1.954
1.985
0.698
0.733
0.703
1.119
1.085
1.146
0.838
0.845
0.813
0.838
0.845
0.813
1.063
1.082
1.103
0.726
0.732
0.731
0.842
0.868
0.871
2.344
2.319
2.354
0.903
0.858
0.867
1.068
1.090
1.067
2.466
2.600
2.424
0.564
0.653
0.621
1.143
1.235
1.185
0.581
0.633
0.654
2.189
2.212
2.212
2.254
2.317
2.346
1.099
1.195
1.133
1.088
1.160
1.120
1.221
1.309
1.279
1.976
2.056
2.005
1.661
1.570
1.739
0.626
0.607
0.614
0.360
0.426
0.398
1.629
1.597
1.647
1.984
2.032
2.018
3.092
3.121
3.168
0.752
0.814
0.780
1.266
1.100
1.299
1.883
1.814
1.995
1.191
1.209
1.230
2.001
2.011
1.996
1.899
1.844
1.869
1.168
1.195
1.162
1.193
1.326
1.313
2.379
2.387
2.394
2.230
2.326
2.271
2.221
2.223
2.201
1.084
1.092
1.109
1.439
1.442
1.434
0.936
0.985
0.994
0.689
0.724
0.747
0.999
1.020
1.024
1.636
1.633
1.617
0.840
0.904
0.894
0.918
1.018
0.981
0.536
0.650
0.673
0.701
0.754
0.685
1.657
1.755
1.722
1.443
1.498
1.498
1.969
2.057
2.316
2.119
2.206
2.461
1.969
2.057
2.316
2.119
2.206
2.461
2.119
2.206
2.461
1.969
2.057
2.316
1.919
2.003
2.220
1.212
1.215
1.231
1.694
1.719
1.696
0.690
0.688
0.706
1.875
1.850
1.850
1.546
1.616
1.607
1.995
2.048
2.077
0.637
0.697
0.741
0.946
0.956
0.951
1.035
1.028
1.039
1.055
1.088
1.061
2.180
2.265
2.564
1.764
1.733
1.740
1.290
1.345
1.312
0.667
0.755
0.643
1.222
1.178
1.174
1.416
1.430
1.429
1.724
1.774
1.747
0.779
0.843
0.869
1.308
1.317
1.316
1.077
1.305
1.291
0.802
0.972
0.835
1.128
1.147
1.180
1.261
1.281
1.307
1.960
1.952
1.962
1.348
1.326
1.392
1.228
1.262
1.312
1.375
1.378
1.357
1.697
1.755
1.772
1.864
1.945
1.937
1.864
1.945
1.937
1.572
1.652
1.651
1.422
1.383
1.445
1.750
1.795
1.784
1.681
1.735
1.717
2.017
2.151
2.103
0.523
0.726
0.683
1.762
1.848
1.806
0.628
0.708
0.682
1.824
1.838
1.827
1.742
1.783
1.785
0.775
0.812
0.786
1.507
1.630
1.583
1.226
1.278
1.279
2.384
2.402
2.425
0.622
0.638
0.645
0.709
0.767
0.752
2.072
2.107
2.073
0.627
0.661
0.634
1.556
1.576
1.576
1.498
1.506
1.497
0.386
0.448
0.429
1.138
1.159
1.133
0.868
0.977
0.952
1.129
1.135
1.121
2.641
2.679
2.735
2.027
1.980
2.021
1.475
1.485
1.494
1.198
1.231
1.223
1.130
1.131
1.117
0.994
1.026
1.012
0.854
1.095
1.326
2.032
2.066
2.138
1.998
2.142
2.072
0.795
0.843
0.860
0.883
0.988
0.961
1.029
1.026
0.963
1.893
1.896
1.916
1.627
1.602
1.553
2.503
2.467
2.544
0.730
0.739
0.756
0.838
0.865
0.873
0.912
0.991
0.941
1.745
1.789
1.752
0.826
0.872
0.894
0.726
0.788
0.744
1.395
1.373
1.385
0.702
0.732
0.655
1.644
1.649
1.687
0.957
0.970
0.985
0.537
0.604
0.578
1.003
1.048
1.099
1.055
1.076
1.059
2.153
2.143
2.160
1.827
1.911
1.998
1.399
1.272
1.457
1.228
1.181
1.221
1.632
1.689
1.674
0.714
0.753
0.779
1.688
1.822
1.816
1.300
1.350
1.359
1.356
1.347
1.388
0.741
0.766
0.769
0.484
0.606
0.630
2.415
2.394
2.371
1.531
1.530
1.552
1.961
1.956
1.929
2.565
2.595
2.576
1.585
1.536
1.578
4.213
4.141
4.209
1.096
1.106
1.111
0.781
1.015
1.228
2.260
2.189
2.275
0.458
0.516
0.554
2.742
2.714
2.685
0.983
1.031
1.023
0.488
0.525
0.525
0.739
0.768
0.766
3.379
3.343
3.384
1.756
1.742
1.775
1.382
1.415
1.426
1.338
1.460
1.495
1.525
1.506
1.547
1.349
1.323
1.333
0.848
0.824
0.922
0.770
0.790
0.782
1.310
1.341
1.360
1.146
1.219
1.194
0.607
0.636
0.607
0.607
0.632
0.653
1.640
1.591
1.671
1.443
1.488
1.450
1.108
1.160
1.184
1.366
1.364
1.379
1.792
1.804
1.831
0.755
0.820
0.836
1.049
1.095
1.098
0.572
0.637
0.611
0.786
0.795
0.812
1.376
1.402
1.416
1.625
1.641
1.646
0.934
0.945
0.895
0.572
0.637
0.611
2.020
1.988
1.993
0.550
0.611
0.586
0.550
0.611
0.586
0.550
0.611
0.586
1.641
1.577
1.628
0.550
0.611
0.586
1.172
1.180
1.192
0.981
0.959
0.992
0.495
0.591
0.583
0.572
0.637
0.611
0.648
0.690
0.674
0.785
0.843
0.811
1.463
1.474
1.443
0.720
0.765
0.750
2.892
2.858
2.875
0.550
0.611
0.586
0.810
0.916
0.886
1.277
1.283
1.282
1.699
1.708
1.711
0.790
0.841
0.826
1.371
1.477
1.395
0.876
0.964
0.916
1.882
1.904
1.900
3.812
3.874
3.856
0.562
0.619
0.625
0.697
0.806
0.769
0.568
0.637
0.623
0.736
0.777
0.778
0.388
0.460
0.440
0.669
0.790
0.787
1.185
1.193
1.235
1.142
1.101
1.167
2.238
2.266
2.248
1.319
1.353
1.358
1.943
1.986
1.940
0.544
0.604
0.584
2.135
2.093
2.116
2.076
2.031
2.059
2.342
2.364
2.351
1.450
1.478
1.473
1.672
1.612
1.710
1.828
1.851
1.861
1.181
1.265
1.219
1.392
1.396
1.355
2.213
2.219
2.248
1.141
1.122
1.124
2.519
2.559
2.540
0.959
1.043
1.001
1.815
1.849
1.904
1.335
1.346
1.351
1.509
1.517
1.522
1.357
1.292
1.371
1.366
1.382
1.372
0.745
0.815
0.781
1.334
1.505
1.537
0.691
0.713
0.711
1.830
1.877
1.856
1.531
1.538
1.527
1.314
1.344
1.362
1.194
1.180
1.194
1.844
1.849
1.845
1.946
2.002
1.954
1.167
1.187
1.185
1.525
1.558
1.534
1.061
1.068
1.073
0.438
0.508
0.495
1.425
1.508
1.492
0.469
0.490
0.507
1.367
1.481
1.469
2.359
2.479
2.505
1.321
1.296
1.315
1.484
1.454
1.459
1.410
1.364
1.385
0.568
0.637
0.623
1.383
1.457
1.418
0.754
0.782
0.775
0.331
0.353
0.372
0.944
0.922
0.967
0.510
0.560
0.538
0.336
0.384
0.368
0.397
0.443
0.427
0.629
0.674
0.655
0.961
0.964
0.976
1.184
1.212
1.181
1.307
1.223
1.303
1.013
1.007
1.028
0.398
0.438
0.423
1.603
1.588
1.544
1.696
1.638
1.704
0.856
0.958
0.931
0.546
0.631
0.579
0.995
1.010
1.004
1.280
1.315
1.294
1.310
1.305
1.306
0.178
0.362
0.351
1.934
1.933
1.973
1.994
2.010
2.196
0.340
0.386
0.372
1.894
1.951
1.888
2.682
2.698
2.726
0.598
0.594
0.644
1.070
1.156
1.120
1.252
1.239
1.298
1.252
1.239
1.298
1.918
1.929
1.949
0.784
0.895
0.840
1.621
1.620
1.619
0.667
0.673
0.635
1.255
1.278
1.302
0.759
0.754
0.767
0.826
0.843
0.847
0.576
0.654
0.622
0.439
0.517
0.535
1.629
1.659
1.669
1.049
1.101
1.082
1.515
1.694
1.580
0.695
0.734
0.718
1.972
1.988
1.985
1.809
1.848
1.814
0.764
0.847
0.869
1.481
1.459
1.471
0.781
0.813
0.837
1.840
1.991
1.903
1.229
1.222
1.263
1.359
1.345
1.360
1.616
1.626
1.610
0.654
0.692
0.680
0.699
0.737
0.722
1.456
1.513
1.543
1.490
1.492
1.553
0.699
0.737
0.722
0.654
0.692
0.680
0.755
0.782
0.759
0.695
0.734
0.718
0.930
0.957
0.953
0.703
0.829
0.783
1.591
1.555
1.602
1.741
1.747
1.738
0.699
0.737
0.722
1.225
1.265
1.250
1.082
1.098
1.115
0.821
0.787
0.825
0.699
0.737
0.722
1.166
1.163
1.164
1.423
1.556
1.462
1.570
1.555
1.539
1.175
1.182
1.184
1.025
1.109
1.086
1.421
1.455
1.496
1.503
1.480
1.509
1.158
1.195
1.181
1.583
1.637
1.715
1.593
1.592
1.633
1.465
1.537
1.493
2.550
2.589
2.567
3.341
3.364
3.438
1.437
1.518
1.529
1.394
1.400
1.379
0.885
0.885
0.889
1.139
1.133
1.226
2.691
2.753
2.731
0.486
0.473
0.510
1.967
2.002
2.075
1.526
1.556
1.558
1.912
1.902
1.900
2.374
2.371
2.490
2.487
2.497
2.528
1.609
1.642
1.633
2.410
2.398
2.450
1.200
1.192
1.210
0.612
0.667
0.668
2.864
2.912
2.916
0.883
0.903
0.858
1.231
1.247
1.232
2.976
2.962
2.975
1.789
1.799
1.805
1.425
1.409
1.421
1.096
1.141
1.120
1.313
1.362
1.373
0.613
0.696
0.671
0.613
0.645
0.671
1.939
1.881
1.909
1.051
1.019
1.030
1.350
1.368
1.375
0.753
0.802
0.783
1.069
1.079
1.091
1.670
1.691
1.680
0.803
0.795
0.817
0.699
0.737
0.722
0.699
0.737
0.722
0.644
0.683
0.670
1.152
1.091
1.161
1.700
1.702
1.726
1.314
1.382
1.444
1.594
1.636
1.643
0.815
0.783
0.838
0.708
0.738
0.723
0.840
0.900
0.886
0.558
0.651
0.630
1.005
1.049
1.061
0.977
1.025
1.027
0.764
0.803
0.786
0.862
0.914
0.891
1.437
1.572
1.491
0.996
1.047
1.044
0.621
0.703
0.675
1.651
1.715
1.689
1.035
1.074
1.036
1.035
1.156
1.097
0.773
0.812
0.794
0.773
0.799
0.798
1.277
1.424
1.308
1.347
1.357
1.346
0.746
0.761
0.788
0.568
0.609
0.594
0.773
0.880
0.848
0.484
0.607
0.576
1.420
1.499
1.498
1.059
1.025
1.042
0.819
0.831
0.830
1.379
1.407
1.448
0.467
0.699
0.645
0.932
0.995
0.960
0.675
0.661
0.677
0.470
0.501
0.515
0.851
0.951
0.949
0.400
0.418
0.428
0.437
0.517
0.473
0.835
0.831
0.832
1.813
1.792
1.793
0.410
0.433
0.455
1.292
1.276
1.282
0.752
0.799
0.809
0.632
0.703
0.717
0.866
0.922
0.930
1.473
1.610
1.624
1.369
1.322
1.390
1.317
1.379
1.344
2.393
2.387
2.392
1.752
1.782
1.710
1.909
1.879
1.847
0.321
0.363
0.348
1.818
1.795
1.815
0.923
0.935
0.939
1.586
1.617
1.609
1.232
1.293
1.258
1.566
1.573
1.579
1.295
1.286
1.270
1.100
1.163
1.145
0.843
0.919
0.891
0.390
0.430
0.416
0.936
0.976
0.950
0.390
0.430
0.416
0.381
0.430
0.413
0.390
0.430
0.416
1.975
1.954
1.973
1.587
1.596
1.585
2.226
2.131
2.261
0.469
0.510
0.496
0.716
0.729
0.745
1.657
1.634
1.647
0.470
0.499
0.544
0.762
0.849
0.878
1.151
1.222
1.215
0.884
1.044
1.009
1.715
1.754
1.739
2.456
2.422
2.483
1.044
1.185
1.239
1.697
1.770
1.727
1.102
1.120
1.122
0.933
1.016
0.985
3.057
3.101
3.048
1.376
1.454
1.483
0.927
1.419
1.417
0.618
0.705
0.674
1.273
1.311
1.248
0.797
0.799
0.822
1.901
1.937
1.920
1.110
1.158
1.156
1.001
1.046
1.054
1.515
1.563
1.537
1.678
1.654
1.652
1.816
1.868
1.870
0.663
0.715
0.766
0.699
0.717
0.720
1.087
1.173
1.159
1.489
1.494
1.487
2.595
2.573
2.633
1.059
1.081
1.075
1.729
1.798
1.840
1.716
1.722
1.692
0.954
1.043
1.014
1.185
1.127
1.218
1.744
1.781
1.781
1.915
1.916
1.950
0.957
1.280
1.065
0.645
0.713
0.676
2.116
2.090
2.112
0.941
0.939
0.978
1.449
1.545
1.480
0.972
0.975
0.966
1.059
1.298
1.176
1.440
1.517
1.596
0.914
0.926
0.999
1.227
1.176
1.241
1.077
1.170
1.153
1.954
2.016
1.959
0.385
0.430
0.412
0.695
0.637
0.692
0.907
0.938
0.929
1.284
1.335
1.279
2.541
2.535
2.554
1.113
1.158
1.152
0.700
0.902
0.912
1.117
1.112
1.120
1.900
1.898
1.894
1.027
1.068
1.046
0.385
0.430
0.412
1.610
1.686
1.676
1.479
1.496
1.516
0.987
1.026
1.033
1.910
1.805
1.954
0.706
0.727
0.737
1.545
1.573
1.527
0.162
0.246
0.246
1.405
1.477
1.463
0.984
1.055
1.061
0.399
0.441
0.426
1.931
1.931
1.955
1.892
1.934
1.908
0.536
0.611
0.558
1.161
1.207
1.204
1.003
1.004
1.080
0.336
0.351
0.387
0.675
0.785
0.763
1.734
1.730
1.761
0.680
0.687
0.688
1.489
1.490
1.508
0.808
0.857
0.882
1.405
1.356
1.361
2.831
2.814
2.824
1.435
1.479
1.402
1.226
1.207
1.218
0.429
0.475
0.456
2.310
2.237
2.359
1.538
1.543
1.552
1.043
1.006
1.064
1.287
1.313
1.389
1.334
1.378
1.346
1.018
1.066
1.088
1.472
1.535
1.535
0.644
0.698
0.678
2.034
1.999
2.049
1.119
1.179
1.194
1.610
1.544
1.629
1.035
1.177
1.148
1.698
1.749
1.776
2.111
2.104
2.110
2.032
2.032
2.038
1.822
1.836
1.830
1.059
1.158
1.154
0.968
1.137
1.074
2.041
1.977
2.022
2.578
2.531
2.507
0.908
1.050
0.981
0.958
1.057
1.049
1.574
1.598
1.606
0.456
0.470
0.475
1.001
1.092
1.084
0.934
0.970
1.015
2.893
2.860
2.876
2.364
2.342
2.390
1.380
1.410
1.402
1.477
1.454
1.491
1.497
1.548
1.519
1.847
1.875
1.859
0.763
0.767
0.790
1.820
1.875
1.813
1.030
1.063
1.036
1.634
1.757
1.730
1.605
1.653
1.616
1.953
1.954
1.984
0.737
0.757
0.765
0.607
0.786
0.702
0.606
0.700
0.711
0.783
0.793
0.824
1.224
1.244
1.251
0.673
0.719
0.713
1.827
1.726
1.811
1.677
1.706
1.694
1.460
1.495
1.494
0.780
0.857
0.848
1.368
1.401
1.563
2.144
2.113
2.179
0.749
0.804
0.798
0.273
0.628
0.628
1.616
1.618
1.633
0.910
0.991
0.955
1.125
1.217
1.204
1.074
1.085
1.078
1.599
1.906
1.652
1.323
1.340
1.334
1.243
1.358
1.252
1.690
1.640
1.676
1.467
1.510
1.508
2.100
2.086
2.111
1.017
1.146
1.024
1.032
1.101
1.084
1.097
1.195
1.199
1.065
1.071
1.061
0.463
0.477
0.480
0.600
0.627
0.619
1.822
1.829
1.837
0.804
0.837
0.746
1.846
1.904
1.889
2.768
2.781
2.820
1.583
1.594
1.587
0.814
0.852
0.833
1.544
1.566
1.586
3.135
3.123
3.122
1.165
1.201
1.227
1.697
1.731
1.709
2.153
2.093
2.140
1.112
1.157
1.143
1.261
1.313
1.311
1.489
1.511
1.510
1.104
1.102
1.111
1.712
1.760
1.791
1.158
1.154
1.129
1.327
1.365
1.347
2.047
2.076
2.090
1.923
1.898
1.925
1.769
1.788
1.788
1.113
1.104
1.102
1.614
1.582
1.595
1.079
1.187
1.087
1.432
1.440
1.436
0.876
1.078
0.967
0.914
1.066
1.076
0.451
0.693
0.539
0.825
0.878
0.845
0.997
1.003
1.056
1.152
1.205
1.139
3.340
3.300
3.331
2.488
2.509
2.498
2.593
2.539
2.599
1.912
1.903
1.937
1.356
1.530
1.330
1.576
1.581
1.600
2.158
2.113
2.153
0.570
0.540
0.583
1.365
1.355
1.411
2.286
2.231
2.307
1.477
1.428
1.466
