1.007
0.974
1.021
1.119
1.054
1.100
1.018
1.000
1.023
1.098
1.021
1.060
0.895
0.871
0.906
0.867
0.833
0.868
1.032
1.036
1.049
1.095
1.031
1.078
1.001
0.950
1.011
1.095
1.019
1.079
0.980
0.961
0.988
1.082
1.001
1.050
0.773
0.772
0.836
0.835
0.831
0.876
0.920
0.877
0.934
0.999
0.930
0.986
0.944
0.969
0.980
1.050
1.022
1.046
0.842
1.011
0.866
0.989
1.084
0.959
0.997
1.083
0.965
1.029
1.080
0.978
0.963
1.094
0.920
1.063
1.146
0.997
0.945
1.091
0.944
1.052
1.155
1.036
0.893
1.001
0.899
0.953
1.023
0.940
0.806
0.894
0.762
0.814
0.886
0.769
0.918
1.000
0.856
0.957
1.023
0.910
1.003
0.911
1.002
1.139
1.029
1.102
1.012
0.951
1.001
1.131
1.021
1.074
0.888
0.836
0.887
0.895
0.833
0.878
1.020
1.015
1.036
1.103
1.018
1.076
0.986
0.925
0.994
1.100
0.999
1.073
0.983
0.922
0.978
1.099
0.994
1.056
0.776
0.743
0.829
0.858
0.805
0.877
0.925
0.846
0.924
1.007
0.917
0.981
0.945
0.936
0.970
1.057
0.999
1.036
0.835
0.997
0.846
0.996
1.077
0.946
0.992
1.079
0.946
1.046
1.089
0.980
0.956
1.092
0.883
1.093
1.171
1.011
0.928
1.072
0.912
1.059
1.152
1.026
0.878
0.983
0.868
0.972
1.029
0.945
0.809
0.890
0.745
0.839
0.901
0.785
0.926
1.000
0.837
0.986
1.038
0.924
0.965
0.936
0.991
1.116
1.091
1.113
0.970
0.971
0.993
1.106
1.064
1.080
0.857
0.846
0.878
0.879
0.872
0.884
0.990
1.015
1.021
1.086
1.055
1.082
0.957
0.938
0.990
1.090
1.056
1.091
0.946
0.939
0.965
1.088
1.043
1.067
0.732
0.755
0.812
0.855
0.880
0.898
0.895
0.847
0.912
1.009
0.968
1.000
0.901
0.951
0.958
1.056
1.058
1.060
0.801
0.996
0.839
1.012
1.105
0.991
0.966
1.068
0.941
1.033
1.093
0.995
0.908
1.071
0.886
1.085
1.175
1.041
0.896
1.070
0.912
1.055
1.166
1.052
0.851
0.986
0.869
0.976
1.050
0.971
0.781
0.883
0.740
0.829
0.907
0.808
0.891
0.993
0.843
0.976
1.044
0.947
1.001
0.970
1.023
1.107
1.001
1.076
1.010
1.007
1.023
1.097
1.005
1.052
0.896
0.880
0.906
0.873
0.826
0.861
1.043
1.059
1.058
1.088
1.007
1.061
1.010
0.973
1.019
1.087
0.995
1.062
0.991
0.988
1.007
1.072
0.979
1.038
0.795
0.778
0.843
0.842
0.800
0.863
0.939
0.893
0.940
0.995
0.912
0.969
0.959
0.995
0.992
1.057
0.998
1.032
0.856
1.039
0.883
0.979
1.076
0.937
1.011
1.123
0.984
1.017
1.080
0.962
0.959
1.123
0.929
1.060
1.154
0.987
0.952
1.116
0.946
1.041
1.138
0.997
0.910
1.034
0.911
0.957
1.028
0.933
0.818
0.921
0.768
0.847
0.916
0.793
0.931
1.037
0.867
0.957
1.025
0.896
0.974
0.898
0.986
1.105
1.037
1.090
0.978
0.961
0.989
1.075
1.009
1.047
0.857
0.823
0.868
0.865
0.826
0.862
0.994
0.997
1.012
1.067
1.006
1.053
0.971
0.904
0.980
1.077
0.998
1.060
0.955
0.931
0.971
1.071
0.997
1.048
0.731
0.700
0.787
0.827
0.791
0.850
0.905
0.823
0.898
0.984
0.915
0.965
0.922
0.936
0.952
1.032
1.004
1.025
0.804
0.996
0.817
0.965
1.068
0.925
0.968
1.082
0.936
1.013
1.084
0.968
0.909
1.080
0.862
1.057
1.155
0.992
0.900
1.072
0.884
1.032
1.142
1.005
0.861
0.987
0.856
0.959
1.034
0.942
0.794
0.898
0.730
0.809
0.890
0.755
0.885
0.992
0.809
0.951
1.028
0.899
0.963
0.875
0.968
1.131
1.043
1.106
0.965
0.937
0.973
1.110
1.030
1.071
0.857
0.827
0.866
0.885
0.849
0.875
0.998
1.007
1.013
1.103
1.027
1.073
0.960
0.898
0.967
1.101
1.016
1.077
0.941
0.912
0.951
1.079
0.993
1.045
0.728
0.702
0.785
0.861
0.828
0.880
0.900
0.824
0.894
1.010
0.945
0.985
0.918
0.930
0.944
1.055
1.002
1.031
0.801
0.987
0.811
1.008
1.093
0.963
0.945
1.056
0.914
1.038
1.088
0.976
0.911
1.065
0.854
1.082
1.160
1.010
0.904
1.059
0.885
1.054
1.144
1.016
0.843
0.956
0.828
0.979
1.039
0.952
0.766
0.864
0.705
0.830
0.898
0.785
0.891
0.986
0.810
0.971
1.030
0.914
1.015
0.989
1.029
1.113
1.065
1.101
1.025
1.017
1.033
1.097
1.038
1.069
0.899
0.877
0.905
0.870
0.847
0.875
1.049
1.071
1.069
1.081
1.037
1.077
1.000
0.968
1.012
1.087
1.017
1.076
0.999
0.994
1.011
1.073
1.012
1.050
0.797
0.801
0.849
0.842
0.839
0.882
0.940
0.899
0.945
1.002
0.948
0.994
0.962
0.996
0.995
1.053
1.034
1.051
0.887
1.048
0.906
1.017
1.105
0.982
1.010
1.102
0.976
1.028
1.087
0.982
0.983
1.116
0.931
1.070
1.160
1.012
0.958
1.106
0.956
1.038
1.146
1.023
0.896
1.008
0.893
0.949
1.031
0.942
0.811
0.898
0.756
0.801
0.882
0.766
0.933
1.018
0.862
0.945
1.019
0.897
1.095
1.095
1.106
1.208
1.162
1.179
1.118
1.130
1.132
1.204
1.159
1.171
0.983
0.976
0.986
0.980
0.959
0.966
1.144
1.161
1.149
1.209
1.155
1.182
1.112
1.099
1.119
1.196
1.133
1.169
1.074
1.086
1.088
1.179
1.126
1.147
0.925
0.942
0.964
0.986
0.980
0.996
1.027
1.003
1.030
1.096
1.047
1.069
1.055
1.098
1.081
1.163
1.137
1.142
0.959
1.105
0.986
1.119
1.189
1.077
1.145
1.228
1.127
1.212
1.250
1.160
1.079
1.199
1.066
1.237
1.297
1.178
1.072
1.199
1.073
1.205
1.278
1.175
1.022
1.117
1.022
1.133
1.183
1.108
0.942
1.022
0.913
0.994
1.050
0.954
1.035
1.111
0.997
1.084
1.133
1.036
0.952
0.956
1.001
1.104
1.064
1.101
0.951
0.989
1.006
1.063
1.030
1.055
0.859
0.857
0.891
0.854
0.849
0.874
1.007
1.041
1.053
1.075
1.030
1.075
0.958
0.952
1.008
1.072
1.025
1.079
0.940
0.964
0.981
1.068
1.013
1.052
0.726
0.773
0.831
0.815
0.844
0.875
0.920
0.880
0.946
0.993
0.939
0.990
0.903
0.964
0.973
1.031
1.021
1.039
0.802
1.012
0.872
0.970
1.081
0.967
0.974
1.093
0.972
1.019
1.090
0.992
0.909
1.080
0.896
1.060
1.159
1.021
0.901
1.077
0.939
1.030
1.141
1.033
0.846
0.989
0.882
0.938
1.026
0.947
0.773
0.884
0.747
0.794
0.888
0.783
0.874
0.983
0.843
0.939
1.019
0.918
1.038
0.970
1.021
1.152
1.076
1.120
1.038
0.998
1.010
1.131
1.053
1.085
0.918
0.877
0.899
0.912
0.864
0.887
1.063
1.049
1.046
1.115
1.048
1.081
1.028
0.974
1.010
1.126
1.041
1.088
1.021
0.985
1.001
1.116
1.037
1.076
0.828
0.780
0.835
0.897
0.863
0.899
0.962
0.900
0.935
1.031
0.967
0.999
0.983
0.986
0.978
1.089
1.046
1.058
0.869
1.014
0.856
1.022
1.093
0.968
1.024
1.103
0.976
1.064
1.104
1.004
0.981
1.103
0.927
1.111
1.176
1.041
0.975
1.095
0.936
1.095
1.168
1.056
0.931
1.013
0.901
1.010
1.057
0.974
0.835
0.912
0.777
0.862
0.916
0.808
0.944
1.020
0.876
1.004
1.052
0.948
0.999
0.980
1.021
1.155
1.095
1.131
1.000
1.006
1.014
1.131
1.069
1.088
0.884
0.876
0.894
0.891
0.863
0.882
1.020
1.047
1.038
1.130
1.085
1.104
1.002
0.992
1.021
1.114
1.060
1.095
0.992
0.994
1.002
1.110
1.052
1.076
0.800
0.824
0.862
0.877
0.885
0.908
0.918
0.902
0.936
1.034
0.990
1.017
0.951
0.992
0.986
1.093
1.053
1.067
0.850
1.016
0.881
1.017
1.111
0.991
0.993
1.088
0.973
1.069
1.114
1.014
0.963
1.102
0.940
1.105
1.184
1.053
0.933
1.088
0.948
1.085
1.175
1.063
0.891
1.010
0.905
0.995
1.064
0.977
0.812
0.898
0.779
0.852
0.922
0.817
0.919
1.010
0.875
0.973
1.045
0.934
1.008
0.868
0.896
1.085
1.015
0.980
1.105
1.009
0.987
1.118
1.034
1.007
1.099
0.983
0.954
1.161
1.088
1.039
1.079
0.962
0.967
1.145
1.069
1.052
1.023
0.881
0.908
1.047
0.946
0.958
0.893
0.815
0.777
0.887
0.810
0.780
1.028
0.924
0.891
1.033
0.969
0.931
1.005
0.871
0.867
1.097
1.022
0.977
1.090
0.994
0.956
1.117
1.040
0.998
1.090
0.972
0.924
1.160
1.089
1.026
1.072
0.957
0.934
1.153
1.082
1.043
1.025
0.874
0.879
1.054
0.967
0.951
0.883
0.793
0.747
0.903
0.832
0.787
1.015
0.899
0.854
1.034
0.963
0.916
0.800
0.688
0.694
0.930
0.869
0.847
0.882
0.805
0.772
0.963
0.901
0.876
0.865
0.783
0.736
0.998
0.938
0.908
0.868
0.781
0.762
0.996
0.944
0.925
0.819
0.702
0.705
0.919
0.855
0.845
0.726
0.670
0.611
0.790
0.736
0.706
0.826
0.742
0.685
0.916
0.863
0.829
1.008
0.877
0.901
1.090
1.042
1.003
1.111
1.023
1.007
1.116
1.068
1.025
1.094
0.976
0.966
1.153
1.112
1.054
1.082
0.976
0.978
1.142
1.098
1.062
1.023
0.877
0.914
1.037
0.981
0.964
0.889
0.805
0.782
0.894
0.856
0.811
1.010
0.902
0.893
1.025
0.985
0.939
0.984
0.819
0.863
1.074
1.005
0.980
1.090
0.981
0.969
1.119
1.049
1.016
1.071
0.936
0.919
1.164
1.104
1.056
1.056
0.928
0.934
1.149
1.082
1.064
1.002
0.843
0.877
1.047
0.962
0.964
0.874
0.786
0.754
0.892
0.825
0.797
0.996
0.885
0.862
1.040
0.976
0.946
0.974
0.839
0.864
1.088
1.018
0.991
1.060
0.970
0.948
1.096
1.025
0.994
1.048
0.923
0.906
1.134
1.063
1.015
1.041
0.921
0.925
1.133
1.068
1.040
0.990
0.849
0.873
1.026
0.946
0.936
0.859
0.777
0.745
0.885
0.821
0.791
0.980
0.871
0.850
1.012
0.949
0.914
0.770
0.640
0.637
0.912
0.841
0.807
0.899
0.799
0.752
0.953
0.874
0.836
0.835
0.745
0.636
0.980
0.923
0.857
0.842
0.738
0.691
0.970
0.901
0.877
0.807
0.650
0.654
0.895
0.805
0.804
0.700
0.634
0.531
0.751
0.687
0.630
0.801
0.705
0.595
0.869
0.806
0.746
0.927
0.758
0.800
1.012
0.926
0.906
0.999
0.883
0.879
1.032
0.938
0.923
0.992
0.844
0.844
1.059
0.980
0.944
0.982
0.852
0.863
1.054
0.983
0.965
0.930
0.770
0.804
0.978
0.892
0.888
0.813
0.707
0.690
0.843
0.766
0.742
0.919
0.793
0.779
0.945
0.868
0.840
0.959
0.848
0.840
1.042
0.993
0.934
1.068
0.990
0.948
1.091
1.028
0.977
1.039
0.952
0.885
1.112
1.075
0.988
1.033
0.944
0.911
1.101
1.056
1.004
0.964
0.851
0.842
1.007
0.938
0.917
0.849
0.789
0.727
0.867
0.818
0.763
0.970
0.887
0.825
0.998
0.952
0.889
